10
S0034_G4989_R1_V 0.0000000 0.3729541 0.3840439 0.3754168 0.2796421 0.6642090 0.6593554 0.2609601 0.4357594 0.7585068 
S0009_G4989_R1_A 0.3729541 0.0000000 0.0175566 0.3357654 0.2397391 0.4659929 0.4723822 0.3681211 0.3625191 0.7351528 
S0010_G4989_R1_A 0.3840439 0.0175566 0.0000000 0.3463246 0.2425554 0.4587196 0.4650355 0.3708201 0.3736424 0.7498963 
S0008_G4989_R1_U 0.3754168 0.3357654 0.3463246 0.0000000 0.3124657 0.5463254 0.5510069 0.3992652 0.4172027 0.7063109 
S0014_G4989_R1_A 0.2796421 0.2397391 0.2425554 0.3124657 0.0000000 0.5330682 0.5353933 0.2767614 0.2602505 0.7067925 
S0039_G4989_R1_A 0.6642090 0.4659929 0.4587196 0.5463254 0.5330682 0.0000000 0.0126379 0.6574936 0.5648143 0.8835943 
S0051_G4989_R1_A 0.6593554 0.4723822 0.4650355 0.5510069 0.5353933 0.0126379 0.0000000 0.6413474 0.5659618 0.8691750 
S0015_G4989_R1_A 0.2609601 0.3681211 0.3708201 0.3992652 0.2767614 0.6574936 0.6413474 0.0000000 0.3600375 0.6621398 
S0027_G4989_R1_A 0.4357594 0.3625191 0.3736424 0.4172027 0.2602505 0.5648143 0.5659618 0.3600375 0.0000000 0.6838669 
S0003_G4989_R1_N 0.7585068 0.7351528 0.7498963 0.7063109 0.7067925 0.8835943 0.8691750 0.6621398 0.6838669 0.0000000 
