10
S0027_G5116_R1_A 0.0000000 0.1571364 0.2391597 0.2331720 0.7172202 0.2388967 0.2443220 0.1770578 0.3183079 0.3194232 
S0015_G5116_R1_A 0.1571364 0.0000000 0.2043637 0.2361591 0.7959285 0.2726925 0.2826436 0.1696972 0.4017453 0.4006963 
S0008_G5116_R1_A 0.2391597 0.2043637 0.0000000 0.1427325 0.7883311 0.2212167 0.2321695 0.2852271 0.5197572 0.5252386 
S0014_G5116_R1_A 0.2331720 0.2361591 0.1427325 0.0000000 0.8563288 0.2527108 0.2733944 0.2750743 0.4970805 0.5079222 
S0003_G5116_R1_N 0.7172202 0.7959285 0.7883311 0.8563288 0.0000000 0.7586744 0.7657290 0.7380183 0.8749632 0.8788404 
S0009_G5116_R1_U 0.2388967 0.2726925 0.2212167 0.2527108 0.7586744 0.0000000 0.0205806 0.3141864 0.4756577 0.4602648 
S0010_G5116_R1_V 0.2443220 0.2826436 0.2321695 0.2733944 0.7657290 0.0205806 0.0000000 0.3223187 0.4875316 0.4752541 
S0034_G5116_R1_A 0.1770578 0.1696972 0.2852271 0.2750743 0.7380183 0.3141864 0.3223187 0.0000000 0.4372280 0.4418602 
S0039_G5116_R1_U 0.3183079 0.4017453 0.5197572 0.4970805 0.8749632 0.4756577 0.4875316 0.4372280 0.0000000 0.0406988 
S0051_G5116_R1_A 0.3194232 0.4006963 0.5252386 0.5079222 0.8788404 0.4602648 0.4752541 0.4418602 0.0406988 0.0000000 
