10
S0039_G5138_R1_A 0.0000000 0.0121614 0.4689462 0.5168364 0.3986197 0.3999500 0.4454322 0.4943673 0.4527390 0.9505815 
S0051_G5138_R1_A 0.0121614 0.0000000 0.4701995 0.5184294 0.3956220 0.3969617 0.4458865 0.4976746 0.4524874 0.9319845 
S0015_G5138_R1_A 0.4689462 0.4701995 0.0000000 0.2112069 0.3238809 0.3251906 0.2216848 0.2861958 0.2653271 0.8545794 
S0034_G5138_R1_V 0.5168364 0.5184294 0.2112069 0.0000000 0.3304899 0.3318275 0.2309656 0.2856725 0.2732893 0.8353884 
S0009_G5138_R1_A 0.3986197 0.3956220 0.3238809 0.3304899 0.0000000 0.0024840 0.2777745 0.2901017 0.2724025 0.8529547 
S0010_G5138_R1_A 0.3999500 0.3969617 0.3251906 0.3318275 0.0024840 0.0000000 0.2781597 0.2914802 0.2730800 0.8542143 
S0008_G5138_R1_U 0.4454322 0.4458865 0.2216848 0.2309656 0.2777745 0.2781597 0.0000000 0.2193016 0.2250888 0.7035518 
S0014_G5138_R1_A 0.4943673 0.4976746 0.2861958 0.2856725 0.2901017 0.2914802 0.2193016 0.0000000 0.1743192 0.7624854 
S0027_G5138_R1_A 0.4527390 0.4524874 0.2653271 0.2732893 0.2724025 0.2730800 0.2250888 0.1743192 0.0000000 0.8259006 
S0003_G5138_R1_N 0.9505815 0.9319845 0.8545794 0.8353884 0.8529547 0.8542143 0.7035518 0.7624854 0.8259006 0.0000000 
