10
S0051_G5280_R1_A 0.0000000 0.0287624 0.5975719 0.5930040 0.6308762 0.6884970 0.6751498 0.5995700 0.7149245 0.8202626 
S0039_G5280_R1_A 0.0287624 0.0000000 0.5771811 0.5705842 0.6314891 0.6844690 0.6613388 0.5797403 0.6947638 0.7885609 
S0034_G5280_R1_A 0.5975719 0.5771811 0.0000000 0.1570873 0.2172151 0.3419012 0.2654207 0.2742658 0.3265671 0.7989424 
S0015_G5280_R1_A 0.5930040 0.5705842 0.1570873 0.0000000 0.2026335 0.3222929 0.2536359 0.2755325 0.3105811 0.8220428 
S0008_G5280_R1_A 0.6308762 0.6314891 0.2172151 0.2026335 0.0000000 0.2950710 0.2023015 0.2193649 0.2524451 0.7605504 
S0010_G5280_R1_V 0.6884970 0.6844690 0.3419012 0.3222929 0.2950710 0.0000000 0.2841172 0.3103205 0.2384001 0.7874017 
S0014_G5280_R1_A 0.6751498 0.6613388 0.2654207 0.2536359 0.2023015 0.2841172 0.0000000 0.2247479 0.2738289 0.8503893 
S0027_G5280_R1_A 0.5995700 0.5797403 0.2742658 0.2755325 0.2193649 0.3103205 0.2247479 0.0000000 0.2983266 0.7821309 
S0009_G5280_R1_U 0.7149245 0.6947638 0.3265671 0.3105811 0.2524451 0.2384001 0.2738289 0.2983266 0.0000000 0.7685706 
S0003_G5280_R1_N 0.8202626 0.7885609 0.7989424 0.8220428 0.7605504 0.7874017 0.8503893 0.7821309 0.7685706 0.0000000 
