10
S0027_G5339_R1_A 0.0000000 0.1294957 0.3062162 0.3110181 0.2748305 0.2893280 0.2128548 0.2869566 0.2863715 0.8420664 
S0014_G5339_R1_A 0.1294957 0.0000000 0.3138083 0.3195840 0.2599009 0.3034815 0.2240035 0.2846343 0.2842100 0.8494272 
S0051_G5339_R1_A 0.3062162 0.3138083 0.0000000 0.0162434 0.3631241 0.4945466 0.4062983 0.4256067 0.3729809 0.8833762 
S0039_G5339_R1_A 0.3110181 0.3195840 0.0162434 0.0000000 0.3655331 0.4955269 0.4190258 0.4392576 0.3787545 0.9037860 
S0009_G5339_R1_U 0.2748305 0.2599009 0.3631241 0.3655331 0.0000000 0.4051281 0.3338438 0.3869804 0.2172338 0.8453355 
S0015_G5339_R1_A 0.2893280 0.3034815 0.4945466 0.4955269 0.4051281 0.0000000 0.1820772 0.2356443 0.4003518 0.8878733 
S0008_G5339_R1_A 0.2128548 0.2240035 0.4062983 0.4190258 0.3338438 0.1820772 0.0000000 0.2846539 0.3640828 0.7987679 
S0034_G5339_R1_A 0.2869566 0.2846343 0.4256067 0.4392576 0.3869804 0.2356443 0.2846539 0.0000000 0.3933199 0.9000793 
S0010_G5339_R1_V 0.2863715 0.2842100 0.3729809 0.3787545 0.2172338 0.4003518 0.3640828 0.3933199 0.0000000 0.8502073 
S0003_G5339_R1_N 0.8420664 0.8494272 0.8833762 0.9037860 0.8453355 0.8878733 0.7987679 0.9000793 0.8502073 0.0000000 
