8
S0034_G5366_R1_A 0.0000000 0.1299777 0.2268434 0.2296246 0.3079154 0.2890038 0.2853363 0.9499980 
S0015_G5366_R1_U 0.1299777 0.0000000 0.2114348 0.2254424 0.2893968 0.2715373 0.2716145 0.9280044 
S0027_G5366_R1_A 0.2268434 0.2114348 0.0000000 0.2644790 0.3111951 0.2908487 0.3033112 1.0622137 
S0008_G5366_R1_A 0.2296246 0.2254424 0.2644790 0.0000000 0.1516713 0.1967392 0.1845299 0.9204777 
S0014_G5366_R1_A 0.3079154 0.2893968 0.3111951 0.1516713 0.0000000 0.2456596 0.2300393 1.0215959 
S0039_G5366_R1_A 0.2890038 0.2715373 0.2908487 0.1967392 0.2456596 0.0000000 0.0268145 0.8908096 
S0051_G5366_R1_A 0.2853363 0.2716145 0.3033112 0.1845299 0.2300393 0.0268145 0.0000000 0.9328051 
S0003_G5366_R1_N 0.9499980 0.9280044 1.0622137 0.9204777 1.0215959 0.8908096 0.9328051 0.0000000 
