10
S0034_G5596_R1_A 0.0000000 0.6336743 0.8820289 0.8912303 0.9170538 0.8368382 0.9334432 0.8996155 0.8996155 0.9243401 
S0014_G5596_R1_A 0.6336743 0.0000000 0.8906350 0.8927966 0.8018564 0.7471542 0.8040685 0.8570574 0.8533539 0.9561493 
S0039_G5596_R1_A 0.8820289 0.8906350 0.0000000 0.0067163 0.4487328 0.5443625 0.4944923 0.4298515 0.4311279 0.9033094 
S0051_G5596_R1_A 0.8912303 0.8927966 0.0067163 0.0000000 0.4429982 0.5342460 0.4884479 0.4271739 0.4284489 0.9007667 
S0027_G5596_R1_A 0.9170538 0.8018564 0.4487328 0.4429982 0.0000000 0.2547547 0.1689475 0.2066849 0.2060778 0.9101872 
S0008_G5596_R1_A 0.8368382 0.7471542 0.5443625 0.5342460 0.2547547 0.0000000 0.2928370 0.3163792 0.3155687 0.8623808 
S0015_G5596_R1_A 0.9334432 0.8040685 0.4944923 0.4884479 0.1689475 0.2928370 0.0000000 0.2714584 0.2718835 0.9082364 
S0009_G5596_R1_A 0.8996155 0.8570574 0.4298515 0.4271739 0.2066849 0.3163792 0.2714584 0.0000000 0.0026109 0.9137240 
S0010_G5596_R1_A 0.8996155 0.8533539 0.4311279 0.4284489 0.2060778 0.3155687 0.2718835 0.0026109 0.0000000 0.9149503 
S0003_G5596_R1_N 0.9243401 0.9561493 0.9033094 0.9007667 0.9101872 0.8623808 0.9082364 0.9137240 0.9149503 0.0000000 
