10
S0003_G5721_R1_N 0.0000000 1.4391070 1.4163918 1.3265116 1.2763085 1.3557907 1.4408453 1.4599530 1.3799600 1.3426826 
S0010_G5721_R1_A 1.4391070 0.0000000 0.0424960 0.2473872 0.2526047 0.2541619 0.4046530 0.2596966 0.6540941 0.6848839 
S0009_G5721_R1_A 1.4163918 0.0424960 0.0000000 0.2315711 0.2629272 0.2454206 0.3809987 0.2452305 0.7095882 0.7506206 
S0014_G5721_R1_A 1.3265116 0.2473872 0.2315711 0.0000000 0.2530016 0.1973036 0.3077019 0.1840369 0.8142248 0.8342588 
S0034_G5721_R1_A 1.2763085 0.2526047 0.2629272 0.2530016 0.0000000 0.1857960 0.4003630 0.2495844 0.8877410 0.9246124 
S0015_G5721_R1_A 1.3557907 0.2541619 0.2454206 0.1973036 0.1857960 0.0000000 0.3267697 0.1883541 0.8060355 0.8344177 
S0027_G5721_R1_A 1.4408453 0.4046530 0.3809987 0.3077019 0.4003630 0.3267697 0.0000000 0.3374563 0.7287081 0.7253226 
S0008_G5721_R1_A 1.4599530 0.2596966 0.2452305 0.1840369 0.2495844 0.1883541 0.3374563 0.0000000 0.8218342 0.8330418 
S0051_G5721_R1_A 1.3799600 0.6540941 0.7095882 0.8142248 0.8877410 0.8060355 0.7287081 0.8218342 0.0000000 0.0358704 
S0039_G5721_R1_A 1.3426826 0.6848839 0.7506206 0.8342588 0.9246124 0.8344177 0.7253226 0.8330418 0.0358704 0.0000000 
