10
S0039_G5849_R1_A 0.0000000 0.0157334 0.5018607 0.5504179 0.6269712 0.6694924 0.6085637 0.5496376 0.6017556 1.1122325 
S0051_G5849_R1_A 0.0157334 0.0000000 0.5138875 0.5581640 0.6355382 0.6778461 0.6251904 0.5615005 0.6142304 1.1114077 
S0010_G5849_R1_V 0.5018607 0.5138875 0.0000000 0.1212474 0.3235382 0.3425735 0.3895417 0.2916822 0.3693701 0.9397045 
S0009_G5849_R1_U 0.5504179 0.5581640 0.1212474 0.0000000 0.3075683 0.3252646 0.4079222 0.2730814 0.3684400 0.9273878 
S0027_G5849_R1_A 0.6269712 0.6355382 0.3235382 0.3075683 0.0000000 0.1886455 0.3364496 0.2389635 0.3086543 0.9458057 
S0014_G5849_R1_A 0.6694924 0.6778461 0.3425735 0.3252646 0.1886455 0.0000000 0.3512790 0.2540182 0.3203446 0.9421399 
S0034_G5849_R1_A 0.6085637 0.6251904 0.3895417 0.4079222 0.3364496 0.3512790 0.0000000 0.2126515 0.1569100 1.1248507 
S0008_G5849_R1_A 0.5496376 0.5615005 0.2916822 0.2730814 0.2389635 0.2540182 0.2126515 0.0000000 0.1756987 0.9719264 
S0015_G5849_R1_A 0.6017556 0.6142304 0.3693701 0.3684400 0.3086543 0.3203446 0.1569100 0.1756987 0.0000000 1.0670550 
S0003_G5849_R1_N 1.1122325 1.1114077 0.9397045 0.9273878 0.9458057 0.9421399 1.1248507 0.9719264 1.0670550 0.0000000 
