10
S0039_G5857_R1_U 0.0000000 0.1733072 0.7552118 0.6914510 0.5913343 0.7990828 0.7137347 0.6827302 0.6927722 1.4809032 
S0051_G5857_R1_V 0.1733072 0.0000000 0.7454993 0.7237278 0.6396340 0.7621661 0.7179481 0.7374838 0.7444460 1.4831749 
S0008_G5857_R1_A 0.7552118 0.7454993 0.0000000 0.3000849 0.1983128 0.3165120 0.1886283 0.5333443 0.5387961 1.3677555 
S0015_G5857_R1_A 0.6914510 0.7237278 0.3000849 0.0000000 0.3189539 0.2271884 0.3257539 0.5787103 0.5843096 1.3512880 
S0027_G5857_R1_A 0.5913343 0.6396340 0.1983128 0.3189539 0.0000000 0.3389520 0.2106415 0.4410944 0.4459463 1.2840164 
S0034_G5857_R1_A 0.7990828 0.7621661 0.3165120 0.2271884 0.3389520 0.0000000 0.3496394 0.6053258 0.6089958 1.3542358 
S0014_G5857_R1_A 0.7137347 0.7179481 0.1886283 0.3257539 0.2106415 0.3496394 0.0000000 0.5418560 0.5448237 1.2625365 
S0010_G5857_R1_A 0.6827302 0.7374838 0.5333443 0.5787103 0.4410944 0.6053258 0.5418560 0.0000000 0.0057426 1.3543951 
S0009_G5857_R1_A 0.6927722 0.7444460 0.5387961 0.5843096 0.4459463 0.6089958 0.5448237 0.0057426 0.0000000 1.3322166 
S0003_G5857_R1_N 1.4809032 1.4831749 1.3677555 1.3512880 1.2840164 1.3542358 1.2625365 1.3543951 1.3322166 0.0000000 
