10
S0051_G5866_R1_A 0.0000000 0.0138722 0.4699992 0.4470657 0.5230062 0.4934725 0.5274822 0.4398145 0.4500990 0.8748932 
S0039_G5866_R1_A 0.0138722 0.0000000 0.5200951 0.4755908 0.5593179 0.5178164 0.5755764 0.4825143 0.4872641 0.9176175 
S0014_G5866_R1_A 0.4699992 0.5200951 0.0000000 0.1660189 0.2215309 0.1451030 0.2188379 0.1876125 0.1957628 1.0413665 
S0027_G5866_R1_A 0.4470657 0.4755908 0.1660189 0.0000000 0.2534318 0.1928578 0.2425672 0.2147396 0.2262628 0.9626366 
S0034_G5866_R1_A 0.5230062 0.5593179 0.2215309 0.2534318 0.0000000 0.1685932 0.1500489 0.2547521 0.2737918 0.9673234 
S0008_G5866_R1_A 0.4934725 0.5178164 0.1451030 0.1928578 0.1685932 0.0000000 0.1647923 0.1838302 0.1949674 1.0134316 
S0015_G5866_R1_A 0.5274822 0.5755764 0.2188379 0.2425672 0.1500489 0.1647923 0.0000000 0.2528838 0.2673480 1.0883689 
S0009_G5866_R1_A 0.4398145 0.4825143 0.1876125 0.2147396 0.2547521 0.1838302 0.2528838 0.0000000 0.0347143 0.9233995 
S0010_G5866_R1_A 0.4500990 0.4872641 0.1957628 0.2262628 0.2737918 0.1949674 0.2673480 0.0347143 0.0000000 0.9260696 
S0003_G5866_R1_N 0.8748932 0.9176175 1.0413665 0.9626366 0.9673234 1.0134316 1.0883689 0.9233995 0.9260696 0.0000000 
