10
S0008_G5899_R1_A 0.0000000 0.4383198 0.4244685 0.4244685 0.4999244 0.3707374 0.3959609 0.3981369 1.0637542 0.9720783 
S0014_G5899_R1_A 0.4383198 0.0000000 0.6315403 0.6315403 0.6990405 0.5429833 0.5865120 0.6454914 1.0806779 1.0483407 
S0009_G5899_R1_A 0.4244685 0.6315403 0.0000000 0.0000010 0.1378800 0.3565163 0.3876737 0.3626082 1.0205270 0.8518596 
S0010_G5899_R1_A 0.4244685 0.6315403 0.0000010 0.0000000 0.1378800 0.3565163 0.3876737 0.3626082 1.0205270 0.8518596 
S0051_G5899_R1_A 0.4999244 0.6990405 0.1378800 0.1378800 0.0000000 0.4892077 0.5275160 0.5018276 1.0792515 0.8615776 
S0015_G5899_R1_A 0.3707374 0.5429833 0.3565163 0.3565163 0.4892077 0.0000000 0.2136575 0.3920876 0.9653332 0.8617174 
S0034_G5899_R1_A 0.3959609 0.5865120 0.3876737 0.3876737 0.5275160 0.2136575 0.0000000 0.4082696 1.0022782 0.9080300 
S0027_G5899_R1_U 0.3981369 0.6454914 0.3626082 0.3626082 0.5018276 0.3920876 0.4082696 0.0000000 1.0098744 1.0027395 
S0003_G5899_R1_N 1.0637542 1.0806779 1.0205270 1.0205270 1.0792515 0.9653332 1.0022782 1.0098744 0.0000000 1.2396570 
S0039_G5899_R1_A 0.9720783 1.0483407 0.8518596 0.8518596 0.8615776 0.8617174 0.9080300 1.0027395 1.2396570 0.0000000 
