10
S0039_G5892_R1_A 0.0000000 0.0148873 0.3910438 0.4064643 0.4814712 0.3821493 0.4628558 0.4635981 0.4043250 1.2309124 
S0051_G5892_R1_A 0.0148873 0.0000000 0.3874955 0.3984705 0.4748964 0.3842118 0.4548619 0.4534305 0.3995040 1.2133174 
S0010_G5892_R1_A 0.3910438 0.3874955 0.0000000 0.2563379 0.3377014 0.0768317 0.3053910 0.2912654 0.2520927 1.0178461 
S0014_G5892_R1_A 0.4064643 0.3984705 0.2563379 0.0000000 0.2597788 0.2560924 0.2370686 0.2235313 0.1862204 1.1921137 
S0034_G5892_R1_A 0.4814712 0.4748964 0.3377014 0.2597788 0.0000000 0.3432395 0.1878152 0.2849454 0.2426036 1.1953668 
S0009_G5892_R1_A 0.3821493 0.3842118 0.0768317 0.2560924 0.3432395 0.0000000 0.3089977 0.3036921 0.2610007 1.0785929 
S0015_G5892_R1_A 0.4628558 0.4548619 0.3053910 0.2370686 0.1878152 0.3089977 0.0000000 0.2732482 0.2128224 1.1904572 
S0027_G5892_R1_A 0.4635981 0.4534305 0.2912654 0.2235313 0.2849454 0.3036921 0.2732482 0.0000000 0.2120465 1.1839174 
S0008_G5892_R1_A 0.4043250 0.3995040 0.2520927 0.1862204 0.2426036 0.2610007 0.2128224 0.2120465 0.0000000 1.1296091 
S0003_G5892_R1_N 1.2309124 1.2133174 1.0178461 1.1921137 1.1953668 1.0785929 1.1904572 1.1839174 1.1296091 0.0000000 
