10
S0015_G5949_R1_A 0.0000000 0.2212108 0.2159899 0.2913018 0.2935016 0.3303573 0.3451202 0.6085455 0.6237766 1.2628687 
S0008_G5949_R1_A 0.2212108 0.0000000 0.2513173 0.2811043 0.2832694 0.2974914 0.3138927 0.6894634 0.7100681 1.1768862 
S0034_G5949_R1_A 0.2159899 0.2513173 0.0000000 0.3302533 0.3323131 0.3538086 0.4149831 0.7489255 0.7707476 1.3518790 
S0009_G5949_R1_A 0.2913018 0.2811043 0.3302533 0.0000000 0.0058069 0.3249945 0.3354875 0.3851472 0.3949685 0.9736420 
S0010_G5949_R1_A 0.2935016 0.2832694 0.3323131 0.0058069 0.0000000 0.3248821 0.3367213 0.3826561 0.3888136 0.9715307 
S0014_G5949_R1_U 0.3303573 0.2974914 0.3538086 0.3249945 0.3248821 0.0000000 0.2985779 0.6932508 0.7180961 1.2685918 
S0027_G5949_R1_A 0.3451202 0.3138927 0.4149831 0.3354875 0.3367213 0.2985779 0.0000000 0.7348714 0.7462188 1.1613966 
S0051_G5949_R1_A 0.6085455 0.6894634 0.7489255 0.3851472 0.3826561 0.6932508 0.7348714 0.0000000 0.0291867 1.0345591 
S0039_G5949_R1_A 0.6237766 0.7100681 0.7707476 0.3949685 0.3888136 0.7180961 0.7462188 0.0291867 0.0000000 1.0448052 
S0003_G5949_R1_N 1.2628687 1.1768862 1.3518790 0.9736420 0.9715307 1.2685918 1.1613966 1.0345591 1.0448052 0.0000000 
