10
S0039_G6016_R1_U 0.0000000 0.2249423 0.9827977 0.9976626 0.9532269 1.0144256 1.1112447 1.0528197 0.8597830 1.0774351 
S0051_G6016_R1_V 0.2249423 0.0000000 0.8035050 0.8081153 0.7934533 0.8131770 0.8942866 0.8675406 0.7386112 1.3285582 
S0010_G6016_R1_A 0.9827977 0.8035050 0.0000000 0.0194303 0.1931343 0.2080131 0.2118655 0.1984850 0.2319131 1.1379723 
S0009_G6016_R1_U 0.9976626 0.8081153 0.0194303 0.0000000 0.1887928 0.2014378 0.2056893 0.1938677 0.2254280 1.1649162 
S0014_G6016_R1_A 0.9532269 0.7934533 0.1931343 0.1887928 0.0000000 0.1386368 0.1482007 0.1268732 0.1342770 1.0800385 
S0015_G6016_R1_A 1.0144256 0.8131770 0.2080131 0.2014378 0.1386368 0.0000000 0.0933553 0.1143077 0.1731800 1.1707160 
S0034_G6016_R1_A 1.1112447 0.8942866 0.2118655 0.2056893 0.1482007 0.0933553 0.0000000 0.1316182 0.1886594 1.1657961 
S0008_G6016_R1_A 1.0528197 0.8675406 0.1984850 0.1938677 0.1268732 0.1143077 0.1316182 0.0000000 0.1597267 1.1056989 
S0027_G6016_R1_A 0.8597830 0.7386112 0.2319131 0.2254280 0.1342770 0.1731800 0.1886594 0.1597267 0.0000000 1.1247180 
S0003_G6016_R1_N 1.0774351 1.3285582 1.1379723 1.1649162 1.0800385 1.1707160 1.1657961 1.1056989 1.1247180 0.0000000 
