10
S0008_G6164_R1_A 0.0000000 0.2922176 0.2813418 0.3709444 0.2647203 0.4312073 0.4287436 1.0018816 0.9933522 1.0183088 
S0015_G6164_R1_A 0.2922176 0.0000000 0.1765307 0.3337694 0.2696535 0.4067715 0.4030826 0.9189120 0.9141095 1.0340984 
S0034_G6164_R1_A 0.2813418 0.1765307 0.0000000 0.3937492 0.2928511 0.4429270 0.4498609 0.8952671 0.8756000 1.1182105 
S0027_G6164_R1_A 0.3709444 0.3337694 0.3937492 0.0000000 0.1912100 0.3814778 0.3651835 0.7978323 0.8087504 1.3142664 
S0014_G6164_R1_A 0.2647203 0.2696535 0.2928511 0.1912100 0.0000000 0.2783536 0.2859441 0.6770638 0.6781204 0.9036387 
S0010_G6164_R1_A 0.4312073 0.4067715 0.4429270 0.3814778 0.2783536 0.0000000 0.0836023 0.7294496 0.7520562 1.2132139 
S0009_G6164_R1_A 0.4287436 0.4030826 0.4498609 0.3651835 0.2859441 0.0836023 0.0000000 0.8281664 0.8352767 1.1073718 
S0051_G6164_R1_A 1.0018816 0.9189120 0.8952671 0.7978323 0.6770638 0.7294496 0.8281664 0.0000000 0.0201202 1.4787619 
S0039_G6164_R1_A 0.9933522 0.9141095 0.8756000 0.8087504 0.6781204 0.7520562 0.8352767 0.0201202 0.0000000 1.4045219 
S0003_G6164_R1_N 1.0183088 1.0340984 1.1182105 1.3142664 0.9036387 1.2132139 1.1073718 1.4787619 1.4045219 0.0000000 
