10
S0034_G6405_R1_A 0.0000000 0.1649575 0.3232283 0.2519028 0.5361404 0.5494867 0.8889299 0.4002877 0.5128442 0.5236403 
S0015_G6405_R1_A 0.1649575 0.0000000 0.3034913 0.2408276 0.5883020 0.6037659 0.9363709 0.3822312 0.4988059 0.5130218 
S0014_G6405_R1_U 0.3232283 0.3034913 0.0000000 0.2236386 0.6189584 0.6313266 0.9279647 0.3382834 0.4429760 0.4497120 
S0008_G6405_R1_A 0.2519028 0.2408276 0.2236386 0.0000000 0.6444580 0.6581124 0.8633987 0.2445581 0.4293239 0.4462266 
S0039_G6405_R1_A 0.5361404 0.5883020 0.6189584 0.6444580 0.0000000 0.0161412 0.9263054 0.7646002 0.6246655 0.6296630 
S0051_G6405_R1_A 0.5494867 0.6037659 0.6313266 0.6581124 0.0161412 0.0000000 0.9120826 0.7718970 0.6379200 0.6352757 
S0003_G6405_R1_N 0.8889299 0.9363709 0.9279647 0.8633987 0.9263054 0.9120826 0.0000000 0.8854754 0.8048375 0.8086260 
S0027_G6405_R1_A 0.4002877 0.3822312 0.3382834 0.2445581 0.7646002 0.7718970 0.8854754 0.0000000 0.4229275 0.4271870 
S0009_G6405_R1_A 0.5128442 0.4988059 0.4429760 0.4293239 0.6246655 0.6379200 0.8048375 0.4229275 0.0000000 0.0551392 
S0010_G6405_R1_A 0.5236403 0.5130218 0.4497120 0.4462266 0.6296630 0.6352757 0.8086260 0.4271870 0.0551392 0.0000000 
