10
S0034_G6487_R1_A 0.0000000 0.1514163 0.1675968 0.2065223 0.2093528 0.1711899 0.1647857 0.4555506 0.4723631 0.8098725 
S0008_G6487_R1_A 0.1514163 0.0000000 0.1473217 0.1743283 0.1743453 0.1853235 0.1357000 0.4148161 0.4313984 0.8047122 
S0027_G6487_R1_A 0.1675968 0.1473217 0.0000000 0.1695518 0.1692915 0.2072049 0.1094582 0.3774866 0.3901377 0.8067010 
S0010_G6487_R1_A 0.2065223 0.1743283 0.1695518 0.0000000 0.0020312 0.2572347 0.1590453 0.3387277 0.3559137 0.8058006 
S0009_G6487_R1_A 0.2093528 0.1743453 0.1692915 0.0020312 0.0000000 0.2580773 0.1586450 0.3397988 0.3570252 0.8064705 
S0015_G6487_R1_U 0.1711899 0.1853235 0.2072049 0.2572347 0.2580773 0.0000000 0.1922170 0.4400000 0.4546889 0.9433003 
S0014_G6487_R1_A 0.1647857 0.1357000 0.1094582 0.1590453 0.1586450 0.1922170 0.0000000 0.3585269 0.3695332 0.8024880 
S0051_G6487_R1_A 0.4555506 0.4148161 0.3774866 0.3387277 0.3397988 0.4400000 0.3585269 0.0000000 0.0165276 0.9678398 
S0039_G6487_R1_A 0.4723631 0.4313984 0.3901377 0.3559137 0.3570252 0.4546889 0.3695332 0.0165276 0.0000000 0.9879581 
S0003_G6487_R1_N 0.8098725 0.8047122 0.8067010 0.8058006 0.8064705 0.9433003 0.8024880 0.9678398 0.9879581 0.0000000 
