10
S0015_G7279_R1_A 0.0000000 0.1933000 0.2767397 0.2665152 0.3596457 0.3573492 0.2045720 0.4555701 0.4575757 0.9697912 
S0008_G7279_R1_A 0.1933000 0.0000000 0.2094058 0.1924041 0.2871008 0.2850792 0.2283499 0.4008575 0.3987017 0.9221434 
S0027_G7279_R1_U 0.2767397 0.2094058 0.0000000 0.2091079 0.3325259 0.3313126 0.3027990 0.4224812 0.4204887 0.9922133 
S0014_G7279_R1_U 0.2665152 0.1924041 0.2091079 0.0000000 0.3171775 0.3150699 0.2728368 0.4424550 0.4383012 0.9461761 
S0009_G7279_R1_A 0.3596457 0.2871008 0.3325259 0.3171775 0.0000000 0.0013635 0.3666824 0.3534626 0.3522228 1.0527205 
S0010_G7279_R1_A 0.3573492 0.2850792 0.3313126 0.3150699 0.0013635 0.0000000 0.3655278 0.3522876 0.3510531 1.0552411 
S0034_G7279_R1_A 0.2045720 0.2283499 0.3027990 0.2728368 0.3666824 0.3655278 0.0000000 0.4617250 0.4520703 0.8972776 
S0051_G7279_R1_A 0.4555701 0.4008575 0.4224812 0.4424550 0.3534626 0.3522876 0.4617250 0.0000000 0.0146704 1.0899539 
S0039_G7279_R1_A 0.4575757 0.3987017 0.4204887 0.4383012 0.3522228 0.3510531 0.4520703 0.0146704 0.0000000 1.0738854 
S0003_G7279_R1_N 0.9697912 0.9221434 0.9922133 0.9461761 1.0527205 1.0552411 0.8972776 1.0899539 1.0738854 0.0000000 
