22
S0012_G4603_R1_A 0.0000000 0.1547048 0.0874725 0.0879730 0.0793000 0.0715792 0.1257243 0.1264589 0.1381444 0.1386303 0.1152172 0.1335067 0.1261477 0.1509754 0.1682780 0.1501162 0.1672748 0.1437256 0.1363480 0.1302824 0.1518615 0.1478816 
S0005_G4603_R1_A 0.1547048 0.0000000 0.1408214 0.1571012 0.1423233 0.1259420 0.1914328 0.1885631 0.1979263 0.1882496 0.1796400 0.1878345 0.1903319 0.2131829 0.2223416 0.2182894 0.2139850 0.2101641 0.2005841 0.1864743 0.2192144 0.2185798 
S0026_G4603_R1_A 0.0874725 0.1408214 0.0000000 0.0785808 0.0648603 0.0602864 0.0980831 0.0955236 0.1081983 0.0949977 0.1006126 0.0877493 0.1109209 0.1210176 0.1359127 0.1210993 0.1336453 0.1364039 0.1094179 0.1106957 0.1278270 0.1238424 
S0037_G4603_R1_A 0.0879730 0.1571012 0.0785808 0.0000000 0.0876800 0.0714132 0.1116208 0.1138305 0.1171396 0.1158476 0.1110661 0.1131081 0.1051161 0.1211674 0.1138188 0.1002253 0.1319029 0.1375842 0.1153295 0.1165652 0.1455018 0.1478223 
S0022_G4603_R1_A 0.0793000 0.1423233 0.0648603 0.0876800 0.0000000 0.0596635 0.0714355 0.0614645 0.0732171 0.0699119 0.0755701 0.0725678 0.0581982 0.0795460 0.0863192 0.0714651 0.0903775 0.1003333 0.0807581 0.0767619 0.1068917 0.1066531 
S0016_G4603_R1_A 0.0715792 0.1259420 0.0602864 0.0714132 0.0596635 0.0000000 0.0878153 0.0881539 0.0915658 0.0925314 0.0865430 0.0865274 0.0813442 0.0989294 0.0974845 0.0836494 0.1069424 0.1234446 0.0927406 0.0945869 0.1264726 0.1291757 
S0019_G4603_R1_A 0.1257243 0.1914328 0.0980831 0.1116208 0.0714355 0.0878153 0.0000000 0.0748018 0.0821314 0.0828145 0.0808498 0.0788497 0.0742181 0.0957670 0.1119850 0.0994734 0.1085955 0.1125050 0.0981637 0.0914692 0.1227815 0.1231237 
S0020_G4603_R1_A 0.1264589 0.1885631 0.0955236 0.1138305 0.0614645 0.0881539 0.0748018 0.0000000 0.0533043 0.0752140 0.0816220 0.0670181 0.0662849 0.0642745 0.0930798 0.0809463 0.0876212 0.1019874 0.0870709 0.0857650 0.1017199 0.1035692 
S0036_G4603_R1_A 0.1381444 0.1979263 0.1081983 0.1171396 0.0732171 0.0915658 0.0821314 0.0533043 0.0000000 0.0785832 0.0841537 0.0741128 0.0771347 0.0703573 0.0993087 0.0923634 0.0951126 0.1111369 0.0961627 0.0978403 0.1138383 0.1175422 
S0021_G4603_R1_A 0.1386303 0.1882496 0.0949977 0.1158476 0.0699119 0.0925314 0.0828145 0.0752140 0.0785832 0.0000000 0.0784109 0.0544860 0.0709219 0.0835354 0.0961394 0.0794033 0.0957949 0.0995301 0.1071208 0.0947082 0.1168020 0.1164569 
S0046_G4603_R1_A 0.1152172 0.1796400 0.1006126 0.1110661 0.0755701 0.0865430 0.0808498 0.0816220 0.0841537 0.0784109 0.0000000 0.0727743 0.0872285 0.1007843 0.1078730 0.0952424 0.1078736 0.1154759 0.0975425 0.0947648 0.1214048 0.1245159 
S0028_G4603_R1_A 0.1335067 0.1878345 0.0877493 0.1131081 0.0725678 0.0865274 0.0788497 0.0670181 0.0741128 0.0544860 0.0727743 0.0000000 0.0721770 0.0812542 0.0929688 0.0771045 0.0926898 0.1027593 0.1013443 0.0928931 0.1104865 0.1134831 
S0030_G4603_R1_A 0.1261477 0.1903319 0.1109209 0.1051161 0.0581982 0.0813442 0.0742181 0.0662849 0.0771347 0.0709219 0.0872285 0.0721770 0.0000000 0.0773289 0.0910670 0.0782354 0.0870876 0.0975239 0.0953813 0.0858177 0.1168972 0.1198396 
S0011_G4603_R1_A 0.1509754 0.2131829 0.1210176 0.1211674 0.0795460 0.0989294 0.0957670 0.0642745 0.0703573 0.0835354 0.1007843 0.0812542 0.0773289 0.0000000 0.0940177 0.0847519 0.0967749 0.1074660 0.0997225 0.0952181 0.1282221 0.1266472 
S0018_G4603_R1_A 0.1682780 0.2223416 0.1359127 0.1138188 0.0863192 0.0974845 0.1119850 0.0930798 0.0993087 0.0961394 0.1078730 0.0929688 0.0910670 0.0940177 0.0000000 0.0526693 0.1146439 0.1132064 0.1326427 0.1020995 0.1430477 0.1445457 
S0031_G4603_R1_A 0.1501162 0.2182894 0.1210993 0.1002253 0.0714651 0.0836494 0.0994734 0.0809463 0.0923634 0.0794033 0.0952424 0.0771045 0.0782354 0.0847519 0.0526693 0.0000000 0.1008573 0.1005326 0.1184774 0.0907816 0.1343160 0.1346728 
S0017_G4603_R1_A 0.1672748 0.2139850 0.1336453 0.1319029 0.0903775 0.1069424 0.1085955 0.0876212 0.0951126 0.0957949 0.1078736 0.0926898 0.0870876 0.0967749 0.1146439 0.1008573 0.0000000 0.1234270 0.1300368 0.1126098 0.1416405 0.1420143 
S0013_G4603_R1_A 0.1437256 0.2101641 0.1364039 0.1375842 0.1003333 0.1234446 0.1125050 0.1019874 0.1111369 0.0995301 0.1154759 0.1027593 0.0975239 0.1074660 0.1132064 0.1005326 0.1234270 0.0000000 0.1310182 0.1293003 0.1352018 0.1368060 
S0002_G4603_R1_A 0.1363480 0.2005841 0.1094179 0.1153295 0.0807581 0.0927406 0.0981637 0.0870709 0.0961627 0.1071208 0.0975425 0.1013443 0.0953813 0.0997225 0.1326427 0.1184774 0.1300368 0.1310182 0.0000000 0.1012491 0.1300316 0.1322621 
S0004_G4603_R1_A 0.1302824 0.1864743 0.1106957 0.1165652 0.0767619 0.0945869 0.0914692 0.0857650 0.0978403 0.0947082 0.0947648 0.0928931 0.0858177 0.0952181 0.1020995 0.0907816 0.1126098 0.1293003 0.1012491 0.0000000 0.1267890 0.1284253 
S0048_G4603_R1_A 0.1518615 0.2192144 0.1278270 0.1455018 0.1068917 0.1264726 0.1227815 0.1017199 0.1138383 0.1168020 0.1214048 0.1104865 0.1168972 0.1282221 0.1430477 0.1343160 0.1416405 0.1352018 0.1300316 0.1267890 0.0000000 0.0273535 
S0050_G4603_R1_A 0.1478816 0.2185798 0.1238424 0.1478223 0.1066531 0.1291757 0.1231237 0.1035692 0.1175422 0.1164569 0.1245159 0.1134831 0.1198396 0.1266472 0.1445457 0.1346728 0.1420143 0.1368060 0.1322621 0.1284253 0.0273535 0.0000000 
