23
S0005_G4724_R1_A 0.0000000 0.2499587 0.2398473 0.2473703 0.2222714 0.2150143 0.2393132 0.2198999 0.1991944 0.2161762 0.2232129 0.2336400 0.2156522 0.2201585 0.2070898 0.2110669 0.2230722 0.2272982 0.2491161 0.2387990 0.2312734 0.1982528 0.2611389 
S0037_G4724_R1_A 0.2499587 0.0000000 0.1592283 0.1639259 0.1298651 0.1239412 0.1044273 0.0962022 0.1299293 0.1330256 0.1380038 0.1486755 0.1382327 0.1355406 0.1386559 0.1389451 0.1469254 0.1528712 0.1650571 0.1571825 0.1314868 0.1333259 0.1589568 
S0048_G4724_R1_A 0.2398473 0.1592283 0.0000000 0.0183708 0.0984832 0.1055871 0.1225199 0.1122367 0.0948162 0.1101727 0.1079469 0.0978496 0.1134031 0.1026492 0.1119380 0.1174032 0.1314579 0.1297110 0.0666128 0.1302406 0.1192066 0.1066153 0.1218707 
S0050_G4724_R1_A 0.2473703 0.1639259 0.0183708 0.0000000 0.1055017 0.1114408 0.1278262 0.1182059 0.0976945 0.1147872 0.1111556 0.0983409 0.1166952 0.1072768 0.1153941 0.1203719 0.1375243 0.1366176 0.0689354 0.1375511 0.1200378 0.1114114 0.1261645 
S0036_G4724_R1_A 0.2222714 0.1298651 0.0984832 0.1055017 0.0000000 0.0855165 0.1005351 0.0886478 0.0767425 0.0755426 0.0840989 0.0956153 0.0885827 0.0827851 0.0895798 0.0877136 0.0965541 0.0936484 0.1111314 0.1048151 0.0899566 0.0854027 0.1186557 
S0016_G4724_R1_A 0.2150143 0.1239412 0.1055871 0.1114408 0.0855165 0.0000000 0.0920376 0.0811946 0.0788685 0.0889971 0.0787744 0.0955160 0.0920154 0.0829296 0.0944602 0.0957441 0.1042249 0.1071301 0.1087230 0.1123787 0.0914802 0.0879937 0.1165585 
S0018_G4724_R1_A 0.2393132 0.1044273 0.1225199 0.1278262 0.1005351 0.0920376 0.0000000 0.0328847 0.0904907 0.0983638 0.0958175 0.1075051 0.0960848 0.0926656 0.1003850 0.1050757 0.1238860 0.1201881 0.1294604 0.1202217 0.1075194 0.0982951 0.1315400 
S0031_G4724_R1_A 0.2198999 0.0962022 0.1122367 0.1182059 0.0886478 0.0811946 0.0328847 0.0000000 0.0780252 0.0877546 0.0854075 0.0967669 0.0887937 0.0845494 0.0941296 0.0946601 0.1075815 0.1112674 0.1168241 0.1082918 0.0975521 0.0846907 0.1191266 
S0021_G4724_R2_A 0.1991944 0.1299293 0.0948162 0.0976945 0.0767425 0.0788685 0.0904907 0.0780252 0.0000000 0.0675430 0.0796707 0.0881122 0.0624798 0.0685199 0.0723583 0.0685086 0.0949409 0.0885883 0.1005564 0.0933474 0.0902453 0.0371755 0.1053791 
S0002_G4724_R1_A 0.2161762 0.1330256 0.1101727 0.1147872 0.0755426 0.0889971 0.0983638 0.0877546 0.0675430 0.0000000 0.0846328 0.0933356 0.0745954 0.0705178 0.0770763 0.0784413 0.0957913 0.0904417 0.1093725 0.0992359 0.0955428 0.0764976 0.1074113 
S0046_G4724_R1_A 0.2232129 0.1380038 0.1079469 0.1111556 0.0840989 0.0787744 0.0958175 0.0854075 0.0796707 0.0846328 0.0000000 0.0964481 0.0888684 0.0847027 0.0900771 0.0945866 0.1017965 0.1063240 0.1149379 0.1131797 0.0947138 0.0877160 0.1211341 
S0013_G4724_R1_A 0.2336400 0.1486755 0.0978496 0.0983409 0.0956153 0.0955160 0.1075051 0.0967669 0.0881122 0.0933356 0.0964481 0.0000000 0.0944309 0.0883567 0.0935490 0.0953378 0.1152114 0.1089450 0.0986832 0.1178592 0.1056141 0.0992589 0.1224688 
S0028_G4724_R1_A 0.2156522 0.1382327 0.1134031 0.1166952 0.0885827 0.0920154 0.0960848 0.0887937 0.0624798 0.0745954 0.0888684 0.0944309 0.0000000 0.0747967 0.0796440 0.0726846 0.1065654 0.1027408 0.1154050 0.0984459 0.0947279 0.0716883 0.1146898 
S0030_G4724_R1_A 0.2201585 0.1355406 0.1026492 0.1072768 0.0827851 0.0829296 0.0926656 0.0845494 0.0685199 0.0705178 0.0847027 0.0883567 0.0747967 0.0000000 0.0640355 0.0793088 0.1061946 0.1023944 0.1100617 0.0966652 0.0904743 0.0761065 0.1127517 
S0022_G4724_R1_A 0.2070898 0.1386559 0.1119380 0.1153941 0.0895798 0.0944602 0.1003850 0.0941296 0.0723583 0.0770763 0.0900771 0.0935490 0.0796440 0.0640355 0.0000000 0.0847092 0.1076119 0.1021445 0.1186039 0.1062922 0.1011802 0.0857632 0.1129982 
S0026_G4724_R1_A 0.2110669 0.1389451 0.1174032 0.1203719 0.0877136 0.0957441 0.1050757 0.0946601 0.0685086 0.0784413 0.0945866 0.0953378 0.0726846 0.0793088 0.0847092 0.0000000 0.1071018 0.1066877 0.1228060 0.1100432 0.0986225 0.0720803 0.1190959 
S0019_G4724_R1_A 0.2230722 0.1469254 0.1314579 0.1375243 0.0965541 0.1042249 0.1238860 0.1075815 0.0949409 0.0957913 0.1017965 0.1152114 0.1065654 0.1061946 0.1076119 0.1071018 0.0000000 0.0929335 0.1335516 0.1276094 0.1085329 0.1081758 0.1218578 
S0020_G4724_R1_A 0.2272982 0.1528712 0.1297110 0.1366176 0.0936484 0.1071301 0.1201881 0.1112674 0.0885883 0.0904417 0.1063240 0.1089450 0.1027408 0.1023944 0.1021445 0.1066877 0.0929335 0.0000000 0.1275792 0.1210576 0.1149405 0.1016396 0.1328678 
S0004_G4724_R1_A 0.2491161 0.1650571 0.0666128 0.0689354 0.1111314 0.1087230 0.1294604 0.1168241 0.1005564 0.1093725 0.1149379 0.0986832 0.1154050 0.1100617 0.1186039 0.1228060 0.1335516 0.1275792 0.0000000 0.1332659 0.1196185 0.1100163 0.1325443 
S0017_G4724_R1_A 0.2387990 0.1571825 0.1302406 0.1375511 0.1048151 0.1123787 0.1202217 0.1082918 0.0933474 0.0992359 0.1131797 0.1178592 0.0984459 0.0966652 0.1062922 0.1100432 0.1276094 0.1210576 0.1332659 0.0000000 0.1184797 0.1054968 0.1390535 
S0011_G4724_R1_A 0.2312734 0.1314868 0.1192066 0.1200378 0.0899566 0.0914802 0.1075194 0.0975521 0.0902453 0.0955428 0.0947138 0.1056141 0.0947279 0.0904743 0.1011802 0.0986225 0.1085329 0.1149405 0.1196185 0.1184797 0.0000000 0.1042401 0.1277713 
S0021_G4724_R1_A 0.1982528 0.1333259 0.1066153 0.1114114 0.0854027 0.0879937 0.0982951 0.0846907 0.0371755 0.0764976 0.0877160 0.0992589 0.0716883 0.0761065 0.0857632 0.0720803 0.1081758 0.1016396 0.1100163 0.1054968 0.1042401 0.0000000 0.1157121 
S0012_G4724_R1_A 0.2611389 0.1589568 0.1218707 0.1261645 0.1186557 0.1165585 0.1315400 0.1191266 0.1053791 0.1074113 0.1211341 0.1224688 0.1146898 0.1127517 0.1129982 0.1190959 0.1218578 0.1328678 0.1325443 0.1390535 0.1277713 0.1157121 0.0000000 
