23
S0005_G4744_R1_A 0.0000000 0.2516625 0.1901097 0.1904965 0.1746347 0.2102728 0.1854829 0.1881667 0.1962812 0.1957852 0.1957338 0.1824179 0.1851615 0.1814515 0.2085311 0.1991299 0.2058080 0.2207157 0.2144459 0.2021938 0.1945255 0.2043175 0.2225165 
S0012_G4744_R1_A 0.2516625 0.0000000 0.1144559 0.1181160 0.1132593 0.1240600 0.1051619 0.1162745 0.1231687 0.1081925 0.1134678 0.1116631 0.1222545 0.1241006 0.1352047 0.1155694 0.1384153 0.1350207 0.1296805 0.1137773 0.1098778 0.1224689 0.1403394 
S0016_G4744_R1_A 0.1901097 0.1144559 0.0000000 0.0564220 0.0581366 0.0685338 0.0523234 0.0617179 0.0651050 0.0538940 0.0571426 0.0597786 0.0686346 0.0678088 0.0820618 0.0651687 0.0794784 0.0867709 0.0816024 0.0594431 0.0599163 0.0749741 0.0827125 
S0004_G4744_R1_A 0.1904965 0.1181160 0.0564220 0.0000000 0.0618246 0.0730302 0.0542257 0.0680367 0.0697899 0.0615415 0.0645913 0.0655982 0.0699871 0.0702485 0.0873802 0.0714099 0.0838066 0.0915344 0.0847003 0.0742431 0.0685629 0.0811065 0.0861437 
S0028_G4744_R1_A 0.1746347 0.1132593 0.0581366 0.0618246 0.0000000 0.0744196 0.0570416 0.0544053 0.0631844 0.0560353 0.0586117 0.0509062 0.0540283 0.0559976 0.0741861 0.0632610 0.0717629 0.0844740 0.0812203 0.0665008 0.0602459 0.0759401 0.0844422 
S0018_G4744_R1_A 0.2102728 0.1240600 0.0685338 0.0730302 0.0744196 0.0000000 0.0305262 0.0803275 0.0814882 0.0771148 0.0748853 0.0811332 0.0912613 0.0899188 0.1007269 0.0837238 0.1005733 0.1006667 0.0982915 0.0809936 0.0793494 0.0954917 0.0746658 
S0031_G4744_R1_A 0.1854829 0.1051619 0.0523234 0.0542257 0.0570416 0.0305262 0.0000000 0.0599729 0.0610184 0.0567638 0.0582278 0.0607758 0.0680067 0.0671925 0.0835695 0.0620625 0.0798836 0.0876409 0.0825083 0.0632958 0.0620549 0.0761446 0.0581789 
S0030_G4744_R1_A 0.1881667 0.1162745 0.0617179 0.0680367 0.0544053 0.0803275 0.0599729 0.0000000 0.0717519 0.0577977 0.0632708 0.0560042 0.0641219 0.0655762 0.0699106 0.0655368 0.0593112 0.0865530 0.0831814 0.0662021 0.0643483 0.0809257 0.0889380 
S0046_G4744_R1_A 0.1962812 0.1231687 0.0651050 0.0697899 0.0631844 0.0814882 0.0610184 0.0717519 0.0000000 0.0679723 0.0693383 0.0709349 0.0760248 0.0745567 0.0953330 0.0707115 0.0870826 0.0954543 0.0891052 0.0787055 0.0711966 0.0872486 0.0933885 
S0019_G4744_R1_A 0.1957852 0.1081925 0.0538940 0.0615415 0.0560353 0.0771148 0.0567638 0.0577977 0.0679723 0.0000000 0.0351483 0.0575567 0.0647097 0.0633575 0.0780583 0.0529655 0.0790815 0.0821638 0.0782464 0.0496642 0.0466709 0.0752053 0.0862148 
S0020_G4744_R1_A 0.1957338 0.1134678 0.0571426 0.0645913 0.0586117 0.0748853 0.0582278 0.0632708 0.0693383 0.0351483 0.0000000 0.0574275 0.0668646 0.0665408 0.0817811 0.0556583 0.0787213 0.0837285 0.0785976 0.0523854 0.0509980 0.0799889 0.0863243 
S0026_G4744_R1_A 0.1824179 0.1116631 0.0597786 0.0655982 0.0509062 0.0811332 0.0607758 0.0560042 0.0709349 0.0575567 0.0574275 0.0000000 0.0588960 0.0597198 0.0759234 0.0653779 0.0735481 0.0864024 0.0813221 0.0664703 0.0625268 0.0812518 0.0931209 
S0021_G4744_R1_A 0.1851615 0.1222545 0.0686346 0.0699871 0.0540283 0.0912613 0.0680067 0.0641219 0.0760248 0.0647097 0.0668646 0.0588960 0.0000000 0.0213343 0.0865115 0.0744451 0.0824409 0.0932373 0.0897742 0.0755897 0.0721903 0.0891237 0.0992675 
S0021_G4744_R2_A 0.1814515 0.1241006 0.0678088 0.0702485 0.0559976 0.0899188 0.0671925 0.0655762 0.0745567 0.0633575 0.0665408 0.0597198 0.0213343 0.0000000 0.0867445 0.0741542 0.0760886 0.0963409 0.0922945 0.0734901 0.0730190 0.0893145 0.1025321 
S0017_G4744_R1_A 0.2085311 0.1352047 0.0820618 0.0873802 0.0741861 0.1007269 0.0835695 0.0699106 0.0953330 0.0780583 0.0817811 0.0759234 0.0865115 0.0867445 0.0000000 0.0883955 0.0846202 0.1066154 0.1025400 0.0844066 0.0828997 0.0970159 0.1127073 
S0011_G4744_R1_A 0.1991299 0.1155694 0.0651687 0.0714099 0.0632610 0.0837238 0.0620625 0.0655368 0.0707115 0.0529655 0.0556583 0.0653779 0.0744451 0.0741542 0.0883955 0.0000000 0.0882753 0.0919381 0.0872241 0.0573932 0.0493973 0.0855333 0.0867660 
S0022_G4744_R1_A 0.2058080 0.1384153 0.0794784 0.0838066 0.0717629 0.1005733 0.0798836 0.0593112 0.0870826 0.0790815 0.0787213 0.0735481 0.0824409 0.0760886 0.0846202 0.0882753 0.0000000 0.1061077 0.1043662 0.0840145 0.0830742 0.1009629 0.1108541 
S0048_G4744_R1_A 0.2207157 0.1350207 0.0867709 0.0915344 0.0844740 0.1006667 0.0876409 0.0865530 0.0954543 0.0821638 0.0837285 0.0864024 0.0932373 0.0963409 0.1066154 0.0919381 0.1061077 0.0000000 0.0224302 0.0907176 0.0909051 0.0965369 0.1101089 
S0050_G4744_R1_A 0.2144459 0.1296805 0.0816024 0.0847003 0.0812203 0.0982915 0.0825083 0.0831814 0.0891052 0.0782464 0.0785976 0.0813221 0.0897742 0.0922945 0.1025400 0.0872241 0.1043662 0.0224302 0.0000000 0.0860110 0.0850823 0.0912180 0.1063257 
S0002_G4744_R1_A 0.2021938 0.1137773 0.0594431 0.0742431 0.0665008 0.0809936 0.0632958 0.0662021 0.0787055 0.0496642 0.0523854 0.0664703 0.0755897 0.0734901 0.0844066 0.0573932 0.0840145 0.0907176 0.0860110 0.0000000 0.0511273 0.0847681 0.0948459 
S0036_G4744_R1_A 0.1945255 0.1098778 0.0599163 0.0685629 0.0602459 0.0793494 0.0620549 0.0643483 0.0711966 0.0466709 0.0509980 0.0625268 0.0721903 0.0730190 0.0828997 0.0493973 0.0830742 0.0909051 0.0850823 0.0511273 0.0000000 0.0851845 0.0933555 
S0013_G4744_R1_A 0.2043175 0.1224689 0.0749741 0.0811065 0.0759401 0.0954917 0.0761446 0.0809257 0.0872486 0.0752053 0.0799889 0.0812518 0.0891237 0.0893145 0.0970159 0.0855333 0.1009629 0.0965369 0.0912180 0.0847681 0.0851845 0.0000000 0.1080397 
S0037_G4744_R1_A 0.2225165 0.1403394 0.0827125 0.0861437 0.0844422 0.0746658 0.0581789 0.0889380 0.0933885 0.0862148 0.0863243 0.0931209 0.0992675 0.1025321 0.1127073 0.0867660 0.1108541 0.1101089 0.1063257 0.0948459 0.0933555 0.1080397 0.0000000 
