24
S0020_G4757_R1_A 0.0000000 0.1177413 0.0994588 0.0989706 0.0655192 0.0674073 0.0703440 0.1291995 0.1092866 0.1234484 0.1112492 0.1127425 0.1204001 0.3085665 0.1212414 0.0992242 0.1110614 0.1355904 0.1310749 0.1289820 0.1052763 0.1014651 0.1260853 0.1617949 
S0017_G4757_R1_A 0.1177413 0.0000000 0.1239318 0.0834715 0.0805534 0.0819120 0.1013737 0.1217006 0.1093915 0.1193508 0.1082021 0.1021620 0.1215093 0.3694692 0.1294551 0.0973038 0.1184185 0.1268812 0.1428537 0.1441838 0.0941181 0.0882783 0.1061395 0.1587353 
S0030_G4757_R1_A 0.0994588 0.1239318 0.0000000 0.1203140 0.0898605 0.0919400 0.1129086 0.1437837 0.1238996 0.1318983 0.1351123 0.1296325 0.1436504 0.3289968 0.1369791 0.1310110 0.1314615 0.1463965 0.1378230 0.1405019 0.1292453 0.1219593 0.1268371 0.1702330 
S0028_G4757_R1_A 0.0989706 0.0834715 0.1203140 0.0000000 0.0563734 0.0581834 0.0787827 0.1051021 0.0858640 0.1029868 0.0746279 0.0923039 0.1008638 0.3354469 0.1062819 0.0770239 0.0947201 0.1198336 0.1282752 0.1274889 0.0630917 0.0578286 0.0878944 0.1416773 
S0002_G4757_R1_A 0.0655192 0.0805534 0.0898605 0.0563734 0.0000000 0.0033027 0.0632664 0.0839868 0.0792530 0.1029725 0.0774920 0.0767660 0.0874238 0.2790834 0.0963879 0.0599201 0.0677353 0.0978325 0.1018791 0.0978221 0.0679191 0.0670030 0.0840015 0.1377069 
S0002_G4757_R2_A 0.0674073 0.0819120 0.0919400 0.0581834 0.0033027 0.0000000 0.0645366 0.0860038 0.0812534 0.1051566 0.0794393 0.0787470 0.0894606 0.2821059 0.0978755 0.0617584 0.0696508 0.1000037 0.1040352 0.0999435 0.0697956 0.0688645 0.0848093 0.1395182 
S0019_G4757_R1_A 0.0703440 0.1013737 0.1129086 0.0787827 0.0632664 0.0645366 0.0000000 0.1137810 0.0982890 0.1070454 0.0917108 0.1052821 0.1127662 0.3389602 0.1146710 0.0906139 0.1018823 0.1241337 0.1256596 0.1249470 0.0861224 0.0810251 0.1073488 0.1596390 
S0046_G4757_R1_A 0.1291995 0.1217006 0.1437837 0.1051021 0.0839868 0.0860038 0.1137810 0.0000000 0.1208843 0.1471787 0.1237444 0.1323994 0.1223429 0.3560463 0.1513056 0.1064492 0.1206419 0.1476848 0.1466833 0.1461101 0.1070299 0.1089752 0.1353499 0.1694097 
S0031_G4757_R1_A 0.1092866 0.1093915 0.1238996 0.0858640 0.0792530 0.0812534 0.0982890 0.1208843 0.0000000 0.0556713 0.1047549 0.1029193 0.1133292 0.3412636 0.0969479 0.1001864 0.1075260 0.0871773 0.1329539 0.1336663 0.1018624 0.0960202 0.1119168 0.1463988 
S0018_G4757_R1_A 0.1234484 0.1193508 0.1318983 0.1029868 0.1029725 0.1051566 0.1070454 0.1471787 0.0556713 0.0000000 0.1291095 0.1174621 0.1347343 0.3711697 0.1216306 0.1195694 0.1224459 0.1074101 0.1543532 0.1554941 0.1199100 0.1119688 0.1284879 0.1752857 
S0026_G4757_R1_A 0.1112492 0.1082021 0.1351123 0.0746279 0.0774920 0.0794393 0.0917108 0.1237444 0.1047549 0.1291095 0.0000000 0.1133342 0.1180394 0.3346999 0.1267824 0.0970371 0.1112517 0.1382934 0.1292424 0.1310069 0.0822925 0.0823063 0.1121615 0.1586072 
S0016_G4757_R1_A 0.1127425 0.1021620 0.1296325 0.0923039 0.0767660 0.0787470 0.1052821 0.1323994 0.1029193 0.1174621 0.1133342 0.0000000 0.1199163 0.3589489 0.1210538 0.0948014 0.1169714 0.1250637 0.1391450 0.1426980 0.1057529 0.1034329 0.1084192 0.1518414 
S0013_G4757_R1_A 0.1204001 0.1215093 0.1436504 0.1008638 0.0874238 0.0894606 0.1127662 0.1223429 0.1133292 0.1347343 0.1180394 0.1199163 0.0000000 0.3717841 0.1450211 0.0986961 0.1291402 0.1418567 0.1317282 0.1316391 0.1044011 0.1005254 0.1344593 0.1561694 
S0005_G4757_R1_A 0.3085665 0.3694692 0.3289968 0.3354469 0.2790834 0.2821059 0.3389602 0.3560463 0.3412636 0.3711697 0.3346999 0.3589489 0.3717841 0.0000000 0.3745413 0.3470151 0.3442585 0.3733857 0.3486200 0.3488840 0.3445907 0.3273830 0.3580443 0.4016165 
S0004_G4757_R1_A 0.1212414 0.1294551 0.1369791 0.1062819 0.0963879 0.0978755 0.1146710 0.1513056 0.0969479 0.1216306 0.1267824 0.1210538 0.1450211 0.3745413 0.0000000 0.1239214 0.1289748 0.1314063 0.1519864 0.1505280 0.1280433 0.1219610 0.1205811 0.1576934 
S0036_G4757_R1_A 0.0992242 0.0973038 0.1310110 0.0770239 0.0599201 0.0617584 0.0906139 0.1064492 0.1001864 0.1195694 0.0970371 0.0948014 0.0986961 0.3470151 0.1239214 0.0000000 0.1055898 0.1336411 0.1292947 0.1293609 0.0878857 0.0823609 0.1046456 0.1520285 
S0011_G4757_R1_A 0.1110614 0.1184185 0.1314615 0.0947201 0.0677353 0.0696508 0.1018823 0.1206419 0.1075260 0.1224459 0.1112517 0.1169714 0.1291402 0.3442585 0.1289748 0.1055898 0.0000000 0.1407019 0.1297004 0.1283218 0.1093108 0.1047576 0.1218281 0.1664553 
S0037_G4757_R1_A 0.1355904 0.1268812 0.1463965 0.1198336 0.0978325 0.1000037 0.1241337 0.1476848 0.0871773 0.1074101 0.1382934 0.1250637 0.1418567 0.3733857 0.1314063 0.1336411 0.1407019 0.0000000 0.1665354 0.1690085 0.1280756 0.1224192 0.1370285 0.1743571 
S0048_G4757_R1_A 0.1310749 0.1428537 0.1378230 0.1282752 0.1018791 0.1040352 0.1256596 0.1466833 0.1329539 0.1543532 0.1292424 0.1391450 0.1317282 0.3486200 0.1519864 0.1292947 0.1297004 0.1665354 0.0000000 0.0194595 0.1367858 0.1345834 0.1463500 0.1628168 
S0050_G4757_R1_A 0.1289820 0.1441838 0.1405019 0.1274889 0.0978221 0.0999435 0.1249470 0.1461101 0.1336663 0.1554941 0.1310069 0.1426980 0.1316391 0.3488840 0.1505280 0.1293609 0.1283218 0.1690085 0.0194595 0.0000000 0.1386308 0.1343820 0.1431480 0.1636259 
S0021_G4757_R1_A 0.1052763 0.0941181 0.1292453 0.0630917 0.0679191 0.0697956 0.0861224 0.1070299 0.1018624 0.1199100 0.0822925 0.1057529 0.1044011 0.3445907 0.1280433 0.0878857 0.1093108 0.1280756 0.1367858 0.1386308 0.0000000 0.0303345 0.1055125 0.1587431 
S0021_G4757_R2_A 0.1014651 0.0882783 0.1219593 0.0578286 0.0670030 0.0688645 0.0810251 0.1089752 0.0960202 0.1119688 0.0823063 0.1034329 0.1005254 0.3273830 0.1219610 0.0823609 0.1047576 0.1224192 0.1345834 0.1343820 0.0303345 0.0000000 0.1031438 0.1565483 
S0022_G4757_R1_A 0.1260853 0.1061395 0.1268371 0.0878944 0.0840015 0.0848093 0.1073488 0.1353499 0.1119168 0.1284879 0.1121615 0.1084192 0.1344593 0.3580443 0.1205811 0.1046456 0.1218281 0.1370285 0.1463500 0.1431480 0.1055125 0.1031438 0.0000000 0.1579211 
S0012_G4757_R1_A 0.1617949 0.1587353 0.1702330 0.1416773 0.1377069 0.1395182 0.1596390 0.1694097 0.1463988 0.1752857 0.1586072 0.1518414 0.1561694 0.4016165 0.1576934 0.1520285 0.1664553 0.1743571 0.1628168 0.1636259 0.1587431 0.1565483 0.1579211 0.0000000 
