23
S0012_G4793_R1_A 0.0000000 0.1528989 0.1509193 0.1631289 0.1437318 0.1466046 0.1422622 0.1490858 0.1373626 0.1582268 0.1558571 0.1647055 0.1494355 0.1375048 0.1513955 0.1537701 0.1542640 0.1615572 0.1566730 0.1674868 0.1377969 0.1452616 0.2860710 
S0002_G4793_R1_A 0.1528989 0.0000000 0.0992514 0.0684494 0.0780244 0.0667976 0.0583671 0.0694243 0.0803941 0.0952090 0.0920928 0.1045959 0.0786499 0.1014740 0.0844972 0.0825070 0.0905799 0.1240269 0.1192029 0.1081271 0.0910203 0.0798090 0.2352953 
S0004_G4793_R1_A 0.1509193 0.0992514 0.0000000 0.0919158 0.0814678 0.0825073 0.0740273 0.0847042 0.0619146 0.0772102 0.0761824 0.0894998 0.0869486 0.0950727 0.0910484 0.0906953 0.0906518 0.1189919 0.1155063 0.1182715 0.0827714 0.0828021 0.2433112 
S0011_G4793_R1_A 0.1631289 0.0684494 0.0919158 0.0000000 0.0749726 0.0650001 0.0586648 0.0681423 0.0772042 0.0953209 0.0934339 0.1064577 0.0746621 0.1044923 0.0878005 0.0828163 0.0882427 0.1225615 0.1190059 0.1140643 0.0839922 0.0777069 0.2418414 
S0028_G4793_R1_A 0.1437318 0.0780244 0.0814678 0.0749726 0.0000000 0.0578230 0.0580685 0.0677281 0.0666355 0.0806445 0.0760784 0.0951199 0.0687439 0.0818431 0.0738188 0.0695126 0.0679161 0.1029968 0.0999949 0.0944034 0.0695300 0.0573371 0.2262181 
S0036_G4793_R1_A 0.1466046 0.0667976 0.0825073 0.0650001 0.0578230 0.0000000 0.0473822 0.0582501 0.0659725 0.0809922 0.0782182 0.0915374 0.0618387 0.0923153 0.0734911 0.0714568 0.0733633 0.1052340 0.1064653 0.1035240 0.0754135 0.0630058 0.2164197 
S0019_G4793_R1_A 0.1422622 0.0583671 0.0740273 0.0586648 0.0580685 0.0473822 0.0000000 0.0420636 0.0618132 0.0754868 0.0776847 0.0891171 0.0564757 0.0844172 0.0683298 0.0665538 0.0686385 0.1032077 0.1025748 0.0945309 0.0663126 0.0630261 0.2099324 
S0020_G4793_R1_A 0.1490858 0.0694243 0.0847042 0.0681423 0.0677281 0.0582501 0.0420636 0.0000000 0.0749193 0.0860602 0.0877988 0.1007129 0.0707812 0.0929559 0.0817246 0.0782853 0.0796494 0.1122702 0.1116908 0.1082259 0.0786945 0.0668180 0.2267058 
S0016_G4793_R1_A 0.1373626 0.0803941 0.0619146 0.0772042 0.0666355 0.0659725 0.0618132 0.0749193 0.0000000 0.0661160 0.0640403 0.0753507 0.0681591 0.0902096 0.0760885 0.0728173 0.0775104 0.1095189 0.1066859 0.1024498 0.0707581 0.0686284 0.2225188 
S0018_G4793_R1_A 0.1582268 0.0952090 0.0772102 0.0953209 0.0806445 0.0809922 0.0754868 0.0860602 0.0661160 0.0000000 0.0536764 0.0777356 0.0876946 0.1068839 0.0840474 0.0857083 0.0923006 0.1280942 0.1221960 0.1106613 0.0859953 0.0840062 0.2388032 
S0031_G4793_R1_A 0.1558571 0.0920928 0.0761824 0.0934339 0.0760784 0.0782182 0.0776847 0.0877988 0.0640403 0.0536764 0.0000000 0.0665905 0.0819000 0.0986597 0.0868511 0.0848610 0.0883363 0.1244592 0.1198296 0.1131360 0.0858385 0.0860637 0.2433367 
S0037_G4793_R1_A 0.1647055 0.1045959 0.0894998 0.1064577 0.0951199 0.0915374 0.0891171 0.1007129 0.0753507 0.0777356 0.0665905 0.0000000 0.0965741 0.1122116 0.1009290 0.1003260 0.1061598 0.1323697 0.1271075 0.1307069 0.0958876 0.1019681 0.2496931 
S0026_G4793_R1_A 0.1494355 0.0786499 0.0869486 0.0746621 0.0687439 0.0618387 0.0564757 0.0707812 0.0681591 0.0876946 0.0819000 0.0965741 0.0000000 0.0891838 0.0744484 0.0719965 0.0734094 0.1118339 0.1088109 0.1047622 0.0770684 0.0688023 0.2147658 
S0013_G4793_R1_A 0.1375048 0.1014740 0.0950727 0.1044923 0.0818431 0.0923153 0.0844172 0.0929559 0.0902096 0.1068839 0.0986597 0.1122116 0.0891838 0.0000000 0.1058663 0.1024488 0.0979747 0.1005689 0.0985454 0.1215951 0.0794310 0.0829196 0.2418578 
S0021_G4793_R1_A 0.1513955 0.0844972 0.0910484 0.0878005 0.0738188 0.0734911 0.0683298 0.0817246 0.0760885 0.0840474 0.0868511 0.1009290 0.0744484 0.1058663 0.0000000 0.0232053 0.0808778 0.1224252 0.1218024 0.1097265 0.0850845 0.0797501 0.2164152 
S0021_G4793_R2_A 0.1537701 0.0825070 0.0906953 0.0828163 0.0695126 0.0714568 0.0665538 0.0782853 0.0728173 0.0857083 0.0848610 0.1003260 0.0719965 0.1024488 0.0232053 0.0000000 0.0832894 0.1212848 0.1171703 0.1077706 0.0825080 0.0771040 0.2189631 
S0022_G4793_R1_A 0.1542640 0.0905799 0.0906518 0.0882427 0.0679161 0.0733633 0.0686385 0.0796494 0.0775104 0.0923006 0.0883363 0.1061598 0.0734094 0.0979747 0.0808778 0.0832894 0.0000000 0.1201520 0.1178209 0.0970022 0.0775210 0.0685036 0.2307292 
S0048_G4793_R1_A 0.1615572 0.1240269 0.1189919 0.1225615 0.1029968 0.1052340 0.1032077 0.1122702 0.1095189 0.1280942 0.1244592 0.1323697 0.1118339 0.1005689 0.1224252 0.1212848 0.1201520 0.0000000 0.0310015 0.1367038 0.1001877 0.1017928 0.2693967 
S0050_G4793_R1_A 0.1566730 0.1192029 0.1155063 0.1190059 0.0999949 0.1064653 0.1025748 0.1116908 0.1066859 0.1221960 0.1198296 0.1271075 0.1088109 0.0985454 0.1218024 0.1171703 0.1178209 0.0310015 0.0000000 0.1319035 0.0973152 0.0979506 0.2615607 
S0017_G4793_R1_A 0.1674868 0.1081271 0.1182715 0.1140643 0.0944034 0.1035240 0.0945309 0.1082259 0.1024498 0.1106613 0.1131360 0.1307069 0.1047622 0.1215951 0.1097265 0.1077706 0.0970022 0.1367038 0.1319035 0.0000000 0.1035397 0.0936141 0.2599660 
S0046_G4793_R1_A 0.1377969 0.0910203 0.0827714 0.0839922 0.0695300 0.0754135 0.0663126 0.0786945 0.0707581 0.0859953 0.0858385 0.0958876 0.0770684 0.0794310 0.0850845 0.0825080 0.0775210 0.1001877 0.0973152 0.1035397 0.0000000 0.0683113 0.2223793 
S0030_G4793_R1_A 0.1452616 0.0798090 0.0828021 0.0777069 0.0573371 0.0630058 0.0630261 0.0668180 0.0686284 0.0840062 0.0860637 0.1019681 0.0688023 0.0829196 0.0797501 0.0771040 0.0685036 0.1017928 0.0979506 0.0936141 0.0683113 0.0000000 0.2190654 
S0005_G4793_R1_A 0.2860710 0.2352953 0.2433112 0.2418414 0.2262181 0.2164197 0.2099324 0.2267058 0.2225188 0.2388032 0.2433367 0.2496931 0.2147658 0.2418578 0.2164152 0.2189631 0.2307292 0.2693967 0.2615607 0.2599660 0.2223793 0.2190654 0.0000000 
