24
S0005_G4796_R1_A 0.0000000 0.1757737 0.1633658 0.1812259 0.1739248 0.1630615 0.1887596 0.1721858 0.1712499 0.1701076 0.1720776 0.1758062 0.1713233 0.1732391 0.1691947 0.1876209 0.1731340 0.1731340 0.1838395 0.1924542 0.1911045 0.1853554 0.2029209 0.1935817 
S0028_G4796_R1_A 0.1757737 0.0000000 0.0508821 0.0751709 0.0663301 0.0501767 0.0794064 0.0664506 0.0620413 0.0695157 0.0642180 0.0621071 0.0646652 0.0704133 0.0608249 0.0776981 0.0619168 0.0619168 0.0716868 0.0831602 0.0841533 0.0733038 0.0961038 0.0908618 
S0026_G4796_R1_A 0.1633658 0.0508821 0.0000000 0.0621320 0.0617614 0.0486549 0.0761225 0.0564452 0.0560626 0.0604612 0.0563980 0.0579291 0.0556947 0.0592499 0.0532513 0.0707398 0.0518240 0.0518240 0.0615007 0.0756999 0.0756812 0.0655482 0.0819082 0.0774868 
S0004_G4796_R1_A 0.1812259 0.0751709 0.0621320 0.0000000 0.0657205 0.0598301 0.0825285 0.0470526 0.0602226 0.0634298 0.0747500 0.0667893 0.0692968 0.0720097 0.0632612 0.0731877 0.0648728 0.0648728 0.0702541 0.0814288 0.0840461 0.0699509 0.0916783 0.0831246 
S0022_G4796_R1_A 0.1739248 0.0663301 0.0617614 0.0657205 0.0000000 0.0542920 0.0785126 0.0617659 0.0597699 0.0623509 0.0730640 0.0696667 0.0668091 0.0708370 0.0615634 0.0760872 0.0591744 0.0591744 0.0720694 0.0803471 0.0829490 0.0767713 0.0917913 0.0875650 
S0030_G4796_R1_A 0.1630615 0.0501767 0.0486549 0.0598301 0.0542920 0.0000000 0.0673430 0.0537246 0.0501027 0.0553841 0.0537520 0.0541866 0.0525445 0.0581867 0.0485438 0.0661196 0.0470053 0.0470053 0.0626591 0.0701406 0.0714324 0.0612691 0.0810048 0.0763107 
S0018_G4796_R1_A 0.1887596 0.0794064 0.0761225 0.0825285 0.0785126 0.0673430 0.0000000 0.0774845 0.0357546 0.0744257 0.0850496 0.0837646 0.0774797 0.0868607 0.0754370 0.0854021 0.0766682 0.0766682 0.0869600 0.0924218 0.0794579 0.0864600 0.1047689 0.0974194 
S0016_G4796_R1_A 0.1721858 0.0664506 0.0564452 0.0470526 0.0617659 0.0537246 0.0774845 0.0000000 0.0575520 0.0600562 0.0701508 0.0668613 0.0642180 0.0657919 0.0587950 0.0686616 0.0597877 0.0597877 0.0662718 0.0756791 0.0787794 0.0648636 0.0840933 0.0785946 
S0031_G4796_R1_A 0.1712499 0.0620413 0.0560626 0.0602226 0.0597699 0.0501027 0.0357546 0.0575520 0.0000000 0.0563934 0.0662429 0.0613699 0.0580230 0.0676380 0.0550678 0.0681970 0.0576853 0.0576853 0.0665744 0.0752131 0.0612978 0.0681408 0.0876099 0.0788489 
S0013_G4796_R1_A 0.1701076 0.0695157 0.0604612 0.0634298 0.0623509 0.0553841 0.0744257 0.0600562 0.0563934 0.0000000 0.0684505 0.0674668 0.0653630 0.0716035 0.0605246 0.0702442 0.0551700 0.0551700 0.0698473 0.0644160 0.0782434 0.0749817 0.0908532 0.0709852 
S0021_G4796_R1_A 0.1720776 0.0642180 0.0563980 0.0747500 0.0730640 0.0537520 0.0850496 0.0701508 0.0662429 0.0684505 0.0000000 0.0286913 0.0619213 0.0706409 0.0616770 0.0819606 0.0603562 0.0603562 0.0759852 0.0827252 0.0854865 0.0778041 0.0983367 0.0855135 
S0021_G4796_R2_A 0.1758062 0.0621071 0.0579291 0.0667893 0.0696667 0.0541866 0.0837646 0.0668613 0.0613699 0.0674668 0.0286913 0.0000000 0.0600393 0.0713742 0.0597198 0.0813887 0.0589146 0.0589146 0.0749239 0.0839397 0.0846768 0.0754985 0.0954914 0.0834568 
S0011_G4796_R1_A 0.1713233 0.0646652 0.0556947 0.0692968 0.0668091 0.0525445 0.0774797 0.0642180 0.0580230 0.0653630 0.0619213 0.0600393 0.0000000 0.0548568 0.0463156 0.0775592 0.0471349 0.0471349 0.0698956 0.0812959 0.0760252 0.0644316 0.0901347 0.0817979 
S0019_G4796_R1_A 0.1732391 0.0704133 0.0592499 0.0720097 0.0708370 0.0581867 0.0868607 0.0657919 0.0676380 0.0716035 0.0706409 0.0713742 0.0548568 0.0000000 0.0359314 0.0838727 0.0517098 0.0517098 0.0725896 0.0870769 0.0836519 0.0670858 0.0903597 0.0890062 
S0020_G4796_R1_A 0.1691947 0.0608249 0.0532513 0.0632612 0.0615634 0.0485438 0.0754370 0.0587950 0.0550678 0.0605246 0.0616770 0.0597198 0.0463156 0.0359314 0.0000000 0.0742176 0.0431572 0.0431572 0.0637237 0.0778657 0.0718899 0.0604637 0.0826588 0.0851415 
S0017_G4796_R1_A 0.1876209 0.0776981 0.0707398 0.0731877 0.0760872 0.0661196 0.0854021 0.0686616 0.0681970 0.0702442 0.0819606 0.0813887 0.0775592 0.0838727 0.0742176 0.0000000 0.0742434 0.0742434 0.0798504 0.0850200 0.0909419 0.0766814 0.1016327 0.0937341 
S0036_G4796_R1_A 0.1731340 0.0619168 0.0518240 0.0648728 0.0591744 0.0470053 0.0766682 0.0597877 0.0576853 0.0551700 0.0603562 0.0589146 0.0471349 0.0517098 0.0431572 0.0742434 0.0000000 0.0000010 0.0654165 0.0766916 0.0731783 0.0610116 0.0830351 0.0805772 
S0036_G4796_R2_A 0.1731340 0.0619168 0.0518240 0.0648728 0.0591744 0.0470053 0.0766682 0.0597877 0.0576853 0.0551700 0.0603562 0.0589146 0.0471349 0.0517098 0.0431572 0.0742434 0.0000010 0.0000000 0.0654165 0.0766916 0.0731783 0.0610116 0.0830351 0.0805772 
S0046_G4796_R1_A 0.1838395 0.0716868 0.0615007 0.0702541 0.0720694 0.0626591 0.0869600 0.0662718 0.0665744 0.0698473 0.0759852 0.0749239 0.0698956 0.0725896 0.0637237 0.0798504 0.0654165 0.0654165 0.0000000 0.0889710 0.0868163 0.0760450 0.0918571 0.0853654 
S0048_G4796_R1_A 0.1924542 0.0831602 0.0756999 0.0814288 0.0803471 0.0701406 0.0924218 0.0756791 0.0752131 0.0644160 0.0827252 0.0839397 0.0812959 0.0870769 0.0778657 0.0850200 0.0766916 0.0766916 0.0889710 0.0000000 0.0955669 0.0895455 0.1025306 0.0400073 
S0037_G4796_R1_A 0.1911045 0.0841533 0.0756812 0.0840461 0.0829490 0.0714324 0.0794579 0.0787794 0.0612978 0.0782434 0.0854865 0.0846768 0.0760252 0.0836519 0.0718899 0.0909419 0.0731783 0.0731783 0.0868163 0.0955669 0.0000000 0.0817121 0.1031616 0.0974931 
S0002_G4796_R1_A 0.1853554 0.0733038 0.0655482 0.0699509 0.0767713 0.0612691 0.0864600 0.0648636 0.0681408 0.0749817 0.0778041 0.0754985 0.0644316 0.0670858 0.0604637 0.0766814 0.0610116 0.0610116 0.0760450 0.0895455 0.0817121 0.0000000 0.0960488 0.0924761 
S0012_G4796_R1_A 0.2029209 0.0961038 0.0819082 0.0916783 0.0917913 0.0810048 0.1047689 0.0840933 0.0876099 0.0908532 0.0983367 0.0954914 0.0901347 0.0903597 0.0826588 0.1016327 0.0830351 0.0830351 0.0918571 0.1025306 0.1031616 0.0960488 0.0000000 0.1122666 
S0050_G4796_R1_A 0.1935817 0.0908618 0.0774868 0.0831246 0.0875650 0.0763107 0.0974194 0.0785946 0.0788489 0.0709852 0.0855135 0.0834568 0.0817979 0.0890062 0.0851415 0.0937341 0.0805772 0.0805772 0.0853654 0.0400073 0.0974931 0.0924761 0.1122666 0.0000000 
