23
S0020_G4802_R1_A 0.0000000 0.1557305 0.1469604 0.1212158 0.1523235 0.1142384 0.1535913 0.1283634 0.1409063 0.1975164 0.1608562 0.1260978 0.1417224 0.1268499 0.1209530 0.1295587 0.1145321 0.1224512 0.1506484 0.1369605 0.1126676 0.0881433 0.2634761 
S0050_G4802_R1_A 0.1557305 0.0000000 0.1329766 0.1116433 0.1416425 0.1127810 0.1525556 0.1145293 0.1666487 0.2089923 0.0485411 0.1119356 0.1197656 0.1181546 0.1082513 0.1196879 0.1023095 0.0869591 0.1396054 0.1250204 0.1445039 0.1111024 0.2549282 
S0018_G4802_R1_A 0.1469604 0.1329766 0.0000000 0.0627756 0.1431235 0.1099095 0.1301780 0.1083062 0.1588487 0.2005360 0.1370679 0.1067511 0.1241086 0.1024164 0.1044684 0.1127724 0.1010077 0.1121689 0.1095688 0.1270651 0.1297521 0.1008667 0.2613337 
S0031_G4802_R1_A 0.1212158 0.1116433 0.0627756 0.0000000 0.1165622 0.0850799 0.1128464 0.0860123 0.1327400 0.1757283 0.1124347 0.0815125 0.0995352 0.0759981 0.0799489 0.0892546 0.0753075 0.0854962 0.0830129 0.0989474 0.1119745 0.0791045 0.2296515 
S0017_G4802_R1_A 0.1523235 0.1416425 0.1431235 0.1165622 0.0000000 0.1155595 0.1669855 0.1134081 0.1692403 0.2041691 0.1432350 0.1070025 0.1195883 0.1187805 0.1067105 0.1135473 0.1072048 0.1083077 0.1425118 0.1178961 0.1460503 0.1061912 0.2602374 
S0002_G4802_R1_A 0.1142384 0.1127810 0.1099095 0.0850799 0.1155595 0.0000000 0.1325102 0.0916441 0.1195309 0.1815613 0.1116425 0.0853567 0.0968303 0.0899314 0.0825638 0.0905059 0.0770535 0.0866513 0.1176967 0.1000844 0.0987827 0.0723509 0.2325815 
S0004_G4802_R1_A 0.1535913 0.1525556 0.1301780 0.1128464 0.1669855 0.1325102 0.0000000 0.1333669 0.1661315 0.2044745 0.1518004 0.1368036 0.1461308 0.1250554 0.1268753 0.1363354 0.1305622 0.1349064 0.1442434 0.1477502 0.1358019 0.1212122 0.2733692 
S0026_G4802_R1_A 0.1283634 0.1145293 0.1083062 0.0860123 0.1134081 0.0916441 0.1333669 0.0000000 0.1424990 0.1843614 0.1161470 0.0836450 0.0992257 0.0868276 0.0748410 0.0829981 0.0786102 0.0822347 0.1188285 0.0958242 0.1219238 0.0813207 0.2253673 
S0011_G4802_R1_A 0.1409063 0.1666487 0.1588487 0.1327400 0.1692403 0.1195309 0.1661315 0.1424990 0.0000000 0.2251034 0.1699823 0.1447327 0.1457820 0.1457547 0.1411914 0.1500642 0.1337530 0.1446509 0.1729897 0.1520960 0.1343660 0.1070330 0.2773427 
S0012_G4802_R1_A 0.1975164 0.2089923 0.2005360 0.1757283 0.2041691 0.1815613 0.2044745 0.1843614 0.2251034 0.0000000 0.1924552 0.1734463 0.1821452 0.1795390 0.1725387 0.1877382 0.1694886 0.1739241 0.2054612 0.1915313 0.1831794 0.1685644 0.3072605 
S0048_G4802_R1_A 0.1608562 0.0485411 0.1370679 0.1124347 0.1432350 0.1116425 0.1518004 0.1161470 0.1699823 0.1924552 0.0000000 0.1128997 0.1176059 0.1175094 0.1092641 0.1208852 0.1037545 0.0876792 0.1395270 0.1319558 0.1322536 0.1117480 0.2565953 
S0046_G4802_R1_A 0.1260978 0.1119356 0.1067511 0.0815125 0.1070025 0.0853567 0.1368036 0.0836450 0.1447327 0.1734463 0.1128997 0.0000000 0.0959274 0.0862650 0.0743737 0.0791008 0.0768307 0.0790374 0.1086666 0.1005897 0.1138853 0.0800712 0.2261327 
S0030_G4802_R1_A 0.1417224 0.1197656 0.1241086 0.0995352 0.1195883 0.0968303 0.1461308 0.0992257 0.1457820 0.1821452 0.1176059 0.0959274 0.0000000 0.1024761 0.0912333 0.0964553 0.0893931 0.0951704 0.1228670 0.1051684 0.1308932 0.0851571 0.2398551 
S0016_G4802_R1_A 0.1268499 0.1181546 0.1024164 0.0759981 0.1187805 0.0899314 0.1250554 0.0868276 0.1457547 0.1795390 0.1175094 0.0862650 0.1024761 0.0000000 0.0818402 0.0900389 0.0798362 0.0813869 0.1033380 0.0976773 0.1147027 0.0817547 0.2227168 
S0021_G4802_R2_A 0.1209530 0.1082513 0.1044684 0.0799489 0.1067105 0.0825638 0.1268753 0.0748410 0.1411914 0.1725387 0.1092641 0.0743737 0.0912333 0.0818402 0.0000000 0.0255819 0.0701406 0.0782362 0.1040261 0.0908187 0.1053619 0.0783329 0.2277093 
S0021_G4802_R1_A 0.1295587 0.1196879 0.1127724 0.0892546 0.1135473 0.0905059 0.1363354 0.0829981 0.1500642 0.1877382 0.1208852 0.0791008 0.0964553 0.0900389 0.0255819 0.0000000 0.0751579 0.0853687 0.1156867 0.0971832 0.1144019 0.0854489 0.2460884 
S0028_G4802_R1_A 0.1145321 0.1023095 0.1010077 0.0753075 0.1072048 0.0770535 0.1305622 0.0786102 0.1337530 0.1694886 0.1037545 0.0768307 0.0893931 0.0798362 0.0701406 0.0751579 0.0000000 0.0688639 0.1091041 0.0919571 0.1103762 0.0725598 0.2219276 
S0013_G4802_R1_A 0.1224512 0.0869591 0.1121689 0.0854962 0.1083077 0.0866513 0.1349064 0.0822347 0.1446509 0.1739241 0.0876792 0.0790374 0.0951704 0.0813869 0.0782362 0.0853687 0.0688639 0.0000000 0.1093584 0.0892289 0.1133520 0.0769549 0.2163899 
S0037_G4802_R1_A 0.1506484 0.1396054 0.1095688 0.0830129 0.1425118 0.1176967 0.1442434 0.1188285 0.1729897 0.2054612 0.1395270 0.1086666 0.1228670 0.1033380 0.1040261 0.1156867 0.1091041 0.1093584 0.0000000 0.1215200 0.1452706 0.1101959 0.2579117 
S0022_G4802_R1_A 0.1369605 0.1250204 0.1270651 0.0989474 0.1178961 0.1000844 0.1477502 0.0958242 0.1520960 0.1915313 0.1319558 0.1005897 0.1051684 0.0976773 0.0908187 0.0971832 0.0919571 0.0892289 0.1215200 0.0000000 0.1287166 0.0910219 0.2408142 
S0036_G4802_R1_A 0.1126676 0.1445039 0.1297521 0.1119745 0.1460503 0.0987827 0.1358019 0.1219238 0.1343660 0.1831794 0.1322536 0.1138853 0.1308932 0.1147027 0.1053619 0.1144019 0.1103762 0.1133520 0.1452706 0.1287166 0.0000000 0.0895126 0.2324561 
S0019_G4802_R1_A 0.0881433 0.1111024 0.1008667 0.0791045 0.1061912 0.0723509 0.1212122 0.0813207 0.1070330 0.1685644 0.1117480 0.0800712 0.0851571 0.0817547 0.0783329 0.0854489 0.0725598 0.0769549 0.1101959 0.0910219 0.0895126 0.0000000 0.2062390 
S0005_G4802_R1_A 0.2634761 0.2549282 0.2613337 0.2296515 0.2602374 0.2325815 0.2733692 0.2253673 0.2773427 0.3072605 0.2565953 0.2261327 0.2398551 0.2227168 0.2277093 0.2460884 0.2219276 0.2163899 0.2579117 0.2408142 0.2324561 0.2062390 0.0000000 
