23
S0017_G4806_R1_A 0.0000000 0.5191432 0.2419058 0.2578676 0.3078372 0.2559348 0.2584778 0.5635414 0.2877109 0.2520205 0.2738692 0.3122362 0.3348803 0.2750063 0.3117877 0.3306614 0.2535458 0.3364518 0.2683923 0.3713209 0.2965412 0.3754110 0.3987439 
S0046_G4806_R1_A 0.5191432 0.0000000 0.5538849 0.6090114 0.6670202 0.6028522 0.6069122 1.0899968 0.6231158 0.6013094 0.6117414 0.6796405 0.7450667 0.6297858 0.5439109 0.6749712 0.6181726 0.6077872 0.5672457 0.6400076 0.6612069 0.7500321 0.5320999 
S0018_G4806_R1_A 0.2419058 0.5538849 0.0000000 0.1436149 0.2584038 0.2219911 0.2221232 0.5809782 0.2422569 0.1606114 0.2100362 0.1898324 0.2816421 0.2008981 0.1779072 0.2669669 0.2238126 0.2958129 0.2359164 0.3099121 0.2409808 0.3512088 0.3674199 
S0021_G4806_R1_A 0.2578676 0.6090114 0.1436149 0.0000000 0.2717413 0.2307683 0.1673227 0.5679454 0.2601532 0.2128683 0.2281603 0.2156373 0.2967675 0.2363712 0.1632630 0.2787682 0.2349940 0.2794219 0.2437931 0.3069394 0.2772728 0.3792303 0.3713418 
S0050_G4806_R1_A 0.3078372 0.6670202 0.2584038 0.2717413 0.0000000 0.2442104 0.2619061 0.6400655 0.2833030 0.2771658 0.2676820 0.3115702 0.3280694 0.2690310 0.3058485 0.1796241 0.2833599 0.3010381 0.2637388 0.3065987 0.2939597 0.3921825 0.4328376 
S0019_G4806_R1_A 0.2559348 0.6028522 0.2219911 0.2307683 0.2442104 0.0000000 0.2139856 0.5301936 0.0662904 0.2002965 0.2092165 0.2645314 0.2531154 0.2108076 0.2548125 0.2458128 0.1985952 0.1713089 0.1376716 0.2693466 0.2373528 0.3379778 0.3481376 
S0021_G4806_R2_A 0.2584778 0.6069122 0.2221232 0.1673227 0.2619061 0.2139856 0.0000000 0.5928884 0.2218051 0.1984260 0.2224447 0.2553580 0.2964390 0.2069634 0.2478475 0.2533129 0.2219995 0.2209219 0.1914149 0.2814086 0.2391591 0.3286550 0.3209764 
S0005_G4806_R1_A 0.5635414 1.0899968 0.5809782 0.5679454 0.6400655 0.5301936 0.5928884 0.0000000 0.5719807 0.5330043 0.6035207 0.5911323 0.6165793 0.5950649 0.5781181 0.6517382 0.5701646 0.6095751 0.5624532 0.7233283 0.6050319 0.6940319 0.7086868 
S0020_G4806_R1_A 0.2877109 0.6231158 0.2422569 0.2601532 0.2833030 0.0662904 0.2218051 0.5719807 0.0000000 0.2129109 0.2245533 0.2795502 0.2714892 0.2226616 0.2696612 0.2609328 0.2059629 0.1697573 0.1319941 0.2962652 0.2616955 0.3364729 0.3776876 
S0031_G4806_R1_A 0.2520205 0.6013094 0.1606114 0.2128683 0.2771658 0.2002965 0.1984260 0.5330043 0.2129109 0.0000000 0.1851599 0.2067858 0.2811019 0.1731227 0.2444439 0.2510275 0.1846677 0.2378068 0.2062992 0.2620438 0.1878062 0.3378620 0.3473530 
S0002_G4806_R1_A 0.2738692 0.6117414 0.2100362 0.2281603 0.2676820 0.2092165 0.2224447 0.6035207 0.2245533 0.1851599 0.0000000 0.2388968 0.2273181 0.1626363 0.2251961 0.2178173 0.1843812 0.2401242 0.1797915 0.2119034 0.2215775 0.2970271 0.2693249 
S0037_G4806_R1_A 0.3122362 0.6796405 0.1898324 0.2156373 0.3115702 0.2645314 0.2553580 0.5911323 0.2795502 0.2067858 0.2388968 0.0000000 0.3160153 0.2293718 0.2010484 0.2768852 0.2515353 0.2914673 0.2628636 0.3299327 0.2734998 0.3902823 0.3652516 
S0013_G4806_R1_A 0.3348803 0.7450667 0.2816421 0.2967675 0.3280694 0.2531154 0.2964390 0.6165793 0.2714892 0.2811019 0.2273181 0.3160153 0.0000000 0.2317538 0.3101469 0.2378833 0.2612772 0.3052077 0.2484803 0.2926763 0.2979753 0.3896645 0.4104207 
S0016_G4806_R1_A 0.2750063 0.6297858 0.2008981 0.2363712 0.2690310 0.2108076 0.2069634 0.5950649 0.2226616 0.1731227 0.1626363 0.2293718 0.2317538 0.0000000 0.2469087 0.1951547 0.1798820 0.2412463 0.2009176 0.2255952 0.2029452 0.3089112 0.2847301 
S0036_G4806_R1_A 0.3117877 0.5439109 0.1779072 0.1632630 0.3058485 0.2548125 0.2478475 0.5781181 0.2696612 0.2444439 0.2251961 0.2010484 0.3101469 0.2469087 0.0000000 0.2778325 0.2489387 0.3398889 0.2662151 0.3574000 0.2904980 0.3834682 0.2864463 
S0048_G4806_R1_A 0.3306614 0.6749712 0.2669669 0.2787682 0.1796241 0.2458128 0.2533129 0.6517382 0.2609328 0.2510275 0.2178173 0.2768852 0.2378833 0.1951547 0.2778325 0.0000000 0.2444858 0.2547882 0.2461777 0.2240513 0.2745719 0.3404210 0.3171311 
S0022_G4806_R1_A 0.2535458 0.6181726 0.2238126 0.2349940 0.2833599 0.1985952 0.2219995 0.5701646 0.2059629 0.1846677 0.1843812 0.2515353 0.2612772 0.1798820 0.2489387 0.2444858 0.0000000 0.2248431 0.1802525 0.2431991 0.1955381 0.3017274 0.3495375 
S0028_G4806_R1_A 0.3364518 0.6077872 0.2958129 0.2794219 0.3010381 0.1713089 0.2209219 0.6095751 0.1697573 0.2378068 0.2401242 0.2914673 0.3052077 0.2412463 0.3398889 0.2547882 0.2248431 0.0000000 0.1324208 0.2646619 0.2687139 0.3896586 0.3657755 
S0011_G4806_R1_A 0.2683923 0.5672457 0.2359164 0.2437931 0.2637388 0.1376716 0.1914149 0.5624532 0.1319941 0.2062992 0.1797915 0.2628636 0.2484803 0.2009176 0.2662151 0.2461777 0.1802525 0.1324208 0.0000000 0.2416625 0.2297716 0.3070485 0.3390851 
S0030_G4806_R1_A 0.3713209 0.6400076 0.3099121 0.3069394 0.3065987 0.2693466 0.2814086 0.7233283 0.2962652 0.2620438 0.2119034 0.3299327 0.2926763 0.2255952 0.3574000 0.2240513 0.2431991 0.2646619 0.2416625 0.0000000 0.2731777 0.3695517 0.3703450 
S0004_G4806_R1_A 0.2965412 0.6612069 0.2409808 0.2772728 0.2939597 0.2373528 0.2391591 0.6050319 0.2616955 0.1878062 0.2215775 0.2734998 0.2979753 0.2029452 0.2904980 0.2745719 0.1955381 0.2687139 0.2297716 0.2731777 0.0000000 0.3422633 0.3390312 
S0012_G4806_R1_A 0.3754110 0.7500321 0.3512088 0.3792303 0.3921825 0.3379778 0.3286550 0.6940319 0.3364729 0.3378620 0.2970271 0.3902823 0.3896645 0.3089112 0.3834682 0.3404210 0.3017274 0.3896586 0.3070485 0.3695517 0.3422633 0.0000000 0.4738022 
S0026_G4806_R1_A 0.3987439 0.5320999 0.3674199 0.3713418 0.4328376 0.3481376 0.3209764 0.7086868 0.3776876 0.3473530 0.2693249 0.3652516 0.4104207 0.2847301 0.2864463 0.3171311 0.3495375 0.3657755 0.3390851 0.3703450 0.3390312 0.4738022 0.0000000 
