24
S0046_G4889_R1_A 0.0000000 0.0701119 0.0565223 0.0617063 0.0637322 0.0763299 0.0782918 0.0748354 0.0770485 0.1762776 0.0776013 0.0808337 0.0830815 0.0853562 0.0740882 0.0761230 0.0717377 0.1835584 0.1077265 0.0785052 0.0727637 0.0565720 0.0808067 0.1048894 
S0016_G4889_R1_A 0.0701119 0.0000000 0.0491181 0.0498040 0.0487941 0.0667593 0.0633101 0.0653080 0.0696200 0.1638639 0.0587084 0.0751694 0.0761915 0.0785869 0.0606769 0.0618443 0.0519003 0.1666221 0.0816664 0.0564444 0.0560654 0.0440833 0.0726126 0.0978777 
S0030_G4889_R1_A 0.0565223 0.0491181 0.0000000 0.0440204 0.0433809 0.0603079 0.0579555 0.0594794 0.0620024 0.1576166 0.0598804 0.0586181 0.0607806 0.0657587 0.0536535 0.0564249 0.0553233 0.1669810 0.0867838 0.0550468 0.0471512 0.0373445 0.0599937 0.0817572 
S0036_G4889_R1_A 0.0617063 0.0498040 0.0440204 0.0000000 0.0432841 0.0593988 0.0585654 0.0607341 0.0606409 0.1508278 0.0622125 0.0642874 0.0653114 0.0749526 0.0553166 0.0598671 0.0579248 0.1629793 0.0860892 0.0591414 0.0481248 0.0328877 0.0691607 0.0929933 
S0019_G4889_R1_A 0.0637322 0.0487941 0.0433809 0.0432841 0.0000000 0.0568468 0.0577897 0.0610456 0.0631237 0.1569757 0.0587363 0.0705753 0.0716245 0.0728337 0.0519964 0.0596938 0.0563489 0.1585745 0.0813410 0.0585412 0.0500635 0.0214156 0.0671810 0.0866043 
S0028_G4889_R1_A 0.0763299 0.0667593 0.0603079 0.0593988 0.0568468 0.0000000 0.0597078 0.0586009 0.0611578 0.1604170 0.0764203 0.0814794 0.0820184 0.0857744 0.0683482 0.0756394 0.0637675 0.1670108 0.0968432 0.0802172 0.0701237 0.0565773 0.0836003 0.1040765 
S0026_G4889_R1_A 0.0782918 0.0633101 0.0579555 0.0585654 0.0577897 0.0597078 0.0000000 0.0583954 0.0625287 0.1538596 0.0756876 0.0816413 0.0845311 0.0851021 0.0725253 0.0742673 0.0625460 0.1621953 0.0942778 0.0786746 0.0626013 0.0550769 0.0824880 0.1018425 
S0021_G4889_R1_A 0.0748354 0.0653080 0.0594794 0.0607341 0.0610456 0.0586009 0.0583954 0.0000000 0.0367074 0.1548961 0.0755897 0.0776187 0.0804837 0.0915336 0.0753233 0.0770092 0.0695339 0.1629903 0.0988304 0.0794641 0.0694737 0.0566707 0.0867878 0.0975699 
S0021_G4889_R2_A 0.0770485 0.0696200 0.0620024 0.0606409 0.0631237 0.0611578 0.0625287 0.0367074 0.0000000 0.1533901 0.0805507 0.0798607 0.0816271 0.0934161 0.0773673 0.0803939 0.0776238 0.1675524 0.0991570 0.0785416 0.0690608 0.0563364 0.0817354 0.1028473 
S0005_G4889_R1_A 0.1762776 0.1638639 0.1576166 0.1508278 0.1569757 0.1604170 0.1538596 0.1548961 0.1533901 0.0000000 0.1789125 0.1761720 0.1818718 0.1870277 0.1691142 0.1761177 0.1614887 0.0000010 0.1773489 0.1743829 0.1650145 0.1518246 0.1778513 0.1959895 
S0004_G4889_R1_A 0.0776013 0.0587084 0.0598804 0.0622125 0.0587363 0.0764203 0.0756876 0.0755897 0.0805507 0.1789125 0.0000000 0.0822580 0.0827116 0.0914158 0.0736532 0.0758703 0.0616585 0.1732739 0.0925865 0.0703546 0.0617598 0.0547493 0.0828653 0.1047243 
S0048_G4889_R1_A 0.0808337 0.0751694 0.0586181 0.0642874 0.0705753 0.0814794 0.0816413 0.0776187 0.0798607 0.1761720 0.0822580 0.0000000 0.0121714 0.0899703 0.0807049 0.0831907 0.0779116 0.1850233 0.1104627 0.0809976 0.0720902 0.0633361 0.0734708 0.0970755 
S0050_G4889_R1_A 0.0830815 0.0761915 0.0607806 0.0653114 0.0716245 0.0820184 0.0845311 0.0804837 0.0816271 0.1818718 0.0827116 0.0121714 0.0000000 0.0916338 0.0806141 0.0842147 0.0806489 0.1925736 0.1103354 0.0841020 0.0761807 0.0664340 0.0742024 0.0982047 
S0017_G4889_R1_A 0.0853562 0.0785869 0.0657587 0.0749526 0.0728337 0.0857744 0.0851021 0.0915336 0.0934161 0.1870277 0.0914158 0.0899703 0.0916338 0.0000000 0.0818315 0.0854529 0.0867344 0.1924434 0.1115071 0.0933287 0.0875795 0.0695797 0.0902403 0.1140885 
S0011_G4889_R1_A 0.0740882 0.0606769 0.0536535 0.0553166 0.0519964 0.0683482 0.0725253 0.0753233 0.0773673 0.1691142 0.0736532 0.0807049 0.0806141 0.0818315 0.0000000 0.0706123 0.0754293 0.1818671 0.1049731 0.0687895 0.0573672 0.0484782 0.0759503 0.1030022 
S0022_G4889_R1_A 0.0761230 0.0618443 0.0564249 0.0598671 0.0596938 0.0756394 0.0742673 0.0770092 0.0803939 0.1761177 0.0758703 0.0831907 0.0842147 0.0854529 0.0706123 0.0000000 0.0737998 0.1939096 0.1025510 0.0745783 0.0667994 0.0533790 0.0782478 0.1062158 
S0031_G4889_R1_A 0.0717377 0.0519003 0.0553233 0.0579248 0.0563489 0.0637675 0.0625460 0.0695339 0.0776238 0.1614887 0.0616585 0.0779116 0.0806489 0.0867344 0.0754293 0.0737998 0.0000000 0.1811526 0.0786879 0.0334043 0.0424205 0.0388925 0.0612133 0.1042278 
S0005_G4889_R2_A 0.1835584 0.1666221 0.1669810 0.1629793 0.1585745 0.1670108 0.1621953 0.1629903 0.1675524 0.0000010 0.1732739 0.1850233 0.1925736 0.1924434 0.1818671 0.1939096 0.1811526 0.0000000 0.2094371 0.1492234 0.1433008 0.1324768 0.1589218 0.2177197 
S0037_G4889_R1_A 0.1077265 0.0816664 0.0867838 0.0860892 0.0813410 0.0968432 0.0942778 0.0988304 0.0991570 0.1773489 0.0925865 0.1104627 0.1103354 0.1115071 0.1049731 0.1025510 0.0786879 0.2094371 0.0000000 0.0612865 0.0691110 0.0623453 0.0804714 0.1315942 
S0018_G4889_R1_A 0.0785052 0.0564444 0.0550468 0.0591414 0.0585412 0.0802172 0.0786746 0.0794641 0.0785416 0.1743829 0.0703546 0.0809976 0.0841020 0.0933287 0.0687895 0.0745783 0.0334043 0.1492234 0.0612865 0.0000000 0.0649934 0.0562544 0.0855208 0.1074082 
S0002_G4889_R1_A 0.0727637 0.0560654 0.0471512 0.0481248 0.0500635 0.0701237 0.0626013 0.0694737 0.0690608 0.1650145 0.0617598 0.0720902 0.0761807 0.0875795 0.0573672 0.0667994 0.0424205 0.1433008 0.0691110 0.0649934 0.0000000 0.0452780 0.0696389 0.0944768 
S0020_G4889_R1_A 0.0565720 0.0440833 0.0373445 0.0328877 0.0214156 0.0565773 0.0550769 0.0566707 0.0563364 0.1518246 0.0547493 0.0633361 0.0664340 0.0695797 0.0484782 0.0533790 0.0388925 0.1324768 0.0623453 0.0562544 0.0452780 0.0000000 0.0639017 0.0881154 
S0013_G4889_R1_A 0.0808067 0.0726126 0.0599937 0.0691607 0.0671810 0.0836003 0.0824880 0.0867878 0.0817354 0.1778513 0.0828653 0.0734708 0.0742024 0.0902403 0.0759503 0.0782478 0.0612133 0.1589218 0.0804714 0.0855208 0.0696389 0.0639017 0.0000000 0.0977241 
S0012_G4889_R1_A 0.1048894 0.0978777 0.0817572 0.0929933 0.0866043 0.1040765 0.1018425 0.0975699 0.1028473 0.1959895 0.1047243 0.0970755 0.0982047 0.1140885 0.1030022 0.1062158 0.1042278 0.2177197 0.1315942 0.1074082 0.0944768 0.0881154 0.0977241 0.0000000 
