23
S0005_G4932_R1_A 0.0000000 0.1703105 0.1918203 0.1901300 0.1846306 0.1661553 0.1587899 0.1714999 0.1617315 0.1675079 0.1550454 0.1581153 0.1680829 0.1752209 0.1653096 0.1684531 0.1903649 0.1863498 0.1910159 0.1639077 0.1947472 0.1721513 0.1651188 
S0002_G4932_R1_A 0.1703105 0.0000000 0.0852241 0.0882238 0.0802361 0.0634372 0.0561261 0.0660478 0.0619686 0.0654413 0.0620964 0.0578450 0.0549609 0.0728111 0.0718961 0.0669766 0.0861614 0.0798675 0.0838600 0.0696688 0.0969585 0.0706669 0.0680529 
S0018_G4932_R1_A 0.1918203 0.0852241 0.0000000 0.0892337 0.0933620 0.0747137 0.0735824 0.0742973 0.0757168 0.0402618 0.0834976 0.0732567 0.0837200 0.0741903 0.0875374 0.0835489 0.1008386 0.0932252 0.0975929 0.0902359 0.1020472 0.0894191 0.0787154 
S0037_G4932_R1_A 0.1901300 0.0882238 0.0892337 0.0000000 0.0969259 0.0817237 0.0745236 0.0788271 0.0772537 0.0682252 0.0844763 0.0760130 0.0845811 0.0789593 0.0871386 0.0843425 0.1040113 0.0973853 0.1034035 0.0864096 0.1105810 0.0925403 0.0797328 
S0017_G4932_R1_A 0.1846306 0.0802361 0.0933620 0.0969259 0.0000000 0.0764357 0.0726002 0.0842829 0.0718081 0.0759167 0.0777668 0.0709367 0.0774512 0.0796486 0.0799366 0.0788239 0.0992355 0.0959000 0.1007808 0.0812076 0.1019255 0.0828448 0.0788357 
S0036_G4932_R1_A 0.1661553 0.0634372 0.0747137 0.0817237 0.0764357 0.0000000 0.0528522 0.0637418 0.0553713 0.0592926 0.0612986 0.0550992 0.0603982 0.0665270 0.0650996 0.0636235 0.0777913 0.0750040 0.0809962 0.0658256 0.0868128 0.0683000 0.0612766 
S0019_G4932_R1_A 0.1587899 0.0561261 0.0735824 0.0745236 0.0726002 0.0528522 0.0000000 0.0557866 0.0282508 0.0529069 0.0547986 0.0467992 0.0526068 0.0586601 0.0615651 0.0557288 0.0751504 0.0693119 0.0748363 0.0633584 0.0829515 0.0590697 0.0542421 
S0016_G4932_R1_A 0.1714999 0.0660478 0.0742973 0.0788271 0.0842829 0.0637418 0.0557866 0.0000000 0.0592066 0.0535141 0.0664357 0.0566649 0.0654671 0.0631397 0.0710887 0.0667449 0.0881250 0.0806973 0.0859000 0.0674070 0.0949594 0.0724981 0.0643367 
S0020_G4932_R1_A 0.1617315 0.0619686 0.0757168 0.0772537 0.0718081 0.0553713 0.0282508 0.0592066 0.0000000 0.0540182 0.0538773 0.0521975 0.0546674 0.0634848 0.0619755 0.0582476 0.0762139 0.0719465 0.0778759 0.0637080 0.0836219 0.0605271 0.0553252 
S0031_G4932_R1_A 0.1675079 0.0654413 0.0402618 0.0682252 0.0759167 0.0592926 0.0529069 0.0535141 0.0540182 0.0000000 0.0627546 0.0540955 0.0619425 0.0541737 0.0664907 0.0631295 0.0847400 0.0764295 0.0810263 0.0678516 0.0897983 0.0678842 0.0577980 
S0026_G4932_R1_A 0.1550454 0.0620964 0.0834976 0.0844763 0.0777668 0.0612986 0.0547986 0.0664357 0.0538773 0.0627546 0.0000000 0.0549378 0.0581785 0.0672473 0.0530455 0.0652213 0.0844917 0.0801439 0.0853253 0.0587007 0.0898991 0.0690840 0.0612581 
S0030_G4932_R1_A 0.1581153 0.0578450 0.0732567 0.0760130 0.0709367 0.0550992 0.0467992 0.0566649 0.0521975 0.0540955 0.0549378 0.0000000 0.0553539 0.0592640 0.0597502 0.0598319 0.0773612 0.0731593 0.0786328 0.0630143 0.0872622 0.0635423 0.0456422 
S0011_G4932_R1_A 0.1680829 0.0549609 0.0837200 0.0845811 0.0774512 0.0603982 0.0526068 0.0654671 0.0546674 0.0619425 0.0581785 0.0553539 0.0000000 0.0652752 0.0668611 0.0643846 0.0821775 0.0753507 0.0808765 0.0666466 0.0877825 0.0665440 0.0615081 
S0004_G4932_R1_A 0.1752209 0.0728111 0.0741903 0.0789593 0.0796486 0.0665270 0.0586601 0.0631397 0.0634848 0.0541737 0.0672473 0.0592640 0.0652752 0.0000000 0.0705730 0.0734920 0.0869658 0.0831572 0.0873736 0.0730585 0.0954979 0.0727668 0.0655962 
S0021_G4932_R1_A 0.1653096 0.0718961 0.0875374 0.0871386 0.0799366 0.0650996 0.0615651 0.0710887 0.0619755 0.0664907 0.0530455 0.0597502 0.0668611 0.0705730 0.0000000 0.0703813 0.0906894 0.0853787 0.0911426 0.0640691 0.0960350 0.0744210 0.0677187 
S0046_G4932_R1_A 0.1684531 0.0669766 0.0835489 0.0843425 0.0788239 0.0636235 0.0557288 0.0667449 0.0582476 0.0631295 0.0652213 0.0598319 0.0643846 0.0734920 0.0703813 0.0000000 0.0849434 0.0816696 0.0863086 0.0740124 0.0941262 0.0723982 0.0672387 
S0048_G4932_R1_A 0.1903649 0.0861614 0.1008386 0.1040113 0.0992355 0.0777913 0.0751504 0.0881250 0.0762139 0.0847400 0.0844917 0.0773612 0.0821775 0.0869658 0.0906894 0.0849434 0.0000000 0.0302426 0.0358448 0.0896155 0.1011349 0.0917559 0.0833036 
S0050_G4932_R1_A 0.1863498 0.0798675 0.0932252 0.0973853 0.0959000 0.0750040 0.0693119 0.0806973 0.0719465 0.0764295 0.0801439 0.0731593 0.0753507 0.0831572 0.0853787 0.0816696 0.0302426 0.0000000 0.0076094 0.0814841 0.0955747 0.0859672 0.0763265 
S0050_G4932_R2_A 0.1910159 0.0838600 0.0975929 0.1034035 0.1007808 0.0809962 0.0748363 0.0859000 0.0778759 0.0810263 0.0853253 0.0786328 0.0808765 0.0873736 0.0911426 0.0863086 0.0358448 0.0076094 0.0000000 0.0867628 0.1014643 0.0901233 0.0804171 
S0028_G4932_R1_A 0.1639077 0.0696688 0.0902359 0.0864096 0.0812076 0.0658256 0.0633584 0.0674070 0.0637080 0.0678516 0.0587007 0.0630143 0.0666466 0.0730585 0.0640691 0.0740124 0.0896155 0.0814841 0.0867628 0.0000000 0.0964687 0.0779680 0.0686528 
S0012_G4932_R1_A 0.1947472 0.0969585 0.1020472 0.1105810 0.1019255 0.0868128 0.0829515 0.0949594 0.0836219 0.0897983 0.0898991 0.0872622 0.0877825 0.0954979 0.0960350 0.0941262 0.1011349 0.0955747 0.1014643 0.0964687 0.0000000 0.0945456 0.0915147 
S0013_G4932_R1_A 0.1721513 0.0706669 0.0894191 0.0925403 0.0828448 0.0683000 0.0590697 0.0724981 0.0605271 0.0678842 0.0690840 0.0635423 0.0665440 0.0727668 0.0744210 0.0723982 0.0917559 0.0859672 0.0901233 0.0779680 0.0945456 0.0000000 0.0676690 
S0022_G4932_R1_A 0.1651188 0.0680529 0.0787154 0.0797328 0.0788357 0.0612766 0.0542421 0.0643367 0.0553252 0.0577980 0.0612581 0.0456422 0.0615081 0.0655962 0.0677187 0.0672387 0.0833036 0.0763265 0.0804171 0.0686528 0.0915147 0.0676690 0.0000000 
