28
S0031_G4951_R1_A 0.0000000 0.0281090 0.0470799 0.0532731 0.0533151 0.0610744 0.0523129 0.0448794 0.0667337 0.0484060 0.0579731 0.0715125 0.0636545 0.0314762 0.0274598 0.0441520 0.0294303 0.0274218 0.0564283 0.0825518 0.1927890 0.0533577 0.0898790 0.0699906 0.0699487 0.0846718 0.0592592 0.2137192 
S0018_G4951_R1_A 0.0281090 0.0000000 0.0575807 0.0633949 0.0609057 0.0713101 0.0592599 0.0530252 0.0766705 0.0525032 0.0667325 0.0794453 0.0736364 0.0292828 0.0253036 0.0552977 0.0252689 0.0232852 0.0644644 0.0892616 0.2015567 0.0616458 0.0999006 0.0773203 0.0784525 0.0967375 0.0733492 0.2149842 
S0030_G4951_R1_A 0.0470799 0.0575807 0.0000000 0.0498186 0.0490636 0.0599713 0.0487143 0.0532340 0.0631031 0.0632609 0.0561986 0.0697189 0.0593620 0.0312187 0.0252075 0.0442640 0.0251730 0.0231979 0.0499274 0.0722689 0.1886237 0.0533321 0.0878475 0.0695996 0.0674712 0.0855399 0.0608501 0.2100699 
S0019_G4951_R1_A 0.0532731 0.0633949 0.0498186 0.0000000 0.0499017 0.0601872 0.0495043 0.0577358 0.0625520 0.0649805 0.0544491 0.0680669 0.0504164 0.0279030 0.0238447 0.0435331 0.0238114 0.0217897 0.0356493 0.0777664 0.1742044 0.0548582 0.0847688 0.0644005 0.0644231 0.0760275 0.0411586 0.2090540 
S0028_G4951_R1_A 0.0533151 0.0609057 0.0490636 0.0499017 0.0000000 0.0621742 0.0494983 0.0545975 0.0645101 0.0682499 0.0582375 0.0686744 0.0588791 0.0293428 0.0253553 0.0426773 0.0213615 0.0193871 0.0534304 0.0839441 0.1879117 0.0594129 0.0917664 0.0742908 0.0731975 0.0890409 0.0611542 0.2068060 
S0011_G4951_R1_A 0.0610744 0.0713101 0.0599713 0.0601872 0.0621742 0.0000000 0.0603159 0.0663844 0.0748238 0.0646925 0.0687793 0.0803167 0.0710091 0.0387666 0.0325585 0.0469230 0.0325144 0.0305516 0.0620933 0.0881832 0.1977231 0.0588175 0.0998320 0.0836745 0.0815130 0.1055335 0.0741934 0.2219474 
S0022_G4951_R1_A 0.0523129 0.0592599 0.0487143 0.0495043 0.0494983 0.0603159 0.0000000 0.0548441 0.0635049 0.0653992 0.0556515 0.0698125 0.0571157 0.0289075 0.0247433 0.0505218 0.0227719 0.0208401 0.0505499 0.0812540 0.1896730 0.0587437 0.0942682 0.0727946 0.0717034 0.0949500 0.0636243 0.2173040 
S0004_G4951_R1_A 0.0448794 0.0530252 0.0532340 0.0577358 0.0545975 0.0663844 0.0548441 0.0000000 0.0729794 0.0634198 0.0625002 0.0730257 0.0627947 0.0334874 0.0274545 0.0458404 0.0254226 0.0234265 0.0552086 0.0853406 0.1819763 0.0591957 0.0916335 0.0715754 0.0715316 0.0890989 0.0633334 0.2134485 
S0026_G4951_R1_A 0.0667337 0.0766705 0.0631031 0.0625520 0.0645101 0.0748238 0.0635049 0.0729794 0.0000000 0.0746389 0.0753611 0.0783828 0.0732290 0.0253933 0.0214235 0.0523934 0.0294314 0.0274228 0.0658091 0.0965341 0.1901396 0.0720829 0.1028838 0.0811859 0.0812090 0.1054422 0.0711348 0.2116998 
S0037_G4951_R1_A 0.0484060 0.0525032 0.0632609 0.0649805 0.0682499 0.0646925 0.0653992 0.0634198 0.0746389 0.0000000 0.0611525 0.0783428 0.0703148 0.0531166 0.0498632 0.0757330 0.0471850 0.0446059 0.0648914 0.0868578 0.1860764 0.0618163 0.1161195 0.0953649 0.0938419 0.1288222 0.0951199 0.2678799 
S0046_G4951_R1_A 0.0579731 0.0667325 0.0561986 0.0544491 0.0582375 0.0687793 0.0556515 0.0625002 0.0753611 0.0611525 0.0000000 0.0749028 0.0683195 0.0447711 0.0464289 0.0457977 0.0384188 0.0364375 0.0572031 0.0892208 0.1929658 0.0604840 0.0985428 0.0795993 0.0795549 0.1012825 0.0686715 0.2216986 
S0017_G4951_R1_A 0.0715125 0.0794453 0.0697189 0.0680669 0.0686744 0.0803167 0.0698125 0.0730257 0.0783828 0.0783428 0.0749028 0.0000000 0.0760864 0.0368358 0.0325477 0.0572362 0.0364154 0.0344421 0.0702641 0.1048720 0.1930162 0.0757586 0.1070810 0.0851160 0.0861341 0.1081573 0.0730887 0.2272688 
S0002_G4951_R1_A 0.0636545 0.0736364 0.0593620 0.0504164 0.0588791 0.0710091 0.0571157 0.0627947 0.0732290 0.0703148 0.0683195 0.0760864 0.0000000 0.0274526 0.0214729 0.0529517 0.0234288 0.0214402 0.0477160 0.0880678 0.1873475 0.0663707 0.0900603 0.0713783 0.0702220 0.0883628 0.0596979 0.2193974 
S0021_G4951_R1_A 0.0314762 0.0292828 0.0312187 0.0279030 0.0293428 0.0387666 0.0289075 0.0334874 0.0253933 0.0531166 0.0447711 0.0368358 0.0274526 0.0000000 0.0094486 0.0395942 0.0307601 0.0287899 0.0348480 0.0368289 0.0673111 0.0428032 0.0388907 0.0449926 0.0388907 0.0619110 0.0619936 0.2119258 
S0021_G4951_R2_A 0.0274598 0.0253036 0.0252075 0.0238447 0.0253553 0.0325585 0.0247433 0.0274545 0.0214235 0.0498632 0.0464289 0.0325477 0.0214729 0.0094486 0.0000000 0.0355284 0.0265832 0.0246440 0.0305914 0.0325417 0.0605016 0.0384260 0.0345641 0.0425667 0.0345641 0.0616054 0.0616873 0.2054706 
S0016_G4951_R1_A 0.0441520 0.0552977 0.0442640 0.0435331 0.0426773 0.0469230 0.0505218 0.0458404 0.0523934 0.0757330 0.0457977 0.0572362 0.0529517 0.0395942 0.0355284 0.0000000 0.0354789 0.0334510 0.0467566 0.0656243 0.1553231 0.0473191 0.0909297 0.0690044 0.0702449 0.0922720 0.0568793 0.2260721 
S0048_G4951_R1_A 0.0294303 0.0252689 0.0251730 0.0238114 0.0213615 0.0325144 0.0227719 0.0254226 0.0294314 0.0471850 0.0384188 0.0364154 0.0234288 0.0307601 0.0265832 0.0354789 0.0000000 0.0018547 0.0285937 0.0305358 0.0667382 0.0285708 0.0305888 0.0385256 0.0305888 0.0573681 0.0595107 0.2091664 
S0050_G4951_R1_A 0.0274218 0.0232852 0.0231979 0.0217897 0.0193871 0.0305516 0.0208401 0.0234265 0.0274228 0.0446059 0.0364375 0.0344421 0.0214402 0.0287899 0.0246440 0.0334510 0.0018547 0.0000000 0.0266436 0.0285803 0.0646661 0.0266223 0.0286297 0.0365378 0.0286297 0.0552953 0.0574284 0.2058820 
S0020_G4951_R1_A 0.0564283 0.0644644 0.0499274 0.0356493 0.0534304 0.0620933 0.0505499 0.0552086 0.0658091 0.0648914 0.0572031 0.0702641 0.0477160 0.0348480 0.0305914 0.0467566 0.0285937 0.0266436 0.0000000 0.0738648 0.1718626 0.0604252 0.0891946 0.0698352 0.0687039 0.0900087 0.0556322 0.2227229 
S0012_G4951_R1_A 0.0825518 0.0892616 0.0722689 0.0777664 0.0839441 0.0881832 0.0812540 0.0853406 0.0965341 0.0868578 0.0892208 0.1048720 0.0880678 0.0368289 0.0325417 0.0656243 0.0305358 0.0285803 0.0738648 0.0000000 0.2257001 0.0818693 0.0873209 0.0866886 0.0844342 0.0950051 0.0886586 0.2481774 
S0005_G4951_R1_A 0.1927890 0.2015567 0.1886237 0.1742044 0.1879117 0.1977231 0.1896730 0.1819763 0.1901396 0.1860764 0.1929658 0.1930162 0.1873475 0.0673111 0.0605016 0.1553231 0.0667382 0.0646661 0.1718626 0.2257001 0.0000000 0.1901502 0.1972556 0.1759698 0.1719093 0.2097814 0.1713250 0.2458092 
S0013_G4951_R1_A 0.0533577 0.0616458 0.0533321 0.0548582 0.0594129 0.0588175 0.0587437 0.0591957 0.0720829 0.0618163 0.0604840 0.0757586 0.0663707 0.0428032 0.0384260 0.0473191 0.0285708 0.0266223 0.0604252 0.0818693 0.1901502 0.0000000 0.0935358 0.0759584 0.0738057 0.0995894 0.0673881 0.2079337 
S0036_G4951_R1_A 0.0898790 0.0999006 0.0878475 0.0847688 0.0917664 0.0998320 0.0942682 0.0916335 0.1028838 0.1161195 0.0985428 0.1070810 0.0900603 0.0388907 0.0345641 0.0909297 0.0305888 0.0286297 0.0891946 0.0873209 0.1972556 0.0935358 0.0000000 0.0215756 0.0036712 0.0284198 0.0753605 0.2702240 
S0036_G4951_R6_A 0.0699906 0.0773203 0.0695996 0.0644005 0.0742908 0.0836745 0.0727946 0.0715754 0.0811859 0.0953649 0.0795993 0.0851160 0.0713783 0.0449926 0.0425667 0.0690044 0.0385256 0.0365378 0.0698352 0.0866886 0.1759698 0.0759584 0.0215756 0.0000000 0.0177464 0.0264470 0.0537462 0.2573366 
S0036_G4951_R7_A 0.0699487 0.0784525 0.0674712 0.0644231 0.0731975 0.0815130 0.0717034 0.0715316 0.0812090 0.0938419 0.0795549 0.0861341 0.0702220 0.0388907 0.0345641 0.0702449 0.0305888 0.0286297 0.0687039 0.0844342 0.1719093 0.0738057 0.0036712 0.0177464 0.0000000 0.0343384 0.0558534 0.2530640 
S0036_G4951_R3_A 0.0846718 0.0967375 0.0855399 0.0760275 0.0890409 0.1055335 0.0949500 0.0890989 0.1054422 0.1288222 0.1012825 0.1081573 0.0883628 0.0619110 0.0616054 0.0922720 0.0573681 0.0552953 0.0900087 0.0950051 0.2097814 0.0995894 0.0284198 0.0264470 0.0343384 0.0000000 0.0585208 0.2746696 
S0036_G4951_R2_A 0.0592592 0.0733492 0.0608501 0.0411586 0.0611542 0.0741934 0.0636243 0.0633334 0.0711348 0.0951199 0.0686715 0.0730887 0.0596979 0.0619936 0.0616873 0.0568793 0.0595107 0.0574284 0.0556322 0.0886586 0.1713250 0.0673881 0.0753605 0.0537462 0.0558534 0.0585208 0.0000000 0.2250274 
S0019_G4951_R2_A 0.2137192 0.2149842 0.2100699 0.2090540 0.2068060 0.2219474 0.2173040 0.2134485 0.2116998 0.2678799 0.2216986 0.2272688 0.2193974 0.2119258 0.2054706 0.2260721 0.2091664 0.2058820 0.2227229 0.2481774 0.2458092 0.2079337 0.2702240 0.2573366 0.2530640 0.2746696 0.2250274 0.0000000 
