23
S0022_G4989_R1_A 0.0000000 0.0798139 0.0745940 0.0829520 0.0708082 0.0808627 0.0838973 0.0690231 0.0836491 0.0898568 0.0884456 0.0607046 0.0680854 0.0675296 0.0970367 0.0937883 0.0948254 0.1051534 0.1216376 0.2589927 0.1216925 0.1296890 0.1322806 
S0002_G4989_R1_A 0.0798139 0.0000000 0.0712654 0.0833445 0.0683412 0.0758379 0.0897212 0.0712220 0.0810708 0.0974881 0.0808224 0.0567880 0.0605041 0.0503123 0.0909819 0.0941349 0.0943134 0.1078093 0.1166977 0.2507877 0.1233776 0.1337113 0.1347921 
S0020_G4989_R1_A 0.0745940 0.0712654 0.0000000 0.0776009 0.0549180 0.0684433 0.0860558 0.0585626 0.0797257 0.0898971 0.0850833 0.0470122 0.0573075 0.0503701 0.0952812 0.0897482 0.0899540 0.0978162 0.1139782 0.2501713 0.1212040 0.1275004 0.1297371 
S0016_G4989_R1_A 0.0829520 0.0833445 0.0776009 0.0000000 0.0685285 0.0814301 0.0898736 0.0712864 0.0850278 0.0944695 0.0857872 0.0470369 0.0540596 0.0503967 0.0943479 0.0950860 0.0959900 0.1087591 0.1172600 0.2607477 0.1243423 0.1314957 0.1341796 
S0019_G4989_R1_A 0.0708082 0.0683412 0.0549180 0.0685285 0.0000000 0.0684214 0.0823404 0.0569441 0.0759784 0.0876079 0.0811975 0.0600663 0.0707833 0.0636154 0.0906975 0.0867405 0.0838365 0.0988620 0.1161720 0.2459851 0.1166823 0.1299207 0.1277462 
S0011_G4989_R1_A 0.0808627 0.0758379 0.0684433 0.0814301 0.0684214 0.0000000 0.0901288 0.0674980 0.0798249 0.0891519 0.0838496 0.0568792 0.0674193 0.0603087 0.0955840 0.0898865 0.0916502 0.1028453 0.1183282 0.2409530 0.1166573 0.1253726 0.1238684 
S0046_G4989_R1_A 0.0838973 0.0897212 0.0860558 0.0898736 0.0823404 0.0901288 0.0000000 0.0775235 0.0913622 0.0993091 0.0899364 0.0568211 0.0673487 0.0602466 0.1031695 0.0974244 0.1007302 0.1144631 0.1287339 0.2630817 0.1248087 0.1445802 0.1360095 
S0036_G4989_R1_A 0.0690231 0.0712220 0.0585626 0.0712864 0.0569441 0.0674980 0.0775235 0.0000000 0.0740394 0.0858344 0.0777599 0.0503996 0.0608031 0.0537900 0.0886749 0.0849766 0.0851791 0.0976674 0.1023230 0.2479943 0.1083746 0.1141434 0.1177733 
S0026_G4989_R1_A 0.0836491 0.0810708 0.0797257 0.0850278 0.0759784 0.0798249 0.0913622 0.0740394 0.0000000 0.0927619 0.0774186 0.0772211 0.0882963 0.0808077 0.0959063 0.0824054 0.0802878 0.1097749 0.1241821 0.2390003 0.1229321 0.1360668 0.1363959 
S0013_G4989_R1_A 0.0898568 0.0974881 0.0898971 0.0944695 0.0876079 0.0891519 0.0993091 0.0858344 0.0927619 0.0000000 0.0969635 0.0569962 0.0675625 0.0604346 0.1097955 0.1038323 0.1082268 0.1197623 0.1345175 0.2663465 0.1178723 0.1389096 0.1297087 
S0028_G4989_R1_A 0.0884456 0.0808224 0.0850833 0.0857872 0.0811975 0.0838496 0.0899364 0.0777599 0.0774186 0.0969635 0.0000000 0.0836962 0.0948827 0.0803143 0.1014023 0.0866338 0.0897146 0.1140534 0.1200634 0.2377136 0.1288305 0.1314696 0.1412664 
S0037_G4989_R1_A 0.0607046 0.0567880 0.0470122 0.0470369 0.0600663 0.0568792 0.0568211 0.0503996 0.0772211 0.0569962 0.0836962 0.0000000 0.0442130 0.0438618 0.0703061 0.0669634 0.0806593 0.0472668 0.0807468 0.0736253 0.0771588 0.1017472 0.0839095 
S0018_G4989_R1_A 0.0680854 0.0605041 0.0573075 0.0540596 0.0707833 0.0674193 0.0673487 0.0608031 0.0882963 0.0675625 0.0948827 0.0442130 0.0000000 0.0441744 0.0879723 0.0777678 0.0918233 0.0576233 0.0919252 0.0742567 0.0882235 0.1134712 0.0882687 
S0031_G4989_R1_A 0.0675296 0.0503123 0.0503701 0.0503967 0.0636154 0.0603087 0.0602466 0.0537900 0.0808077 0.0604346 0.0803143 0.0438618 0.0441744 0.0000000 0.0805173 0.0704706 0.0842718 0.0474065 0.0843638 0.0854806 0.0807420 0.1055226 0.0875333 
S0004_G4989_R1_A 0.0970367 0.0909819 0.0952812 0.0943479 0.0906975 0.0955840 0.1031695 0.0886749 0.0959063 0.1097955 0.1014023 0.0703061 0.0879723 0.0805173 0.0000000 0.1105752 0.1081670 0.1240822 0.1301423 0.2691958 0.1339367 0.1443946 0.1446479 
S0021_G4989_R1_A 0.0937883 0.0941349 0.0897482 0.0950860 0.0867405 0.0898865 0.0974244 0.0849766 0.0824054 0.1038323 0.0866338 0.0669634 0.0777678 0.0704706 0.1105752 0.0000000 0.0304680 0.1176660 0.1246898 0.2493489 0.1348617 0.1462683 0.1438423 
S0021_G4989_R2_A 0.0948254 0.0943134 0.0899540 0.0959900 0.0838365 0.0916502 0.1007302 0.0851791 0.0802878 0.1082268 0.0897146 0.0806593 0.0918233 0.0842718 0.1081670 0.0304680 0.0000000 0.1223401 0.1283382 0.2487574 0.1379481 0.1474794 0.1502864 
S0030_G4989_R1_A 0.1051534 0.1078093 0.0978162 0.1087591 0.0988620 0.1028453 0.1144631 0.0976674 0.1097749 0.1197623 0.1140534 0.0472668 0.0576233 0.0474065 0.1240822 0.1176660 0.1223401 0.0000000 0.1348898 0.2781908 0.1414429 0.1597424 0.1550319 
S0017_G4989_R1_A 0.1216376 0.1166977 0.1139782 0.1172600 0.1161720 0.1183282 0.1287339 0.1023230 0.1241821 0.1345175 0.1200634 0.0807468 0.0919252 0.0843638 0.1301423 0.1246898 0.1283382 0.1348898 0.0000000 0.2944389 0.1664698 0.1643974 0.1740928 
S0005_G4989_R1_A 0.2589927 0.2507877 0.2501713 0.2607477 0.2459851 0.2409530 0.2630817 0.2479943 0.2390003 0.2663465 0.2377136 0.0736253 0.0742567 0.0854806 0.2691958 0.2493489 0.2487574 0.2781908 0.2944389 0.0000000 0.2785533 0.3013453 0.2955226 
S0048_G4989_R1_A 0.1216925 0.1233776 0.1212040 0.1243423 0.1166823 0.1166573 0.1248087 0.1083746 0.1229321 0.1178723 0.1288305 0.0771588 0.0882235 0.0807420 0.1339367 0.1348617 0.1379481 0.1414429 0.1664698 0.2785533 0.0000000 0.1599488 0.0253716 
S0012_G4989_R1_A 0.1296890 0.1337113 0.1275004 0.1314957 0.1299207 0.1253726 0.1445802 0.1141434 0.1360668 0.1389096 0.1314696 0.1017472 0.1134712 0.1055226 0.1443946 0.1462683 0.1474794 0.1597424 0.1643974 0.3013453 0.1599488 0.0000000 0.1792852 
S0050_G4989_R1_A 0.1322806 0.1347921 0.1297371 0.1341796 0.1277462 0.1238684 0.1360095 0.1177733 0.1363959 0.1297087 0.1412664 0.0839095 0.0882687 0.0875333 0.1446479 0.1438423 0.1502864 0.1550319 0.1740928 0.2955226 0.0253716 0.1792852 0.0000000 
