25
S0012_G5034_R1_A 0.0000000 0.0830964 0.1018138 0.1043929 0.2401612 0.1394919 0.1078681 0.1270419 0.1099840 0.1148223 0.1070806 0.1080686 0.1218011 0.1144623 0.1193956 0.1256403 0.1208646 0.1197394 0.1240511 0.1061537 0.1279027 1.2091765 1.1777536 1.1698897 1.1295154 
S0046_G5034_R1_A 0.0830964 0.0000000 0.0673154 0.0696157 0.2083993 0.1076801 0.0807020 0.0954727 0.0774702 0.0793410 0.0717178 0.0700178 0.0862893 0.0785855 0.0860539 0.0932755 0.0876671 0.0830794 0.0842724 0.0708098 0.0973178 1.2252732 1.1967367 1.1426815 1.1095103 
S0021_G5034_R1_A 0.1018138 0.0673154 0.0000000 0.0312180 0.1895171 0.1093692 0.0791604 0.0934067 0.0778129 0.0734053 0.0735006 0.0734438 0.0843819 0.0808183 0.0836752 0.0907082 0.0852427 0.0849445 0.0846725 0.0686383 0.0876017 1.2286147 1.2048357 1.1289379 1.0807625 
S0021_G5034_R2_A 0.1043929 0.0696157 0.0312180 0.0000000 0.1968043 0.1143025 0.0831733 0.0970249 0.0788606 0.0738352 0.0739298 0.0762414 0.0866938 0.0837051 0.0889428 0.0893644 0.0850623 0.0848034 0.0894219 0.0679233 0.0888275 1.2130473 1.1857852 1.1243833 1.0702500 
S0005_G5034_R1_A 0.2401612 0.2083993 0.1895171 0.1968043 0.0000000 0.2396809 0.2103141 0.2325312 0.2075804 0.2160651 0.2065671 0.2091465 0.2263042 0.2130648 0.2185514 0.2181251 0.2157190 0.2241199 0.2308940 0.2028099 0.2107192 1.2816257 1.2309955 1.1653057 1.1514062 
S0037_G5034_R1_A 0.1394919 0.1076801 0.1093692 0.1143025 0.2396809 0.0000000 0.0604453 0.0748540 0.0810634 0.0863324 0.0862599 0.0816633 0.0954437 0.0928714 0.0764845 0.1118213 0.1058148 0.0910004 0.0959080 0.0809185 0.1155099 1.2570299 1.2496557 1.2042561 1.1631647 
S0031_G5034_R1_A 0.1078681 0.0807020 0.0791604 0.0831733 0.2103141 0.0604453 0.0000000 0.0436465 0.0482964 0.0582364 0.0553534 0.0538546 0.0661675 0.0619562 0.0479374 0.0839445 0.0764676 0.0603686 0.0632801 0.0482993 0.0865617 1.1955342 1.1784881 1.1235848 1.0894429 
S0018_G5034_R1_A 0.1270419 0.0954727 0.0934067 0.0970249 0.2325312 0.0748540 0.0436465 0.0000000 0.0646635 0.0737185 0.0724610 0.0663135 0.0837089 0.0759610 0.0647228 0.0974343 0.0921253 0.0753106 0.0819095 0.0657057 0.1019661 1.1563251 1.1467804 1.1141415 1.0801315 
S0016_G5034_R1_A 0.1099840 0.0774702 0.0778129 0.0788606 0.2075804 0.0810634 0.0482964 0.0646635 0.0000000 0.0517576 0.0526614 0.0534398 0.0663909 0.0599210 0.0545531 0.0820990 0.0768128 0.0588961 0.0674871 0.0443854 0.0840795 1.1915250 1.1646242 1.1334601 1.0953002 
S0020_G5034_R1_A 0.1148223 0.0793410 0.0734053 0.0738352 0.2160651 0.0863324 0.0582364 0.0737185 0.0517576 0.0000000 0.0499742 0.0507668 0.0714878 0.0565908 0.0668514 0.0873871 0.0792330 0.0633839 0.0710176 0.0348280 0.0901338 1.1831248 1.1689143 1.1452900 1.1102229 
S0011_G5034_R1_A 0.1070806 0.0717178 0.0735006 0.0739298 0.2065671 0.0862599 0.0553534 0.0724610 0.0526614 0.0499742 0.0000000 0.0457143 0.0661428 0.0524622 0.0605430 0.0778023 0.0714219 0.0593346 0.0634579 0.0431371 0.0861468 1.2336410 1.2070428 1.1194407 1.0844852 
S0036_G5034_R1_A 0.1080686 0.0700178 0.0734438 0.0762414 0.2091465 0.0816633 0.0538546 0.0663135 0.0534398 0.0507668 0.0457143 0.0000000 0.0657973 0.0533079 0.0622796 0.0772398 0.0737025 0.0583034 0.0630500 0.0451336 0.0849544 1.1797356 1.1661838 1.1018408 1.0690088 
S0017_G5034_R1_A 0.1218011 0.0862893 0.0843819 0.0866938 0.2263042 0.0954437 0.0661675 0.0837089 0.0663909 0.0714878 0.0661428 0.0657973 0.0000000 0.0704097 0.0748980 0.0880697 0.0816735 0.0697160 0.0728293 0.0608017 0.0960798 1.1944616 1.1641379 1.1122230 1.0783364 
S0002_G5034_R1_A 0.1144623 0.0785855 0.0808183 0.0837051 0.2130648 0.0928714 0.0619562 0.0759610 0.0599210 0.0565908 0.0524622 0.0533079 0.0704097 0.0000000 0.0656309 0.0914754 0.0844008 0.0621196 0.0686614 0.0513042 0.0940396 1.1767072 1.1487470 1.0930049 1.0578018 
S0004_G5034_R1_A 0.1193956 0.0860539 0.0836752 0.0889428 0.2185514 0.0764845 0.0479374 0.0647228 0.0545531 0.0668514 0.0605430 0.0622796 0.0748980 0.0656309 0.0000000 0.0893725 0.0829787 0.0666347 0.0725780 0.0582349 0.0863178 1.2110008 1.1935286 1.1178769 1.0765902 
S0048_G5034_R1_A 0.1256403 0.0932755 0.0907082 0.0893644 0.2181251 0.1118213 0.0839445 0.0974343 0.0820990 0.0873871 0.0778023 0.0772398 0.0880697 0.0914754 0.0893725 0.0000000 0.0208295 0.0870379 0.0929916 0.0743314 0.0762982 1.2235963 1.1965243 1.1202844 1.0850956 
S0050_G5034_R1_A 0.1208646 0.0876671 0.0852427 0.0850623 0.2157190 0.1058148 0.0764676 0.0921253 0.0768128 0.0792330 0.0714219 0.0737025 0.0816735 0.0844008 0.0829787 0.0208295 0.0000000 0.0823175 0.0864985 0.0665814 0.0690763 1.2252973 1.1954911 1.1211468 1.0882200 
S0030_G5034_R1_A 0.1197394 0.0830794 0.0849445 0.0848034 0.2241199 0.0910004 0.0603686 0.0753106 0.0588961 0.0633839 0.0593346 0.0583034 0.0697160 0.0621196 0.0666347 0.0870379 0.0823175 0.0000000 0.0635055 0.0546068 0.0923599 1.1991681 1.1819781 1.0919071 1.0561495 
S0022_G5034_R1_A 0.1240511 0.0842724 0.0846725 0.0894219 0.2308940 0.0959080 0.0632801 0.0819095 0.0674871 0.0710176 0.0634579 0.0630500 0.0728293 0.0686614 0.0725780 0.0929916 0.0864985 0.0635055 0.0000000 0.0588568 0.0960284 1.1763010 1.1656820 1.1218521 1.0845989 
S0019_G5034_R1_A 0.1061537 0.0708098 0.0686383 0.0679233 0.2028099 0.0809185 0.0482993 0.0657057 0.0443854 0.0348280 0.0431371 0.0451336 0.0608017 0.0513042 0.0582349 0.0743314 0.0665814 0.0546068 0.0588568 0.0000000 0.0807394 1.1800459 1.1703335 1.0930999 1.0584091 
S0013_G5034_R1_A 0.1279027 0.0973178 0.0876017 0.0888275 0.2107192 0.1155099 0.0865617 0.1019661 0.0840795 0.0901338 0.0861468 0.0849544 0.0960798 0.0940396 0.0863178 0.0762982 0.0690763 0.0923599 0.0960284 0.0807394 0.0000000 1.1941717 1.1627153 1.1358161 1.1004577 
S0026_G5034_R3_A 1.2091765 1.2252732 1.2286147 1.2130473 1.2816257 1.2570299 1.1955342 1.1563251 1.1915250 1.1831248 1.2336410 1.1797356 1.1944616 1.1767072 1.2110008 1.2235963 1.2252973 1.1991681 1.1763010 1.1800459 1.1941717 0.0000000 0.0474158 0.4998718 0.4773025 
S0028_G5034_R3_A 1.1777536 1.1967367 1.2048357 1.1857852 1.2309955 1.2496557 1.1784881 1.1467804 1.1646242 1.1689143 1.2070428 1.1661838 1.1641379 1.1487470 1.1935286 1.1965243 1.1954911 1.1819781 1.1656820 1.1703335 1.1627153 0.0474158 0.0000000 0.4942754 0.4693224 
S0026_G5034_R2_A 1.1698897 1.1426815 1.1289379 1.1243833 1.1653057 1.2042561 1.1235848 1.1141415 1.1334601 1.1452900 1.1194407 1.1018408 1.1122230 1.0930049 1.1178769 1.1202844 1.1211468 1.0919071 1.1218521 1.0930999 1.1358161 0.4998718 0.4942754 0.0000000 0.0565650 
S0028_G5034_R2_A 1.1295154 1.1095103 1.0807625 1.0702500 1.1514062 1.1631647 1.0894429 1.0801315 1.0953002 1.1102229 1.0844852 1.0690088 1.0783364 1.0578018 1.0765902 1.0850956 1.0882200 1.0561495 1.0845989 1.0584091 1.1004577 0.4773025 0.4693224 0.0565650 0.0000000 
