25
S0013_G5111_R1_A 0.0000000 0.1777845 0.2194831 0.2288045 0.2231621 0.3984208 0.2257728 0.2268265 0.2331823 0.2469897 0.2401665 0.7858619 0.2553192 0.2365621 0.2571514 0.2850184 0.2562408 0.2639788 0.2167627 0.2854081 0.3374939 0.3259921 0.2793089 0.2919503 0.2727995 
S0019_G5111_R1_A 0.1777845 0.0000000 0.1980708 0.2031532 0.2301375 0.3733383 0.2376328 0.2295305 0.2304619 0.2352901 0.2449116 0.8418338 0.2635726 0.2569274 0.2696130 0.2730896 0.2494981 0.2492886 0.2252864 0.2992902 0.3203323 0.2989001 0.2866679 0.2714153 0.2641626 
S0036_G5111_R1_A 0.2194831 0.1980708 0.0000000 0.0542684 0.1014286 0.2746206 0.1420904 0.1392361 0.1422358 0.1484170 0.1474816 0.8069543 0.1785640 0.1658458 0.1529331 0.2482310 0.2259075 0.2304268 0.1918630 0.2722369 0.3016132 0.3229496 0.2672512 0.2664687 0.1700926 
S0020_G5111_R1_A 0.2288045 0.2031532 0.0542684 0.0000000 0.1211280 0.2971492 0.1519479 0.1613413 0.1610606 0.1721286 0.1705840 0.8548438 0.1854846 0.1764233 0.1696144 0.2574943 0.2367565 0.2600983 0.1968983 0.2885741 0.3074277 0.3265746 0.2710288 0.2995527 0.1818863 
S0036_G5111_R2_A 0.2231621 0.2301375 0.1014286 0.1211280 0.0000000 0.3198262 0.1575693 0.1712616 0.1689659 0.1806912 0.1775390 0.8613206 0.2085924 0.1916271 0.1800190 0.2844296 0.2585923 0.2558449 0.2093843 0.2832333 0.3163947 0.3536363 0.2826990 0.3132833 0.2011052 
S0005_G5111_R1_A 0.3984208 0.3733383 0.2746206 0.2971492 0.3198262 0.0000000 0.3118195 0.3219811 0.3107656 0.3120310 0.3273617 0.9645524 0.3444905 0.3582366 0.3328027 0.4082827 0.3876940 0.3872556 0.3267259 0.4289614 0.4660274 0.5015810 0.4912647 0.4123804 0.3653183 
S0004_G5111_R1_A 0.2257728 0.2376328 0.1420904 0.1519479 0.1575693 0.3118195 0.0000000 0.0841579 0.0831353 0.0898903 0.0745393 0.7688708 0.1216466 0.1233882 0.1126960 0.2006298 0.1971201 0.1988408 0.1753954 0.2419418 0.2450301 0.2445374 0.2489970 0.2492175 0.1353103 
S0021_G5111_R1_A 0.2268265 0.2295305 0.1392361 0.1613413 0.1712616 0.3219811 0.0841579 0.0000000 0.0254554 0.0771297 0.0922476 0.7607728 0.1179896 0.1291597 0.1444289 0.2110268 0.1986560 0.2044196 0.1627261 0.2276302 0.2640588 0.2791527 0.2519716 0.2505549 0.1749231 
S0021_G5111_R2_A 0.2331823 0.2304619 0.1422358 0.1610606 0.1689659 0.3107656 0.0831353 0.0254554 0.0000000 0.0749755 0.0937577 0.7912913 0.1115187 0.1250940 0.1358751 0.2038249 0.1892626 0.1989197 0.1615079 0.2288088 0.2623216 0.2783745 0.2503604 0.2424666 0.1786138 
S0026_G5111_R1_A 0.2469897 0.2352901 0.1484170 0.1721286 0.1806912 0.3120310 0.0898903 0.0771297 0.0749755 0.0000000 0.1000546 0.7919095 0.1226896 0.1375352 0.1488921 0.2085274 0.1979377 0.2088418 0.1712439 0.2324677 0.2788228 0.2843213 0.2634803 0.2440412 0.1727632 
S0016_G5111_R1_A 0.2401665 0.2449116 0.1474816 0.1705840 0.1775390 0.3273617 0.0745393 0.0922476 0.0937577 0.1000546 0.0000000 0.7997547 0.1318753 0.1282196 0.1305481 0.2192244 0.2082832 0.2097902 0.1809245 0.2516149 0.2582468 0.2628720 0.2734603 0.2497786 0.1610926 
S0050_G5111_R1_A 0.7858619 0.8418338 0.8069543 0.8548438 0.8613206 0.9645524 0.7688708 0.7607728 0.7912913 0.7919095 0.7997547 0.0000000 0.8329665 0.8430390 0.8656241 0.8784340 0.8137931 0.8160892 0.7959057 0.9165348 1.0277543 0.8553780 0.9010033 0.8044395 0.8387055 
S0046_G5111_R1_A 0.2553192 0.2635726 0.1785640 0.1854846 0.2085924 0.3444905 0.1216466 0.1179896 0.1115187 0.1226896 0.1318753 0.8329665 0.0000000 0.1596670 0.1810859 0.2282431 0.2208459 0.2302874 0.1851338 0.2613844 0.2868750 0.2885345 0.2674296 0.2694212 0.2036050 
S0048_G5111_R1_A 0.2365621 0.2569274 0.1658458 0.1764233 0.1916271 0.3582366 0.1233882 0.1291597 0.1250940 0.1375352 0.1282196 0.8430390 0.1596670 0.0000000 0.1874100 0.2492577 0.2260169 0.2502518 0.2175866 0.2812346 0.3039749 0.2975403 0.2923283 0.2840962 0.2052657 
S0018_G5111_R2_A 0.2571514 0.2696130 0.1529331 0.1696144 0.1800190 0.3328027 0.1126960 0.1444289 0.1358751 0.1488921 0.1305481 0.8656241 0.1810859 0.1874100 0.0000000 0.2402921 0.2184471 0.2426279 0.1939821 0.2675050 0.2254032 0.2408448 0.3150372 0.2904893 0.1456922 
S0022_G5111_R1_A 0.2850184 0.2730896 0.2482310 0.2574943 0.2844296 0.4082827 0.2006298 0.2110268 0.2038249 0.2085274 0.2192244 0.8784340 0.2282431 0.2492577 0.2402921 0.0000000 0.0658121 0.2114602 0.1916451 0.2598767 0.2625481 0.2797181 0.2366218 0.2684472 0.2764945 
S0030_G5111_R1_A 0.2562408 0.2494981 0.2259075 0.2367565 0.2585923 0.3876940 0.1971201 0.1986560 0.1892626 0.1979377 0.2082832 0.8137931 0.2208459 0.2260169 0.2184471 0.0658121 0.0000000 0.2018934 0.1833133 0.2519488 0.2476329 0.2707909 0.2401013 0.2553669 0.2517871 
S0002_G5111_R1_A 0.2639788 0.2492886 0.2304268 0.2600983 0.2558449 0.3872556 0.1988408 0.2044196 0.1989197 0.2088418 0.2097902 0.8160892 0.2302874 0.2502518 0.2426279 0.2114602 0.2018934 0.0000000 0.1904267 0.2397097 0.2417231 0.2473527 0.2696299 0.0876397 0.2628990 
S0028_G5111_R1_A 0.2167627 0.2252864 0.1918630 0.1968983 0.2093843 0.3267259 0.1753954 0.1627261 0.1615079 0.1712439 0.1809245 0.7959057 0.1851338 0.2175866 0.1939821 0.1916451 0.1833133 0.1904267 0.0000000 0.1979310 0.2325354 0.2627586 0.2589938 0.2304762 0.2223712 
S0017_G5111_R1_A 0.2854081 0.2992902 0.2722369 0.2885741 0.2832333 0.4289614 0.2419418 0.2276302 0.2288088 0.2324677 0.2516149 0.9165348 0.2613844 0.2812346 0.2675050 0.2598767 0.2519488 0.2397097 0.1979310 0.0000000 0.3117326 0.3300732 0.2911988 0.2917632 0.2917822 
S0031_G5111_R1_A 0.3374939 0.3203323 0.3016132 0.3074277 0.3163947 0.4660274 0.2450301 0.2640588 0.2623216 0.2788228 0.2582468 1.0277543 0.2868750 0.3039749 0.2254032 0.2625481 0.2476329 0.2417231 0.2325354 0.3117326 0.0000000 0.2697336 0.3414119 0.2837654 0.3026378 
S0018_G5111_R1_A 0.3259921 0.2989001 0.3229496 0.3265746 0.3536363 0.5015810 0.2445374 0.2791527 0.2783745 0.2843213 0.2628720 0.8553780 0.2885345 0.2975403 0.2408448 0.2797181 0.2707909 0.2473527 0.2627586 0.3300732 0.2697336 0.0000000 0.3405652 0.2853055 0.3025484 
S0012_G5111_R1_A 0.2793089 0.2866679 0.2672512 0.2710288 0.2826990 0.4912647 0.2489970 0.2519716 0.2503604 0.2634803 0.2734603 0.9010033 0.2674296 0.2923283 0.3150372 0.2366218 0.2401013 0.2696299 0.2589938 0.2911988 0.3414119 0.3405652 0.0000000 0.3168499 0.3348918 
S0011_G5111_R1_A 0.2919503 0.2714153 0.2664687 0.2995527 0.3132833 0.4123804 0.2492175 0.2505549 0.2424666 0.2440412 0.2497786 0.8044395 0.2694212 0.2840962 0.2904893 0.2684472 0.2553669 0.0876397 0.2304762 0.2917632 0.2837654 0.2853055 0.3168499 0.0000000 0.3168554 
S0037_G5111_R1_A 0.2727995 0.2641626 0.1700926 0.1818863 0.2011052 0.3653183 0.1353103 0.1749231 0.1786138 0.1727632 0.1610926 0.8387055 0.2036050 0.2052657 0.1456922 0.2764945 0.2517871 0.2628990 0.2223712 0.2917822 0.3026378 0.3025484 0.3348918 0.3168554 0.0000000 
