24
S0004_G5138_R1_A 0.0000000 0.0564930 0.0560083 0.0622611 0.0614342 0.0670494 0.0688557 0.0587453 0.0603591 0.0723392 0.0591965 0.0671329 0.0679504 0.0599671 0.0645176 0.0555472 0.0694493 0.0840486 0.0852396 0.0974507 0.0928649 0.0733901 0.1133059 0.1976310 
S0030_G5138_R1_A 0.0564930 0.0000000 0.0533861 0.0538313 0.0530475 0.0623983 0.0603913 0.0564170 0.0551519 0.0643456 0.0505868 0.0620150 0.0771478 0.0706216 0.0614429 0.0530215 0.0597898 0.0735908 0.0755019 0.0882475 0.0825235 0.0829051 0.1020374 0.2038852 
S0019_G5138_R1_A 0.0560083 0.0533861 0.0000000 0.0427103 0.0545720 0.0640414 0.0636175 0.0513607 0.0529321 0.0565610 0.0421280 0.0554685 0.0727867 0.0670128 0.0591193 0.0491475 0.0625836 0.0734831 0.0702309 0.0834173 0.0788960 0.0788464 0.0976081 0.1935325 
S0020_G5138_R1_A 0.0622611 0.0538313 0.0427103 0.0000000 0.0543676 0.0627080 0.0639590 0.0534838 0.0560487 0.0521666 0.0395385 0.0566069 0.0739705 0.0651497 0.0610595 0.0490747 0.0650176 0.0702899 0.0700217 0.0836739 0.0797542 0.0800127 0.1050852 0.1997490 
S0016_G5138_R1_A 0.0614342 0.0530475 0.0545720 0.0543676 0.0000000 0.0622754 0.0618570 0.0546887 0.0546743 0.0618588 0.0501521 0.0613504 0.0756335 0.0704194 0.0619054 0.0519802 0.0636481 0.0744244 0.0752001 0.0860408 0.0826696 0.0784281 0.1068361 0.1930426 
S0021_G5138_R1_A 0.0670494 0.0623983 0.0640414 0.0627080 0.0622754 0.0000000 0.0188580 0.0575108 0.0557907 0.0710289 0.0565839 0.0700537 0.0840345 0.0775503 0.0717014 0.0608259 0.0716368 0.0806938 0.0794684 0.0929545 0.0895124 0.0902761 0.1091229 0.1964504 
S0021_G5138_R2_A 0.0688557 0.0603913 0.0636175 0.0639590 0.0618570 0.0188580 0.0000000 0.0581576 0.0558939 0.0718188 0.0572934 0.0701708 0.0852315 0.0752915 0.0719171 0.0603960 0.0718375 0.0813774 0.0813748 0.0948128 0.0913566 0.0903776 0.1105548 0.2019075 
S0026_G5138_R1_A 0.0587453 0.0564170 0.0513607 0.0534838 0.0546887 0.0575108 0.0581576 0.0000000 0.0488140 0.0654141 0.0501436 0.0615727 0.0708537 0.0678737 0.0631828 0.0526799 0.0633244 0.0743196 0.0733167 0.0847762 0.0786002 0.0810778 0.0997483 0.1873535 
S0028_G5138_R1_A 0.0603591 0.0551519 0.0529321 0.0560487 0.0546743 0.0557907 0.0558939 0.0488140 0.0000000 0.0675206 0.0528153 0.0608657 0.0734964 0.0700217 0.0592342 0.0520067 0.0677266 0.0751795 0.0759020 0.0891146 0.0845782 0.0806933 0.1083382 0.1851281 
S0002_G5138_R1_A 0.0723392 0.0643456 0.0565610 0.0521666 0.0618588 0.0710289 0.0718188 0.0654141 0.0675206 0.0000000 0.0435879 0.0607903 0.0829056 0.0776011 0.0732393 0.0597490 0.0711677 0.0847747 0.0809414 0.0939382 0.0893024 0.0871462 0.1145907 0.2099559 
S0036_G5138_R1_A 0.0591965 0.0505868 0.0421280 0.0395385 0.0501521 0.0565839 0.0572934 0.0501436 0.0528153 0.0435879 0.0000000 0.0532359 0.0678503 0.0620294 0.0563908 0.0455304 0.0602713 0.0697839 0.0721781 0.0837717 0.0791717 0.0761124 0.0942915 0.1948216 
S0011_G5138_R1_A 0.0671329 0.0620150 0.0554685 0.0566069 0.0613504 0.0700537 0.0701708 0.0615727 0.0608657 0.0607903 0.0532359 0.0000000 0.0820853 0.0770975 0.0698899 0.0592050 0.0711118 0.0816266 0.0846435 0.0960166 0.0907575 0.0869725 0.1134202 0.1958654 
S0018_G5138_R1_A 0.0679504 0.0771478 0.0727867 0.0739705 0.0756335 0.0840345 0.0852315 0.0708537 0.0734964 0.0829056 0.0678503 0.0820853 0.0000000 0.0318289 0.0840488 0.0714739 0.0866571 0.0950886 0.0998520 0.1115569 0.1068167 0.0781721 0.1248379 0.2203378 
S0031_G5138_R1_A 0.0599671 0.0706216 0.0670128 0.0651497 0.0704194 0.0775503 0.0752915 0.0678737 0.0700217 0.0776011 0.0620294 0.0770975 0.0318289 0.0000000 0.0765333 0.0628728 0.0799190 0.0889214 0.0898467 0.1019002 0.0978107 0.0728381 0.1190433 0.2188105 
S0046_G5138_R1_A 0.0645176 0.0614429 0.0591193 0.0610595 0.0619054 0.0717014 0.0719171 0.0631828 0.0592342 0.0732393 0.0563908 0.0698899 0.0840488 0.0765333 0.0000000 0.0592714 0.0754092 0.0816739 0.0843228 0.0972755 0.0926473 0.0895751 0.1111879 0.2003875 
S0022_G5138_R1_A 0.0555472 0.0530215 0.0491475 0.0490747 0.0519802 0.0608259 0.0603960 0.0526799 0.0520067 0.0597490 0.0455304 0.0592050 0.0714739 0.0628728 0.0592714 0.0000000 0.0587457 0.0717754 0.0688205 0.0819729 0.0774494 0.0764670 0.0968696 0.1950325 
S0013_G5138_R1_A 0.0694493 0.0597898 0.0625836 0.0650176 0.0636481 0.0716368 0.0718375 0.0633244 0.0677266 0.0711677 0.0602713 0.0711118 0.0866571 0.0799190 0.0754092 0.0587457 0.0000000 0.0827922 0.0751849 0.0868659 0.0822894 0.0933166 0.1046929 0.2060838 
S0017_G5138_R1_A 0.0840486 0.0735908 0.0734831 0.0702899 0.0744244 0.0806938 0.0813774 0.0743196 0.0751795 0.0847747 0.0697839 0.0816266 0.0950886 0.0889214 0.0816739 0.0717754 0.0827922 0.0000000 0.0958977 0.1106105 0.1035017 0.1037956 0.1223379 0.2171199 
S0048_G5138_R1_A 0.0852396 0.0755019 0.0702309 0.0700217 0.0752001 0.0794684 0.0813748 0.0733167 0.0759020 0.0809414 0.0721781 0.0846435 0.0998520 0.0898467 0.0843228 0.0688205 0.0751849 0.0958977 0.0000000 0.0257459 0.0207918 0.1009659 0.1153832 0.2139879 
S0050_G5138_R4_A 0.0974507 0.0882475 0.0834173 0.0836739 0.0860408 0.0929545 0.0948128 0.0847762 0.0891146 0.0939382 0.0837717 0.0960166 0.1115569 0.1019002 0.0972755 0.0819729 0.0868659 0.1106105 0.0257459 0.0000000 0.0114129 0.1116503 0.1271077 0.2282705 
S0050_G5138_R5_A 0.0928649 0.0825235 0.0788960 0.0797542 0.0826696 0.0895124 0.0913566 0.0786002 0.0845782 0.0893024 0.0791717 0.0907575 0.1068167 0.0978107 0.0926473 0.0774494 0.0822894 0.1035017 0.0207918 0.0114129 0.0000000 0.1080198 0.1214902 0.2260224 
S0037_G5138_R1_A 0.0733901 0.0829051 0.0788464 0.0800127 0.0784281 0.0902761 0.0903776 0.0810778 0.0806933 0.0871462 0.0761124 0.0869725 0.0781721 0.0728381 0.0895751 0.0764670 0.0933166 0.1037956 0.1009659 0.1116503 0.1080198 0.0000000 0.1272733 0.2193774 
S0012_G5138_R1_A 0.1133059 0.1020374 0.0976081 0.1050852 0.1068361 0.1091229 0.1105548 0.0997483 0.1083382 0.1145907 0.0942915 0.1134202 0.1248379 0.1190433 0.1111879 0.0968696 0.1046929 0.1223379 0.1153832 0.1271077 0.1214902 0.1272733 0.0000000 0.2387324 
S0005_G5138_R1_A 0.1976310 0.2038852 0.1935325 0.1997490 0.1930426 0.1964504 0.2019075 0.1873535 0.1851281 0.2099559 0.1948216 0.1958654 0.2203378 0.2188105 0.2003875 0.1950325 0.2060838 0.2171199 0.2139879 0.2282705 0.2260224 0.2193774 0.2387324 0.0000000 
