23
S0018_G5168_R1_A 0.0000000 0.1728989 0.1692458 0.1609306 0.1455847 0.1366108 0.1152435 0.1243206 0.0768853 0.2096054 0.1257818 0.1347608 0.1177239 0.1607605 0.1237642 0.1187406 0.1590124 0.2042608 0.1866761 0.2147485 0.1232298 0.2308579 0.4084366 
S0046_G5168_R1_A 0.1728989 0.0000000 0.1981600 0.1722782 0.1813096 0.1790169 0.1786603 0.1908651 0.1958573 0.2187021 0.1595701 0.1904110 0.2161467 0.2144647 0.1831930 0.1451223 0.2192682 0.2246982 0.2064633 0.2452133 0.1928160 0.2581796 0.4771308 
S0020_G5168_R1_A 0.1692458 0.1981600 0.0000000 0.1896609 0.1967747 0.1235875 0.1477329 0.1286986 0.1856323 0.2244280 0.1619239 0.1719402 0.2022957 0.1367817 0.1732573 0.1288570 0.1771706 0.2345628 0.2198786 0.2643695 0.1248153 0.2475457 0.3818338 
S0028_G5168_R1_A 0.1609306 0.1722782 0.1896609 0.0000000 0.1762019 0.1641287 0.1534805 0.1760949 0.1720002 0.2050156 0.1423842 0.1852463 0.1893756 0.1903313 0.1522893 0.1227239 0.1914924 0.2154710 0.1964387 0.2358708 0.1974833 0.2658611 0.4706138 
S0004_G5168_R1_A 0.1455847 0.1813096 0.1967747 0.1762019 0.0000000 0.1711147 0.1558748 0.1686114 0.1531265 0.1926597 0.1557175 0.1677641 0.1766119 0.1844778 0.1347246 0.1417234 0.1867149 0.2235559 0.2055405 0.1995189 0.1775951 0.2358961 0.4311867 
S0036_G5168_R1_A 0.1366108 0.1790169 0.1235875 0.1641287 0.1711147 0.0000000 0.1126238 0.0973093 0.1469815 0.2019218 0.1274283 0.1362339 0.1706618 0.1155746 0.1210465 0.1083117 0.1590734 0.2009649 0.1856293 0.2142512 0.0999006 0.2108354 0.4115338 
S0030_G5168_R1_A 0.1152435 0.1786603 0.1477329 0.1534805 0.1558748 0.1126238 0.0000000 0.0832206 0.1174149 0.1973825 0.1210057 0.0981404 0.1338486 0.1326044 0.1117937 0.0976029 0.1381860 0.1932935 0.1828177 0.2107989 0.0857082 0.2094875 0.3935745 
S0002_G5168_R1_A 0.1243206 0.1908651 0.1286986 0.1760949 0.1686114 0.0973093 0.0832206 0.0000000 0.1242433 0.2115726 0.1400993 0.1142197 0.1420809 0.1125100 0.1257550 0.1131272 0.1461051 0.2088189 0.1938829 0.2323185 0.0684099 0.2196393 0.4083603 
S0031_G5168_R1_A 0.0768853 0.1958573 0.1856323 0.1720002 0.1531265 0.1469815 0.1174149 0.1242433 0.0000000 0.2217923 0.1384616 0.1317354 0.1017386 0.1552339 0.1257082 0.1185234 0.1634226 0.2074899 0.1936097 0.2291584 0.1232806 0.2367278 0.4399555 
S0026_G5168_R1_A 0.2096054 0.2187021 0.2244280 0.2050156 0.1926597 0.2019218 0.1973825 0.2115726 0.2217923 0.0000000 0.1897276 0.2155150 0.2445077 0.2235049 0.2025407 0.1697657 0.2021732 0.2638532 0.2455471 0.2467520 0.2280734 0.2848421 0.4896329 
S0022_G5168_R1_A 0.1257818 0.1595701 0.1619239 0.1423842 0.1557175 0.1274283 0.1210057 0.1400993 0.1384616 0.1897276 0.0000000 0.1424451 0.1564376 0.1568978 0.1103554 0.1292857 0.1700709 0.1733297 0.1665818 0.1883781 0.1414556 0.1991513 0.3959629 
S0013_G5168_R1_A 0.1347608 0.1904110 0.1719402 0.1852463 0.1677641 0.1362339 0.0981404 0.1142197 0.1317354 0.2155150 0.1424451 0.0000000 0.1590103 0.1586016 0.1372370 0.1257144 0.1558783 0.1982703 0.1821784 0.2152117 0.1095907 0.2140970 0.4041029 
S0037_G5168_R1_A 0.1177239 0.2161467 0.2022957 0.1893756 0.1766119 0.1706618 0.1338486 0.1420809 0.1017386 0.2445077 0.1564376 0.1590103 0.0000000 0.1857979 0.1443035 0.1386667 0.1800640 0.2348990 0.2238511 0.2575228 0.1438641 0.2402761 0.4660722 
S0011_G5168_R1_A 0.1607605 0.2144647 0.1367817 0.1903313 0.1844778 0.1155746 0.1326044 0.1125100 0.1552339 0.2235049 0.1568978 0.1586016 0.1857979 0.0000000 0.1469901 0.1308121 0.1818424 0.2194084 0.2043938 0.2608560 0.1014824 0.2277445 0.4309843 
S0016_G5168_R1_A 0.1237642 0.1831930 0.1732573 0.1522893 0.1347246 0.1210465 0.1117937 0.1257550 0.1257082 0.2025407 0.1103554 0.1372370 0.1443035 0.1469901 0.0000000 0.1080105 0.1670487 0.1844938 0.1726129 0.2006177 0.1309057 0.2117601 0.4274966 
S0021_G5168_R1_A 0.1187406 0.1451223 0.1288570 0.1227239 0.1417234 0.1083117 0.0976029 0.1131272 0.1185234 0.1697657 0.1292857 0.1257144 0.1386667 0.1308121 0.1080105 0.0000000 0.1102503 0.1752605 0.1535254 0.1846052 0.1133058 0.1874590 0.3792924 
S0021_G5168_R2_A 0.1590124 0.2192682 0.1771706 0.1914924 0.1867149 0.1590734 0.1381860 0.1461051 0.1634226 0.2021732 0.1700709 0.1558783 0.1800640 0.1818424 0.1670487 0.1102503 0.0000000 0.2327922 0.2251450 0.2287910 0.1591960 0.2613662 0.4361981 
S0048_G5168_R1_A 0.2042608 0.2246982 0.2345628 0.2154710 0.2235559 0.2009649 0.1932935 0.2088189 0.2074899 0.2638532 0.1733297 0.1982703 0.2348990 0.2194084 0.1844938 0.1752605 0.2327922 0.0000000 0.0180528 0.2547842 0.2163257 0.2706227 0.4870277 
S0050_G5168_R1_A 0.1866761 0.2064633 0.2198786 0.1964387 0.2055405 0.1856293 0.1828177 0.1938829 0.1936097 0.2455471 0.1665818 0.1821784 0.2238511 0.2043938 0.1726129 0.1535254 0.2251450 0.0180528 0.0000000 0.2406895 0.1957208 0.2524541 0.4713534 
S0017_G5168_R1_A 0.2147485 0.2452133 0.2643695 0.2358708 0.1995189 0.2142512 0.2107989 0.2323185 0.2291584 0.2467520 0.1883781 0.2152117 0.2575228 0.2608560 0.2006177 0.1846052 0.2287910 0.2547842 0.2406895 0.0000000 0.2470759 0.3028472 0.4907417 
S0019_G5168_R1_A 0.1232298 0.1928160 0.1248153 0.1974833 0.1775951 0.0999006 0.0857082 0.0684099 0.1232806 0.2280734 0.1414556 0.1095907 0.1438641 0.1014824 0.1309057 0.1133058 0.1591960 0.2163257 0.1957208 0.2470759 0.0000000 0.2286129 0.3309882 
S0012_G5168_R1_A 0.2308579 0.2581796 0.2475457 0.2658611 0.2358961 0.2108354 0.2094875 0.2196393 0.2367278 0.2848421 0.1991513 0.2140970 0.2402761 0.2277445 0.2117601 0.1874590 0.2613662 0.2706227 0.2524541 0.3028472 0.2286129 0.0000000 0.5386842 
S0005_G5168_R1_A 0.4084366 0.4771308 0.3818338 0.4706138 0.4311867 0.4115338 0.3935745 0.4083603 0.4399555 0.4896329 0.3959629 0.4041029 0.4660722 0.4309843 0.4274966 0.3792924 0.4361981 0.4870277 0.4713534 0.4907417 0.3309882 0.5386842 0.0000000 
