26
S0021_G5163_R3_A 0.0000000 0.0091771 0.1607585 0.7316282 0.7606880 0.7359155 0.7699403 0.7595489 0.7326698 0.7121158 0.7063006 0.7149355 0.7049363 0.7360997 0.7391839 0.7221905 0.7376083 0.7517220 0.7500617 0.7484336 0.7323077 0.7083722 0.7343151 0.7349984 0.7719242 0.7178033 
S0021_G5163_R4_A 0.0091771 0.0000000 0.1614772 0.7128993 0.7412554 0.7168632 0.7497310 0.7388373 0.7124623 0.6970602 0.6915336 0.7003570 0.6853323 0.7159423 0.7188454 0.7068082 0.7173942 0.7359018 0.7296792 0.7280983 0.7122710 0.6887281 0.7194429 0.7147855 0.7501831 0.6977781 
S0005_G5163_R2_A 0.1607585 0.1614772 0.0000000 0.9016798 0.9621998 0.9006146 0.9196849 0.7928528 0.7714453 0.7583595 0.7603663 0.7594736 0.7418888 0.7670722 0.7646088 0.7869261 0.7827540 0.8042750 0.7430232 0.7512050 0.7733616 0.7532550 0.7812283 0.7893493 0.7828825 0.8068838 
S0004_G5163_R1_A 0.7316282 0.7128993 0.9016798 0.0000000 0.0320545 0.0260867 0.0581202 0.6667403 0.6421277 0.6395110 0.6399411 0.6332316 0.5873684 0.6657447 0.6651362 0.6428155 0.5872237 0.6272007 0.6219778 0.6095570 0.6274262 0.6272574 0.6510421 0.6419164 0.7003638 0.7274452 
S0018_G5163_R1_A 0.7606880 0.7412554 0.9621998 0.0320545 0.0000000 0.0230741 0.0582956 0.6718144 0.6468729 0.6522724 0.6448385 0.6379155 0.5915898 0.6910128 0.6767894 0.6345873 0.5914407 0.6318270 0.6067875 0.6139952 0.6320588 0.6469651 0.6459023 0.6368474 0.7060812 0.7413329 
S0031_G5163_R1_A 0.7359155 0.7168632 0.9006146 0.0260867 0.0230741 0.0000000 0.0612837 0.6931053 0.6669429 0.6655214 0.6655911 0.6577921 0.6098507 0.7027282 0.6911802 0.6544390 0.6096834 0.6515039 0.6255556 0.6330061 0.6517630 0.6519433 0.6660520 0.6565196 0.7298830 0.7571826 
S0012_G5163_R1_A 0.7699403 0.7497310 0.9196849 0.0581202 0.0582956 0.0612837 0.0000000 0.7005075 0.6736668 0.6580885 0.6788537 0.6643625 0.6154216 0.7075739 0.6984699 0.6748924 0.6196709 0.6579466 0.6591346 0.6456332 0.6582171 0.6743566 0.6896910 0.6795165 0.7385605 0.7679022 
S0002_G5163_R1_A 0.7595489 0.7388373 0.7928528 0.6667403 0.6718144 0.6931053 0.7005075 0.0000000 0.0466715 0.0522247 0.0391385 0.0701137 0.0661239 0.0747187 0.0624099 0.0730394 0.0810118 0.0873211 0.0861677 0.0840963 0.0920444 0.0808874 0.0859726 0.0875416 0.0834150 0.2153737 
S0020_G5163_R1_A 0.7326698 0.7124623 0.7714453 0.6421277 0.6468729 0.6669429 0.6736668 0.0466715 0.0000000 0.0439589 0.0279756 0.0609119 0.0649042 0.0753081 0.0620411 0.0725646 0.0771925 0.0859043 0.0814387 0.0801393 0.0907546 0.0841646 0.0889428 0.0905861 0.0852684 0.2065279 
S0036_G5163_R1_A 0.7121158 0.6970602 0.7583595 0.6395110 0.6522724 0.6655214 0.6580885 0.0522247 0.0439589 0.0000000 0.0337596 0.0659469 0.0660002 0.0731061 0.0589623 0.0686888 0.0766703 0.0844409 0.0808469 0.0813830 0.0896187 0.0811460 0.0887213 0.0912887 0.0885555 0.2047241 
S0019_G5163_R1_A 0.7063006 0.6915336 0.7603663 0.6399411 0.6448385 0.6655911 0.6788537 0.0391385 0.0279756 0.0337596 0.0000000 0.0510631 0.0553640 0.0637853 0.0514936 0.0596932 0.0642342 0.0714161 0.0768564 0.0739839 0.0777437 0.0728771 0.0698811 0.0715062 0.0774944 0.1906119 
S0011_G5163_R1_A 0.7149355 0.7003570 0.7594736 0.6332316 0.6379155 0.6577921 0.6643625 0.0701137 0.0609119 0.0659469 0.0510631 0.0000000 0.0851308 0.0910289 0.0778811 0.0854541 0.0899027 0.1010076 0.0995291 0.0973682 0.1040782 0.1021080 0.1029904 0.1083566 0.1069548 0.2141150 
S0016_G5163_R1_A 0.7049363 0.6853323 0.7418888 0.5873684 0.5915898 0.6098507 0.6154216 0.0661239 0.0649042 0.0660002 0.0553640 0.0851308 0.0000000 0.0652717 0.0573192 0.0670189 0.0781129 0.0818620 0.0731436 0.0719449 0.0798715 0.0789467 0.0805099 0.0846859 0.0781724 0.2037733 
S0026_G5163_R1_A 0.7360997 0.7159423 0.7670722 0.6657447 0.6910128 0.7027282 0.7075739 0.0747187 0.0753081 0.0731061 0.0637853 0.0910289 0.0652717 0.0000000 0.0563106 0.0653193 0.0690719 0.0870364 0.0735010 0.0697553 0.0826140 0.0797620 0.0845256 0.0898413 0.0894225 0.1972195 
S0028_G5163_R1_A 0.7391839 0.7188454 0.7646088 0.6651362 0.6767894 0.6911802 0.6984699 0.0624099 0.0620411 0.0589623 0.0514936 0.0778811 0.0573192 0.0563106 0.0000000 0.0548517 0.0586582 0.0738531 0.0676979 0.0632768 0.0751611 0.0753185 0.0741954 0.0828122 0.0760364 0.1950556 
S0046_G5163_R1_A 0.7221905 0.7068082 0.7869261 0.6428155 0.6345873 0.6544390 0.6748924 0.0730394 0.0725646 0.0686888 0.0596932 0.0854541 0.0670189 0.0653193 0.0548517 0.0000000 0.0739651 0.0838146 0.0841831 0.0813444 0.0809947 0.0820789 0.0867588 0.0945339 0.0915525 0.1988653 
S0017_G5163_R1_A 0.7376083 0.7173942 0.7827540 0.5872237 0.5914407 0.6096834 0.6196709 0.0810118 0.0771925 0.0766703 0.0642342 0.0899027 0.0781129 0.0690719 0.0586582 0.0739651 0.0000000 0.0919906 0.0821716 0.0792683 0.0812275 0.0825813 0.0932565 0.0983823 0.0983206 0.1986115 
S0013_G5163_R1_A 0.7517220 0.7359018 0.8042750 0.6272007 0.6318270 0.6515039 0.6579466 0.0873211 0.0859043 0.0844409 0.0714161 0.1010076 0.0818620 0.0870364 0.0738531 0.0838146 0.0919906 0.0000000 0.0955792 0.0943539 0.0981588 0.0988336 0.0969618 0.1014034 0.1037486 0.2244692 
S0021_G5163_R1_A 0.7500617 0.7296792 0.7430232 0.6219778 0.6067875 0.6255556 0.6591346 0.0861677 0.0814387 0.0808469 0.0768564 0.0995291 0.0731436 0.0735010 0.0676979 0.0841831 0.0821716 0.0955792 0.0000000 0.0204736 0.0912944 0.0929674 0.1012610 0.1037967 0.1020243 0.2089541 
S0021_G5163_R2_A 0.7484336 0.7280983 0.7512050 0.6095570 0.6139952 0.6330061 0.6456332 0.0840963 0.0801393 0.0813830 0.0739839 0.0973682 0.0719449 0.0697553 0.0632768 0.0813444 0.0792683 0.0943539 0.0204736 0.0000000 0.0981640 0.0889519 0.0955518 0.1006992 0.0995777 0.2052574 
S0030_G5163_R1_A 0.7323077 0.7122710 0.7733616 0.6274262 0.6320588 0.6517630 0.6582171 0.0920444 0.0907546 0.0896187 0.0777437 0.1040782 0.0798715 0.0826140 0.0751611 0.0809947 0.0812275 0.0981588 0.0912944 0.0981640 0.0000000 0.0772193 0.1020256 0.1046262 0.1026574 0.2192443 
S0022_G5163_R1_A 0.7083722 0.6887281 0.7532550 0.6272574 0.6469651 0.6519433 0.6743566 0.0808874 0.0841646 0.0811460 0.0728771 0.1021080 0.0789467 0.0797620 0.0753185 0.0820789 0.0825813 0.0988336 0.0929674 0.0889519 0.0772193 0.0000000 0.0954816 0.0998529 0.1041369 0.2188657 
S0048_G5163_R1_A 0.7343151 0.7194429 0.7812283 0.6510421 0.6459023 0.6660520 0.6896910 0.0859726 0.0889428 0.0887213 0.0698811 0.1029904 0.0805099 0.0845256 0.0741954 0.0867588 0.0932565 0.0969618 0.1012610 0.0955518 0.1020256 0.0954816 0.0000000 0.0247977 0.1078257 0.2193125 
S0050_G5163_R1_A 0.7349984 0.7147855 0.7893493 0.6419164 0.6368474 0.6565196 0.6795165 0.0875416 0.0905861 0.0912887 0.0715062 0.1083566 0.0846859 0.0898413 0.0828122 0.0945339 0.0983823 0.1014034 0.1037967 0.1006992 0.1046262 0.0998529 0.0247977 0.0000000 0.1134321 0.2292521 
S0037_G5163_R1_A 0.7719242 0.7501831 0.7828825 0.7003638 0.7060812 0.7298830 0.7385605 0.0834150 0.0852684 0.0885555 0.0774944 0.1069548 0.0781724 0.0894225 0.0760364 0.0915525 0.0983206 0.1037486 0.1020243 0.0995777 0.1026574 0.1041369 0.1078257 0.1134321 0.0000000 0.2257178 
S0005_G5163_R1_A 0.7178033 0.6977781 0.8068838 0.7274452 0.7413329 0.7571826 0.7679022 0.2153737 0.2065279 0.2047241 0.1906119 0.2141150 0.2037733 0.1972195 0.1950556 0.1988653 0.1986115 0.2244692 0.2089541 0.2052574 0.2192443 0.2188657 0.2193125 0.2292521 0.2257178 0.0000000 
