23
S0004_G5200_R1_A 0.0000000 0.0887537 0.0715865 0.2674584 0.0813962 0.0780826 0.1032914 0.0785569 0.0902443 0.0831774 0.1236851 0.0867532 0.0894766 0.1007196 0.0707269 0.1050106 0.1276353 0.1268324 0.1367744 0.1277823 0.1463509 0.1862555 0.1858237 
S0031_G5200_R1_A 0.0887537 0.0000000 0.0789374 0.2596164 0.0928631 0.0901863 0.1205185 0.0890875 0.1039576 0.0934020 0.1405568 0.0907340 0.0593886 0.1113379 0.0810192 0.1141700 0.1319813 0.1286035 0.1416610 0.1383264 0.1643717 0.1941617 0.1908768 
S0002_G5200_R1_A 0.0715865 0.0789374 0.0000000 0.2399030 0.0565043 0.0526523 0.0797865 0.0490930 0.0687947 0.0553692 0.1098348 0.0798901 0.0822729 0.0837593 0.0474367 0.0886937 0.1060531 0.1046390 0.1160577 0.1122244 0.1306774 0.1599169 0.1636674 
S0005_G5200_R1_A 0.2674584 0.2596164 0.2399030 0.0000000 0.2496891 0.2530905 0.2618777 0.2469272 0.2497520 0.2452647 0.3125859 0.2747468 0.2616903 0.2758228 0.2069260 0.2402334 0.2566461 0.2541714 0.2615833 0.2809062 0.3145093 0.3527708 0.3555524 
S0011_G5200_R1_A 0.0813962 0.0928631 0.0565043 0.2496891 0.0000000 0.0613505 0.0878542 0.0648430 0.0778036 0.0659006 0.1210426 0.0885060 0.0968064 0.0961586 0.0624155 0.0973667 0.1214354 0.1198573 0.1280185 0.1255587 0.1400354 0.1754511 0.1802537 
S0036_G5200_R1_A 0.0780826 0.0901863 0.0526523 0.2530905 0.0613505 0.0000000 0.0837990 0.0559227 0.0720449 0.0618440 0.1086669 0.0857028 0.0894433 0.0915592 0.0520419 0.0890987 0.1107266 0.1078275 0.1176520 0.1170084 0.1333917 0.1735251 0.1763195 
S0017_G5200_R1_A 0.1032914 0.1205185 0.0797865 0.2618777 0.0878542 0.0837990 0.0000000 0.0778199 0.0962622 0.0838233 0.1360418 0.1081913 0.1140475 0.1037407 0.0766309 0.1091258 0.1327720 0.1304050 0.1406355 0.1405015 0.1579015 0.1853114 0.1909198 
S0020_G5200_R1_A 0.0785569 0.0890875 0.0490930 0.2469272 0.0648430 0.0559227 0.0778199 0.0000000 0.0713199 0.0603538 0.1151159 0.0773730 0.0848165 0.0855252 0.0283943 0.0918804 0.1137116 0.1092023 0.1165627 0.1161768 0.1287113 0.1619463 0.1665223 
S0022_G5200_R1_A 0.0902443 0.1039576 0.0687947 0.2497520 0.0778036 0.0720449 0.0962622 0.0713199 0.0000000 0.0585141 0.1239370 0.0915590 0.0988946 0.0936907 0.0645145 0.1032458 0.1240748 0.1187478 0.1269888 0.1248530 0.1276417 0.1817625 0.1850926 
S0030_G5200_R1_A 0.0831774 0.0934020 0.0553692 0.2452647 0.0659006 0.0618440 0.0838233 0.0603538 0.0585141 0.0000000 0.1189548 0.0841521 0.0908770 0.0860505 0.0611655 0.0935490 0.1102831 0.1072591 0.1165380 0.1141066 0.1269285 0.1672539 0.1673135 
S0016_G5200_R1_A 0.1236851 0.1405568 0.1098348 0.3125859 0.1210426 0.1086669 0.1360418 0.1151159 0.1239370 0.1189548 0.0000000 0.1287459 0.1331799 0.1351912 0.1200210 0.1514282 0.1728902 0.1690971 0.1791134 0.1790709 0.1863765 0.2367811 0.2345606 
S0037_G5200_R1_A 0.0867532 0.0907340 0.0798901 0.2747468 0.0885060 0.0857028 0.1081913 0.0773730 0.0915590 0.0841521 0.1287459 0.0000000 0.0915527 0.1056454 0.0752873 0.1125177 0.1304568 0.1291091 0.1391229 0.1367364 0.1543977 0.1936309 0.1975038 
S0018_G5200_R1_A 0.0894766 0.0593886 0.0822729 0.2616903 0.0968064 0.0894433 0.1140475 0.0848165 0.0988946 0.0908770 0.1331799 0.0915527 0.0000000 0.1089274 0.0798255 0.1167196 0.1385339 0.1344518 0.1467518 0.1408328 0.1661521 0.2088650 0.2116210 
S0013_G5200_R1_A 0.1007196 0.1113379 0.0837593 0.2758228 0.0961586 0.0915592 0.1037407 0.0855252 0.0936907 0.0860505 0.1351912 0.1056454 0.1089274 0.0000000 0.0864646 0.1204365 0.1359519 0.1328674 0.1376476 0.1426316 0.1441002 0.1838849 0.1838662 
S0019_G5200_R1_A 0.0707269 0.0810192 0.0474367 0.2069260 0.0624155 0.0520419 0.0766309 0.0283943 0.0645145 0.0611655 0.1200210 0.0752873 0.0798255 0.0864646 0.0000000 0.0830358 0.0973329 0.0959239 0.0987678 0.1072174 0.1331435 0.1653274 0.1653517 
S0028_G5200_R1_A 0.1050106 0.1141700 0.0886937 0.2402334 0.0973667 0.0890987 0.1091258 0.0918804 0.1032458 0.0935490 0.1514282 0.1125177 0.1167196 0.1204365 0.0830358 0.0000000 0.0632862 0.0608460 0.0690269 0.0617546 0.1610630 0.2048357 0.2099322 
S0021_G5200_R1_A 0.1276353 0.1319813 0.1060531 0.2566461 0.1214354 0.1107266 0.1327720 0.1137116 0.1240748 0.1102831 0.1728902 0.1304568 0.1385339 0.1359519 0.0973329 0.0632862 0.0000000 0.0219179 0.0801772 0.0823270 0.1831134 0.2076180 0.2128098 
S0021_G5200_R2_A 0.1268324 0.1286035 0.1046390 0.2541714 0.1198573 0.1078275 0.1304050 0.1092023 0.1187478 0.1072591 0.1690971 0.1291091 0.1344518 0.1328674 0.0959239 0.0608460 0.0219179 0.0000000 0.0782995 0.0774952 0.1777638 0.2087549 0.2139431 
S0026_G5200_R1_A 0.1367744 0.1416610 0.1160577 0.2615833 0.1280185 0.1176520 0.1406355 0.1165627 0.1269888 0.1165380 0.1791134 0.1391229 0.1467518 0.1376476 0.0987678 0.0690269 0.0801772 0.0782995 0.0000000 0.0827127 0.1936944 0.2267935 0.2312479 
S0046_G5200_R1_A 0.1277823 0.1383264 0.1122244 0.2809062 0.1255587 0.1170084 0.1405015 0.1161768 0.1248530 0.1141066 0.1790709 0.1367364 0.1408328 0.1426316 0.1072174 0.0617546 0.0823270 0.0774952 0.0827127 0.0000000 0.1954863 0.2285967 0.2328841 
S0012_G5200_R1_A 0.1463509 0.1643717 0.1306774 0.3145093 0.1400354 0.1333917 0.1579015 0.1287113 0.1276417 0.1269285 0.1863765 0.1543977 0.1661521 0.1441002 0.1331435 0.1610630 0.1831134 0.1777638 0.1936944 0.1954863 0.0000000 0.2318548 0.2258912 
S0048_G5200_R1_A 0.1862555 0.1941617 0.1599169 0.3527708 0.1754511 0.1735251 0.1853114 0.1619463 0.1817625 0.1672539 0.2367811 0.1936309 0.2088650 0.1838849 0.1653274 0.2048357 0.2076180 0.2087549 0.2267935 0.2285967 0.2318548 0.0000000 0.0305648 
S0050_G5200_R1_A 0.1858237 0.1908768 0.1636674 0.3555524 0.1802537 0.1763195 0.1909198 0.1665223 0.1850926 0.1673135 0.2345606 0.1975038 0.2116210 0.1838662 0.1653517 0.2099322 0.2128098 0.2139431 0.2312479 0.2328841 0.2258912 0.0305648 0.0000000 
