23
S0022_G5257_R1_A 0.0000000 0.1177461 0.1178873 0.1387744 0.1474233 0.1421284 0.1750817 0.1145876 0.1405406 0.1042481 0.1312494 0.1249786 0.1921329 0.1189555 0.1883019 0.2386646 0.2307059 0.2279490 0.2546400 0.2195924 0.2594947 0.2819271 0.5179613 
S0002_G5257_R1_A 0.1177461 0.0000000 0.0920649 0.1350837 0.1358909 0.1285082 0.1665479 0.1006445 0.1283309 0.0905091 0.1128774 0.1130039 0.1478130 0.1106665 0.1741743 0.2066897 0.2113230 0.2092390 0.2111673 0.1861780 0.2032908 0.2480786 0.4745278 
S0036_G5257_R1_A 0.1178873 0.0920649 0.0000000 0.1272964 0.1360526 0.1213986 0.1656287 0.0906833 0.1411551 0.0911632 0.1093102 0.1186635 0.1562561 0.1154867 0.1770919 0.2197769 0.2139824 0.2180655 0.2367882 0.1984351 0.2266636 0.2637949 0.4898933 
S0004_G5257_R1_A 0.1387744 0.1350837 0.1272964 0.0000000 0.1469937 0.1447829 0.1732976 0.1239442 0.1410247 0.1228702 0.1376004 0.1376368 0.1834832 0.1275789 0.2006786 0.2409631 0.2384712 0.2388748 0.2555606 0.2122242 0.2490142 0.2855845 0.5018794 
S0018_G5257_R1_A 0.1474233 0.1358909 0.1360526 0.1469937 0.0000000 0.0586851 0.1162394 0.1185607 0.1538437 0.1282434 0.1373619 0.1540032 0.1863790 0.1172213 0.1995473 0.2196705 0.2163515 0.2061764 0.2659997 0.2088279 0.2586786 0.2955524 0.5006109 
S0031_G5257_R1_A 0.1421284 0.1285082 0.1213986 0.1447829 0.0586851 0.0000000 0.1080839 0.1162391 0.1392812 0.1149221 0.1406997 0.1398092 0.1833961 0.1150556 0.1975378 0.2285898 0.2147800 0.2122498 0.2511129 0.2031921 0.2309593 0.2605453 0.4781392 
S0037_G5257_R1_A 0.1750817 0.1665479 0.1656287 0.1732976 0.1162394 0.1080839 0.0000000 0.1567371 0.1678403 0.1554402 0.1702126 0.1759294 0.2219207 0.1520430 0.2397046 0.2545743 0.2625365 0.2581194 0.2831799 0.2407525 0.2724472 0.3166157 0.5122044 
S0030_G5257_R1_A 0.1145876 0.1006445 0.0906833 0.1239442 0.1185607 0.1162391 0.1567371 0.0000000 0.1279158 0.0847849 0.0827106 0.1047953 0.1209756 0.1072012 0.1539317 0.1811799 0.1707121 0.1696035 0.2001352 0.1743230 0.1994556 0.2524904 0.4757259 
S0017_G5257_R1_A 0.1405406 0.1283309 0.1411551 0.1410247 0.1538437 0.1392812 0.1678403 0.1279158 0.0000000 0.1195264 0.1281101 0.1420587 0.1874004 0.0679076 0.1707831 0.2045972 0.2170371 0.2091365 0.2612575 0.2163910 0.2698587 0.2789815 0.4853231 
S0020_G5257_R1_A 0.1042481 0.0905091 0.0911632 0.1228702 0.1282434 0.1149221 0.1554402 0.0847849 0.1195264 0.0000000 0.0952462 0.1069677 0.1501690 0.1101986 0.1600058 0.1793498 0.1782096 0.1827691 0.1650032 0.1519660 0.1714237 0.1765054 0.3938494 
S0019_G5257_R1_A 0.1312494 0.1128774 0.1093102 0.1376004 0.1373619 0.1406997 0.1702126 0.0827106 0.1281101 0.0952462 0.0000000 0.1006972 0.1395042 0.1128933 0.1571047 0.1906594 0.1664874 0.1745582 0.2021202 0.1748469 0.1984303 0.2422771 0.4751660 
S0013_G5257_R1_A 0.1249786 0.1130039 0.1186635 0.1376368 0.1540032 0.1398092 0.1759294 0.1047953 0.1420587 0.1069677 0.1006972 0.0000000 0.1277246 0.1124688 0.1579552 0.1790696 0.1893708 0.1852147 0.2277037 0.1912931 0.2161615 0.2638367 0.4746251 
S0050_G5257_R1_A 0.1921329 0.1478130 0.1562561 0.1834832 0.1863790 0.1833961 0.2219207 0.1209756 0.1874004 0.1501690 0.1395042 0.1277246 0.0000000 0.1568238 0.1958072 0.1593710 0.2435912 0.2472116 0.2817180 0.2406739 0.2485456 0.2807471 0.5733672 
S0016_G5257_R1_A 0.1189555 0.1106665 0.1154867 0.1275789 0.1172213 0.1150556 0.1520430 0.1072012 0.0679076 0.1101986 0.1128933 0.1124688 0.1568238 0.0000000 0.1506833 0.2086862 0.2031396 0.1986531 0.2307799 0.1896838 0.2359157 0.2558679 0.4544114 
S0028_G5257_R1_A 0.1883019 0.1741743 0.1770919 0.2006786 0.1995473 0.1975378 0.2397046 0.1539317 0.1707831 0.1600058 0.1571047 0.1579552 0.1958072 0.1506833 0.0000000 0.2413650 0.2064436 0.2002758 0.2402371 0.2145697 0.2599245 0.2709176 0.4898996 
S0048_G5257_R1_A 0.2386646 0.2066897 0.2197769 0.2409631 0.2196705 0.2285898 0.2545743 0.1811799 0.2045972 0.1793498 0.1906594 0.1790696 0.1593710 0.2086862 0.2413650 0.0000000 0.2567235 0.2600812 0.2493804 0.2205507 0.2076447 0.2482826 0.5192010 
S0021_G5257_R1_A 0.2307059 0.2113230 0.2139824 0.2384712 0.2163515 0.2147800 0.2625365 0.1707121 0.2170371 0.1782096 0.1664874 0.1893708 0.2435912 0.2031396 0.2064436 0.2567235 0.0000000 0.0393613 0.2415447 0.2320525 0.2477907 0.2868436 0.4860913 
S0021_G5257_R2_A 0.2279490 0.2092390 0.2180655 0.2388748 0.2061764 0.2122498 0.2581194 0.1696035 0.2091365 0.1827691 0.1745582 0.1852147 0.2472116 0.1986531 0.2002758 0.2600812 0.0393613 0.0000000 0.2359009 0.2284300 0.2328786 0.2805033 0.4862478 
S0026_G5257_R1_A 0.2546400 0.2111673 0.2367882 0.2555606 0.2659997 0.2511129 0.2831799 0.2001352 0.2612575 0.1650032 0.2021202 0.2277037 0.2817180 0.2307799 0.2402371 0.2493804 0.2415447 0.2359009 0.0000000 0.2470687 0.2871760 0.3234999 0.5451618 
S0046_G5257_R1_A 0.2195924 0.1861780 0.1984351 0.2122242 0.2088279 0.2031921 0.2407525 0.1743230 0.2163910 0.1519660 0.1748469 0.1912931 0.2406739 0.1896838 0.2145697 0.2205507 0.2320525 0.2284300 0.2470687 0.0000000 0.2205547 0.2727170 0.4982719 
S0011_G5257_R1_A 0.2594947 0.2032908 0.2266636 0.2490142 0.2586786 0.2309593 0.2724472 0.1994556 0.2698587 0.1714237 0.1984303 0.2161615 0.2485456 0.2359157 0.2599245 0.2076447 0.2477907 0.2328786 0.2871760 0.2205547 0.0000000 0.3038998 0.5464664 
S0012_G5257_R1_A 0.2819271 0.2480786 0.2637949 0.2855845 0.2955524 0.2605453 0.3166157 0.2524904 0.2789815 0.1765054 0.2422771 0.2638367 0.2807471 0.2558679 0.2709176 0.2482826 0.2868436 0.2805033 0.3234999 0.2727170 0.3038998 0.0000000 0.5850316 
S0005_G5257_R1_A 0.5179613 0.4745278 0.4898933 0.5018794 0.5006109 0.4781392 0.5122044 0.4757259 0.4853231 0.3938494 0.4751660 0.4746251 0.5733672 0.4544114 0.4898996 0.5192010 0.4860913 0.4862478 0.5451618 0.4982719 0.5464664 0.5850316 0.0000000 
