23
S0004_G5264_R1_A 0.0000000 0.0537328 0.0580770 0.0591538 0.0587305 0.0553432 0.0464424 0.0505938 0.0612205 0.0577536 0.0502213 0.0526779 0.0635905 0.0643242 0.0653288 0.0719187 0.0567576 0.0924778 0.1563413 0.0776847 0.0525861 0.0774611 0.0758506 
S0011_G5264_R1_A 0.0537328 0.0000000 0.0540417 0.0534563 0.0540519 0.0491970 0.0409345 0.0461572 0.0581880 0.0595632 0.0520227 0.0445037 0.0643756 0.0637264 0.0625255 0.0687648 0.0575935 0.0890027 0.1543750 0.0767619 0.0473423 0.0720827 0.0717626 
S0021_G5264_R1_A 0.0580770 0.0540417 0.0000000 0.0118953 0.0461423 0.0534245 0.0450946 0.0461242 0.0469130 0.0612697 0.0558380 0.0528027 0.0674902 0.0672883 0.0661105 0.0708576 0.0585245 0.0901458 0.1441305 0.0742202 0.0573520 0.0841741 0.0832793 
S0021_G5264_R2_A 0.0591538 0.0534563 0.0118953 0.0000000 0.0471684 0.0544739 0.0461173 0.0466498 0.0474361 0.0618644 0.0553772 0.0544295 0.0685784 0.0684043 0.0666152 0.0703493 0.0596099 0.0905907 0.1425699 0.0741931 0.0583847 0.0863014 0.0846520 
S0028_G5264_R1_A 0.0587305 0.0540519 0.0461423 0.0471684 0.0000000 0.0539365 0.0482120 0.0467847 0.0522106 0.0596902 0.0548818 0.0513965 0.0708754 0.0724615 0.0718073 0.0699297 0.0564034 0.0965565 0.1466726 0.0822161 0.0575042 0.0829169 0.0813528 
S0046_G5264_R1_A 0.0553432 0.0491970 0.0534245 0.0544739 0.0539365 0.0000000 0.0444753 0.0491222 0.0623978 0.0553373 0.0515960 0.0502889 0.0647273 0.0635041 0.0639687 0.0713333 0.0563799 0.0953230 0.1556798 0.0795730 0.0562667 0.0797482 0.0781331 
S0036_G5264_R1_A 0.0464424 0.0409345 0.0450946 0.0461173 0.0482120 0.0444753 0.0000000 0.0420243 0.0506867 0.0516095 0.0447420 0.0429433 0.0566564 0.0573087 0.0578989 0.0690754 0.0499344 0.0843372 0.1506342 0.0686046 0.0420961 0.0717372 0.0696005 
S0030_G5264_R1_A 0.0505938 0.0461572 0.0461242 0.0466498 0.0467847 0.0491222 0.0420243 0.0000000 0.0516212 0.0516763 0.0442698 0.0433936 0.0599462 0.0608741 0.0592060 0.0608201 0.0482089 0.0887096 0.1401878 0.0739694 0.0471576 0.0734460 0.0718909 
S0026_G5264_R1_A 0.0612205 0.0581880 0.0469130 0.0474361 0.0522106 0.0623978 0.0506867 0.0516212 0.0000000 0.0655401 0.0601398 0.0607816 0.0735062 0.0722494 0.0720384 0.0742121 0.0622031 0.0981609 0.1513350 0.0863978 0.0599000 0.0828682 0.0806710 
S0018_G5264_R1_A 0.0577536 0.0595632 0.0612697 0.0618644 0.0596902 0.0553373 0.0516095 0.0516763 0.0655401 0.0000000 0.0335422 0.0532218 0.0650386 0.0678390 0.0660033 0.0710859 0.0617129 0.0953914 0.1527810 0.0684783 0.0530156 0.0824693 0.0802379 
S0031_G5264_R1_A 0.0502213 0.0520227 0.0558380 0.0553772 0.0548818 0.0515960 0.0447420 0.0442698 0.0601398 0.0335422 0.0000000 0.0478995 0.0606952 0.0617575 0.0605640 0.0650253 0.0572342 0.0901138 0.1467729 0.0607471 0.0440315 0.0734150 0.0724527 
S0002_G5264_R1_A 0.0526779 0.0445037 0.0528027 0.0544295 0.0513965 0.0502889 0.0429433 0.0433936 0.0607816 0.0532218 0.0478995 0.0000000 0.0599580 0.0635993 0.0624277 0.0692592 0.0550939 0.0922555 0.1520625 0.0744406 0.0524089 0.0740444 0.0725706 
S0013_G5264_R1_A 0.0635905 0.0643756 0.0674902 0.0685784 0.0708754 0.0647273 0.0566564 0.0599462 0.0735062 0.0650386 0.0606952 0.0599580 0.0000000 0.0634405 0.0649301 0.0792763 0.0696850 0.1054517 0.1682399 0.0880853 0.0671580 0.0916291 0.0900703 
S0048_G5264_R1_A 0.0643242 0.0637264 0.0672883 0.0684043 0.0724615 0.0635041 0.0573087 0.0608741 0.0722494 0.0678390 0.0617575 0.0635993 0.0634405 0.0000000 0.0265408 0.0807711 0.0683593 0.1035305 0.1639417 0.0871472 0.0692423 0.0846187 0.0835837 
S0050_G5264_R1_A 0.0653288 0.0625255 0.0661105 0.0666152 0.0718073 0.0639687 0.0578989 0.0592060 0.0720384 0.0660033 0.0605640 0.0624277 0.0649301 0.0265408 0.0000000 0.0818193 0.0683281 0.1027510 0.1675533 0.0857710 0.0690913 0.0824394 0.0795080 
S0017_G5264_R1_A 0.0719187 0.0687648 0.0708576 0.0703493 0.0699297 0.0713333 0.0690754 0.0608201 0.0742121 0.0710859 0.0650253 0.0692592 0.0792763 0.0807711 0.0818193 0.0000000 0.0720639 0.1097944 0.1672829 0.0948088 0.0746583 0.0931605 0.0927232 
S0022_G5264_R1_A 0.0567576 0.0575935 0.0585245 0.0596099 0.0564034 0.0563799 0.0499344 0.0482089 0.0622031 0.0617129 0.0572342 0.0550939 0.0696850 0.0683593 0.0683281 0.0720639 0.0000000 0.0952250 0.1569468 0.0843560 0.0614327 0.0867607 0.0845755 
S0012_G5264_R1_A 0.0924778 0.0890027 0.0901458 0.0905907 0.0965565 0.0953230 0.0843372 0.0887096 0.0981609 0.0953914 0.0901138 0.0922555 0.1054517 0.1035305 0.1027510 0.1097944 0.0952250 0.0000000 0.1904987 0.1097177 0.0887726 0.1006894 0.0991510 
S0005_G5264_R1_A 0.1563413 0.1543750 0.1441305 0.1425699 0.1466726 0.1556798 0.1506342 0.1401878 0.1513350 0.1527810 0.1467729 0.1520625 0.1682399 0.1639417 0.1675533 0.1672829 0.1569468 0.1904987 0.0000000 0.1765785 0.1516192 0.1507650 0.1501727 
S0037_G5264_R1_A 0.0776847 0.0767619 0.0742202 0.0741931 0.0822161 0.0795730 0.0686046 0.0739694 0.0863978 0.0684783 0.0607471 0.0744406 0.0880853 0.0871472 0.0857710 0.0948088 0.0843560 0.1097177 0.1765785 0.0000000 0.0718406 0.0966954 0.0963086 
S0016_G5264_R1_A 0.0525861 0.0473423 0.0573520 0.0583847 0.0575042 0.0562667 0.0420961 0.0471576 0.0599000 0.0530156 0.0440315 0.0524089 0.0671580 0.0692423 0.0690913 0.0746583 0.0614327 0.0887726 0.1516192 0.0718406 0.0000000 0.0693424 0.0690316 
S0019_G5264_R1_A 0.0774611 0.0720827 0.0841741 0.0863014 0.0829169 0.0797482 0.0717372 0.0734460 0.0828682 0.0824693 0.0734150 0.0740444 0.0916291 0.0846187 0.0824394 0.0931605 0.0867607 0.1006894 0.1507650 0.0966954 0.0693424 0.0000000 0.0158520 
S0020_G5264_R1_A 0.0758506 0.0717626 0.0832793 0.0846520 0.0813528 0.0781331 0.0696005 0.0718909 0.0806710 0.0802379 0.0724527 0.0725706 0.0900703 0.0835837 0.0795080 0.0927232 0.0845755 0.0991510 0.1501727 0.0963086 0.0690316 0.0158520 0.0000000 
