25
S0048_G5271_R1_A 0.0000000 0.0178601 0.0954549 0.0895825 0.1023191 0.0951824 0.1108097 0.1117104 0.1193907 0.1348828 0.1348828 0.1228801 0.1228801 0.1331714 0.1247470 0.0984489 0.1192033 0.1178791 0.1195762 0.3060916 0.1384531 0.1079773 0.1328918 0.1029214 0.1869188 
S0050_G5271_R1_A 0.0178601 0.0000000 0.0945079 0.0907142 0.0986179 0.0949371 0.1092170 0.1122296 0.1169743 0.1338048 0.1338048 0.1218550 0.1218550 0.1342450 0.1237062 0.0975089 0.1174739 0.1139353 0.1194767 0.3030280 0.1380823 0.1048847 0.1311053 0.1017952 0.1831567 
S0036_G5271_R1_A 0.0954549 0.0945079 0.0000000 0.0618963 0.0736670 0.0710133 0.0732508 0.0799426 0.0909039 0.1041839 0.1041839 0.0902359 0.0902359 0.1056624 0.0917363 0.0676773 0.0927331 0.0829575 0.0924772 0.2715798 0.1129493 0.0861660 0.0982530 0.0705870 0.1618809 
S0020_G5271_R1_A 0.0895825 0.0907142 0.0618963 0.0000000 0.0683484 0.0670571 0.0732470 0.0797633 0.0884649 0.0978077 0.0978077 0.0912294 0.0912294 0.1022196 0.0934607 0.0679089 0.0909316 0.0897662 0.0893311 0.2698967 0.1085961 0.0874759 0.1021265 0.0696256 0.1593686 
S0002_G5271_R1_A 0.1023191 0.0986179 0.0736670 0.0683484 0.0000000 0.0740575 0.0789981 0.0882526 0.0929345 0.1088031 0.1088031 0.0984739 0.0984739 0.1074373 0.0945010 0.0728330 0.0946622 0.0929533 0.0918434 0.2843816 0.1153543 0.0933526 0.1030800 0.0771060 0.1700313 
S0030_G5271_R1_A 0.0951824 0.0949371 0.0710133 0.0670571 0.0740575 0.0000000 0.0806788 0.0859378 0.0911834 0.1081381 0.1081381 0.0948302 0.0948302 0.1026045 0.0934683 0.0708066 0.0923128 0.0855559 0.0907918 0.2758586 0.1088941 0.0888258 0.1030968 0.0764207 0.1519550 
S0011_G5271_R1_A 0.1108097 0.1092170 0.0732508 0.0732470 0.0789981 0.0806788 0.0000000 0.0956952 0.0975995 0.1145620 0.1145620 0.1032880 0.1032880 0.1153943 0.1014020 0.0812999 0.0987318 0.0999665 0.1020261 0.2937028 0.1218140 0.0918474 0.1126858 0.0766371 0.1700199 
S0016_G5271_R1_A 0.1117104 0.1122296 0.0799426 0.0797633 0.0882526 0.0859378 0.0956952 0.0000000 0.1042389 0.1195220 0.1195220 0.1097571 0.1097571 0.1205039 0.1113087 0.0831035 0.1088416 0.0973438 0.1070928 0.2974870 0.1262881 0.1018273 0.1206714 0.0888913 0.1766418 
S0028_G5271_R1_A 0.1193907 0.1169743 0.0909039 0.0884649 0.0929345 0.0911834 0.0975995 0.1042389 0.0000000 0.1018403 0.1018403 0.0902601 0.0902601 0.1018951 0.1120405 0.0877026 0.1100444 0.1014294 0.1121049 0.2828500 0.1253714 0.1102771 0.1205202 0.0992804 0.1860947 
S0021_G5271_R1_A 0.1348828 0.1338048 0.1041839 0.0978077 0.1088031 0.1081381 0.1145620 0.1195220 0.1018403 0.0000000 0.0000010 0.0579153 0.0579153 0.1159461 0.1315222 0.1062375 0.1215223 0.1223906 0.1294499 0.2937517 0.1416949 0.1166609 0.1392215 0.1076621 0.1993739 
S0021_G5271_R2_A 0.1348828 0.1338048 0.1041839 0.0978077 0.1088031 0.1081381 0.1145620 0.1195220 0.1018403 0.0000010 0.0000000 0.0579153 0.0579153 0.1159461 0.1315222 0.1062375 0.1215223 0.1223906 0.1294499 0.2937517 0.1416949 0.1166609 0.1392215 0.1076621 0.1993739 
S0021_G5271_R3_A 0.1228801 0.1218550 0.0902359 0.0912294 0.0984739 0.0948302 0.1032880 0.1097571 0.0902601 0.0579153 0.0579153 0.0000000 0.0000010 0.1032725 0.1183973 0.0918421 0.1136651 0.1086282 0.1199285 0.2841690 0.1297752 0.1125575 0.1242700 0.0995413 0.1897455 
S0021_G5271_R4_A 0.1228801 0.1218550 0.0902359 0.0912294 0.0984739 0.0948302 0.1032880 0.1097571 0.0902601 0.0579153 0.0579153 0.0000010 0.0000000 0.1032725 0.1183973 0.0918421 0.1136651 0.1086282 0.1199285 0.2841690 0.1297752 0.1125575 0.1242700 0.0995413 0.1897455 
S0026_G5271_R1_A 0.1331714 0.1342450 0.1056624 0.1022196 0.1074373 0.1026045 0.1153943 0.1205039 0.1018951 0.1159461 0.1159461 0.1032725 0.1032725 0.0000000 0.1227903 0.1014118 0.1214857 0.1187890 0.1250880 0.3049030 0.1363877 0.1190452 0.1255610 0.1138358 0.2042221 
S0018_G5271_R1_A 0.1247470 0.1237062 0.0917363 0.0934607 0.0945010 0.0934683 0.1014020 0.1113087 0.1120405 0.1315222 0.1315222 0.1183973 0.1183973 0.1227903 0.0000000 0.0484310 0.0982800 0.1072770 0.1203414 0.2992738 0.1344757 0.1141212 0.1049248 0.0978556 0.1815958 
S0031_G5271_R1_A 0.0984489 0.0975089 0.0676773 0.0679089 0.0728330 0.0708066 0.0812999 0.0831035 0.0877026 0.1062375 0.1062375 0.0918421 0.0918421 0.1014118 0.0484310 0.0000000 0.0704152 0.0860192 0.0940366 0.2771302 0.1078429 0.0887205 0.0748268 0.0756648 0.1641629 
S0004_G5271_R1_A 0.1192033 0.1174739 0.0927331 0.0909316 0.0946622 0.0923128 0.0987318 0.1088416 0.1100444 0.1215223 0.1215223 0.1136651 0.1136651 0.1214857 0.0982800 0.0704152 0.0000000 0.1082252 0.1189419 0.2928778 0.1330009 0.1128244 0.1100394 0.0974461 0.1882918 
S0046_G5271_R1_A 0.1178791 0.1139353 0.0829575 0.0897662 0.0929533 0.0855559 0.0999665 0.0973438 0.1014294 0.1223906 0.1223906 0.1086282 0.1086282 0.1187890 0.1072770 0.0860192 0.1082252 0.0000000 0.1104127 0.2913479 0.1224142 0.1064154 0.1166910 0.0934388 0.1742985 
S0022_G5271_R1_A 0.1195762 0.1194767 0.0924772 0.0893311 0.0918434 0.0907918 0.1020261 0.1070928 0.1121049 0.1294499 0.1294499 0.1199285 0.1199285 0.1250880 0.1203414 0.0940366 0.1189419 0.1104127 0.0000000 0.3025842 0.1352530 0.1113080 0.1261878 0.0968939 0.1852754 
S0005_G5271_R1_A 0.3060916 0.3030280 0.2715798 0.2698967 0.2843816 0.2758586 0.2937028 0.2974870 0.2828500 0.2937517 0.2937517 0.2841690 0.2841690 0.3049030 0.2992738 0.2771302 0.2928778 0.2913479 0.3025842 0.0000000 0.3234209 0.3095497 0.3094660 0.2783803 0.3729758 
S0017_G5271_R1_A 0.1384531 0.1380823 0.1129493 0.1085961 0.1153543 0.1088941 0.1218140 0.1262881 0.1253714 0.1416949 0.1416949 0.1297752 0.1297752 0.1363877 0.1344757 0.1078429 0.1330009 0.1224142 0.1352530 0.3234209 0.0000000 0.1234055 0.1384287 0.1130321 0.1875083 
S0013_G5271_R1_A 0.1079773 0.1048847 0.0861660 0.0874759 0.0933526 0.0888258 0.0918474 0.1018273 0.1102771 0.1166609 0.1166609 0.1125575 0.1125575 0.1190452 0.1141212 0.0887205 0.1128244 0.1064154 0.1113080 0.3095497 0.1234055 0.0000000 0.1250353 0.0940683 0.1751111 
S0037_G5271_R1_A 0.1328918 0.1311053 0.0982530 0.1021265 0.1030800 0.1030968 0.1126858 0.1206714 0.1205202 0.1392215 0.1392215 0.1242700 0.1242700 0.1255610 0.1049248 0.0748268 0.1100394 0.1166910 0.1261878 0.3094660 0.1384287 0.1250353 0.0000000 0.1111640 0.1956497 
S0019_G5271_R1_A 0.1029214 0.1017952 0.0705870 0.0696256 0.0771060 0.0764207 0.0766371 0.0888913 0.0992804 0.1076621 0.1076621 0.0995413 0.0995413 0.1138358 0.0978556 0.0756648 0.0974461 0.0934388 0.0968939 0.2783803 0.1130321 0.0940683 0.1111640 0.0000000 0.1706482 
S0012_G5271_R1_A 0.1869188 0.1831567 0.1618809 0.1593686 0.1700313 0.1519550 0.1700199 0.1766418 0.1860947 0.1993739 0.1993739 0.1897455 0.1897455 0.2042221 0.1815958 0.1641629 0.1882918 0.1742985 0.1852754 0.3729758 0.1875083 0.1751111 0.1956497 0.1706482 0.0000000 
