27
S0026_G5280_R1_A 0.0000000 0.0441129 0.0702913 0.0505552 0.0560690 0.0526152 0.0620618 0.0569554 0.0512118 0.0481280 0.0534049 0.0585385 0.0669858 0.0651244 0.0740854 0.0569579 0.0552215 0.0745656 0.0427598 0.0466197 0.0829379 0.0732405 0.0625598 0.0670072 0.1076223 0.1565516 0.3887479 
S0028_G5280_R1_A 0.0441129 0.0000000 0.0682000 0.0480817 0.0545587 0.0487111 0.0570858 0.0549773 0.0489611 0.0442727 0.0490674 0.0530557 0.0649329 0.0622681 0.0715574 0.0533400 0.0516816 0.0673421 0.0406451 0.0425933 0.0818867 0.0743066 0.0576351 0.0662202 0.1064581 0.1495211 0.3792397 
S0017_G5280_R4_A 0.0702913 0.0682000 0.0000000 0.0615977 0.0701921 0.0630928 0.0745841 0.0739722 0.0674998 0.0750298 0.0786370 0.0705678 0.0754431 0.0765532 0.0884370 0.0664035 0.0765977 0.0848520 0.0742924 0.0779517 0.0997383 0.0906645 0.0638763 0.0801960 0.1086391 0.1654373 0.3735360 
S0030_G5280_R1_A 0.0505552 0.0480817 0.0615977 0.0000000 0.0472786 0.0449413 0.0547965 0.0492395 0.0451441 0.0531322 0.0570160 0.0502307 0.0590027 0.0599452 0.0698008 0.0513163 0.0469387 0.0679890 0.0473082 0.0482356 0.0720257 0.0652373 0.0539357 0.0593562 0.0981342 0.1559968 0.3756255 
S0011_G5280_R1_A 0.0560690 0.0545587 0.0701921 0.0472786 0.0000000 0.0528614 0.0442844 0.0465390 0.0414377 0.0601373 0.0631410 0.0578297 0.0667865 0.0655993 0.0706504 0.0589721 0.0441618 0.0753449 0.0561582 0.0558602 0.0792136 0.0724017 0.0595100 0.0641624 0.1016890 0.1659056 0.3781616 
S0016_G5280_R1_A 0.0526152 0.0487111 0.0630928 0.0449413 0.0528614 0.0000000 0.0549767 0.0513159 0.0477264 0.0572193 0.0601744 0.0498657 0.0602660 0.0517113 0.0672891 0.0437364 0.0485531 0.0678362 0.0492855 0.0495697 0.0692038 0.0570125 0.0515754 0.0654198 0.0988780 0.1583419 0.3748889 
S0002_G5280_R1_A 0.0620618 0.0570858 0.0745841 0.0547965 0.0442844 0.0549767 0.0000000 0.0543898 0.0463633 0.0631972 0.0667150 0.0629320 0.0673394 0.0707401 0.0785099 0.0609157 0.0491126 0.0781088 0.0594529 0.0581313 0.0880805 0.0789322 0.0626167 0.0698104 0.1050882 0.1675068 0.3845434 
S0019_G5280_R1_A 0.0569554 0.0549773 0.0739722 0.0492395 0.0465390 0.0513159 0.0543898 0.0000000 0.0399913 0.0591232 0.0630660 0.0602404 0.0661904 0.0649320 0.0722133 0.0572556 0.0465700 0.0742408 0.0563837 0.0584254 0.0782129 0.0720258 0.0588955 0.0659440 0.1064500 0.1616533 0.3893673 
S0020_G5280_R1_A 0.0512118 0.0489611 0.0674998 0.0451441 0.0414377 0.0477264 0.0463633 0.0399913 0.0000000 0.0544765 0.0569715 0.0540428 0.0630457 0.0623689 0.0689237 0.0575968 0.0385662 0.0736480 0.0486074 0.0510242 0.0743508 0.0640080 0.0570880 0.0621377 0.1012639 0.1616452 0.3820815 
S0021_G5280_R1_A 0.0481280 0.0442727 0.0750298 0.0531322 0.0601373 0.0572193 0.0631972 0.0591232 0.0544765 0.0000000 0.0231204 0.0587615 0.0686503 0.0668190 0.0798107 0.0588103 0.0574158 0.0778756 0.0000010 0.0197774 0.0863474 0.0759174 0.0627149 0.0701151 0.1073800 0.1563832 0.3908615 
S0021_G5280_R2_A 0.0534049 0.0490674 0.0786370 0.0570160 0.0631410 0.0601744 0.0667150 0.0630660 0.0569715 0.0231204 0.0000000 0.0632686 0.0726718 0.0723236 0.0799664 0.0619709 0.0608861 0.0830771 0.0195039 0.0000010 0.0885691 0.0787860 0.0642843 0.0713192 0.1113292 0.1589757 0.3876935 
S0022_G5280_R1_A 0.0585385 0.0530557 0.0705678 0.0502307 0.0578297 0.0498657 0.0629320 0.0602404 0.0540428 0.0587615 0.0632686 0.0000000 0.0688421 0.0671930 0.0771048 0.0573458 0.0550109 0.0744957 0.0504020 0.0529161 0.0814772 0.0723551 0.0628408 0.0726359 0.1084292 0.1718145 0.3932782 
S0046_G5280_R1_A 0.0669858 0.0649329 0.0754431 0.0590027 0.0667865 0.0602660 0.0673394 0.0661904 0.0630457 0.0686503 0.0726718 0.0688421 0.0000000 0.0736508 0.0831958 0.0653752 0.0604888 0.0796031 0.0657196 0.0646493 0.0873444 0.0803162 0.0687541 0.0752878 0.1138938 0.1715226 0.3864304 
S0018_G5280_R1_A 0.0651244 0.0622681 0.0765532 0.0599452 0.0655993 0.0517113 0.0707401 0.0649320 0.0623689 0.0668190 0.0723236 0.0671930 0.0736508 0.0000000 0.0841111 0.0372085 0.0632582 0.0720059 0.0579074 0.0607619 0.0877006 0.0777740 0.0603527 0.0768539 0.1148431 0.1682465 0.3844936 
S0050_G5280_R1_A 0.0740854 0.0715574 0.0884370 0.0698008 0.0706504 0.0672891 0.0785099 0.0722133 0.0689237 0.0798107 0.0799664 0.0771048 0.0831958 0.0841111 0.0000000 0.0738707 0.0658545 0.0939520 0.0767963 0.0748968 0.0266864 0.0338250 0.0775399 0.0786444 0.1185279 0.1883274 0.3883872 
S0031_G5280_R1_A 0.0569579 0.0533400 0.0664035 0.0513163 0.0589721 0.0437364 0.0609157 0.0572556 0.0575968 0.0588103 0.0619709 0.0573458 0.0653752 0.0372085 0.0738707 0.0000000 0.0553757 0.0623539 0.0477295 0.0463886 0.0761263 0.0699269 0.0514249 0.0676821 0.1029744 0.1567975 0.3563749 
S0036_G5280_R1_A 0.0552215 0.0516816 0.0765977 0.0469387 0.0441618 0.0485531 0.0491126 0.0465700 0.0385662 0.0574158 0.0608861 0.0550109 0.0604888 0.0632582 0.0658545 0.0553757 0.0000000 0.0736061 0.0558566 0.0586205 0.0768527 0.0672331 0.0553934 0.0650860 0.0985922 0.1664470 0.3766670 
S0037_G5280_R1_A 0.0745656 0.0673421 0.0848520 0.0679890 0.0753449 0.0678362 0.0781088 0.0742408 0.0736480 0.0778756 0.0830771 0.0744957 0.0796031 0.0720059 0.0939520 0.0623539 0.0736061 0.0000000 0.0671078 0.0689402 0.0933211 0.0832156 0.0712612 0.0843860 0.1260382 0.1848479 0.3872804 
S0021_G5280_R3_A 0.0427598 0.0406451 0.0742924 0.0473082 0.0561582 0.0492855 0.0594529 0.0563837 0.0486074 0.0000010 0.0195039 0.0504020 0.0657196 0.0579074 0.0767963 0.0477295 0.0558566 0.0671078 0.0000000 0.0197648 0.0862904 0.0758677 0.0503473 0.0627734 0.0907929 0.1448680 0.3451515 
S0021_G5280_R4_A 0.0466197 0.0425933 0.0779517 0.0482356 0.0558602 0.0495697 0.0581313 0.0584254 0.0510242 0.0197774 0.0000010 0.0529161 0.0646493 0.0607619 0.0748968 0.0463886 0.0586205 0.0689402 0.0197648 0.0000000 0.0862403 0.0763436 0.0475343 0.0635633 0.0924553 0.1436544 0.3473500 
S0017_G5280_R3_A 0.0829379 0.0818867 0.0997383 0.0720257 0.0792136 0.0692038 0.0880805 0.0782129 0.0743508 0.0863474 0.0885691 0.0814772 0.0873444 0.0877006 0.0266864 0.0761263 0.0768527 0.0933211 0.0862904 0.0862403 0.0000000 0.0404002 0.0779042 0.0784787 0.1102114 0.1963911 0.3688256 
S0048_G5280_R3_A 0.0732405 0.0743066 0.0906645 0.0652373 0.0724017 0.0570125 0.0789322 0.0720258 0.0640080 0.0759174 0.0787860 0.0723551 0.0803162 0.0777740 0.0338250 0.0699269 0.0672331 0.0832156 0.0758677 0.0763436 0.0404002 0.0000000 0.0683188 0.0708442 0.1053631 0.1824317 0.3595268 
S0004_G5280_R1_A 0.0625598 0.0576351 0.0638763 0.0539357 0.0595100 0.0515754 0.0626167 0.0588955 0.0570880 0.0627149 0.0642843 0.0628408 0.0687541 0.0603527 0.0775399 0.0514249 0.0553934 0.0712612 0.0503473 0.0475343 0.0779042 0.0683188 0.0000000 0.0698236 0.1067541 0.1603501 0.3591202 
S0013_G5280_R1_A 0.0670072 0.0662202 0.0801960 0.0593562 0.0641624 0.0654198 0.0698104 0.0659440 0.0621377 0.0701151 0.0713192 0.0726359 0.0752878 0.0768539 0.0786444 0.0676821 0.0650860 0.0843860 0.0627734 0.0635633 0.0784787 0.0708442 0.0698236 0.0000000 0.1055822 0.1742236 0.3826511 
S0012_G5280_R1_A 0.1076223 0.1064581 0.1086391 0.0981342 0.1016890 0.0988780 0.1050882 0.1064500 0.1012639 0.1073800 0.1113292 0.1084292 0.1138938 0.1148431 0.1185279 0.1029744 0.0985922 0.1260382 0.0907929 0.0924553 0.1102114 0.1053631 0.1067541 0.1055822 0.0000000 0.2103419 0.4255167 
S0005_G5280_R1_A 0.1565516 0.1495211 0.1654373 0.1559968 0.1659056 0.1583419 0.1675068 0.1616533 0.1616452 0.1563832 0.1589757 0.1718145 0.1715226 0.1682465 0.1883274 0.1567975 0.1664470 0.1848479 0.1448680 0.1436544 0.1963911 0.1824317 0.1603501 0.1742236 0.2103419 0.0000000 0.4590515 
S0048_G5280_R2_A 0.3887479 0.3792397 0.3735360 0.3756255 0.3781616 0.3748889 0.3845434 0.3893673 0.3820815 0.3908615 0.3876935 0.3932782 0.3864304 0.3844936 0.3883872 0.3563749 0.3766670 0.3872804 0.3451515 0.3473500 0.3688256 0.3595268 0.3591202 0.3826511 0.4255167 0.4590515 0.0000000 
