25
S0002_G5296_R1_A 0.0000000 0.0502264 0.0596830 0.0684893 0.0707056 0.0721278 0.0818096 0.0816990 0.0599663 0.0757023 0.0828179 0.0516934 0.0590609 0.0586700 0.0483907 0.0688203 0.1028601 0.1225266 0.0702752 0.0738675 0.0939296 0.0922059 0.1802908 0.2311127 0.2799813 
S0019_G5296_R1_A 0.0502264 0.0000000 0.0583056 0.0686654 0.0650009 0.0637637 0.0798956 0.0797875 0.0537802 0.0774933 0.0796832 0.0338146 0.0597390 0.0552118 0.0507285 0.0663584 0.0963457 0.1191945 0.0716768 0.0683104 0.0857167 0.0839923 0.1774649 0.2252890 0.2755036 
S0046_G5296_R1_A 0.0596830 0.0583056 0.0000000 0.0762525 0.0747708 0.0756390 0.0798664 0.0797534 0.0645176 0.0820422 0.0842187 0.0567233 0.0634447 0.0578947 0.0586668 0.0713331 0.0994094 0.1216583 0.0749576 0.0747436 0.0903508 0.0918377 0.1876541 0.2240609 0.2826481 
S0004_G5296_R1_A 0.0684893 0.0686654 0.0762525 0.0000000 0.0616656 0.0794340 0.0870091 0.0868911 0.0758789 0.0830957 0.0735769 0.0670680 0.0694570 0.0674686 0.0652965 0.0608959 0.1065777 0.1284102 0.0841567 0.0741243 0.0958864 0.0980773 0.1741208 0.2387365 0.2883906 
S0016_G5296_R1_A 0.0707056 0.0650009 0.0747708 0.0616656 0.0000000 0.0786118 0.0867525 0.0866245 0.0739191 0.0849922 0.0736558 0.0638678 0.0689846 0.0655039 0.0680338 0.0576998 0.1103443 0.1321402 0.0860913 0.0693803 0.0976520 0.0953477 0.1711801 0.2332031 0.2918978 
S0030_G5296_R2_A 0.0721278 0.0637637 0.0756390 0.0794340 0.0786118 0.0000000 0.0896801 0.0906434 0.0731905 0.0869961 0.0908901 0.0670083 0.0672181 0.0638345 0.0662882 0.0751654 0.1082678 0.1294648 0.0864217 0.0805036 0.0973265 0.0970674 0.1890082 0.2359630 0.2516563 
S0021_G5296_R1_A 0.0818096 0.0798956 0.0798664 0.0870091 0.0867525 0.0896801 0.0000000 0.0168411 0.0823714 0.0940423 0.1022609 0.0745501 0.0741849 0.0738811 0.0754059 0.0855832 0.1131930 0.1294913 0.0846174 0.0899431 0.1107005 0.1097895 0.2042697 0.2412366 0.2949420 
S0021_G5296_R2_A 0.0816990 0.0797875 0.0797534 0.0868911 0.0866245 0.0906434 0.0168411 0.0000000 0.0806340 0.0955979 0.1022081 0.0760695 0.0735478 0.0748435 0.0763738 0.0865648 0.1136823 0.1280920 0.0839431 0.0878790 0.1086231 0.1070739 0.2033665 0.2425867 0.2945653 
S0011_G5296_R1_A 0.0599663 0.0537802 0.0645176 0.0758789 0.0739191 0.0731905 0.0823714 0.0806340 0.0000000 0.0799669 0.0867830 0.0536860 0.0604464 0.0591084 0.0588958 0.0710229 0.0996401 0.1217826 0.0790951 0.0762823 0.0940216 0.0930365 0.1864695 0.2338859 0.2751766 
S0017_G5296_R1_A 0.0757023 0.0774933 0.0820422 0.0830957 0.0849922 0.0869961 0.0940423 0.0955979 0.0799669 0.0000000 0.0907264 0.0727554 0.0740262 0.0742902 0.0752348 0.0815299 0.1150826 0.1351927 0.0878937 0.0816290 0.1016367 0.1031378 0.2017695 0.2409182 0.3013573 
S0018_G5296_R1_A 0.0828179 0.0796832 0.0842187 0.0735769 0.0736558 0.0908901 0.1022609 0.1022081 0.0867830 0.0907264 0.0000000 0.0764155 0.0816361 0.0773980 0.0772608 0.0408618 0.1174116 0.1470717 0.0925544 0.0808296 0.0993444 0.0983578 0.1703151 0.2411014 0.3056864 
S0020_G5296_R1_A 0.0516934 0.0338146 0.0567233 0.0670680 0.0638678 0.0670083 0.0745501 0.0760695 0.0536860 0.0727554 0.0764155 0.0000000 0.0559214 0.0514617 0.0485452 0.0630583 0.0961954 0.1198567 0.0722253 0.0649678 0.0868100 0.0844941 0.1800286 0.2255753 0.2697867 
S0022_G5296_R1_A 0.0590609 0.0597390 0.0634447 0.0694570 0.0689846 0.0672181 0.0741849 0.0735478 0.0604464 0.0740262 0.0816361 0.0559214 0.0000000 0.0560974 0.0527644 0.0649967 0.0973070 0.1158431 0.0746341 0.0725761 0.0919373 0.0902743 0.1835481 0.2242834 0.2710042 
S0028_G5296_R1_A 0.0586700 0.0552118 0.0578947 0.0674686 0.0655039 0.0638345 0.0738811 0.0748435 0.0591084 0.0742902 0.0773980 0.0514617 0.0560974 0.0000000 0.0529952 0.0630996 0.0912287 0.1130046 0.0699742 0.0689778 0.0895605 0.0859764 0.1722693 0.2288560 0.2714155 
S0036_G5296_R1_A 0.0483907 0.0507285 0.0586668 0.0652965 0.0680338 0.0662882 0.0754059 0.0763738 0.0588958 0.0752348 0.0772608 0.0485452 0.0527644 0.0529952 0.0000000 0.0661412 0.0939054 0.1172143 0.0730898 0.0701158 0.0894485 0.0877777 0.1770502 0.2234654 0.2681276 
S0031_G5296_R1_A 0.0688203 0.0663584 0.0713331 0.0608959 0.0576998 0.0751654 0.0855832 0.0865648 0.0710229 0.0815299 0.0408618 0.0630583 0.0649967 0.0630996 0.0661412 0.0000000 0.1052840 0.1304056 0.0782850 0.0673799 0.0890122 0.0904111 0.1589422 0.2270870 0.2873775 
S0012_G5296_R1_A 0.1028601 0.0963457 0.0994094 0.1065777 0.1103443 0.1082678 0.1131930 0.1136823 0.0996401 0.1150826 0.1174116 0.0961954 0.0973070 0.0912287 0.0939054 0.1052840 0.0000000 0.1559572 0.1103502 0.0989702 0.1210435 0.1196027 0.2222117 0.2462976 0.3220239 
S0021_G5296_R3_A 0.1225266 0.1191945 0.1216583 0.1284102 0.1321402 0.1294648 0.1294913 0.1280920 0.1217826 0.1351927 0.1470717 0.1198567 0.1158431 0.1130046 0.1172143 0.1304056 0.1559572 0.0000000 0.1207558 0.1315499 0.1532822 0.1511983 0.2535008 0.2830093 0.3100157 
S0026_G5296_R1_A 0.0702752 0.0716768 0.0749576 0.0841567 0.0860913 0.0864217 0.0846174 0.0839431 0.0790951 0.0878937 0.0925544 0.0722253 0.0746341 0.0699742 0.0730898 0.0782850 0.1103502 0.1207558 0.0000000 0.0800600 0.1021801 0.1019331 0.1906606 0.2286548 0.2936836 
S0013_G5296_R1_A 0.0738675 0.0683104 0.0747436 0.0741243 0.0693803 0.0805036 0.0899431 0.0878790 0.0762823 0.0816290 0.0808296 0.0649678 0.0725761 0.0689778 0.0701158 0.0673799 0.0989702 0.1315499 0.0800600 0.0000000 0.0895263 0.0909889 0.1958939 0.2135236 0.3316026 
S0048_G5296_R1_A 0.0939296 0.0857167 0.0903508 0.0958864 0.0976520 0.0973265 0.1107005 0.1086231 0.0940216 0.1016367 0.0993444 0.0868100 0.0919373 0.0895605 0.0894485 0.0890122 0.1210435 0.1532822 0.1021801 0.0895263 0.0000000 0.0122452 0.2207280 0.2289238 0.3400152 
S0050_G5296_R1_A 0.0922059 0.0839923 0.0918377 0.0980773 0.0953477 0.0970674 0.1097895 0.1070739 0.0930365 0.1031378 0.0983578 0.0844941 0.0902743 0.0859764 0.0877777 0.0904111 0.1196027 0.1511983 0.1019331 0.0909889 0.0122452 0.0000000 0.2220442 0.2268931 0.3448480 
S0037_G5296_R1_A 0.1802908 0.1774649 0.1876541 0.1741208 0.1711801 0.1890082 0.2042697 0.2033665 0.1864695 0.2017695 0.1703151 0.1800286 0.1835481 0.1722693 0.1770502 0.1589422 0.2222117 0.2535008 0.1906606 0.1958939 0.2207280 0.2220442 0.0000000 0.3466715 0.3206444 
S0005_G5296_R1_A 0.2311127 0.2252890 0.2240609 0.2387365 0.2332031 0.2359630 0.2412366 0.2425867 0.2338859 0.2409182 0.2411014 0.2255753 0.2242834 0.2288560 0.2234654 0.2270870 0.2462976 0.2830093 0.2286548 0.2135236 0.2289238 0.2268931 0.3466715 0.0000000 0.4661298 
S0030_G5296_R1_A 0.2799813 0.2755036 0.2826481 0.2883906 0.2918978 0.2516563 0.2949420 0.2945653 0.2751766 0.3013573 0.3056864 0.2697867 0.2710042 0.2714155 0.2681276 0.2873775 0.3220239 0.3100157 0.2936836 0.3316026 0.3400152 0.3448480 0.3206444 0.4661298 0.0000000 
