24
S0002_G5318_R1_A 0.0000000 0.0664524 0.0692179 0.0642254 0.0743214 0.0682205 0.0917889 0.0786492 0.1001012 0.0803521 0.0911314 0.0995115 0.0900399 0.0772205 0.0750316 0.0766632 0.1200390 0.0721122 0.1190242 0.1006438 0.1313669 0.1739776 0.0923676 0.2037463 
S0019_G5318_R1_A 0.0664524 0.0000000 0.0411723 0.0595068 0.0688712 0.0645636 0.0804340 0.0682316 0.0935777 0.0741870 0.0848073 0.0906994 0.0777670 0.0656826 0.0658435 0.0774173 0.1108830 0.0694211 0.1198575 0.0962718 0.1234990 0.1715159 0.0857475 0.1992120 
S0020_G5318_R1_A 0.0692179 0.0411723 0.0000000 0.0562974 0.0691174 0.0651392 0.0848876 0.0733072 0.0917669 0.0734689 0.0854240 0.0944620 0.0838605 0.0676318 0.0665910 0.0794278 0.1111992 0.0718469 0.1231284 0.0981482 0.1302493 0.1783899 0.0850131 0.2001302 
S0028_G5318_R1_A 0.0642254 0.0595068 0.0562974 0.0000000 0.0615700 0.0525905 0.0832177 0.0693240 0.0906606 0.0679601 0.0693764 0.0788492 0.0695935 0.0530509 0.0522578 0.0662533 0.0961903 0.0615006 0.1165446 0.0803283 0.1106388 0.1641570 0.0859782 0.1911479 
S0036_G5318_R1_A 0.0743214 0.0688712 0.0691174 0.0615700 0.0000000 0.0649402 0.0874363 0.0734877 0.0976823 0.0656815 0.0814028 0.0889001 0.0820340 0.0671085 0.0679583 0.0800810 0.1081344 0.0733896 0.1237609 0.0932220 0.1282539 0.1691404 0.0944941 0.1985984 
S0022_G5318_R1_A 0.0682205 0.0645636 0.0651392 0.0525905 0.0649402 0.0000000 0.0857631 0.0723571 0.0937912 0.0702429 0.0843175 0.0920198 0.0845306 0.0668937 0.0671516 0.0771150 0.1141359 0.0578950 0.1118484 0.0950907 0.1296453 0.1646495 0.0880012 0.2007907 
S0013_G5318_R1_A 0.0917889 0.0804340 0.0848876 0.0832177 0.0874363 0.0857631 0.0000000 0.0897039 0.0921741 0.0945152 0.1092418 0.1173563 0.1087035 0.0960966 0.0943995 0.1034104 0.1342040 0.0912908 0.1367081 0.1143023 0.1586538 0.2031512 0.0899032 0.2212137 
S0046_G5318_R1_A 0.0786492 0.0682316 0.0733072 0.0693240 0.0734877 0.0723571 0.0897039 0.0000000 0.0967874 0.0829410 0.0902734 0.0942345 0.0885267 0.0766822 0.0736200 0.0840408 0.1165616 0.0771346 0.1208946 0.0990150 0.1316036 0.1809327 0.0930696 0.2006978 
S0048_G5318_R1_A 0.1001012 0.0935777 0.0917669 0.0906606 0.0976823 0.0937912 0.0921741 0.0967874 0.0000000 0.1041014 0.1153796 0.1228604 0.1108737 0.0998745 0.0987964 0.1132712 0.1440790 0.1022911 0.1436673 0.1235906 0.1645738 0.2008982 0.0144265 0.2229537 
S0011_G5318_R1_A 0.0803521 0.0741870 0.0734689 0.0679601 0.0656815 0.0702429 0.0945152 0.0829410 0.1041014 0.0000000 0.0901758 0.1016464 0.0877504 0.0762287 0.0769324 0.0808921 0.1174070 0.0801660 0.1201943 0.1011985 0.1357739 0.1769903 0.0995730 0.2166167 
S0016_G5318_R1_A 0.0911314 0.0848073 0.0854240 0.0693764 0.0814028 0.0843175 0.1092418 0.0902734 0.1153796 0.0901758 0.0000000 0.0718481 0.0629654 0.0774891 0.0779971 0.0893471 0.0932073 0.0877358 0.1354875 0.0960970 0.1187446 0.1568294 0.1113475 0.2164117 
S0018_G5318_R1_A 0.0995115 0.0906994 0.0944620 0.0788492 0.0889001 0.0920198 0.1173563 0.0942345 0.1228604 0.1016464 0.0718481 0.0000000 0.0476534 0.0931561 0.0914984 0.1007853 0.0951148 0.0978068 0.1477035 0.1028086 0.1328966 0.1704584 0.1183726 0.2215988 
S0031_G5318_R1_A 0.0900399 0.0777670 0.0838605 0.0695935 0.0820340 0.0845306 0.1087035 0.0885267 0.1108737 0.0877504 0.0629654 0.0476534 0.0000000 0.0811117 0.0815075 0.0888919 0.0825597 0.0910848 0.1419548 0.0975723 0.1205447 0.1627647 0.1039986 0.2142526 
S0021_G5318_R1_A 0.0772205 0.0656826 0.0676318 0.0530509 0.0671085 0.0668937 0.0960966 0.0766822 0.0998745 0.0762287 0.0774891 0.0931561 0.0811117 0.0000000 0.0126203 0.0716630 0.1098825 0.0753502 0.1208673 0.0918569 0.1329348 0.1509312 0.0944612 0.2099796 
S0021_G5318_R2_A 0.0750316 0.0658435 0.0665910 0.0522578 0.0679583 0.0671516 0.0943995 0.0736200 0.0987964 0.0769324 0.0779971 0.0914984 0.0815075 0.0126203 0.0000000 0.0729209 0.1099560 0.0736678 0.1242181 0.0912626 0.1307282 0.1445407 0.0930717 0.2119201 
S0026_G5318_R1_A 0.0766632 0.0774173 0.0794278 0.0662533 0.0800810 0.0771150 0.1034104 0.0840408 0.1132712 0.0808921 0.0893471 0.1007853 0.0888919 0.0716630 0.0729209 0.0000000 0.1147614 0.0853597 0.1384888 0.1028245 0.1374121 0.1623181 0.1086766 0.2207324 
S0037_G5318_R1_A 0.1200390 0.1108830 0.1111992 0.0961903 0.1081344 0.1141359 0.1342040 0.1165616 0.1440790 0.1174070 0.0932073 0.0951148 0.0825597 0.1098825 0.1099560 0.1147614 0.0000000 0.1191464 0.1614553 0.1296839 0.1478703 0.1935648 0.1401498 0.2454031 
S0030_G5318_R1_A 0.0721122 0.0694211 0.0718469 0.0615006 0.0733896 0.0578950 0.0912908 0.0771346 0.1022911 0.0801660 0.0877358 0.0978068 0.0910848 0.0753502 0.0736678 0.0853597 0.1191464 0.0000000 0.1271546 0.0953372 0.1288107 0.1763705 0.0963865 0.2030918 
S0012_G5318_R1_A 0.1190242 0.1198575 0.1231284 0.1165446 0.1237609 0.1118484 0.1367081 0.1208946 0.1436673 0.1201943 0.1354875 0.1477035 0.1419548 0.1208673 0.1242181 0.1384888 0.1614553 0.1271546 0.0000000 0.1403481 0.1875241 0.2185373 0.1429124 0.2576597 
S0017_G5318_R1_A 0.1006438 0.0962718 0.0981482 0.0803283 0.0932220 0.0950907 0.1143023 0.0990150 0.1235906 0.1011985 0.0960970 0.1028086 0.0975723 0.0918569 0.0912626 0.1028245 0.1296839 0.0953372 0.1403481 0.0000000 0.1437216 0.1988351 0.1225565 0.2219465 
S0004_G5318_R1_A 0.1313669 0.1234990 0.1302493 0.1106388 0.1282539 0.1296453 0.1586538 0.1316036 0.1645738 0.1357739 0.1187446 0.1328966 0.1205447 0.1329348 0.1307282 0.1374121 0.1478703 0.1288107 0.1875241 0.1437216 0.0000000 0.2081218 0.1622764 0.2617552 
S0022_G5318_R2_A 0.1739776 0.1715159 0.1783899 0.1641570 0.1691404 0.1646495 0.2031512 0.1809327 0.2008982 0.1769903 0.1568294 0.1704584 0.1627647 0.1509312 0.1445407 0.1623181 0.1935648 0.1763705 0.2185373 0.1988351 0.2081218 0.0000000 0.2105013 0.2951452 
S0050_G5318_R1_A 0.0923676 0.0857475 0.0850131 0.0859782 0.0944941 0.0880012 0.0899032 0.0930696 0.0144265 0.0995730 0.1113475 0.1183726 0.1039986 0.0944612 0.0930717 0.1086766 0.1401498 0.0963865 0.1429124 0.1225565 0.1622764 0.2105013 0.0000000 0.2285492 
S0005_G5318_R1_A 0.2037463 0.1992120 0.2001302 0.1911479 0.1985984 0.2007907 0.2212137 0.2006978 0.2229537 0.2166167 0.2164117 0.2215988 0.2142526 0.2099796 0.2119201 0.2207324 0.2454031 0.2030918 0.2576597 0.2219465 0.2617552 0.2951452 0.2285492 0.0000000 
