26
S0002_G5339_R1_A 0.0000000 0.0479912 0.0466962 0.0490894 0.0622507 0.0669683 0.0537479 0.0561062 0.0605645 0.0686536 0.0955322 0.1025892 0.0980474 0.0641149 0.0651070 0.1070554 0.1053121 0.0899758 0.0917781 0.1232753 0.1200189 0.1023357 0.0662503 0.0673637 0.0996750 0.2083158 
S0011_G5339_R1_A 0.0479912 0.0000000 0.0475388 0.0479578 0.0633297 0.0706607 0.0539687 0.0576541 0.0601803 0.0676901 0.0968333 0.0989731 0.0958144 0.0637067 0.0667029 0.1019288 0.1070708 0.0889186 0.0936413 0.1193807 0.1194321 0.1020720 0.0691130 0.0667519 0.0951909 0.2154597 
S0020_G5339_R1_A 0.0466962 0.0475388 0.0000000 0.0380343 0.0664755 0.0699201 0.0572213 0.0596343 0.0626710 0.0689143 0.0973032 0.1023043 0.0983402 0.0664026 0.0666543 0.1033082 0.1018822 0.0853601 0.0920250 0.1183331 0.1182428 0.1025417 0.0665953 0.0678127 0.0924004 0.2115650 
S0019_G5339_R1_A 0.0490894 0.0479578 0.0380343 0.0000000 0.0661881 0.0724922 0.0550601 0.0534734 0.0611799 0.0714121 0.0997940 0.1005274 0.0973670 0.0690239 0.0671111 0.1057201 0.1052506 0.0836757 0.0897943 0.1187864 0.1143477 0.1031387 0.0686040 0.0697076 0.0958593 0.2110481 
S0022_G5339_R1_A 0.0622507 0.0633297 0.0664755 0.0661881 0.0000000 0.0705077 0.0495019 0.0562478 0.0606907 0.0667828 0.0988056 0.0969975 0.0911552 0.0656794 0.0691376 0.1036593 0.1035242 0.0837381 0.0903401 0.1177156 0.1204757 0.1022745 0.0688436 0.0676219 0.0975181 0.2133050 
S0026_G5339_R1_A 0.0669683 0.0706607 0.0699201 0.0724922 0.0705077 0.0000000 0.0621916 0.0635838 0.0647684 0.0773378 0.0951382 0.0996067 0.0942146 0.0636813 0.0627611 0.0956364 0.0976154 0.0792530 0.0878637 0.1161407 0.1122255 0.1066946 0.0669947 0.0657227 0.1053789 0.1976871 
S0030_G5339_R1_A 0.0537479 0.0539687 0.0572213 0.0550601 0.0495019 0.0621916 0.0000000 0.0458693 0.0535623 0.0591409 0.0816988 0.0793679 0.0750644 0.0593912 0.0586716 0.0863857 0.0830000 0.0650927 0.0722451 0.1030077 0.1011901 0.0939156 0.0595649 0.0595331 0.0871183 0.1831384 
S0028_G5339_R1_A 0.0561062 0.0576541 0.0596343 0.0534734 0.0562478 0.0635838 0.0458693 0.0000000 0.0532750 0.0660911 0.0870300 0.0880012 0.0856248 0.0591156 0.0603740 0.0925304 0.0848836 0.0707790 0.0773804 0.1108649 0.1060769 0.0989151 0.0640835 0.0606119 0.0948352 0.1991015 
S0036_G5339_R1_A 0.0605645 0.0601803 0.0626710 0.0611799 0.0606907 0.0647684 0.0535623 0.0532750 0.0000000 0.0656650 0.0988320 0.1003665 0.0945822 0.0621832 0.0633836 0.0996689 0.1007091 0.0803871 0.0889999 0.1188740 0.1151952 0.1011270 0.0723828 0.0699625 0.1004573 0.2048751 
S0013_G5339_R1_A 0.0686536 0.0676901 0.0689143 0.0714121 0.0667828 0.0773378 0.0591409 0.0660911 0.0656650 0.0000000 0.0948877 0.0929131 0.0849337 0.0745949 0.0750173 0.1038827 0.1088058 0.0865165 0.0912213 0.1226475 0.1257019 0.0903500 0.0798013 0.0785420 0.1021900 0.2197716 
S0046_G5339_R1_A 0.0955322 0.0968333 0.0973032 0.0997940 0.0988056 0.0951382 0.0816988 0.0870300 0.0988320 0.0948877 0.0000000 0.1041862 0.0996836 0.0993923 0.1016395 0.1143891 0.1195984 0.1013463 0.1088129 0.1385374 0.1395546 0.1295706 0.1110166 0.1096248 0.1384559 0.2183191 
S0048_G5339_R1_A 0.1025892 0.0989731 0.1023043 0.1005274 0.0969975 0.0996067 0.0793679 0.0880012 0.1003665 0.0929131 0.1041862 0.0000000 0.0270211 0.1038864 0.1046062 0.1181749 0.1196263 0.1012945 0.1055341 0.1380802 0.1350859 0.1349421 0.1204939 0.1151471 0.1455407 0.2234970 
S0050_G5339_R1_A 0.0980474 0.0958144 0.0983402 0.0973670 0.0911552 0.0942146 0.0750644 0.0856248 0.0945822 0.0849337 0.0996836 0.0270211 0.0000000 0.0999646 0.1007914 0.1133925 0.1106994 0.0967292 0.1002541 0.1351811 0.1314264 0.1260828 0.1116155 0.1102980 0.1308860 0.2198644 
S0021_G5339_R1_A 0.0641149 0.0637067 0.0664026 0.0690239 0.0656794 0.0636813 0.0593912 0.0591156 0.0621832 0.0745949 0.0993923 0.1038864 0.0999646 0.0000000 0.0144321 0.1071457 0.1028800 0.0897074 0.0940038 0.1150828 0.1190619 0.0987821 0.0162320 0.0000010 0.1025482 0.2119110 
S0021_G5339_R2_A 0.0651070 0.0667029 0.0666543 0.0671111 0.0691376 0.0627611 0.0586716 0.0603740 0.0633836 0.0750173 0.1016395 0.1046062 0.1007914 0.0144321 0.0000000 0.1062591 0.1036252 0.0863822 0.0904850 0.1165200 0.1180961 0.1013575 0.0000010 0.0159709 0.1046756 0.2095754 
S0017_G5339_R1_A 0.1070554 0.1019288 0.1033082 0.1057201 0.1036593 0.0956364 0.0863857 0.0925304 0.0996689 0.1038827 0.1143891 0.1181749 0.1133925 0.1071457 0.1062591 0.0000000 0.1243624 0.1037786 0.1093368 0.1369381 0.1409594 0.1447005 0.1224905 0.1185255 0.0174792 0.2294210 
S0004_G5339_R1_A 0.1053121 0.1070708 0.1018822 0.1052506 0.1035242 0.0976154 0.0830000 0.0848836 0.1007091 0.1088058 0.1195984 0.1196263 0.1106994 0.1028800 0.1036252 0.1243624 0.0000000 0.0700232 0.0669989 0.0946020 0.0955904 0.1477616 0.1117446 0.1077718 0.1554105 0.2262710 
S0016_G5339_R1_A 0.0899758 0.0889186 0.0853601 0.0836757 0.0837381 0.0792530 0.0650927 0.0707790 0.0803871 0.0865165 0.1013463 0.1012945 0.0967292 0.0897074 0.0863822 0.1037786 0.0700232 0.0000000 0.0558290 0.0901335 0.0912981 0.1225125 0.0923319 0.0910540 0.1243467 0.2084154 
S0031_G5339_R1_A 0.0917781 0.0936413 0.0920250 0.0897943 0.0903401 0.0878637 0.0722451 0.0773804 0.0889999 0.0912213 0.1088129 0.1055341 0.1002541 0.0940038 0.0904850 0.1093368 0.0669989 0.0558290 0.0000000 0.0787444 0.0698191 0.1323304 0.0980557 0.0966628 0.1321833 0.2157259 
S0037_G5339_R1_A 0.1232753 0.1193807 0.1183331 0.1187864 0.1177156 0.1161407 0.1030077 0.1108649 0.1188740 0.1226475 0.1385374 0.1380802 0.1351811 0.1150828 0.1165200 0.1369381 0.0946020 0.0901335 0.0787444 0.0000000 0.1090965 0.1590189 0.1171564 0.1119083 0.1507009 0.2575615 
S0018_G5339_R1_A 0.1200189 0.1194321 0.1182428 0.1143477 0.1204757 0.1122255 0.1011901 0.1060769 0.1151952 0.1257019 0.1395546 0.1350859 0.1314264 0.1190619 0.1180961 0.1409594 0.0955904 0.0912981 0.0698191 0.1090965 0.0000000 0.1591634 0.1088680 0.1112188 0.1574621 0.2447739 
S0012_G5339_R1_A 0.1023357 0.1020720 0.1025417 0.1031387 0.1022745 0.1066946 0.0939156 0.0989151 0.1011270 0.0903500 0.1295706 0.1349421 0.1260828 0.0987821 0.1013575 0.1447005 0.1477616 0.1225125 0.1323304 0.1590189 0.1591634 0.0000000 0.1001429 0.0988442 0.1331069 0.2614283 
S0021_G5339_R3_A 0.0662503 0.0691130 0.0665953 0.0686040 0.0688436 0.0669947 0.0595649 0.0640835 0.0723828 0.0798013 0.1110166 0.1204939 0.1116155 0.0162320 0.0000010 0.1224905 0.1117446 0.0923319 0.0980557 0.1171564 0.1088680 0.1001429 0.0000000 0.0162320 0.1046756 0.2195789 
S0021_G5339_R4_A 0.0673637 0.0667519 0.0678127 0.0697076 0.0676219 0.0657227 0.0595331 0.0606119 0.0699625 0.0785420 0.1096248 0.1151471 0.1102980 0.0000010 0.0159709 0.1185255 0.1077718 0.0910540 0.0966628 0.1119083 0.1112188 0.0988442 0.0162320 0.0000000 0.1025482 0.2213887 
S0017_G5339_R2_A 0.0996750 0.0951909 0.0924004 0.0958593 0.0975181 0.1053789 0.0871183 0.0948352 0.1004573 0.1021900 0.1384559 0.1455407 0.1308860 0.1025482 0.1046756 0.0174792 0.1554105 0.1243467 0.1321833 0.1507009 0.1574621 0.1331069 0.1046756 0.1025482 0.0000000 0.2578913 
S0005_G5339_R1_A 0.2083158 0.2154597 0.2115650 0.2110481 0.2133050 0.1976871 0.1831384 0.1991015 0.2048751 0.2197716 0.2183191 0.2234970 0.2198644 0.2119110 0.2095754 0.2294210 0.2262710 0.2084154 0.2157259 0.2575615 0.2447739 0.2614283 0.2195789 0.2213887 0.2578913 0.0000000 
