25
S0028_G5355_R1_A 0.0000000 0.1045665 0.0561366 0.0507655 0.0654621 0.0589255 0.0618592 0.0608116 0.0606177 0.0613645 0.0620711 0.0671396 0.0773452 0.0752732 0.0664524 0.0801029 0.0801029 0.0830548 0.0822560 0.0628175 0.0747365 0.1908719 0.0780298 0.0577279 0.0654355 
S0012_G5355_R1_A 0.1045665 0.0000000 0.1151595 0.1093746 0.1125908 0.1052699 0.1091851 0.1125197 0.1270365 0.1098114 0.1162579 0.1182048 0.1450759 0.1403022 0.1304146 0.1262448 0.1262448 0.1241175 0.1331965 0.1231044 0.1219542 0.2396751 0.1305863 0.1073548 0.1096213 
S0031_G5355_R1_A 0.0561366 0.1151595 0.0000000 0.0648716 0.0709089 0.0577051 0.0742533 0.0720028 0.0829103 0.0701267 0.0571327 0.0701698 0.0928964 0.0897517 0.0790114 0.0915943 0.0915943 0.0864703 0.0759396 0.0811997 0.0432480 0.2061406 0.0917743 0.0699321 0.0723747 
S0022_G5355_R1_A 0.0507655 0.1093746 0.0648716 0.0000000 0.0659696 0.0565164 0.0595457 0.0577265 0.0611848 0.0595245 0.0662027 0.0694710 0.0866362 0.0850437 0.0697203 0.0778599 0.0778599 0.0721025 0.0920634 0.0539424 0.0801539 0.1803673 0.0741598 0.0591329 0.0612211 
S0011_G5355_R1_A 0.0654621 0.1125908 0.0709089 0.0659696 0.0000000 0.0621513 0.0722875 0.0694697 0.0787808 0.0678403 0.0684082 0.0756813 0.0965513 0.0940227 0.0826828 0.0913608 0.0913608 0.0869304 0.0904620 0.0733173 0.0880394 0.2006965 0.0863312 0.0686850 0.0766131 
S0036_G5355_R1_A 0.0589255 0.1052699 0.0577051 0.0565164 0.0621513 0.0000000 0.0635104 0.0608506 0.0680311 0.0568090 0.0588962 0.0633550 0.0857626 0.0855020 0.0677205 0.0694415 0.0694415 0.0675308 0.0795853 0.0720107 0.0676578 0.1943152 0.0779274 0.0549519 0.0617553 
S0019_G5355_R1_A 0.0618592 0.1091851 0.0742533 0.0595457 0.0722875 0.0635104 0.0000000 0.0354375 0.0758915 0.0571558 0.0734406 0.0759704 0.0952629 0.0932305 0.0850226 0.0893422 0.0893422 0.0849236 0.0898473 0.0738972 0.0930237 0.2090825 0.0803580 0.0665599 0.0735771 
S0020_G5355_R1_A 0.0608116 0.1125197 0.0720028 0.0577265 0.0694697 0.0608506 0.0354375 0.0000000 0.0757713 0.0572802 0.0695791 0.0753131 0.0945213 0.0919528 0.0822715 0.0884703 0.0884703 0.0840264 0.0947162 0.0699219 0.0899503 0.2044920 0.0883499 0.0667586 0.0729997 
S0017_G5355_R1_A 0.0606177 0.1270365 0.0829103 0.0611848 0.0787808 0.0680311 0.0758915 0.0757713 0.0000000 0.0689615 0.0778164 0.0857628 0.1004564 0.0984981 0.0831424 0.0937606 0.0937606 0.0944240 0.1025131 0.0738764 0.1010043 0.2067730 0.0902678 0.0703990 0.0831372 
S0002_G5355_R1_A 0.0613645 0.1098114 0.0701267 0.0595245 0.0678403 0.0568090 0.0571558 0.0572802 0.0689615 0.0000000 0.0686938 0.0707032 0.0899516 0.0880790 0.0789849 0.0820493 0.0820493 0.0835627 0.0948401 0.0694287 0.0849705 0.2007936 0.0815953 0.0654070 0.0705759 
S0016_G5355_R1_A 0.0620711 0.1162579 0.0571327 0.0662027 0.0684082 0.0588962 0.0734406 0.0695791 0.0778164 0.0686938 0.0000000 0.0728772 0.0897432 0.0877732 0.0748426 0.0901749 0.0901749 0.0832859 0.0790830 0.0770521 0.0742171 0.2032394 0.0882963 0.0650000 0.0768280 
S0046_G5355_R1_A 0.0671396 0.1182048 0.0701698 0.0694710 0.0756813 0.0633550 0.0759704 0.0753131 0.0857628 0.0707032 0.0728772 0.0000000 0.1006967 0.0992971 0.0889359 0.0884028 0.0884028 0.0840010 0.0933293 0.0845543 0.0845973 0.2069033 0.0918609 0.0722301 0.0753231 
S0048_G5355_R1_A 0.0773452 0.1450759 0.0928964 0.0866362 0.0965513 0.0857626 0.0952629 0.0945213 0.1004564 0.0899516 0.0897432 0.1006967 0.0000000 0.0105237 0.0981771 0.1057370 0.1057370 0.0976903 0.1153189 0.0985261 0.1023339 0.2177323 0.0963550 0.0823177 0.0875979 
S0050_G5355_R1_A 0.0752732 0.1403022 0.0897517 0.0850437 0.0940227 0.0855020 0.0932305 0.0919528 0.0984981 0.0880790 0.0877732 0.0992971 0.0105237 0.0000000 0.0955272 0.1037391 0.1037391 0.0982875 0.1150853 0.0942278 0.0999443 0.2189707 0.0960599 0.0820430 0.0865230 
S0004_G5355_R1_A 0.0664524 0.1304146 0.0790114 0.0697203 0.0826828 0.0677205 0.0850226 0.0822715 0.0831424 0.0789849 0.0748426 0.0889359 0.0981771 0.0955272 0.0000000 0.0977106 0.0977106 0.0940334 0.1003690 0.0821388 0.0976537 0.2108873 0.0947096 0.0734597 0.0826208 
S0021_G5355_R3_A 0.0801029 0.1262448 0.0915943 0.0778599 0.0913608 0.0694415 0.0893422 0.0884703 0.0937606 0.0820493 0.0901749 0.0884028 0.1057370 0.1037391 0.0977106 0.0000000 0.0000010 0.0405606 0.1015022 0.0965727 0.0999561 0.2014357 0.0978662 0.0419752 0.0729356 
S0021_G5355_R4_A 0.0801029 0.1262448 0.0915943 0.0778599 0.0913608 0.0694415 0.0893422 0.0884703 0.0937606 0.0820493 0.0901749 0.0884028 0.1057370 0.1037391 0.0977106 0.0000010 0.0000000 0.0405606 0.1015022 0.0965727 0.0999561 0.2014357 0.0978662 0.0419752 0.0729356 
S0021_G5355_R2_A 0.0830548 0.1241175 0.0864703 0.0721025 0.0869304 0.0675308 0.0849236 0.0840264 0.0944240 0.0835627 0.0832859 0.0840010 0.0976903 0.0982875 0.0940334 0.0405606 0.0405606 0.0000000 0.1002808 0.0927595 0.0924636 0.1956346 0.0994321 0.0112027 0.0719544 
S0037_G5355_R1_A 0.0822560 0.1331965 0.0759396 0.0920634 0.0904620 0.0795853 0.0898473 0.0947162 0.1025131 0.0948401 0.0790830 0.0933293 0.1153189 0.1150853 0.1003690 0.1015022 0.1015022 0.1002808 0.0000000 0.1034883 0.0822832 0.2249097 0.1024930 0.0930952 0.0869837 
S0030_G5355_R1_A 0.0628175 0.1231044 0.0811997 0.0539424 0.0733173 0.0720107 0.0738972 0.0699219 0.0738764 0.0694287 0.0770521 0.0845543 0.0985261 0.0942278 0.0821388 0.0965727 0.0965727 0.0927595 0.1034883 0.0000000 0.0991709 0.2078291 0.0877677 0.0725233 0.0770662 
S0018_G5355_R1_A 0.0747365 0.1219542 0.0432480 0.0801539 0.0880394 0.0676578 0.0930237 0.0899503 0.1010043 0.0849705 0.0742171 0.0845973 0.1023339 0.0999443 0.0976537 0.0999561 0.0999561 0.0924636 0.0822832 0.0991709 0.0000000 0.2062241 0.0991882 0.0788684 0.0836556 
S0005_G5355_R1_A 0.1908719 0.2396751 0.2061406 0.1803673 0.2006965 0.1943152 0.2090825 0.2044920 0.2067730 0.2007936 0.2032394 0.2069033 0.2177323 0.2189707 0.2108873 0.2014357 0.2014357 0.1956346 0.2249097 0.2078291 0.2062241 0.0000000 0.2141943 0.1884852 0.1972411 
S0013_G5355_R1_A 0.0780298 0.1305863 0.0917743 0.0741598 0.0863312 0.0779274 0.0803580 0.0883499 0.0902678 0.0815953 0.0882963 0.0918609 0.0963550 0.0960599 0.0947096 0.0978662 0.0978662 0.0994321 0.1024930 0.0877677 0.0991882 0.2141943 0.0000000 0.0838532 0.0855146 
S0021_G5355_R1_A 0.0577279 0.1073548 0.0699321 0.0591329 0.0686850 0.0549519 0.0665599 0.0667586 0.0703990 0.0654070 0.0650000 0.0722301 0.0823177 0.0820430 0.0734597 0.0419752 0.0419752 0.0112027 0.0930952 0.0725233 0.0788684 0.1884852 0.0838532 0.0000000 0.0569663 
S0026_G5355_R1_A 0.0654355 0.1096213 0.0723747 0.0612211 0.0766131 0.0617553 0.0735771 0.0729997 0.0831372 0.0705759 0.0768280 0.0753231 0.0875979 0.0865230 0.0826208 0.0729356 0.0729356 0.0719544 0.0869837 0.0770662 0.0836556 0.1972411 0.0855146 0.0569663 0.0000000 
