23
S0002_G5398_R1_A 0.0000000 0.0616518 0.0533154 0.0478178 0.0494043 0.0416841 0.0611963 0.0579623 0.0636684 0.0574822 0.0621006 0.0758355 0.0549373 0.0801976 0.0663924 0.0521737 0.0491967 0.0657454 0.0665220 0.0766895 0.0459765 0.0924890 0.1687180 
S0026_G5398_R1_A 0.0616518 0.0000000 0.0527099 0.0564963 0.0585560 0.0551067 0.0621787 0.0600179 0.0721810 0.0669824 0.0705040 0.0833226 0.0632459 0.0856335 0.0726966 0.0668415 0.0600707 0.0721253 0.0724460 0.0744277 0.0579815 0.0995970 0.1702428 
S0028_G5398_R1_A 0.0533154 0.0527099 0.0000000 0.0471715 0.0513067 0.0463310 0.0534986 0.0515644 0.0645969 0.0583778 0.0608922 0.0772841 0.0563801 0.0799213 0.0676653 0.0570500 0.0524650 0.0687279 0.0695681 0.0678161 0.0511361 0.0925722 0.1632773 
S0030_G5398_R1_A 0.0478178 0.0564963 0.0471715 0.0000000 0.0452078 0.0423652 0.0605569 0.0588937 0.0605341 0.0515239 0.0583144 0.0719356 0.0533030 0.0746461 0.0614486 0.0544771 0.0498217 0.0628788 0.0641289 0.0701164 0.0471719 0.0916598 0.1639761 
S0022_G5398_R1_A 0.0494043 0.0585560 0.0513067 0.0452078 0.0000000 0.0459546 0.0634012 0.0615642 0.0627216 0.0568831 0.0595206 0.0762767 0.0554374 0.0773606 0.0656052 0.0571822 0.0520179 0.0705096 0.0708093 0.0740598 0.0489523 0.0910007 0.1607954 
S0036_G5398_R1_A 0.0416841 0.0551067 0.0463310 0.0423652 0.0459546 0.0000000 0.0591258 0.0554424 0.0576596 0.0533759 0.0538504 0.0711113 0.0509137 0.0727778 0.0627537 0.0465477 0.0425166 0.0635432 0.0642114 0.0720666 0.0372233 0.0908182 0.1632341 
S0021_G5398_R1_A 0.0611963 0.0621787 0.0534986 0.0605569 0.0634012 0.0591258 0.0000000 0.0266894 0.0729948 0.0721498 0.0761748 0.0884512 0.0674868 0.0911366 0.0807245 0.0669235 0.0682867 0.0784933 0.0805770 0.0793683 0.0645136 0.1092054 0.1646990 
S0021_G5398_R2_A 0.0579623 0.0600179 0.0515644 0.0588937 0.0615642 0.0554424 0.0266894 0.0000000 0.0699337 0.0685016 0.0741506 0.0882153 0.0651996 0.0874598 0.0773364 0.0611150 0.0602710 0.0773982 0.0777981 0.0744447 0.0567022 0.1042311 0.1685274 
S0004_G5398_R1_A 0.0636684 0.0721810 0.0645969 0.0605341 0.0627216 0.0576596 0.0729948 0.0699337 0.0000000 0.0696287 0.0676080 0.0743145 0.0546206 0.0796217 0.0763278 0.0682673 0.0603905 0.0813754 0.0823944 0.0854427 0.0623544 0.1035240 0.1760014 
S0046_G5398_R1_A 0.0574822 0.0669824 0.0583778 0.0515239 0.0568831 0.0533759 0.0721498 0.0685016 0.0696287 0.0000000 0.0678760 0.0797256 0.0643038 0.0853117 0.0753877 0.0645529 0.0598463 0.0754678 0.0756836 0.0824218 0.0560665 0.0962905 0.1741555 
S0016_G5398_R1_A 0.0621006 0.0705040 0.0608922 0.0583144 0.0595206 0.0538504 0.0761748 0.0741506 0.0676080 0.0678760 0.0000000 0.0798002 0.0602742 0.0851846 0.0752820 0.0693187 0.0630451 0.0784635 0.0800525 0.0860787 0.0611474 0.1024491 0.1841711 
S0018_G5398_R1_A 0.0758355 0.0833226 0.0772841 0.0719356 0.0762767 0.0711113 0.0884512 0.0882153 0.0743145 0.0797256 0.0798002 0.0000000 0.0458315 0.0700294 0.0898665 0.0802012 0.0787247 0.0927291 0.0917046 0.0994773 0.0748298 0.1151894 0.1955310 
S0031_G5398_R1_A 0.0549373 0.0632459 0.0563801 0.0533030 0.0554374 0.0509137 0.0674868 0.0651996 0.0546206 0.0643038 0.0602742 0.0458315 0.0000000 0.0525586 0.0700923 0.0628205 0.0603759 0.0710449 0.0708353 0.0807842 0.0548746 0.0961240 0.1725047 
S0037_G5398_R1_A 0.0801976 0.0856335 0.0799213 0.0746461 0.0773606 0.0727778 0.0911366 0.0874598 0.0796217 0.0853117 0.0851846 0.0700294 0.0525586 0.0000000 0.0965561 0.0823884 0.0793563 0.0963515 0.0959432 0.1052903 0.0755395 0.1173725 0.1915671 
S0013_G5398_R1_A 0.0663924 0.0726966 0.0676653 0.0614486 0.0656052 0.0627537 0.0807245 0.0773364 0.0763278 0.0753877 0.0752820 0.0898665 0.0700923 0.0965561 0.0000000 0.0716271 0.0667618 0.0623470 0.0627669 0.0853542 0.0611771 0.0959486 0.1799952 
S0011_G5398_R1_A 0.0521737 0.0668415 0.0570500 0.0544771 0.0571822 0.0465477 0.0669235 0.0611150 0.0682673 0.0645529 0.0693187 0.0802012 0.0628205 0.0823884 0.0716271 0.0000000 0.0453062 0.0738807 0.0765425 0.0831250 0.0452551 0.1015368 0.1728213 
S0020_G5398_R1_A 0.0491967 0.0600707 0.0524650 0.0498217 0.0520179 0.0425166 0.0682867 0.0602710 0.0603905 0.0598463 0.0630451 0.0787247 0.0603759 0.0793563 0.0667618 0.0453062 0.0000000 0.0711921 0.0715148 0.0745058 0.0309181 0.0951306 0.1665703 
S0048_G5398_R1_A 0.0657454 0.0721253 0.0687279 0.0628788 0.0705096 0.0635432 0.0784933 0.0773982 0.0813754 0.0754678 0.0784635 0.0927291 0.0710449 0.0963515 0.0623470 0.0738807 0.0711921 0.0000000 0.0109867 0.0866942 0.0657568 0.1013439 0.1853617 
S0050_G5398_R1_A 0.0665220 0.0724460 0.0695681 0.0641289 0.0708093 0.0642114 0.0805770 0.0777981 0.0823944 0.0756836 0.0800525 0.0917046 0.0708353 0.0959432 0.0627669 0.0765425 0.0715148 0.0109867 0.0000000 0.0878371 0.0659958 0.1017052 0.1822130 
S0017_G5398_R1_A 0.0766895 0.0744277 0.0678161 0.0701164 0.0740598 0.0720666 0.0793683 0.0744447 0.0854427 0.0824218 0.0860787 0.0994773 0.0807842 0.1052903 0.0853542 0.0831250 0.0745058 0.0866942 0.0878371 0.0000000 0.0798169 0.1059205 0.1745298 
S0019_G5398_R1_A 0.0459765 0.0579815 0.0511361 0.0471719 0.0489523 0.0372233 0.0645136 0.0567022 0.0623544 0.0560665 0.0611474 0.0748298 0.0548746 0.0755395 0.0611771 0.0452551 0.0309181 0.0657568 0.0659958 0.0798169 0.0000000 0.0966257 0.1636533 
S0012_G5398_R1_A 0.0924890 0.0995970 0.0925722 0.0916598 0.0910007 0.0908182 0.1092054 0.1042311 0.1035240 0.0962905 0.1024491 0.1151894 0.0961240 0.1173725 0.0959486 0.1015368 0.0951306 0.1013439 0.1017052 0.1059205 0.0966257 0.0000000 0.1995849 
S0005_G5398_R1_A 0.1687180 0.1702428 0.1632773 0.1639761 0.1607954 0.1632341 0.1646990 0.1685274 0.1760014 0.1741555 0.1841711 0.1955310 0.1725047 0.1915671 0.1799952 0.1728213 0.1665703 0.1853617 0.1822130 0.1745298 0.1636533 0.1995849 0.0000000 
