36
S0011_G5404_R2_A 0.0000000 0.0687199 0.0783159 0.0840780 0.0795149 0.0845011 0.0772013 0.0690473 0.0999307 0.0793132 0.0861569 0.0707709 0.0736316 0.0961216 0.0745908 0.0745908 0.1877443 0.1206326 0.0811173 0.0890755 0.0747438 0.0782827 0.0855892 0.0953575 0.1048426 0.1048426 0.0927417 0.0976194 0.0836496 0.0961216 0.1017734 0.1553651 0.1448609 0.1339516 0.2559074 0.4335115 
S0030_G5404_R1_A 0.0687199 0.0000000 0.0417621 0.0481980 0.0439334 0.0496062 0.0429259 0.0407557 0.0709337 0.0471726 0.0481013 0.0372525 0.0480014 0.0660483 0.0395691 0.0395691 0.1544894 0.0914555 0.0480606 0.0560061 0.0417214 0.0439103 0.0506484 0.0595134 0.0658853 0.0658853 0.0570689 0.0615395 0.0519592 0.0660483 0.0654314 0.1157841 0.1141187 0.1003427 0.2230449 0.4458481 
S0004_G5404_R1_A 0.0783159 0.0417621 0.0000000 0.0494257 0.0429747 0.0553494 0.0496564 0.0529430 0.0732776 0.0539504 0.0526671 0.0460208 0.0559696 0.0694824 0.0484164 0.0484164 0.1571237 0.1002243 0.0493817 0.0571653 0.0506023 0.0506401 0.0563989 0.0643220 0.0801555 0.0801555 0.0674832 0.0697914 0.0599923 0.0694824 0.0712988 0.1220570 0.1191360 0.1066830 0.2258155 0.4480166 
S0018_G5404_R1_A 0.0840780 0.0481980 0.0494257 0.0000000 0.0256221 0.0629795 0.0562067 0.0606254 0.0767429 0.0594085 0.0669901 0.0524829 0.0661283 0.0774596 0.0549285 0.0549285 0.1668841 0.1023728 0.0604259 0.0514298 0.0581458 0.0571846 0.0640299 0.0708867 0.0810672 0.0810672 0.0695320 0.0741071 0.0666587 0.0774596 0.0757791 0.1314757 0.1268961 0.1138527 0.2350644 0.4572707 
S0031_G5404_R1_A 0.0795149 0.0439334 0.0429747 0.0256221 0.0000000 0.0539786 0.0506818 0.0562762 0.0732940 0.0560707 0.0604112 0.0482039 0.0593284 0.0740369 0.0494308 0.0494308 0.1603447 0.0985695 0.0526588 0.0471526 0.0527232 0.0516634 0.0550225 0.0687349 0.0785166 0.0785166 0.0661387 0.0683213 0.0586788 0.0740369 0.0723398 0.1268914 0.1243340 0.1065369 0.2317067 0.4548087 
S0021_G5404_R1_A 0.0845011 0.0496062 0.0553494 0.0629795 0.0539786 0.0000000 0.0204528 0.0632681 0.0689548 0.0507185 0.0663024 0.0494399 0.0619420 0.0812546 0.0484859 0.0484859 0.1506046 0.1003700 0.0667740 0.0699227 0.0596312 0.0204296 0.0000010 0.0700670 0.0853255 0.0853255 0.0731196 0.0777330 0.0680344 0.0812546 0.0807355 0.1420355 0.1365759 0.1168774 0.2453962 0.4329566 
S0021_G5404_R4_A 0.0772013 0.0429259 0.0496564 0.0562067 0.0506818 0.0204528 0.0000000 0.0519004 0.0642189 0.0429439 0.0594046 0.0439437 0.0550133 0.0765386 0.0396689 0.0396689 0.1451935 0.0918762 0.0597043 0.0641799 0.0551131 0.0000010 0.0204528 0.0609400 0.0800742 0.0800742 0.0651030 0.0707868 0.0623370 0.0765386 0.0748329 0.1322902 0.1261026 0.1091713 0.2381579 0.4447744 
S0036_G5404_R1_A 0.0690473 0.0407557 0.0529430 0.0606254 0.0562762 0.0632681 0.0519004 0.0000000 0.0804938 0.0573209 0.0582840 0.0439370 0.0538783 0.0721130 0.0539905 0.0539905 0.1611699 0.1003168 0.0597037 0.0664055 0.0496014 0.0528832 0.0643232 0.0678666 0.0750279 0.0750279 0.0640475 0.0685911 0.0566756 0.0721130 0.0726805 0.1261740 0.1199234 0.1058602 0.2375371 0.4505864 
S0013_G5404_R1_A 0.0999307 0.0709337 0.0732776 0.0767429 0.0732940 0.0689548 0.0642189 0.0804938 0.0000000 0.0686864 0.0882472 0.0674521 0.0842247 0.0917887 0.0639042 0.0639042 0.1698044 0.1125203 0.0831765 0.0837240 0.0800554 0.0640801 0.0688873 0.0888004 0.1065643 0.1065643 0.0838129 0.0885271 0.0844385 0.0917887 0.0938695 0.1566719 0.1500596 0.1322346 0.2720058 0.4783495 
S0028_G5404_R1_A 0.0793132 0.0471726 0.0539504 0.0594085 0.0560707 0.0507185 0.0429439 0.0573209 0.0686864 0.0000000 0.0626114 0.0460199 0.0547443 0.0763845 0.0460636 0.0460636 0.1529704 0.0984485 0.0652769 0.0640377 0.0572118 0.0439286 0.0517615 0.0676112 0.0774576 0.0774576 0.0605395 0.0650462 0.0541789 0.0763845 0.0746979 0.1319501 0.1256335 0.1078925 0.2408638 0.4427439 
S0022_G5404_R1_A 0.0861569 0.0481013 0.0526671 0.0669901 0.0604112 0.0663024 0.0594046 0.0582840 0.0882472 0.0626114 0.0000000 0.0512860 0.0637113 0.0808344 0.0592246 0.0592246 0.1674931 0.1118933 0.0650620 0.0728137 0.0592234 0.0603780 0.0673537 0.0777378 0.0887570 0.0887570 0.0751502 0.0797642 0.0688855 0.0808344 0.0837697 0.1311983 0.1305683 0.1173432 0.2427901 0.4517697 
S0002_G5404_R1_A 0.0707709 0.0372525 0.0460208 0.0524829 0.0482039 0.0494399 0.0439437 0.0439370 0.0674521 0.0460199 0.0512860 0.0000000 0.0490244 0.0648326 0.0448936 0.0448936 0.1512453 0.0935737 0.0558694 0.0603510 0.0459782 0.0449259 0.0504786 0.0673513 0.0746169 0.0746169 0.0592453 0.0637291 0.0530754 0.0648326 0.0675999 0.1218535 0.1176733 0.1001935 0.2324201 0.4441319 
S0019_G5404_R1_A 0.0736316 0.0480014 0.0559696 0.0661283 0.0593284 0.0619420 0.0550133 0.0538783 0.0842247 0.0547443 0.0637113 0.0490244 0.0000000 0.0697630 0.0559717 0.0559717 0.1499829 0.1032058 0.0639230 0.0697602 0.0548512 0.0560097 0.0630117 0.0759030 0.0869634 0.0869634 0.0732780 0.0779716 0.0645502 0.0697630 0.0726223 0.1188357 0.1163090 0.1038504 0.2291158 0.4580902 
S0048_G5404_R2_A 0.0961216 0.0660483 0.0694824 0.0774596 0.0740369 0.0812546 0.0765386 0.0721130 0.0917887 0.0763845 0.0808344 0.0648326 0.0697630 0.0000000 0.0751752 0.0751752 0.1747792 0.1174942 0.0814839 0.0821189 0.0751972 0.0775025 0.0823155 0.0894609 0.0918088 0.0918088 0.0764879 0.0821259 0.0700944 0.0000010 0.0471873 0.0908826 0.0950370 0.0843360 0.2048738 0.4684531 
S0026_G5404_R1_A 0.0745908 0.0395691 0.0484164 0.0549285 0.0494308 0.0484859 0.0396689 0.0539905 0.0639042 0.0460636 0.0592246 0.0448936 0.0559717 0.0751752 0.0000000 0.0000010 0.1484440 0.0890628 0.0548673 0.0581956 0.0549461 0.0406551 0.0495270 0.0664202 0.0760297 0.0760297 0.0616890 0.0662069 0.0599042 0.0751752 0.0746176 0.1331552 0.1257167 0.1101879 0.2405175 0.4589858 
S0026_G5404_R2_A 0.0745908 0.0395691 0.0484164 0.0549285 0.0494308 0.0484859 0.0396689 0.0539905 0.0639042 0.0460636 0.0592246 0.0448936 0.0559717 0.0751752 0.0000010 0.0000000 0.1484440 0.0890628 0.0548673 0.0581956 0.0549461 0.0406551 0.0495270 0.0664202 0.0760297 0.0760297 0.0616890 0.0662069 0.0599042 0.0751752 0.0746176 0.1331552 0.1257167 0.1101879 0.2405175 0.4589858 
S0005_G5404_R1_A 0.1877443 0.1544894 0.1571237 0.1668841 0.1603447 0.1506046 0.1451935 0.1611699 0.1698044 0.1529704 0.1674931 0.1512453 0.1499829 0.1747792 0.1484440 0.1484440 0.0000000 0.1827627 0.1520009 0.1657040 0.1553491 0.1462027 0.1518207 0.1725981 0.1908660 0.1908660 0.1703545 0.1777992 0.1607847 0.1747792 0.1636909 0.2549928 0.2318421 0.2164781 0.3822526 0.4817145 
S0012_G5404_R1_A 0.1206326 0.0914555 0.1002243 0.1023728 0.0985695 0.1003700 0.0918762 0.1003168 0.1125203 0.0984485 0.1118933 0.0935737 0.1032058 0.1174942 0.0890628 0.0890628 0.1827627 0.0000000 0.1034451 0.1063128 0.1049231 0.0928427 0.1014566 0.1143315 0.1283782 0.1283782 0.1035415 0.1108687 0.1020462 0.1174942 0.1145280 0.1880961 0.1712556 0.1577139 0.2910658 0.5053818 
S0016_G5404_R1_A 0.0811173 0.0480606 0.0493817 0.0604259 0.0526588 0.0667740 0.0597043 0.0597037 0.0831765 0.0652769 0.0650620 0.0558694 0.0639230 0.0814839 0.0548673 0.0548673 0.1520009 0.1034451 0.0000000 0.0593197 0.0583472 0.0595734 0.0667075 0.0734770 0.0898850 0.0898850 0.0733931 0.0780943 0.0670469 0.0814839 0.0846037 0.1451171 0.1349679 0.1203862 0.2483792 0.4334843 
S0037_G5404_R1_A 0.0890755 0.0560061 0.0571653 0.0514298 0.0471526 0.0699227 0.0641799 0.0664055 0.0837240 0.0640377 0.0728137 0.0603510 0.0697602 0.0821189 0.0581956 0.0581956 0.1657040 0.1063128 0.0593197 0.0000000 0.0638740 0.0651545 0.0709794 0.0778716 0.0942436 0.0942436 0.0788302 0.0834865 0.0701881 0.0821189 0.0864068 0.1379821 0.1349192 0.1216201 0.2472845 0.4600980 
S0020_G5404_R1_A 0.0747438 0.0417214 0.0506023 0.0581458 0.0527232 0.0596312 0.0551131 0.0496014 0.0800554 0.0572118 0.0592234 0.0459782 0.0548512 0.0751972 0.0549461 0.0549461 0.1553491 0.1049231 0.0583472 0.0638740 0.0000000 0.0560919 0.0606799 0.0721010 0.0745734 0.0745734 0.0639494 0.0684858 0.0532488 0.0751972 0.0746396 0.1311244 0.1267566 0.1102218 0.2364293 0.4380177 
S0021_G5404_R2_A 0.0782827 0.0439103 0.0506401 0.0571846 0.0516634 0.0204296 0.0000010 0.0528832 0.0640801 0.0439286 0.0603780 0.0449259 0.0560097 0.0775025 0.0406551 0.0406551 0.1462027 0.0928427 0.0595734 0.0651545 0.0560919 0.0000000 0.0204106 0.0619188 0.0811368 0.0811368 0.0660740 0.0717542 0.0633189 0.0775025 0.0758052 0.1334524 0.1283406 0.1102651 0.2391013 0.4467284 
S0021_G5404_R3_A 0.0855892 0.0506484 0.0563989 0.0640299 0.0550225 0.0000010 0.0204528 0.0643232 0.0688873 0.0517615 0.0673537 0.0504786 0.0630117 0.0823155 0.0495270 0.0495270 0.1518207 0.1014566 0.0667075 0.0709794 0.0606799 0.0204106 0.0000000 0.0711258 0.0865011 0.0865011 0.0741748 0.0787912 0.0690956 0.0823155 0.0818041 0.1434174 0.1377020 0.1179779 0.2467215 0.4329566 
S0046_G5404_R1_A 0.0953575 0.0595134 0.0643220 0.0708867 0.0687349 0.0700670 0.0609400 0.0678666 0.0888004 0.0676112 0.0777378 0.0673513 0.0759030 0.0894609 0.0664202 0.0664202 0.1725981 0.1143315 0.0734770 0.0778716 0.0721010 0.0619188 0.0711258 0.0000000 0.0879628 0.0879628 0.0802421 0.0849236 0.0773847 0.0894609 0.0866411 0.1400143 0.1458751 0.1220043 0.2403118 0.4699874 
S0017_G5404_R1_A 0.1048426 0.0658853 0.0801555 0.0810672 0.0785166 0.0853255 0.0800742 0.0750279 0.1065643 0.0774576 0.0887570 0.0746169 0.0869634 0.0918088 0.0760297 0.0760297 0.1908660 0.1283782 0.0898850 0.0942436 0.0745734 0.0811368 0.0865011 0.0879628 0.0000000 0.0000010 0.0582821 0.0620016 0.0589807 0.0918088 0.0899910 0.1413070 0.1393909 0.1178239 0.2046168 0.5645115 
S0017_G5404_R2_A 0.1048426 0.0658853 0.0801555 0.0810672 0.0785166 0.0853255 0.0800742 0.0750279 0.1065643 0.0774576 0.0887570 0.0746169 0.0869634 0.0918088 0.0760297 0.0760297 0.1908660 0.1283782 0.0898850 0.0942436 0.0745734 0.0811368 0.0865011 0.0879628 0.0000010 0.0000000 0.0582821 0.0620016 0.0589807 0.0918088 0.0899910 0.1413070 0.1393909 0.1178239 0.2046168 0.5645115 
S0017_G5404_R4_A 0.0927417 0.0570689 0.0674832 0.0695320 0.0661387 0.0731196 0.0651030 0.0640475 0.0838129 0.0605395 0.0751502 0.0592453 0.0732780 0.0764879 0.0616890 0.0616890 0.1703545 0.1035415 0.0733931 0.0788302 0.0639494 0.0660740 0.0741748 0.0802421 0.0582821 0.0582821 0.0000000 0.0080169 0.0354296 0.0764879 0.0771078 0.1365543 0.1274098 0.1131206 0.2407000 0.4516425 
S0017_G5404_R5_A 0.0976194 0.0615395 0.0697914 0.0741071 0.0683213 0.0777330 0.0707868 0.0685911 0.0885271 0.0650462 0.0797642 0.0637291 0.0779716 0.0821259 0.0662069 0.0662069 0.1777992 0.1108687 0.0780943 0.0834865 0.0684858 0.0717542 0.0787912 0.0849236 0.0620016 0.0620016 0.0080169 0.0000000 0.0375405 0.0821259 0.0793370 0.1426817 0.1323748 0.1191567 0.2437264 0.4532698 
S0017_G5404_R6_A 0.0836496 0.0519592 0.0599923 0.0666587 0.0586788 0.0680344 0.0623370 0.0566756 0.0844385 0.0541789 0.0688855 0.0530754 0.0645502 0.0700944 0.0599042 0.0599042 0.1607847 0.1020462 0.0670469 0.0701881 0.0532488 0.0633189 0.0690956 0.0773847 0.0589807 0.0589807 0.0354296 0.0375405 0.0000000 0.0700944 0.0706625 0.1341432 0.1241609 0.1064402 0.2442879 0.4550840 
S0048_G5404_R1_A 0.0961216 0.0660483 0.0694824 0.0774596 0.0740369 0.0812546 0.0765386 0.0721130 0.0917887 0.0763845 0.0808344 0.0648326 0.0697630 0.0000010 0.0751752 0.0751752 0.1747792 0.1174942 0.0814839 0.0821189 0.0751972 0.0775025 0.0823155 0.0894609 0.0918088 0.0918088 0.0764879 0.0821259 0.0700944 0.0000000 0.0471873 0.0908826 0.0950370 0.0843360 0.2048738 0.4684531 
S0050_G5404_R2_A 0.1017734 0.0654314 0.0712988 0.0757791 0.0723398 0.0807355 0.0748329 0.0726805 0.0938695 0.0746979 0.0837697 0.0675999 0.0726223 0.0471873 0.0746176 0.0746176 0.1636909 0.1145280 0.0846037 0.0864068 0.0746396 0.0758052 0.0818041 0.0866411 0.0899910 0.0899910 0.0771078 0.0793370 0.0706625 0.0471873 0.0000000 0.1052385 0.1043728 0.0835369 0.2168173 0.4699534 
S0048_G5404_R3_A 0.1553651 0.1157841 0.1220570 0.1314757 0.1268914 0.1420355 0.1322902 0.1261740 0.1566719 0.1319501 0.1311983 0.1218535 0.1188357 0.0908826 0.1331552 0.1331552 0.2549928 0.1880961 0.1451171 0.1379821 0.1311244 0.1334524 0.1434174 0.1400143 0.1413070 0.1413070 0.1365543 0.1426817 0.1341432 0.0908826 0.1052385 0.0000000 0.0761926 0.0982938 0.1175054 0.7646922 
S0048_G5404_R4_A 0.1448609 0.1141187 0.1191360 0.1268961 0.1243340 0.1365759 0.1261026 0.1199234 0.1500596 0.1256335 0.1305683 0.1176733 0.1163090 0.0950370 0.1257167 0.1257167 0.2318421 0.1712556 0.1349679 0.1349192 0.1267566 0.1283406 0.1377020 0.1458751 0.1393909 0.1393909 0.1274098 0.1323748 0.1241609 0.0950370 0.1043728 0.0761926 0.0000000 0.0920646 0.1809001 0.5106686 
S0050_G5404_R3_A 0.1339516 0.1003427 0.1066830 0.1138527 0.1065369 0.1168774 0.1091713 0.1058602 0.1322346 0.1078925 0.1173432 0.1001935 0.1038504 0.0843360 0.1101879 0.1101879 0.2164781 0.1577139 0.1203862 0.1216201 0.1102218 0.1102651 0.1179779 0.1220043 0.1178239 0.1178239 0.1131206 0.1191567 0.1064402 0.0843360 0.0835369 0.0982938 0.0920646 0.0000000 0.2113289 0.5158208 
S0048_G5404_R5_A 0.2559074 0.2230449 0.2258155 0.2350644 0.2317067 0.2453962 0.2381579 0.2375371 0.2720058 0.2408638 0.2427901 0.2324201 0.2291158 0.2048738 0.2405175 0.2405175 0.3822526 0.2910658 0.2483792 0.2472845 0.2364293 0.2391013 0.2467215 0.2403118 0.2046168 0.2046168 0.2407000 0.2437264 0.2442879 0.2048738 0.2168173 0.1175054 0.1809001 0.2113289 0.0000000 1.0013537 
S0011_G5404_R3_A 0.4335115 0.4458481 0.4480166 0.4572707 0.4548087 0.4329566 0.4447744 0.4505864 0.4783495 0.4427439 0.4517697 0.4441319 0.4580902 0.4684531 0.4589858 0.4589858 0.4817145 0.5053818 0.4334843 0.4600980 0.4380177 0.4467284 0.4329566 0.4699874 0.5645115 0.5645115 0.4516425 0.4532698 0.4550840 0.4684531 0.4699534 0.7646922 0.5106686 0.5158208 1.0013537 0.0000000 
