24
S0002_G5427_R1_A 0.0000000 0.0583581 0.0701758 0.0561225 0.0529345 0.0719039 0.0765111 0.0738023 0.0890703 0.0825888 0.0915612 0.0679488 0.0767208 0.0673316 0.0712440 0.0840633 0.0741605 0.0878671 0.1009649 0.1096856 0.0915648 0.1998436 0.1296208 0.1295085 
S0011_G5427_R1_A 0.0583581 0.0000000 0.0594087 0.0489045 0.0468554 0.0607658 0.0657551 0.0620736 0.0743035 0.0702821 0.0775772 0.0553378 0.0649070 0.0560759 0.0646696 0.0673084 0.0645295 0.0802951 0.0842377 0.0966034 0.0803718 0.1866254 0.1372711 0.1379233 
S0026_G5427_R1_A 0.0701758 0.0594087 0.0000000 0.0576503 0.0561324 0.0624359 0.0611113 0.0580634 0.0746280 0.0723870 0.0771129 0.0622139 0.0619692 0.0567498 0.0652400 0.0771107 0.0621497 0.0867682 0.0940575 0.1060911 0.0807835 0.1835132 0.1383869 0.1388445 
S0019_G5427_R1_A 0.0561225 0.0489045 0.0576503 0.0000000 0.0304691 0.0567048 0.0625952 0.0569196 0.0699547 0.0650413 0.0754811 0.0516395 0.0595345 0.0528027 0.0592487 0.0720031 0.0596917 0.0746199 0.0800936 0.0959923 0.0804780 0.1902819 0.1277478 0.1269307 
S0020_G5427_R1_A 0.0529345 0.0468554 0.0561324 0.0304691 0.0000000 0.0563824 0.0616548 0.0570950 0.0673584 0.0625035 0.0749280 0.0468976 0.0591274 0.0518865 0.0561406 0.0670290 0.0576553 0.0717934 0.0807161 0.0900008 0.0765118 0.1929036 0.1260466 0.1252390 
S0046_G5427_R1_A 0.0719039 0.0607658 0.0624359 0.0567048 0.0563824 0.0000000 0.0591640 0.0599197 0.0666665 0.0650210 0.0718562 0.0630020 0.0671450 0.0592648 0.0579878 0.0753603 0.0617330 0.0862944 0.0933474 0.1069463 0.0835237 0.1934882 0.1387436 0.1378991 
S0030_G5427_R1_A 0.0765111 0.0657551 0.0611113 0.0625952 0.0616548 0.0591640 0.0000000 0.0653437 0.0727057 0.0682423 0.0740043 0.0703215 0.0676217 0.0607590 0.0595286 0.0746297 0.0615821 0.0915169 0.0951719 0.1060505 0.0803494 0.2011063 0.1450098 0.1461998 
S0028_G5427_R1_A 0.0738023 0.0620736 0.0580634 0.0569196 0.0570950 0.0599197 0.0653437 0.0000000 0.0780660 0.0723586 0.0792250 0.0648840 0.0611443 0.0549545 0.0636925 0.0817325 0.0669935 0.0888539 0.0946418 0.1049378 0.0847911 0.1879894 0.1482147 0.1467131 
S0018_G5427_R1_A 0.0890703 0.0743035 0.0746280 0.0699547 0.0673584 0.0666665 0.0727057 0.0780660 0.0000000 0.0409277 0.0866897 0.0796919 0.0790876 0.0723883 0.0630093 0.0804337 0.0731362 0.1023592 0.1098342 0.1194844 0.0664044 0.2104961 0.1575615 0.1572999 
S0031_G5427_R1_A 0.0825888 0.0702821 0.0723870 0.0650413 0.0625035 0.0650210 0.0682423 0.0723586 0.0409277 0.0000000 0.0787640 0.0757081 0.0741138 0.0684693 0.0580632 0.0741276 0.0670022 0.0988772 0.1025469 0.1181907 0.0618169 0.2083281 0.1490495 0.1481728 
S0017_G5427_R1_A 0.0915612 0.0775772 0.0771129 0.0754811 0.0749280 0.0718562 0.0740043 0.0792250 0.0866897 0.0787640 0.0000000 0.0774851 0.0799201 0.0720479 0.0740982 0.0878440 0.0772871 0.1010708 0.1117102 0.1181269 0.0947910 0.2072488 0.1618502 0.1609430 
S0036_G5427_R1_A 0.0679488 0.0553378 0.0622139 0.0516395 0.0468976 0.0630020 0.0703215 0.0648840 0.0796919 0.0757081 0.0774851 0.0000000 0.0699562 0.0619952 0.0681247 0.0770597 0.0679802 0.0802743 0.0902481 0.1015573 0.0918526 0.1897283 0.1307547 0.1292804 
S0021_G5427_R1_A 0.0767208 0.0649070 0.0619692 0.0595345 0.0591274 0.0671450 0.0676217 0.0611443 0.0790876 0.0741138 0.0799201 0.0699562 0.0000000 0.0284045 0.0658892 0.0821753 0.0651603 0.0908600 0.0983297 0.1072935 0.0889903 0.1968034 0.1467801 0.1459123 
S0021_G5427_R2_A 0.0673316 0.0560759 0.0567498 0.0528027 0.0518865 0.0592648 0.0607590 0.0549545 0.0723883 0.0684693 0.0720479 0.0619952 0.0284045 0.0000000 0.0578992 0.0753569 0.0617498 0.0830537 0.0889331 0.1035448 0.0819414 0.1896756 0.1382507 0.1373934 
S0016_G5427_R1_A 0.0712440 0.0646696 0.0652400 0.0592487 0.0561406 0.0579878 0.0595286 0.0636925 0.0630093 0.0580632 0.0740982 0.0681247 0.0658892 0.0578992 0.0000000 0.0694765 0.0610595 0.0904598 0.0941054 0.1048935 0.0700416 0.1932072 0.1437376 0.1428662 
S0004_G5427_R1_A 0.0840633 0.0673084 0.0771107 0.0720031 0.0670290 0.0753603 0.0746297 0.0817325 0.0804337 0.0741276 0.0878440 0.0770597 0.0821753 0.0753569 0.0694765 0.0000000 0.0768909 0.0981512 0.1062873 0.1200437 0.0850535 0.2038969 0.1551120 0.1535483 
S0022_G5427_R1_A 0.0741605 0.0645295 0.0621497 0.0596917 0.0576553 0.0617330 0.0615821 0.0669935 0.0731362 0.0670022 0.0772871 0.0679802 0.0651603 0.0617498 0.0610595 0.0768909 0.0000000 0.0887030 0.0953657 0.1116323 0.0821421 0.1901943 0.1421335 0.1432929 
S0013_G5427_R1_A 0.0878671 0.0802951 0.0867682 0.0746199 0.0717934 0.0862944 0.0915169 0.0888539 0.1023592 0.0988772 0.1010708 0.0802743 0.0908600 0.0830537 0.0904598 0.0981512 0.0887030 0.0000000 0.0986299 0.1129707 0.1084134 0.2107933 0.1419825 0.1404292 
S0048_G5427_R1_A 0.1009649 0.0842377 0.0940575 0.0800936 0.0807161 0.0933474 0.0951719 0.0946418 0.1098342 0.1025469 0.1117102 0.0902481 0.0983297 0.0889331 0.0941054 0.1062873 0.0953657 0.0986299 0.0000000 0.1149852 0.1184428 0.2195862 0.1089434 0.1069357 
S0012_G5427_R1_A 0.1096856 0.0966034 0.1060911 0.0959923 0.0900008 0.1069463 0.1060505 0.1049378 0.1194844 0.1181907 0.1181269 0.1015573 0.1072935 0.1035448 0.1048935 0.1200437 0.1116323 0.1129707 0.1149852 0.0000000 0.1252904 0.2366036 0.1633875 0.1633294 
S0037_G5427_R1_A 0.0915648 0.0803718 0.0807835 0.0804780 0.0765118 0.0835237 0.0803494 0.0847911 0.0664044 0.0618169 0.0947910 0.0918526 0.0889903 0.0819414 0.0700416 0.0850535 0.0821421 0.1084134 0.1184428 0.1252904 0.0000000 0.2196101 0.1521962 0.1527060 
S0005_G5427_R1_A 0.1998436 0.1866254 0.1835132 0.1902819 0.1929036 0.1934882 0.2011063 0.1879894 0.2104961 0.2083281 0.2072488 0.1897283 0.1968034 0.1896756 0.1932072 0.2038969 0.1901943 0.2107933 0.2195862 0.2366036 0.2196101 0.0000000 0.2760500 0.2749330 
S0050_G5427_R2_A 0.1296208 0.1372711 0.1383869 0.1277478 0.1260466 0.1387436 0.1450098 0.1482147 0.1575615 0.1490495 0.1618502 0.1307547 0.1467801 0.1382507 0.1437376 0.1551120 0.1421335 0.1419825 0.1089434 0.1633875 0.1521962 0.2760500 0.0000000 0.0108075 
S0050_G5427_R3_A 0.1295085 0.1379233 0.1388445 0.1269307 0.1252390 0.1378991 0.1461998 0.1467131 0.1572999 0.1481728 0.1609430 0.1292804 0.1459123 0.1373934 0.1428662 0.1535483 0.1432929 0.1404292 0.1069357 0.1633294 0.1527060 0.2749330 0.0108075 0.0000000 
