23
S0005_G5426_R1_A 0.0000000 0.3106042 0.2994154 0.2909196 0.2985545 0.3031937 0.3062511 0.3025471 0.3030313 0.3011998 0.2969446 0.3195023 0.3005510 0.3069176 0.3157659 0.3167680 0.3231378 0.3205495 0.3158455 0.3084452 0.3114429 0.3367809 0.2859166 
S0002_G5426_R1_A 0.3106042 0.0000000 0.0481267 0.0384622 0.0423421 0.0464536 0.0547064 0.0559856 0.0521036 0.0462508 0.0572644 0.0603838 0.0505986 0.0555935 0.0547770 0.0707671 0.0718696 0.0708514 0.0958743 0.0455984 0.0445298 0.0879974 0.0627984 
S0031_G5426_R1_A 0.2994154 0.0481267 0.0000000 0.0442417 0.0464488 0.0523606 0.0567579 0.0580672 0.0524503 0.0486642 0.0601780 0.0632627 0.0534569 0.0579968 0.0546376 0.0744574 0.0730217 0.0724754 0.0779692 0.0534473 0.0474011 0.0939533 0.0530376 
S0019_G5426_R1_A 0.2909196 0.0384622 0.0442417 0.0000000 0.0384725 0.0447589 0.0443858 0.0539027 0.0499519 0.0414790 0.0502607 0.0560532 0.0453756 0.0529945 0.0451588 0.0668093 0.0683341 0.0668495 0.0909068 0.0427775 0.0425087 0.0881746 0.0594404 
S0022_G5426_R1_A 0.2985545 0.0423421 0.0464488 0.0384725 0.0000000 0.0460711 0.0491459 0.0538910 0.0499457 0.0432113 0.0499226 0.0577826 0.0487932 0.0534326 0.0499598 0.0693243 0.0668222 0.0662687 0.0955683 0.0497650 0.0444883 0.0894020 0.0598363 
S0020_G5426_R1_A 0.3031937 0.0464536 0.0523606 0.0447589 0.0460711 0.0000000 0.0576758 0.0580987 0.0559311 0.0473999 0.0562728 0.0611256 0.0513550 0.0589339 0.0590321 0.0760744 0.0684272 0.0665224 0.1015049 0.0380131 0.0418397 0.0966034 0.0661166 
S0030_G5426_R1_A 0.3062511 0.0547064 0.0567579 0.0443858 0.0491459 0.0576758 0.0000000 0.0639549 0.0604784 0.0522199 0.0616457 0.0692800 0.0578687 0.0644465 0.0603928 0.0801189 0.0760120 0.0759200 0.1026367 0.0578010 0.0518538 0.1026027 0.0655793 
S0021_G5426_R1_A 0.3025471 0.0559856 0.0580672 0.0539027 0.0538910 0.0580987 0.0639549 0.0000000 0.0209483 0.0534736 0.0615714 0.0688528 0.0579450 0.0625342 0.0635225 0.0829992 0.0763423 0.0751894 0.1080410 0.0582590 0.0539217 0.0991977 0.0657305 
S0021_G5426_R2_A 0.3030313 0.0521036 0.0524503 0.0499519 0.0499457 0.0559311 0.0604784 0.0209483 0.0000000 0.0499034 0.0572095 0.0662350 0.0549301 0.0591032 0.0591664 0.0809529 0.0733116 0.0727134 0.1055102 0.0561003 0.0533976 0.0956123 0.0674831 
S0026_G5426_R1_A 0.3011998 0.0462508 0.0486642 0.0414790 0.0432113 0.0473999 0.0522199 0.0534736 0.0499034 0.0000000 0.0516034 0.0608967 0.0492918 0.0525534 0.0539704 0.0730823 0.0686096 0.0671345 0.0935722 0.0493280 0.0483534 0.0911355 0.0662439 
S0028_G5426_R1_A 0.2969446 0.0572644 0.0601780 0.0502607 0.0499226 0.0562728 0.0616457 0.0615714 0.0572095 0.0516034 0.0000000 0.0697429 0.0578375 0.0650617 0.0620613 0.0817146 0.0764026 0.0756507 0.1067150 0.0596564 0.0568318 0.1031982 0.0685573 
S0004_G5426_R1_A 0.3195023 0.0603838 0.0632627 0.0560532 0.0577826 0.0611256 0.0692800 0.0688528 0.0662350 0.0608967 0.0697429 0.0000000 0.0553419 0.0630099 0.0680576 0.0878715 0.0815399 0.0791839 0.1084991 0.0601750 0.0591385 0.1093415 0.0703381 
S0016_G5426_R1_A 0.3005510 0.0505986 0.0534569 0.0453756 0.0487932 0.0513550 0.0578687 0.0579450 0.0549301 0.0492918 0.0578375 0.0553419 0.0000000 0.0579690 0.0602243 0.0753359 0.0730914 0.0715810 0.0984253 0.0550209 0.0525309 0.0977486 0.0676781 
S0013_G5426_R1_A 0.3069176 0.0555935 0.0579968 0.0529945 0.0534326 0.0589339 0.0644465 0.0625342 0.0591032 0.0525534 0.0650617 0.0630099 0.0579690 0.0000000 0.0637258 0.0831378 0.0639710 0.0622646 0.1061892 0.0534082 0.0533566 0.1034576 0.0638857 
S0046_G5426_R1_A 0.3157659 0.0547770 0.0546376 0.0451588 0.0499598 0.0590321 0.0603928 0.0635225 0.0591664 0.0539704 0.0620613 0.0680576 0.0602243 0.0637258 0.0000000 0.0807809 0.0780200 0.0748129 0.1007917 0.0559954 0.0591116 0.0955216 0.0678196 
S0017_G5426_R1_A 0.3167680 0.0707671 0.0744574 0.0668093 0.0693243 0.0760744 0.0801189 0.0829992 0.0809529 0.0730823 0.0817146 0.0878715 0.0753359 0.0831378 0.0807809 0.0000000 0.0976799 0.0965276 0.1280005 0.0760653 0.0696127 0.1157128 0.0789293 
S0048_G5426_R1_A 0.3231378 0.0718696 0.0730217 0.0683341 0.0668222 0.0684272 0.0760120 0.0763423 0.0733116 0.0686096 0.0764026 0.0815399 0.0730914 0.0639710 0.0780200 0.0976799 0.0000000 0.0099546 0.1209041 0.0670196 0.0706960 0.1164660 0.0790842 
S0050_G5426_R1_A 0.3205495 0.0708514 0.0724754 0.0668495 0.0662687 0.0665224 0.0759200 0.0751894 0.0727134 0.0671345 0.0756507 0.0791839 0.0715810 0.0622646 0.0748129 0.0965276 0.0099546 0.0000000 0.1193426 0.0664221 0.0688901 0.1152960 0.0764663 
S0018_G5426_R1_A 0.3158455 0.0958743 0.0779692 0.0909068 0.0955683 0.1015049 0.1026367 0.1080410 0.1055102 0.0935722 0.1067150 0.1084991 0.0984253 0.1061892 0.1007917 0.1280005 0.1209041 0.1193426 0.0000000 0.1040719 0.1042963 0.1369888 0.1155631 
S0011_G5426_R1_A 0.3084452 0.0455984 0.0534473 0.0427775 0.0497650 0.0380131 0.0578010 0.0582590 0.0561003 0.0493280 0.0596564 0.0601750 0.0550209 0.0534082 0.0559954 0.0760653 0.0670196 0.0664221 0.1040719 0.0000000 0.0410571 0.0965125 0.0636752 
S0036_G5426_R1_A 0.3114429 0.0445298 0.0474011 0.0425087 0.0444883 0.0418397 0.0518538 0.0539217 0.0533976 0.0483534 0.0568318 0.0591385 0.0525309 0.0533566 0.0591116 0.0696127 0.0706960 0.0688901 0.1042963 0.0410571 0.0000000 0.0915435 0.0677574 
S0012_G5426_R1_A 0.3367809 0.0879974 0.0939533 0.0881746 0.0894020 0.0966034 0.1026027 0.0991977 0.0956123 0.0911355 0.1031982 0.1093415 0.0977486 0.1034576 0.0955216 0.1157128 0.1164660 0.1152960 0.1369888 0.0965125 0.0915435 0.0000000 0.0996175 
S0037_G5426_R1_A 0.2859166 0.0627984 0.0530376 0.0594404 0.0598363 0.0661166 0.0655793 0.0657305 0.0674831 0.0662439 0.0685573 0.0703381 0.0676781 0.0638857 0.0678196 0.0789293 0.0790842 0.0764663 0.1155631 0.0636752 0.0677574 0.0996175 0.0000000 
