23
S0005_G5449_R1_A 0.0000000 0.1639205 0.1609430 0.1637318 0.1753331 0.1578149 0.1684984 0.1658865 0.1785984 0.1819163 0.1504016 0.1904208 0.1718149 0.1767965 0.1633052 0.1580098 0.1781166 0.1509571 0.1438049 0.1807259 0.1827450 0.1708543 0.1506530 
S0002_G5449_R1_A 0.1639205 0.0000000 0.0556654 0.0609888 0.0482720 0.0500547 0.0628374 0.0622822 0.0682935 0.0780450 0.0761906 0.0899115 0.0733527 0.0735979 0.0434293 0.0377656 0.0642292 0.0551734 0.0684744 0.0730514 0.0708291 0.0613588 0.0680793 
S0030_G5449_R1_A 0.1609430 0.0556654 0.0000000 0.0626471 0.0660484 0.0576308 0.0666086 0.0616821 0.0695575 0.0778384 0.0760400 0.0915178 0.0738791 0.0752433 0.0586339 0.0527896 0.0667347 0.0539495 0.0695998 0.0784188 0.0757007 0.0474140 0.0701840 
S0031_G5449_R1_A 0.1637318 0.0609888 0.0626471 0.0000000 0.0711294 0.0635658 0.0686304 0.0527696 0.0774946 0.0596570 0.0786624 0.0994287 0.0460312 0.0778294 0.0654271 0.0599236 0.0510952 0.0602873 0.0736007 0.0804853 0.0809358 0.0723514 0.0741050 
S0011_G5449_R1_A 0.1753331 0.0482720 0.0660484 0.0711294 0.0000000 0.0594612 0.0706388 0.0687885 0.0758001 0.0850417 0.0824657 0.0990140 0.0818827 0.0826142 0.0529527 0.0385303 0.0734740 0.0641468 0.0768853 0.0829738 0.0802098 0.0681216 0.0792847 
S0036_G5449_R1_A 0.1578149 0.0500547 0.0576308 0.0635658 0.0594612 0.0000000 0.0682589 0.0609179 0.0715124 0.0759450 0.0781674 0.0934188 0.0671799 0.0758759 0.0526308 0.0476834 0.0650620 0.0553934 0.0707122 0.0777241 0.0759036 0.0602465 0.0712650 
S0046_G5449_R1_A 0.1684984 0.0628374 0.0666086 0.0686304 0.0706388 0.0682589 0.0000000 0.0690757 0.0784735 0.0862236 0.0805985 0.0969380 0.0813603 0.0811875 0.0655021 0.0582737 0.0773227 0.0638634 0.0778603 0.0856262 0.0819251 0.0724880 0.0775308 
S0016_G5449_R1_A 0.1658865 0.0622822 0.0616821 0.0527696 0.0687885 0.0609179 0.0690757 0.0000000 0.0745738 0.0714562 0.0775274 0.0964212 0.0607539 0.0762681 0.0640996 0.0591344 0.0560293 0.0572709 0.0710826 0.0788377 0.0784454 0.0700202 0.0692791 
S0013_G5449_R1_A 0.1785984 0.0682935 0.0695575 0.0774946 0.0758001 0.0715124 0.0784735 0.0745738 0.0000000 0.0921071 0.0913538 0.1009052 0.0826584 0.0876622 0.0710925 0.0656155 0.0797099 0.0694543 0.0814690 0.0774397 0.0760725 0.0776413 0.0833236 
S0037_G5449_R1_A 0.1819163 0.0780450 0.0778384 0.0596570 0.0850417 0.0759450 0.0862236 0.0714562 0.0921071 0.0000000 0.0999842 0.1168401 0.0673808 0.0967943 0.0816073 0.0759754 0.0688221 0.0789187 0.0922126 0.0994808 0.0985802 0.0876260 0.0927627 
S0026_G5449_R1_A 0.1504016 0.0761906 0.0760400 0.0786624 0.0824657 0.0781674 0.0805985 0.0775274 0.0913538 0.0999842 0.0000000 0.1128640 0.0850789 0.0952389 0.0781754 0.0719245 0.0820051 0.0633232 0.0545222 0.0976733 0.0961953 0.0836187 0.0555229 
S0012_G5449_R1_A 0.1904208 0.0899115 0.0915178 0.0994287 0.0990140 0.0934188 0.0969380 0.0964212 0.1009052 0.1168401 0.1128640 0.0000000 0.1000650 0.1131518 0.0896930 0.0857190 0.1061339 0.0906882 0.1013002 0.1015472 0.0976141 0.1014221 0.1068180 
S0018_G5449_R1_A 0.1718149 0.0733527 0.0738791 0.0460312 0.0818827 0.0671799 0.0813603 0.0607539 0.0826584 0.0673808 0.0850789 0.1000650 0.0000000 0.0824589 0.0745723 0.0694718 0.0630072 0.0740826 0.0780198 0.0858867 0.0869201 0.0744907 0.0801456 
S0017_G5449_R1_A 0.1767965 0.0735979 0.0752433 0.0778294 0.0826142 0.0758759 0.0811875 0.0762681 0.0876622 0.0967943 0.0952389 0.1131518 0.0824589 0.0000000 0.0719105 0.0680498 0.0777301 0.0720004 0.0868674 0.0945468 0.0917390 0.0774561 0.0894298 
S0020_G5449_R1_A 0.1633052 0.0434293 0.0586339 0.0654271 0.0529527 0.0526308 0.0655021 0.0640996 0.0710925 0.0816073 0.0781754 0.0896930 0.0745723 0.0719105 0.0000000 0.0409837 0.0655883 0.0577537 0.0731192 0.0735896 0.0704131 0.0635397 0.0726534 
S0019_G5449_R1_A 0.1580098 0.0377656 0.0527896 0.0599236 0.0385303 0.0476834 0.0582737 0.0591344 0.0656155 0.0759754 0.0719245 0.0857190 0.0694718 0.0680498 0.0409837 0.0000000 0.0610330 0.0523377 0.0623204 0.0681099 0.0649527 0.0594497 0.0646593 
S0004_G5449_R1_A 0.1781166 0.0642292 0.0667347 0.0510952 0.0734740 0.0650620 0.0773227 0.0560293 0.0797099 0.0688221 0.0820051 0.1061339 0.0630072 0.0777301 0.0655883 0.0610330 0.0000000 0.0621688 0.0787924 0.0841312 0.0827569 0.0751144 0.0774813 
S0028_G5449_R1_A 0.1509571 0.0551734 0.0539495 0.0602873 0.0641468 0.0553934 0.0638634 0.0572709 0.0694543 0.0789187 0.0633232 0.0906882 0.0740826 0.0720004 0.0577537 0.0523377 0.0621688 0.0000000 0.0566807 0.0760116 0.0747135 0.0627575 0.0599192 
S0021_G5449_R2_A 0.1438049 0.0684744 0.0695998 0.0736007 0.0768853 0.0707122 0.0778603 0.0710826 0.0814690 0.0922126 0.0545222 0.1013002 0.0780198 0.0868674 0.0731192 0.0623204 0.0787924 0.0566807 0.0000000 0.0889149 0.0851174 0.0770509 0.0361033 
S0050_G5449_R1_A 0.1807259 0.0730514 0.0784188 0.0804853 0.0829738 0.0777241 0.0856262 0.0788377 0.0774397 0.0994808 0.0976733 0.1015472 0.0858867 0.0945468 0.0735896 0.0681099 0.0841312 0.0760116 0.0889149 0.0000000 0.0136080 0.0852188 0.0855967 
S0048_G5449_R1_A 0.1827450 0.0708291 0.0757007 0.0809358 0.0802098 0.0759036 0.0819251 0.0784454 0.0760725 0.0985802 0.0961953 0.0976141 0.0869201 0.0917390 0.0704131 0.0649527 0.0827569 0.0747135 0.0851174 0.0136080 0.0000000 0.0838392 0.0841787 
S0022_G5449_R1_A 0.1708543 0.0613588 0.0474140 0.0723514 0.0681216 0.0602465 0.0724880 0.0700202 0.0776413 0.0876260 0.0836187 0.1014221 0.0744907 0.0774561 0.0635397 0.0594497 0.0751144 0.0627575 0.0770509 0.0852188 0.0838392 0.0000000 0.0795209 
S0021_G5449_R1_A 0.1506530 0.0680793 0.0701840 0.0741050 0.0792847 0.0712650 0.0775308 0.0692791 0.0833236 0.0927627 0.0555229 0.1068180 0.0801456 0.0894298 0.0726534 0.0646593 0.0774813 0.0599192 0.0361033 0.0855967 0.0841787 0.0795209 0.0000000 
