35
S0026_G5463_R1_A 0.0000000 0.0000010 0.1939029 0.2144504 0.2653273 0.2892806 0.1688069 0.1586464 0.1808103 0.1460631 0.1700004 0.1964094 0.1783365 0.2067306 0.1971717 0.1987773 0.2294219 0.2112085 0.2463608 0.2188223 0.1730934 0.1955150 0.1981919 0.1741321 0.1733178 0.1157435 0.2271256 0.1854977 0.1919561 0.1470596 0.1942368 0.1708913 0.1959285 0.1626021 0.1829670 
S0026_G5463_R2_A 0.0000010 0.0000000 0.2115128 0.2144504 0.2947512 0.2947512 0.1840375 0.1777292 0.1833389 0.1596528 0.1923081 0.2001584 0.2052788 0.2115881 0.2204301 0.2240483 0.2325632 0.2395084 0.2481835 0.2440490 0.2015259 0.2009992 0.2220235 0.1938793 0.1901430 0.1278461 0.2321719 0.2126408 0.2110211 0.1625020 0.1969787 0.1937772 0.1984697 0.1855231 0.1867389 
S0012_G5463_R1_A 0.1939029 0.2115128 0.0000000 0.0000010 0.3528936 0.3750806 0.2103036 0.2057140 0.2263663 0.1986077 0.2209030 0.2481665 0.2115850 0.2357592 0.2428725 0.2441334 0.2731097 0.2538900 0.2871969 0.2531441 0.2144787 0.2355302 0.2536328 0.2262568 0.1992893 0.1602216 0.2477783 0.2271020 0.2284905 0.2126692 0.2630987 0.2111793 0.2331987 0.1981762 0.2162386 
S0012_G5463_R2_A 0.2144504 0.2144504 0.0000010 0.0000000 0.3848818 0.3848818 0.2262914 0.2259310 0.2263663 0.2158458 0.2474727 0.2481665 0.2343026 0.2357592 0.2651389 0.2697256 0.2731097 0.2857785 0.2871969 0.2745616 0.2398586 0.2398586 0.2825461 0.2487489 0.2156426 0.1738319 0.2502081 0.2514104 0.2503648 0.2326791 0.2630987 0.2318194 0.2331987 0.2189987 0.2189987 
S0005_G5463_R1_A 0.2653273 0.2947512 0.3528936 0.3848818 0.0000000 0.0000010 0.3120142 0.3269905 0.3651355 0.2956127 0.3150249 0.3617092 0.3343886 0.3802691 0.3747451 0.3413629 0.3872409 0.3678842 0.4182746 0.3868788 0.3272061 0.3694347 0.3438711 0.3335370 0.3125288 0.2509008 0.4114902 0.3250201 0.3300757 0.2791104 0.3501546 0.3146409 0.3583798 0.2990851 0.3308372 
S0005_G5463_R2_A 0.2892806 0.2947512 0.3750806 0.3848818 0.0000010 0.0000000 0.3345635 0.3548684 0.3651355 0.3197883 0.3454599 0.3617092 0.3681114 0.3802691 0.4095510 0.3734984 0.3872409 0.4045505 0.4182746 0.4163490 0.3648011 0.3694347 0.3826841 0.3659477 0.3443337 0.2710002 0.4114902 0.3528751 0.3559440 0.3060192 0.3501546 0.3454154 0.3583798 0.3247054 0.3308372 
S0016_G5463_R1_A 0.1688069 0.1840375 0.2103036 0.2262914 0.3120142 0.3345635 0.0000000 0.1704010 0.1919833 0.0899265 0.1327700 0.1455977 0.1154837 0.1275456 0.1205736 0.1181052 0.1322004 0.1688953 0.1838041 0.1252623 0.1658747 0.1865387 0.1524403 0.1569960 0.1594466 0.0934646 0.1459762 0.1616483 0.1673762 0.1462237 0.1862927 0.1179602 0.1279436 0.1229286 0.1334648 
S0022_G5463_R1_A 0.1586464 0.1777292 0.2057140 0.2259310 0.3269905 0.3548684 0.1704010 0.0000000 0.0000010 0.1626340 0.1757513 0.2019035 0.1659520 0.1933454 0.2059747 0.1963739 0.2285390 0.2167191 0.2504006 0.2227316 0.1516038 0.1714095 0.2135006 0.1650339 0.1753871 0.0820481 0.1980152 0.1640768 0.1800538 0.1638582 0.2073203 0.1736199 0.1991893 0.1527427 0.1727563 
S0022_G5463_R2_A 0.1808103 0.1833389 0.2263663 0.2263663 0.3651355 0.3651355 0.1919833 0.0000010 0.0000000 0.1864132 0.1993673 0.2019035 0.1925586 0.1933454 0.2353238 0.2262668 0.2285390 0.2497162 0.2504006 0.2547317 0.1760505 0.1760505 0.2427588 0.1893157 0.1941282 0.0909470 0.2000035 0.1881601 0.2021549 0.1833406 0.2073203 0.1985522 0.1991893 0.1759315 0.1759315 
S0031_G5463_R1_A 0.1460631 0.1596528 0.1986077 0.2158458 0.2956127 0.3197883 0.0899265 0.1626340 0.1864132 0.0000000 0.1257266 0.1383860 0.1045054 0.1176831 0.0739183 0.0974060 0.1104486 0.1533293 0.1689457 0.1221645 0.1394074 0.1572103 0.1740991 0.1523235 0.1488083 0.1037050 0.1465990 0.1580820 0.1638352 0.1626226 0.1823202 0.1094319 0.1202968 0.1121366 0.1241665 
S0028_G5463_R1_A 0.1700004 0.1923081 0.2209030 0.2474727 0.3150249 0.3454599 0.1327700 0.1757513 0.1993673 0.1257266 0.0000000 0.0000010 0.1013416 0.1114209 0.1412277 0.1240070 0.1357801 0.1436420 0.1560825 0.1605323 0.1534119 0.1718627 0.1449543 0.1660901 0.1578544 0.0971023 0.1219395 0.1525519 0.1776826 0.1554376 0.1961495 0.1145904 0.1240963 0.0995147 0.1076512 
S0028_G5463_R2_A 0.1964094 0.2001584 0.2481665 0.2481665 0.3617092 0.3617092 0.1455977 0.2019035 0.2019035 0.1383860 0.0000010 0.0000000 0.1114977 0.1118006 0.1554857 0.1375848 0.1386213 0.1578437 0.1580893 0.1758288 0.1790690 0.1790690 0.1602177 0.1857568 0.1756776 0.1072103 0.1239486 0.1716942 0.1959888 0.1760131 0.1995373 0.1261718 0.1261650 0.1082667 0.1082667 
S0002_G5463_R1_A 0.1783365 0.2052788 0.2115850 0.2343026 0.3343886 0.3681114 0.1154837 0.1659520 0.1925586 0.1045054 0.1013416 0.1114977 0.0000000 0.0000010 0.1320915 0.1182717 0.1331879 0.1351025 0.1486819 0.1531425 0.1322271 0.1502705 0.1349342 0.1269373 0.1520252 0.0810138 0.1114909 0.1530115 0.1619778 0.1560650 0.1993330 0.0846375 0.0925617 0.0767758 0.0842010 
S0002_G5463_R2_A 0.2067306 0.2115881 0.2357592 0.2357592 0.3802691 0.3802691 0.1275456 0.1933454 0.1933454 0.1176831 0.1114209 0.1118006 0.0000010 0.0000000 0.1473969 0.1325592 0.1331879 0.1488883 0.1488883 0.1697746 0.1546083 0.1546083 0.1480296 0.1433935 0.1675701 0.0906248 0.1125248 0.1776096 0.1827099 0.1767505 0.1993330 0.0929967 0.0925617 0.0857835 0.0857835 
S0018_G5463_R1_A 0.1971717 0.2204301 0.2428725 0.2651389 0.3747451 0.4095510 0.1205736 0.2059747 0.2353238 0.0739183 0.1412277 0.1554857 0.1320915 0.1473969 0.0000000 0.1113820 0.1239908 0.1697544 0.1855163 0.1478070 0.1694910 0.1892027 0.1760582 0.1718642 0.1830235 0.1199173 0.1568601 0.1821727 0.1887940 0.1741194 0.2231224 0.1293281 0.1409131 0.1148315 0.1239755 
S0004_G5463_R1_A 0.1987773 0.2240483 0.2441334 0.2697256 0.3413629 0.3734984 0.1181052 0.1963739 0.2262668 0.0974060 0.1240070 0.1375848 0.1182717 0.1325592 0.1113820 0.0000000 0.0000010 0.1609605 0.1762875 0.1356461 0.1617361 0.1819942 0.1630353 0.1684505 0.1741293 0.1130657 0.1462024 0.1710099 0.1869519 0.1699571 0.2162543 0.1254108 0.1380216 0.1151326 0.1260995 
S0004_G5463_R2_A 0.2294219 0.2325632 0.2731097 0.2731097 0.3872409 0.3872409 0.1322004 0.2285390 0.2285390 0.1104486 0.1357801 0.1386213 0.1331879 0.1331879 0.1239908 0.0000010 0.0000000 0.1774532 0.1774532 0.1494543 0.1884740 0.1884740 0.1792322 0.1914408 0.1913546 0.1266462 0.1485652 0.1969030 0.2094091 0.1909548 0.2174179 0.1382210 0.1382210 0.1284115 0.1284115 
S0048_G5463_R1_A 0.2112085 0.2395084 0.2538900 0.2857785 0.3678842 0.4045505 0.1688953 0.2167191 0.2497162 0.1533293 0.1436420 0.1578437 0.1351025 0.1488883 0.1697544 0.1609605 0.1774532 0.0000000 0.0000010 0.2011036 0.1772083 0.1960387 0.1840060 0.1870070 0.1806015 0.1320207 0.1641770 0.1926125 0.0987531 0.1855861 0.2334393 0.1423140 0.1552609 0.1261433 0.1350988 
S0048_G5463_R2_A 0.2463608 0.2481835 0.2871969 0.2871969 0.4182746 0.4182746 0.1838041 0.2504006 0.2504006 0.1689457 0.1560825 0.1580893 0.1486819 0.1488883 0.1855163 0.1762875 0.1774532 0.0000010 0.0000000 0.2203000 0.2019107 0.2019107 0.2028719 0.2104366 0.1969561 0.1478012 0.1659726 0.2186745 0.1119507 0.2060317 0.2334393 0.1553444 0.1552609 0.1377036 0.1377036 
S0037_G5463_R1_A 0.2188223 0.2440490 0.2531441 0.2745616 0.3868788 0.4163490 0.1252623 0.2227316 0.2547317 0.1221645 0.1605323 0.1758288 0.1531425 0.1697746 0.1478070 0.1356461 0.1494543 0.2011036 0.2203000 0.0000000 0.1868520 0.2063755 0.1881560 0.1943148 0.1958520 0.1283581 0.1869305 0.1969404 0.2069600 0.1844877 0.2255666 0.1518561 0.1637428 0.1448005 0.1561187 
S0019_G5463_R1_A 0.1730934 0.2015259 0.2144787 0.2398586 0.3272061 0.3648011 0.1658747 0.1516038 0.1760505 0.1394074 0.1534119 0.1790690 0.1322271 0.1546083 0.1694910 0.1617361 0.1884740 0.1772083 0.2019107 0.1868520 0.0000000 0.0000010 0.1787539 0.1365120 0.1529093 0.0852966 0.1705850 0.1530415 0.1604048 0.1445795 0.1961694 0.1314213 0.1504699 0.1134386 0.1288568 
S0019_G5463_R2_A 0.1955150 0.2009992 0.2355302 0.2398586 0.3694347 0.3694347 0.1865387 0.1714095 0.1760505 0.1572103 0.1718627 0.1790690 0.1502705 0.1546083 0.1892027 0.1819942 0.1884740 0.1960387 0.2019107 0.2063755 0.0000010 0.0000000 0.1982838 0.1529526 0.1671385 0.0947705 0.1705850 0.1738742 0.1768332 0.1593861 0.1961694 0.1473252 0.1504699 0.1278130 0.1288568 
S0017_G5463_R1_A 0.1981919 0.2220235 0.2536328 0.2825461 0.3438711 0.3826841 0.1524403 0.2135006 0.2427588 0.1740991 0.1449543 0.1602177 0.1349342 0.1480296 0.1760582 0.1630353 0.1792322 0.1840060 0.2028719 0.1881560 0.1787539 0.1982838 0.0000000 0.1969086 0.1750240 0.1437791 0.1681046 0.2132689 0.2099874 0.1940176 0.2242872 0.1359361 0.1475315 0.1222038 0.1306932 
S0011_G5463_R1_A 0.1741321 0.1938793 0.2262568 0.2487489 0.3335370 0.3659477 0.1569960 0.1650339 0.1893157 0.1523235 0.1660901 0.1857568 0.1269373 0.1433935 0.1718642 0.1684505 0.1914408 0.1870070 0.2104366 0.1943148 0.1365120 0.1529526 0.1969086 0.0000000 0.1750997 0.0957342 0.1735814 0.1690685 0.1831401 0.1628674 0.2053396 0.1099441 0.1232057 0.1218945 0.1353530 
S0046_G5463_R1_A 0.1733178 0.1901430 0.1992893 0.2156426 0.3125288 0.3443337 0.1594466 0.1753871 0.1941282 0.1488083 0.1578544 0.1756776 0.1520252 0.1675701 0.1830235 0.1741293 0.1913546 0.1806015 0.1969561 0.1958520 0.1529093 0.1671385 0.1750240 0.1750997 0.0000000 0.1147584 0.1824092 0.1937340 0.1876063 0.1536549 0.2016216 0.1523751 0.1652382 0.1455996 0.1562917 
S0030_G5463_R1_A 0.1157435 0.1278461 0.1602216 0.1738319 0.2509008 0.2710002 0.0934646 0.0820481 0.0909470 0.1037050 0.0971023 0.1072103 0.0810138 0.0906248 0.1199173 0.1130657 0.1266462 0.1320207 0.1478012 0.1283581 0.0852966 0.0947705 0.1437791 0.0957342 0.1147584 0.0000000 0.0000010 0.1123684 0.1224022 0.1192098 0.1306296 0.0780212 0.0854588 0.0900880 0.0996130 
S0030_G5463_R2_A 0.2271256 0.2321719 0.2477783 0.2502081 0.4114902 0.4114902 0.1459762 0.1980152 0.2000035 0.1465990 0.1219395 0.1239486 0.1114909 0.1125248 0.1568601 0.1462024 0.1485652 0.1641770 0.1659726 0.1869305 0.1705850 0.1705850 0.1681046 0.1735814 0.1824092 0.0000010 0.0000000 0.1903780 0.1942677 0.1853675 0.2143207 0.1164418 0.1171983 0.1084817 0.1084817 
S0013_G5463_R1_A 0.1854977 0.2126408 0.2271020 0.2514104 0.3250201 0.3528751 0.1616483 0.1640768 0.1881601 0.1580820 0.1525519 0.1716942 0.1530115 0.1776096 0.1821727 0.1710099 0.1969030 0.1926125 0.2186745 0.1969404 0.1530415 0.1738742 0.2132689 0.1690685 0.1937340 0.1123684 0.1903780 0.0000000 0.1803339 0.1716976 0.2112119 0.1601373 0.1827958 0.1461725 0.1653637 
S0050_G5463_R1_A 0.1919561 0.2110211 0.2284905 0.2503648 0.3300757 0.3559440 0.1673762 0.1800538 0.2021549 0.1638352 0.1776826 0.1959888 0.1619778 0.1827099 0.1887940 0.1869519 0.2094091 0.0987531 0.1119507 0.2069600 0.1604048 0.1768332 0.2099874 0.1831401 0.1876063 0.1224022 0.1942677 0.1803339 0.0000000 0.1753065 0.2208776 0.1645243 0.1821610 0.1534995 0.1693419 
S0021_G5463_R1_A 0.1470596 0.1625020 0.2126692 0.2326791 0.2791104 0.3060192 0.1462237 0.1638582 0.1833406 0.1626226 0.1554376 0.1760131 0.1560650 0.1767505 0.1741194 0.1699571 0.1909548 0.1855861 0.2060317 0.1844877 0.1445795 0.1593861 0.1940176 0.1628674 0.1536549 0.1192098 0.1853675 0.1716976 0.1753065 0.0000000 0.0000010 0.1445334 0.1608560 0.1359387 0.1488746 
S0021_G5463_R2_A 0.1942368 0.1969787 0.2630987 0.2630987 0.3501546 0.3501546 0.1862927 0.2073203 0.2073203 0.1823202 0.1961495 0.1995373 0.1993330 0.1993330 0.2231224 0.2162543 0.2174179 0.2334393 0.2334393 0.2255666 0.1961694 0.1961694 0.2242872 0.2053396 0.2016216 0.1306296 0.2143207 0.2112119 0.2208776 0.0000010 0.0000000 0.1905825 0.1903696 0.1805977 0.1805977 
S0020_G5463_R1_A 0.1708913 0.1937772 0.2111793 0.2318194 0.3146409 0.3454154 0.1179602 0.1736199 0.1985522 0.1094319 0.1145904 0.1261718 0.0846375 0.0929967 0.1293281 0.1254108 0.1382210 0.1423140 0.1553444 0.1518561 0.1314213 0.1473252 0.1359361 0.1099441 0.1523751 0.0780212 0.1164418 0.1601373 0.1645243 0.1445334 0.1905825 0.0000000 0.0000010 0.0866629 0.0931759 
S0020_G5463_R2_A 0.1959285 0.1984697 0.2331987 0.2331987 0.3583798 0.3583798 0.1279436 0.1991893 0.1991893 0.1202968 0.1240963 0.1261650 0.0925617 0.0925617 0.1409131 0.1380216 0.1382210 0.1552609 0.1552609 0.1637428 0.1504699 0.1504699 0.1475315 0.1232057 0.1652382 0.0854588 0.1171983 0.1827958 0.1821610 0.1608560 0.1903696 0.0000010 0.0000000 0.0937640 0.0937640 
S0036_G5463_R1_A 0.1626021 0.1855231 0.1981762 0.2189987 0.2990851 0.3247054 0.1229286 0.1527427 0.1759315 0.1121366 0.0995147 0.1082667 0.0767758 0.0857835 0.1148315 0.1151326 0.1284115 0.1261433 0.1377036 0.1448005 0.1134386 0.1278130 0.1222038 0.1218945 0.1455996 0.0900880 0.1084817 0.1461725 0.1534995 0.1359387 0.1805977 0.0866629 0.0937640 0.0000000 0.0000010 
S0036_G5463_R2_A 0.1829670 0.1867389 0.2162386 0.2189987 0.3308372 0.3308372 0.1334648 0.1727563 0.1759315 0.1241665 0.1076512 0.1082667 0.0842010 0.0857835 0.1239755 0.1260995 0.1284115 0.1350988 0.1377036 0.1561187 0.1288568 0.1288568 0.1306932 0.1353530 0.1562917 0.0996130 0.1084817 0.1653637 0.1693419 0.1488746 0.1805977 0.0931759 0.0937640 0.0000010 0.0000000 
