22
S0037_G5469_R1_A 0.0000000 0.2044245 0.2276154 0.2053090 0.2182697 0.3105630 0.1592588 0.2054395 0.2016057 0.2068540 0.2112031 0.2096683 0.2205544 0.2176146 0.2079987 0.2301013 0.2118441 0.2266579 0.2048864 0.2701576 0.2259591 0.3716433 
S0028_G5469_R1_A 0.2044245 0.0000000 0.0895418 0.0746935 0.0893480 0.1800986 0.0676106 0.0818701 0.0739626 0.0663261 0.0745069 0.0753547 0.0773286 0.0854857 0.0797672 0.1026462 0.0711515 0.0820824 0.1053735 0.1301545 0.0786762 0.1735353 
S0050_G5469_R1_A 0.2276154 0.0895418 0.0000000 0.0903870 0.1183751 0.2182954 0.0935030 0.1080941 0.0970329 0.0932092 0.0939348 0.1028128 0.0935647 0.1112491 0.1029360 0.1213886 0.0918945 0.0998043 0.0478452 0.1329927 0.0802988 0.1888254 
S0021_G5469_R1_A 0.2053090 0.0746935 0.0903870 0.0000000 0.0985262 0.2012801 0.0741741 0.0877833 0.0809632 0.0741960 0.0760253 0.0809106 0.0819623 0.0908131 0.0824542 0.1044579 0.0756868 0.0748830 0.1038084 0.1326393 0.0801018 0.1689906 
S0018_G5469_R1_A 0.2182697 0.0893480 0.1183751 0.0985262 0.0000000 0.2041568 0.0958457 0.0926876 0.0904643 0.0925178 0.1002754 0.1002638 0.1001932 0.0516525 0.1041400 0.1283599 0.0913646 0.1016513 0.1255080 0.1488821 0.1012768 0.1818446 
S0005_G5469_R1_A 0.3105630 0.1800986 0.2182954 0.2012801 0.2041568 0.0000000 0.2017906 0.2086609 0.2055305 0.1884334 0.1925477 0.2031333 0.1908840 0.1975921 0.2028854 0.2234419 0.1873169 0.1959856 0.2239906 0.2650676 0.1974166 0.2878094 
S0036_G5469_R1_A 0.1592588 0.0676106 0.0935030 0.0741741 0.0958457 0.2017906 0.0000000 0.0823376 0.0763983 0.0672146 0.0639154 0.0737540 0.0723495 0.0848846 0.0755338 0.1020962 0.0682555 0.0817489 0.0808195 0.1251809 0.0765021 0.1645249 
S0004_G5469_R1_A 0.2054395 0.0818701 0.1080941 0.0877833 0.0926876 0.2086609 0.0823376 0.0000000 0.0742711 0.0794866 0.0857301 0.0860045 0.0854757 0.0855021 0.0919817 0.1188213 0.0834708 0.0916117 0.1137834 0.1437651 0.0907923 0.1656737 
S0016_G5469_R1_A 0.2016057 0.0739626 0.0970329 0.0809632 0.0904643 0.2055305 0.0763983 0.0742711 0.0000000 0.0717132 0.0727743 0.0778139 0.0783618 0.0860024 0.0823480 0.1060108 0.0750562 0.0831472 0.1029311 0.1312406 0.0845143 0.1674189 
S0011_G5469_R1_A 0.2068540 0.0663261 0.0932092 0.0741960 0.0925178 0.1884334 0.0672146 0.0794866 0.0717132 0.0000000 0.0675675 0.0655486 0.0734581 0.0870221 0.0771926 0.0949692 0.0604656 0.0742141 0.1015056 0.1303018 0.0779877 0.1639706 
S0020_G5469_R1_A 0.2112031 0.0745069 0.0939348 0.0760253 0.1002754 0.1925477 0.0639154 0.0857301 0.0727743 0.0675675 0.0000000 0.0705816 0.0768601 0.0904040 0.0799627 0.0997341 0.0700676 0.0821962 0.1005352 0.1260525 0.0772554 0.1636820 
S0019_G5469_R1_A 0.2096683 0.0753547 0.1028128 0.0809106 0.1002638 0.2031333 0.0737540 0.0860045 0.0778139 0.0655486 0.0705816 0.0000000 0.0806998 0.0918355 0.0866244 0.1025819 0.0695586 0.0818206 0.1049318 0.1239818 0.0826643 0.1563896 
S0022_G5469_R1_A 0.2205544 0.0773286 0.0935647 0.0819623 0.1001932 0.1908840 0.0723495 0.0854757 0.0783618 0.0734581 0.0768601 0.0806998 0.0000000 0.0923320 0.0854984 0.1036636 0.0789943 0.0934134 0.1111645 0.1310684 0.0806442 0.1625234 
S0031_G5469_R1_A 0.2176146 0.0854857 0.1112491 0.0908131 0.0516525 0.1975921 0.0848846 0.0855021 0.0860024 0.0870221 0.0904040 0.0918355 0.0923320 0.0000000 0.0969935 0.1219096 0.0848329 0.0968466 0.1137141 0.1425507 0.0945039 0.1734536 
S0046_G5469_R1_A 0.2079987 0.0797672 0.1029360 0.0824542 0.1041400 0.2028854 0.0755338 0.0919817 0.0823480 0.0771926 0.0799627 0.0866244 0.0854984 0.0969935 0.0000000 0.1026863 0.0743184 0.0878770 0.1110343 0.1350322 0.0871063 0.1684549 
S0017_G5469_R1_A 0.2301013 0.1026462 0.1213886 0.1044579 0.1283599 0.2234419 0.1020962 0.1188213 0.1060108 0.0949692 0.0997341 0.1025819 0.1036636 0.1219096 0.1026863 0.0000000 0.0928087 0.1116970 0.1217819 0.1545941 0.1034518 0.1879807 
S0002_G5469_R1_A 0.2118441 0.0711515 0.0918945 0.0756868 0.0913646 0.1873169 0.0682555 0.0834708 0.0750562 0.0604656 0.0700676 0.0695586 0.0789943 0.0848329 0.0743184 0.0928087 0.0000000 0.0823972 0.1056934 0.1299167 0.0734245 0.1769966 
S0026_G5469_R1_A 0.2266579 0.0820824 0.0998043 0.0748830 0.1016513 0.1959856 0.0817489 0.0916117 0.0831472 0.0742141 0.0821962 0.0818206 0.0934134 0.0968466 0.0878770 0.1116970 0.0823972 0.0000000 0.1133014 0.1341938 0.0887957 0.1887799 
S0048_G5469_R1_A 0.2048864 0.1053735 0.0478452 0.1038084 0.1255080 0.2239906 0.0808195 0.1137834 0.1029311 0.1015056 0.1005352 0.1049318 0.1111645 0.1137141 0.1110343 0.1217819 0.1056934 0.1133014 0.0000000 0.1521598 0.0912648 0.2182188 
S0012_G5469_R1_A 0.2701576 0.1301545 0.1329927 0.1326393 0.1488821 0.2650676 0.1251809 0.1437651 0.1312406 0.1303018 0.1260525 0.1239818 0.1310684 0.1425507 0.1350322 0.1545941 0.1299167 0.1341938 0.1521598 0.0000000 0.1253831 0.1969352 
S0013_G5469_R1_A 0.2259591 0.0786762 0.0802988 0.0801018 0.1012768 0.1974166 0.0765021 0.0907923 0.0845143 0.0779877 0.0772554 0.0826643 0.0806442 0.0945039 0.0871063 0.1034518 0.0734245 0.0887957 0.0912648 0.1253831 0.0000000 0.1693768 
S0030_G5469_R1_A 0.3716433 0.1735353 0.1888254 0.1689906 0.1818446 0.2878094 0.1645249 0.1656737 0.1674189 0.1639706 0.1636820 0.1563896 0.1625234 0.1734536 0.1684549 0.1879807 0.1769966 0.1887799 0.2182188 0.1969352 0.1693768 0.0000000 
