24
S0016_G5477_R1_A 0.0000000 0.0694839 0.0693580 0.0801880 0.0638637 0.0655021 0.0664423 0.0809662 0.0765443 0.0713271 0.0710361 0.0659645 0.0926611 0.0912317 0.0812397 0.1058840 0.1043181 0.0765235 0.0612738 0.1061808 0.0903302 0.0909093 0.2204677 0.0685110 
S0004_G5477_R1_A 0.0694839 0.0000000 0.0706569 0.0753411 0.0662199 0.0674587 0.0738022 0.0862653 0.0837452 0.0794529 0.0776482 0.0764203 0.0928326 0.0950786 0.0872586 0.1046574 0.1103439 0.0838430 0.0717335 0.1133373 0.0982060 0.0920349 0.2411017 0.0775858 
S0031_G5477_R1_A 0.0693580 0.0706569 0.0000000 0.0523601 0.0674291 0.0774409 0.0766605 0.0856586 0.0824808 0.0758088 0.0799334 0.0755949 0.0971033 0.0975817 0.0869625 0.0943070 0.1099498 0.0831494 0.0703437 0.1143803 0.0937888 0.0792093 0.2280649 0.0773062 
S0018_G5477_R1_A 0.0801880 0.0753411 0.0523601 0.0000000 0.0786067 0.0822725 0.0857576 0.0929244 0.0896904 0.0873060 0.0915906 0.0792108 0.1107211 0.1096169 0.0996170 0.1135386 0.1173526 0.0893320 0.0799645 0.1258796 0.1022251 0.1025846 0.2424170 0.0874481 
S0028_G5477_R1_A 0.0638637 0.0662199 0.0674291 0.0786067 0.0000000 0.0593238 0.0628453 0.0640688 0.0605358 0.0652427 0.0707283 0.0641940 0.0881663 0.0856177 0.0788248 0.1019796 0.0960188 0.0638062 0.0594840 0.1022612 0.0819752 0.0876146 0.2085463 0.0625809 
S0030_G5477_R1_A 0.0655021 0.0674587 0.0774409 0.0822725 0.0593238 0.0000000 0.0733470 0.0847179 0.0792101 0.0747496 0.0682657 0.0742376 0.0958512 0.0949536 0.0869516 0.1070057 0.1022826 0.0766789 0.0670614 0.1093443 0.0832870 0.0953049 0.2240800 0.0704220 
S0019_G5477_R1_A 0.0664423 0.0738022 0.0766605 0.0857576 0.0628453 0.0733470 0.0000000 0.0829099 0.0792057 0.0617394 0.0710824 0.0691535 0.0954927 0.0927258 0.0847840 0.1029804 0.1104914 0.0798554 0.0555323 0.1026491 0.0983832 0.0885366 0.2326663 0.0745588 
S0021_G5477_R1_A 0.0809662 0.0862653 0.0856586 0.0929244 0.0640688 0.0847179 0.0829099 0.0000000 0.0272432 0.0885945 0.0899859 0.0853955 0.1086226 0.1090235 0.1021543 0.1221301 0.1157528 0.0735989 0.0820590 0.1227704 0.0942546 0.1068323 0.2257820 0.0834099 
S0021_G5477_R2_A 0.0765443 0.0837452 0.0824808 0.0896904 0.0605358 0.0792101 0.0792057 0.0272432 0.0000000 0.0848039 0.0867792 0.0815227 0.1061458 0.1070632 0.0969427 0.1174851 0.1091710 0.0741257 0.0770215 0.1199796 0.0904140 0.1030589 0.2211980 0.0797144 
S0036_G5477_R1_A 0.0713271 0.0794529 0.0758088 0.0873060 0.0652427 0.0747496 0.0617394 0.0885945 0.0848039 0.0000000 0.0754360 0.0692202 0.0941527 0.0945071 0.0844628 0.1040369 0.1096226 0.0811326 0.0626722 0.1135065 0.1004085 0.0944817 0.2285326 0.0682606 
S0046_G5477_R1_A 0.0710361 0.0776482 0.0799334 0.0915906 0.0707283 0.0682657 0.0710824 0.0899859 0.0867792 0.0754360 0.0000000 0.0724531 0.0933155 0.1000044 0.0895557 0.1096875 0.1108090 0.0870339 0.0683339 0.1132822 0.0957989 0.0995472 0.2289998 0.0760010 
S0011_G5477_R1_A 0.0659645 0.0764203 0.0755949 0.0792108 0.0641940 0.0742376 0.0691535 0.0853955 0.0815227 0.0692202 0.0724531 0.0000000 0.0933188 0.0925370 0.0868148 0.1032004 0.1069264 0.0811509 0.0615610 0.1072349 0.1001957 0.0930571 0.2326752 0.0673677 
S0048_G5477_R1_A 0.0926611 0.0928326 0.0971033 0.1107211 0.0881663 0.0958512 0.0954927 0.1086226 0.1061458 0.0941527 0.0933155 0.0933188 0.0000000 0.0358539 0.0932344 0.1250899 0.1326390 0.1015038 0.0890218 0.1273546 0.1224485 0.1168079 0.2649978 0.0929394 
S0050_G5477_R1_A 0.0912317 0.0950786 0.0975817 0.1096169 0.0856177 0.0949536 0.0927258 0.1090235 0.1070632 0.0945071 0.1000044 0.0925370 0.0358539 0.0000000 0.0949237 0.1292294 0.1307157 0.1005450 0.0875813 0.1332942 0.1219384 0.1193437 0.2608391 0.0952285 
S0013_G5477_R1_A 0.0812397 0.0872586 0.0869625 0.0996170 0.0788248 0.0869516 0.0847840 0.1021543 0.0969427 0.0844628 0.0895557 0.0868148 0.0932344 0.0949237 0.0000000 0.1201790 0.1273482 0.0936333 0.0777037 0.1189429 0.1153742 0.1135978 0.2396375 0.0871107 
S0037_G5477_R2_A 0.1058840 0.1046574 0.0943070 0.1135386 0.1019796 0.1070057 0.1029804 0.1221301 0.1174851 0.1040369 0.1096875 0.1032004 0.1250899 0.1292294 0.1201790 0.0000000 0.1439658 0.1174826 0.1003969 0.1382888 0.1344112 0.0372305 0.2506563 0.1051957 
S0022_G5477_R1_A 0.1043181 0.1103439 0.1099498 0.1173526 0.0960188 0.1022826 0.1104914 0.1157528 0.1091710 0.1096226 0.1108090 0.1069264 0.1326390 0.1307157 0.1273482 0.1439658 0.0000000 0.1167633 0.1065005 0.1445377 0.1179990 0.1071415 0.2570740 0.1040108 
S0026_G5477_R1_A 0.0765235 0.0838430 0.0831494 0.0893320 0.0638062 0.0766789 0.0798554 0.0735989 0.0741257 0.0811326 0.0870339 0.0811509 0.1015038 0.1005450 0.0936333 0.1174826 0.1167633 0.0000000 0.0782483 0.1200798 0.0927966 0.1090518 0.2204804 0.0795813 
S0020_G5477_R1_A 0.0612738 0.0717335 0.0703437 0.0799645 0.0594840 0.0670614 0.0555323 0.0820590 0.0770215 0.0626722 0.0683339 0.0615610 0.0890218 0.0875813 0.0777037 0.1003969 0.1065005 0.0782483 0.0000000 0.1020236 0.0919733 0.0870241 0.2235844 0.0673775 
S0012_G5477_R1_A 0.1061808 0.1133373 0.1143803 0.1258796 0.1022612 0.1093443 0.1026491 0.1227704 0.1199796 0.1135065 0.1132822 0.1072349 0.1273546 0.1332942 0.1189429 0.1382888 0.1445377 0.1200798 0.1020236 0.0000000 0.1359049 0.1230193 0.2755432 0.1088299 
S0017_G5477_R1_A 0.0903302 0.0982060 0.0937888 0.1022251 0.0819752 0.0832870 0.0983832 0.0942546 0.0904140 0.1004085 0.0957989 0.1001957 0.1224485 0.1219384 0.1153742 0.1344112 0.1179990 0.0927966 0.0919733 0.1359049 0.0000000 0.1196762 0.2295404 0.0943637 
S0037_G5477_R1_A 0.0909093 0.0920349 0.0792093 0.1025846 0.0876146 0.0953049 0.0885366 0.1068323 0.1030589 0.0944817 0.0995472 0.0930571 0.1168079 0.1193437 0.1135978 0.0372305 0.1071415 0.1090518 0.0870241 0.1230193 0.1196762 0.0000000 0.2507926 0.0763447 
S0005_G5477_R1_A 0.2204677 0.2411017 0.2280649 0.2424170 0.2085463 0.2240800 0.2326663 0.2257820 0.2211980 0.2285326 0.2289998 0.2326752 0.2649978 0.2608391 0.2396375 0.2506563 0.2570740 0.2204804 0.2235844 0.2755432 0.2295404 0.2507926 0.0000000 0.1924218 
S0002_G5477_R1_A 0.0685110 0.0775858 0.0773062 0.0874481 0.0625809 0.0704220 0.0745588 0.0834099 0.0797144 0.0682606 0.0760010 0.0673677 0.0929394 0.0952285 0.0871107 0.1051957 0.1040108 0.0795813 0.0673775 0.1088299 0.0943637 0.0763447 0.1924218 0.0000000 
