25
S0021_G5554_R3_A 0.0000000 0.0186081 0.1551965 0.1360734 0.1205915 0.1331386 0.1375910 0.1577024 0.1502456 0.1596650 0.1596108 0.1934004 0.1199322 0.1634695 0.0959243 0.0000010 0.0212573 0.0638929 0.0794372 0.0973560 0.0648617 0.1080110 0.1057008 0.0840815 0.1947476 
S0021_G5554_R4_A 0.0186081 0.0000000 0.1602242 0.1449926 0.1255892 0.1406942 0.1428592 0.1606864 0.1531694 0.1648808 0.1650205 0.1949366 0.1247622 0.1663540 0.0936345 0.0221798 0.0008622 0.0636826 0.0772400 0.0926757 0.0657318 0.1109402 0.1074440 0.0839064 0.1937431 
S0011_G5554_R1_A 0.1551965 0.1602242 0.0000000 0.1192061 0.0790808 0.0910065 0.0921747 0.1374070 0.1233622 0.1105834 0.1059376 0.1661847 0.2657042 0.2390284 0.1610116 0.2381608 0.1491809 0.1236125 0.1238602 0.1559268 0.1339598 0.1820576 0.1712958 0.2343008 0.4470813 
S0016_G5554_R1_A 0.1360734 0.1449926 0.1192061 0.0000000 0.0796264 0.0866445 0.1034608 0.1210379 0.1194333 0.1036201 0.0902837 0.1539240 0.2667315 0.2414728 0.1319885 0.2117698 0.1247841 0.1011588 0.1055817 0.1380594 0.1191201 0.1612868 0.1481844 0.2181275 0.4686061 
S0019_G5554_R1_A 0.1205915 0.1255892 0.0790808 0.0796264 0.0000000 0.0399042 0.0675547 0.1055705 0.0987015 0.0799114 0.0835456 0.1435321 0.2374559 0.2065366 0.1142568 0.1806198 0.1038122 0.0831037 0.0796492 0.1175495 0.0906289 0.1391384 0.1283870 0.1958210 0.4023100 
S0020_G5554_R1_A 0.1331386 0.1406942 0.0910065 0.0866445 0.0399042 0.0000000 0.0676563 0.1120807 0.1072841 0.0863794 0.0939142 0.1563619 0.2470625 0.2195783 0.1171303 0.1940663 0.1066522 0.0883734 0.0862071 0.1201797 0.0927020 0.1427451 0.1290672 0.1995557 0.4232115 
S0036_G5554_R1_A 0.1375910 0.1428592 0.0921747 0.1034608 0.0675547 0.0676563 0.0000000 0.1177738 0.1129394 0.1065581 0.0862738 0.1407623 0.2440313 0.2169596 0.1264992 0.1916813 0.1238905 0.1007596 0.1018218 0.1358609 0.1100272 0.1509274 0.1386738 0.2093112 0.4165816 
S0018_G5554_R1_A 0.1577024 0.1606864 0.1374070 0.1210379 0.1055705 0.1120807 0.1177738 0.0000000 0.0713098 0.1122562 0.0924930 0.1327219 0.3165581 0.2392215 0.1516055 0.2512895 0.1500176 0.1360462 0.1273627 0.1556859 0.1321668 0.1633646 0.1590209 0.2278967 0.4858657 
S0031_G5554_R1_A 0.1502456 0.1531694 0.1233622 0.1194333 0.0987015 0.1072841 0.1129394 0.0713098 0.0000000 0.1087741 0.0786809 0.1187106 0.2938491 0.2304990 0.1476152 0.2384440 0.1492800 0.1227185 0.1224507 0.1517097 0.1349984 0.1676442 0.1589528 0.2248068 0.4647043 
S0022_G5554_R1_A 0.1596650 0.1648808 0.1105834 0.1036201 0.0799114 0.0863794 0.1065581 0.1122562 0.1087741 0.0000000 0.0883844 0.1337860 0.2383736 0.2049461 0.1408648 0.1769483 0.1312556 0.1106557 0.1090478 0.1283675 0.1328997 0.1552899 0.1433495 0.2021943 0.4467676 
S0004_G5554_R1_A 0.1596108 0.1650205 0.1059376 0.0902837 0.0835456 0.0939142 0.0862738 0.0924930 0.0786809 0.0883844 0.0000000 0.1196018 0.1572130 0.1960675 0.1287922 0.2016834 0.1184838 0.1165614 0.1280971 0.1219938 0.0931349 0.1686870 0.1642705 0.1755085 0.3193956 
S0037_G5554_R1_A 0.1934004 0.1949366 0.1661847 0.1539240 0.1435321 0.1563619 0.1407623 0.1327219 0.1187106 0.1337860 0.1196018 0.0000000 0.2568420 0.2707814 0.2049237 0.2796264 0.1857203 0.1794116 0.1822510 0.2017115 0.1498799 0.2315994 0.2163570 0.2555067 0.4156554 
S0002_G5554_R1_A 0.1199322 0.1247622 0.2657042 0.2667315 0.2374559 0.2470625 0.2440313 0.3165581 0.2938491 0.2383736 0.1572130 0.2568420 0.0000000 0.3085067 0.3259154 0.3274381 0.3238787 0.3153782 0.3144625 0.3306102 0.2347034 0.3583377 0.3574100 0.3466513 0.4834017 
S0012_G5554_R1_A 0.1634695 0.1663540 0.2390284 0.2414728 0.2065366 0.2195783 0.2169596 0.2392215 0.2304990 0.2049461 0.1960675 0.2707814 0.3085067 0.0000000 0.2941078 0.3119618 0.2808975 0.2499988 0.2372114 0.2753776 0.2040443 0.2732044 0.2635898 0.2766027 0.5621187 
S0017_G5554_R1_A 0.0959243 0.0936345 0.1610116 0.1319885 0.1142568 0.1171303 0.1264992 0.1516055 0.1476152 0.1408648 0.1287922 0.2049237 0.3259154 0.2941078 0.0000000 0.2337481 0.1350371 0.1112220 0.1102692 0.1474653 0.1263168 0.1676046 0.1530315 0.2147539 0.4527988 
S0021_G5554_R1_A 0.0000010 0.0221798 0.2381608 0.2117698 0.1806198 0.1940663 0.1916813 0.2512895 0.2384440 0.1769483 0.2016834 0.2796264 0.3274381 0.3119618 0.2337481 0.0000000 0.1130899 0.1756172 0.1811994 0.2137850 0.1218505 0.2267405 0.2149523 0.1933022 0.4674220 
S0021_G5554_R2_A 0.0212573 0.0008622 0.1491809 0.1247841 0.1038122 0.1066522 0.1238905 0.1500176 0.1492800 0.1312556 0.1184838 0.1857203 0.3238787 0.2808975 0.1350371 0.1130899 0.0000000 0.0916747 0.1065806 0.1396427 0.1055518 0.1638392 0.1523904 0.2023551 0.4338874 
S0028_G5554_R1_A 0.0638929 0.0636826 0.1236125 0.1011588 0.0831037 0.0883734 0.1007596 0.1360462 0.1227185 0.1106557 0.1165614 0.1794116 0.3153782 0.2499988 0.1112220 0.1756172 0.0916747 0.0000000 0.0874837 0.1150806 0.0889281 0.1413067 0.1316730 0.1794907 0.4121048 
S0030_G5554_R1_A 0.0794372 0.0772400 0.1238602 0.1055817 0.0796492 0.0862071 0.1018218 0.1273627 0.1224507 0.1090478 0.1280971 0.1822510 0.3144625 0.2372114 0.1102692 0.1811994 0.1065806 0.0874837 0.0000000 0.1286564 0.1033519 0.1399555 0.1294907 0.1600794 0.4429196 
S0046_G5554_R1_A 0.0973560 0.0926757 0.1559268 0.1380594 0.1175495 0.1201797 0.1358609 0.1556859 0.1517097 0.1283675 0.1219938 0.2017115 0.3306102 0.2753776 0.1474653 0.2137850 0.1396427 0.1150806 0.1286564 0.0000000 0.1354605 0.1738997 0.1631970 0.2178067 0.4606643 
S0026_G5554_R1_A 0.0648617 0.0657318 0.1339598 0.1191201 0.0906289 0.0927020 0.1100272 0.1321668 0.1349984 0.1328997 0.0931349 0.1498799 0.2347034 0.2040443 0.1263168 0.1218505 0.1055518 0.0889281 0.1033519 0.1354605 0.0000000 0.1439548 0.1309188 0.1650632 0.3746993 
S0048_G5554_R1_A 0.1080110 0.1109402 0.1820576 0.1612868 0.1391384 0.1427451 0.1509274 0.1633646 0.1676442 0.1552899 0.1686870 0.2315994 0.3583377 0.2732044 0.1676046 0.2267405 0.1638392 0.1413067 0.1399555 0.1738997 0.1439548 0.0000000 0.0276550 0.2124651 0.4842823 
S0050_G5554_R1_A 0.1057008 0.1074440 0.1712958 0.1481844 0.1283870 0.1290672 0.1386738 0.1590209 0.1589528 0.1433495 0.1642705 0.2163570 0.3574100 0.2635898 0.1530315 0.2149523 0.1523904 0.1316730 0.1294907 0.1631970 0.1309188 0.0276550 0.0000000 0.1984765 0.4756920 
S0013_G5554_R1_A 0.0840815 0.0839064 0.2343008 0.2181275 0.1958210 0.1995557 0.2093112 0.2278967 0.2248068 0.2021943 0.1755085 0.2555067 0.3466513 0.2766027 0.2147539 0.1933022 0.2023551 0.1794907 0.1600794 0.2178067 0.1650632 0.2124651 0.1984765 0.0000000 0.4866559 
S0005_G5554_R1_A 0.1947476 0.1937431 0.4470813 0.4686061 0.4023100 0.4232115 0.4165816 0.4858657 0.4647043 0.4467676 0.3193956 0.4156554 0.4834017 0.5621187 0.4527988 0.4674220 0.4338874 0.4121048 0.4429196 0.4606643 0.3746993 0.4842823 0.4756920 0.4866559 0.0000000 
