25
S0028_G5551_R1_A 0.0000000 0.0836202 0.0958938 0.0749258 0.0873830 0.0903209 0.0870504 0.0785101 0.0728095 0.0742644 0.0901062 0.0743374 0.0795540 0.0744856 0.0674874 0.0673819 0.0815563 0.0768262 0.0918016 0.0904712 0.0874555 0.0799774 0.1381741 0.2323892 0.1106113 
S0004_G5551_R1_A 0.0836202 0.0000000 0.0781316 0.0588113 0.0784584 0.0916036 0.0865039 0.0692341 0.0673359 0.0621673 0.0684789 0.0681368 0.0610441 0.0818736 0.0845567 0.0795223 0.0660623 0.0607693 0.0783693 0.0757742 0.0661520 0.0911679 0.1270961 0.2380392 0.0850114 
S0018_G5551_R1_A 0.0958938 0.0781316 0.0000000 0.0402565 0.0919495 0.1091625 0.1050586 0.0791567 0.0790938 0.0701881 0.0770920 0.0799259 0.0721461 0.0976148 0.0936855 0.0909464 0.0765412 0.0732442 0.0872912 0.0595778 0.0812196 0.1028110 0.1338927 0.2352190 0.0947641 
S0031_G5551_R1_A 0.0749258 0.0588113 0.0402565 0.0000000 0.0693145 0.0886982 0.0842650 0.0637755 0.0584290 0.0556704 0.0612477 0.0616005 0.0538324 0.0791725 0.0752518 0.0691741 0.0560234 0.0560436 0.0714226 0.0384213 0.0627783 0.0831034 0.1179281 0.2216120 0.0771446 
S0013_G5551_R1_A 0.0873830 0.0784584 0.0919495 0.0693145 0.0000000 0.0959415 0.0919387 0.0851424 0.0826242 0.0765442 0.0809643 0.0802500 0.0798007 0.0885625 0.0813485 0.0819192 0.0804257 0.0759773 0.0923084 0.0860520 0.0842907 0.0938147 0.1389563 0.2404318 0.1066290 
S0048_G5551_R1_A 0.0903209 0.0916036 0.1091625 0.0886982 0.0959415 0.0000000 0.0140568 0.0958001 0.0940247 0.0920077 0.0973330 0.0945012 0.0913072 0.0873173 0.0901047 0.0892832 0.0915361 0.0889929 0.1047514 0.1058103 0.1011355 0.0926670 0.1462373 0.2532226 0.1137711 
S0050_G5551_R1_A 0.0870504 0.0865039 0.1050586 0.0842650 0.0919387 0.0140568 0.0000000 0.0900267 0.0894592 0.0893397 0.0940132 0.0911995 0.0885844 0.0834854 0.0880633 0.0866427 0.0908976 0.0838388 0.1001002 0.1010730 0.0962349 0.0912923 0.1425997 0.2473578 0.1098043 
S0021_G5551_R1_A 0.0785101 0.0692341 0.0791567 0.0637755 0.0851424 0.0958001 0.0900267 0.0000000 0.0198777 0.0623146 0.0740102 0.0626276 0.0667668 0.0823995 0.0794759 0.0787827 0.0699324 0.0647891 0.0861088 0.0767390 0.0691405 0.0904617 0.1232752 0.2285023 0.0882425 
S0021_G5551_R2_A 0.0728095 0.0673359 0.0790938 0.0584290 0.0826242 0.0940247 0.0894592 0.0198777 0.0000000 0.0604328 0.0697603 0.0624641 0.0635406 0.0811068 0.0751123 0.0738021 0.0698307 0.0628555 0.0849519 0.0741731 0.0683869 0.0918516 0.1234706 0.2292970 0.0874347 
S0020_G5551_R1_A 0.0742644 0.0621673 0.0701881 0.0556704 0.0765442 0.0920077 0.0893397 0.0623146 0.0604328 0.0000000 0.0646249 0.0613410 0.0589103 0.0713815 0.0577997 0.0566757 0.0646091 0.0512686 0.0763654 0.0682751 0.0708197 0.0896512 0.1195753 0.2194867 0.0880853 
S0016_G5551_R1_A 0.0901062 0.0684789 0.0770920 0.0612477 0.0809643 0.0973330 0.0940132 0.0740102 0.0697603 0.0646249 0.0000000 0.0712612 0.0658656 0.0886992 0.0828520 0.0832544 0.0690427 0.0676143 0.0859559 0.0801513 0.0717619 0.0972981 0.1228078 0.2283948 0.0911643 
S0026_G5551_R1_A 0.0743374 0.0681368 0.0799259 0.0616005 0.0802500 0.0945012 0.0911995 0.0626276 0.0624641 0.0613410 0.0712612 0.0000000 0.0657400 0.0836100 0.0764935 0.0752204 0.0664375 0.0625959 0.0845931 0.0788037 0.0730046 0.0892100 0.1230835 0.2298977 0.0917604 
S0046_G5551_R1_A 0.0795540 0.0610441 0.0721461 0.0538324 0.0798007 0.0913072 0.0885844 0.0667668 0.0635406 0.0589103 0.0658656 0.0657400 0.0000000 0.0800514 0.0792895 0.0722461 0.0605221 0.0575020 0.0744202 0.0708742 0.0666235 0.0936436 0.1185356 0.2254245 0.0827685 
S0002_G5551_R1_A 0.0744856 0.0818736 0.0976148 0.0791725 0.0885625 0.0873173 0.0834854 0.0823995 0.0811068 0.0713815 0.0886992 0.0836100 0.0800514 0.0000000 0.0687083 0.0650862 0.0859055 0.0720359 0.0955862 0.0963298 0.0859170 0.0799211 0.1382463 0.2439895 0.1053215 
S0019_G5551_R1_A 0.0674874 0.0845567 0.0936855 0.0752518 0.0813485 0.0901047 0.0880633 0.0794759 0.0751123 0.0577997 0.0828520 0.0764935 0.0792895 0.0687083 0.0000000 0.0394717 0.0842345 0.0760028 0.0991503 0.0890356 0.0843522 0.0814874 0.1339034 0.2314984 0.1076760 
S0019_G5551_R2_A 0.0673819 0.0795223 0.0909464 0.0691741 0.0819192 0.0892832 0.0866427 0.0787827 0.0738021 0.0566757 0.0832544 0.0752204 0.0722461 0.0650862 0.0394717 0.0000000 0.0816314 0.0691298 0.0906626 0.0856074 0.0822598 0.0775549 0.1316242 0.2281816 0.1017290 
S0030_G5551_R1_A 0.0815563 0.0660623 0.0765412 0.0560234 0.0804257 0.0915361 0.0908976 0.0699324 0.0698307 0.0646091 0.0690427 0.0664375 0.0605221 0.0859055 0.0842345 0.0816314 0.0000000 0.0608837 0.0779527 0.0723181 0.0679532 0.0866911 0.1199191 0.2325654 0.0874182 
S0036_G5551_R1_A 0.0768262 0.0607693 0.0732442 0.0560436 0.0759773 0.0889929 0.0838388 0.0647891 0.0628555 0.0512686 0.0676143 0.0625959 0.0575020 0.0720359 0.0760028 0.0691298 0.0608837 0.0000000 0.0716248 0.0719651 0.0696649 0.0866412 0.1233550 0.2238211 0.0872928 
S0017_G5551_R1_A 0.0918016 0.0783693 0.0872912 0.0714226 0.0923084 0.1047514 0.1001002 0.0861088 0.0849519 0.0763654 0.0859559 0.0845931 0.0744202 0.0955862 0.0991503 0.0906626 0.0779527 0.0716248 0.0000000 0.0888039 0.0868819 0.0966513 0.1333454 0.2397972 0.1056054 
S0031_G5551_R2_A 0.0904712 0.0757742 0.0595778 0.0384213 0.0860520 0.1058103 0.1010730 0.0767390 0.0741731 0.0682751 0.0801513 0.0788037 0.0708742 0.0963298 0.0890356 0.0856074 0.0723181 0.0719651 0.0888039 0.0000000 0.0813413 0.0992926 0.1408044 0.2441878 0.0885578 
S0022_G5551_R1_A 0.0874555 0.0661520 0.0812196 0.0627783 0.0842907 0.1011355 0.0962349 0.0691405 0.0683869 0.0708197 0.0717619 0.0730046 0.0666235 0.0859170 0.0843522 0.0822598 0.0679532 0.0696649 0.0868819 0.0813413 0.0000000 0.0969672 0.1210566 0.2178858 0.0935367 
S0011_G5551_R1_A 0.0799774 0.0911679 0.1028110 0.0831034 0.0938147 0.0926670 0.0912923 0.0904617 0.0918516 0.0896512 0.0972981 0.0892100 0.0936436 0.0799211 0.0814874 0.0775549 0.0866911 0.0866412 0.0966513 0.0992926 0.0969672 0.0000000 0.1461217 0.2390768 0.1115559 
S0012_G5551_R1_A 0.1381741 0.1270961 0.1338927 0.1179281 0.1389563 0.1462373 0.1425997 0.1232752 0.1234706 0.1195753 0.1228078 0.1230835 0.1185356 0.1382463 0.1339034 0.1316242 0.1199191 0.1233550 0.1333454 0.1408044 0.1210566 0.1461217 0.0000000 0.2970160 0.1382828 
S0005_G5551_R1_A 0.2323892 0.2380392 0.2352190 0.2216120 0.2404318 0.2532226 0.2473578 0.2285023 0.2292970 0.2194867 0.2283948 0.2298977 0.2254245 0.2439895 0.2314984 0.2281816 0.2325654 0.2238211 0.2397972 0.2441878 0.2178858 0.2390768 0.2970160 0.0000000 0.2410475 
S0037_G5551_R1_A 0.1106113 0.0850114 0.0947641 0.0771446 0.1066290 0.1137711 0.1098043 0.0882425 0.0874347 0.0880853 0.0911643 0.0917604 0.0827685 0.1053215 0.1076760 0.1017290 0.0874182 0.0872928 0.1056054 0.0885578 0.0935367 0.1115559 0.1382828 0.2410475 0.0000000 
