28
S0018_G5599_R1_A 0.0000000 0.5039334 0.5334821 0.5405318 0.5157669 0.5335835 0.5166097 0.5442226 0.5675881 0.5594643 0.5652277 0.5874461 0.0390096 0.0818903 0.0852007 0.0736995 0.0634866 0.0724569 0.0707049 0.0798355 0.0911861 0.0773676 0.0817691 0.0876987 0.0873096 0.2056070 0.1900977 0.4490148 
S0021_G5599_R1_A 0.5039334 0.0000000 0.0558867 0.0453601 0.0136343 0.0405104 0.0503012 0.0558301 0.0610080 0.0577085 0.0958448 0.1347168 0.5007299 0.5266037 0.5330839 0.5129318 0.5028262 0.5209647 0.5114096 0.5162664 0.5392510 0.5126772 0.5253331 0.5222238 0.5216808 0.6909966 0.5186791 0.7920281 
S0016_G5599_R1_A 0.5334821 0.0558867 0.0000000 0.0533487 0.0543880 0.0526705 0.0533348 0.0596310 0.0609915 0.0681420 0.0978149 0.1451492 0.5317415 0.5574011 0.5597654 0.5396693 0.5342242 0.5501302 0.5428354 0.5404724 0.5736520 0.5432494 0.5578679 0.5544425 0.5530386 0.7292181 0.5595346 0.8407846 
S0028_G5599_R1_A 0.5405318 0.0453601 0.0533487 0.0000000 0.0445901 0.0429975 0.0478265 0.0540076 0.0612279 0.0587071 0.0948992 0.1235731 0.5371477 0.5613290 0.5662059 0.5461307 0.5335264 0.5544316 0.5455901 0.5482868 0.5774173 0.5464044 0.5679998 0.5499014 0.5499403 0.7380134 0.5532488 0.8111319 
S0021_G5599_R3_A 0.5157669 0.0136343 0.0543880 0.0445901 0.0000000 0.0404379 0.0509066 0.0564749 0.0608870 0.0601650 0.0941076 0.1344018 0.5125172 0.5369834 0.5434965 0.5254806 0.5160019 0.5331053 0.5224302 0.5287035 0.5516579 0.5234258 0.5410349 0.5357351 0.5343023 0.7082202 0.5331176 0.8054818 
S0026_G5599_R1_A 0.5335835 0.0405104 0.0526705 0.0429975 0.0404379 0.0000000 0.0478408 0.0512219 0.0598432 0.0572903 0.0934212 0.1265581 0.5292914 0.5566214 0.5678813 0.5409415 0.5331448 0.5489764 0.5417067 0.5433948 0.5682821 0.5401887 0.5566727 0.5512709 0.5499150 0.7258605 0.5458403 0.8241712 
S0030_G5599_R1_A 0.5166097 0.0503012 0.0533348 0.0478265 0.0509066 0.0478408 0.0000000 0.0427466 0.0620493 0.0580829 0.0981777 0.1356574 0.5147132 0.5344168 0.5409530 0.5263525 0.5118920 0.5281449 0.5241832 0.5275981 0.5551214 0.5251216 0.5444889 0.5364696 0.5295142 0.6923009 0.5347736 0.8013228 
S0022_G5599_R1_A 0.5442226 0.0558301 0.0596310 0.0540076 0.0564749 0.0512219 0.0427466 0.0000000 0.0670691 0.0631488 0.1008583 0.1432175 0.5434824 0.5687226 0.5725517 0.5477065 0.5436413 0.5607277 0.5525073 0.5583790 0.5783415 0.5518726 0.5781150 0.5670292 0.5656178 0.7155917 0.5535017 0.8431610 
S0013_G5599_R1_A 0.5675881 0.0610080 0.0609915 0.0612279 0.0608870 0.0598432 0.0620493 0.0670691 0.0000000 0.0759219 0.0918849 0.1529273 0.5659980 0.5868805 0.5994667 0.5773998 0.5715241 0.5899098 0.5840309 0.5762234 0.6110975 0.5757522 0.5912343 0.5881451 0.5884120 0.7627128 0.5669132 0.8599487 
S0017_G5599_R1_A 0.5594643 0.0577085 0.0681420 0.0587071 0.0601650 0.0572903 0.0580829 0.0631488 0.0759219 0.0000000 0.1061665 0.1457723 0.5549799 0.5805368 0.5846350 0.5592091 0.5491358 0.5647120 0.5637086 0.5533881 0.5883510 0.5692301 0.5848297 0.5715797 0.5689657 0.7464177 0.5659313 0.8529921 
S0012_G5599_R1_A 0.5652277 0.0958448 0.0978149 0.0948992 0.0941076 0.0934212 0.0981777 0.1008583 0.0918849 0.1061665 0.0000000 0.1831047 0.5704996 0.5832646 0.5913111 0.5646332 0.5659301 0.5828020 0.5705103 0.5784580 0.5969150 0.5768115 0.5822579 0.5831754 0.5837510 0.7601970 0.5733308 0.8771848 
S0005_G5599_R2_A 0.5874461 0.1347168 0.1451492 0.1235731 0.1344018 0.1265581 0.1356574 0.1432175 0.1529273 0.1457723 0.1831047 0.0000000 0.5823014 0.6112582 0.6141506 0.5873574 0.5797502 0.5980205 0.5833257 0.5824190 0.6124022 0.5898461 0.5940877 0.6041702 0.5929911 0.8102954 0.5901022 0.8711581 
S0031_G5599_R1_A 0.0390096 0.5007299 0.5317415 0.5371477 0.5125172 0.5292914 0.5147132 0.5434824 0.5659980 0.5549799 0.5704996 0.5823014 0.0000000 0.0617483 0.0643156 0.0595368 0.0488578 0.0561404 0.0522340 0.0605140 0.0727628 0.0595206 0.0711401 0.0686921 0.0704353 0.1973095 0.1700805 0.4123953 
S0048_G5599_R1_A 0.0818903 0.5266037 0.5574011 0.5613290 0.5369834 0.5566214 0.5344168 0.5687226 0.5868805 0.5805368 0.5832646 0.6112582 0.0617483 0.0000000 0.0411748 0.0606151 0.0534047 0.0586745 0.0576019 0.0644869 0.0777412 0.0723078 0.0913974 0.0766441 0.0754863 0.2064215 0.1690488 0.4347506 
S0050_G5599_R1_A 0.0852007 0.5330839 0.5597654 0.5662059 0.5434965 0.5678813 0.5409530 0.5725517 0.5994667 0.5846350 0.5913111 0.6141506 0.0643156 0.0411748 0.0000000 0.0610584 0.0545870 0.0612167 0.0551718 0.0642138 0.0781730 0.0757254 0.0930816 0.0777268 0.0765472 0.2133275 0.1747344 0.4425117 
S0002_G5599_R1_A 0.0736995 0.5129318 0.5396693 0.5461307 0.5254806 0.5409415 0.5263525 0.5477065 0.5773998 0.5592091 0.5646332 0.5873574 0.0595368 0.0606151 0.0610584 0.0000000 0.0443175 0.0529061 0.0468740 0.0530536 0.0703712 0.0650826 0.0829752 0.0699599 0.0700332 0.2007246 0.1710674 0.4274797 
S0019_G5599_R2_A 0.0634866 0.5028262 0.5342242 0.5335264 0.5160019 0.5331448 0.5118920 0.5436413 0.5715241 0.5491358 0.5659301 0.5797502 0.0488578 0.0534047 0.0545870 0.0443175 0.0000000 0.0318651 0.0418905 0.0487112 0.0600846 0.0563881 0.0725657 0.0612109 0.0622755 0.1569924 0.1618188 0.4148553 
S0020_G5599_R1_A 0.0724569 0.5209647 0.5501302 0.5544316 0.5331053 0.5489764 0.5281449 0.5607277 0.5899098 0.5647120 0.5828020 0.5980205 0.0561404 0.0586745 0.0612167 0.0529061 0.0318651 0.0000000 0.0484087 0.0545506 0.0675652 0.0645170 0.0787032 0.0673044 0.0683136 0.1747958 0.1605636 0.4285272 
S0036_G5599_R1_A 0.0707049 0.5114096 0.5428354 0.5455901 0.5224302 0.5417067 0.5241832 0.5525073 0.5840309 0.5637086 0.5705103 0.5833257 0.0522340 0.0576019 0.0551718 0.0468740 0.0418905 0.0484087 0.0000000 0.0498633 0.0621644 0.0605920 0.0786185 0.0647777 0.0643729 0.1987982 0.1648031 0.4192840 
S0011_G5599_R1_A 0.0798355 0.5162664 0.5404724 0.5482868 0.5287035 0.5433948 0.5275981 0.5583790 0.5762234 0.5533881 0.5784580 0.5824190 0.0605140 0.0644869 0.0642138 0.0530536 0.0487112 0.0545506 0.0498633 0.0000000 0.0698249 0.0697551 0.0872321 0.0687069 0.0690905 0.1987437 0.1634441 0.4258985 
S0046_G5599_R1_A 0.0911861 0.5392510 0.5736520 0.5774173 0.5516579 0.5682821 0.5551214 0.5783415 0.6110975 0.5883510 0.5969150 0.6124022 0.0727628 0.0777412 0.0781730 0.0703712 0.0600846 0.0675652 0.0621644 0.0698249 0.0000000 0.0831080 0.0961626 0.0728184 0.0761011 0.2048676 0.1663630 0.4316118 
S0004_G5599_R2_A 0.0773676 0.5126772 0.5432494 0.5464044 0.5234258 0.5401887 0.5251216 0.5518726 0.5757522 0.5692301 0.5768115 0.5898461 0.0595206 0.0723078 0.0757254 0.0650826 0.0563881 0.0645170 0.0605920 0.0697551 0.0831080 0.0000000 0.0838193 0.0819792 0.0838338 0.2131496 0.1782709 0.3761340 
S0037_G5599_R1_A 0.0817691 0.5253331 0.5578679 0.5679998 0.5410349 0.5566727 0.5444889 0.5781150 0.5912343 0.5848297 0.5822579 0.5940877 0.0711401 0.0913974 0.0930816 0.0829752 0.0725657 0.0787032 0.0786185 0.0872321 0.0961626 0.0838193 0.0000000 0.0987692 0.0976909 0.2245208 0.2003995 0.4483504 
S0021_G5599_R2_A 0.0876987 0.5222238 0.5544425 0.5499014 0.5357351 0.5512709 0.5364696 0.5670292 0.5881451 0.5715797 0.5831754 0.6041702 0.0686921 0.0766441 0.0777268 0.0699599 0.0612109 0.0673044 0.0647777 0.0687069 0.0728184 0.0819792 0.0987692 0.0000000 0.0268589 0.2162803 0.1671480 0.4450103 
S0021_G5599_R4_A 0.0873096 0.5216808 0.5530386 0.5499403 0.5343023 0.5499150 0.5295142 0.5656178 0.5884120 0.5689657 0.5837510 0.5929911 0.0704353 0.0754863 0.0765472 0.0700332 0.0622755 0.0683136 0.0643729 0.0690905 0.0761011 0.0838338 0.0976909 0.0268589 0.0000000 0.2195565 0.1655223 0.4481142 
S0019_G5599_R3_A 0.2056070 0.6909966 0.7292181 0.7380134 0.7082202 0.7258605 0.6923009 0.7155917 0.7627128 0.7464177 0.7601970 0.8102954 0.1973095 0.2064215 0.2133275 0.2007246 0.1569924 0.1747958 0.1987982 0.1987437 0.2048676 0.2131496 0.2245208 0.2162803 0.2195565 0.0000000 0.3417655 0.4898784 
S0005_G5599_R1_A 0.1900977 0.5186791 0.5595346 0.5532488 0.5331176 0.5458403 0.5347736 0.5535017 0.5669132 0.5659313 0.5733308 0.5901022 0.1700805 0.1690488 0.1747344 0.1710674 0.1618188 0.1605636 0.1648031 0.1634441 0.1663630 0.1782709 0.2003995 0.1671480 0.1655223 0.3417655 0.0000000 0.5280134 
S0004_G5599_R3_A 0.4490148 0.7920281 0.8407846 0.8111319 0.8054818 0.8241712 0.8013228 0.8431610 0.8599487 0.8529921 0.8771848 0.8711581 0.4123953 0.4347506 0.4425117 0.4274797 0.4148553 0.4285272 0.4192840 0.4258985 0.4316118 0.3761340 0.4483504 0.4450103 0.4481142 0.4898784 0.5280134 0.0000000 
