28
S0005_G5614_R1_A 0.0000000 0.1758118 0.1812934 0.1925631 0.1679969 0.1699717 0.1631492 0.1692272 0.1575485 0.1587825 0.1523066 0.1569201 0.1732898 0.1651039 0.1781941 0.1701871 0.1646268 0.1760489 0.1588042 1.0757616 1.0656740 1.0790374 1.1216929 1.0876054 0.1729819 0.2210400 0.1638139 0.1851738 
S0011_G5614_R1_A 0.1758118 0.0000000 0.0611715 0.0784477 0.0519026 0.0517274 0.0424429 0.0501222 0.0596940 0.0580607 0.0544617 0.0635842 0.0565686 0.0518653 0.0629694 0.0529841 0.0689589 0.0578724 0.0580672 1.1171582 1.1280883 1.1523963 1.1477704 1.1244732 0.0558677 0.1560872 0.0760590 0.0844719 
S0017_G5614_R1_A 0.1812934 0.0611715 0.0000000 0.0815375 0.0550267 0.0517545 0.0459561 0.0513665 0.0629031 0.0576354 0.0576326 0.0696918 0.0574211 0.0562828 0.0638400 0.0569980 0.0697786 0.0639368 0.0610085 1.1155452 1.1143293 1.1399962 1.1465859 1.1320912 0.0610995 0.1609541 0.0781746 0.0892309 
S0012_G5614_R1_A 0.1925631 0.0784477 0.0815375 0.0000000 0.0749509 0.0727010 0.0656341 0.0732613 0.0849177 0.0810747 0.0768221 0.0852099 0.0783207 0.0748574 0.0864167 0.0738372 0.0921678 0.0775084 0.0751514 1.1316351 1.1261390 1.1500765 1.1381119 1.1083881 0.0828759 0.1548348 0.0978812 0.1090679 
S0013_G5614_R1_A 0.1679969 0.0519026 0.0550267 0.0749509 0.0000000 0.0443425 0.0384024 0.0471004 0.0568080 0.0535248 0.0502140 0.0592737 0.0522708 0.0502435 0.0588609 0.0494750 0.0631251 0.0494749 0.0486194 1.1216270 1.1252290 1.1490668 1.1055082 1.0899260 0.0596399 0.1348310 0.0730582 0.0828632 
S0019_G5614_R1_A 0.1699717 0.0517274 0.0517545 0.0727010 0.0443425 0.0000000 0.0256646 0.0369509 0.0517159 0.0479962 0.0481535 0.0566245 0.0467367 0.0453529 0.0527851 0.0425676 0.0613950 0.0534277 0.0521724 1.0990734 1.1198982 1.1436292 1.1239663 1.1038813 0.0557459 0.1326814 0.0675414 0.0782525 
S0036_G5614_R1_A 0.1631492 0.0424429 0.0459561 0.0656341 0.0384024 0.0256646 0.0000000 0.0281964 0.0428438 0.0391308 0.0388764 0.0470591 0.0402405 0.0370068 0.0447390 0.0355693 0.0495334 0.0467144 0.0458545 1.0782385 1.0879470 1.1197880 1.0989265 1.0747607 0.0492435 0.1240849 0.0591356 0.0716792 
S0020_G5614_R1_A 0.1692272 0.0501222 0.0513665 0.0732613 0.0471004 0.0369509 0.0281964 0.0000000 0.0536359 0.0493822 0.0466167 0.0562478 0.0475970 0.0459172 0.0531306 0.0448079 0.0581904 0.0547664 0.0534131 1.0952011 1.0886118 1.1111390 1.0908981 1.0673774 0.0553674 0.1305306 0.0665263 0.0795570 
S0021_G5614_R1_A 0.1575485 0.0596940 0.0629031 0.0849177 0.0568080 0.0517159 0.0428438 0.0536359 0.0000000 0.0133476 0.0378231 0.0494144 0.0561939 0.0553270 0.0655246 0.0559238 0.0493323 0.0648025 0.0637182 1.0864519 1.1114312 1.1348470 1.1127843 1.0885770 0.0660513 0.1437552 0.0572127 0.0855087 
S0021_G5614_R2_A 0.1587825 0.0580607 0.0576354 0.0810747 0.0535248 0.0479962 0.0391308 0.0493822 0.0133476 0.0000000 0.0355839 0.0446245 0.0531705 0.0520495 0.0606375 0.0511367 0.0456117 0.0611765 0.0592656 1.0583363 1.0612097 1.0949604 1.0776099 1.0540668 0.0619783 0.1419063 0.0543930 0.0856493 
S0026_G5614_R1_A 0.1523066 0.0544617 0.0576326 0.0768221 0.0502140 0.0481535 0.0388764 0.0466167 0.0378231 0.0355839 0.0000000 0.0453109 0.0526275 0.0497776 0.0563414 0.0493801 0.0472332 0.0575065 0.0573359 1.0936462 1.0978303 1.1209625 1.1045281 1.0803522 0.0591137 0.1362181 0.0515575 0.0811216 
S0030_G5614_R1_A 0.1569201 0.0635842 0.0696918 0.0852099 0.0592737 0.0566245 0.0470591 0.0562478 0.0494144 0.0446245 0.0453109 0.0000000 0.0612177 0.0572102 0.0671903 0.0582465 0.0420620 0.0642325 0.0650122 1.0786065 1.0837514 1.1059670 1.0864635 1.0631718 0.0707970 0.1476842 0.0591114 0.0906590 
S0022_G5614_R1_A 0.1732898 0.0565686 0.0574211 0.0783207 0.0522708 0.0467367 0.0402405 0.0475970 0.0561939 0.0531705 0.0526275 0.0612177 0.0000000 0.0531735 0.0604065 0.0518549 0.0634919 0.0613547 0.0605885 1.0908388 1.1129692 1.1359294 1.1070911 1.0919128 0.0626428 0.1422047 0.0711489 0.0842129 
S0016_G5614_R1_A 0.1651039 0.0518653 0.0562828 0.0748574 0.0502435 0.0453529 0.0370068 0.0459172 0.0553270 0.0520495 0.0497776 0.0572102 0.0531735 0.0000000 0.0525572 0.0420680 0.0601579 0.0582272 0.0578486 1.1115581 1.0960278 1.1098696 1.0882990 1.0693632 0.0571051 0.1305319 0.0704883 0.0804990 
S0018_G5614_R1_A 0.1781941 0.0629694 0.0638400 0.0864167 0.0588609 0.0527851 0.0447390 0.0531306 0.0655246 0.0606375 0.0563414 0.0671903 0.0604065 0.0525572 0.0000000 0.0339794 0.0714121 0.0662644 0.0656843 1.0686397 1.0798128 1.1016945 1.0717769 1.0531542 0.0632139 0.1408403 0.0750339 0.0740593 
S0031_G5614_R1_A 0.1701871 0.0529841 0.0569980 0.0738372 0.0494750 0.0425676 0.0355693 0.0448079 0.0559238 0.0511367 0.0493801 0.0582465 0.0518549 0.0420680 0.0339794 0.0000000 0.0614994 0.0572834 0.0566225 1.0798666 1.0792240 1.1011723 1.0722981 1.0535979 0.0579347 0.1361101 0.0680708 0.0692970 
S0046_G5614_R1_A 0.1646268 0.0689589 0.0697786 0.0921678 0.0631251 0.0613950 0.0495334 0.0581904 0.0493323 0.0456117 0.0472332 0.0420620 0.0634919 0.0601579 0.0714121 0.0614994 0.0000000 0.0683943 0.0673381 1.0387724 1.0427446 1.0669644 1.0576715 1.0394531 0.0729127 0.1517050 0.0629112 0.0940557 
S0048_G5614_R1_A 0.1760489 0.0578724 0.0639368 0.0775084 0.0494749 0.0534277 0.0467144 0.0547664 0.0648025 0.0611765 0.0575065 0.0642325 0.0613547 0.0582272 0.0662644 0.0572834 0.0683943 0.0000000 0.0131716 1.0822492 1.0896162 1.1092569 1.0777116 1.0603729 0.0644326 0.1520416 0.0785249 0.0890403 
S0050_G5614_R1_A 0.1588042 0.0580672 0.0610085 0.0751514 0.0486194 0.0521724 0.0458545 0.0534131 0.0637182 0.0592656 0.0573359 0.0650122 0.0605885 0.0578486 0.0656843 0.0566225 0.0673381 0.0131716 0.0000000 1.0391714 1.0826569 1.1318016 1.0700480 1.0527590 0.0631322 0.1344732 0.0775385 0.0887976 
S0005_G5614_R2_A 1.0757616 1.1171582 1.1155452 1.1316351 1.1216270 1.0990734 1.0782385 1.0952011 1.0864519 1.0583363 1.0936462 1.0786065 1.0908388 1.1115581 1.0686397 1.0798666 1.0387724 1.0822492 1.0391714 0.0000000 0.1453893 0.1496821 0.1681944 0.1637524 1.0944523 1.1985976 1.0734864 1.0673739 
S0021_G5614_R3_A 1.0656740 1.1280883 1.1143293 1.1261390 1.1252290 1.1198982 1.0879470 1.0886118 1.1114312 1.0612097 1.0978303 1.0837514 1.1129692 1.0960278 1.0798128 1.0792240 1.0427446 1.0896162 1.0826569 0.1453893 0.0000000 0.0228351 0.0849633 0.0837902 1.0938782 1.2424907 1.0999066 1.0667870 
S0021_G5614_R4_A 1.0790374 1.1523963 1.1399962 1.1500765 1.1490668 1.1436292 1.1197880 1.1111390 1.1348470 1.0949604 1.1209625 1.1059670 1.1359294 1.1098696 1.1016945 1.1011723 1.0669644 1.1092569 1.1318016 0.1496821 0.0228351 0.0000000 0.0904605 0.0892719 1.1286505 1.2687331 1.1383645 1.1111480 
S0048_G5614_R2_A 1.1216929 1.1477704 1.1465859 1.1381119 1.1055082 1.1239663 1.0989265 1.0908981 1.1127843 1.0776099 1.1045281 1.0864635 1.1070911 1.0882990 1.0717769 1.0722981 1.0576715 1.0777116 1.0700480 0.1681944 0.0849633 0.0904605 0.0000000 0.0156045 1.0779895 1.2693221 1.0946834 1.1238535 
S0050_G5614_R2_A 1.0876054 1.1244732 1.1320912 1.1083881 1.0899260 1.1038813 1.0747607 1.0673774 1.0885770 1.0540668 1.0803522 1.0631718 1.0919128 1.0693632 1.0531542 1.0535979 1.0394531 1.0603729 1.0527590 0.1637524 0.0837902 0.0892719 0.0156045 0.0000000 1.0619794 1.2447052 1.0730833 1.1067664 
S0002_G5614_R1_A 0.1729819 0.0558677 0.0610995 0.0828759 0.0596399 0.0557459 0.0492435 0.0553674 0.0660513 0.0619783 0.0591137 0.0707970 0.0626428 0.0571051 0.0632139 0.0579347 0.0729127 0.0644326 0.0631322 1.0944523 1.0938782 1.1286505 1.0779895 1.0619794 0.0000000 0.1314251 0.0538809 0.0616186 
S0004_G5614_R1_A 0.2210400 0.1560872 0.1609541 0.1548348 0.1348310 0.1326814 0.1240849 0.1305306 0.1437552 0.1419063 0.1362181 0.1476842 0.1422047 0.1305319 0.1408403 0.1361101 0.1517050 0.1520416 0.1344732 1.1985976 1.2424907 1.2687331 1.2693221 1.2447052 0.1314251 0.0000000 0.1376305 0.1631150 
S0028_G5614_R1_A 0.1638139 0.0760590 0.0781746 0.0978812 0.0730582 0.0675414 0.0591356 0.0665263 0.0572127 0.0543930 0.0515575 0.0591114 0.0711489 0.0704883 0.0750339 0.0680708 0.0629112 0.0785249 0.0775385 1.0734864 1.0999066 1.1383645 1.0946834 1.0730833 0.0538809 0.1376305 0.0000000 0.0736385 
S0037_G5614_R1_A 0.1851738 0.0844719 0.0892309 0.1090679 0.0828632 0.0782525 0.0716792 0.0795570 0.0855087 0.0856493 0.0811216 0.0906590 0.0842129 0.0804990 0.0740593 0.0692970 0.0940557 0.0890403 0.0887976 1.0673739 1.0667870 1.1111480 1.1238535 1.1067664 0.0616186 0.1631150 0.0736385 0.0000000 
