23
S0020_G5664_R1_A 0.0000000 0.2050106 0.1093469 0.0615976 0.0548324 0.0584073 0.0644945 0.0594909 0.0498367 0.0730711 0.0668592 0.0885127 0.0839789 0.0762730 0.0676321 0.0597705 0.0814589 0.0269881 0.0792575 0.1771999 0.0854550 0.1077176 0.0992697 
S0005_G5664_R1_A 0.2050106 0.0000000 0.2604586 0.2066308 0.2092091 0.2123212 0.2151781 0.2216141 0.2147695 0.2296749 0.2195375 0.2418960 0.2273041 0.2227744 0.2133470 0.2144937 0.2438114 0.1865302 0.2302055 0.3092925 0.2212105 0.2408586 0.2577336 
S0012_G5664_R1_A 0.1093469 0.2604586 0.0000000 0.1238965 0.1209716 0.1231289 0.1222432 0.1185064 0.1159004 0.1195729 0.1289710 0.1356725 0.1325685 0.1316038 0.1199875 0.1211556 0.1513930 0.1203482 0.1460082 0.2436386 0.1440933 0.1622233 0.1604623 
S0028_G5664_R1_A 0.0615976 0.2066308 0.1238965 0.0000000 0.0655170 0.0695187 0.0736152 0.0684438 0.0645640 0.0817013 0.0787819 0.0991656 0.0910927 0.0849691 0.0786355 0.0727129 0.0991127 0.0616012 0.0797733 0.1880413 0.0826531 0.1201967 0.1080097 
S0016_G5664_R1_A 0.0548324 0.2092091 0.1209716 0.0655170 0.0000000 0.0600574 0.0590634 0.0621467 0.0551270 0.0765931 0.0603207 0.0885023 0.0872231 0.0777206 0.0699207 0.0613577 0.0806485 0.0548476 0.0797390 0.1632156 0.0836765 0.1171199 0.1019512 
S0022_G5664_R1_A 0.0584073 0.2123212 0.1231289 0.0695187 0.0600574 0.0000000 0.0708127 0.0666818 0.0564700 0.0793760 0.0703500 0.0966257 0.0909089 0.0809669 0.0711523 0.0681694 0.0912634 0.0608105 0.0864046 0.1868705 0.0913959 0.1195163 0.1034643 
S0004_G5664_R1_A 0.0644945 0.2151781 0.1222432 0.0736152 0.0590634 0.0708127 0.0000000 0.0723220 0.0667076 0.0880049 0.0655570 0.0996764 0.0951885 0.0880153 0.0793091 0.0733417 0.0861520 0.0649772 0.0916428 0.1845869 0.0929346 0.1226782 0.1081439 
S0002_G5664_R1_A 0.0594909 0.2216141 0.1185064 0.0684438 0.0621467 0.0666818 0.0723220 0.0000000 0.0612988 0.0798410 0.0713922 0.0932184 0.0852685 0.0809223 0.0678053 0.0599852 0.0940423 0.0577165 0.0853240 0.1856474 0.0852850 0.1231205 0.1071025 
S0030_G5664_R1_A 0.0498367 0.2147695 0.1159004 0.0645640 0.0551270 0.0564700 0.0667076 0.0612988 0.0000000 0.0765377 0.0681243 0.0885340 0.0823629 0.0781117 0.0705646 0.0606019 0.0865395 0.0521976 0.0795634 0.1765804 0.0830203 0.1181724 0.0998595 
S0013_G5664_R1_A 0.0730711 0.2296749 0.1195729 0.0817013 0.0765931 0.0793760 0.0880049 0.0798410 0.0765377 0.0000000 0.0870039 0.0812849 0.0805950 0.0896592 0.0828160 0.0747764 0.1104837 0.0743514 0.1011795 0.1916427 0.1038923 0.1311424 0.1186789 
S0031_G5664_R1_A 0.0668592 0.2195375 0.1289710 0.0787819 0.0603207 0.0703500 0.0655570 0.0713922 0.0681243 0.0870039 0.0000000 0.1017501 0.0941805 0.0864636 0.0806209 0.0740656 0.0539107 0.0619481 0.0906496 0.1859449 0.0906542 0.1294167 0.1114396 
S0048_G5664_R1_A 0.0885127 0.2418960 0.1356725 0.0991656 0.0885023 0.0966257 0.0996764 0.0932184 0.0885340 0.0812849 0.1017501 0.0000000 0.0428279 0.0992039 0.0937195 0.0915466 0.1182343 0.0886436 0.1131662 0.2165435 0.1148243 0.1547650 0.1283767 
S0050_G5664_R1_A 0.0839789 0.2273041 0.1325685 0.0910927 0.0872231 0.0909089 0.0951885 0.0852685 0.0823629 0.0805950 0.0941805 0.0428279 0.0000000 0.0951146 0.0912850 0.0862824 0.1109340 0.0842547 0.1070779 0.2139641 0.1091422 0.1415866 0.1270244 
S0046_G5664_R1_A 0.0762730 0.2227744 0.1316038 0.0849691 0.0777206 0.0809669 0.0880153 0.0809223 0.0781117 0.0896592 0.0864636 0.0992039 0.0951146 0.0000000 0.0846617 0.0792458 0.1098951 0.0761761 0.1006624 0.2051188 0.1014923 0.1377565 0.1215324 
S0011_G5664_R1_A 0.0676321 0.2133470 0.1199875 0.0786355 0.0699207 0.0711523 0.0793091 0.0678053 0.0705646 0.0828160 0.0806209 0.0937195 0.0912850 0.0846617 0.0000000 0.0637693 0.1023188 0.0689567 0.0958756 0.1952866 0.0973369 0.1226232 0.1108864 
S0036_G5664_R1_A 0.0597705 0.2144937 0.1211556 0.0727129 0.0613577 0.0681694 0.0733417 0.0599852 0.0606019 0.0747764 0.0740656 0.0915466 0.0862824 0.0792458 0.0637693 0.0000000 0.0937984 0.0628485 0.0859626 0.1787053 0.0865861 0.1214388 0.1009072 
S0018_G5664_R1_A 0.0814589 0.2438114 0.1513930 0.0991127 0.0806485 0.0912634 0.0861520 0.0940423 0.0865395 0.1104837 0.0539107 0.1182343 0.1109340 0.1098951 0.1023188 0.0937984 0.0000000 0.0728102 0.1076531 0.2018749 0.1104612 0.1452148 0.1316841 
S0019_G5664_R1_A 0.0269881 0.1865302 0.1203482 0.0616012 0.0548476 0.0608105 0.0649772 0.0577165 0.0521976 0.0743514 0.0619481 0.0886436 0.0842547 0.0761761 0.0689567 0.0628485 0.0728102 0.0000000 0.0755693 0.1908502 0.0871214 0.1024166 0.1044678 
S0021_G5664_R2_A 0.0792575 0.2302055 0.1460082 0.0797733 0.0797390 0.0864046 0.0916428 0.0853240 0.0795634 0.1011795 0.0906496 0.1131662 0.1070779 0.1006624 0.0958756 0.0859626 0.1076531 0.0755693 0.0000000 0.2028466 0.0365623 0.1307970 0.1173966 
S0037_G5664_R1_A 0.1771999 0.3092925 0.2436386 0.1880413 0.1632156 0.1868705 0.1845869 0.1856474 0.1765804 0.1916427 0.1859449 0.2165435 0.2139641 0.2051188 0.1952866 0.1787053 0.2018749 0.1908502 0.2028466 0.0000000 0.1951013 0.2277633 0.2071435 
S0021_G5664_R1_A 0.0854550 0.2212105 0.1440933 0.0826531 0.0836765 0.0913959 0.0929346 0.0852850 0.0830203 0.1038923 0.0906542 0.1148243 0.1091422 0.1014923 0.0973369 0.0865861 0.1104612 0.0871214 0.0365623 0.1951013 0.0000000 0.1333274 0.1169277 
S0026_G5664_R1_A 0.1077176 0.2408586 0.1622233 0.1201967 0.1171199 0.1195163 0.1226782 0.1231205 0.1181724 0.1311424 0.1294167 0.1547650 0.1415866 0.1377565 0.1226232 0.1214388 0.1452148 0.1024166 0.1307970 0.2277633 0.1333274 0.0000000 0.1474942 
S0017_G5664_R1_A 0.0992697 0.2577336 0.1604623 0.1080097 0.1019512 0.1034643 0.1081439 0.1071025 0.0998595 0.1186789 0.1114396 0.1283767 0.1270244 0.1215324 0.1108864 0.1009072 0.1316841 0.1044678 0.1173966 0.2071435 0.1169277 0.1474942 0.0000000 
