23
S0012_G5670_R1_A 0.0000000 0.1124121 0.1270610 0.1135738 0.1184645 0.1112075 0.1160724 0.1219742 0.1263694 0.1201976 0.1184402 0.1252913 0.1398695 0.1313402 0.1216418 0.1139763 0.1538872 0.1362709 0.1340864 0.6010659 0.5752668 0.5489484 0.1146911 
S0036_G5670_R1_A 0.1124121 0.0000000 0.0598982 0.0585350 0.0568111 0.0520077 0.0554717 0.0726574 0.0744056 0.0599256 0.0589645 0.0683789 0.0818428 0.0737003 0.0599695 0.0582669 0.1019809 0.0763894 0.0722395 0.5806685 0.5316562 0.5173968 0.0716195 
S0046_G5670_R1_A 0.1270610 0.0598982 0.0000000 0.0760945 0.0694035 0.0661218 0.0659399 0.0827017 0.0849838 0.0704582 0.0704359 0.0785226 0.0903473 0.0836540 0.0689780 0.0741708 0.1152016 0.0875183 0.0867891 0.5659027 0.5317523 0.5113127 0.0820607 
S0011_G5670_R1_A 0.1135738 0.0585350 0.0760945 0.0000000 0.0668482 0.0577713 0.0672310 0.0827715 0.0840312 0.0691466 0.0680189 0.0776355 0.0880575 0.0819612 0.0708121 0.0582600 0.1067479 0.0886515 0.0876824 0.5669750 0.5204840 0.4966429 0.0729828 
S0019_G5670_R1_A 0.1184645 0.0568111 0.0694035 0.0668482 0.0000000 0.0408550 0.0617051 0.0796166 0.0858010 0.0662312 0.0656598 0.0736569 0.0842941 0.0766699 0.0673733 0.0650242 0.1020869 0.0831356 0.0807699 0.5778115 0.5327159 0.5168389 0.0727143 
S0020_G5670_R1_A 0.1112075 0.0520077 0.0661218 0.0577713 0.0408550 0.0000000 0.0590937 0.0731379 0.0776294 0.0623766 0.0619467 0.0698224 0.0821311 0.0724124 0.0618792 0.0576140 0.0988943 0.0761634 0.0742342 0.5686909 0.5238283 0.5067272 0.0698524 
S0030_G5670_R1_A 0.1160724 0.0554717 0.0659399 0.0672310 0.0617051 0.0590937 0.0000000 0.0776632 0.0794754 0.0611703 0.0622750 0.0722361 0.0779915 0.0711160 0.0659632 0.0637224 0.0981932 0.0764668 0.0728540 0.5786927 0.5343592 0.5216578 0.0712906 
S0048_G5670_R1_A 0.1219742 0.0726574 0.0827017 0.0827715 0.0796166 0.0731379 0.0776632 0.0000000 0.0112304 0.0820710 0.0829262 0.0946095 0.1029407 0.0942690 0.0844052 0.0807179 0.1203429 0.1031657 0.0969862 0.5659511 0.5278928 0.5115448 0.0735741 
S0050_G5670_R1_A 0.1263694 0.0744056 0.0849838 0.0840312 0.0858010 0.0776294 0.0794754 0.0112304 0.0000000 0.0844974 0.0864024 0.0959091 0.1054832 0.0967338 0.0890630 0.0841960 0.1230014 0.1061755 0.1011718 0.5684479 0.5248388 0.5100265 0.0770080 
S0016_G5670_R1_A 0.1201976 0.0599256 0.0704582 0.0691466 0.0662312 0.0623766 0.0611703 0.0820710 0.0844974 0.0000000 0.0622755 0.0592715 0.0702395 0.0660056 0.0629773 0.0656416 0.0893883 0.0835172 0.0815185 0.5608540 0.5084186 0.5005829 0.0779308 
S0026_G5670_R1_A 0.1184402 0.0589645 0.0704359 0.0680189 0.0656598 0.0619467 0.0622750 0.0829262 0.0864024 0.0622755 0.0000000 0.0700123 0.0843216 0.0798870 0.0618204 0.0672272 0.1019122 0.0855255 0.0807641 0.5854168 0.5341318 0.5237338 0.0765948 
S0004_G5670_R1_A 0.1252913 0.0683789 0.0785226 0.0776355 0.0736569 0.0698224 0.0722361 0.0946095 0.0959091 0.0592715 0.0700123 0.0000000 0.0782750 0.0712895 0.0748913 0.0745953 0.0970600 0.0899984 0.0907074 0.5670633 0.5228191 0.5099963 0.0877590 
S0018_G5670_R1_A 0.1398695 0.0818428 0.0903473 0.0880575 0.0842941 0.0821311 0.0779915 0.1029407 0.1054832 0.0702395 0.0843216 0.0782750 0.0000000 0.0468816 0.0862884 0.0870809 0.0881593 0.1029291 0.1006300 0.5838106 0.5170688 0.5019272 0.0983851 
S0031_G5670_R1_A 0.1313402 0.0737003 0.0836540 0.0819612 0.0766699 0.0724124 0.0711160 0.0942690 0.0967338 0.0660056 0.0798870 0.0712895 0.0468816 0.0000000 0.0817665 0.0789021 0.0810177 0.0970998 0.0937830 0.5745987 0.5159393 0.5044019 0.0922050 
S0028_G5670_R1_A 0.1216418 0.0599695 0.0689780 0.0708121 0.0673733 0.0618792 0.0659632 0.0844052 0.0890630 0.0629773 0.0618204 0.0748913 0.0862884 0.0817665 0.0000000 0.0672473 0.1059761 0.0853467 0.0821024 0.5669197 0.5167562 0.5088252 0.0825185 
S0002_G5670_R1_A 0.1139763 0.0582669 0.0741708 0.0582600 0.0650242 0.0576140 0.0637224 0.0807179 0.0841960 0.0656416 0.0672272 0.0745953 0.0870809 0.0789021 0.0672473 0.0000000 0.1046451 0.0894402 0.0835871 0.5978462 0.5301991 0.5094269 0.0772340 
S0037_G5670_R1_A 0.1538872 0.1019809 0.1152016 0.1067479 0.1020869 0.0988943 0.0981932 0.1203429 0.1230014 0.0893883 0.1019122 0.0970600 0.0881593 0.0810177 0.1059761 0.1046451 0.0000000 0.1178589 0.1202042 0.5901745 0.5298670 0.5163456 0.1152063 
S0017_G5670_R1_A 0.1362709 0.0763894 0.0875183 0.0886515 0.0831356 0.0761634 0.0764668 0.1031657 0.1061755 0.0835172 0.0855255 0.0899984 0.1029291 0.0970998 0.0853467 0.0894402 0.1178589 0.0000000 0.0857335 0.6014067 0.5324460 0.5262512 0.0958764 
S0022_G5670_R1_A 0.1340864 0.0722395 0.0867891 0.0876824 0.0807699 0.0742342 0.0728540 0.0969862 0.1011718 0.0815185 0.0807641 0.0907074 0.1006300 0.0937830 0.0821024 0.0835871 0.1202042 0.0857335 0.0000000 0.5892674 0.5342097 0.5130796 0.0929823 
S0021_G5670_R5_A 0.6010659 0.5806685 0.5659027 0.5669750 0.5778115 0.5686909 0.5786927 0.5659511 0.5684479 0.5608540 0.5854168 0.5670633 0.5838106 0.5745987 0.5669197 0.5978462 0.5901745 0.6014067 0.5892674 0.0000000 0.1536449 0.1712857 0.5802962 
S0021_G5670_R3_A 0.5752668 0.5316562 0.5317523 0.5204840 0.5327159 0.5238283 0.5343592 0.5278928 0.5248388 0.5084186 0.5341318 0.5228191 0.5170688 0.5159393 0.5167562 0.5301991 0.5298670 0.5324460 0.5342097 0.1536449 0.0000000 0.0386289 0.5366561 
S0021_G5670_R4_A 0.5489484 0.5173968 0.5113127 0.4966429 0.5168389 0.5067272 0.5216578 0.5115448 0.5100265 0.5005829 0.5237338 0.5099963 0.5019272 0.5044019 0.5088252 0.5094269 0.5163456 0.5262512 0.5130796 0.1712857 0.0386289 0.0000000 0.5206027 
S0013_G5670_R1_A 0.1146911 0.0716195 0.0820607 0.0729828 0.0727143 0.0698524 0.0712906 0.0735741 0.0770080 0.0779308 0.0765948 0.0877590 0.0983851 0.0922050 0.0825185 0.0772340 0.1152063 0.0958764 0.0929823 0.5802962 0.5366561 0.5206027 0.0000000 
