23
S0037_G5703_R1_A 0.0000000 0.0980629 0.0998937 0.0969359 0.0976840 0.1143210 0.1030826 0.0966766 0.1027433 0.0773565 0.0756938 0.0899288 0.0957635 0.0982112 0.1208808 0.1306963 0.1029076 0.2091027 0.1003707 0.0939029 0.1456645 0.0941167 0.1182848 
S0021_G5703_R1_A 0.0980629 0.0000000 0.0301110 0.0547801 0.0557884 0.0747446 0.0707616 0.0638134 0.0668682 0.0737169 0.0698073 0.0661812 0.0592444 0.0556365 0.0870725 0.0908285 0.0626657 0.1625296 0.0678924 0.0755644 0.1026830 0.0583607 0.0815493 
S0021_G5703_R2_A 0.0998937 0.0301110 0.0000000 0.0558320 0.0585335 0.0793444 0.0737293 0.0649358 0.0692124 0.0737942 0.0710118 0.0694017 0.0603944 0.0556195 0.0883022 0.0932607 0.0632672 0.1631818 0.0674634 0.0785222 0.1075468 0.0655367 0.0882040 
S0030_G5703_R1_A 0.0969359 0.0547801 0.0558320 0.0000000 0.0544570 0.0697707 0.0669550 0.0556231 0.0603373 0.0687378 0.0642797 0.0618897 0.0516679 0.0575923 0.0799973 0.0884770 0.0601096 0.1651697 0.0599321 0.0670970 0.0998342 0.0556053 0.0838068 
S0028_G5703_R1_A 0.0976840 0.0557884 0.0585335 0.0544570 0.0000000 0.0724102 0.0729568 0.0625992 0.0651109 0.0787031 0.0719285 0.0706685 0.0547747 0.0579368 0.0830330 0.0898274 0.0643434 0.1695962 0.0649967 0.0752705 0.1079125 0.0604659 0.0807156 
S0013_G5703_R1_A 0.1143210 0.0747446 0.0793444 0.0697707 0.0724102 0.0000000 0.0835018 0.0784499 0.0790851 0.0853681 0.0861045 0.0784624 0.0764118 0.0805368 0.0996765 0.0943219 0.0826419 0.1912138 0.0802877 0.0897439 0.1191095 0.0725760 0.0849552 
S0011_G5703_R1_A 0.1030826 0.0707616 0.0737293 0.0669550 0.0729568 0.0835018 0.0000000 0.0692916 0.0723006 0.0790419 0.0739164 0.0703843 0.0671139 0.0729928 0.0960015 0.0993673 0.0809043 0.1873146 0.0725918 0.0784789 0.1125994 0.0659410 0.0906767 
S0002_G5703_R1_A 0.0966766 0.0638134 0.0649358 0.0556231 0.0625992 0.0784499 0.0692916 0.0000000 0.0614248 0.0738952 0.0694266 0.0652757 0.0531259 0.0683061 0.0777496 0.0879758 0.0674423 0.1762915 0.0664748 0.0717060 0.1043088 0.0613057 0.0796826 
S0020_G5703_R1_A 0.1027433 0.0668682 0.0692124 0.0603373 0.0651109 0.0790851 0.0723006 0.0614248 0.0000000 0.0769515 0.0695697 0.0670919 0.0568584 0.0680344 0.0896473 0.0900315 0.0619677 0.1802036 0.0625545 0.0775927 0.1113422 0.0672934 0.0846113 
S0018_G5703_R1_A 0.0773565 0.0737169 0.0737942 0.0687378 0.0787031 0.0853681 0.0790419 0.0738952 0.0769515 0.0000000 0.0354719 0.0663557 0.0718732 0.0783292 0.0961221 0.1048969 0.0815420 0.1905429 0.0776818 0.0711511 0.1165956 0.0727030 0.0983306 
S0031_G5703_R1_A 0.0756938 0.0698073 0.0710118 0.0642797 0.0719285 0.0861045 0.0739164 0.0694266 0.0695697 0.0354719 0.0000000 0.0636286 0.0692544 0.0743590 0.0934078 0.1020271 0.0736008 0.1738853 0.0734607 0.0666799 0.1149957 0.0662157 0.0958163 
S0016_G5703_R1_A 0.0899288 0.0661812 0.0694017 0.0618897 0.0706685 0.0784624 0.0703843 0.0652757 0.0670919 0.0663557 0.0636286 0.0000000 0.0624486 0.0667562 0.0884927 0.0942088 0.0722506 0.1810619 0.0684011 0.0659546 0.1133753 0.0643523 0.0887896 
S0019_G5703_R1_A 0.0957635 0.0592444 0.0603944 0.0516679 0.0547747 0.0764118 0.0671139 0.0531259 0.0568584 0.0718732 0.0692544 0.0624486 0.0000000 0.0587017 0.0829532 0.0903261 0.0469140 0.1671455 0.0642055 0.0713852 0.1045265 0.0600349 0.0835966 
S0026_G5703_R1_A 0.0982112 0.0556365 0.0556195 0.0575923 0.0579368 0.0805368 0.0729928 0.0683061 0.0680344 0.0783292 0.0743590 0.0667562 0.0587017 0.0000000 0.0857354 0.0938658 0.0660404 0.1660223 0.0691627 0.0783949 0.1083829 0.0674003 0.0903063 
S0017_G5703_R1_A 0.1208808 0.0870725 0.0883022 0.0799973 0.0830330 0.0996765 0.0960015 0.0777496 0.0896473 0.0961221 0.0934078 0.0884927 0.0829532 0.0857354 0.0000000 0.1074503 0.0896941 0.1930590 0.0870418 0.0907927 0.1256297 0.0765052 0.1010283 
S0050_G5703_R1_A 0.1306963 0.0908285 0.0932607 0.0884770 0.0898274 0.0943219 0.0993673 0.0879758 0.0900315 0.1048969 0.1020271 0.0942088 0.0903261 0.0938658 0.1074503 0.0000000 0.1014953 0.2048491 0.0923279 0.1020559 0.1333181 0.0836840 0.0189877 
S0036_G5703_R1_A 0.1029076 0.0626657 0.0632672 0.0601096 0.0643434 0.0826419 0.0809043 0.0674423 0.0619677 0.0815420 0.0736008 0.0722506 0.0469140 0.0660404 0.0896941 0.1014953 0.0000000 0.1735829 0.0689027 0.0827987 0.1163586 0.0711277 0.0944824 
S0005_G5703_R1_A 0.2091027 0.1625296 0.1631818 0.1651697 0.1695962 0.1912138 0.1873146 0.1762915 0.1802036 0.1905429 0.1738853 0.1810619 0.1671455 0.1660223 0.1930590 0.2048491 0.1735829 0.0000000 0.1741099 0.1928199 0.2164290 0.1634043 0.1910781 
S0046_G5703_R1_A 0.1003707 0.0678924 0.0674634 0.0599321 0.0649967 0.0802877 0.0725918 0.0664748 0.0625545 0.0776818 0.0734607 0.0684011 0.0642055 0.0691627 0.0870418 0.0923279 0.0689027 0.1741099 0.0000000 0.0769885 0.1121404 0.0620696 0.0857802 
S0004_G5703_R1_A 0.0939029 0.0755644 0.0785222 0.0670970 0.0752705 0.0897439 0.0784789 0.0717060 0.0775927 0.0711511 0.0666799 0.0659546 0.0713852 0.0783949 0.0907927 0.1020559 0.0827987 0.1928199 0.0769885 0.0000000 0.1157862 0.0653705 0.0921292 
S0012_G5703_R1_A 0.1456645 0.1026830 0.1075468 0.0998342 0.1079125 0.1191095 0.1125994 0.1043088 0.1113422 0.1165956 0.1149957 0.1133753 0.1045265 0.1083829 0.1256297 0.1333181 0.1163586 0.2164290 0.1121404 0.1157862 0.0000000 0.1010020 0.1267840 
S0022_G5703_R1_A 0.0941167 0.0583607 0.0655367 0.0556053 0.0604659 0.0725760 0.0659410 0.0613057 0.0672934 0.0727030 0.0662157 0.0643523 0.0600349 0.0674003 0.0765052 0.0836840 0.0711277 0.1634043 0.0620696 0.0653705 0.1010020 0.0000000 0.0787192 
S0048_G5703_R1_A 0.1182848 0.0815493 0.0882040 0.0838068 0.0807156 0.0849552 0.0906767 0.0796826 0.0846113 0.0983306 0.0958163 0.0887896 0.0835966 0.0903063 0.1010283 0.0189877 0.0944824 0.1910781 0.0857802 0.0921292 0.1267840 0.0787192 0.0000000 
