23
S0030_G5721_R1_A 0.0000000 0.1049278 0.0738342 0.0746996 0.0909902 0.0766019 0.0910102 0.0861333 0.0914094 0.0958945 0.0796065 0.0808502 0.0788495 0.0796232 0.1027766 0.1259973 0.1132226 0.0881891 0.1300596 0.1353075 0.1751963 0.1278105 0.2583906 
S0011_G5721_R1_A 0.1049278 0.0000000 0.1164041 0.1019769 0.1130365 0.0985048 0.1141501 0.0757469 0.0836192 0.0943352 0.1089997 0.1140509 0.1097371 0.1104485 0.1246791 0.1383377 0.1268338 0.1027554 0.1413204 0.1507273 0.2169337 0.1432531 0.2890731 
S0022_G5721_R1_A 0.0738342 0.1164041 0.0000000 0.0834656 0.0977863 0.0833433 0.0965391 0.0957856 0.1026227 0.1096732 0.0895997 0.0897388 0.0912622 0.0908560 0.1129222 0.1257590 0.1167970 0.0996966 0.1293248 0.1395429 0.1916040 0.1278899 0.2737017 
S0028_G5721_R1_A 0.0746996 0.1019769 0.0834656 0.0000000 0.0884221 0.0701280 0.0931571 0.0800862 0.0845736 0.0882446 0.0739574 0.0779554 0.0779313 0.0695369 0.0943924 0.1170455 0.1052021 0.0893971 0.1261155 0.1235663 0.1913205 0.1208547 0.2446516 
S0050_G5721_R1_A 0.0909902 0.1130365 0.0977863 0.0884221 0.0000000 0.0889689 0.0826721 0.0891676 0.0932731 0.1031329 0.0980732 0.1001138 0.0999847 0.1007791 0.1119513 0.1381848 0.1272348 0.0424872 0.1422181 0.1487029 0.1957524 0.1240975 0.2707847 
S0002_G5721_R1_A 0.0766019 0.0985048 0.0833433 0.0701280 0.0889689 0.0000000 0.0940204 0.0835372 0.0896160 0.0940136 0.0830437 0.0831479 0.0781242 0.0807380 0.0993840 0.1155863 0.1042112 0.0892426 0.1222117 0.1307401 0.1895565 0.1311323 0.2618367 
S0013_G5721_R1_A 0.0910102 0.1141501 0.0965391 0.0931571 0.0826721 0.0940204 0.0000000 0.0950382 0.1027080 0.1101457 0.1012332 0.1018724 0.1025456 0.1052452 0.1075569 0.1279876 0.1141284 0.0863440 0.1297665 0.1418288 0.1868678 0.1188111 0.2669192 
S0019_G5721_R1_A 0.0861333 0.0757469 0.0957856 0.0800862 0.0891676 0.0835372 0.0950382 0.0000000 0.0614194 0.0736179 0.0897970 0.0939725 0.0946006 0.0878714 0.1120837 0.1302991 0.1151959 0.0908293 0.1361826 0.1467890 0.1934206 0.1254486 0.2725036 
S0036_G5721_R1_A 0.0914094 0.0836192 0.1026227 0.0845736 0.0932731 0.0896160 0.1027080 0.0614194 0.0000000 0.0613286 0.0966102 0.1007933 0.0964873 0.0936768 0.1151145 0.1367779 0.1230600 0.0992699 0.1420292 0.1468419 0.1953999 0.1346696 0.2709605 
S0020_G5721_R1_A 0.0958945 0.0943352 0.1096732 0.0882446 0.1031329 0.0940136 0.1101457 0.0736179 0.0613286 0.0000000 0.1010854 0.1046855 0.1057639 0.0987880 0.1181420 0.1378290 0.1258374 0.1080683 0.1445790 0.1486146 0.2070910 0.1370527 0.2836874 
S0021_G5721_R1_A 0.0796065 0.1089997 0.0895997 0.0739574 0.0980732 0.0830437 0.1012332 0.0897970 0.0966102 0.1010854 0.0000000 0.0395862 0.0889124 0.0738743 0.1064910 0.1272496 0.1165611 0.0964693 0.1376988 0.1342960 0.1875648 0.1303763 0.2563618 
S0021_G5721_R2_A 0.0808502 0.1140509 0.0897388 0.0779554 0.1001138 0.0831479 0.1018724 0.0939725 0.1007933 0.1046855 0.0395862 0.0000000 0.0912642 0.0705136 0.1085049 0.1282279 0.1188229 0.0996536 0.1399222 0.1375859 0.1899473 0.1313902 0.2613488 
S0046_G5721_R1_A 0.0788495 0.1097371 0.0912622 0.0779313 0.0999847 0.0781242 0.1025456 0.0946006 0.0964873 0.1057639 0.0889124 0.0912642 0.0000000 0.0888802 0.1104242 0.1296336 0.1186531 0.1028429 0.1408847 0.1437602 0.1935514 0.1336610 0.2731058 
S0026_G5721_R1_A 0.0796232 0.1104485 0.0908560 0.0695369 0.1007791 0.0807380 0.1052452 0.0878714 0.0936768 0.0987880 0.0738743 0.0705136 0.0888802 0.0000000 0.1049864 0.1249928 0.1117402 0.0993367 0.1277941 0.1330654 0.1960939 0.1326740 0.2519646 
S0016_G5721_R1_A 0.1027766 0.1246791 0.1129222 0.0943924 0.1119513 0.0993840 0.1075569 0.1120837 0.1151145 0.1181420 0.1064910 0.1085049 0.1104242 0.1049864 0.0000000 0.1029690 0.1002979 0.1101967 0.1118526 0.1117413 0.2060546 0.1344346 0.2906357 
S0031_G5721_R1_A 0.1259973 0.1383377 0.1257590 0.1170455 0.1381848 0.1155863 0.1279876 0.1302991 0.1367779 0.1378290 0.1272496 0.1282279 0.1296336 0.1249928 0.1029690 0.0000000 0.0929398 0.1338258 0.1228559 0.1150587 0.2123205 0.1363123 0.2735066 
S0018_G5721_R1_A 0.1132226 0.1268338 0.1167970 0.1052021 0.1272348 0.1042112 0.1141284 0.1151959 0.1230600 0.1258374 0.1165611 0.1188229 0.1186531 0.1117402 0.1002979 0.0929398 0.0000000 0.1176728 0.0854812 0.1240730 0.2180572 0.1505228 0.2779106 
S0048_G5721_R1_A 0.0881891 0.1027554 0.0996966 0.0893971 0.0424872 0.0892426 0.0863440 0.0908293 0.0992699 0.1080683 0.0964693 0.0996536 0.1028429 0.0993367 0.1101967 0.1338258 0.1176728 0.0000000 0.1336010 0.1469560 0.2011818 0.1265566 0.2672170 
S0037_G5721_R1_A 0.1300596 0.1413204 0.1293248 0.1261155 0.1422181 0.1222117 0.1297665 0.1361826 0.1420292 0.1445790 0.1376988 0.1399222 0.1408847 0.1277941 0.1118526 0.1228559 0.0854812 0.1336010 0.0000000 0.1378151 0.2359121 0.1685753 0.3060322 
S0004_G5721_R1_A 0.1353075 0.1507273 0.1395429 0.1235663 0.1487029 0.1307401 0.1418288 0.1467890 0.1468419 0.1486146 0.1342960 0.1375859 0.1437602 0.1330654 0.1117413 0.1150587 0.1240730 0.1469560 0.1378151 0.0000000 0.2057364 0.1525345 0.2774430 
S0017_G5721_R1_A 0.1751963 0.2169337 0.1916040 0.1913205 0.1957524 0.1895565 0.1868678 0.1934206 0.1953999 0.2070910 0.1875648 0.1899473 0.1935514 0.1960939 0.2060546 0.2123205 0.2180572 0.2011818 0.2359121 0.2057364 0.0000000 0.2142958 0.3511823 
S0012_G5721_R1_A 0.1278105 0.1432531 0.1278899 0.1208547 0.1240975 0.1311323 0.1188111 0.1254486 0.1346696 0.1370527 0.1303763 0.1313902 0.1336610 0.1326740 0.1344346 0.1363123 0.1505228 0.1265566 0.1685753 0.1525345 0.2142958 0.0000000 0.3147235 
S0005_G5721_R1_A 0.2583906 0.2890731 0.2737017 0.2446516 0.2707847 0.2618367 0.2669192 0.2725036 0.2709605 0.2836874 0.2563618 0.2613488 0.2731058 0.2519646 0.2906357 0.2735066 0.2779106 0.2672170 0.3060322 0.2774430 0.3511823 0.3147235 0.0000000 
