23
S0004_G5753_R1_A 0.0000000 0.2268307 0.1604853 0.1678867 0.1456606 0.1632945 0.1451816 0.1304419 0.1347846 0.2227485 0.2242139 0.1742406 0.1873179 0.1818261 0.1785550 0.1587787 0.1974703 0.2244657 0.1220060 0.1842629 0.1611651 0.1811525 0.2766813 
S0037_G5753_R1_A 0.2268307 0.0000000 0.2436328 0.2564342 0.2202811 0.2505668 0.1925755 0.2004153 0.2043821 0.2910766 0.2845089 0.2457770 0.2594679 0.2568654 0.2620626 0.2266706 0.2873105 0.2950892 0.1627119 0.2766726 0.2422145 0.2435561 0.4128977 
S0017_G5753_R1_A 0.1604853 0.2436328 0.0000000 0.1718851 0.1242642 0.1628100 0.1195822 0.1399322 0.1332507 0.1868686 0.1878778 0.1458664 0.1594303 0.1559220 0.1490940 0.1878217 0.2018387 0.1920873 0.1115712 0.1976067 0.1801374 0.1969789 0.2810899 
S0046_G5753_R1_A 0.1678867 0.2564342 0.1718851 0.0000000 0.1464667 0.1879422 0.1532372 0.1488405 0.1488663 0.2326993 0.2290335 0.1830649 0.2037220 0.2080840 0.1998856 0.1817893 0.2198959 0.2552707 0.1568674 0.2105696 0.2087007 0.1994185 0.3363899 
S0020_G5753_R1_A 0.1456606 0.2202811 0.1242642 0.1464667 0.0000000 0.1178082 0.0907342 0.0726145 0.0892144 0.1582316 0.1587188 0.1044377 0.1412117 0.1445777 0.1260034 0.1259051 0.1447522 0.1717536 0.0758654 0.1421201 0.1377206 0.1679841 0.2560297 
S0002_G5753_R1_A 0.1632945 0.2505668 0.1628100 0.1879422 0.1178082 0.0000000 0.1101712 0.1171340 0.1306660 0.1764126 0.1698633 0.1416868 0.1659534 0.1633866 0.1687723 0.1451261 0.1862784 0.2162376 0.1146462 0.1868856 0.1675912 0.1740824 0.2943339 
S0026_G5753_R1_A 0.1451816 0.1925755 0.1195822 0.1532372 0.0907342 0.1101712 0.0000000 0.0950311 0.0824980 0.1598856 0.1563557 0.1042584 0.0819208 0.0801983 0.1218517 0.1171593 0.1332400 0.1652819 0.1120437 0.1363771 0.1434994 0.1143731 0.2244197 
S0019_G5753_R1_A 0.1304419 0.2004153 0.1399322 0.1488405 0.0726145 0.1171340 0.0950311 0.0000000 0.0892546 0.1509269 0.1537950 0.0831826 0.1162754 0.1146084 0.1247926 0.1440673 0.1474225 0.1413261 0.1054379 0.1403506 0.1615120 0.1539311 0.2454541 
S0028_G5753_R1_A 0.1347846 0.2043821 0.1332507 0.1488663 0.0892144 0.1306660 0.0824980 0.0892546 0.0000000 0.1643255 0.1600518 0.1014027 0.1093263 0.1071324 0.1021803 0.1266877 0.1309740 0.1466610 0.0963486 0.1228773 0.1574326 0.1357024 0.2338755 
S0048_G5753_R1_A 0.2227485 0.2910766 0.1868686 0.2326993 0.1582316 0.1764126 0.1598856 0.1509269 0.1643255 0.0000000 0.0263948 0.1713160 0.1847522 0.1877293 0.1798896 0.1868843 0.1871369 0.2112040 0.1340911 0.1976648 0.2047642 0.2229459 0.2949563 
S0050_G5753_R1_A 0.2242139 0.2845089 0.1878778 0.2290335 0.1587188 0.1698633 0.1563557 0.1537950 0.1600518 0.0263948 0.0000000 0.1689080 0.1799817 0.1848277 0.1824813 0.1849876 0.1836716 0.2125435 0.1307960 0.1998374 0.2054390 0.2136099 0.2905561 
S0036_G5753_R1_A 0.1742406 0.2457770 0.1458664 0.1830649 0.1044377 0.1416868 0.1042584 0.0831826 0.1014027 0.1713160 0.1689080 0.0000000 0.1363199 0.1365463 0.1268113 0.1307898 0.1608231 0.1619582 0.0951807 0.1407941 0.1581168 0.1654460 0.2687892 
S0021_G5753_R1_A 0.1873179 0.2594679 0.1594303 0.2037220 0.1412117 0.1659534 0.0819208 0.1162754 0.1093263 0.1847522 0.1799817 0.1363199 0.0000000 0.0425159 0.1392957 0.1583514 0.1839645 0.1883251 0.1072657 0.1657004 0.1906881 0.1553547 0.2690814 
S0021_G5753_R2_A 0.1818261 0.2568654 0.1559220 0.2080840 0.1445777 0.1633866 0.0801983 0.1146084 0.1071324 0.1877293 0.1848277 0.1365463 0.0425159 0.0000000 0.1367934 0.1556434 0.1801800 0.1844245 0.1049886 0.1580041 0.1860459 0.1448740 0.2633405 
S0030_G5753_R1_A 0.1785550 0.2620626 0.1490940 0.1998856 0.1260034 0.1687723 0.1218517 0.1247926 0.1021803 0.1798896 0.1824813 0.1268113 0.1392957 0.1367934 0.0000000 0.1662381 0.1475771 0.1655765 0.0958010 0.1472671 0.1756634 0.1627562 0.2471363 
S0016_G5753_R1_A 0.1587787 0.2266706 0.1878217 0.1817893 0.1259051 0.1451261 0.1171593 0.1440673 0.1266877 0.1868843 0.1849876 0.1307898 0.1583514 0.1556434 0.1662381 0.0000000 0.1895357 0.1974773 0.1087208 0.1727828 0.1857236 0.1475071 0.2859672 
S0013_G5753_R1_A 0.1974703 0.2873105 0.2018387 0.2198959 0.1447522 0.1862784 0.1332400 0.1474225 0.1309740 0.1871369 0.1836716 0.1608231 0.1839645 0.1801800 0.1475771 0.1895357 0.0000000 0.2003593 0.1306754 0.1792543 0.2157105 0.2013427 0.2840423 
S0012_G5753_R1_A 0.2244657 0.2950892 0.1920873 0.2552707 0.1717536 0.2162376 0.1652819 0.1413261 0.1466610 0.2112040 0.2125435 0.1619582 0.1883251 0.1844245 0.1655765 0.1974773 0.2003593 0.0000000 0.1393211 0.1978359 0.2128700 0.2068233 0.3207003 
S0031_G5753_R1_A 0.1220060 0.1627119 0.1115712 0.1568674 0.0758654 0.1146462 0.1120437 0.1054379 0.0963486 0.1340911 0.1307960 0.0951807 0.1072657 0.1049886 0.0958010 0.1087208 0.1306754 0.1393211 0.0000000 0.1237649 0.1495608 0.0618925 0.2360583 
S0022_G5753_R1_A 0.1842629 0.2766726 0.1976067 0.2105696 0.1421201 0.1868856 0.1363771 0.1403506 0.1228773 0.1976648 0.1998374 0.1407941 0.1657004 0.1580041 0.1472671 0.1727828 0.1792543 0.1978359 0.1237649 0.0000000 0.1916904 0.1910601 0.2863360 
S0011_G5753_R1_A 0.1611651 0.2422145 0.1801374 0.2087007 0.1377206 0.1675912 0.1434994 0.1615120 0.1574326 0.2047642 0.2054390 0.1581168 0.1906881 0.1860459 0.1756634 0.1857236 0.2157105 0.2128700 0.1495608 0.1916904 0.0000000 0.1597050 0.3311417 
S0018_G5753_R1_A 0.1811525 0.2435561 0.1969789 0.1994185 0.1679841 0.1740824 0.1143731 0.1539311 0.1357024 0.2229459 0.2136099 0.1654460 0.1553547 0.1448740 0.1627562 0.1475071 0.2013427 0.2068233 0.0618925 0.1910601 0.1597050 0.0000000 0.2979365 
S0005_G5753_R1_A 0.2766813 0.4128977 0.2810899 0.3363899 0.2560297 0.2943339 0.2244197 0.2454541 0.2338755 0.2949563 0.2905561 0.2687892 0.2690814 0.2633405 0.2471363 0.2859672 0.2840423 0.3207003 0.2360583 0.2863360 0.3311417 0.2979365 0.0000000 
