25
S0005_G5802_R1_A 0.0000000 0.1967770 0.1915198 0.1897490 0.1900467 0.1844128 0.1941610 0.1849757 0.1807868 0.1901607 0.1807788 0.1847097 0.2020404 0.1935279 0.2106362 0.1969076 0.2067754 0.1643397 0.1848962 0.1651837 0.2130147 0.2167554 0.4183988 0.4241437 0.8264294 
S0002_G5802_R1_A 0.1967770 0.0000000 0.0537152 0.0565590 0.0799565 0.0786891 0.0901834 0.0833234 0.0676382 0.0906361 0.0684371 0.0746377 0.0924997 0.0566091 0.1000266 0.0970102 0.1037266 0.0673578 0.0551440 0.0755679 0.1012565 0.1099719 0.3122304 0.3160377 0.7184438 
S0020_G5802_R1_A 0.1915198 0.0537152 0.0000000 0.0582392 0.0782397 0.0746992 0.0888459 0.0783921 0.0677660 0.0846630 0.0642277 0.0717561 0.0918528 0.0550207 0.0998694 0.0922601 0.1013076 0.0668084 0.0370447 0.0729692 0.0999948 0.1114176 0.3030862 0.3105521 0.6992762 
S0011_G5802_R1_A 0.1897490 0.0565590 0.0582392 0.0000000 0.0750843 0.0740036 0.0876797 0.0791830 0.0689422 0.0852620 0.0626654 0.0704101 0.0905708 0.0606917 0.0980190 0.0908309 0.1051583 0.0636439 0.0582462 0.0752975 0.0994568 0.1034562 0.3145118 0.3159874 0.7142636 
S0004_G5802_R1_A 0.1900467 0.0799565 0.0782397 0.0750843 0.0000000 0.0589817 0.0682926 0.0628405 0.0651579 0.0835921 0.0672879 0.0731328 0.0942987 0.0784918 0.0988668 0.0898658 0.0832947 0.0644729 0.0736166 0.0724774 0.1055415 0.1102312 0.2997554 0.3051393 0.7198761 
S0016_G5802_R1_A 0.1844128 0.0786891 0.0746992 0.0740036 0.0589817 0.0000000 0.0651459 0.0538381 0.0654148 0.0834390 0.0667568 0.0714187 0.0921816 0.0772872 0.0965529 0.0960525 0.0876620 0.0638421 0.0748010 0.0730294 0.1043591 0.1107852 0.3203365 0.3281330 0.7283267 
S0018_G5802_R1_A 0.1941610 0.0901834 0.0888459 0.0876797 0.0682926 0.0651459 0.0000000 0.0403455 0.0757476 0.0906497 0.0766468 0.0802456 0.1040126 0.0884009 0.0999973 0.0987457 0.0896920 0.0741524 0.0832500 0.0798721 0.1126130 0.1201703 0.3167763 0.3242439 0.7270040 
S0031_G5802_R1_A 0.1849757 0.0833234 0.0783921 0.0791830 0.0628405 0.0538381 0.0403455 0.0000000 0.0679445 0.0836645 0.0679462 0.0738695 0.0961375 0.0808258 0.0959719 0.0944378 0.0863110 0.0678448 0.0777917 0.0763498 0.1062583 0.1142484 0.3156837 0.3229161 0.7125954 
S0021_G5802_R2_A 0.1807868 0.0676382 0.0677660 0.0689422 0.0651579 0.0654148 0.0757476 0.0679445 0.0000000 0.0741078 0.0585539 0.0562257 0.0816374 0.0675811 0.0897495 0.0824766 0.0904371 0.0516529 0.0665541 0.0361987 0.0972851 0.1007904 0.2946701 0.2996605 0.7014770 
S0046_G5802_R1_A 0.1901607 0.0906361 0.0846630 0.0852620 0.0835921 0.0834390 0.0906497 0.0836645 0.0741078 0.0000000 0.0777226 0.0817851 0.1032788 0.0847686 0.1089465 0.1032598 0.1081770 0.0683557 0.0870871 0.0820139 0.1124900 0.1200067 0.3082227 0.3115179 0.7096108 
S0030_G5802_R1_A 0.1807788 0.0684371 0.0642277 0.0626654 0.0672879 0.0667568 0.0766468 0.0679462 0.0585539 0.0777226 0.0000000 0.0642805 0.0707136 0.0684022 0.0855495 0.0678158 0.0932388 0.0569240 0.0629878 0.0648654 0.0964516 0.0935916 0.2910104 0.2919128 0.7143059 
S0026_G5802_R1_A 0.1847097 0.0746377 0.0717561 0.0704101 0.0731328 0.0714187 0.0802456 0.0738695 0.0562257 0.0817851 0.0642805 0.0000000 0.0925324 0.0713177 0.0972848 0.0862298 0.1002343 0.0585599 0.0681131 0.0612995 0.1029711 0.1069626 0.3109597 0.3178879 0.7297669 
S0022_G5802_R1_A 0.2020404 0.0924997 0.0918528 0.0905708 0.0942987 0.0921816 0.1040126 0.0961375 0.0816374 0.1032788 0.0707136 0.0925324 0.0000000 0.0960237 0.1116214 0.0949223 0.1186019 0.0821011 0.0880279 0.0841479 0.1120998 0.1128616 0.3319045 0.3336558 0.7425632 
S0036_G5802_R1_A 0.1935279 0.0566091 0.0550207 0.0606917 0.0784918 0.0772872 0.0884009 0.0808258 0.0675811 0.0847686 0.0684022 0.0713177 0.0960237 0.0000000 0.1013512 0.0929803 0.1028872 0.0661893 0.0533675 0.0649970 0.1001827 0.1128177 0.3177209 0.3198874 0.7142381 
S0013_G5802_R1_A 0.2106362 0.1000266 0.0998694 0.0980190 0.0988668 0.0965529 0.0999973 0.0959719 0.0897495 0.1089465 0.0855495 0.0972848 0.1116214 0.1013512 0.0000000 0.1076526 0.1276027 0.0874003 0.0983498 0.0934361 0.1204293 0.1208423 0.3152606 0.3150065 0.6913642 
S0050_G5802_R1_A 0.1969076 0.0970102 0.0922601 0.0908309 0.0898658 0.0960525 0.0987457 0.0944378 0.0824766 0.1032598 0.0678158 0.0862298 0.0949223 0.0929803 0.1076526 0.0000000 0.1112875 0.0808426 0.0886079 0.0901440 0.1214008 0.1142229 0.3178310 0.3246413 0.7438702 
S0037_G5802_R1_A 0.2067754 0.1037266 0.1013076 0.1051583 0.0832947 0.0876620 0.0896920 0.0863110 0.0904371 0.1081770 0.0932388 0.1002343 0.1186019 0.1028872 0.1276027 0.1112875 0.0000000 0.0922161 0.0978835 0.0941658 0.1263493 0.1400043 0.3290671 0.3358166 0.7374688 
S0028_G5802_R1_A 0.1643397 0.0673578 0.0668084 0.0636439 0.0644729 0.0638421 0.0741524 0.0678448 0.0516529 0.0683557 0.0569240 0.0585599 0.0821011 0.0661893 0.0874003 0.0808426 0.0922161 0.0000000 0.0646496 0.0512157 0.0919752 0.1016810 0.2796971 0.2838888 0.6792532 
S0019_G5802_R1_A 0.1848962 0.0551440 0.0370447 0.0582462 0.0736166 0.0748010 0.0832500 0.0777917 0.0665541 0.0870871 0.0629878 0.0681131 0.0880279 0.0533675 0.0983498 0.0886079 0.0978835 0.0646496 0.0000000 0.0753744 0.0990266 0.1089102 0.2960758 0.2990166 0.7150561 
S0021_G5802_R1_A 0.1651837 0.0755679 0.0729692 0.0752975 0.0724774 0.0730294 0.0798721 0.0763498 0.0361987 0.0820139 0.0648654 0.0612995 0.0841479 0.0649970 0.0934361 0.0901440 0.0941658 0.0512157 0.0753744 0.0000000 0.0939670 0.1028964 0.2542726 0.2593662 0.6905082 
S0017_G5802_R1_A 0.2130147 0.1012565 0.0999948 0.0994568 0.1055415 0.1043591 0.1126130 0.1062583 0.0972851 0.1124900 0.0964516 0.1029711 0.1120998 0.1001827 0.1204293 0.1214008 0.1263493 0.0919752 0.0990266 0.0939670 0.0000000 0.1311143 0.3087845 0.3094821 0.7356156 
S0012_G5802_R1_A 0.2167554 0.1099719 0.1114176 0.1034562 0.1102312 0.1107852 0.1201703 0.1142484 0.1007904 0.1200067 0.0935916 0.1069626 0.1128616 0.1128177 0.1208423 0.1142229 0.1400043 0.1016810 0.1089102 0.1028964 0.1311143 0.0000000 0.3270939 0.3273290 0.7448558 
S0048_G5802_R2_A 0.4183988 0.3122304 0.3030862 0.3145118 0.2997554 0.3203365 0.3167763 0.3156837 0.2946701 0.3082227 0.2910104 0.3109597 0.3319045 0.3177209 0.3152606 0.3178310 0.3290671 0.2796971 0.2960758 0.2542726 0.3087845 0.3270939 0.0000000 0.0477918 0.8127302 
S0048_G5802_R3_A 0.4241437 0.3160377 0.3105521 0.3159874 0.3051393 0.3281330 0.3242439 0.3229161 0.2996605 0.3115179 0.2919128 0.3178879 0.3336558 0.3198874 0.3150065 0.3246413 0.3358166 0.2838888 0.2990166 0.2593662 0.3094821 0.3273290 0.0477918 0.0000000 0.8250536 
S0013_G5802_R2_A 0.8264294 0.7184438 0.6992762 0.7142636 0.7198761 0.7283267 0.7270040 0.7125954 0.7014770 0.7096108 0.7143059 0.7297669 0.7425632 0.7142381 0.6913642 0.7438702 0.7374688 0.6792532 0.7150561 0.6905082 0.7356156 0.7448558 0.8127302 0.8250536 0.0000000 
