22
S0020_G5815_R1_A 0.0000000 0.0917098 0.0720736 0.0846550 0.0718990 0.0823174 0.0732501 0.0804014 0.0905356 0.0818053 0.0649575 0.0825657 0.0956347 0.0774879 0.0620837 0.0808061 0.0859807 0.1002816 0.0983009 0.1221847 0.0325609 0.2056920 
S0022_G5815_R1_A 0.0917098 0.0000000 0.0855072 0.0987960 0.0904566 0.0954508 0.0862358 0.0979105 0.1069273 0.0918888 0.0930749 0.0980174 0.1058401 0.0940842 0.0837588 0.0963528 0.1092920 0.1165565 0.1184432 0.1327460 0.0858322 0.2348290 
S0030_G5815_R1_A 0.0720736 0.0855072 0.0000000 0.0781514 0.0715493 0.0689398 0.0675781 0.0742141 0.0852033 0.0709561 0.0730519 0.0744479 0.0877832 0.0720187 0.0653255 0.0707679 0.0860981 0.0955948 0.0957727 0.1185808 0.0578902 0.2050488 
S0013_G5815_R1_A 0.0846550 0.0987960 0.0781514 0.0000000 0.0742465 0.0861360 0.0740961 0.0849551 0.0996397 0.0795741 0.0831423 0.0858237 0.0971020 0.0791759 0.0791793 0.0841319 0.0963544 0.0967058 0.0955884 0.1213634 0.0736310 0.2120315 
S0011_G5815_R1_A 0.0718990 0.0904566 0.0715493 0.0742465 0.0000000 0.0818918 0.0720525 0.0754907 0.0909072 0.0794213 0.0650506 0.0816921 0.0917674 0.0726299 0.0601458 0.0734776 0.0875577 0.1037765 0.1031911 0.1204059 0.0528468 0.1986698 
S0004_G5815_R1_A 0.0823174 0.0954508 0.0689398 0.0861360 0.0818918 0.0000000 0.0596409 0.0758810 0.0782505 0.0624399 0.0809838 0.0856330 0.0848814 0.0777371 0.0711568 0.0730541 0.0939238 0.1044524 0.1032962 0.1351689 0.0710424 0.2010950 
S0016_G5815_R1_A 0.0732501 0.0862358 0.0675781 0.0740961 0.0720525 0.0596409 0.0000000 0.0727187 0.0755398 0.0604806 0.0723076 0.0789658 0.0773878 0.0730955 0.0651399 0.0670997 0.0862598 0.0899618 0.0888563 0.1222174 0.0599100 0.1996311 
S0028_G5815_R1_A 0.0804014 0.0979105 0.0742141 0.0849551 0.0754907 0.0758810 0.0727187 0.0000000 0.0904168 0.0781739 0.0777400 0.0778277 0.0933175 0.0713531 0.0686626 0.0728561 0.0919326 0.1026512 0.1014764 0.1319595 0.0669253 0.2058070 
S0018_G5815_R1_A 0.0905356 0.1069273 0.0852033 0.0996397 0.0909072 0.0782505 0.0755398 0.0904168 0.0000000 0.0539778 0.0949400 0.0969122 0.0969746 0.0909081 0.0875960 0.0813904 0.1063505 0.1189479 0.1142484 0.1485961 0.0794095 0.2177666 
S0031_G5815_R1_A 0.0818053 0.0918888 0.0709561 0.0795741 0.0794213 0.0624399 0.0604806 0.0781739 0.0539778 0.0000000 0.0805606 0.0864375 0.0810213 0.0721871 0.0745973 0.0649620 0.0919152 0.0996783 0.0998763 0.1327373 0.0670381 0.2001167 
S0002_G5815_R1_A 0.0649575 0.0930749 0.0730519 0.0831423 0.0650506 0.0809838 0.0723076 0.0777400 0.0949400 0.0805606 0.0000000 0.0834270 0.0938953 0.0794251 0.0627806 0.0809680 0.0899473 0.1014987 0.1002390 0.1206270 0.0512525 0.2088732 
S0021_G5815_R1_A 0.0825657 0.0980174 0.0744479 0.0858237 0.0816921 0.0856330 0.0789658 0.0778277 0.0969122 0.0864375 0.0834270 0.0000000 0.0998898 0.0695799 0.0741290 0.0822658 0.0957494 0.1048835 0.1065731 0.1328375 0.0732503 0.2035270 
S0037_G5815_R1_A 0.0956347 0.1058401 0.0877832 0.0971020 0.0917674 0.0848814 0.0773878 0.0933175 0.0969746 0.0810213 0.0938953 0.0998898 0.0000000 0.0917036 0.0867691 0.0901348 0.1087598 0.1102750 0.1090562 0.1467892 0.0829902 0.2234983 
S0026_G5815_R1_A 0.0774879 0.0940842 0.0720187 0.0791759 0.0726299 0.0777371 0.0730955 0.0713531 0.0909081 0.0721871 0.0794251 0.0695799 0.0917036 0.0000000 0.0689775 0.0698851 0.0896019 0.0979729 0.0975241 0.1305682 0.0650509 0.1950686 
S0036_G5815_R1_A 0.0620837 0.0837588 0.0653255 0.0791793 0.0601458 0.0711568 0.0651399 0.0686626 0.0875960 0.0745973 0.0627806 0.0741290 0.0867691 0.0689775 0.0000000 0.0721996 0.0816677 0.0893697 0.0881506 0.1144756 0.0470458 0.1990919 
S0046_G5815_R1_A 0.0808061 0.0963528 0.0707679 0.0841319 0.0734776 0.0730541 0.0670997 0.0728561 0.0813904 0.0649620 0.0809680 0.0822658 0.0901348 0.0698851 0.0721996 0.0000000 0.0903663 0.0988945 0.0977391 0.1259578 0.0690231 0.1994868 
S0017_G5815_R1_A 0.0859807 0.1092920 0.0860981 0.0963544 0.0875577 0.0939238 0.0862598 0.0919326 0.1063505 0.0919152 0.0899473 0.0957494 0.1087598 0.0896019 0.0816677 0.0903663 0.0000000 0.1129813 0.1088307 0.1333741 0.0702540 0.2165158 
S0050_G5815_R1_A 0.1002816 0.1165565 0.0955948 0.0967058 0.1037765 0.1044524 0.0899618 0.1026512 0.1189479 0.0996783 0.1014987 0.1048835 0.1102750 0.0979729 0.0893697 0.0988945 0.1129813 0.0000000 0.0194899 0.1452125 0.0866921 0.2408933 
S0048_G5815_R1_A 0.0983009 0.1184432 0.0957727 0.0955884 0.1031911 0.1032962 0.0888563 0.1014764 0.1142484 0.0998763 0.1002390 0.1065731 0.1090562 0.0975241 0.0881506 0.0977391 0.1088307 0.0194899 0.0000000 0.1431238 0.0867728 0.2329419 
S0012_G5815_R1_A 0.1221847 0.1327460 0.1185808 0.1213634 0.1204059 0.1351689 0.1222174 0.1319595 0.1485961 0.1327373 0.1206270 0.1328375 0.1467892 0.1305682 0.1144756 0.1259578 0.1333741 0.1452125 0.1431238 0.0000000 0.1122593 0.2606217 
S0019_G5815_R1_A 0.0325609 0.0858322 0.0578902 0.0736310 0.0528468 0.0710424 0.0599100 0.0669253 0.0794095 0.0670381 0.0512525 0.0732503 0.0829902 0.0650509 0.0470458 0.0690231 0.0702540 0.0866921 0.0867728 0.1122593 0.0000000 0.1905815 
S0005_G5815_R1_A 0.2056920 0.2348290 0.2050488 0.2120315 0.1986698 0.2010950 0.1996311 0.2058070 0.2177666 0.2001167 0.2088732 0.2035270 0.2234983 0.1950686 0.1990919 0.1994868 0.2165158 0.2408933 0.2329419 0.2606217 0.1905815 0.0000000 
