23
S0037_G5812_R1_A 0.0000000 0.0656389 0.0606145 0.0775196 0.0783352 0.0737131 0.0609157 0.0696191 0.0764022 0.0553179 0.0693658 0.0660214 0.0883110 0.0754657 0.0761516 0.0820715 0.0817390 0.1195003 0.0847583 0.0878654 0.0962771 0.0660301 0.2159461 
S0011_G5812_R1_A 0.0656389 0.0000000 0.0612709 0.0577069 0.0579800 0.0543669 0.0405460 0.0552512 0.0559188 0.0554458 0.0484473 0.0476138 0.0680055 0.0559279 0.0606363 0.0680296 0.0622352 0.1017373 0.0650070 0.0731235 0.0831659 0.0557880 0.1974717 
S0018_G5812_R1_A 0.0606145 0.0612709 0.0000000 0.0710770 0.0719240 0.0705085 0.0566707 0.0674374 0.0692534 0.0317772 0.0634661 0.0640225 0.0823612 0.0689874 0.0689716 0.0805504 0.0749189 0.1176355 0.0790853 0.0830686 0.0903893 0.0638904 0.2082944 
S0026_G5812_R1_A 0.0775196 0.0577069 0.0710770 0.0000000 0.0661331 0.0652751 0.0526882 0.0653127 0.0656142 0.0666088 0.0613279 0.0564058 0.0819384 0.0491419 0.0520607 0.0783636 0.0706197 0.1057285 0.0570172 0.0818097 0.0924254 0.0656456 0.1888361 
S0019_G5812_R1_A 0.0783352 0.0579800 0.0719240 0.0661331 0.0000000 0.0320834 0.0504094 0.0640553 0.0622520 0.0658296 0.0569570 0.0556421 0.0798923 0.0676411 0.0686322 0.0742767 0.0748251 0.1117285 0.0745467 0.0810244 0.0920774 0.0670269 0.1961342 
S0020_G5812_R1_A 0.0737131 0.0543669 0.0705085 0.0652751 0.0320834 0.0000000 0.0475323 0.0595850 0.0608899 0.0628959 0.0545279 0.0541911 0.0780396 0.0630041 0.0672614 0.0750415 0.0745274 0.1064222 0.0753917 0.0790925 0.0863632 0.0619087 0.2011314 
S0036_G5812_R1_A 0.0609157 0.0405460 0.0566707 0.0526882 0.0504094 0.0475323 0.0000000 0.0493022 0.0493880 0.0514767 0.0432624 0.0392025 0.0649682 0.0492849 0.0543251 0.0627413 0.0573568 0.0974195 0.0591371 0.0653813 0.0757002 0.0523618 0.1877106 
S0046_G5812_R1_A 0.0696191 0.0552512 0.0674374 0.0653127 0.0640553 0.0595850 0.0493022 0.0000000 0.0614873 0.0620084 0.0568320 0.0550306 0.0759249 0.0615698 0.0652354 0.0757067 0.0707215 0.1072206 0.0732665 0.0737991 0.0864361 0.0614394 0.2045214 
S0016_G5812_R1_A 0.0764022 0.0559188 0.0692534 0.0656142 0.0622520 0.0608899 0.0493880 0.0614873 0.0000000 0.0633130 0.0563892 0.0572839 0.0812335 0.0650490 0.0700141 0.0744684 0.0722158 0.1085913 0.0740195 0.0784569 0.0901612 0.0594701 0.1907858 
S0031_G5812_R1_A 0.0553179 0.0554458 0.0317772 0.0666088 0.0658296 0.0628959 0.0514767 0.0620084 0.0633130 0.0000000 0.0569848 0.0587166 0.0778051 0.0660683 0.0681901 0.0748654 0.0697604 0.1112301 0.0728528 0.0766853 0.0834542 0.0589633 0.2062893 
S0030_G5812_R1_A 0.0693658 0.0484473 0.0634661 0.0613279 0.0569570 0.0545279 0.0432624 0.0568320 0.0563892 0.0569848 0.0000000 0.0497847 0.0718922 0.0585356 0.0617191 0.0695567 0.0654866 0.1021981 0.0659775 0.0680306 0.0795999 0.0585942 0.1976226 
S0002_G5812_R1_A 0.0660214 0.0476138 0.0640225 0.0564058 0.0556421 0.0541911 0.0392025 0.0550306 0.0572839 0.0587166 0.0497847 0.0000000 0.0730431 0.0550932 0.0578406 0.0695631 0.0664181 0.1057772 0.0647211 0.0735138 0.0825543 0.0599762 0.1943958 
S0017_G5812_R1_A 0.0883110 0.0680055 0.0823612 0.0819384 0.0798923 0.0780396 0.0649682 0.0759249 0.0812335 0.0778051 0.0718922 0.0730431 0.0000000 0.0787509 0.0799983 0.0903001 0.0822699 0.1257128 0.0886664 0.0919592 0.1014949 0.0808277 0.2126215 
S0021_G5812_R1_A 0.0754657 0.0559279 0.0689874 0.0491419 0.0676411 0.0630041 0.0492849 0.0615698 0.0650490 0.0660683 0.0585356 0.0550932 0.0787509 0.0000000 0.0231621 0.0790017 0.0651390 0.1040505 0.0540395 0.0804215 0.0866535 0.0629044 0.1912771 
S0021_G5812_R2_A 0.0761516 0.0606363 0.0689716 0.0520607 0.0686322 0.0672614 0.0543251 0.0652354 0.0700141 0.0681901 0.0617191 0.0578406 0.0799983 0.0231621 0.0000000 0.0808573 0.0700104 0.1074863 0.0608191 0.0840314 0.0903350 0.0655383 0.1943528 
S0013_G5812_R1_A 0.0820715 0.0680296 0.0805504 0.0783636 0.0742767 0.0750415 0.0627413 0.0757067 0.0744684 0.0748654 0.0695567 0.0695631 0.0903001 0.0790017 0.0808573 0.0000000 0.0832427 0.1205981 0.0860522 0.0689018 0.0760030 0.0741167 0.2099203 
S0022_G5812_R1_A 0.0817390 0.0622352 0.0749189 0.0706197 0.0748251 0.0745274 0.0573568 0.0707215 0.0722158 0.0697604 0.0654866 0.0664181 0.0822699 0.0651390 0.0700104 0.0832427 0.0000000 0.1154617 0.0741791 0.0898435 0.1003344 0.0728499 0.2078927 
S0012_G5812_R1_A 0.1195003 0.1017373 0.1176355 0.1057285 0.1117285 0.1064222 0.0974195 0.1072206 0.1085913 0.1112301 0.1021981 0.1057772 0.1257128 0.1040505 0.1074863 0.1205981 0.1154617 0.0000000 0.1134068 0.1216845 0.1306530 0.1079376 0.2371923 
S0028_G5812_R1_A 0.0847583 0.0650070 0.0790853 0.0570172 0.0745467 0.0753917 0.0591371 0.0732665 0.0740195 0.0728528 0.0659775 0.0647211 0.0886664 0.0540395 0.0608191 0.0860522 0.0741791 0.1134068 0.0000000 0.0892258 0.0994342 0.0738314 0.2009539 
S0048_G5812_R1_A 0.0878654 0.0731235 0.0830686 0.0818097 0.0810244 0.0790925 0.0653813 0.0737991 0.0784569 0.0766853 0.0680306 0.0735138 0.0919592 0.0804215 0.0840314 0.0689018 0.0898435 0.1216845 0.0892258 0.0000000 0.0425712 0.0803622 0.2100867 
S0050_G5812_R1_A 0.0962771 0.0831659 0.0903893 0.0924254 0.0920774 0.0863632 0.0757002 0.0864361 0.0901612 0.0834542 0.0795999 0.0825543 0.1014949 0.0866535 0.0903350 0.0760030 0.1003344 0.1306530 0.0994342 0.0425712 0.0000000 0.0877800 0.2171996 
S0004_G5812_R1_A 0.0660301 0.0557880 0.0638904 0.0656456 0.0670269 0.0619087 0.0523618 0.0614394 0.0594701 0.0589633 0.0585942 0.0599762 0.0808277 0.0629044 0.0655383 0.0741167 0.0728499 0.1079376 0.0738314 0.0803622 0.0877800 0.0000000 0.2005123 
S0005_G5812_R1_A 0.2159461 0.1974717 0.2082944 0.1888361 0.1961342 0.2011314 0.1877106 0.2045214 0.1907858 0.2062893 0.1976226 0.1943958 0.2126215 0.1912771 0.1943528 0.2099203 0.2078927 0.2371923 0.2009539 0.2100867 0.2171996 0.2005123 0.0000000 
