23
S0004_G5818_R1_A 0.0000000 0.0554499 0.0534380 0.0609651 0.0540167 0.0500314 0.0456049 0.0829593 0.0593050 0.0631711 0.0624220 0.0577576 0.0653876 0.0455961 0.0672781 0.0789315 0.0763067 0.0837466 0.0945578 0.1455360 0.0894951 0.1723544 0.4805808 
S0018_G5818_R1_A 0.0554499 0.0000000 0.0601838 0.0643194 0.0595892 0.0537885 0.0335694 0.0865448 0.0662221 0.0721305 0.0687680 0.0656307 0.0734352 0.0546951 0.0762677 0.0845007 0.0813501 0.0799408 0.1014636 0.1495192 0.0953217 0.1831938 0.4977944 
S0030_G5818_R1_A 0.0534380 0.0601838 0.0000000 0.0579697 0.0505194 0.0483287 0.0506215 0.0788638 0.0605047 0.0627814 0.0619811 0.0583685 0.0660606 0.0536397 0.0689707 0.0764870 0.0749095 0.0888853 0.0963650 0.1448288 0.0857271 0.1693211 0.4908677 
S0021_G5818_R1_A 0.0609651 0.0643194 0.0579697 0.0000000 0.0537091 0.0482245 0.0576791 0.0787427 0.0579636 0.0632726 0.0614492 0.0597547 0.0655509 0.0577181 0.0675371 0.0796168 0.0758163 0.0899049 0.0978806 0.1176993 0.0888698 0.1627100 0.5102402 
S0019_G5818_R1_A 0.0540167 0.0595892 0.0505194 0.0537091 0.0000000 0.0253036 0.0486057 0.0750281 0.0581658 0.0565884 0.0514337 0.0519791 0.0614749 0.0486593 0.0613183 0.0765040 0.0715007 0.0874854 0.0898224 0.1596828 0.0839871 0.1745676 0.4789880 
S0020_G5818_R1_A 0.0500314 0.0537885 0.0483287 0.0482245 0.0253036 0.0000000 0.0445083 0.0699355 0.0535000 0.0531504 0.0504716 0.0479319 0.0594068 0.0443227 0.0547829 0.0733415 0.0682778 0.0836067 0.0832767 0.1505935 0.0779090 0.1655482 0.4679284 
S0031_G5818_R1_A 0.0456049 0.0335694 0.0506215 0.0576791 0.0486057 0.0445083 0.0000000 0.0767463 0.0596170 0.0655606 0.0615434 0.0552261 0.0643180 0.0409364 0.0641654 0.0789621 0.0777220 0.0694173 0.0946052 0.1614450 0.0845750 0.1775669 0.4871153 
S0013_G5818_R1_A 0.0829593 0.0865448 0.0788638 0.0787427 0.0750281 0.0699355 0.0767463 0.0000000 0.0811383 0.0872149 0.0852254 0.0798076 0.0914602 0.0798060 0.0878002 0.0981763 0.0932362 0.1122949 0.1125171 0.1598360 0.1045102 0.1948813 0.5053406 
S0026_G5818_R1_A 0.0593050 0.0662221 0.0605047 0.0579636 0.0581658 0.0535000 0.0596170 0.0811383 0.0000000 0.0679025 0.0655594 0.0612931 0.0723492 0.0604261 0.0699118 0.0812840 0.0786107 0.0923755 0.0978770 0.1413783 0.0933071 0.1721156 0.4672711 
S0002_G5818_R1_A 0.0631711 0.0721305 0.0627814 0.0632726 0.0565884 0.0531504 0.0655606 0.0872149 0.0679025 0.0000000 0.0577841 0.0557243 0.0661314 0.0644301 0.0706663 0.0830457 0.0792670 0.1009345 0.1042480 0.1496536 0.0888385 0.1846503 0.4855939 
S0011_G5818_R1_A 0.0624220 0.0687680 0.0619811 0.0614492 0.0514337 0.0504716 0.0615434 0.0852254 0.0655594 0.0577841 0.0000000 0.0554423 0.0663512 0.0636106 0.0665752 0.0828748 0.0812136 0.0967097 0.0997216 0.1510607 0.0868112 0.1764051 0.4763153 
S0036_G5818_R1_A 0.0577576 0.0656307 0.0583685 0.0597547 0.0519791 0.0479319 0.0552261 0.0798076 0.0612931 0.0557243 0.0554423 0.0000000 0.0610435 0.0592898 0.0634519 0.0800864 0.0758172 0.0943628 0.0952891 0.1410965 0.0827432 0.1758758 0.4742774 
S0022_G5818_R1_A 0.0653876 0.0734352 0.0660606 0.0655509 0.0614749 0.0594068 0.0643180 0.0914602 0.0723492 0.0661314 0.0663512 0.0610435 0.0000000 0.0629736 0.0635952 0.0849728 0.0816804 0.1042245 0.1047364 0.1506795 0.0955888 0.1801954 0.4924819 
S0016_G5818_R1_A 0.0455961 0.0546951 0.0536397 0.0577181 0.0486593 0.0443227 0.0409364 0.0798060 0.0604261 0.0644301 0.0636106 0.0592898 0.0629736 0.0000000 0.0693341 0.0749102 0.0721821 0.0814534 0.0912195 0.1479707 0.0902043 0.1786977 0.4553005 
S0046_G5818_R1_A 0.0672781 0.0762677 0.0689707 0.0675371 0.0613183 0.0547829 0.0641654 0.0878002 0.0699118 0.0706663 0.0665752 0.0634519 0.0635952 0.0693341 0.0000000 0.0891741 0.0848239 0.0995582 0.1069312 0.1510520 0.0926838 0.1791817 0.4912468 
S0048_G5818_R1_A 0.0789315 0.0845007 0.0764870 0.0796168 0.0765040 0.0733415 0.0789621 0.0981763 0.0812840 0.0830457 0.0828748 0.0800864 0.0849728 0.0749102 0.0891741 0.0000000 0.0150824 0.1112262 0.1114691 0.1612604 0.1021301 0.2018647 0.5190853 
S0050_G5818_R1_A 0.0763067 0.0813501 0.0749095 0.0758163 0.0715007 0.0682778 0.0777220 0.0932362 0.0786107 0.0792670 0.0812136 0.0758172 0.0816804 0.0721821 0.0848239 0.0150824 0.0000000 0.1077857 0.1117088 0.1599093 0.0966719 0.1993616 0.5082408 
S0037_G5818_R1_A 0.0837466 0.0799408 0.0888853 0.0899049 0.0874854 0.0836067 0.0694173 0.1122949 0.0923755 0.1009345 0.0967097 0.0943628 0.1042245 0.0814534 0.0995582 0.1112262 0.1077857 0.0000000 0.1263384 0.1788054 0.1224243 0.2186228 0.5120726 
S0012_G5818_R1_A 0.0945578 0.1014636 0.0963650 0.0978806 0.0898224 0.0832767 0.0946052 0.1125171 0.0978770 0.1042480 0.0997216 0.0952891 0.1047364 0.0912195 0.1069312 0.1114691 0.1117088 0.1263384 0.0000000 0.1879108 0.1263258 0.2117596 0.5414228 
S0021_G5818_R2_A 0.1455360 0.1495192 0.1448288 0.1176993 0.1596828 0.1505935 0.1614450 0.1598360 0.1413783 0.1496536 0.1510607 0.1410965 0.1506795 0.1479707 0.1510520 0.1612604 0.1599093 0.1788054 0.1879108 0.0000000 0.1569508 0.2541886 0.5087354 
S0017_G5818_R1_A 0.0894951 0.0953217 0.0857271 0.0888698 0.0839871 0.0779090 0.0845750 0.1045102 0.0933071 0.0888385 0.0868112 0.0827432 0.0955888 0.0902043 0.0926838 0.1021301 0.0966719 0.1224243 0.1263258 0.1569508 0.0000000 0.2026119 0.4762337 
S0005_G5818_R1_A 0.1723544 0.1831938 0.1693211 0.1627100 0.1745676 0.1655482 0.1775669 0.1948813 0.1721156 0.1846503 0.1764051 0.1758758 0.1801954 0.1786977 0.1791817 0.2018647 0.1993616 0.2186228 0.2117596 0.2541886 0.2026119 0.0000000 0.6339727 
S0028_G5818_R1_A 0.4805808 0.4977944 0.4908677 0.5102402 0.4789880 0.4679284 0.4871153 0.5053406 0.4672711 0.4855939 0.4763153 0.4742774 0.4924819 0.4553005 0.4912468 0.5190853 0.5082408 0.5120726 0.5414228 0.5087354 0.4762337 0.6339727 0.0000000 
