22
S0018_G5816_R1_A 0.0000000 0.0277516 0.0640524 0.0666823 0.0680031 0.0768176 0.0788972 0.0685970 0.0657318 0.0754169 0.0719716 0.0894067 0.0876200 0.1775343 0.0815328 0.0940404 0.0876286 0.0867787 0.1265716 0.0622240 0.0793599 0.1224673 
S0031_G5816_R1_A 0.0277516 0.0000000 0.0512661 0.0584274 0.0607580 0.0672260 0.0720258 0.0602751 0.0569503 0.0702489 0.0662580 0.0799283 0.0765588 0.1739577 0.0739282 0.0879790 0.0822421 0.0807152 0.1191884 0.0566791 0.0698332 0.1161304 
S0037_G5816_R1_A 0.0640524 0.0512661 0.0000000 0.0658056 0.0734834 0.0769691 0.0803516 0.0761218 0.0684133 0.0819209 0.0691651 0.0974035 0.0964209 0.1775912 0.0929873 0.1072527 0.0937331 0.0983166 0.1586011 0.0648880 0.0756038 0.1366701 
S0020_G5816_R1_A 0.0666823 0.0584274 0.0658056 0.0000000 0.0421642 0.0442468 0.0518922 0.0448810 0.0527297 0.0570024 0.0652697 0.0619327 0.0618499 0.1539453 0.0549460 0.0682814 0.0611103 0.0594714 0.1037714 0.0253259 0.0493812 0.0977085 
S0030_G5816_R1_A 0.0680031 0.0607580 0.0734834 0.0421642 0.0000000 0.0517019 0.0551397 0.0449265 0.0533760 0.0522659 0.0659354 0.0678192 0.0645240 0.1535868 0.0599185 0.0690071 0.0628201 0.0633594 0.1044867 0.0395634 0.0546977 0.0979491 
S0036_G5816_R1_A 0.0768176 0.0672260 0.0769691 0.0442468 0.0517019 0.0000000 0.0621667 0.0544257 0.0603218 0.0613803 0.0725758 0.0752469 0.0751443 0.1630673 0.0643846 0.0794454 0.0710352 0.0688557 0.1140961 0.0385893 0.0589771 0.1051294 
S0046_G5816_R1_A 0.0788972 0.0720258 0.0803516 0.0518922 0.0551397 0.0621667 0.0000000 0.0536010 0.0644856 0.0660813 0.0728268 0.0738163 0.0720898 0.1545534 0.0675076 0.0811367 0.0726446 0.0710810 0.1135067 0.0482781 0.0603289 0.1024258 
S0002_G5816_R1_A 0.0685970 0.0602751 0.0761218 0.0448810 0.0449265 0.0544257 0.0536010 0.0000000 0.0544816 0.0593297 0.0676293 0.0728358 0.0718937 0.1504718 0.0554631 0.0694655 0.0644814 0.0640317 0.1077250 0.0387522 0.0494261 0.0998398 
S0016_G5816_R1_A 0.0657318 0.0569503 0.0684133 0.0527297 0.0533760 0.0603218 0.0644856 0.0544816 0.0000000 0.0658212 0.0642491 0.0709279 0.0701315 0.1707471 0.0662420 0.0796606 0.0734647 0.0740939 0.1153177 0.0524022 0.0654413 0.1075572 
S0022_G5816_R1_A 0.0754169 0.0702489 0.0819209 0.0570024 0.0522659 0.0613803 0.0660813 0.0593297 0.0658212 0.0000000 0.0755978 0.0761336 0.0743833 0.1642835 0.0770633 0.0828038 0.0746792 0.0742549 0.1120253 0.0522878 0.0662147 0.1150998 
S0004_G5816_R1_A 0.0719716 0.0662580 0.0691651 0.0652697 0.0659354 0.0725758 0.0728268 0.0676293 0.0642491 0.0755978 0.0000000 0.0786715 0.0761098 0.1757611 0.0782215 0.0918109 0.0850007 0.0863076 0.1244057 0.0711790 0.0813007 0.1214552 
S0048_G5816_R1_A 0.0894067 0.0799283 0.0974035 0.0619327 0.0678192 0.0752469 0.0738163 0.0728358 0.0709279 0.0761336 0.0786715 0.0000000 0.0099972 0.1702624 0.0859404 0.0728922 0.0878970 0.0882020 0.1494889 0.0479192 0.0676060 0.1230669 
S0050_G5816_R1_A 0.0876200 0.0765588 0.0964209 0.0618499 0.0645240 0.0751443 0.0720898 0.0718937 0.0701315 0.0743833 0.0761098 0.0099972 0.0000000 0.1667891 0.0867070 0.0703632 0.0860963 0.0872357 0.1525948 0.0498054 0.0735816 0.1202456 
S0005_G5816_R1_A 0.1775343 0.1739577 0.1775912 0.1539453 0.1535868 0.1630673 0.1545534 0.1504718 0.1707471 0.1642835 0.1757611 0.1702624 0.1667891 0.0000000 0.1695088 0.1845346 0.1628310 0.1586652 0.2137262 0.1437285 0.1435955 0.2176129 
S0011_G5816_R1_A 0.0815328 0.0739282 0.0929873 0.0549460 0.0599185 0.0643846 0.0675076 0.0554631 0.0662420 0.0770633 0.0782215 0.0859404 0.0867070 0.1695088 0.0000000 0.0841877 0.0780507 0.0782122 0.1191958 0.0464126 0.0576605 0.1131537 
S0013_G5816_R1_A 0.0940404 0.0879790 0.1072527 0.0682814 0.0690071 0.0794454 0.0811367 0.0694655 0.0796606 0.0828038 0.0918109 0.0728922 0.0703632 0.1845346 0.0841877 0.0000000 0.0904922 0.0913732 0.1285519 0.0633933 0.0751633 0.1252601 
S0021_G5816_R1_A 0.0876286 0.0822421 0.0937331 0.0611103 0.0628201 0.0710352 0.0726446 0.0644814 0.0734647 0.0746792 0.0850007 0.0878970 0.0860963 0.1628310 0.0780507 0.0904922 0.0000000 0.0312108 0.1169286 0.0566540 0.0653808 0.1208547 
S0021_G5816_R2_A 0.0867787 0.0807152 0.0983166 0.0594714 0.0633594 0.0688557 0.0710810 0.0640317 0.0740939 0.0742549 0.0863076 0.0882020 0.0872357 0.1586652 0.0782122 0.0913732 0.0312108 0.0000000 0.1180945 0.0512383 0.0617171 0.1238754 
S0017_G5816_R1_A 0.1265716 0.1191884 0.1586011 0.1037714 0.1044867 0.1140961 0.1135067 0.1077250 0.1153177 0.1120253 0.1244057 0.1494889 0.1525948 0.2137262 0.1191958 0.1285519 0.1169286 0.1180945 0.0000000 0.0594801 0.0700547 0.1583491 
S0019_G5816_R1_A 0.0622240 0.0566791 0.0648880 0.0253259 0.0395634 0.0385893 0.0482781 0.0387522 0.0524022 0.0522878 0.0711790 0.0479192 0.0498054 0.1437285 0.0464126 0.0633933 0.0566540 0.0512383 0.0594801 0.0000000 0.0542200 0.0838629 
S0028_G5816_R1_A 0.0793599 0.0698332 0.0756038 0.0493812 0.0546977 0.0589771 0.0603289 0.0494261 0.0654413 0.0662147 0.0813007 0.0676060 0.0735816 0.1435955 0.0576605 0.0751633 0.0653808 0.0617171 0.0700547 0.0542200 0.0000000 0.0933943 
S0012_G5816_R1_A 0.1224673 0.1161304 0.1366701 0.0977085 0.0979491 0.1051294 0.1024258 0.0998398 0.1075572 0.1150998 0.1214552 0.1230669 0.1202456 0.2176129 0.1131537 0.1252601 0.1208547 0.1238754 0.1583491 0.0838629 0.0933943 0.0000000 
