22
S0012_G5821_R1_A 0.0000000 0.1208852 0.1270074 0.1144844 0.1364381 0.1297362 0.1298127 0.1232404 0.1331720 0.1374079 0.1240771 0.1358674 0.1465661 0.1351628 0.1509023 0.1352285 0.1189678 0.1235795 0.1480604 0.1267760 0.2500473 0.1211466 
S0028_G5821_R1_A 0.1208852 0.0000000 0.0679045 0.0594282 0.0793550 0.0740477 0.0706516 0.0641609 0.0680173 0.0772512 0.0727151 0.0920083 0.0918433 0.0791139 0.1042696 0.0778682 0.0815432 0.0862304 0.0908875 0.0650919 0.1806864 0.0694662 
S0019_G5821_R1_A 0.1270074 0.0679045 0.0000000 0.0681646 0.0780093 0.0768284 0.0542233 0.0499378 0.0392998 0.0746924 0.0699241 0.1019064 0.1003437 0.0853353 0.1084973 0.0901373 0.0854324 0.0900932 0.0945632 0.0536382 0.2015956 0.0830404 
S0026_G5821_R1_A 0.1144844 0.0594282 0.0681646 0.0000000 0.0755368 0.0680675 0.0685494 0.0642610 0.0688863 0.0721040 0.0662180 0.0904071 0.0917664 0.0760116 0.1005091 0.0761158 0.0759571 0.0819317 0.0878024 0.0652997 0.1784324 0.0644140 
S0004_G5821_R1_A 0.1364381 0.0793550 0.0780093 0.0755368 0.0000000 0.0848773 0.0854337 0.0817689 0.0834357 0.0890538 0.0610614 0.1035071 0.0882402 0.0744189 0.0988277 0.0950214 0.0934670 0.0995265 0.1052783 0.0798974 0.2084870 0.0865233 
S0030_G5821_R1_A 0.1297362 0.0740477 0.0768284 0.0680675 0.0848773 0.0000000 0.0802121 0.0793291 0.0827657 0.0833818 0.0730925 0.0930612 0.0982766 0.0833846 0.1111099 0.0822029 0.0891297 0.0949049 0.0937118 0.0756062 0.1967801 0.0780302 
S0002_G5821_R1_A 0.1298127 0.0706516 0.0542233 0.0685494 0.0854337 0.0802121 0.0000000 0.0518699 0.0536933 0.0746822 0.0723333 0.0988729 0.1005458 0.0842742 0.1106652 0.0838164 0.0835796 0.0876723 0.0976002 0.0516218 0.1869353 0.0790355 
S0011_G5821_R1_A 0.1232404 0.0641609 0.0499378 0.0642610 0.0817689 0.0793291 0.0518699 0.0000000 0.0499598 0.0689670 0.0708940 0.0978793 0.0949061 0.0830238 0.1069355 0.0868590 0.0891241 0.0936954 0.0961609 0.0491393 0.1971217 0.0776636 
S0020_G5821_R1_A 0.1331720 0.0680173 0.0392998 0.0688863 0.0834357 0.0827657 0.0536933 0.0499598 0.0000000 0.0744149 0.0753817 0.1003018 0.1002987 0.0850057 0.1141355 0.0916591 0.0920768 0.0967011 0.0976641 0.0528262 0.1990688 0.0805797 
S0046_G5821_R1_A 0.1374079 0.0772512 0.0746924 0.0721040 0.0890538 0.0833818 0.0746822 0.0689670 0.0744149 0.0000000 0.0789560 0.1029636 0.1023090 0.0849316 0.1128476 0.0902197 0.0932483 0.0992144 0.1001941 0.0713330 0.1877502 0.0821799 
S0016_G5821_R1_A 0.1240771 0.0727151 0.0699241 0.0662180 0.0610614 0.0730925 0.0723333 0.0708940 0.0753817 0.0789560 0.0000000 0.0922989 0.0791464 0.0630406 0.0913337 0.0846560 0.0876841 0.0869602 0.0926705 0.0682523 0.1941336 0.0758417 
S0013_G5821_R1_A 0.1358674 0.0920083 0.1019064 0.0904071 0.1035071 0.0930612 0.0988729 0.0978793 0.1003018 0.1029636 0.0922989 0.0000000 0.1192977 0.1031856 0.1279832 0.1062177 0.0828500 0.0862912 0.1147880 0.0925914 0.2136110 0.0947552 
S0018_G5821_R1_A 0.1465661 0.0918433 0.1003437 0.0917664 0.0882402 0.0982766 0.1005458 0.0949061 0.1002987 0.1023090 0.0791464 0.1192977 0.0000000 0.0491508 0.0893910 0.1060320 0.1084816 0.1109071 0.1191520 0.0938686 0.2166266 0.1018897 
S0031_G5821_R1_A 0.1351628 0.0791139 0.0853353 0.0760116 0.0744189 0.0833846 0.0842742 0.0830238 0.0850057 0.0849316 0.0630406 0.1031856 0.0491508 0.0000000 0.0746892 0.0921806 0.1016530 0.1040568 0.1044340 0.0756936 0.1993498 0.0862066 
S0037_G5821_R1_A 0.1509023 0.1042696 0.1084973 0.1005091 0.0988277 0.1111099 0.1106652 0.1069355 0.1141355 0.1128476 0.0913337 0.1279832 0.0893910 0.0746892 0.0000000 0.1168487 0.1259005 0.1303281 0.1207052 0.1019498 0.2170342 0.1090694 
S0022_G5821_R1_A 0.1352285 0.0778682 0.0901373 0.0761158 0.0950214 0.0822029 0.0838164 0.0868590 0.0916591 0.0902197 0.0846560 0.1062177 0.1060320 0.0921806 0.1168487 0.0000000 0.0956116 0.0998644 0.1023120 0.0826913 0.2022707 0.0866522 
S0048_G5821_R1_A 0.1189678 0.0815432 0.0854324 0.0759571 0.0934670 0.0891297 0.0835796 0.0891241 0.0920768 0.0932483 0.0876841 0.0828500 0.1084816 0.1016530 0.1259005 0.0956116 0.0000000 0.0198464 0.1104384 0.0808751 0.2035294 0.0843309 
S0050_G5821_R1_A 0.1235795 0.0862304 0.0900932 0.0819317 0.0995265 0.0949049 0.0876723 0.0936954 0.0967011 0.0992144 0.0869602 0.0862912 0.1109071 0.1040568 0.1303281 0.0998644 0.0198464 0.0000000 0.1150903 0.0843704 0.2126800 0.0903029 
S0017_G5821_R1_A 0.1480604 0.0908875 0.0945632 0.0878024 0.1052783 0.0937118 0.0976002 0.0961609 0.0976641 0.1001941 0.0926705 0.1147880 0.1191520 0.1044340 0.1207052 0.1023120 0.1104384 0.1150903 0.0000000 0.0926144 0.1918017 0.0961865 
S0036_G5821_R1_A 0.1267760 0.0650919 0.0536382 0.0652997 0.0798974 0.0756062 0.0516218 0.0491393 0.0528262 0.0713330 0.0682523 0.0925914 0.0938686 0.0756936 0.1019498 0.0826913 0.0808751 0.0843704 0.0926144 0.0000000 0.1833301 0.0762018 
S0005_G5821_R1_A 0.2500473 0.1806864 0.2015956 0.1784324 0.2084870 0.1967801 0.1869353 0.1971217 0.1990688 0.1877502 0.1941336 0.2136110 0.2166266 0.1993498 0.2170342 0.2022707 0.2035294 0.2126800 0.1918017 0.1833301 0.0000000 0.1778358 
S0021_G5821_R1_A 0.1211466 0.0694662 0.0830404 0.0644140 0.0865233 0.0780302 0.0790355 0.0776636 0.0805797 0.0821799 0.0758417 0.0947552 0.1018897 0.0862066 0.1090694 0.0866522 0.0843309 0.0903029 0.0961865 0.0762018 0.1778358 0.0000000 
