23
S0018_G5840_R1_A 0.0000000 0.1185841 0.1421981 0.1041575 0.0966840 0.1056519 0.0946647 0.0556500 0.1419022 0.1203033 0.1150539 0.1739474 0.1375127 0.1725838 0.1422397 0.1378765 0.1325050 0.1510894 0.1429370 0.1320294 0.3861115 0.1893924 0.6830946 
S0021_G5840_R1_A 0.1185841 0.0000000 0.1195405 0.0833060 0.0924446 0.1047868 0.0960495 0.1186035 0.1379822 0.1195505 0.0268825 0.1654058 0.1233085 0.1526921 0.1196735 0.1215139 0.1250053 0.1342888 0.1402371 0.1577410 0.3645394 0.1667784 0.3428304 
S0036_G5840_R1_A 0.1421981 0.1195405 0.0000000 0.1044604 0.1060605 0.1209448 0.1124817 0.1245359 0.1323495 0.1048060 0.1211390 0.1823772 0.1479995 0.1476888 0.1050010 0.1395099 0.1187260 0.1429762 0.1243113 0.1459112 0.3685377 0.1615753 0.3541207 
S0028_G5840_R1_A 0.1041575 0.0833060 0.1044604 0.0000000 0.0737049 0.0821951 0.0772147 0.0945827 0.1086786 0.0926088 0.0814331 0.1868870 0.1094363 0.1343941 0.1000497 0.1104729 0.1132378 0.1203229 0.1166847 0.1403282 0.3704728 0.1512938 0.3412102 
S0016_G5840_R1_A 0.0966840 0.0924446 0.1060605 0.0737049 0.0000000 0.0829517 0.0733805 0.0853928 0.0976382 0.0984783 0.0849162 0.1631144 0.1064829 0.1354186 0.1050755 0.1028311 0.1174695 0.1231456 0.1141225 0.1315638 0.3630376 0.1493531 0.3462049 
S0017_G5840_R1_A 0.1056519 0.1047868 0.1209448 0.0821951 0.0829517 0.0000000 0.0847758 0.1069009 0.1235214 0.1057152 0.0977052 0.1842840 0.1226633 0.1551525 0.1182893 0.1181058 0.1318560 0.1333486 0.1221221 0.1437420 0.3851189 0.1637514 0.3515600 
S0011_G5840_R1_A 0.0946647 0.0960495 0.1124817 0.0772147 0.0733805 0.0847758 0.0000000 0.0923245 0.1178544 0.0932556 0.0892440 0.1686849 0.1169521 0.1534925 0.1061192 0.1008835 0.1313928 0.1302041 0.1179489 0.1419151 0.3688850 0.1588984 0.3602037 
S0031_G5840_R1_A 0.0556500 0.1186035 0.1245359 0.0945827 0.0853928 0.1069009 0.0923245 0.0000000 0.1211880 0.1029938 0.1180743 0.1782829 0.1312567 0.1542618 0.1221671 0.1233162 0.1328643 0.1315187 0.1240077 0.1199139 0.3896925 0.1644766 0.3668454 
S0004_G5840_R1_A 0.1419022 0.1379822 0.1323495 0.1086786 0.0976382 0.1235214 0.1178544 0.1211880 0.0000000 0.1293431 0.1278249 0.1933246 0.1415032 0.1633232 0.1246192 0.1433134 0.1401065 0.1438629 0.1380400 0.1565774 0.3801867 0.1783858 0.3630719 
S0002_G5840_R1_A 0.1203033 0.1195505 0.1048060 0.0926088 0.0984783 0.1057152 0.0932556 0.1029938 0.1293431 0.0000000 0.1150690 0.1830968 0.1403542 0.1584933 0.1078548 0.1236180 0.1233922 0.1379947 0.1188024 0.1416027 0.3767151 0.1591554 0.3515042 
S0021_G5840_R2_A 0.1150539 0.0268825 0.1211390 0.0814331 0.0849162 0.0977052 0.0892440 0.1180743 0.1278249 0.1150690 0.0000000 0.1713988 0.1153154 0.1461897 0.1162723 0.1153482 0.1157980 0.1321548 0.1317402 0.1545553 0.3615915 0.1572564 0.3556552 
S0022_G5840_R1_A 0.1739474 0.1654058 0.1823772 0.1868870 0.1631144 0.1842840 0.1686849 0.1782829 0.1933246 0.1830968 0.1713988 0.0000000 0.2022558 0.2256467 0.1925560 0.1879463 0.1828279 0.2281696 0.2186788 0.1927941 0.4151176 0.2478483 0.6176056 
S0048_G5840_R1_A 0.1375127 0.1233085 0.1479995 0.1094363 0.1064829 0.1226633 0.1169521 0.1312567 0.1415032 0.1403542 0.1153154 0.2022558 0.0000000 0.0663194 0.1336234 0.1296617 0.1451072 0.1512679 0.1502022 0.1716316 0.3889199 0.1715401 0.3758969 
S0050_G5840_R1_A 0.1725838 0.1526921 0.1476888 0.1343941 0.1354186 0.1551525 0.1534925 0.1542618 0.1633232 0.1584933 0.1461897 0.2256467 0.0663194 0.0000000 0.1397231 0.1583660 0.1490701 0.1669899 0.1498504 0.1848273 0.3956631 0.1711118 0.3840522 
S0020_G5840_R1_A 0.1422397 0.1196735 0.1050010 0.1000497 0.1050755 0.1182893 0.1061192 0.1221671 0.1246192 0.1078548 0.1162723 0.1925560 0.1336234 0.1397231 0.0000000 0.1306227 0.1297919 0.1293268 0.1058187 0.1407756 0.3769143 0.1512604 0.3318912 
S0013_G5840_R1_A 0.1378765 0.1215139 0.1395099 0.1104729 0.1028311 0.1181058 0.1008835 0.1233162 0.1433134 0.1236180 0.1153482 0.1879463 0.1296617 0.1583660 0.1306227 0.0000000 0.1426168 0.1508867 0.1441457 0.1626725 0.3968750 0.1737542 0.3687111 
S0026_G5840_R1_A 0.1325050 0.1250053 0.1187260 0.1132378 0.1174695 0.1318560 0.1313928 0.1328643 0.1401065 0.1233922 0.1157980 0.1828279 0.1451072 0.1490701 0.1297919 0.1426168 0.0000000 0.1292659 0.1333087 0.1595520 0.3835280 0.1639303 0.3920065 
S0046_G5840_R1_A 0.1510894 0.1342888 0.1429762 0.1203229 0.1231456 0.1333486 0.1302041 0.1315187 0.1438629 0.1379947 0.1321548 0.2281696 0.1512679 0.1669899 0.1293268 0.1508867 0.1292659 0.0000000 0.1321828 0.1565905 0.3932808 0.1677606 0.3702400 
S0019_G5840_R1_A 0.1429370 0.1402371 0.1243113 0.1166847 0.1141225 0.1221221 0.1179489 0.1240077 0.1380400 0.1188024 0.1317402 0.2186788 0.1502022 0.1498504 0.1058187 0.1441457 0.1333087 0.1321828 0.0000000 0.1454660 0.4190140 0.1591080 0.3632811 
S0037_G5840_R1_A 0.1320294 0.1577410 0.1459112 0.1403282 0.1315638 0.1437420 0.1419151 0.1199139 0.1565774 0.1416027 0.1545553 0.1927941 0.1716316 0.1848273 0.1407756 0.1626725 0.1595520 0.1565905 0.1454660 0.0000000 0.4362050 0.1856008 0.4149169 
S0005_G5840_R1_A 0.3861115 0.3645394 0.3685377 0.3704728 0.3630376 0.3851189 0.3688850 0.3896925 0.3801867 0.3767151 0.3615915 0.4151176 0.3889199 0.3956631 0.3769143 0.3968750 0.3835280 0.3932808 0.4190140 0.4362050 0.0000000 0.4126598 0.6986715 
S0012_G5840_R1_A 0.1893924 0.1667784 0.1615753 0.1512938 0.1493531 0.1637514 0.1588984 0.1644766 0.1783858 0.1591554 0.1572564 0.2478483 0.1715401 0.1711118 0.1512604 0.1737542 0.1639303 0.1677606 0.1591080 0.1856008 0.4126598 0.0000000 0.4073225 
S0030_G5840_R1_A 0.6830946 0.3428304 0.3541207 0.3412102 0.3462049 0.3515600 0.3602037 0.3668454 0.3630719 0.3515042 0.3556552 0.6176056 0.3758969 0.3840522 0.3318912 0.3687111 0.3920065 0.3702400 0.3632811 0.4149169 0.6986715 0.4073225 0.0000000 
