22
S0048_G5841_R1_A 0.0000000 0.0182429 0.1508479 0.1153414 0.1079014 0.1053009 0.1189367 0.1130552 0.1101030 0.1076058 0.1088085 0.1020463 0.1028435 0.1080035 0.1165585 0.1479945 0.1591354 0.1163885 0.0993496 0.1243511 0.1084538 0.3402696 
S0050_G5841_R1_A 0.0182429 0.0000000 0.1548518 0.1171549 0.1115592 0.1082759 0.1193688 0.1141626 0.1118859 0.1074607 0.1087369 0.1026576 0.1034587 0.1086238 0.1184882 0.1484197 0.1631348 0.1229747 0.1017098 0.1257816 0.1090344 0.3476739 
S0012_G5841_R1_A 0.1508479 0.1548518 0.0000000 0.1272041 0.1259784 0.1318276 0.1300821 0.1277336 0.1213968 0.1268158 0.1293576 0.1154522 0.1237035 0.1160073 0.1327743 0.1488252 0.1714386 0.1401688 0.1153105 0.1335831 0.1252460 0.3490398 
S0031_G5841_R1_A 0.1153414 0.1171549 0.1272041 0.0000000 0.0862434 0.0825807 0.0729239 0.0929172 0.0888287 0.0809843 0.0766928 0.0755321 0.0804093 0.0841550 0.0954728 0.0942422 0.1423622 0.0916251 0.0745422 0.0500492 0.0884525 0.3091503 
S0011_G5841_R1_A 0.1079014 0.1115592 0.1259784 0.0862434 0.0000000 0.0767198 0.0943955 0.0851015 0.0781366 0.0800087 0.0860411 0.0701819 0.0735017 0.0793960 0.0838698 0.1221919 0.1319267 0.0925988 0.0698036 0.0843997 0.0829842 0.3214297 
S0036_G5841_R1_A 0.1053009 0.1082759 0.1318276 0.0825807 0.0767198 0.0000000 0.0890267 0.0902105 0.0826378 0.0810112 0.0835277 0.0664150 0.0697635 0.0810299 0.0861712 0.1211190 0.1322905 0.0876196 0.0733034 0.0897052 0.0729278 0.3152293 
S0004_G5841_R1_A 0.1189367 0.1193688 0.1300821 0.0729239 0.0943955 0.0890267 0.0000000 0.0935241 0.0892655 0.0875020 0.0807947 0.0816102 0.0819745 0.0896916 0.0984688 0.1079574 0.1439163 0.0923471 0.0793154 0.0730470 0.0878942 0.3117433 
S0046_G5841_R1_A 0.1130552 0.1141626 0.1277336 0.0929172 0.0851015 0.0902105 0.0935241 0.0000000 0.0800472 0.0833976 0.0927408 0.0757499 0.0854537 0.0805538 0.0867057 0.1233348 0.1345856 0.0962616 0.0690996 0.0988525 0.0928020 0.3129258 
S0028_G5841_R1_A 0.1101030 0.1118859 0.1213968 0.0888287 0.0781366 0.0826378 0.0892655 0.0800472 0.0000000 0.0817642 0.0849055 0.0727375 0.0762203 0.0813266 0.0845751 0.1250294 0.1359131 0.0879633 0.0628415 0.0911858 0.0779203 0.3062668 
S0022_G5841_R1_A 0.1076058 0.1074607 0.1268158 0.0809843 0.0800087 0.0810112 0.0875020 0.0833976 0.0817642 0.0000000 0.0843351 0.0754330 0.0797843 0.0779964 0.0893766 0.1163762 0.1367837 0.0879023 0.0727736 0.0806130 0.0794694 0.3146165 
S0016_G5841_R1_A 0.1088085 0.1087369 0.1293576 0.0766928 0.0860411 0.0835277 0.0807947 0.0927408 0.0849055 0.0843351 0.0000000 0.0764074 0.0792933 0.0845520 0.0923112 0.1081909 0.1475729 0.1034186 0.0803125 0.0777650 0.0788679 0.3098744 
S0020_G5841_R1_A 0.1020463 0.1026576 0.1154522 0.0755321 0.0701819 0.0664150 0.0816102 0.0757499 0.0727375 0.0754330 0.0764074 0.0000000 0.0619212 0.0704707 0.0793081 0.1053770 0.1291928 0.0885894 0.0710750 0.0797172 0.0837152 0.2961080 
S0019_G5841_R1_A 0.1028435 0.1034587 0.1237035 0.0804093 0.0735017 0.0697635 0.0819745 0.0854537 0.0762203 0.0797843 0.0792933 0.0619212 0.0000000 0.0801514 0.0843396 0.1116137 0.1380845 0.0831966 0.0675830 0.0803897 0.0768818 0.3133041 
S0030_G5841_R1_A 0.1080035 0.1086238 0.1160073 0.0841550 0.0793960 0.0810299 0.0896916 0.0805538 0.0813266 0.0779964 0.0845520 0.0704707 0.0801514 0.0000000 0.0830062 0.1200442 0.1287054 0.0933264 0.0729331 0.0896932 0.0865625 0.3132842 
S0021_G5841_R1_A 0.1165585 0.1184882 0.1327743 0.0954728 0.0838698 0.0861712 0.0984688 0.0867057 0.0845751 0.0893766 0.0923112 0.0793081 0.0843396 0.0830062 0.0000000 0.1278365 0.1324619 0.1001785 0.0794707 0.1006830 0.0920753 0.3211110 
S0037_G5841_R1_A 0.1479945 0.1484197 0.1488252 0.0942422 0.1221919 0.1211190 0.1079574 0.1233348 0.1250294 0.1163762 0.1081909 0.1053770 0.1116137 0.1200442 0.1278365 0.0000000 0.1657066 0.1349325 0.1111987 0.1050806 0.1034341 0.3062162 
S0013_G5841_R1_A 0.1591354 0.1631348 0.1714386 0.1423622 0.1319267 0.1322905 0.1439163 0.1345856 0.1359131 0.1367837 0.1475729 0.1291928 0.1380845 0.1287054 0.1324619 0.1657066 0.0000000 0.1454341 0.1290300 0.1412604 0.1378657 0.3384493 
S0017_G5841_R1_A 0.1163885 0.1229747 0.1401688 0.0916251 0.0925988 0.0876196 0.0923471 0.0962616 0.0879633 0.0879023 0.1034186 0.0885894 0.0831966 0.0933264 0.1001785 0.1349325 0.1454341 0.0000000 0.0803736 0.1030421 0.0992737 0.3149203 
S0026_G5841_R1_A 0.0993496 0.1017098 0.1153105 0.0745422 0.0698036 0.0733034 0.0793154 0.0690996 0.0628415 0.0727736 0.0803125 0.0710750 0.0675830 0.0729331 0.0794707 0.1111987 0.1290300 0.0803736 0.0000000 0.0796510 0.0802681 0.2950555 
S0018_G5841_R1_A 0.1243511 0.1257816 0.1335831 0.0500492 0.0843997 0.0897052 0.0730470 0.0988525 0.0911858 0.0806130 0.0777650 0.0797172 0.0803897 0.0896932 0.1006830 0.1050806 0.1412604 0.1030421 0.0796510 0.0000000 0.0892076 0.3062298 
S0002_G5841_R1_A 0.1084538 0.1090344 0.1252460 0.0884525 0.0829842 0.0729278 0.0878942 0.0928020 0.0779203 0.0794694 0.0788679 0.0837152 0.0768818 0.0865625 0.0920753 0.1034341 0.1378657 0.0992737 0.0802681 0.0892076 0.0000000 0.3010338 
S0005_G5841_R1_A 0.3402696 0.3476739 0.3490398 0.3091503 0.3214297 0.3152293 0.3117433 0.3129258 0.3062668 0.3146165 0.3098744 0.2961080 0.3133041 0.3132842 0.3211110 0.3062162 0.3384493 0.3149203 0.2950555 0.3062298 0.3010338 0.0000000 
