23
S0017_G5849_R1_A 0.0000000 0.1039329 0.1020028 0.0967334 0.1113767 0.0998814 0.0891747 0.0883168 0.1108640 0.0839158 0.1081535 0.1059641 0.0986144 0.1046604 0.1020795 0.1148589 0.1141284 0.1177463 0.1150524 0.1081824 0.0834616 0.1706454 0.2610353 
S0020_G5849_R1_A 0.1039329 0.0000000 0.0770622 0.0839529 0.0679030 0.0481301 0.0983471 0.0974490 0.1193339 0.0876251 0.0922218 0.0880849 0.1076565 0.1137056 0.1122568 0.1232476 0.1223791 0.1233387 0.0703725 0.0634253 0.0964611 0.1654859 0.2477297 
S0028_G5849_R1_A 0.1020028 0.0770622 0.0000000 0.0717479 0.0861494 0.0661660 0.0982682 0.0908473 0.1138650 0.0912401 0.0886458 0.0863503 0.0981563 0.1068354 0.1083416 0.1213095 0.1181187 0.1219464 0.0857901 0.0725038 0.0906294 0.1671561 0.2341982 
S0026_G5849_R1_A 0.0967334 0.0839529 0.0717479 0.0000000 0.0947470 0.0723148 0.0831841 0.0818604 0.1035255 0.0833982 0.0759493 0.0722915 0.0917375 0.1017454 0.1025565 0.1121797 0.1113790 0.1154311 0.0902994 0.0819348 0.0827041 0.1567635 0.2360380 
S0002_G5849_R1_A 0.1113767 0.0679030 0.0861494 0.0947470 0.0000000 0.0674243 0.1095371 0.1060641 0.1253598 0.0970354 0.1051153 0.0988840 0.1168250 0.1129851 0.1208636 0.1350674 0.1329317 0.1361441 0.0757410 0.0691518 0.1022023 0.1842771 0.2575619 
S0019_G5849_R1_A 0.0998814 0.0481301 0.0661660 0.0723148 0.0674243 0.0000000 0.0932960 0.0870680 0.1050378 0.0863112 0.0835636 0.0820701 0.0962407 0.1100053 0.0999107 0.1227156 0.1198972 0.1169688 0.0623686 0.0571528 0.0911846 0.1650861 0.2285225 
S0004_G5849_R1_A 0.0891747 0.0983471 0.0982682 0.0831841 0.1095371 0.0932960 0.0000000 0.0618268 0.0834810 0.0621359 0.0978590 0.0919775 0.0848068 0.0970252 0.0925919 0.1105800 0.1091919 0.0930176 0.1108125 0.1019928 0.0773707 0.1595606 0.2481370 
S0016_G5849_R1_A 0.0883168 0.0974490 0.0908473 0.0818604 0.1060641 0.0870680 0.0618268 0.0000000 0.0781206 0.0556748 0.0935403 0.0899427 0.0824456 0.0945603 0.0864176 0.1066640 0.1046742 0.0874977 0.1049236 0.0981126 0.0687942 0.1552586 0.2480015 
S0018_G5849_R1_A 0.1108640 0.1193339 0.1138650 0.1035255 0.1253598 0.1050378 0.0834810 0.0781206 0.0000000 0.0508165 0.1119902 0.1110344 0.1020271 0.1118971 0.1116734 0.1284390 0.1256212 0.0894376 0.1234880 0.1166740 0.0955005 0.1828516 0.2598967 
S0031_G5849_R1_A 0.0839158 0.0876251 0.0912401 0.0833982 0.0970354 0.0863112 0.0621359 0.0556748 0.0508165 0.0000000 0.0909293 0.0892419 0.0827658 0.0895789 0.0868543 0.1017383 0.0990804 0.0713000 0.1031234 0.0949600 0.0704759 0.1595225 0.2463442 
S0021_G5849_R1_A 0.1081535 0.0922218 0.0886458 0.0759493 0.1051153 0.0835636 0.0978590 0.0935403 0.1119902 0.0909293 0.0000000 0.0369908 0.1078847 0.1113039 0.1106722 0.1184117 0.1162663 0.1201534 0.0973217 0.0917801 0.0975792 0.1718847 0.2423617 
S0021_G5849_R2_A 0.1059641 0.0880849 0.0863503 0.0722915 0.0988840 0.0820701 0.0919775 0.0899427 0.1110344 0.0892419 0.0369908 0.0000000 0.1008659 0.1078381 0.1066234 0.1147566 0.1140701 0.1215929 0.0912863 0.0875072 0.0955857 0.1680801 0.2417331 
S0046_G5849_R1_A 0.0986144 0.1076565 0.0981563 0.0917375 0.1168250 0.0962407 0.0848068 0.0824456 0.1020271 0.0827658 0.1078847 0.1008659 0.0000000 0.1055651 0.0976902 0.1187313 0.1179996 0.1126243 0.1171124 0.1035008 0.0815630 0.1687120 0.2519829 
S0013_G5849_R1_A 0.1046604 0.1137056 0.1068354 0.1017454 0.1129851 0.1100053 0.0970252 0.0945603 0.1118971 0.0895789 0.1113039 0.1078381 0.1055651 0.0000000 0.1110377 0.1122299 0.1115124 0.1238144 0.1226756 0.1134362 0.0960018 0.1707919 0.2671984 
S0022_G5849_R1_A 0.1020795 0.1122568 0.1083416 0.1025565 0.1208636 0.0999107 0.0925919 0.0864176 0.1116734 0.0868543 0.1106722 0.1066234 0.0976902 0.1110377 0.0000000 0.1180397 0.1160024 0.1152910 0.1165086 0.1094294 0.0937550 0.1723173 0.2706128 
S0048_G5849_R1_A 0.1148589 0.1232476 0.1213095 0.1121797 0.1350674 0.1227156 0.1105800 0.1066640 0.1284390 0.1017383 0.1184117 0.1147566 0.1187313 0.1122299 0.1180397 0.0000000 0.0110650 0.1346611 0.1378628 0.1265738 0.1079312 0.1820325 0.2743919 
S0050_G5849_R1_A 0.1141284 0.1223791 0.1181187 0.1113790 0.1329317 0.1198972 0.1091919 0.1046742 0.1256212 0.0990804 0.1162663 0.1140701 0.1179996 0.1115124 0.1160024 0.0110650 0.0000000 0.1331817 0.1363353 0.1244376 0.1064595 0.1813073 0.2708758 
S0037_G5849_R1_A 0.1177463 0.1233387 0.1219464 0.1154311 0.1361441 0.1169688 0.0930176 0.0874977 0.0894376 0.0713000 0.1201534 0.1215929 0.1126243 0.1238144 0.1152910 0.1346611 0.1331817 0.0000000 0.1372756 0.1312985 0.0953543 0.1880379 0.2678680 
S0011_G5849_R1_A 0.1150524 0.0703725 0.0857901 0.0902994 0.0757410 0.0623686 0.1108125 0.1049236 0.1234880 0.1031234 0.0973217 0.0912863 0.1171124 0.1226756 0.1165086 0.1378628 0.1363353 0.1372756 0.0000000 0.0717303 0.1075264 0.1821194 0.2585922 
S0036_G5849_R1_A 0.1081824 0.0634253 0.0725038 0.0819348 0.0691518 0.0571528 0.1019928 0.0981126 0.1166740 0.0949600 0.0917801 0.0875072 0.1035008 0.1134362 0.1094294 0.1265738 0.1244376 0.1312985 0.0717303 0.0000000 0.0966171 0.1738457 0.2413535 
S0030_G5849_R1_A 0.0834616 0.0964611 0.0906294 0.0827041 0.1022023 0.0911846 0.0773707 0.0687942 0.0955005 0.0704759 0.0975792 0.0955857 0.0815630 0.0960018 0.0937550 0.1079312 0.1064595 0.0953543 0.1075264 0.0966171 0.0000000 0.1556230 0.2499480 
S0012_G5849_R1_A 0.1706454 0.1654859 0.1671561 0.1567635 0.1842771 0.1650861 0.1595606 0.1552586 0.1828516 0.1595225 0.1718847 0.1680801 0.1687120 0.1707919 0.1723173 0.1820325 0.1813073 0.1880379 0.1821194 0.1738457 0.1556230 0.0000000 0.3352729 
S0005_G5849_R1_A 0.2610353 0.2477297 0.2341982 0.2360380 0.2575619 0.2285225 0.2481370 0.2480015 0.2598967 0.2463442 0.2423617 0.2417331 0.2519829 0.2671984 0.2706128 0.2743919 0.2708758 0.2678680 0.2585922 0.2413535 0.2499480 0.3352729 0.0000000 
