26
S0016_G5853_R1_A 0.0000000 0.0586901 0.0725132 0.0625549 0.0892857 0.0756976 0.0830322 0.0645220 0.0649787 0.0636576 0.0728794 0.0729033 0.0764424 0.0697637 0.0788609 0.0751970 0.6195685 0.5636710 0.5780522 0.5706797 0.2122351 0.0964533 0.0932525 0.0893344 0.1008488 0.1306727 
S0004_G5853_R1_A 0.0586901 0.0000000 0.0753568 0.0655553 0.0909848 0.0737967 0.0828306 0.0652438 0.0705077 0.0692606 0.0784118 0.0752168 0.0788881 0.0714293 0.0806203 0.0846854 0.6295206 0.5690121 0.5829676 0.5770416 0.2096913 0.0923960 0.0886717 0.0906441 0.0979624 0.1336193 
S0018_G5853_R1_A 0.0725132 0.0753568 0.0000000 0.0456080 0.1045504 0.0930418 0.0989831 0.0783231 0.0818799 0.0811063 0.0907064 0.0874429 0.0943653 0.0849979 0.0929640 0.0942829 0.6670548 0.5935246 0.6228380 0.6150577 0.2336675 0.1083560 0.1039434 0.0816962 0.1159378 0.1537122 
S0031_G5853_R1_A 0.0625549 0.0655553 0.0456080 0.0000000 0.0925782 0.0835136 0.0889366 0.0699632 0.0706331 0.0715683 0.0800030 0.0771491 0.0838472 0.0760486 0.0834844 0.0824090 0.6286441 0.5466919 0.5749999 0.5657468 0.2211157 0.0990157 0.0962297 0.0711126 0.1020443 0.1426586 
S0013_G5853_R1_A 0.0892857 0.0909848 0.1045504 0.0925782 0.0000000 0.0891223 0.0950696 0.0736174 0.0762614 0.0766996 0.0859445 0.0825117 0.0885852 0.0897554 0.0912831 0.0859031 0.6234340 0.5788275 0.5912958 0.5869311 0.2408982 0.0887626 0.0838005 0.1216902 0.1073092 0.1439459 
S0021_G5853_R1_A 0.0756976 0.0737967 0.0930418 0.0835136 0.0891223 0.0000000 0.0237215 0.0639952 0.0663591 0.0661784 0.0776562 0.0715542 0.0615438 0.0588737 0.0823403 0.0778762 0.6090336 0.5466564 0.5670995 0.5628364 0.2186279 0.0994524 0.0960034 0.1072931 0.1033281 0.1363674 
S0021_G5853_R2_A 0.0830322 0.0828306 0.0989831 0.0889366 0.0950696 0.0237215 0.0000000 0.0674027 0.0685825 0.0675870 0.0821600 0.0740577 0.0635943 0.0662011 0.0864127 0.0805535 0.6221220 0.5545048 0.5742241 0.5699319 0.2223794 0.1047316 0.1016928 0.1152159 0.1088871 0.1372588 
S0019_G5853_R1_A 0.0645220 0.0652438 0.0783231 0.0699632 0.0736174 0.0639952 0.0674027 0.0000000 0.0463036 0.0469855 0.0590562 0.0624815 0.0627285 0.0567468 0.0618467 0.0657722 0.6170923 0.5557936 0.5694471 0.5665082 0.1978379 0.0838684 0.0797579 0.0924450 0.0879176 0.1214406 
S0002_G5853_R1_A 0.0649787 0.0705077 0.0818799 0.0706331 0.0762614 0.0663591 0.0685825 0.0463036 0.0000000 0.0435625 0.0554281 0.0558367 0.0628807 0.0606326 0.0648801 0.0616483 0.6125863 0.5545154 0.5778868 0.5735600 0.2125450 0.0853964 0.0820096 0.0986896 0.0833792 0.1250804 
S0036_G5853_R1_A 0.0636576 0.0692606 0.0811063 0.0715683 0.0766996 0.0661784 0.0675870 0.0469855 0.0435625 0.0000000 0.0583243 0.0619488 0.0650470 0.0639563 0.0653165 0.0652521 0.6317384 0.5659053 0.5810946 0.5756597 0.2173100 0.0846305 0.0812214 0.0984351 0.0827698 0.1210356 
S0011_G5853_R1_A 0.0728794 0.0784118 0.0907064 0.0800030 0.0859445 0.0776562 0.0821600 0.0590562 0.0554281 0.0583243 0.0000000 0.0726361 0.0726626 0.0695665 0.0709859 0.0785842 0.6391386 0.5705337 0.5967781 0.5879138 0.2292403 0.0959004 0.0952022 0.1044227 0.0989116 0.1360708 
S0030_G5853_R1_A 0.0729033 0.0752168 0.0874429 0.0771491 0.0825117 0.0715542 0.0740577 0.0624815 0.0558367 0.0619488 0.0726361 0.0000000 0.0646767 0.0667519 0.0757092 0.0618566 0.6329059 0.5632912 0.5865308 0.5821766 0.2203442 0.0923153 0.0889280 0.1041895 0.0909086 0.1301655 
S0026_G5853_R1_A 0.0764424 0.0788881 0.0943653 0.0838472 0.0885852 0.0615438 0.0635943 0.0627285 0.0628807 0.0650470 0.0726626 0.0646767 0.0000000 0.0574884 0.0794749 0.0762021 0.6132455 0.5496754 0.5646863 0.5603998 0.2225713 0.0965132 0.0930437 0.1106464 0.0987333 0.1328402 
S0028_G5853_R1_A 0.0697637 0.0714293 0.0849979 0.0760486 0.0897554 0.0588737 0.0662011 0.0567468 0.0606326 0.0639563 0.0695665 0.0667519 0.0574884 0.0000000 0.0737018 0.0777129 0.6203399 0.5565303 0.5759642 0.5716403 0.2200692 0.0981116 0.0962842 0.1036883 0.0954620 0.1355649 
S0046_G5853_R1_A 0.0788609 0.0806203 0.0929640 0.0834844 0.0912831 0.0823403 0.0864127 0.0618467 0.0648801 0.0653165 0.0709859 0.0757092 0.0794749 0.0737018 0.0000000 0.0820032 0.6317179 0.5688113 0.5818457 0.5745163 0.2333549 0.1020520 0.0974254 0.1103507 0.1057115 0.1370587 
S0022_G5853_R1_A 0.0751970 0.0846854 0.0942829 0.0824090 0.0859031 0.0778762 0.0805535 0.0657722 0.0616483 0.0652521 0.0785842 0.0618566 0.0762021 0.0777129 0.0820032 0.0000000 0.6228521 0.5612053 0.5772164 0.5640934 0.2227359 0.1035252 0.0977567 0.1125218 0.0984426 0.1308487 
S0021_G5853_R4_A 0.6195685 0.6295206 0.6670548 0.6286441 0.6234340 0.6090336 0.6221220 0.6170923 0.6125863 0.6317384 0.6391386 0.6329059 0.6132455 0.6203399 0.6317179 0.6228521 0.0000000 0.0566539 0.0839991 0.0847640 0.6542703 0.6351413 0.6274278 0.6827395 0.6273618 0.6682754 
S0021_G5853_R3_A 0.5636710 0.5690121 0.5935246 0.5466919 0.5788275 0.5466564 0.5545048 0.5557936 0.5545154 0.5659053 0.5705337 0.5632912 0.5496754 0.5565303 0.5688113 0.5612053 0.0566539 0.0000000 0.0893480 0.0894569 0.5873983 0.5755596 0.5680079 0.6080653 0.5667760 0.6077531 
S0020_G5853_R2_A 0.5780522 0.5829676 0.6228380 0.5749999 0.5912958 0.5670995 0.5742241 0.5694471 0.5778868 0.5810946 0.5967781 0.5865308 0.5646863 0.5759642 0.5818457 0.5772164 0.0839991 0.0893480 0.0000000 0.0096069 0.6127987 0.6044707 0.5905842 0.6374953 0.5747932 0.6202805 
S0020_G5853_R3_A 0.5706797 0.5770416 0.6150577 0.5657468 0.5869311 0.5628364 0.5699319 0.5665082 0.5735600 0.5756597 0.5879138 0.5821766 0.5603998 0.5716403 0.5745163 0.5640934 0.0847640 0.0894569 0.0096069 0.0000000 0.6176070 0.5983768 0.5845854 0.6336651 0.5703111 0.6141635 
S0005_G5853_R1_A 0.2122351 0.2096913 0.2336675 0.2211157 0.2408982 0.2186279 0.2223794 0.1978379 0.2125450 0.2173100 0.2292403 0.2203442 0.2225713 0.2200692 0.2333549 0.2227359 0.6542703 0.5873983 0.6127987 0.6176070 0.0000000 0.2443607 0.2365763 0.2542749 0.2334699 0.2777184 
S0048_G5853_R1_A 0.0964533 0.0923960 0.1083560 0.0990157 0.0887626 0.0994524 0.1047316 0.0838684 0.0853964 0.0846305 0.0959004 0.0923153 0.0965132 0.0981116 0.1020520 0.1035252 0.6351413 0.5755596 0.6044707 0.5983768 0.2443607 0.0000000 0.0182398 0.1273845 0.1174883 0.1537617 
S0050_G5853_R1_A 0.0932525 0.0886717 0.1039434 0.0962297 0.0838005 0.0960034 0.1016928 0.0797579 0.0820096 0.0812214 0.0952022 0.0889280 0.0930437 0.0962842 0.0974254 0.0977567 0.6274278 0.5680079 0.5905842 0.5845854 0.2365763 0.0182398 0.0000000 0.1243889 0.1128338 0.1501223 
S0037_G5853_R1_A 0.0893344 0.0906441 0.0816962 0.0711126 0.1216902 0.1072931 0.1152159 0.0924450 0.0986896 0.0984351 0.1044227 0.1041895 0.1106464 0.1036883 0.1103507 0.1125218 0.6827395 0.6080653 0.6374953 0.6336651 0.2542749 0.1273845 0.1243889 0.0000000 0.1303489 0.1691566 
S0017_G5853_R1_A 0.1008488 0.0979624 0.1159378 0.1020443 0.1073092 0.1033281 0.1088871 0.0879176 0.0833792 0.0827698 0.0989116 0.0909086 0.0987333 0.0954620 0.1057115 0.0984426 0.6273618 0.5667760 0.5747932 0.5703111 0.2334699 0.1174883 0.1128338 0.1303489 0.0000000 0.1533854 
S0012_G5853_R1_A 0.1306727 0.1336193 0.1537122 0.1426586 0.1439459 0.1363674 0.1372588 0.1214406 0.1250804 0.1210356 0.1360708 0.1301655 0.1328402 0.1355649 0.1370587 0.1308487 0.6682754 0.6077531 0.6202805 0.6141635 0.2777184 0.1537617 0.1501223 0.1691566 0.1533854 0.0000000 
