24
S0005_G5857_R2_A 0.0000000 0.7284327 0.6784462 0.6875328 0.6937353 0.6692695 0.6757288 0.6879123 0.9712957 0.6980288 0.6345024 0.6626040 0.8402132 0.7034201 0.7093771 0.6595951 0.6293436 0.7081742 0.7536959 0.7123302 0.6659490 0.7043486 0.7240885 0.9512438 
S0050_G5857_R1_A 0.7284327 0.0000000 0.1271589 0.1163436 0.1225679 0.1100871 0.1209110 0.1318642 0.2378326 0.1150789 0.1132735 0.1273623 0.3139109 0.1147087 0.1229449 0.1111432 0.1071062 0.1280247 0.1592899 0.1197959 0.1167780 0.1295879 0.1140089 0.2418076 
S0046_G5857_R1_A 0.6784462 0.1271589 0.0000000 0.0858562 0.0920073 0.0827024 0.0868872 0.0992944 0.2507951 0.0986245 0.0863893 0.1051734 0.2601369 0.0923433 0.0995911 0.0843782 0.0828928 0.1052166 0.1489011 0.1051452 0.0887281 0.1070311 0.1263732 0.2812938 
S0011_G5857_R1_A 0.6875328 0.1163436 0.0858562 0.0000000 0.0800969 0.0708244 0.0740202 0.0794699 0.2426259 0.0866353 0.0697071 0.0843952 0.2670656 0.0773414 0.0880104 0.0689653 0.0695070 0.0867863 0.1351950 0.0879277 0.0600666 0.0950341 0.1210844 0.2697355 
S0026_G5857_R1_A 0.6937353 0.1225679 0.0920073 0.0800969 0.0000000 0.0690155 0.0746630 0.0856244 0.2465750 0.0865052 0.0603408 0.0764842 0.2592685 0.0775084 0.0833484 0.0746525 0.0751421 0.0932927 0.1443941 0.1088280 0.0700933 0.1043298 0.1255538 0.2794135 
S0028_G5857_R1_A 0.6692695 0.1100871 0.0827024 0.0708244 0.0690155 0.0000000 0.0692856 0.0774483 0.2328269 0.0787306 0.0581944 0.0740905 0.2488888 0.0699170 0.0743885 0.0697442 0.0685507 0.0861809 0.1388429 0.0987657 0.0678151 0.0930426 0.1125108 0.2768452 
S0031_G5857_R1_A 0.6757288 0.1209110 0.0868872 0.0740202 0.0746630 0.0692856 0.0000000 0.0718042 0.2464779 0.0821284 0.0679207 0.0836384 0.2552613 0.0605433 0.0729078 0.0683991 0.0689435 0.0380986 0.1194201 0.1066987 0.0684514 0.0974650 0.1257793 0.2718356 
S0020_G5857_R1_A 0.6879123 0.1318642 0.0992944 0.0794699 0.0856244 0.0774483 0.0718042 0.0000000 0.2604702 0.0897108 0.0770953 0.0952570 0.2664760 0.0798762 0.0861897 0.0812803 0.0742759 0.0951741 0.1434877 0.1049408 0.0670189 0.1047500 0.1322617 0.2849248 
S0012_G5857_R1_A 0.9712957 0.2378326 0.2507951 0.2426259 0.2465750 0.2328269 0.2464779 0.2604702 0.0000000 0.2365181 0.2396871 0.2581158 0.4332317 0.2368077 0.2386617 0.2347754 0.2210011 0.2628037 0.2996398 0.2365911 0.2484492 0.2630938 0.2751996 0.4637349 
S0022_G5857_R1_A 0.6980288 0.1150789 0.0986245 0.0866353 0.0865052 0.0787306 0.0821284 0.0897108 0.2365181 0.0000000 0.0745653 0.0938649 0.2689557 0.0814034 0.0859342 0.0777271 0.0811148 0.0974675 0.1408748 0.1085177 0.0800349 0.1030643 0.1210048 0.2784062 
S0021_G5857_R1_A 0.6345024 0.1132735 0.0863893 0.0697071 0.0603408 0.0581944 0.0679207 0.0770953 0.2396871 0.0745653 0.0000000 0.0380276 0.2545401 0.0659486 0.0763959 0.0652920 0.0650268 0.0843576 0.1404984 0.1017237 0.0636745 0.0913214 0.1180311 0.2802553 
S0021_G5857_R2_A 0.6626040 0.1273623 0.1051734 0.0843952 0.0764842 0.0740905 0.0836384 0.0952570 0.2581158 0.0938649 0.0380276 0.0000000 0.2843295 0.0821259 0.0902284 0.0757554 0.0832301 0.0996736 0.1541985 0.1165877 0.0743762 0.1071348 0.1370044 0.2856468 
S0005_G5857_R1_A 0.8402132 0.3139109 0.2601369 0.2670656 0.2592685 0.2488888 0.2552613 0.2664760 0.4332317 0.2689557 0.2545401 0.2843295 0.0000000 0.2599516 0.2632232 0.2475225 0.2538442 0.2723019 0.3051635 0.2788177 0.2492259 0.2795553 0.3024842 0.5295331 
S0004_G5857_R1_A 0.7034201 0.1147087 0.0923433 0.0773414 0.0775084 0.0699170 0.0605433 0.0798762 0.2368077 0.0814034 0.0659486 0.0821259 0.2599516 0.0000000 0.0694253 0.0728697 0.0724814 0.0752361 0.1308170 0.1077447 0.0724101 0.0978988 0.1176097 0.2624232 
S0016_G5857_R1_A 0.7093771 0.1229449 0.0995911 0.0880104 0.0833484 0.0743885 0.0729078 0.0861897 0.2386617 0.0859342 0.0763959 0.0902284 0.2632232 0.0694253 0.0000000 0.0791941 0.0726846 0.0883874 0.1353138 0.1125560 0.0772686 0.1011817 0.1255185 0.2736108 
S0030_G5857_R1_A 0.6595951 0.1111432 0.0843782 0.0689653 0.0746525 0.0697442 0.0683991 0.0812803 0.2347754 0.0777271 0.0652920 0.0757554 0.2475225 0.0728697 0.0791941 0.0000000 0.0720013 0.0799967 0.1282575 0.1105881 0.0641385 0.0906465 0.1191731 0.2605194 
S0036_G5857_R1_A 0.6293436 0.1071062 0.0828928 0.0695070 0.0751421 0.0685507 0.0689435 0.0742759 0.2210011 0.0811148 0.0650268 0.0832301 0.2538442 0.0724814 0.0726846 0.0720013 0.0000000 0.0847487 0.1315122 0.0911620 0.0599383 0.0933311 0.1101426 0.2546044 
S0018_G5857_R1_A 0.7081742 0.1280247 0.1052166 0.0867863 0.0932927 0.0861809 0.0380986 0.0951741 0.2628037 0.0974675 0.0843576 0.0996736 0.2723019 0.0752361 0.0883874 0.0799967 0.0847487 0.0000000 0.1199014 0.1201412 0.0819424 0.1068672 0.1420109 0.2763969 
S0037_G5857_R1_A 0.7536959 0.1592899 0.1489011 0.1351950 0.1443941 0.1388429 0.1194201 0.1434877 0.2996398 0.1408748 0.1404984 0.1541985 0.3051635 0.1308170 0.1353138 0.1282575 0.1315122 0.1199014 0.0000000 0.1456109 0.1380153 0.1551521 0.1590207 0.2848537 
S0002_G5857_R1_A 0.7123302 0.1197959 0.1051452 0.0879277 0.1088280 0.0987657 0.1066987 0.1049408 0.2365911 0.1085177 0.1017237 0.1165877 0.2788177 0.1077447 0.1125560 0.1105881 0.0911620 0.1201412 0.1456109 0.0000000 0.0940858 0.1252623 0.1225779 0.2686970 
S0019_G5857_R1_A 0.6659490 0.1167780 0.0887281 0.0600666 0.0700933 0.0678151 0.0684514 0.0670189 0.2484492 0.0800349 0.0636745 0.0743762 0.2492259 0.0724101 0.0772686 0.0641385 0.0599383 0.0819424 0.1380153 0.0940858 0.0000000 0.0890682 0.1173409 0.2368254 
S0017_G5857_R1_A 0.7043486 0.1295879 0.1070311 0.0950341 0.1043298 0.0930426 0.0974650 0.1047500 0.2630938 0.1030643 0.0913214 0.1071348 0.2795553 0.0978988 0.1011817 0.0906465 0.0933311 0.1068672 0.1551521 0.1252623 0.0890682 0.0000000 0.1391677 0.2768910 
S0013_G5857_R1_A 0.7240885 0.1140089 0.1263732 0.1210844 0.1255538 0.1125108 0.1257793 0.1322617 0.2751996 0.1210048 0.1180311 0.1370044 0.3024842 0.1176097 0.1255185 0.1191731 0.1101426 0.1420109 0.1590207 0.1225779 0.1173409 0.1391677 0.0000000 0.2741666 
S0048_G5857_R1_A 0.9512438 0.2418076 0.2812938 0.2697355 0.2794135 0.2768452 0.2718356 0.2849248 0.4637349 0.2784062 0.2802553 0.2856468 0.5295331 0.2624232 0.2736108 0.2605194 0.2546044 0.2763969 0.2848537 0.2686970 0.2368254 0.2768910 0.2741666 0.0000000 
