23
S0026_G5866_R1_A 0.0000000 0.0960888 0.0828624 0.0539549 0.0565522 0.0572072 0.0518807 0.0608359 0.0532248 0.0525739 0.0528348 0.1418945 0.0760896 0.0632606 0.0710319 0.0709633 0.0775267 0.0793043 0.0630468 0.0704350 0.0575398 0.0681070 0.0779032 
S0012_G5866_R1_A 0.0960888 0.0000000 0.1297887 0.0928371 0.1067647 0.0975952 0.0905924 0.1073847 0.0926166 0.0992846 0.1010090 0.1877805 0.1215944 0.1008099 0.1100977 0.1027873 0.1113940 0.1135407 0.1028427 0.1107621 0.1031134 0.1013260 0.1174887 
S0017_G5866_R1_A 0.0828624 0.1297887 0.0000000 0.0847959 0.0916241 0.0902248 0.0842011 0.0775009 0.0819659 0.0854745 0.0832473 0.1814669 0.1154995 0.0956039 0.0988439 0.1018108 0.1118955 0.1157225 0.0997673 0.1072644 0.0807508 0.1028623 0.1101183 
S0046_G5866_R1_A 0.0539549 0.0928371 0.0847959 0.0000000 0.0596334 0.0476337 0.0451898 0.0611384 0.0453761 0.0553632 0.0540961 0.1437799 0.0706455 0.0503961 0.0604749 0.0623855 0.0707519 0.0743433 0.0586889 0.0651147 0.0591547 0.0604659 0.0737610 
S0028_G5866_R1_A 0.0565522 0.1067647 0.0916241 0.0596334 0.0000000 0.0611018 0.0560593 0.0635572 0.0568785 0.0582449 0.0595542 0.1463713 0.0857295 0.0686033 0.0732821 0.0758039 0.0875927 0.0912448 0.0673567 0.0739422 0.0626886 0.0735423 0.0860435 
S0016_G5866_R1_A 0.0572072 0.0975952 0.0902248 0.0476337 0.0611018 0.0000000 0.0466888 0.0626372 0.0478961 0.0548429 0.0576854 0.1474614 0.0646348 0.0518180 0.0651736 0.0682419 0.0777518 0.0808348 0.0586386 0.0677322 0.0612603 0.0634840 0.0573807 
S0019_G5866_R1_A 0.0518807 0.0905924 0.0842011 0.0451898 0.0560593 0.0466888 0.0000000 0.0586285 0.0364444 0.0528023 0.0515317 0.1404990 0.0701449 0.0509285 0.0595179 0.0598644 0.0671915 0.0686336 0.0482895 0.0556535 0.0587013 0.0578969 0.0716562 
S0030_G5866_R1_A 0.0608359 0.1073847 0.0775009 0.0611384 0.0635572 0.0626372 0.0586285 0.0000000 0.0594008 0.0633745 0.0631412 0.1556125 0.0877907 0.0701612 0.0753178 0.0785316 0.0897076 0.0917535 0.0704558 0.0776593 0.0517245 0.0779894 0.0825982 
S0002_G5866_R1_A 0.0532248 0.0926166 0.0819659 0.0453761 0.0568785 0.0478961 0.0364444 0.0594008 0.0000000 0.0515719 0.0503132 0.1482411 0.0704796 0.0526875 0.0628808 0.0611616 0.0715122 0.0735052 0.0495507 0.0585730 0.0589862 0.0602349 0.0693126 
S0021_G5866_R1_A 0.0525739 0.0992846 0.0854745 0.0553632 0.0582449 0.0548429 0.0528023 0.0633745 0.0515719 0.0000000 0.0212012 0.1437585 0.0791658 0.0617137 0.0726631 0.0736174 0.0816529 0.0837025 0.0666332 0.0736638 0.0619283 0.0688706 0.0781311 
S0021_G5866_R2_A 0.0528348 0.1010090 0.0832473 0.0540961 0.0595542 0.0576854 0.0515317 0.0631412 0.0503132 0.0212012 0.0000000 0.1453116 0.0763707 0.0630671 0.0740493 0.0724032 0.0820164 0.0835357 0.0653831 0.0697640 0.0611565 0.0681684 0.0791709 
S0005_G5866_R1_A 0.1418945 0.1877805 0.1814669 0.1437799 0.1463713 0.1474614 0.1404990 0.1556125 0.1482411 0.1437585 0.1453116 0.0000000 0.1687058 0.1500275 0.1637059 0.1633634 0.1758738 0.1769736 0.1509296 0.1582032 0.1548137 0.1569574 0.1635816 
S0018_G5866_R1_A 0.0760896 0.1215944 0.1154995 0.0706455 0.0857295 0.0646348 0.0701449 0.0877907 0.0704796 0.0791658 0.0763707 0.1687058 0.0000000 0.0512612 0.0806927 0.0929049 0.0983741 0.1042304 0.0804225 0.0874469 0.0879818 0.0858767 0.0776416 
S0031_G5866_R1_A 0.0632606 0.1008099 0.0956039 0.0503961 0.0686033 0.0518180 0.0509285 0.0701612 0.0526875 0.0617137 0.0630671 0.1500275 0.0512612 0.0000000 0.0613089 0.0695833 0.0807537 0.0843983 0.0640110 0.0724332 0.0662347 0.0674843 0.0690342 
S0004_G5866_R1_A 0.0710319 0.1100977 0.0988439 0.0604749 0.0732821 0.0651736 0.0595179 0.0753178 0.0628808 0.0726631 0.0740493 0.1637059 0.0806927 0.0613089 0.0000000 0.0812415 0.0873012 0.0932064 0.0703595 0.0816893 0.0746305 0.0775272 0.0918308 
S0013_G5866_R1_A 0.0709633 0.1027873 0.1018108 0.0623855 0.0758039 0.0682419 0.0598644 0.0785316 0.0611616 0.0736174 0.0724032 0.1633634 0.0929049 0.0695833 0.0812415 0.0000000 0.0695372 0.0726071 0.0687818 0.0815539 0.0762686 0.0735103 0.0878145 
S0048_G5866_R1_A 0.0775267 0.1113940 0.1118955 0.0707519 0.0875927 0.0777518 0.0671915 0.0897076 0.0715122 0.0816529 0.0820164 0.1758738 0.0983741 0.0807537 0.0873012 0.0695372 0.0000000 0.0177766 0.0801475 0.0891398 0.0874470 0.0854403 0.0979856 
S0050_G5866_R1_A 0.0793043 0.1135407 0.1157225 0.0743433 0.0912448 0.0808348 0.0686336 0.0917535 0.0735052 0.0837025 0.0835357 0.1769736 0.1042304 0.0843983 0.0932064 0.0726071 0.0177766 0.0000000 0.0827734 0.0923205 0.0905803 0.0886073 0.1023905 
S0011_G5866_R1_A 0.0630468 0.1028427 0.0997673 0.0586889 0.0673567 0.0586386 0.0482895 0.0704558 0.0495507 0.0666332 0.0653831 0.1509296 0.0804225 0.0640110 0.0703595 0.0687818 0.0801475 0.0827734 0.0000000 0.0699421 0.0697659 0.0677233 0.0840197 
S0020_G5866_R1_A 0.0704350 0.1107621 0.1072644 0.0651147 0.0739422 0.0677322 0.0556535 0.0776593 0.0585730 0.0736638 0.0697640 0.1582032 0.0874469 0.0724332 0.0816893 0.0815539 0.0891398 0.0923205 0.0699421 0.0000000 0.0778811 0.0788065 0.0873888 
S0036_G5866_R1_A 0.0575398 0.1031134 0.0807508 0.0591547 0.0626886 0.0612603 0.0587013 0.0517245 0.0589862 0.0619283 0.0611565 0.1548137 0.0879818 0.0662347 0.0746305 0.0762686 0.0874470 0.0905803 0.0697659 0.0778811 0.0000000 0.0735578 0.0849129 
S0022_G5866_R1_A 0.0681070 0.1013260 0.1028623 0.0604659 0.0735423 0.0634840 0.0578969 0.0779894 0.0602349 0.0688706 0.0681684 0.1569574 0.0858767 0.0674843 0.0775272 0.0735103 0.0854403 0.0886073 0.0677233 0.0788065 0.0735578 0.0000000 0.0878095 
S0037_G5866_R1_A 0.0779032 0.1174887 0.1101183 0.0737610 0.0860435 0.0573807 0.0716562 0.0825982 0.0693126 0.0781311 0.0791709 0.1635816 0.0776416 0.0690342 0.0918308 0.0878145 0.0979856 0.1023905 0.0840197 0.0873888 0.0849129 0.0878095 0.0000000 
