23
S0037_G5865_R1_A 0.0000000 0.1058554 0.0972114 0.1056599 0.1014881 0.0987593 0.1041947 0.1176853 0.0996553 0.0819596 0.0971279 0.0991532 0.1161960 0.0890023 0.0858713 0.1058358 0.1260259 0.1237811 0.1035854 0.0998041 0.1991700 0.1038412 0.1257408 
S0026_G5865_R1_A 0.1058554 0.0000000 0.0599624 0.0705878 0.0590358 0.0601817 0.0767497 0.0846491 0.0669702 0.0732017 0.0661686 0.0623461 0.0905217 0.0693618 0.0689785 0.0745550 0.0976232 0.0937651 0.0705851 0.0924804 0.1827721 0.0723643 0.0993355 
S0028_G5865_R1_A 0.0972114 0.0599624 0.0000000 0.0666970 0.0617353 0.0596366 0.0694239 0.0834635 0.0654592 0.0660798 0.0638244 0.0555782 0.0856179 0.0631714 0.0674587 0.0720530 0.0921001 0.0890192 0.0674043 0.0877138 0.1698046 0.0631237 0.0981414 
S0030_G5865_R1_A 0.1056599 0.0705878 0.0666970 0.0000000 0.0701405 0.0680176 0.0626222 0.0866839 0.0689114 0.0737295 0.0637317 0.0605128 0.0910597 0.0714753 0.0735080 0.0772001 0.1025543 0.1016460 0.0754905 0.0923978 0.1906380 0.0721854 0.1042052 
S0021_G5865_R1_A 0.1014881 0.0590358 0.0617353 0.0701405 0.0000000 0.0359795 0.0760999 0.0844259 0.0650756 0.0755391 0.0679655 0.0640606 0.0892762 0.0701783 0.0745054 0.0741770 0.0983627 0.0962113 0.0729617 0.0923559 0.1857106 0.0668883 0.1084460 
S0021_G5865_R2_A 0.0987593 0.0601817 0.0596366 0.0680176 0.0359795 0.0000000 0.0723582 0.0839172 0.0641076 0.0729345 0.0648481 0.0609473 0.0913743 0.0696942 0.0723765 0.0753064 0.1018365 0.0974808 0.0709601 0.0962798 0.1842164 0.0668959 0.1055165 
S0022_G5865_R1_A 0.1041947 0.0767497 0.0694239 0.0626222 0.0760999 0.0723582 0.0000000 0.0905703 0.0722289 0.0751981 0.0660632 0.0642502 0.0944638 0.0783773 0.0753984 0.0803956 0.1042762 0.1022324 0.0802209 0.0973423 0.2028819 0.0744937 0.1109307 
S0017_G5865_R1_A 0.1176853 0.0846491 0.0834635 0.0866839 0.0844259 0.0839172 0.0905703 0.0000000 0.0739411 0.0888586 0.0722064 0.0699402 0.1001258 0.0855341 0.0862548 0.0875591 0.1099163 0.1045152 0.0843790 0.1020100 0.2070666 0.0775575 0.1138239 
S0002_G5865_R1_A 0.0996553 0.0669702 0.0654592 0.0689114 0.0650756 0.0641076 0.0722289 0.0739411 0.0000000 0.0706332 0.0468299 0.0461975 0.0813623 0.0667696 0.0679516 0.0567452 0.0937674 0.0895173 0.0701893 0.0910076 0.1881738 0.0518443 0.0999743 
S0031_G5865_R1_A 0.0819596 0.0732017 0.0660798 0.0737295 0.0755391 0.0729345 0.0751981 0.0888586 0.0706332 0.0000000 0.0687961 0.0670964 0.0872220 0.0615809 0.0631757 0.0770615 0.1019487 0.1009594 0.0760647 0.0554745 0.1957228 0.0705262 0.1013168 
S0019_G5865_R1_A 0.0971279 0.0661686 0.0638244 0.0637317 0.0679655 0.0648481 0.0660632 0.0722064 0.0468299 0.0687961 0.0000000 0.0354785 0.0807810 0.0652350 0.0664272 0.0579046 0.0884196 0.0863853 0.0685390 0.0854236 0.1900179 0.0488805 0.0963585 
S0020_G5865_R1_A 0.0991532 0.0623461 0.0555782 0.0605128 0.0640606 0.0609473 0.0642502 0.0699402 0.0461975 0.0670964 0.0354785 0.0000000 0.0806066 0.0615410 0.0631830 0.0546204 0.0856946 0.0854449 0.0634492 0.0829939 0.1841058 0.0469592 0.0954356 
S0013_G5865_R1_A 0.1161960 0.0905217 0.0856179 0.0910597 0.0892762 0.0913743 0.0944638 0.1001258 0.0813623 0.0872220 0.0807810 0.0806066 0.0000000 0.0823831 0.0884411 0.0939989 0.1035915 0.0996582 0.0871018 0.1093989 0.2110121 0.0862318 0.1148003 
S0016_G5865_R1_A 0.0890023 0.0693618 0.0631714 0.0714753 0.0701783 0.0696942 0.0783773 0.0855341 0.0667696 0.0615809 0.0652350 0.0615410 0.0823831 0.0000000 0.0595641 0.0733429 0.1007677 0.0947699 0.0693525 0.0808545 0.1913433 0.0675823 0.1031948 
S0004_G5865_R1_A 0.0858713 0.0689785 0.0674587 0.0735080 0.0745054 0.0723765 0.0753984 0.0862548 0.0679516 0.0631757 0.0664272 0.0631830 0.0884411 0.0595641 0.0000000 0.0713291 0.0997977 0.0955991 0.0743466 0.0779928 0.1927403 0.0698932 0.1010589 
S0036_G5865_R1_A 0.1058358 0.0745550 0.0720530 0.0772001 0.0741770 0.0753064 0.0803956 0.0875591 0.0567452 0.0770615 0.0579046 0.0546204 0.0939989 0.0733429 0.0713291 0.0000000 0.0995619 0.0969569 0.0774955 0.0975142 0.1987444 0.0678962 0.1160830 
S0048_G5865_R1_A 0.1260259 0.0976232 0.0921001 0.1025543 0.0983627 0.1018365 0.1042762 0.1099163 0.0937674 0.1019487 0.0884196 0.0856946 0.1035915 0.1007677 0.0997977 0.0995619 0.0000000 0.0478123 0.0950981 0.1192115 0.2232813 0.0912415 0.1208336 
S0050_G5865_R1_A 0.1237811 0.0937651 0.0890192 0.1016460 0.0962113 0.0974808 0.1022324 0.1045152 0.0895173 0.1009594 0.0863853 0.0854449 0.0996582 0.0947699 0.0955991 0.0969569 0.0478123 0.0000000 0.0914406 0.1151913 0.2181885 0.0931132 0.1203655 
S0046_G5865_R1_A 0.1035854 0.0705851 0.0674043 0.0754905 0.0729617 0.0709601 0.0802209 0.0843790 0.0701893 0.0760647 0.0685390 0.0634492 0.0871018 0.0693525 0.0743466 0.0774955 0.0950981 0.0914406 0.0000000 0.0974504 0.1902481 0.0732551 0.1063723 
S0018_G5865_R1_A 0.0998041 0.0924804 0.0877138 0.0923978 0.0923559 0.0962798 0.0973423 0.1020100 0.0910076 0.0554745 0.0854236 0.0829939 0.1093989 0.0808545 0.0779928 0.0975142 0.1192115 0.1151913 0.0974504 0.0000000 0.2099472 0.0851716 0.1255522 
S0005_G5865_R1_A 0.1991700 0.1827721 0.1698046 0.1906380 0.1857106 0.1842164 0.2028819 0.2070666 0.1881738 0.1957228 0.1900179 0.1841058 0.2110121 0.1913433 0.1927403 0.1987444 0.2232813 0.2181885 0.1902481 0.2099472 0.0000000 0.1958459 0.2206590 
S0011_G5865_R1_A 0.1038412 0.0723643 0.0631237 0.0721854 0.0668883 0.0668959 0.0744937 0.0775575 0.0518443 0.0705262 0.0488805 0.0469592 0.0862318 0.0675823 0.0698932 0.0678962 0.0912415 0.0931132 0.0732551 0.0851716 0.1958459 0.0000000 0.0906013 
S0012_G5865_R1_A 0.1257408 0.0993355 0.0981414 0.1042052 0.1084460 0.1055165 0.1109307 0.1138239 0.0999743 0.1013168 0.0963585 0.0954356 0.1148003 0.1031948 0.1010589 0.1160830 0.1208336 0.1203655 0.1063723 0.1255522 0.2206590 0.0906013 0.0000000 
