22
S0005_G5863_R1_A 0.0000000 0.2522742 0.2663720 0.2968055 0.2823991 0.2590280 0.2542785 0.2488125 0.2634960 0.2623630 0.2590919 0.2526445 0.2581468 0.2821752 0.2661067 0.2441098 0.2766544 0.2881862 0.2929115 0.2547461 0.3515934 0.3961765 
S0026_G5863_R1_A 0.2522742 0.0000000 0.0800549 0.1062486 0.0922385 0.0807298 0.0785222 0.0817269 0.0788966 0.0836187 0.0866369 0.0796112 0.0850237 0.0946197 0.0930680 0.0783094 0.1052976 0.1075868 0.1102026 0.0989451 0.2104458 0.2127189 
S0002_G5863_R1_A 0.2663720 0.0800549 0.0000000 0.1027457 0.0828950 0.0599491 0.0787330 0.0708618 0.0779772 0.0726301 0.0760738 0.0714452 0.0818686 0.0877254 0.0898827 0.0831673 0.1031691 0.1097986 0.1112416 0.0965554 0.2085575 0.1974863 
S0018_G5863_R1_A 0.2968055 0.1062486 0.1027457 0.0000000 0.0412858 0.0919284 0.1000327 0.0922073 0.1011896 0.0996908 0.0967306 0.0899287 0.1031798 0.0857809 0.1085572 0.1031002 0.1239301 0.1267665 0.1354498 0.1144279 0.2196023 0.1712512 
S0031_G5863_R1_A 0.2823991 0.0922385 0.0828950 0.0412858 0.0000000 0.0790355 0.0825307 0.0757219 0.0822335 0.0815912 0.0805145 0.0763940 0.0877895 0.0724238 0.0948199 0.0858698 0.1065547 0.1088438 0.1183106 0.1023715 0.2008846 0.1615479 
S0011_G5863_R1_A 0.2590280 0.0807298 0.0599491 0.0919284 0.0790355 0.0000000 0.0766929 0.0703832 0.0768641 0.0653528 0.0728227 0.0677468 0.0781301 0.0865238 0.0859583 0.0795570 0.1016229 0.1026484 0.1078761 0.0916624 0.1970167 0.2018952 
S0021_G5863_R1_A 0.2542785 0.0785222 0.0787330 0.1000327 0.0825307 0.0766929 0.0000000 0.0709843 0.0704589 0.0752980 0.0745508 0.0729248 0.0759262 0.0915195 0.0833615 0.0766784 0.0932472 0.0978528 0.1020963 0.0848659 0.1920284 0.2113570 
S0020_G5863_R1_A 0.2488125 0.0817269 0.0708618 0.0922073 0.0757219 0.0703832 0.0709843 0.0000000 0.0678840 0.0604264 0.0730332 0.0453038 0.0770855 0.0809472 0.0783504 0.0698729 0.0914163 0.0930453 0.0926461 0.0905633 0.1942320 0.1923911 
S0028_G5863_R1_A 0.2634960 0.0788966 0.0779772 0.1011896 0.0822335 0.0768641 0.0704589 0.0678840 0.0000000 0.0738018 0.0735959 0.0685345 0.0717402 0.0863883 0.0771858 0.0709889 0.0897708 0.0926404 0.0952724 0.0884957 0.1913717 0.2112001 
S0036_G5863_R1_A 0.2623630 0.0836187 0.0726301 0.0996908 0.0815912 0.0653528 0.0752980 0.0604264 0.0738018 0.0000000 0.0707691 0.0579175 0.0797330 0.0853010 0.0842339 0.0783290 0.0968885 0.0975362 0.1035096 0.0900863 0.2106158 0.2031282 
S0046_G5863_R1_A 0.2590919 0.0866369 0.0760738 0.0967306 0.0805145 0.0728227 0.0745508 0.0730332 0.0735959 0.0707691 0.0000000 0.0655623 0.0783652 0.0863582 0.0766124 0.0680615 0.0938299 0.0949325 0.0987013 0.0838027 0.2000103 0.2001170 
S0019_G5863_R1_A 0.2526445 0.0796112 0.0714452 0.0899287 0.0763940 0.0677468 0.0729248 0.0453038 0.0685345 0.0579175 0.0655623 0.0000000 0.0760742 0.0774929 0.0830429 0.0711722 0.0871311 0.0877941 0.1010262 0.0887934 0.1892740 0.1952698 
S0016_G5863_R1_A 0.2581468 0.0850237 0.0818686 0.1031798 0.0877895 0.0781301 0.0759262 0.0770855 0.0717402 0.0797330 0.0783652 0.0760742 0.0000000 0.0915826 0.0818197 0.0751682 0.0879608 0.0861386 0.0991701 0.0897734 0.1866374 0.2153067 
S0004_G5863_R1_A 0.2821752 0.0946197 0.0877254 0.0857809 0.0724238 0.0865238 0.0915195 0.0809472 0.0863883 0.0853010 0.0863582 0.0774929 0.0915826 0.0000000 0.0984907 0.0900188 0.1120923 0.1138788 0.1156931 0.1004862 0.2002834 0.1790324 
S0022_G5863_R1_A 0.2661067 0.0930680 0.0898827 0.1085572 0.0948199 0.0859583 0.0833615 0.0783504 0.0771858 0.0842339 0.0766124 0.0830429 0.0818197 0.0984907 0.0000000 0.0610405 0.0883705 0.0877537 0.0888126 0.0898927 0.1940091 0.2169785 
S0030_G5863_R1_A 0.2441098 0.0783094 0.0831673 0.1031002 0.0858698 0.0795570 0.0766784 0.0698729 0.0709889 0.0783290 0.0680615 0.0711722 0.0751682 0.0900188 0.0610405 0.0000000 0.0846857 0.0870308 0.0799264 0.0833332 0.1894307 0.2006049 
S0048_G5863_R1_A 0.2766544 0.1052976 0.1031691 0.1239301 0.1065547 0.1016229 0.0932472 0.0914163 0.0897708 0.0968885 0.0938299 0.0871311 0.0879608 0.1120923 0.0883705 0.0846857 0.0000000 0.0254784 0.1108981 0.0867078 0.1901789 0.2321620 
S0050_G5863_R1_A 0.2881862 0.1075868 0.1097986 0.1267665 0.1088438 0.1026484 0.0978528 0.0930453 0.0926404 0.0975362 0.0949325 0.0877941 0.0861386 0.1138788 0.0877537 0.0870308 0.0254784 0.0000000 0.1163577 0.0904668 0.2011483 0.2374098 
S0017_G5863_R1_A 0.2929115 0.1102026 0.1112416 0.1354498 0.1183106 0.1078761 0.1020963 0.0926461 0.0952724 0.1035096 0.0987013 0.1010262 0.0991701 0.1156931 0.0888126 0.0799264 0.1108981 0.1163577 0.0000000 0.1111172 0.2172390 0.2352435 
S0013_G5863_R1_A 0.2547461 0.0989451 0.0965554 0.1144279 0.1023715 0.0916624 0.0848659 0.0905633 0.0884957 0.0900863 0.0838027 0.0887934 0.0897734 0.1004862 0.0898927 0.0833332 0.0867078 0.0904668 0.1111172 0.0000000 0.2004914 0.2208084 
S0012_G5863_R1_A 0.3515934 0.2104458 0.2085575 0.2196023 0.2008846 0.1970167 0.1920284 0.1942320 0.1913717 0.2106158 0.2000103 0.1892740 0.1866374 0.2002834 0.1940091 0.1894307 0.1901789 0.2011483 0.2172390 0.2004914 0.0000000 0.2488322 
S0037_G5863_R1_A 0.3961765 0.2127189 0.1974863 0.1712512 0.1615479 0.2018952 0.2113570 0.1923911 0.2112001 0.2031282 0.2001170 0.1952698 0.2153067 0.1790324 0.2169785 0.2006049 0.2321620 0.2374098 0.2352435 0.2208084 0.2488322 0.0000000 
