26
S0026_G5870_R1_A 0.0000000 0.0758479 0.0794382 0.0806973 0.0878011 0.0873872 0.0838916 0.0937017 0.0845629 0.0832016 0.0951204 0.0766931 0.1008117 0.1008259 0.0799201 0.1011371 0.0789741 0.0803700 0.1069523 0.0808696 0.1157259 0.2864539 0.1940796 0.5394608 0.5425116 0.5532787 
S0021_G5870_R1_A 0.0758479 0.0000000 0.0239140 0.0624187 0.0740019 0.0752329 0.0740812 0.0881213 0.0685533 0.0695789 0.0832462 0.0619136 0.0886888 0.0846455 0.0646727 0.0871195 0.0699685 0.0837818 0.0973114 0.0857820 0.1059448 0.2873134 0.1676212 0.5677168 0.5622715 0.5718277 
S0021_G5870_R2_A 0.0794382 0.0239140 0.0000000 0.0601999 0.0770886 0.0789134 0.0771327 0.0913541 0.0676315 0.0693300 0.0840788 0.0621625 0.0924425 0.0854929 0.0641986 0.0870114 0.0708712 0.0838476 0.0952773 0.0851689 0.1106553 0.2911433 0.1713413 0.5879309 0.5810499 0.5907903 
S0028_G5870_R1_A 0.0806973 0.0624187 0.0601999 0.0000000 0.0747475 0.0747495 0.0722882 0.0875231 0.0667369 0.0674266 0.0788290 0.0602748 0.0901875 0.0855286 0.0695347 0.0827339 0.0696046 0.0795418 0.0904666 0.0860595 0.1062208 0.3056924 0.1731803 0.5849830 0.5788384 0.5860761 
S0004_G5870_R1_A 0.0878011 0.0740019 0.0770886 0.0747475 0.0000000 0.0598229 0.0584927 0.0704187 0.0760433 0.0744386 0.0822012 0.0713935 0.0877485 0.0847944 0.0779545 0.0837064 0.0735008 0.0925932 0.0864461 0.0820990 0.0855172 0.3181714 0.1741006 0.5756959 0.5750395 0.5836108 
S0016_G5870_R1_A 0.0873872 0.0752329 0.0789134 0.0747495 0.0598229 0.0000000 0.0593131 0.0702662 0.0776465 0.0764104 0.0783682 0.0697207 0.0866218 0.0831656 0.0739107 0.0826396 0.0764026 0.0900870 0.0883036 0.0813378 0.0839089 0.3218607 0.1723678 0.5772062 0.5662268 0.5834189 
S0031_G5870_R1_A 0.0838916 0.0740812 0.0771327 0.0722882 0.0584927 0.0593131 0.0000000 0.0526205 0.0744779 0.0792587 0.0781320 0.0699862 0.0879408 0.0850511 0.0780809 0.0825169 0.0759047 0.0916959 0.0854969 0.0804175 0.0829114 0.3148001 0.1656005 0.5620003 0.5585392 0.5697326 
S0018_G5870_R1_A 0.0937017 0.0881213 0.0913541 0.0875231 0.0704187 0.0702662 0.0526205 0.0000000 0.0844121 0.0889141 0.0895680 0.0819224 0.1005507 0.0968511 0.0876752 0.0953208 0.0892021 0.1031208 0.1010918 0.0926970 0.0920418 0.3289578 0.1858840 0.5909774 0.5771467 0.5970390 
S0020_G5870_R1_A 0.0845629 0.0685533 0.0676315 0.0667369 0.0760433 0.0776465 0.0744779 0.0844121 0.0000000 0.0269844 0.0771090 0.0632283 0.0896829 0.0866313 0.0624371 0.0786908 0.0642053 0.0715267 0.0891357 0.0803755 0.1052729 0.3026261 0.1640532 0.5736096 0.5673878 0.5733434 
S0019_G5870_R1_A 0.0832016 0.0695789 0.0693300 0.0674266 0.0744386 0.0764104 0.0792587 0.0889141 0.0269844 0.0000000 0.0822376 0.0661942 0.0925227 0.0877011 0.0628240 0.0848149 0.0649392 0.0735028 0.0921212 0.0815579 0.1020697 0.3055790 0.1549038 0.5534602 0.5492070 0.5626886 
S0022_G5870_R1_A 0.0951204 0.0832462 0.0840788 0.0788290 0.0822012 0.0783682 0.0781320 0.0895680 0.0771090 0.0822376 0.0000000 0.0729966 0.0872994 0.0843860 0.0825050 0.0885503 0.0750972 0.0842501 0.0961399 0.0865673 0.1103562 0.3153879 0.1756014 0.5821582 0.5711402 0.5810268 
S0030_G5870_R1_A 0.0766931 0.0619136 0.0621625 0.0602748 0.0713935 0.0697207 0.0699862 0.0819224 0.0632283 0.0661942 0.0729966 0.0000000 0.0824393 0.0789756 0.0661365 0.0797014 0.0670780 0.0752149 0.0832946 0.0746762 0.0996593 0.2905666 0.1618504 0.5907607 0.5774605 0.5889627 
S0048_G5870_R1_A 0.1008117 0.0886888 0.0924425 0.0901875 0.0877485 0.0866218 0.0879408 0.1005507 0.0896829 0.0925227 0.0872994 0.0824393 0.0000000 0.0141447 0.0898647 0.0897193 0.0863360 0.1047905 0.1048756 0.0960463 0.1178516 0.3247303 0.1789063 0.6018342 0.5914801 0.5987922 
S0050_G5870_R1_A 0.1008259 0.0846455 0.0854929 0.0855286 0.0847944 0.0831656 0.0850511 0.0968511 0.0866313 0.0877011 0.0843860 0.0789756 0.0141447 0.0000000 0.0885898 0.0844813 0.0815005 0.1021795 0.0973377 0.0941365 0.1178356 0.3268463 0.1786277 0.5974152 0.5857522 0.5930471 
S0002_G5870_R1_A 0.0799201 0.0646727 0.0641986 0.0695347 0.0779545 0.0739107 0.0780809 0.0876752 0.0624371 0.0628240 0.0825050 0.0661365 0.0898647 0.0885898 0.0000000 0.0877434 0.0663606 0.0727748 0.0933410 0.0797013 0.1034136 0.2947292 0.1710203 0.5662470 0.5592351 0.5702207 
S0013_G5870_R1_A 0.1011371 0.0871195 0.0870114 0.0827339 0.0837064 0.0826396 0.0825169 0.0953208 0.0786908 0.0848149 0.0885503 0.0797014 0.0897193 0.0844813 0.0877434 0.0000000 0.0773644 0.0947385 0.1006943 0.0919052 0.1112302 0.3198032 0.1699148 0.5913877 0.5777883 0.5834488 
S0036_G5870_R1_A 0.0789741 0.0699685 0.0708712 0.0696046 0.0735008 0.0764026 0.0759047 0.0892021 0.0642053 0.0649392 0.0750972 0.0670780 0.0863360 0.0815005 0.0663606 0.0773644 0.0000000 0.0794087 0.0909011 0.0789653 0.1041583 0.3062207 0.1696692 0.5888761 0.5784534 0.5901269 
S0011_G5870_R1_A 0.0803700 0.0837818 0.0838476 0.0795418 0.0925932 0.0900870 0.0916959 0.1031208 0.0715267 0.0735028 0.0842501 0.0752149 0.1047905 0.1021795 0.0727748 0.0947385 0.0794087 0.0000000 0.1040532 0.0917813 0.1164440 0.3112231 0.1870170 0.5835796 0.5680921 0.5830150 
S0017_G5870_R1_A 0.1069523 0.0973114 0.0952773 0.0904666 0.0864461 0.0883036 0.0854969 0.1010918 0.0891357 0.0921212 0.0961399 0.0832946 0.1048756 0.0973377 0.0933410 0.1006943 0.0909011 0.1040532 0.0000000 0.0939048 0.1176418 0.3423073 0.1864252 0.5894923 0.5869812 0.5986842 
S0046_G5870_R1_A 0.0808696 0.0857820 0.0851689 0.0860595 0.0820990 0.0813378 0.0804175 0.0926970 0.0803755 0.0815579 0.0865673 0.0746762 0.0960463 0.0941365 0.0797013 0.0919052 0.0789653 0.0917813 0.0939048 0.0000000 0.1042835 0.2957360 0.1870237 0.5511877 0.5369091 0.5473319 
S0037_G5870_R1_A 0.1157259 0.1059448 0.1106553 0.1062208 0.0855172 0.0839089 0.0829114 0.0920418 0.1052729 0.1020697 0.1103562 0.0996593 0.1178516 0.1178356 0.1034136 0.1112302 0.1041583 0.1164440 0.1176418 0.1042835 0.0000000 0.3231217 0.1876769 0.6206064 0.6099428 0.6196695 
S0005_G5870_R1_A 0.2864539 0.2873134 0.2911433 0.3056924 0.3181714 0.3218607 0.3148001 0.3289578 0.3026261 0.3055790 0.3153879 0.2905666 0.3247303 0.3268463 0.2947292 0.3198032 0.3062207 0.3112231 0.3423073 0.2957360 0.3231217 0.0000000 0.3988461 0.6439837 0.6751269 0.6737243 
S0012_G5870_R1_A 0.1940796 0.1676212 0.1713413 0.1731803 0.1741006 0.1723678 0.1656005 0.1858840 0.1640532 0.1549038 0.1756014 0.1618504 0.1789063 0.1786277 0.1710203 0.1699148 0.1696692 0.1870170 0.1864252 0.1870237 0.1876769 0.3988461 0.0000000 0.6494164 0.6704441 0.6756850 
S0004_G5870_R2_A 0.5394608 0.5677168 0.5879309 0.5849830 0.5756959 0.5772062 0.5620003 0.5909774 0.5736096 0.5534602 0.5821582 0.5907607 0.6018342 0.5974152 0.5662470 0.5913877 0.5888761 0.5835796 0.5894923 0.5511877 0.6206064 0.6439837 0.6494164 0.0000000 0.0851443 0.0836564 
S0048_G5870_R2_A 0.5425116 0.5622715 0.5810499 0.5788384 0.5750395 0.5662268 0.5585392 0.5771467 0.5673878 0.5492070 0.5711402 0.5774605 0.5914801 0.5857522 0.5592351 0.5777883 0.5784534 0.5680921 0.5869812 0.5369091 0.6099428 0.6751269 0.6704441 0.0851443 0.0000000 0.0211218 
S0050_G5870_R2_A 0.5532787 0.5718277 0.5907903 0.5860761 0.5836108 0.5834189 0.5697326 0.5970390 0.5733434 0.5626886 0.5810268 0.5889627 0.5987922 0.5930471 0.5702207 0.5834488 0.5901269 0.5830150 0.5986842 0.5473319 0.6196695 0.6737243 0.6756850 0.0836564 0.0211218 0.0000000 
