23
S0028_G5894_R1_A 0.0000000 0.0859558 0.0815099 0.1329080 0.0973009 0.0885569 0.0854748 0.0844839 0.0962361 0.0879989 0.0895385 0.1067447 0.1115680 0.0984387 0.0995041 0.0917014 0.1185708 0.0933578 0.1121719 0.1123524 0.1379923 0.2903742 0.3096518 
S0046_G5894_R1_A 0.0859558 0.0000000 0.1226935 0.1615285 0.1249196 0.1073396 0.1069340 0.1148288 0.1175034 0.1125872 0.1102858 0.1367724 0.1364799 0.1288927 0.1263468 0.1170644 0.1414175 0.1159046 0.1385236 0.1359521 0.1726878 0.3357949 0.3670945 
S0026_G5894_R1_A 0.0815099 0.1226935 0.0000000 0.1641422 0.1243898 0.1109872 0.1147634 0.1059961 0.1153453 0.1117492 0.1041039 0.1369616 0.1374134 0.1276652 0.1322890 0.1169084 0.1475248 0.1190272 0.1344311 0.1383330 0.1698545 0.3150916 0.3459757 
S0012_G5894_R1_A 0.1329080 0.1615285 0.1641422 0.0000000 0.1760841 0.1557474 0.1411895 0.1697430 0.1609965 0.1623001 0.1648751 0.1631622 0.1661318 0.1627009 0.1801052 0.1564661 0.1806564 0.1577246 0.1787537 0.1666624 0.2141325 0.3751810 0.4059555 
S0017_G5894_R1_A 0.0973009 0.1249196 0.1243898 0.1760841 0.0000000 0.1095534 0.1239731 0.1341874 0.1219811 0.1245752 0.1270580 0.1409333 0.1329612 0.1287355 0.1305399 0.1307373 0.1555151 0.1269289 0.1375475 0.1471268 0.1774045 0.3371099 0.3655938 
S0036_G5894_R1_A 0.0885569 0.1073396 0.1109872 0.1557474 0.1095534 0.0000000 0.0878310 0.1114587 0.1147639 0.1055005 0.0981975 0.1198368 0.1251575 0.1220862 0.1203528 0.1095715 0.1340579 0.1166465 0.1175447 0.1216128 0.1482089 0.3204448 0.3652743 
S0011_G5894_R1_A 0.0854748 0.1069340 0.1147634 0.1411895 0.1239731 0.0878310 0.0000000 0.1112748 0.1111813 0.1086463 0.1080947 0.1278602 0.1235071 0.1181081 0.1161935 0.1094229 0.1330966 0.1135311 0.1119323 0.1111136 0.1488986 0.3209336 0.3546524 
S0021_G5894_R1_A 0.0844839 0.1148288 0.1059961 0.1697430 0.1341874 0.1114587 0.1112748 0.0000000 0.1166906 0.1153295 0.1103123 0.1386660 0.1374399 0.1190946 0.1302605 0.1159329 0.1396304 0.1200485 0.1387518 0.1447581 0.1690039 0.3304609 0.3501285 
S0030_G5894_R1_A 0.0962361 0.1175034 0.1153453 0.1609965 0.1219811 0.1147639 0.1111813 0.1166906 0.0000000 0.0943528 0.0998846 0.1223855 0.1339968 0.1278668 0.1081691 0.1064592 0.1288243 0.1005427 0.1285606 0.1324611 0.1645677 0.3295238 0.3518040 
S0016_G5894_R1_A 0.0879989 0.1125872 0.1117492 0.1623001 0.1245752 0.1055005 0.1086463 0.1153295 0.0943528 0.0000000 0.0920184 0.1146750 0.1323066 0.1216918 0.1083561 0.1046596 0.1216823 0.0983411 0.1327342 0.1358302 0.1675657 0.3276506 0.3490438 
S0031_G5894_R1_A 0.0895385 0.1102858 0.1041039 0.1648751 0.1270580 0.0981975 0.1080947 0.1103123 0.0998846 0.0920184 0.0000000 0.0621329 0.1313049 0.1211174 0.1111450 0.1099109 0.1024659 0.1043125 0.1213000 0.1277224 0.1608361 0.3195294 0.3684608 
S0018_G5894_R1_A 0.1067447 0.1367724 0.1369616 0.1631622 0.1409333 0.1198368 0.1278602 0.1386660 0.1223855 0.1146750 0.0621329 0.0000000 0.1525035 0.1442752 0.1266221 0.1379829 0.1229962 0.1151749 0.1395845 0.1430761 0.1826713 0.3467854 0.3885605 
S0048_G5894_R1_A 0.1115680 0.1364799 0.1374134 0.1661318 0.1329612 0.1251575 0.1235071 0.1374399 0.1339968 0.1323066 0.1313049 0.1525035 0.0000000 0.0358057 0.1396934 0.1181715 0.1498082 0.1250911 0.1437586 0.1442112 0.1784990 0.3418182 0.3877307 
S0050_G5894_R1_A 0.0984387 0.1288927 0.1276652 0.1627009 0.1287355 0.1220862 0.1181081 0.1190946 0.1278668 0.1216918 0.1211174 0.1442752 0.0358057 0.0000000 0.1345869 0.1065294 0.1493876 0.1207816 0.1356116 0.1391470 0.1711833 0.3507856 0.3841833 
S0004_G5894_R1_A 0.0995041 0.1263468 0.1322890 0.1801052 0.1305399 0.1203528 0.1161935 0.1302605 0.1081691 0.1083561 0.1111450 0.1266221 0.1396934 0.1345869 0.0000000 0.1257422 0.1408107 0.1013850 0.1320362 0.1387829 0.1689237 0.3323102 0.3613037 
S0013_G5894_R1_A 0.0917014 0.1170644 0.1169084 0.1564661 0.1307373 0.1095715 0.1094229 0.1159329 0.1064592 0.1046596 0.1099109 0.1379829 0.1181715 0.1065294 0.1257422 0.0000000 0.1390881 0.1104907 0.1300704 0.1335994 0.1643840 0.3232845 0.3553645 
S0037_G5894_R1_A 0.1185708 0.1414175 0.1475248 0.1806564 0.1555151 0.1340579 0.1330966 0.1396304 0.1288243 0.1216823 0.1024659 0.1229962 0.1498082 0.1493876 0.1408107 0.1390881 0.0000000 0.1295915 0.1494774 0.1509630 0.1792814 0.3657376 0.3959064 
S0022_G5894_R1_A 0.0933578 0.1159046 0.1190272 0.1577246 0.1269289 0.1166465 0.1135311 0.1200485 0.1005427 0.0983411 0.1043125 0.1151749 0.1250911 0.1207816 0.1013850 0.1104907 0.1295915 0.0000000 0.1253114 0.1240553 0.1498344 0.3214289 0.3329800 
S0019_G5894_R1_A 0.1121719 0.1385236 0.1344311 0.1787537 0.1375475 0.1175447 0.1119323 0.1387518 0.1285606 0.1327342 0.1213000 0.1395845 0.1437586 0.1356116 0.1320362 0.1300704 0.1494774 0.1253114 0.0000000 0.0449276 0.1112464 0.3274188 0.3407409 
S0020_G5894_R1_A 0.1123524 0.1359521 0.1383330 0.1666624 0.1471268 0.1216128 0.1111136 0.1447581 0.1324611 0.1358302 0.1277224 0.1430761 0.1442112 0.1391470 0.1387829 0.1335994 0.1509630 0.1240553 0.0449276 0.0000000 0.1081117 0.3229532 0.3322045 
S0002_G5894_R1_A 0.1379923 0.1726878 0.1698545 0.2141325 0.1774045 0.1482089 0.1488986 0.1690039 0.1645677 0.1675657 0.1608361 0.1826713 0.1784990 0.1711833 0.1689237 0.1643840 0.1792814 0.1498344 0.1112464 0.1081117 0.0000000 0.3610695 0.3887501 
S0005_G5894_R2_A 0.2903742 0.3357949 0.3150916 0.3751810 0.3371099 0.3204448 0.3209336 0.3304609 0.3295238 0.3276506 0.3195294 0.3467854 0.3418182 0.3507856 0.3323102 0.3232845 0.3657376 0.3214289 0.3274188 0.3229532 0.3610695 0.0000000 0.2496886 
S0005_G5894_R1_A 0.3096518 0.3670945 0.3459757 0.4059555 0.3655938 0.3652743 0.3546524 0.3501285 0.3518040 0.3490438 0.3684608 0.3885605 0.3877307 0.3841833 0.3613037 0.3553645 0.3959064 0.3329800 0.3407409 0.3322045 0.3887501 0.2496886 0.0000000 
