25
S0028_G5899_R1_A 0.0000000 0.0494192 0.0457510 0.0417877 0.0437766 0.1392069 0.0838606 0.0831708 0.0879871 0.0999758 0.0903619 0.0947520 0.0946168 0.0991522 0.0850234 0.0997422 0.0985209 0.1045370 0.1056927 0.0797722 0.2661379 0.0802187 0.1777794 0.6345637 0.5856067 
S0021_G5899_R1_A 0.0494192 0.0000000 0.0582605 0.0512370 0.0551011 0.1507461 0.0955024 0.0922218 0.0996931 0.1105772 0.1016453 0.1057673 0.0986820 0.1093762 0.0988700 0.1121507 0.1087887 0.1196737 0.1190706 0.0895569 0.2776360 0.0478265 0.1809145 0.6569686 0.6006923 
S0004_G5899_R1_A 0.0457510 0.0582605 0.0000000 0.0394848 0.0420375 0.1475436 0.0870044 0.0832275 0.0884541 0.0940703 0.0823519 0.0984743 0.1062738 0.0953113 0.0899701 0.1037843 0.1004705 0.1051683 0.1051261 0.0804046 0.2756686 0.0922638 0.1869994 0.6757015 0.6207173 
S0019_G5899_R1_A 0.0417877 0.0512370 0.0394848 0.0000000 0.0317468 0.1367179 0.0796632 0.0802548 0.0906507 0.0969527 0.0869829 0.0937010 0.1013365 0.0969339 0.0837178 0.1008089 0.0961569 0.1019683 0.1033114 0.0750091 0.2617431 0.0836061 0.1796079 0.6653945 0.5963639 
S0020_G5899_R1_A 0.0437766 0.0551011 0.0420375 0.0317468 0.0000000 0.1388866 0.0782656 0.0795535 0.0867581 0.0937294 0.0855675 0.0930626 0.0999968 0.0941669 0.0855444 0.0986459 0.0942214 0.0993151 0.1000535 0.0755056 0.2612366 0.0866584 0.1795122 0.6705654 0.6068313 
S0012_G5899_R1_A 0.1392069 0.1507461 0.1475436 0.1367179 0.1388866 0.0000000 0.1307404 0.1327938 0.1470278 0.1519866 0.1399533 0.1426799 0.1479468 0.1607739 0.1324677 0.1406595 0.1484761 0.1556217 0.1536441 0.1353086 0.2834802 0.1557878 0.2479832 0.7705238 0.7467805 
S0002_G5899_R1_A 0.0838606 0.0955024 0.0870044 0.0796632 0.0782656 0.1307404 0.0000000 0.0378989 0.0544759 0.0643661 0.0542034 0.0583602 0.0653955 0.0759146 0.0489284 0.0614975 0.0676155 0.0750169 0.0757844 0.0446143 0.1968609 0.0829892 0.1767015 0.7680327 0.6887741 
S0036_G5899_R1_A 0.0831708 0.0922218 0.0832275 0.0802548 0.0795535 0.1327938 0.0378989 0.0000000 0.0478658 0.0591284 0.0452732 0.0531961 0.0591768 0.0680421 0.0456493 0.0561686 0.0613108 0.0666347 0.0663346 0.0366200 0.1935381 0.0719639 0.1721797 0.7443662 0.6598806 
S0016_G5899_R1_A 0.0879871 0.0996931 0.0884541 0.0906507 0.0867581 0.1470278 0.0544759 0.0478658 0.0000000 0.0610418 0.0499324 0.0647818 0.0666235 0.0689625 0.0568705 0.0661063 0.0742825 0.0809345 0.0816711 0.0495485 0.2084839 0.0845527 0.1838829 0.7760543 0.6846440 
S0018_G5899_R1_A 0.0999758 0.1105772 0.0940703 0.0969527 0.0937294 0.1519866 0.0643661 0.0591284 0.0610418 0.0000000 0.0321252 0.0733458 0.0822751 0.0641973 0.0639367 0.0778917 0.0826191 0.0914019 0.0917350 0.0585650 0.2087768 0.0985845 0.1999434 0.7653010 0.6906645 
S0031_G5899_R1_A 0.0903619 0.1016453 0.0823519 0.0869829 0.0855675 0.1399533 0.0542034 0.0452732 0.0499324 0.0321252 0.0000000 0.0630270 0.0706072 0.0555129 0.0545651 0.0676940 0.0727995 0.0808116 0.0815662 0.0478083 0.2009350 0.0894717 0.1884132 0.7451567 0.6887600 
S0046_G5899_R1_A 0.0947520 0.1057673 0.0984743 0.0937010 0.0930626 0.1426799 0.0583602 0.0531961 0.0647818 0.0733458 0.0630270 0.0000000 0.0709992 0.0835602 0.0574447 0.0686090 0.0732438 0.0793313 0.0795868 0.0544389 0.1985357 0.0887517 0.1845349 0.7591064 0.6559001 
S0026_G5899_R1_A 0.0946168 0.0986820 0.1062738 0.1013365 0.0999968 0.1479468 0.0653955 0.0591768 0.0666235 0.0822751 0.0706072 0.0709992 0.0000000 0.0859448 0.0616009 0.0708675 0.0830209 0.0873367 0.0870832 0.0605472 0.2056010 0.0783059 0.1730862 0.7528044 0.6876958 
S0037_G5899_R1_A 0.0991522 0.1093762 0.0953113 0.0969339 0.0941669 0.1607739 0.0759146 0.0680421 0.0689625 0.0641973 0.0555129 0.0835602 0.0859448 0.0000000 0.0736381 0.0857159 0.0925997 0.1033755 0.1005507 0.0690953 0.2202056 0.1033326 0.2061270 0.7865974 0.7042937 
S0022_G5899_R1_A 0.0850234 0.0988700 0.0899701 0.0837178 0.0855444 0.1324677 0.0489284 0.0456493 0.0568705 0.0639367 0.0545651 0.0574447 0.0616009 0.0736381 0.0000000 0.0448193 0.0667682 0.0724141 0.0728869 0.0456789 0.1854006 0.0802726 0.1700251 0.7445557 0.6913461 
S0030_G5899_R1_A 0.0997422 0.1121507 0.1037843 0.1008089 0.0986459 0.1406595 0.0614975 0.0561686 0.0661063 0.0778917 0.0676940 0.0686090 0.0708675 0.0857159 0.0448193 0.0000000 0.0746555 0.0835931 0.0838853 0.0574185 0.1948914 0.0883536 0.1844714 0.7476313 0.6736714 
S0013_G5899_R1_A 0.0985209 0.1087887 0.1004705 0.0961569 0.0942214 0.1484761 0.0676155 0.0613108 0.0742825 0.0826191 0.0727995 0.0732438 0.0830209 0.0925997 0.0667682 0.0746555 0.0000000 0.0680697 0.0692209 0.0596802 0.2094086 0.0969809 0.1936760 0.7684592 0.7041809 
S0048_G5899_R1_A 0.1045370 0.1196737 0.1051683 0.1019683 0.0993151 0.1556217 0.0750169 0.0666347 0.0809345 0.0914019 0.0808116 0.0793313 0.0873367 0.1033755 0.0724141 0.0835931 0.0680697 0.0000000 0.0195948 0.0713046 0.2164083 0.1038645 0.1985249 0.7594918 0.7301905 
S0050_G5899_R1_A 0.1056927 0.1190706 0.1051261 0.1033114 0.1000535 0.1536441 0.0757844 0.0663346 0.0816711 0.0917350 0.0815662 0.0795868 0.0870832 0.1005507 0.0728869 0.0838853 0.0692209 0.0195948 0.0000000 0.0707123 0.2138763 0.1031795 0.1936263 0.7516340 0.7188593 
S0011_G5899_R1_A 0.0797722 0.0895569 0.0804046 0.0750091 0.0755056 0.1353086 0.0446143 0.0366200 0.0495485 0.0585650 0.0478083 0.0544389 0.0605472 0.0690953 0.0456789 0.0574185 0.0596802 0.0713046 0.0707123 0.0000000 0.1863692 0.0770094 0.1727503 0.7300424 0.6692147 
S0017_G5899_R1_A 0.2661379 0.2776360 0.2756686 0.2617431 0.2612366 0.2834802 0.1968609 0.1935381 0.2084839 0.2087768 0.2009350 0.1985357 0.2056010 0.2202056 0.1854006 0.1948914 0.2094086 0.2164083 0.2138763 0.1863692 0.0000000 0.2233756 0.3126545 0.8846580 0.7657624 
S0021_G5899_R2_A 0.0802187 0.0478265 0.0922638 0.0836061 0.0866584 0.1557878 0.0829892 0.0719639 0.0845527 0.0985845 0.0894717 0.0887517 0.0783059 0.1033326 0.0802726 0.0883536 0.0969809 0.1038645 0.1031795 0.0770094 0.2233756 0.0000000 0.1767086 0.7360497 0.6556778 
S0005_G5899_R1_A 0.1777794 0.1809145 0.1869994 0.1796079 0.1795122 0.2479832 0.1767015 0.1721797 0.1838829 0.1999434 0.1884132 0.1845349 0.1730862 0.2061270 0.1700251 0.1844714 0.1936760 0.1985249 0.1936263 0.1727503 0.3126545 0.1767086 0.0000000 0.7940100 0.7345554 
S0005_G5899_R2_A 0.6345637 0.6569686 0.6757015 0.6653945 0.6705654 0.7705238 0.7680327 0.7443662 0.7760543 0.7653010 0.7451567 0.7591064 0.7528044 0.7865974 0.7445557 0.7476313 0.7684592 0.7594918 0.7516340 0.7300424 0.8846580 0.7360497 0.7940100 0.0000000 0.7272246 
S0031_G5899_R2_A 0.5856067 0.6006923 0.6207173 0.5963639 0.6068313 0.7467805 0.6887741 0.6598806 0.6846440 0.6906645 0.6887600 0.6559001 0.6876958 0.7042937 0.6913461 0.6736714 0.7041809 0.7301905 0.7188593 0.6692147 0.7657624 0.6556778 0.7345554 0.7272246 0.0000000 
