24
S0037_G5913_R1_A 0.0000000 0.1841149 0.1308531 0.1814847 0.1604542 0.1824144 0.1846555 0.1804204 0.1575671 0.1657626 0.1516382 0.1592582 0.1655229 0.1553492 0.1560251 0.1528719 0.1467887 0.3124374 0.1651692 0.1602254 0.2059449 0.1583132 0.1699113 0.1355836 
S0046_G5913_R1_A 0.1841149 0.0000000 0.1010113 0.1266509 0.1043103 0.1408533 0.1457784 0.1089386 0.1061315 0.1099567 0.0944456 0.1033447 0.1115173 0.1093070 0.1091629 0.1109652 0.1074435 0.2790313 0.0917818 0.1047803 0.1570132 0.0940034 0.1141994 0.1069840 
S0030_G5913_R1_A 0.1308531 0.1010113 0.0000000 0.1077065 0.0818680 0.1126382 0.1142288 0.0880080 0.0873865 0.0903801 0.0757666 0.0856861 0.0900238 0.0937958 0.0902982 0.0979007 0.0942343 0.2426535 0.0716553 0.0839132 0.1336694 0.0770090 0.0945984 0.0800044 
S0017_G5913_R1_A 0.1814847 0.1266509 0.1077065 0.0000000 0.1150144 0.1400200 0.1457422 0.1161726 0.1193642 0.1216017 0.1003362 0.1124066 0.1176052 0.1173790 0.1131657 0.1169363 0.1147927 0.2853680 0.1051144 0.1122489 0.1661028 0.1032882 0.1208416 0.1176253 
S0011_G5913_R1_A 0.1604542 0.1043103 0.0818680 0.1150144 0.0000000 0.1130601 0.1161112 0.0967561 0.0995525 0.1008679 0.0668234 0.0752460 0.0814745 0.0856418 0.0809729 0.0863879 0.0829855 0.2671435 0.0788284 0.0748433 0.1209184 0.0716629 0.0934559 0.0952398 
S0050_G5913_R1_A 0.1824144 0.1408533 0.1126382 0.1400200 0.1130601 0.0000000 0.0320031 0.1299762 0.1317281 0.1364005 0.0956557 0.1037986 0.1095031 0.1178862 0.1145121 0.1205512 0.1154611 0.3038616 0.1147756 0.1054998 0.1516095 0.1041292 0.1030218 0.1235143 
S0048_G5913_R1_A 0.1846555 0.1457784 0.1142288 0.1457422 0.1161112 0.0320031 0.0000000 0.1340030 0.1375386 0.1413480 0.0978370 0.1067725 0.1124940 0.1195163 0.1176353 0.1229265 0.1201975 0.3111670 0.1179066 0.1118201 0.1590995 0.1048941 0.1084908 0.1260092 
S0026_G5913_R1_A 0.1804204 0.1089386 0.0880080 0.1161726 0.0967561 0.1299762 0.1340030 0.0000000 0.0872579 0.0885897 0.0800729 0.0903295 0.0959051 0.0994511 0.0968329 0.1032460 0.0967765 0.2621801 0.0783187 0.0956220 0.1492821 0.0873826 0.1042201 0.0956648 
S0021_G5913_R1_A 0.1575671 0.1061315 0.0873865 0.1193642 0.0995525 0.1317281 0.1375386 0.0872579 0.0000000 0.0197140 0.0848788 0.0913476 0.0955018 0.1013468 0.0997027 0.1063386 0.1019590 0.2607186 0.0777149 0.0934762 0.1465399 0.0836048 0.1063168 0.0966408 
S0021_G5913_R2_A 0.1657626 0.1099567 0.0903801 0.1216017 0.1008679 0.1364005 0.1413480 0.0885897 0.0197140 0.0000000 0.0853741 0.0941893 0.0991368 0.1035292 0.1018261 0.1084495 0.1032724 0.2614775 0.0790773 0.0956335 0.1476892 0.0857132 0.1100161 0.0971329 
S0019_G5913_R1_A 0.1516382 0.0944456 0.0757666 0.1003362 0.0668234 0.0956557 0.0978370 0.0800729 0.0848788 0.0853741 0.0000000 0.0446154 0.0475763 0.0709299 0.0678414 0.0774118 0.0727325 0.2564080 0.0679767 0.0608826 0.1196253 0.0564402 0.0777248 0.0824525 
S0020_G5913_R1_A 0.1592582 0.1033447 0.0856861 0.1124066 0.0752460 0.1037986 0.1067725 0.0903295 0.0913476 0.0941893 0.0446154 0.0000000 0.0247796 0.0763888 0.0777506 0.0868368 0.0812634 0.2703158 0.0749230 0.0693261 0.1280488 0.0602881 0.0855266 0.0875889 
S0020_G5913_R2_A 0.1655229 0.1115173 0.0900238 0.1176052 0.0814745 0.1095031 0.1124940 0.0959051 0.0955018 0.0991368 0.0475763 0.0247796 0.0000000 0.0848486 0.0823944 0.0915751 0.0883064 0.2811864 0.0826196 0.0732796 0.1316609 0.0693163 0.0895486 0.0968646 
S0004_G5913_R1_A 0.1553492 0.1093070 0.0937958 0.1173790 0.0856418 0.1178862 0.1195163 0.0994511 0.1013468 0.1035292 0.0709299 0.0763888 0.0848486 0.0000000 0.0760355 0.0835050 0.0757199 0.2828745 0.0830514 0.0812286 0.1309055 0.0757767 0.0929308 0.0972528 
S0016_G5913_R1_A 0.1560251 0.1091629 0.0902982 0.1131657 0.0809729 0.1145121 0.1176353 0.0968329 0.0997027 0.1018261 0.0678414 0.0777506 0.0823944 0.0760355 0.0000000 0.0834115 0.0786630 0.2688742 0.0791026 0.0773378 0.1315210 0.0741510 0.0942668 0.0961767 
S0018_G5913_R1_A 0.1528719 0.1109652 0.0979007 0.1169363 0.0863879 0.1205512 0.1229265 0.1032460 0.1063386 0.1084495 0.0774118 0.0868368 0.0915751 0.0835050 0.0834115 0.0000000 0.0405620 0.2739238 0.0905347 0.0835127 0.1427983 0.0809538 0.0976084 0.1029931 
S0031_G5913_R1_A 0.1467887 0.1074435 0.0942343 0.1147927 0.0829855 0.1154611 0.1201975 0.0967765 0.1019590 0.1032724 0.0727325 0.0812634 0.0883064 0.0757199 0.0786630 0.0405620 0.0000000 0.2693315 0.0825922 0.0802083 0.1348546 0.0738899 0.0949451 0.0977027 
S0005_G5913_R1_A 0.3124374 0.2790313 0.2426535 0.2853680 0.2671435 0.3038616 0.3111670 0.2621801 0.2607186 0.2614775 0.2564080 0.2703158 0.2811864 0.2828745 0.2688742 0.2739238 0.2693315 0.0000000 0.2552306 0.2600744 0.3169305 0.2668106 0.2761611 0.2655061 
S0028_G5913_R1_A 0.1651692 0.0917818 0.0716553 0.1051144 0.0788284 0.1147756 0.1179066 0.0783187 0.0777149 0.0790773 0.0679767 0.0749230 0.0826196 0.0830514 0.0791026 0.0905347 0.0825922 0.2552306 0.0000000 0.0775476 0.1334098 0.0690656 0.0929510 0.0798450 
S0002_G5913_R1_A 0.1602254 0.1047803 0.0839132 0.1122489 0.0748433 0.1054998 0.1118201 0.0956220 0.0934762 0.0956335 0.0608826 0.0693261 0.0732796 0.0812286 0.0773378 0.0835127 0.0802083 0.2600744 0.0775476 0.0000000 0.1250576 0.0679645 0.0867585 0.0930214 
S0012_G5913_R1_A 0.2059449 0.1570132 0.1336694 0.1661028 0.1209184 0.1516095 0.1590995 0.1492821 0.1465399 0.1476892 0.1196253 0.1280488 0.1316609 0.1309055 0.1315210 0.1427983 0.1348546 0.3169305 0.1334098 0.1250576 0.0000000 0.1241884 0.1302379 0.1403377 
S0036_G5913_R1_A 0.1583132 0.0940034 0.0770090 0.1032882 0.0716629 0.1041292 0.1048941 0.0873826 0.0836048 0.0857132 0.0564402 0.0602881 0.0693163 0.0757767 0.0741510 0.0809538 0.0738899 0.2668106 0.0690656 0.0679645 0.1241884 0.0000000 0.0848869 0.0861351 
S0013_G5913_R1_A 0.1699113 0.1141994 0.0945984 0.1208416 0.0934559 0.1030218 0.1084908 0.1042201 0.1063168 0.1100161 0.0777248 0.0855266 0.0895486 0.0929308 0.0942668 0.0976084 0.0949451 0.2761611 0.0929510 0.0867585 0.1302379 0.0848869 0.0000000 0.1022267 
S0022_G5913_R1_A 0.1355836 0.1069840 0.0800044 0.1176253 0.0952398 0.1235143 0.1260092 0.0956648 0.0966408 0.0971329 0.0824525 0.0875889 0.0968646 0.0972528 0.0961767 0.1029931 0.0977027 0.2655061 0.0798450 0.0930214 0.1403377 0.0861351 0.1022267 0.0000000 
