22
S0004_G5921_R1_A 0.0000000 0.0602572 0.0575332 0.0623133 0.0736583 0.0744076 0.0778445 0.0699056 0.1001836 0.4291697 0.4591532 0.4657220 0.4548934 0.4571120 0.4565063 0.5030461 0.5030461 0.4746646 0.4792791 0.5009128 0.4345527 0.1870923 
S0016_G5921_R1_A 0.0602572 0.0000000 0.0473893 0.0532382 0.0671062 0.0698026 0.0749497 0.0619150 0.0961137 0.4421554 0.4521991 0.4586327 0.4556155 0.4777863 0.4769410 0.4901592 0.4901592 0.4675264 0.4689890 0.5098433 0.4534427 0.1841647 
S0031_G5921_R1_A 0.0575332 0.0473893 0.0000000 0.0525351 0.0627153 0.0687108 0.0710751 0.0591909 0.0923193 0.4114476 0.4371738 0.4278757 0.4481598 0.4433863 0.4427319 0.4983693 0.4983693 0.4506132 0.4537869 0.4937253 0.4300468 0.1281166 
S0036_G5921_R1_A 0.0623133 0.0532382 0.0525351 0.0000000 0.0575513 0.0601997 0.0690671 0.0473765 0.0845059 0.4064658 0.4290415 0.4349449 0.4252209 0.4331183 0.4327854 0.4738633 0.4738633 0.4435456 0.4485152 0.4648576 0.4275574 0.1675199 
S0026_G5921_R1_A 0.0736583 0.0671062 0.0627153 0.0575513 0.0000000 0.0716422 0.0748221 0.0639986 0.0981535 0.4192060 0.4547994 0.4537179 0.4485531 0.4602720 0.4593307 0.5144399 0.5144399 0.4510562 0.4378535 0.4918143 0.4451886 0.1501704 
S0022_G5921_R1_A 0.0744076 0.0698026 0.0687108 0.0601997 0.0716422 0.0000000 0.0806664 0.0688438 0.1039608 0.4570236 0.4831658 0.4903135 0.4785260 0.4864118 0.4854533 0.5290102 0.5290102 0.4995591 0.5128352 0.5315626 0.4905474 0.1874163 
S0017_G5921_R1_A 0.0778445 0.0749497 0.0710751 0.0690671 0.0748221 0.0806664 0.0000000 0.0749902 0.1115560 0.4040904 0.4333546 0.4335660 0.4182495 0.4375051 0.4439669 0.4727019 0.4727019 0.4342773 0.4679861 0.4731833 0.4443981 0.1883174 
S0011_G5921_R1_A 0.0699056 0.0619150 0.0591909 0.0473765 0.0639986 0.0688438 0.0749902 0.0000000 0.0968636 0.3911828 0.4123647 0.4178128 0.4088394 0.4165953 0.4226723 0.4521122 0.4521122 0.4260737 0.4311330 0.4575564 0.4178996 0.2084878 
S0012_G5921_R1_A 0.1001836 0.0961137 0.0923193 0.0845059 0.0981535 0.1039608 0.1115560 0.0968636 0.0000000 0.4396423 0.4587264 0.4652214 0.4492170 0.4676077 0.4668910 0.4904650 0.4904650 0.4740702 0.4726192 0.5051023 0.4566413 0.2128623 
S0002_G5921_R1_A 0.4291697 0.4421554 0.4114476 0.4064658 0.4192060 0.4570236 0.4040904 0.3911828 0.4396423 0.0000000 0.0382321 0.0510928 0.0528808 0.0386572 0.0355258 0.0673256 0.0633205 0.0652178 0.0634219 0.0560001 0.0559345 0.5733146 
S0028_G5921_R1_A 0.4591532 0.4521991 0.4371738 0.4290415 0.4547994 0.4831658 0.4333546 0.4123647 0.4587264 0.0382321 0.0000000 0.0429584 0.0435835 0.0298710 0.0298892 0.0549553 0.0510826 0.0586464 0.0564825 0.0468421 0.0445707 0.5658832 
S0030_G5921_R1_A 0.4657220 0.4586327 0.4278757 0.4349449 0.4537179 0.4903135 0.4335660 0.4178128 0.4652214 0.0510928 0.0429584 0.0000000 0.0585164 0.0445642 0.0439680 0.0715346 0.0675207 0.0705731 0.0698315 0.0619886 0.0600123 0.5965467 
S0046_G5921_R1_A 0.4548934 0.4556155 0.4481598 0.4252209 0.4485531 0.4785260 0.4182495 0.4088394 0.4492170 0.0528808 0.0435835 0.0585164 0.0000000 0.0444804 0.0438637 0.0708718 0.0668518 0.0713903 0.0657768 0.0598713 0.0619322 0.6008064 
S0019_G5921_R1_A 0.4571120 0.4777863 0.4433863 0.4331183 0.4602720 0.4864118 0.4375051 0.4165953 0.4676077 0.0386572 0.0298710 0.0445642 0.0444804 0.0000000 0.0209926 0.0581953 0.0542356 0.0591935 0.0569366 0.0468891 0.0512079 0.5866073 
S0020_G5921_R1_A 0.4565063 0.4769410 0.4427319 0.4327854 0.4593307 0.4854533 0.4439669 0.4226723 0.4668910 0.0355258 0.0298892 0.0439680 0.0438637 0.0209926 0.0000000 0.0582368 0.0529757 0.0579257 0.0556729 0.0479879 0.0503393 0.5805028 
S0048_G5921_R1_A 0.5030461 0.4901592 0.4983693 0.4738633 0.5144399 0.5290102 0.4727019 0.4521122 0.4904650 0.0673256 0.0549553 0.0715346 0.0708718 0.0581953 0.0582368 0.0000000 0.0099370 0.0679474 0.0831207 0.0778872 0.0777463 0.6145287 
S0050_G5921_R1_A 0.5030461 0.4901592 0.4983693 0.4738633 0.5144399 0.5290102 0.4727019 0.4521122 0.4904650 0.0633205 0.0510826 0.0675207 0.0668518 0.0542356 0.0529757 0.0099370 0.0000000 0.0632439 0.0803319 0.0737745 0.0735387 0.6145287 
S0013_G5921_R1_A 0.4746646 0.4675264 0.4506132 0.4435456 0.4510562 0.4995591 0.4342773 0.4260737 0.4740702 0.0652178 0.0586464 0.0705731 0.0713903 0.0591935 0.0579257 0.0679474 0.0632439 0.0000000 0.0901360 0.0766562 0.0755982 0.6173252 
S0037_G5921_R1_A 0.4792791 0.4689890 0.4537869 0.4485152 0.4378535 0.5128352 0.4679861 0.4311330 0.4726192 0.0634219 0.0564825 0.0698315 0.0657768 0.0569366 0.0556729 0.0831207 0.0803319 0.0901360 0.0000000 0.0597956 0.0729336 0.6239700 
S0018_G5921_R1_A 0.5009128 0.5098433 0.4937253 0.4648576 0.4918143 0.5315626 0.4731833 0.4575564 0.5051023 0.0560001 0.0468421 0.0619886 0.0598713 0.0468891 0.0479879 0.0778872 0.0737745 0.0766562 0.0597956 0.0000000 0.0682439 0.6039872 
S0021_G5921_R1_A 0.4345527 0.4534427 0.4300468 0.4275574 0.4451886 0.4905474 0.4443981 0.4178996 0.4566413 0.0559345 0.0445707 0.0600123 0.0619322 0.0512079 0.0503393 0.0777463 0.0735387 0.0755982 0.0729336 0.0682439 0.0000000 0.5178550 
S0005_G5921_R1_A 0.1870923 0.1841647 0.1281166 0.1675199 0.1501704 0.1874163 0.1883174 0.2084878 0.2128623 0.5733146 0.5658832 0.5965467 0.6008064 0.5866073 0.5805028 0.6145287 0.6145287 0.6173252 0.6239700 0.6039872 0.5178550 0.0000000 
