29
S0048_G5926_R1_A 0.0000000 0.0128438 0.1027815 0.0983587 0.0818239 0.0897030 0.1000326 0.0971575 0.0931510 0.0866833 0.1006474 0.0946359 0.0945737 0.1183073 0.0947233 0.0984997 0.1054133 0.1250998 0.0993379 0.0856185 0.1105381 0.0945737 0.0957154 0.1023431 0.1027485 0.2617633 0.2609729 0.2609729 0.2617633 
S0050_G5926_R1_A 0.0128438 0.0000000 0.1036098 0.1008334 0.0817903 0.0888318 0.0999904 0.0946224 0.0912959 0.0865737 0.1006050 0.0945963 0.0945342 0.1182556 0.0946834 0.0976062 0.1018183 0.1250445 0.0973080 0.0863961 0.1103184 0.0945342 0.0956752 0.1022999 0.1018494 0.2615811 0.2607911 0.2607911 0.2615811 
S0011_G5926_R1_A 0.1027815 0.1036098 0.0000000 0.0543656 0.0471262 0.0499902 0.0772842 0.0771477 0.0608050 0.0706547 0.0812734 0.0673425 0.0689051 0.0920297 0.0735808 0.0724977 0.0941915 0.1163003 0.0746848 0.0534081 0.0757034 0.0689051 0.0675058 0.0897327 0.0820577 0.2470769 0.2430739 0.2430739 0.2470769 
S0019_G5926_R1_A 0.0983587 0.1008334 0.0543656 0.0000000 0.0454877 0.0420513 0.0758734 0.0781608 0.0484218 0.0718078 0.0822434 0.0677394 0.0669148 0.0936128 0.0698296 0.0696339 0.0893542 0.1123348 0.0685672 0.0524509 0.0751405 0.0669148 0.0687033 0.0897720 0.0838935 0.2391364 0.2352280 0.2352280 0.2391364 
S0036_G5926_R1_A 0.0818239 0.0817903 0.0471262 0.0454877 0.0000000 0.0412285 0.0579138 0.0578244 0.0431839 0.0507203 0.0633707 0.0508626 0.0523631 0.0780996 0.0520364 0.0533707 0.0762961 0.0979300 0.0558050 0.0359355 0.0556058 0.0523631 0.0517554 0.0729884 0.0669896 0.2261607 0.2223397 0.2223397 0.2261607 
S0020_G5926_R1_A 0.0897030 0.0888318 0.0499902 0.0420513 0.0412285 0.0000000 0.0706704 0.0705690 0.0531375 0.0658451 0.0739688 0.0626441 0.0626041 0.0875649 0.0638774 0.0644956 0.0807437 0.1064287 0.0655255 0.0473291 0.0684125 0.0626041 0.0635949 0.0822539 0.0769663 0.2344570 0.2290949 0.2290949 0.2344570 
S0004_G5926_R1_A 0.1000326 0.0999904 0.0772842 0.0758734 0.0579138 0.0706704 0.0000000 0.0644800 0.0620654 0.0709667 0.0798078 0.0739995 0.0739522 0.0801522 0.0585492 0.0711333 0.0867459 0.1133254 0.0775956 0.0643592 0.0833539 0.0739522 0.0749859 0.0873336 0.0673061 0.2408171 0.2348393 0.2348393 0.2408171 
S0016_G5926_R1_A 0.0971575 0.0946224 0.0771477 0.0781608 0.0578244 0.0705690 0.0644800 0.0000000 0.0680954 0.0596405 0.0731439 0.0684084 0.0699443 0.0817860 0.0562312 0.0701127 0.0854761 0.1129167 0.0693244 0.0658347 0.0831954 0.0699443 0.0693731 0.0895224 0.0705152 0.2475227 0.2394112 0.2394112 0.2475227 
S0028_G5926_R1_A 0.0931510 0.0912959 0.0608050 0.0484218 0.0431839 0.0531375 0.0620654 0.0680954 0.0000000 0.0573466 0.0733929 0.0543034 0.0525573 0.0790607 0.0564373 0.0579867 0.0833368 0.1075351 0.0524305 0.0498069 0.0727625 0.0525573 0.0544035 0.0760954 0.0703287 0.2243373 0.2184489 0.2184489 0.2243373 
S0030_G5926_R1_A 0.0866833 0.0865737 0.0706547 0.0718078 0.0507203 0.0658451 0.0709667 0.0596405 0.0573466 0.0000000 0.0691819 0.0636962 0.0652428 0.0835611 0.0576730 0.0646045 0.0767637 0.0989112 0.0648666 0.0577836 0.0775955 0.0652428 0.0646547 0.0775272 0.0690260 0.2382948 0.2322756 0.2322756 0.2382948 
S0046_G5926_R1_A 0.1006474 0.1006050 0.0812734 0.0822434 0.0633707 0.0739688 0.0798078 0.0731439 0.0733929 0.0691819 0.0000000 0.0725134 0.0731781 0.0978130 0.0682046 0.0743137 0.0939893 0.1148786 0.0775226 0.0682941 0.0923440 0.0731781 0.0734956 0.0860932 0.0838274 0.2433188 0.2383626 0.2383626 0.2433188 
S0021_G5926_R1_A 0.0946359 0.0945963 0.0673425 0.0677394 0.0508626 0.0626441 0.0739995 0.0684084 0.0543034 0.0636962 0.0725134 0.0000000 0.0134485 0.0907734 0.0641528 0.0670589 0.0874747 0.1123742 0.0595458 0.0586373 0.0799206 0.0134485 0.0000010 0.0839506 0.0770564 0.2348143 0.2309399 0.2309399 0.2348143 
S0021_G5926_R2_A 0.0945737 0.0945342 0.0689051 0.0669148 0.0523631 0.0626041 0.0739522 0.0699443 0.0525573 0.0652428 0.0731781 0.0134485 0.0000000 0.0890631 0.0648680 0.0678163 0.0874172 0.1114908 0.0595018 0.0586001 0.0798690 0.0000010 0.0134701 0.0838964 0.0761532 0.2313196 0.2274636 0.2274636 0.2313196 
S0037_G5926_R1_A 0.1183073 0.1182556 0.0920297 0.0936128 0.0780996 0.0875649 0.0801522 0.0817860 0.0790607 0.0835611 0.0978130 0.0907734 0.0890631 0.0000000 0.0757173 0.0912897 0.1026375 0.1351158 0.0948659 0.0809892 0.1015503 0.0890631 0.0918406 0.1064219 0.0833429 0.2644538 0.2604501 0.2604501 0.2644538 
S0031_G5926_R1_A 0.0947233 0.0946834 0.0735808 0.0698296 0.0520364 0.0638774 0.0585492 0.0562312 0.0564373 0.0576730 0.0682046 0.0641528 0.0648680 0.0757173 0.0000000 0.0650219 0.0822728 0.1054104 0.0682530 0.0583630 0.0773203 0.0648680 0.0651081 0.0835994 0.0470086 0.2321600 0.2294827 0.2294827 0.2321600 
S0022_G5926_R1_A 0.0984997 0.0976062 0.0724977 0.0696339 0.0533707 0.0644956 0.0711333 0.0701127 0.0579867 0.0646045 0.0743137 0.0670589 0.0678163 0.0912897 0.0650219 0.0000000 0.0877864 0.1044011 0.0714101 0.0581221 0.0810441 0.0678163 0.0672258 0.0824878 0.0797396 0.2436812 0.2397511 0.2397511 0.2436812 
S0017_G5926_R1_A 0.1054133 0.1018183 0.0941915 0.0893542 0.0762961 0.0807437 0.0867459 0.0854761 0.0833368 0.0767637 0.0939893 0.0874747 0.0874172 0.1026375 0.0822728 0.0877864 0.0000000 0.1239112 0.0865472 0.0775117 0.0987645 0.0874172 0.0885289 0.0892336 0.0970537 0.2627172 0.2564435 0.2564435 0.2627172 
S0012_G5926_R1_A 0.1250998 0.1250445 0.1163003 0.1123348 0.0979300 0.1064287 0.1133254 0.1129167 0.1075351 0.0989112 0.1148786 0.1123742 0.1114908 0.1351158 0.1054104 0.1044011 0.1239112 0.0000000 0.1131214 0.1019333 0.1261309 0.1114908 0.1135417 0.1168069 0.1145462 0.2918347 0.2921905 0.2921905 0.2918347 
S0026_G5926_R1_A 0.0993379 0.0973080 0.0746848 0.0685672 0.0558050 0.0655255 0.0775956 0.0693244 0.0524305 0.0648666 0.0775226 0.0595458 0.0595018 0.0948659 0.0682530 0.0714101 0.0865472 0.1131214 0.0000000 0.0610570 0.0839901 0.0595018 0.0596597 0.0821980 0.0848846 0.2172543 0.2133821 0.2133821 0.2172543 
S0002_G5926_R2_A 0.0856185 0.0863961 0.0534081 0.0524509 0.0359355 0.0473291 0.0643592 0.0658347 0.0498069 0.0577836 0.0682941 0.0586373 0.0586001 0.0809892 0.0583630 0.0581221 0.0775117 0.1019333 0.0610570 0.0000000 0.0375613 0.0586001 0.0595718 0.0797455 0.0720316 0.2339032 0.2310469 0.2310469 0.2339032 
S0002_G5926_R4_A 0.1105381 0.1103184 0.0757034 0.0751405 0.0556058 0.0684125 0.0833539 0.0831954 0.0727625 0.0775955 0.0923440 0.0799206 0.0798690 0.1015503 0.0773203 0.0810441 0.0987645 0.1261309 0.0839901 0.0375613 0.0000000 0.0798690 0.0809334 0.0999110 0.0908387 0.2539924 0.2531778 0.2531778 0.2539924 
S0021_G5926_R4_A 0.0945737 0.0945342 0.0689051 0.0669148 0.0523631 0.0626041 0.0739522 0.0699443 0.0525573 0.0652428 0.0731781 0.0134485 0.0000010 0.0890631 0.0648680 0.0678163 0.0874172 0.1114908 0.0595018 0.0586001 0.0798690 0.0000000 0.0134701 0.0838964 0.0761532 0.2313196 0.2274636 0.2274636 0.2313196 
S0021_G5926_R3_A 0.0957154 0.0956752 0.0675058 0.0687033 0.0517554 0.0635949 0.0749859 0.0693731 0.0544035 0.0646547 0.0734956 0.0000010 0.0134701 0.0918406 0.0651081 0.0672258 0.0885289 0.1135417 0.0596597 0.0595718 0.0809334 0.0134701 0.0000000 0.0848984 0.0780726 0.2352899 0.2314070 0.2314070 0.2352899 
S0013_G5926_R1_A 0.1023431 0.1022999 0.0897327 0.0897720 0.0729884 0.0822539 0.0873336 0.0895224 0.0760954 0.0775272 0.0860932 0.0839506 0.0838964 0.1064219 0.0835994 0.0824878 0.0892336 0.1168069 0.0821980 0.0797455 0.0999110 0.0838964 0.0848984 0.0000000 0.0998260 0.2484766 0.2466605 0.2466605 0.2484766 
S0018_G5926_R1_A 0.1027485 0.1018494 0.0820577 0.0838935 0.0669896 0.0769663 0.0673061 0.0705152 0.0703287 0.0690260 0.0838274 0.0770564 0.0761532 0.0833429 0.0470086 0.0797396 0.0970537 0.1145462 0.0848846 0.0720316 0.0908387 0.0761532 0.0780726 0.0998260 0.0000000 0.2476160 0.2448907 0.2448907 0.2476160 
S0005_G5926_R1_A 0.2617633 0.2615811 0.2470769 0.2391364 0.2261607 0.2344570 0.2408171 0.2475227 0.2243373 0.2382948 0.2433188 0.2348143 0.2313196 0.2644538 0.2321600 0.2436812 0.2627172 0.2918347 0.2172543 0.2339032 0.2539924 0.2313196 0.2352899 0.2484766 0.2476160 0.0000000 0.0302989 0.0302989 0.0000010 
S0005_G5926_R2_A 0.2609729 0.2607911 0.2430739 0.2352280 0.2223397 0.2290949 0.2348393 0.2394112 0.2184489 0.2322756 0.2383626 0.2309399 0.2274636 0.2604501 0.2294827 0.2397511 0.2564435 0.2921905 0.2133821 0.2310469 0.2531778 0.2274636 0.2314070 0.2466605 0.2448907 0.0302989 0.0000000 0.0000010 0.0302989 
S0005_G5926_R3_A 0.2609729 0.2607911 0.2430739 0.2352280 0.2223397 0.2290949 0.2348393 0.2394112 0.2184489 0.2322756 0.2383626 0.2309399 0.2274636 0.2604501 0.2294827 0.2397511 0.2564435 0.2921905 0.2133821 0.2310469 0.2531778 0.2274636 0.2314070 0.2466605 0.2448907 0.0302989 0.0000010 0.0000000 0.0302989 
S0005_G5926_R4_A 0.2617633 0.2615811 0.2470769 0.2391364 0.2261607 0.2344570 0.2408171 0.2475227 0.2243373 0.2382948 0.2433188 0.2348143 0.2313196 0.2644538 0.2321600 0.2436812 0.2627172 0.2918347 0.2172543 0.2339032 0.2539924 0.2313196 0.2352899 0.2484766 0.2476160 0.0000010 0.0302989 0.0302989 0.0000000 
