23
S0026_G5922_R1_A 0.0000000 0.1035438 0.1206494 0.0749731 0.0771467 0.1029695 0.0605621 0.0643828 0.0568619 0.0520592 0.0888581 0.0710945 0.0624467 0.0576681 0.0601945 0.0603592 0.0547698 0.0700656 0.0956917 0.0875693 0.0590661 0.0608697 0.2885881 
S0017_G5922_R1_A 0.1035438 0.0000000 0.1216371 0.1123517 0.1145611 0.1178179 0.0942395 0.1019094 0.0920197 0.0881455 0.1184555 0.1033888 0.0930933 0.0893789 0.0986218 0.0944838 0.0965460 0.1072382 0.1030496 0.1159183 0.0891439 0.0930094 0.2807797 
S0030_G5922_R1_A 0.1206494 0.1216371 0.0000000 0.1267807 0.1277918 0.1200748 0.1129978 0.1131889 0.1095514 0.1057710 0.1441767 0.1223551 0.1114664 0.1083243 0.1115672 0.1125539 0.1163821 0.1285810 0.1122058 0.1338695 0.0985313 0.1162906 0.2980229 
S0050_G5922_R1_A 0.0749731 0.1123517 0.1267807 0.0000000 0.0274953 0.1236179 0.0697016 0.0667927 0.0654249 0.0636118 0.0976940 0.0851313 0.0716012 0.0648539 0.0721600 0.0737003 0.0710816 0.0675333 0.1014823 0.0917504 0.0659382 0.0692225 0.2951042 
S0048_G5922_R1_A 0.0771467 0.1145611 0.1277918 0.0274953 0.0000000 0.1214855 0.0745749 0.0710851 0.0674886 0.0670461 0.0973211 0.0842708 0.0731367 0.0673385 0.0745648 0.0754301 0.0738884 0.0691825 0.1024300 0.0917322 0.0659638 0.0736980 0.2933912 
S0028_G5922_R1_A 0.1029695 0.1178179 0.1200748 0.1236179 0.1214855 0.0000000 0.1102832 0.1127053 0.1000199 0.0972200 0.1404056 0.1156892 0.1034600 0.1023533 0.1107334 0.1006163 0.1041927 0.1234311 0.1095596 0.1262647 0.1025657 0.1107285 0.2869092 
S0011_G5922_R1_A 0.0605621 0.0942395 0.1129978 0.0697016 0.0745749 0.1102832 0.0000000 0.0557347 0.0460678 0.0446324 0.0846434 0.0673173 0.0578478 0.0501275 0.0562473 0.0585692 0.0559561 0.0641276 0.0822756 0.0831905 0.0505927 0.0449803 0.2793284 
S0022_G5922_R1_A 0.0643828 0.1019094 0.1131889 0.0667927 0.0710851 0.1127053 0.0557347 0.0000000 0.0492075 0.0485449 0.0866017 0.0659640 0.0547354 0.0501678 0.0553278 0.0610630 0.0539362 0.0655337 0.0935396 0.0769804 0.0501625 0.0469323 0.2801980 
S0020_G5922_R1_A 0.0568619 0.0920197 0.1095514 0.0654249 0.0674886 0.1000199 0.0460678 0.0492075 0.0000000 0.0304316 0.0804703 0.0578994 0.0508519 0.0445467 0.0511015 0.0587981 0.0521727 0.0602372 0.0841550 0.0761968 0.0451795 0.0430452 0.2819222 
S0019_G5922_R1_A 0.0520592 0.0881455 0.1057710 0.0636118 0.0670461 0.0972200 0.0446324 0.0485449 0.0304316 0.0000000 0.0739032 0.0553530 0.0462427 0.0417747 0.0460395 0.0536334 0.0485995 0.0576428 0.0793915 0.0719481 0.0406212 0.0395504 0.2727301 
S0037_G5922_R1_A 0.0888581 0.1184555 0.1441767 0.0976940 0.0973211 0.1404056 0.0846434 0.0866017 0.0804703 0.0739032 0.0000000 0.0715145 0.0615730 0.0747658 0.0823763 0.0902565 0.0896045 0.0935945 0.0979084 0.1026827 0.0732251 0.0781093 0.3102457 
S0018_G5922_R1_A 0.0710945 0.1033888 0.1223551 0.0851313 0.0842708 0.1156892 0.0673173 0.0659640 0.0578994 0.0553530 0.0715145 0.0000000 0.0328206 0.0555720 0.0592961 0.0693783 0.0683849 0.0781092 0.0821228 0.0805162 0.0561220 0.0593673 0.2892864 
S0031_G5922_R1_A 0.0624467 0.0930933 0.1114664 0.0716012 0.0731367 0.1034600 0.0578478 0.0547354 0.0508519 0.0462427 0.0615730 0.0328206 0.0000000 0.0461180 0.0506475 0.0602530 0.0597559 0.0678517 0.0766582 0.0728699 0.0472435 0.0505863 0.2820244 
S0016_G5922_R1_A 0.0576681 0.0893789 0.1083243 0.0648539 0.0673385 0.1023533 0.0501275 0.0501678 0.0445467 0.0417747 0.0747658 0.0555720 0.0461180 0.0000000 0.0483619 0.0591724 0.0550477 0.0560665 0.0768372 0.0731401 0.0451695 0.0474435 0.2752015 
S0046_G5922_R1_A 0.0601945 0.0986218 0.1115672 0.0721600 0.0745648 0.1107334 0.0562473 0.0553278 0.0511015 0.0460395 0.0823763 0.0592961 0.0506475 0.0483619 0.0000000 0.0608943 0.0578728 0.0651844 0.0875823 0.0765913 0.0469934 0.0523021 0.2838720 
S0021_G5922_R1_A 0.0603592 0.0944838 0.1125539 0.0737003 0.0754301 0.1006163 0.0585692 0.0610630 0.0587981 0.0536334 0.0902565 0.0693783 0.0602530 0.0591724 0.0608943 0.0000000 0.0237144 0.0687869 0.0908716 0.0821619 0.0539108 0.0627674 0.2192468 
S0021_G5922_R2_A 0.0547698 0.0965460 0.1163821 0.0710816 0.0738884 0.1041927 0.0559561 0.0539362 0.0521727 0.0485995 0.0896045 0.0683849 0.0597559 0.0550477 0.0578728 0.0237144 0.0000000 0.0662686 0.0911086 0.0811001 0.0539963 0.0557809 0.2178022 
S0013_G5922_R1_A 0.0700656 0.1072382 0.1285810 0.0675333 0.0691825 0.1234311 0.0641276 0.0655337 0.0602372 0.0576428 0.0935945 0.0781092 0.0678517 0.0560665 0.0651844 0.0687869 0.0662686 0.0000000 0.0957031 0.0848469 0.0604359 0.0574438 0.3036019 
S0004_G5922_R1_A 0.0956917 0.1030496 0.1122058 0.1014823 0.1024300 0.1095596 0.0822756 0.0935396 0.0841550 0.0793915 0.0979084 0.0821228 0.0766582 0.0768372 0.0875823 0.0908716 0.0911086 0.0957031 0.0000000 0.1076127 0.0801960 0.0871370 0.2860473 
S0012_G5922_R1_A 0.0875693 0.1159183 0.1338695 0.0917504 0.0917322 0.1262647 0.0831905 0.0769804 0.0761968 0.0719481 0.1026827 0.0805162 0.0728699 0.0731401 0.0765913 0.0821619 0.0811001 0.0848469 0.1076127 0.0000000 0.0681830 0.0714464 0.3032843 
S0036_G5922_R1_A 0.0590661 0.0891439 0.0985313 0.0659382 0.0659638 0.1025657 0.0505927 0.0501625 0.0451795 0.0406212 0.0732251 0.0561220 0.0472435 0.0451695 0.0469934 0.0539108 0.0539963 0.0604359 0.0801960 0.0681830 0.0000000 0.0455387 0.2171743 
S0002_G5922_R1_A 0.0608697 0.0930094 0.1162906 0.0692225 0.0736980 0.1107285 0.0449803 0.0469323 0.0430452 0.0395504 0.0781093 0.0593673 0.0505863 0.0474435 0.0523021 0.0627674 0.0557809 0.0574438 0.0871370 0.0714464 0.0455387 0.0000000 0.2287438 
S0005_G5922_R1_A 0.2885881 0.2807797 0.2980229 0.2951042 0.2933912 0.2869092 0.2793284 0.2801980 0.2819222 0.2727301 0.3102457 0.2892864 0.2820244 0.2752015 0.2838720 0.2192468 0.2178022 0.3036019 0.2860473 0.3032843 0.2171743 0.2287438 0.0000000 
