25
S0011_G5945_R1_A 0.0000000 0.0502394 0.0565810 0.0589537 0.0807640 0.0681309 0.0659234 0.0645475 0.0554911 0.0627233 0.0573669 0.0569730 0.0569360 0.0776680 0.0816207 0.0861298 0.0730502 0.0943308 0.0876835 0.0625381 0.0937720 0.0775874 0.0733874 0.1260705 0.2502355 
S0019_G5945_R2_A 0.0502394 0.0000000 0.0502947 0.0549396 0.0807143 0.0674707 0.0651953 0.0632049 0.0504030 0.0586560 0.0543634 0.0220930 0.0512967 0.0743702 0.0771193 0.0844552 0.0701600 0.0869425 0.0791690 0.0578449 0.0889932 0.0778547 0.0727550 0.1221616 0.2388248 
S0036_G5945_R1_A 0.0565810 0.0502947 0.0000000 0.0571274 0.0784743 0.0691333 0.0658023 0.0617534 0.0536870 0.0592172 0.0549369 0.0556724 0.0507413 0.0788803 0.0812627 0.0879016 0.0662244 0.0904271 0.0849237 0.0564363 0.0947199 0.0729684 0.0705579 0.1219370 0.2404671 
S0030_G5945_R1_A 0.0589537 0.0549396 0.0571274 0.0000000 0.0794291 0.0677897 0.0670992 0.0651373 0.0550324 0.0622724 0.0573942 0.0591185 0.0563206 0.0784920 0.0813429 0.0886721 0.0709653 0.0912778 0.0857972 0.0628451 0.0966342 0.0800451 0.0691485 0.1167666 0.2424836 
S0018_G5945_R1_A 0.0807640 0.0807143 0.0784743 0.0794291 0.0000000 0.0413607 0.0754595 0.0741036 0.0784246 0.0879204 0.0800081 0.0842756 0.0825885 0.1057804 0.1094498 0.1127599 0.0890799 0.1090082 0.1056000 0.0840664 0.0867918 0.1002610 0.0936620 0.1454061 0.2643490 
S0031_G5945_R1_A 0.0681309 0.0674707 0.0691333 0.0677897 0.0413607 0.0000000 0.0640256 0.0637253 0.0668738 0.0737997 0.0656288 0.0712936 0.0668173 0.0920859 0.0961862 0.0999898 0.0810162 0.1015399 0.0965380 0.0735112 0.0803783 0.0862557 0.0811912 0.1332765 0.2550857 
S0004_G5945_R1_A 0.0659234 0.0651953 0.0658023 0.0670992 0.0754595 0.0640256 0.0000000 0.0571993 0.0641095 0.0720135 0.0670763 0.0711685 0.0645164 0.0828304 0.0864167 0.0907518 0.0775476 0.0945129 0.0883965 0.0699621 0.0855951 0.0843945 0.0815325 0.1268117 0.2496392 
S0016_G5945_R1_A 0.0645475 0.0632049 0.0617534 0.0651373 0.0741036 0.0637253 0.0571993 0.0000000 0.0616283 0.0695553 0.0656923 0.0697475 0.0647755 0.0802841 0.0860069 0.0919232 0.0757079 0.0976753 0.0916147 0.0701480 0.0887325 0.0847598 0.0777566 0.1281744 0.2444913 
S0028_G5945_R1_A 0.0554911 0.0504030 0.0536870 0.0550324 0.0784246 0.0668738 0.0641095 0.0616283 0.0000000 0.0582741 0.0534188 0.0583132 0.0529342 0.0676066 0.0703590 0.0773523 0.0668479 0.0885746 0.0831780 0.0623786 0.0956590 0.0756468 0.0710433 0.1216677 0.2477126 
S0022_G5945_R1_A 0.0627233 0.0586560 0.0592172 0.0622724 0.0879204 0.0737997 0.0720135 0.0695553 0.0582741 0.0000000 0.0201096 0.0628836 0.0596888 0.0752646 0.0809829 0.0886089 0.0719955 0.0940764 0.0886131 0.0678116 0.1043102 0.0841232 0.0771244 0.1293228 0.2463430 
S0022_G5945_R2_A 0.0573669 0.0543634 0.0549369 0.0573942 0.0800081 0.0656288 0.0670763 0.0656923 0.0534188 0.0201096 0.0000000 0.0601770 0.0547038 0.0718955 0.0764131 0.0863438 0.0686412 0.0911936 0.0851782 0.0615820 0.0972648 0.0787732 0.0724710 0.1248607 0.2418811 
S0019_G5945_R1_A 0.0569730 0.0220930 0.0556724 0.0591185 0.0842756 0.0712936 0.0711685 0.0697475 0.0583132 0.0628836 0.0601770 0.0000000 0.0560413 0.0771519 0.0822038 0.0873071 0.0735714 0.0922136 0.0849212 0.0617104 0.0985455 0.0856020 0.0767798 0.1282785 0.2535137 
S0020_G5945_R1_A 0.0569360 0.0512967 0.0507413 0.0563206 0.0825885 0.0668173 0.0645164 0.0647755 0.0529342 0.0596888 0.0547038 0.0560413 0.0000000 0.0738468 0.0772608 0.0850303 0.0693277 0.0875917 0.0797477 0.0583891 0.0912626 0.0749507 0.0710652 0.1269116 0.2358729 
S0021_G5945_R1_A 0.0776680 0.0743702 0.0788803 0.0784920 0.1057804 0.0920859 0.0828304 0.0802841 0.0676066 0.0752646 0.0718955 0.0771519 0.0738468 0.0000000 0.0241662 0.0857606 0.0862980 0.1088902 0.1037280 0.0790212 0.1149974 0.0933396 0.0858056 0.1471756 0.2391323 
S0021_G5945_R2_A 0.0816207 0.0771193 0.0812627 0.0813429 0.1094498 0.0961862 0.0864167 0.0860069 0.0703590 0.0809829 0.0764131 0.0822038 0.0772608 0.0241662 0.0000000 0.0904923 0.0848037 0.1118870 0.1066995 0.0843024 0.1175648 0.0952535 0.0906000 0.1486955 0.2481661 
S0026_G5945_R1_A 0.0861298 0.0844552 0.0879016 0.0886721 0.1127599 0.0999898 0.0907518 0.0919232 0.0773523 0.0886089 0.0863438 0.0873071 0.0850303 0.0857606 0.0904923 0.0000000 0.0969908 0.1161914 0.1111242 0.0953204 0.1201256 0.1045804 0.0992475 0.1412442 0.2589333 
S0046_G5945_R1_A 0.0730502 0.0701600 0.0662244 0.0709653 0.0890799 0.0810162 0.0775476 0.0757079 0.0668479 0.0719955 0.0686412 0.0735714 0.0693277 0.0862980 0.0848037 0.0969908 0.0000000 0.1017021 0.0946091 0.0763303 0.1029219 0.0893045 0.0865516 0.1403521 0.2611436 
S0048_G5945_R1_A 0.0943308 0.0869425 0.0904271 0.0912778 0.1090082 0.1015399 0.0945129 0.0976753 0.0885746 0.0940764 0.0911936 0.0922136 0.0875917 0.1088902 0.1118870 0.1161914 0.1017021 0.0000000 0.0206696 0.0915014 0.1280602 0.1119993 0.1055266 0.1419709 0.2714241 
S0050_G5945_R1_A 0.0876835 0.0791690 0.0849237 0.0857972 0.1056000 0.0965380 0.0883965 0.0916147 0.0831780 0.0886131 0.0851782 0.0849212 0.0797477 0.1037280 0.1066995 0.1111242 0.0946091 0.0206696 0.0000000 0.0874986 0.1224441 0.1037950 0.0986138 0.1366738 0.2624492 
S0002_G5945_R1_A 0.0625381 0.0578449 0.0564363 0.0628451 0.0840664 0.0735112 0.0699621 0.0701480 0.0623786 0.0678116 0.0615820 0.0617104 0.0583891 0.0790212 0.0843024 0.0953204 0.0763303 0.0915014 0.0874986 0.0000000 0.1014308 0.0804645 0.0799101 0.1303516 0.2411388 
S0037_G5945_R1_A 0.0937720 0.0889932 0.0947199 0.0966342 0.0867918 0.0803783 0.0855951 0.0887325 0.0956590 0.1043102 0.0972648 0.0985455 0.0912626 0.1149974 0.1175648 0.1201256 0.1029219 0.1280602 0.1224441 0.1014308 0.0000000 0.1149952 0.1051237 0.1569843 0.2799454 
S0013_G5945_R1_A 0.0775874 0.0778547 0.0729684 0.0800451 0.1002610 0.0862557 0.0843945 0.0847598 0.0756468 0.0841232 0.0787732 0.0856020 0.0749507 0.0933396 0.0952535 0.1045804 0.0893045 0.1119993 0.1037950 0.0804645 0.1149952 0.0000000 0.0873368 0.1457501 0.2593651 
S0017_G5945_R1_A 0.0733874 0.0727550 0.0705579 0.0691485 0.0936620 0.0811912 0.0815325 0.0777566 0.0710433 0.0771244 0.0724710 0.0767798 0.0710652 0.0858056 0.0906000 0.0992475 0.0865516 0.1055266 0.0986138 0.0799101 0.1051237 0.0873368 0.0000000 0.1398134 0.2443236 
S0012_G5945_R1_A 0.1260705 0.1221616 0.1219370 0.1167666 0.1454061 0.1332765 0.1268117 0.1281744 0.1216677 0.1293228 0.1248607 0.1282785 0.1269116 0.1471756 0.1486955 0.1412442 0.1403521 0.1419709 0.1366738 0.1303516 0.1569843 0.1457501 0.1398134 0.0000000 0.2748354 
S0005_G5945_R1_A 0.2502355 0.2388248 0.2404671 0.2424836 0.2643490 0.2550857 0.2496392 0.2444913 0.2477126 0.2463430 0.2418811 0.2535137 0.2358729 0.2391323 0.2481661 0.2589333 0.2611436 0.2714241 0.2624492 0.2411388 0.2799454 0.2593651 0.2443236 0.2748354 0.0000000 
