24
S0050_G5944_R1_A 0.0000000 0.0229576 0.1040286 0.1100353 0.1050397 0.0998990 0.1177448 0.1179878 0.1084223 0.0989118 0.0969759 0.1109575 0.1034926 0.1169190 0.1142114 0.1446388 0.1626558 0.1413190 0.3515779 0.4277851 0.3548015 0.1169572 0.1210129 0.1175817 
S0048_G5944_R1_A 0.0229576 0.0000000 0.1222810 0.1262909 0.1184793 0.1111657 0.1308945 0.1298556 0.1193245 0.1130579 0.1110969 0.1247057 0.1153674 0.1297237 0.1281651 0.1560731 0.1761847 0.1482880 0.3565072 0.4446901 0.3655836 0.1229787 0.1359830 0.1332627 
S0036_G5944_R1_A 0.1040286 0.1222810 0.0000000 0.0783122 0.0919168 0.0890760 0.0909564 0.0968492 0.0892805 0.0694397 0.0685540 0.0965155 0.0851768 0.0997730 0.1020808 0.1365110 0.1452109 0.1470804 0.3306101 0.4168515 0.3277741 0.1265726 0.1115382 0.1050109 
S0011_G5944_R1_A 0.1100353 0.1262909 0.0783122 0.0000000 0.0971079 0.0907235 0.1001001 0.1012638 0.0836811 0.0678034 0.0715980 0.0982253 0.0917556 0.0998365 0.1093870 0.1393517 0.1514240 0.1448972 0.3326101 0.4444131 0.3424520 0.1275622 0.1146157 0.1109023 
S0016_G5944_R1_A 0.1050397 0.1184793 0.0919168 0.0971079 0.0000000 0.0825292 0.0965438 0.1014388 0.0870284 0.0825664 0.0803018 0.0928435 0.0849786 0.0985034 0.0965738 0.1388876 0.1529648 0.1507768 0.3377652 0.4125098 0.3660567 0.1195943 0.0984602 0.0970180 
S0004_G5944_R1_A 0.0998990 0.1111657 0.0890760 0.0907235 0.0825292 0.0000000 0.0903617 0.0936000 0.0855076 0.0779198 0.0770861 0.0905998 0.0817709 0.0917071 0.0908476 0.1318973 0.1358078 0.1461285 0.3205610 0.4103160 0.3529522 0.1177384 0.0778204 0.0767215 
S0021_G5944_R1_A 0.1177448 0.1308945 0.0909564 0.1001001 0.0965438 0.0903617 0.0000000 0.0338473 0.0774885 0.0860351 0.0875158 0.0803016 0.0894925 0.1002244 0.1008993 0.1410046 0.1523456 0.1482089 0.3408399 0.3905566 0.3550795 0.1358393 0.1098329 0.1016236 
S0021_G5944_R2_A 0.1179878 0.1298556 0.0968492 0.1012638 0.1014388 0.0936000 0.0338473 0.0000000 0.0848343 0.0892742 0.0927249 0.0851463 0.0951923 0.1064017 0.1020815 0.1441170 0.1598075 0.1539031 0.3437247 0.4026984 0.3619116 0.1395425 0.1149693 0.1070787 
S0028_G5944_R1_A 0.1084223 0.1193245 0.0892805 0.0836811 0.0870284 0.0855076 0.0774885 0.0848343 0.0000000 0.0830908 0.0801685 0.0782429 0.0864936 0.0940184 0.0940694 0.1287474 0.1487965 0.1380985 0.3412455 0.4026581 0.3516932 0.1321210 0.1090700 0.0995111 
S0019_G5944_R1_A 0.0989118 0.1130579 0.0694397 0.0678034 0.0825664 0.0779198 0.0860351 0.0892742 0.0830908 0.0000000 0.0470661 0.0875270 0.0810429 0.0911702 0.0862331 0.1264890 0.1454345 0.1394514 0.3020863 0.4212671 0.3365933 0.1211340 0.1039310 0.0957039 
S0020_G5944_R1_A 0.0969759 0.1110969 0.0685540 0.0715980 0.0803018 0.0770861 0.0875158 0.0927249 0.0801685 0.0470661 0.0000000 0.0844918 0.0790562 0.0865533 0.0937782 0.1300297 0.1387798 0.1416647 0.3024327 0.4085989 0.3298675 0.1093967 0.1003594 0.0931383 
S0026_G5944_R1_A 0.1109575 0.1247057 0.0965155 0.0982253 0.0928435 0.0905998 0.0803016 0.0851463 0.0782429 0.0875270 0.0844918 0.0000000 0.0925260 0.0955705 0.1030828 0.1344623 0.1543283 0.1528483 0.3389596 0.4134329 0.3616250 0.1269677 0.1141012 0.1060185 
S0030_G5944_R1_A 0.1034926 0.1153674 0.0851768 0.0917556 0.0849786 0.0817709 0.0894925 0.0951923 0.0864936 0.0810429 0.0790562 0.0925260 0.0000000 0.0945714 0.0892114 0.1334159 0.1496074 0.1336696 0.3239176 0.4265694 0.3658573 0.1218708 0.1066612 0.0974982 
S0017_G5944_R1_A 0.1169190 0.1297237 0.0997730 0.0998365 0.0985034 0.0917071 0.1002244 0.1064017 0.0940184 0.0911702 0.0865533 0.0955705 0.0945714 0.0000000 0.1065493 0.1403538 0.1583387 0.1444520 0.3561393 0.4159235 0.3707088 0.1361672 0.1207442 0.1106979 
S0046_G5944_R1_A 0.1142114 0.1281651 0.1020808 0.1093870 0.0965738 0.0908476 0.1008993 0.1020815 0.0940694 0.0862331 0.0937782 0.1030828 0.0892114 0.1065493 0.0000000 0.1356309 0.1592442 0.1494729 0.3207158 0.3992786 0.3483328 0.1230171 0.1125069 0.1077722 
S0012_G5944_R1_A 0.1446388 0.1560731 0.1365110 0.1393517 0.1388876 0.1318973 0.1410046 0.1441170 0.1287474 0.1264890 0.1300297 0.1344623 0.1334159 0.1403538 0.1356309 0.0000000 0.2063628 0.1844268 0.3783606 0.4704364 0.4048262 0.1646000 0.1533329 0.1475748 
S0037_G5944_R1_A 0.1626558 0.1761847 0.1452109 0.1514240 0.1529648 0.1358078 0.1523456 0.1598075 0.1487965 0.1454345 0.1387798 0.1543283 0.1496074 0.1583387 0.1592442 0.2063628 0.0000000 0.1553239 0.3558959 0.4476226 0.3845505 0.1509895 0.1459261 0.1269030 
S0013_G5944_R1_A 0.1413190 0.1482880 0.1470804 0.1448972 0.1507768 0.1461285 0.1482089 0.1539031 0.1380985 0.1394514 0.1416647 0.1528483 0.1336696 0.1444520 0.1494729 0.1844268 0.1553239 0.0000000 0.2722355 0.3947168 0.3081776 0.1336728 0.1699185 0.1495533 
S0002_G5944_R1_A 0.3515779 0.3565072 0.3306101 0.3326101 0.3377652 0.3205610 0.3408399 0.3437247 0.3412455 0.3020863 0.3024327 0.3389596 0.3239176 0.3561393 0.3207158 0.3783606 0.3558959 0.2722355 0.0000000 0.5006083 0.3005073 0.2342320 0.3479648 0.3564501 
S0005_G5944_R1_A 0.4277851 0.4446901 0.4168515 0.4444131 0.4125098 0.4103160 0.3905566 0.4026984 0.4026581 0.4212671 0.4085989 0.4134329 0.4265694 0.4159235 0.3992786 0.4704364 0.4476226 0.3947168 0.5006083 0.0000000 0.5353485 0.3083929 0.4360089 0.4373832 
S0002_G5944_R2_A 0.3548015 0.3655836 0.3277741 0.3424520 0.3660567 0.3529522 0.3550795 0.3619116 0.3516932 0.3365933 0.3298675 0.3616250 0.3658573 0.3707088 0.3483328 0.4048262 0.3845505 0.3081776 0.3005073 0.5353485 0.0000000 0.2379240 0.3718778 0.3711845 
S0022_G5944_R1_A 0.1169572 0.1229787 0.1265726 0.1275622 0.1195943 0.1177384 0.1358393 0.1395425 0.1321210 0.1211340 0.1093967 0.1269677 0.1218708 0.1361672 0.1230171 0.1646000 0.1509895 0.1336728 0.2342320 0.3083929 0.2379240 0.0000000 0.1387591 0.1281245 
S0018_G5944_R1_A 0.1210129 0.1359830 0.1115382 0.1146157 0.0984602 0.0778204 0.1098329 0.1149693 0.1090700 0.1039310 0.1003594 0.1141012 0.1066612 0.1207442 0.1125069 0.1533329 0.1459261 0.1699185 0.3479648 0.4360089 0.3718778 0.1387591 0.0000000 0.0602420 
S0031_G5944_R1_A 0.1175817 0.1332627 0.1050109 0.1109023 0.0970180 0.0767215 0.1016236 0.1070787 0.0995111 0.0957039 0.0931383 0.1060185 0.0974982 0.1106979 0.1077722 0.1475748 0.1269030 0.1495533 0.3564501 0.4373832 0.3711845 0.1281245 0.0602420 0.0000000 
