24
S0016_G5941_R1_A 0.0000000 0.0784374 0.0587215 0.1471793 0.0542394 0.0566019 0.0818521 0.0825382 0.0827061 0.0647395 0.0608944 0.0688663 0.0611803 0.0574533 0.0790595 0.0586894 0.0714280 0.0728980 0.0805895 0.0840037 0.0604589 0.0744077 0.1265647 0.7391356 
S0004_G5941_R1_A 0.0784374 0.0000000 0.0841835 0.1438003 0.0703092 0.0742082 0.0947790 0.0967248 0.1029855 0.0783498 0.0771507 0.0868989 0.0772730 0.0734516 0.0936139 0.0760003 0.0853730 0.0826900 0.0907170 0.1081634 0.0766929 0.0931197 0.1352614 0.7820945 
S0021_G5941_R1_A 0.0587215 0.0841835 0.0000000 0.1512215 0.0531416 0.0593913 0.0849240 0.0815330 0.0831180 0.0663210 0.0650118 0.0717677 0.0614957 0.0614960 0.0779024 0.0564362 0.0770832 0.0745492 0.0836521 0.0897434 0.0620275 0.0211346 0.1254043 0.6833066 
S0005_G5941_R1_A 0.1471793 0.1438003 0.1512215 0.0000000 0.1274755 0.1402326 0.1614516 0.1459969 0.1486545 0.1340834 0.1431776 0.1423259 0.1442380 0.1388357 0.1516774 0.1440564 0.1503024 0.1529613 0.1590853 0.1592421 0.1424104 0.1573480 0.1732031 0.8045513 
S0019_G5941_R1_A 0.0542394 0.0703092 0.0531416 0.1274755 0.0000000 0.0346926 0.0697936 0.0755627 0.0731085 0.0567827 0.0502092 0.0544599 0.0506930 0.0494532 0.0652736 0.0519333 0.0597567 0.0597662 0.0697121 0.0812010 0.0536703 0.0596113 0.1185319 0.7253959 
S0020_G5941_R1_A 0.0566019 0.0742082 0.0593913 0.1402326 0.0346926 0.0000000 0.0721974 0.0778638 0.0784154 0.0579227 0.0499913 0.0568500 0.0530246 0.0468480 0.0732419 0.0518219 0.0594992 0.0646921 0.0749442 0.0849616 0.0522863 0.0673979 0.1120495 0.7049103 
S0013_G5941_R1_A 0.0818521 0.0947790 0.0849240 0.1614516 0.0697936 0.0721974 0.0000000 0.0748505 0.0808972 0.0682767 0.0808146 0.0848919 0.0713503 0.0727857 0.0891769 0.0769779 0.0850850 0.0739219 0.0970438 0.1023808 0.0626637 0.0937508 0.1138696 0.7294641 
S0048_G5941_R1_A 0.0825382 0.0967248 0.0815330 0.1459969 0.0755627 0.0778638 0.0748505 0.0000000 0.0229325 0.0718158 0.0858360 0.0918206 0.0728789 0.0770908 0.0903213 0.0770911 0.0902336 0.0862507 0.1009210 0.0986568 0.0715931 0.0836059 0.1147402 0.6273060 
S0050_G5941_R1_A 0.0827061 0.1029855 0.0831180 0.1486545 0.0731085 0.0784154 0.0808972 0.0229325 0.0000000 0.0808233 0.0871662 0.0913768 0.0724071 0.0776063 0.0972330 0.0871187 0.0900480 0.0860482 0.0979243 0.1033937 0.0765264 0.0892208 0.1223454 0.6838741 
S0036_G5941_R1_A 0.0647395 0.0783498 0.0663210 0.1340834 0.0567827 0.0579227 0.0682767 0.0718158 0.0808233 0.0000000 0.0620406 0.0676638 0.0586241 0.0497841 0.0760326 0.0623749 0.0702216 0.0650798 0.0790617 0.0906334 0.0233129 0.0744898 0.1133464 0.6986765 
S0030_G5941_R1_A 0.0608944 0.0771507 0.0650118 0.1431776 0.0502092 0.0499913 0.0808146 0.0858360 0.0871662 0.0620406 0.0000000 0.0676719 0.0584687 0.0533858 0.0736669 0.0546131 0.0676756 0.0689539 0.0753918 0.0859501 0.0562872 0.0745371 0.1188708 0.7070310 
S0011_G5941_R1_A 0.0688663 0.0868989 0.0717677 0.1423259 0.0544599 0.0568500 0.0848919 0.0918206 0.0913768 0.0676638 0.0676719 0.0000000 0.0664829 0.0576868 0.0807980 0.0666049 0.0784691 0.0770870 0.0877324 0.0924590 0.0619368 0.0798968 0.1310310 0.7273262 
S0031_G5941_R1_A 0.0611803 0.0772730 0.0614957 0.1442380 0.0506930 0.0530246 0.0713503 0.0728789 0.0724071 0.0586241 0.0584687 0.0664829 0.0000000 0.0501046 0.0724121 0.0575758 0.0680087 0.0375573 0.0754000 0.0684762 0.0543001 0.0734135 0.1210162 0.6966497 
S0002_G5941_R1_A 0.0574533 0.0734516 0.0614960 0.1388357 0.0494532 0.0468480 0.0727857 0.0770908 0.0776063 0.0497841 0.0533858 0.0576868 0.0501046 0.0000000 0.0629966 0.0549410 0.0628544 0.0641564 0.0663330 0.0843404 0.0454248 0.0695221 0.1138055 0.6908850 
S0046_G5941_R1_A 0.0790595 0.0936139 0.0779024 0.1516774 0.0652736 0.0732419 0.0891769 0.0903213 0.0972330 0.0760326 0.0736669 0.0807980 0.0724121 0.0629966 0.0000000 0.0709323 0.0836063 0.0837099 0.0904044 0.1052133 0.0716922 0.0840155 0.1354899 0.7121480 
S0028_G5941_R1_A 0.0586894 0.0760003 0.0564362 0.1440564 0.0519333 0.0518219 0.0769779 0.0770911 0.0871187 0.0623749 0.0546131 0.0666049 0.0575758 0.0549410 0.0709323 0.0000000 0.0665112 0.0705063 0.0781518 0.0842726 0.0580717 0.0667906 0.1238758 0.7039766 
S0017_G5941_R1_A 0.0714280 0.0853730 0.0770832 0.1503024 0.0597567 0.0594992 0.0850850 0.0902336 0.0900480 0.0702216 0.0676756 0.0784691 0.0680087 0.0628544 0.0836063 0.0665112 0.0000000 0.0799631 0.0821998 0.0883167 0.0672326 0.0869082 0.1342248 0.7121354 
S0018_G5941_R1_A 0.0728980 0.0826900 0.0745492 0.1529613 0.0597662 0.0646921 0.0739219 0.0862507 0.0860482 0.0650798 0.0689539 0.0770870 0.0375573 0.0641564 0.0837099 0.0705063 0.0799631 0.0000000 0.0864639 0.0805191 0.0607809 0.0802470 0.1256030 0.7343488 
S0022_G5941_R1_A 0.0805895 0.0907170 0.0836521 0.1590853 0.0697121 0.0749442 0.0970438 0.1009210 0.0979243 0.0790617 0.0753918 0.0877324 0.0754000 0.0663330 0.0904044 0.0781518 0.0821998 0.0864639 0.0000000 0.1035630 0.0733193 0.0926514 0.1347234 0.7154650 
S0037_G5941_R1_A 0.0840037 0.1081634 0.0897434 0.1592421 0.0812010 0.0849616 0.1023808 0.0986568 0.1033937 0.0906334 0.0859501 0.0924590 0.0684762 0.0843404 0.1052133 0.0842726 0.0883167 0.0805191 0.1035630 0.0000000 0.0850913 0.0974070 0.1440501 0.7016226 
S0036_G5941_R2_A 0.0604589 0.0766929 0.0620275 0.1424104 0.0536703 0.0522863 0.0626637 0.0715931 0.0765264 0.0233129 0.0562872 0.0619368 0.0543001 0.0454248 0.0716922 0.0580717 0.0672326 0.0607809 0.0733193 0.0850913 0.0000000 0.0687702 0.1118429 0.6866641 
S0021_G5941_R2_A 0.0744077 0.0931197 0.0211346 0.1573480 0.0596113 0.0673979 0.0937508 0.0836059 0.0892208 0.0744898 0.0745371 0.0798968 0.0734135 0.0695221 0.0840155 0.0667906 0.0869082 0.0802470 0.0926514 0.0974070 0.0687702 0.0000000 0.1354372 0.6826820 
S0012_G5941_R1_A 0.1265647 0.1352614 0.1254043 0.1732031 0.1185319 0.1120495 0.1138696 0.1147402 0.1223454 0.1133464 0.1188708 0.1310310 0.1210162 0.1138055 0.1354899 0.1238758 0.1342248 0.1256030 0.1347234 0.1440501 0.1118429 0.1354372 0.0000000 0.7414646 
S0026_G5941_R1_A 0.7391356 0.7820945 0.6833066 0.8045513 0.7253959 0.7049103 0.7294641 0.6273060 0.6838741 0.6986765 0.7070310 0.7273262 0.6966497 0.6908850 0.7121480 0.7039766 0.7121354 0.7343488 0.7154650 0.7016226 0.6866641 0.6826820 0.7414646 0.0000000 
