23
S0020_G5950_R1_A 0.0000000 0.0987117 0.1056178 0.1259315 0.1119749 0.1868091 0.1437219 0.1586377 0.1922366 0.1668443 0.0792519 0.1677425 0.1570489 0.1659864 0.1994760 0.1730394 0.1076300 0.1938405 0.1719961 0.1106960 0.1080433 0.3584570 0.1835533 
S0011_G5950_R1_A 0.0987117 0.0000000 0.1016275 0.1227795 0.1063787 0.2148776 0.1524836 0.1666533 0.1918423 0.1548471 0.0938109 0.1649365 0.1489233 0.1715511 0.2083504 0.1647050 0.1085919 0.1926662 0.1625447 0.1079835 0.1078191 0.3457503 0.1863101 
S0026_G5950_R1_A 0.1056178 0.1016275 0.0000000 0.0855267 0.0774068 0.1942416 0.1456944 0.1334059 0.1483577 0.1743011 0.0979614 0.1538492 0.1457523 0.1436778 0.1741765 0.1467330 0.0892963 0.1836693 0.1496455 0.0963777 0.0925879 0.3732338 0.2009329 
S0022_G5950_R1_A 0.1259315 0.1227795 0.0855267 0.0000000 0.0936707 0.2085767 0.1545899 0.1596757 0.1755883 0.1940570 0.1220400 0.1674917 0.1630378 0.1623790 0.1923139 0.1657732 0.1068408 0.1967978 0.1760592 0.1146504 0.1063085 0.3933411 0.2091547 
S0028_G5950_R1_A 0.1119749 0.1063787 0.0774068 0.0936707 0.0000000 0.1977348 0.1465601 0.1483510 0.1646241 0.1754458 0.1108845 0.1624506 0.1553481 0.1502581 0.1827372 0.1573046 0.1015812 0.1918230 0.1695625 0.0951707 0.0861114 0.3686000 0.2063581 
S0017_G5950_R1_A 0.1868091 0.2148776 0.1942416 0.2085767 0.1977348 0.0000000 0.2090776 0.1866223 0.2106929 0.1916706 0.1939834 0.2344365 0.2347418 0.2255172 0.2089149 0.2200256 0.1807061 0.2328218 0.1988366 0.2012717 0.2017106 0.3769666 0.2244507 
S0036_G5950_R1_A 0.1437219 0.1524836 0.1456944 0.1545899 0.1465601 0.2090776 0.0000000 0.1571690 0.1809731 0.1475740 0.1389657 0.1710737 0.1596100 0.1567586 0.2135598 0.1482423 0.1569979 0.1982836 0.1635512 0.1498311 0.1564755 0.3206973 0.1878095 
S0016_G5950_R1_A 0.1586377 0.1666533 0.1334059 0.1596757 0.1483510 0.1866223 0.1571690 0.0000000 0.1194533 0.1682889 0.1635391 0.2229380 0.2117948 0.1793632 0.1573729 0.1829759 0.1267610 0.1388316 0.1639091 0.1883122 0.1767489 0.4088575 0.2603972 
S0031_G5950_R1_A 0.1922366 0.1918423 0.1483577 0.1755883 0.1646241 0.2106929 0.1809731 0.1194533 0.0000000 0.2179851 0.1874762 0.2261907 0.2283058 0.1939917 0.0916095 0.2044992 0.1636312 0.1755096 0.1696265 0.2128558 0.2081728 0.4421010 0.2631823 
S0004_G5950_R1_A 0.1668443 0.1548471 0.1743011 0.1940570 0.1754458 0.1916706 0.1475740 0.1682889 0.2179851 0.0000000 0.1567508 0.2332445 0.1981961 0.2104266 0.2231837 0.1964838 0.1656384 0.2174247 0.2001098 0.1772598 0.1772998 0.3913131 0.2233184 
S0019_G5950_R1_A 0.0792519 0.0938109 0.0979614 0.1220400 0.1108845 0.1939834 0.1389657 0.1635391 0.1874762 0.1567508 0.0000000 0.1840440 0.1747661 0.1593947 0.2203005 0.1613281 0.1114254 0.1969925 0.1767712 0.1067014 0.1101101 0.3347904 0.1972175 
S0048_G5950_R1_A 0.1677425 0.1649365 0.1538492 0.1674917 0.1624506 0.2344365 0.1710737 0.2229380 0.2261907 0.2332445 0.1840440 0.0000000 0.0211578 0.2121327 0.2428856 0.1833970 0.1599428 0.2449137 0.1989199 0.1855265 0.1821654 0.4124109 0.1962215 
S0050_G5950_R1_A 0.1570489 0.1489233 0.1457523 0.1630378 0.1553481 0.2347418 0.1596100 0.2117948 0.2283058 0.1981961 0.1747661 0.0211578 0.0000000 0.2039870 0.2423147 0.1827811 0.1550963 0.2294694 0.1853801 0.1681121 0.1652226 0.3798687 0.1882912 
S0046_G5950_R1_A 0.1659864 0.1715511 0.1436778 0.1623790 0.1502581 0.2255172 0.1567586 0.1793632 0.1939917 0.2104266 0.1593947 0.2121327 0.2039870 0.0000000 0.2198407 0.1732594 0.1505400 0.2339622 0.1881534 0.1790873 0.1670648 0.3901265 0.2340444 
S0018_G5950_R1_A 0.1994760 0.2083504 0.1741765 0.1923139 0.1827372 0.2089149 0.2135598 0.1573729 0.0916095 0.2231837 0.2203005 0.2428856 0.2423147 0.2198407 0.0000000 0.2300408 0.1845705 0.1948248 0.1823169 0.2193087 0.2134481 0.4346392 0.2885132 
S0013_G5950_R1_A 0.1730394 0.1647050 0.1467330 0.1657732 0.1573046 0.2200256 0.1482423 0.1829759 0.2044992 0.1964838 0.1613281 0.1833970 0.1827811 0.1732594 0.2300408 0.0000000 0.1678892 0.2107374 0.1838727 0.1907243 0.1853659 0.4041529 0.2197229 
S0030_G5950_R1_A 0.1076300 0.1085919 0.0892963 0.1068408 0.1015812 0.1807061 0.1569979 0.1267610 0.1636312 0.1656384 0.1114254 0.1599428 0.1550963 0.1505400 0.1845705 0.1678892 0.0000000 0.1845098 0.1441936 0.1087572 0.1057685 0.3601288 0.1858749 
S0037_G5950_R1_A 0.1938405 0.1926662 0.1836693 0.1967978 0.1918230 0.2328218 0.1982836 0.1388316 0.1755096 0.2174247 0.1969925 0.2449137 0.2294694 0.2339622 0.1948248 0.2107374 0.1845098 0.0000000 0.2177763 0.2085734 0.1855371 0.4331308 0.2697604 
S0002_G5950_R1_A 0.1719961 0.1625447 0.1496455 0.1760592 0.1695625 0.1988366 0.1635512 0.1639091 0.1696265 0.2001098 0.1767712 0.1989199 0.1853801 0.1881534 0.1823169 0.1838727 0.1441936 0.2177763 0.0000000 0.1922986 0.1781873 0.3442262 0.2256284 
S0021_G5950_R1_A 0.1106960 0.1079835 0.0963777 0.1146504 0.0951707 0.2012717 0.1498311 0.1883122 0.2128558 0.1772598 0.1067014 0.1855265 0.1681121 0.1790873 0.2193087 0.1907243 0.1087572 0.2085734 0.1922986 0.0000000 0.0399980 0.3330257 0.1864702 
S0021_G5950_R2_A 0.1080433 0.1078191 0.0925879 0.1063085 0.0861114 0.2017106 0.1564755 0.1767489 0.2081728 0.1772998 0.1101101 0.1821654 0.1652226 0.1670648 0.2134481 0.1853659 0.1057685 0.1855371 0.1781873 0.0399980 0.0000000 0.3308145 0.1931971 
S0005_G5950_R1_A 0.3584570 0.3457503 0.3732338 0.3933411 0.3686000 0.3769666 0.3206973 0.4088575 0.4421010 0.3913131 0.3347904 0.4124109 0.3798687 0.3901265 0.4346392 0.4041529 0.3601288 0.4331308 0.3442262 0.3330257 0.3308145 0.0000000 0.3892914 
S0012_G5950_R1_A 0.1835533 0.1863101 0.2009329 0.2091547 0.2063581 0.2244507 0.1878095 0.2603972 0.2631823 0.2233184 0.1972175 0.1962215 0.1882912 0.2340444 0.2885132 0.2197229 0.1858749 0.2697604 0.2256284 0.1864702 0.1931971 0.3892914 0.0000000 
