23
S0012_G5958_R1_A 0.0000000 0.1098943 0.1051842 0.1147744 0.1122612 0.1141475 0.1273168 0.1131234 0.1258956 0.1124476 0.1091475 0.1126084 0.1127875 0.1277845 0.1260231 0.3668255 0.1094485 0.1139085 0.1451081 0.1398662 0.1283006 0.1295747 0.1240735 
S0048_G5958_R1_A 0.1098943 0.0000000 0.0133092 0.0964738 0.0911634 0.0939934 0.1016662 0.0895953 0.0992060 0.0913673 0.0881561 0.0930775 0.0912552 0.1061492 0.0998234 0.3875577 0.0843319 0.0910985 0.1223216 0.1111410 0.1062426 0.1129365 0.1047326 
S0050_G5958_R1_A 0.1051842 0.0133092 0.0000000 0.0930435 0.0878199 0.0896340 0.0991462 0.0850305 0.0984118 0.0870188 0.0850016 0.0893211 0.0868861 0.1008008 0.0953717 0.3868361 0.0817420 0.0861475 0.1169307 0.1077394 0.1029778 0.1097713 0.1005694 
S0004_G5958_R1_A 0.1147744 0.0964738 0.0930435 0.0000000 0.0768663 0.0744508 0.0859185 0.0855137 0.0938183 0.0838697 0.0837380 0.0867434 0.0830713 0.0955572 0.0945949 0.3660146 0.0805063 0.0854887 0.1035345 0.1024763 0.0912668 0.0987758 0.0981588 
S0016_G5958_R1_A 0.1122612 0.0911634 0.0878199 0.0768663 0.0000000 0.0733043 0.0835670 0.0789642 0.0883367 0.0777645 0.0782282 0.0811771 0.0752007 0.0837614 0.0895563 0.3682113 0.0760229 0.0821932 0.1004783 0.0960560 0.0851863 0.1017657 0.0975642 
S0031_G5958_R1_A 0.1141475 0.0939934 0.0896340 0.0744508 0.0733043 0.0000000 0.0490612 0.0781181 0.0842477 0.0776106 0.0774492 0.0785714 0.0779813 0.0865497 0.0878186 0.3702930 0.0759158 0.0808601 0.1018343 0.0976401 0.0734474 0.0913626 0.0885243 
S0018_G5958_R1_A 0.1273168 0.1016662 0.0991462 0.0859185 0.0835670 0.0490612 0.0000000 0.0858151 0.0976480 0.0903021 0.0895993 0.0902989 0.0878166 0.1007091 0.1033992 0.3897252 0.0870811 0.0936441 0.1177180 0.1128126 0.0834280 0.1018678 0.0953467 
S0017_G5958_R1_A 0.1131234 0.0895953 0.0850305 0.0855137 0.0789642 0.0781181 0.0858151 0.0000000 0.0843707 0.0745505 0.0737875 0.0773422 0.0725297 0.0854352 0.0863029 0.3479141 0.0746354 0.0801684 0.0987659 0.0950515 0.0894894 0.0918386 0.0897009 
S0002_G5958_R1_A 0.1258956 0.0992060 0.0984118 0.0938183 0.0883367 0.0842477 0.0976480 0.0843707 0.0000000 0.0569721 0.0572288 0.0587832 0.0577802 0.0782150 0.0896273 0.3751917 0.0654508 0.0798760 0.1040548 0.1004373 0.0978168 0.1031384 0.0886507 
S0036_G5958_R1_A 0.1124476 0.0913673 0.0870188 0.0838697 0.0777645 0.0776106 0.0903021 0.0745505 0.0569721 0.0000000 0.0451310 0.0470563 0.0461967 0.0678559 0.0795383 0.3712452 0.0577948 0.0682309 0.0904607 0.0881793 0.0902153 0.0936408 0.0786453 
S0011_G5958_R1_A 0.1091475 0.0881561 0.0850016 0.0837380 0.0782282 0.0774492 0.0895993 0.0737875 0.0572288 0.0451310 0.0000000 0.0510577 0.0501272 0.0666771 0.0786614 0.3735286 0.0559850 0.0696992 0.0944996 0.0892296 0.0859089 0.0908057 0.0833070 
S0019_G5958_R1_A 0.1126084 0.0930775 0.0893211 0.0867434 0.0811771 0.0785714 0.0902989 0.0773422 0.0587832 0.0470563 0.0510577 0.0000000 0.0329238 0.0698453 0.0788190 0.3703762 0.0597267 0.0685695 0.0935665 0.0905117 0.0924637 0.0938982 0.0839466 
S0020_G5958_R1_A 0.1127875 0.0912552 0.0868861 0.0830713 0.0752007 0.0779813 0.0878166 0.0725297 0.0577802 0.0461967 0.0501272 0.0329238 0.0000000 0.0664749 0.0777147 0.3756188 0.0563547 0.0670061 0.0921606 0.0879807 0.0883045 0.0941419 0.0790900 
S0026_G5958_R1_A 0.1277845 0.1061492 0.1008008 0.0955572 0.0837614 0.0865497 0.1007091 0.0854352 0.0782150 0.0678559 0.0666771 0.0698453 0.0664749 0.0000000 0.0774433 0.3598417 0.0711600 0.0822286 0.0947463 0.0906154 0.0974903 0.1002284 0.0966316 
S0028_G5958_R1_A 0.1260231 0.0998234 0.0953717 0.0945949 0.0895563 0.0878186 0.1033992 0.0863029 0.0896273 0.0795383 0.0786614 0.0788190 0.0777147 0.0774433 0.0000000 0.3705942 0.0800980 0.0908429 0.0910565 0.0876356 0.1056879 0.1069319 0.0950486 
S0005_G5958_R1_A 0.3668255 0.3875577 0.3868361 0.3660146 0.3682113 0.3702930 0.3897252 0.3479141 0.3751917 0.3712452 0.3735286 0.3703762 0.3756188 0.3598417 0.3705942 0.0000000 0.3590859 0.3785316 0.4209557 0.3954917 0.3876645 0.3723175 0.3779170 
S0030_G5958_R1_A 0.1094485 0.0843319 0.0817420 0.0805063 0.0760229 0.0759158 0.0870811 0.0746354 0.0654508 0.0577948 0.0559850 0.0597267 0.0563547 0.0711600 0.0800980 0.3590859 0.0000000 0.0606934 0.0889918 0.0895132 0.0854524 0.0939028 0.0791960 
S0013_G5958_R1_A 0.1139085 0.0910985 0.0861475 0.0854887 0.0821932 0.0808601 0.0936441 0.0801684 0.0798760 0.0682309 0.0696992 0.0685695 0.0670061 0.0822286 0.0908429 0.3785316 0.0606934 0.0000000 0.0982115 0.0981102 0.0904993 0.1004771 0.0937210 
S0021_G5958_R1_A 0.1451081 0.1223216 0.1169307 0.1035345 0.1004783 0.1018343 0.1177180 0.0987659 0.1040548 0.0904607 0.0944996 0.0935665 0.0921606 0.0947463 0.0910565 0.4209557 0.0889918 0.0982115 0.0000000 0.0358688 0.1127181 0.1117406 0.1072307 
S0021_G5958_R2_A 0.1398662 0.1111410 0.1077394 0.1024763 0.0960560 0.0976401 0.1128126 0.0950515 0.1004373 0.0881793 0.0892296 0.0905117 0.0879807 0.0906154 0.0876356 0.3954917 0.0895132 0.0981102 0.0358688 0.0000000 0.1107057 0.1012716 0.0990089 
S0037_G5958_R1_A 0.1283006 0.1062426 0.1029778 0.0912668 0.0851863 0.0734474 0.0834280 0.0894894 0.0978168 0.0902153 0.0859089 0.0924637 0.0883045 0.0974903 0.1056879 0.3876645 0.0854524 0.0904993 0.1127181 0.1107057 0.0000000 0.0999534 0.0999092 
S0046_G5958_R1_A 0.1295747 0.1129365 0.1097713 0.0987758 0.1017657 0.0913626 0.1018678 0.0918386 0.1031384 0.0936408 0.0908057 0.0938982 0.0941419 0.1002284 0.1069319 0.3723175 0.0939028 0.1004771 0.1117406 0.1012716 0.0999534 0.0000000 0.1016559 
S0022_G5958_R1_A 0.1240735 0.1047326 0.1005694 0.0981588 0.0975642 0.0885243 0.0953467 0.0897009 0.0886507 0.0786453 0.0833070 0.0839466 0.0790900 0.0966316 0.0950486 0.3779170 0.0791960 0.0937210 0.1072307 0.0990089 0.0999092 0.1016559 0.0000000 
