29
S0016_G5960_R1_A 0.0000000 0.0477571 0.0392633 0.0524815 0.0441631 0.0465033 0.0495370 0.0520666 0.0678338 0.0476087 0.0578031 0.0725927 0.0606694 0.0602490 0.0648655 0.0572539 0.0670662 0.0809525 0.0984545 0.1719944 0.1716363 0.1687179 0.8458177 0.8386852 0.7852092 0.7891130 0.9676916 0.9738873 0.9282373 
S0020_G5960_R1_A 0.0477571 0.0000000 0.0368185 0.0413620 0.0462134 0.0425241 0.0453838 0.0504072 0.0641748 0.0416300 0.0555716 0.0707784 0.0548280 0.0627871 0.0616529 0.0576020 0.0726677 0.0748426 0.0990005 0.1707582 0.1709770 0.1687523 0.8551769 0.8581034 0.7999967 0.8039801 1.0046640 1.0060956 0.9438856 
S0036_G5960_R1_A 0.0392633 0.0368185 0.0000000 0.0418913 0.0396676 0.0350913 0.0394802 0.0424338 0.0559778 0.0376091 0.0515625 0.0646645 0.0489137 0.0571279 0.0534992 0.0520528 0.0638894 0.0701719 0.0921765 0.1658317 0.1641615 0.1614039 0.8445953 0.8390854 0.7857196 0.7896170 0.9854899 0.9916181 0.9334450 
S0019_G5960_R1_A 0.0524815 0.0413620 0.0418913 0.0000000 0.0508989 0.0441837 0.0506843 0.0563281 0.0650577 0.0473158 0.0620909 0.0749340 0.0592985 0.0693075 0.0640018 0.0620533 0.0800750 0.0822467 0.1031236 0.1739859 0.1755602 0.1719449 0.8570848 0.8593229 0.7978041 0.8018010 0.9966314 1.0026994 0.9623450 
S0031_G5960_R1_A 0.0441631 0.0462134 0.0396676 0.0508989 0.0000000 0.0439587 0.0469715 0.0515724 0.0659359 0.0460713 0.0598698 0.0705630 0.0607032 0.0586721 0.0622507 0.0546796 0.0524311 0.0779197 0.1015900 0.1730524 0.1720157 0.1684900 0.8247973 0.8228620 0.7705963 0.7743758 0.9586983 0.9667550 0.9012830 
S0030_G5960_R1_A 0.0465033 0.0425241 0.0350913 0.0441837 0.0439587 0.0000000 0.0427403 0.0463197 0.0593731 0.0388734 0.0514096 0.0657074 0.0472424 0.0621560 0.0574907 0.0581436 0.0695886 0.0733042 0.0957045 0.1622055 0.1619882 0.1578181 0.8214440 0.8194429 0.7735949 0.7774174 0.9523125 0.9567189 0.9326211 
S0046_G5960_R1_A 0.0495370 0.0453838 0.0394802 0.0506843 0.0469715 0.0427403 0.0000000 0.0486444 0.0640685 0.0443493 0.0578574 0.0701327 0.0561806 0.0661847 0.0620423 0.0599882 0.0740163 0.0784141 0.1008377 0.1679278 0.1670113 0.1634896 0.8466371 0.8450896 0.7940355 0.7979820 1.0080749 1.0093435 0.9684764 
S0028_G5960_R1_A 0.0520666 0.0504072 0.0424338 0.0563281 0.0515724 0.0463197 0.0486444 0.0000000 0.0564583 0.0483851 0.0615241 0.0764462 0.0618184 0.0720228 0.0662510 0.0640886 0.0769387 0.0831681 0.1015125 0.1634279 0.1630613 0.1597446 0.8271707 0.8292358 0.7765118 0.7803393 0.9618026 0.9680357 0.9237974 
S0026_G5960_R1_A 0.0678338 0.0641748 0.0559778 0.0650577 0.0659359 0.0593731 0.0640685 0.0564583 0.0000000 0.0605666 0.0747087 0.0823107 0.0733879 0.0826281 0.0751372 0.0785285 0.0926400 0.0936210 0.1180245 0.1611853 0.1602798 0.1573902 0.8533083 0.8539212 0.7935364 0.7975635 1.0097762 1.0158940 0.9672405 
S0002_G5960_R1_A 0.0476087 0.0416300 0.0376091 0.0473158 0.0460713 0.0388734 0.0443493 0.0483851 0.0605666 0.0000000 0.0520252 0.0658425 0.0564795 0.0623106 0.0561349 0.0592620 0.0734305 0.0694256 0.0997692 0.1641015 0.1638712 0.1602721 0.8443652 0.8387034 0.7915901 0.7955583 0.9649747 0.9796246 0.9490204 
S0013_G5960_R1_A 0.0578031 0.0555716 0.0515625 0.0620909 0.0598698 0.0514096 0.0578574 0.0615241 0.0747087 0.0520252 0.0000000 0.0781518 0.0655580 0.0763266 0.0721756 0.0706018 0.0855975 0.0887362 0.1167684 0.1765722 0.1775145 0.1752909 0.8686858 0.8675382 0.8128275 0.8168928 1.0166433 1.0225744 0.9402066 
S0048_G5960_R1_A 0.0725927 0.0707784 0.0646645 0.0749340 0.0705630 0.0657074 0.0701327 0.0764462 0.0823107 0.0658425 0.0781518 0.0000000 0.0757772 0.0893451 0.0867848 0.0820008 0.0967669 0.0966219 0.1296010 0.1879112 0.1842294 0.1819411 0.9122684 0.9059280 0.8420006 0.8498607 1.0483845 1.0494396 0.9725366 
S0022_G5960_R1_A 0.0606694 0.0548280 0.0489137 0.0592985 0.0607032 0.0472424 0.0561806 0.0618184 0.0733879 0.0564795 0.0655580 0.0757772 0.0000000 0.0760894 0.0722867 0.0697807 0.0834831 0.0890025 0.1093008 0.1759607 0.1765115 0.1740650 0.8673910 0.8662141 0.8064575 0.8104950 1.0016409 0.9984278 0.9725250 
S0037_G5960_R1_A 0.0602490 0.0627871 0.0571279 0.0693075 0.0586721 0.0621560 0.0661847 0.0720228 0.0826281 0.0623106 0.0763266 0.0893451 0.0760894 0.0000000 0.0784480 0.0757920 0.0832420 0.0955005 0.1204340 0.1948763 0.1937028 0.1901139 0.8545073 0.8433845 0.7894362 0.7933848 1.0121816 1.0249336 0.9196248 
S0011_G5960_R1_A 0.0648655 0.0616529 0.0534992 0.0640018 0.0622507 0.0574907 0.0620423 0.0662510 0.0751372 0.0561349 0.0721756 0.0867848 0.0722867 0.0784480 0.0000000 0.0731878 0.0870563 0.0889198 0.1102147 0.1810500 0.1794412 0.1757858 0.8360381 0.8357963 0.7824305 0.7863191 0.9684198 0.9746162 0.9106146 
S0004_G5960_R1_A 0.0572539 0.0576020 0.0520528 0.0620533 0.0546796 0.0581436 0.0599882 0.0640886 0.0785285 0.0592620 0.0706018 0.0820008 0.0697807 0.0757920 0.0731878 0.0000000 0.0850314 0.0909781 0.1123760 0.1846647 0.1854632 0.1807310 0.8589309 0.8559983 0.8025967 0.8066548 1.0047979 1.0129322 0.9094229 
S0018_G5960_R1_A 0.0670662 0.0726677 0.0638894 0.0800750 0.0524311 0.0695886 0.0740163 0.0769387 0.0926400 0.0734305 0.0855975 0.0967669 0.0834831 0.0832420 0.0870563 0.0850314 0.0000000 0.1023688 0.1244380 0.2009942 0.1998306 0.1988491 0.8772805 0.8451235 0.8016692 0.8057053 1.0168166 1.0248486 0.9416766 
S0012_G5960_R1_A 0.0809525 0.0748426 0.0701719 0.0822467 0.0779197 0.0733042 0.0784141 0.0831681 0.0936210 0.0694256 0.0887362 0.0966219 0.0890025 0.0955005 0.0889198 0.0909781 0.1023688 0.0000000 0.1335100 0.1971430 0.1953949 0.1917873 0.8948347 0.8883529 0.8345603 0.8468139 1.0374080 1.0427632 0.9615205 
S0017_G5960_R1_A 0.0984545 0.0990005 0.0921765 0.1031236 0.1015900 0.0957045 0.1008377 0.1015125 0.1180245 0.0997692 0.1167684 0.1296010 0.1093008 0.1204340 0.1102147 0.1123760 0.1244380 0.1335100 0.0000000 0.2207332 0.2192250 0.2174154 0.9129437 0.8950989 0.8496467 0.8497061 1.0888283 1.0945422 1.0316366 
S0005_G5960_R1_A 0.1719944 0.1707582 0.1658317 0.1739859 0.1730524 0.1622055 0.1679278 0.1634279 0.1611853 0.1641015 0.1765722 0.1879112 0.1759607 0.1948763 0.1810500 0.1846647 0.2009942 0.1971430 0.2207332 0.0000000 0.0160271 0.0194417 0.8789945 0.8913893 0.8617530 0.8827585 1.0071323 1.0020250 1.0022720 
S0005_G5960_R2_A 0.1716363 0.1709770 0.1641615 0.1755602 0.1720157 0.1619882 0.1670113 0.1630613 0.1602798 0.1638712 0.1775145 0.1842294 0.1765115 0.1937028 0.1794412 0.1854632 0.1998306 0.1953949 0.2192250 0.0160271 0.0000000 0.0145112 0.9000228 0.9131628 0.8828470 0.9043487 1.0362396 1.0306331 1.0249672 
S0005_G5960_R4_A 0.1687179 0.1687523 0.1614039 0.1719449 0.1684900 0.1578181 0.1634896 0.1597446 0.1573902 0.1602721 0.1752909 0.1819411 0.1740650 0.1901139 0.1757858 0.1807310 0.1988491 0.1917873 0.2174154 0.0194417 0.0145112 0.0000000 0.8931522 0.9059846 0.8760376 0.8972735 1.0218828 1.0165605 0.9865626 
S0021_G5960_R3_A 0.8458177 0.8551769 0.8445953 0.8570848 0.8247973 0.8214440 0.8466371 0.8271707 0.8533083 0.8443652 0.8686858 0.9122684 0.8673910 0.8545073 0.8360381 0.8589309 0.8772805 0.8948347 0.9129437 0.8789945 0.9000228 0.8931522 0.0000000 0.0109212 0.0847698 0.0802300 0.1608079 0.1644554 0.5733566 
S0021_G5960_R4_A 0.8386852 0.8581034 0.8390854 0.8593229 0.8228620 0.8194429 0.8450896 0.8292358 0.8539212 0.8387034 0.8675382 0.9059280 0.8662141 0.8433845 0.8357963 0.8559983 0.8451235 0.8883529 0.8950989 0.8913893 0.9131628 0.9059846 0.0109212 0.0000000 0.0819205 0.0773821 0.1517870 0.1555431 0.5479287 
S0050_G5960_R3_A 0.7852092 0.7999967 0.7857196 0.7978041 0.7705963 0.7735949 0.7940355 0.7765118 0.7935364 0.7915901 0.8128275 0.8420006 0.8064575 0.7894362 0.7824305 0.8025967 0.8016692 0.8345603 0.8496467 0.8617530 0.8828470 0.8760376 0.0847698 0.0819205 0.0000000 0.0178605 0.1820900 0.1876906 0.5752069 
S0050_G5960_R4_A 0.7891130 0.8039801 0.7896170 0.8018010 0.7743758 0.7774174 0.7979820 0.7803393 0.7975635 0.7955583 0.8168928 0.8498607 0.8104950 0.7933848 0.7863191 0.8066548 0.8057053 0.8468139 0.8497061 0.8827585 0.9043487 0.8972735 0.0802300 0.0773821 0.0178605 0.0000000 0.1768338 0.1824480 0.5851317 
S0005_G5960_R3_A 0.9676916 1.0046640 0.9854899 0.9966314 0.9586983 0.9523125 1.0080749 0.9618026 1.0097762 0.9649747 1.0166433 1.0483845 1.0016409 1.0121816 0.9684198 1.0047979 1.0168166 1.0374080 1.0888283 1.0071323 1.0362396 1.0218828 0.1608079 0.1517870 0.1820900 0.1768338 0.0000000 0.0190937 0.4473639 
S0005_G5960_R5_A 0.9738873 1.0060956 0.9916181 1.0026994 0.9667550 0.9567189 1.0093435 0.9680357 1.0158940 0.9796246 1.0225744 1.0494396 0.9984278 1.0249336 0.9746162 1.0129322 1.0248486 1.0427632 1.0945422 1.0020250 1.0306331 1.0165605 0.1644554 0.1555431 0.1876906 0.1824480 0.0190937 0.0000000 0.4725983 
S0005_G5960_R7_A 0.9282373 0.9438856 0.9334450 0.9623450 0.9012830 0.9326211 0.9684764 0.9237974 0.9672405 0.9490204 0.9402066 0.9725366 0.9725250 0.9196248 0.9106146 0.9094229 0.9416766 0.9615205 1.0316366 1.0022720 1.0249672 0.9865626 0.5733566 0.5479287 0.5752069 0.5851317 0.4473639 0.4725983 0.0000000 
