28
S0021_G5980_R3_A 0.0000000 0.0118045 0.0604795 0.0646434 0.0745610 0.5505106 0.5800246 0.5875686 0.5780319 0.5608332 0.5668655 0.5783080 0.5797067 0.5657297 0.5725598 0.5623263 0.5741151 0.5761401 0.5825504 0.5985686 0.5927863 0.5830523 0.5418592 0.6034748 0.6501068 0.6122507 0.3310986 1.0380929 
S0021_G5980_R4_A 0.0118045 0.0000000 0.0615315 0.0662496 0.0762080 0.5463619 0.5757060 0.5831905 0.5772718 0.5580669 0.5645223 0.5759747 0.5768522 0.5615169 0.5704175 0.5595642 0.5698654 0.5718177 0.5796446 0.6010838 0.5904842 0.5807347 0.5399664 0.6023526 0.6453633 0.6132740 0.3337879 1.0506461 
S0011_G5980_R1_A 0.0604795 0.0615315 0.0000000 0.0502958 0.0628857 0.5850910 0.6167228 0.6288070 0.6230301 0.5997757 0.6088967 0.6204422 0.6179681 0.5975699 0.6127273 0.6023962 0.6079017 0.6034860 0.6150986 0.6486000 0.6284520 0.6234044 0.5808828 0.6434547 0.6935509 0.6290590 0.3414080 1.1015343 
S0020_G5980_R2_A 0.0646434 0.0662496 0.0502958 0.0000000 0.0629760 0.6184178 0.6533046 0.6589471 0.6544414 0.6361949 0.6377451 0.6587575 0.6479194 0.6337555 0.6457407 0.6267205 0.6342480 0.6346039 0.6521743 0.6737293 0.6704497 0.6613798 0.6071961 0.6697034 0.7356959 0.6646433 0.3468304 1.1435246 
S0020_G5980_R3_A 0.0745610 0.0762080 0.0628857 0.0629760 0.0000000 0.6169473 0.6486330 0.6572583 0.6521957 0.6206276 0.6273497 0.6456293 0.6575047 0.6367975 0.6404999 0.6395742 0.6451204 0.6433701 0.6641866 0.6686534 0.6766046 0.6675608 0.6183297 0.6737052 0.7150228 0.6508451 0.3583317 1.1262417 
S0004_G5980_R1_A 0.5505106 0.5463619 0.5850910 0.6184178 0.6169473 0.0000000 0.0547560 0.0741528 0.0684970 0.0638993 0.0717358 0.0705445 0.0775557 0.0688041 0.0939807 0.0682333 0.0726114 0.0724634 0.0893512 0.0802130 0.0984241 0.0968261 0.0647200 0.1167382 0.0814595 0.2454266 0.5879505 0.5001539 
S0031_G5980_R1_A 0.5800246 0.5757060 0.6167228 0.6533046 0.6486330 0.0547560 0.0000000 0.0489332 0.0625497 0.0574625 0.0667254 0.0664449 0.0742004 0.0633094 0.0923331 0.0670885 0.0728321 0.0727264 0.0806463 0.0801492 0.0972296 0.0934833 0.0611148 0.1146045 0.0789099 0.2447332 0.6063264 0.5020362 
S0018_G5980_R1_A 0.5875686 0.5831905 0.6288070 0.6589471 0.6572583 0.0741528 0.0489332 0.0000000 0.0776873 0.0730227 0.0810863 0.0810881 0.0873511 0.0772011 0.1031455 0.0823842 0.0876773 0.0859891 0.0955242 0.0935137 0.1094379 0.1057261 0.0763811 0.1238944 0.0944197 0.2653609 0.5938332 0.5325886 
S0036_G5980_R1_A 0.5780319 0.5772718 0.6230301 0.6544414 0.6521957 0.0684970 0.0625497 0.0776873 0.0000000 0.0537729 0.0595685 0.0550707 0.0689276 0.0641746 0.0819932 0.0561841 0.0672926 0.0655761 0.0848549 0.0703528 0.0886210 0.0874842 0.0581676 0.1078089 0.0711236 0.2411662 0.6002285 0.4960541 
S0022_G5980_R1_A 0.5608332 0.5580669 0.5997757 0.6361949 0.6206276 0.0638993 0.0574625 0.0730227 0.0537729 0.0000000 0.0553709 0.0537321 0.0633955 0.0632854 0.0793695 0.0504115 0.0605473 0.0604235 0.0843636 0.0641597 0.0803382 0.0804025 0.0516659 0.1017787 0.0681706 0.2371233 0.5723729 0.4868436 
S0046_G5980_R1_A 0.5668655 0.5645223 0.6088967 0.6377451 0.6273497 0.0717358 0.0667254 0.0810863 0.0595685 0.0553709 0.0000000 0.0633478 0.0699901 0.0627724 0.0906883 0.0630937 0.0693320 0.0704619 0.0908250 0.0724038 0.0936673 0.0935171 0.0643947 0.1090398 0.0757236 0.2531673 0.5756940 0.4990061 
S0019_G5980_R1_A 0.5783080 0.5759747 0.6204422 0.6587575 0.6456293 0.0705445 0.0664449 0.0810881 0.0550707 0.0537321 0.0633478 0.0000000 0.0651984 0.0662127 0.0789318 0.0532178 0.0659600 0.0664033 0.0836878 0.0720268 0.0895846 0.0859780 0.0594340 0.1036567 0.0617656 0.2393836 0.5891039 0.4762900 
S0026_G5980_R1_A 0.5797067 0.5768522 0.6179681 0.6479194 0.6575047 0.0775557 0.0742004 0.0873511 0.0689276 0.0633955 0.0699901 0.0651984 0.0000000 0.0722247 0.0933212 0.0658535 0.0647878 0.0652066 0.0955363 0.0800512 0.0958348 0.0957761 0.0618911 0.1125120 0.0846360 0.2437839 0.5884012 0.5044970 
S0016_G5980_R1_A 0.5657297 0.5615169 0.5975699 0.6337555 0.6367975 0.0688041 0.0633094 0.0772011 0.0641746 0.0632854 0.0627724 0.0662127 0.0722247 0.0000000 0.0856380 0.0633942 0.0690668 0.0645099 0.0865298 0.0747093 0.0924000 0.0920901 0.0629870 0.1116380 0.0794294 0.2544103 0.6026201 0.5154724 
S0017_G5980_R1_A 0.5725598 0.5704175 0.6127273 0.6457407 0.6404999 0.0939807 0.0923331 0.1031455 0.0819932 0.0793695 0.0906883 0.0789318 0.0933212 0.0856380 0.0000000 0.0802419 0.0889346 0.0862634 0.1129079 0.0944405 0.1139191 0.1122728 0.0829012 0.1344839 0.0975700 0.2609838 0.6056931 0.5270527 
S0030_G5980_R1_A 0.5623263 0.5595642 0.6023962 0.6267205 0.6395742 0.0682333 0.0670885 0.0823842 0.0561841 0.0504115 0.0630937 0.0532178 0.0658535 0.0633942 0.0802419 0.0000000 0.0636110 0.0669755 0.0892638 0.0710163 0.0812135 0.0849432 0.0579372 0.1025775 0.0735987 0.2370340 0.5900508 0.4698211 
S0021_G5980_R1_A 0.5741151 0.5698654 0.6079017 0.6342480 0.6451204 0.0726114 0.0728321 0.0876773 0.0672926 0.0605473 0.0693320 0.0659600 0.0647878 0.0690668 0.0889346 0.0636110 0.0000000 0.0295763 0.0937657 0.0743151 0.0884412 0.0904062 0.0627647 0.1103117 0.0791143 0.2437915 0.5827218 0.5186690 
S0021_G5980_R2_A 0.5761401 0.5718177 0.6034860 0.6346039 0.6433701 0.0724634 0.0727264 0.0859891 0.0655761 0.0604235 0.0704619 0.0664033 0.0652066 0.0645099 0.0862634 0.0669755 0.0295763 0.0000000 0.0880518 0.0737976 0.0884899 0.0910843 0.0638279 0.1120340 0.0809157 0.2415257 0.5748860 0.5102598 
S0037_G5980_R1_A 0.5825504 0.5796446 0.6150986 0.6521743 0.6641866 0.0893512 0.0806463 0.0955242 0.0848549 0.0843636 0.0908250 0.0836878 0.0955363 0.0865298 0.1129079 0.0892638 0.0937657 0.0880518 0.0000000 0.1010461 0.1164264 0.1174289 0.0893133 0.1412030 0.1033247 0.2703260 0.6232250 0.5101754 
S0013_G5980_R1_A 0.5985686 0.6010838 0.6486000 0.6737293 0.6686534 0.0802130 0.0801492 0.0935137 0.0703528 0.0641597 0.0724038 0.0720268 0.0800512 0.0747093 0.0944405 0.0710163 0.0743151 0.0737976 0.1010461 0.0000000 0.0858510 0.0894692 0.0682953 0.1111027 0.0828755 0.2545595 0.6012334 0.4840199 
S0048_G5980_R1_A 0.5927863 0.5904842 0.6284520 0.6704497 0.6766046 0.0984241 0.0972296 0.1094379 0.0886210 0.0803382 0.0936673 0.0895846 0.0958348 0.0924000 0.1139191 0.0812135 0.0884412 0.0884899 0.1164264 0.0858510 0.0000000 0.0396187 0.0830672 0.1290325 0.1003952 0.2669991 0.6099406 0.5505531 
S0050_G5980_R1_A 0.5830523 0.5807347 0.6234044 0.6613798 0.6675608 0.0968261 0.0934833 0.1057261 0.0874842 0.0804025 0.0935171 0.0859780 0.0957761 0.0920901 0.1122728 0.0849432 0.0904062 0.0910843 0.1174289 0.0894692 0.0396187 0.0000000 0.0856473 0.1288340 0.0966745 0.2617059 0.6079537 0.5470957 
S0028_G5980_R1_A 0.5418592 0.5399664 0.5808828 0.6071961 0.6183297 0.0647200 0.0611148 0.0763811 0.0581676 0.0516659 0.0643947 0.0594340 0.0618911 0.0629870 0.0829012 0.0579372 0.0627647 0.0638279 0.0893133 0.0682953 0.0830672 0.0856473 0.0000000 0.1054803 0.0730871 0.2363904 0.5528974 0.5157993 
S0012_G5980_R1_A 0.6034748 0.6023526 0.6434547 0.6697034 0.6737052 0.1167382 0.1146045 0.1238944 0.1078089 0.1017787 0.1090398 0.1036567 0.1125120 0.1116380 0.1344839 0.1025775 0.1103117 0.1120340 0.1412030 0.1111027 0.1290325 0.1288340 0.1054803 0.0000000 0.1231808 0.2806821 0.6338632 0.5348924 
S0002_G5980_R1_A 0.6501068 0.6453633 0.6935509 0.7356959 0.7150228 0.0814595 0.0789099 0.0944197 0.0711236 0.0681706 0.0757236 0.0617656 0.0846360 0.0794294 0.0975700 0.0735987 0.0791143 0.0809157 0.1033247 0.0828755 0.1003952 0.0966745 0.0730871 0.1231808 0.0000000 0.2585654 0.6302391 0.4726100 
S0005_G5980_R1_A 0.6122507 0.6132740 0.6290590 0.6646433 0.6508451 0.2454266 0.2447332 0.2653609 0.2411662 0.2371233 0.2531673 0.2393836 0.2437839 0.2544103 0.2609838 0.2370340 0.2437915 0.2415257 0.2703260 0.2545595 0.2669991 0.2617059 0.2363904 0.2806821 0.2585654 0.0000000 0.6375849 0.6873123 
S0005_G5980_R2_A 0.3310986 0.3337879 0.3414080 0.3468304 0.3583317 0.5879505 0.6063264 0.5938332 0.6002285 0.5723729 0.5756940 0.5891039 0.5884012 0.6026201 0.6056931 0.5900508 0.5827218 0.5748860 0.6232250 0.6012334 0.6099406 0.6079537 0.5528974 0.6338632 0.6302391 0.6375849 0.0000000 1.0397401 
S0030_G5980_R3_A 1.0380929 1.0506461 1.1015343 1.1435246 1.1262417 0.5001539 0.5020362 0.5325886 0.4960541 0.4868436 0.4990061 0.4762900 0.5044970 0.5154724 0.5270527 0.4698211 0.5186690 0.5102598 0.5101754 0.4840199 0.5505531 0.5470957 0.5157993 0.5348924 0.4726100 0.6873123 1.0397401 0.0000000 
