23
S0019_G6000_R1_A 0.0000000 0.0546837 0.0671873 0.0767362 0.0683633 0.0722443 0.0579851 0.0662528 0.0769507 0.0691913 0.0588187 0.0695740 0.0767413 0.0828569 0.0610655 0.0877728 0.0553689 0.0772113 0.1089740 0.0998636 0.1073006 0.0945388 0.1758139 
S0036_G6000_R1_A 0.0546837 0.0000000 0.0577159 0.0702291 0.0672317 0.0704821 0.0596371 0.0656764 0.0769919 0.0632382 0.0611117 0.0661135 0.0739999 0.0786261 0.0547589 0.0852768 0.0628031 0.0772429 0.1075193 0.1024489 0.1063017 0.0928828 0.1753619 
S0011_G6000_R1_A 0.0671873 0.0577159 0.0000000 0.0737076 0.0707543 0.0723408 0.0619970 0.0686191 0.0778946 0.0714417 0.0653063 0.0718890 0.0843973 0.0913417 0.0690761 0.0970333 0.0664775 0.0841556 0.1059522 0.0965381 0.1021776 0.0988543 0.1825321 
S0026_G6000_R1_A 0.0767362 0.0702291 0.0737076 0.0000000 0.0637753 0.0663541 0.0693377 0.0786749 0.0780228 0.0738905 0.0773604 0.0591220 0.0880921 0.0886537 0.0756599 0.0900128 0.0782738 0.0853910 0.1049402 0.0960506 0.1057715 0.1042906 0.1722083 
S0021_G6000_R1_A 0.0683633 0.0672317 0.0707543 0.0637753 0.0000000 0.0274148 0.0652152 0.0712788 0.0760245 0.0711869 0.0708095 0.0614452 0.0831445 0.0836588 0.0688161 0.0874596 0.0772742 0.0840377 0.1065388 0.0963854 0.1016008 0.1015623 0.1694995 
S0021_G6000_R2_A 0.0722443 0.0704821 0.0723408 0.0663541 0.0274148 0.0000000 0.0678527 0.0786848 0.0819182 0.0733247 0.0729492 0.0611127 0.0837858 0.0890805 0.0741060 0.0954362 0.0800303 0.0876967 0.1113299 0.1016131 0.1058847 0.1065637 0.1771723 
S0016_G6000_R1_A 0.0579851 0.0596371 0.0619970 0.0693377 0.0652152 0.0678527 0.0000000 0.0537204 0.0655303 0.0625594 0.0625732 0.0651963 0.0655059 0.0852682 0.0626166 0.0907936 0.0655633 0.0754172 0.1057320 0.0974787 0.0998605 0.0830301 0.1763863 
S0031_G6000_R1_A 0.0662528 0.0656764 0.0686191 0.0786749 0.0712788 0.0786848 0.0537204 0.0000000 0.0716806 0.0680149 0.0641613 0.0717845 0.0728218 0.0921111 0.0647235 0.0966125 0.0735574 0.0797184 0.1148602 0.1058956 0.1075287 0.0504498 0.1855838 
S0004_G6000_R1_A 0.0769507 0.0769919 0.0778946 0.0780228 0.0760245 0.0819182 0.0655303 0.0716806 0.0000000 0.0786075 0.0822807 0.0756714 0.0851333 0.0942230 0.0790788 0.0986291 0.0845943 0.0905828 0.1141190 0.1083086 0.1072764 0.1041198 0.1837916 
S0022_G6000_R1_A 0.0691913 0.0632382 0.0714417 0.0738905 0.0711869 0.0733247 0.0625594 0.0680149 0.0786075 0.0000000 0.0687550 0.0702099 0.0764898 0.0886090 0.0636502 0.0949396 0.0694758 0.0794464 0.1076481 0.1028947 0.1104360 0.0950335 0.1773419 
S0002_G6000_R1_A 0.0588187 0.0611117 0.0653063 0.0773604 0.0708095 0.0729492 0.0625732 0.0641613 0.0822807 0.0687550 0.0000000 0.0708817 0.0852834 0.0923970 0.0689333 0.0901981 0.0665323 0.0857352 0.1113502 0.1062488 0.1120887 0.0933018 0.1841248 
S0028_G6000_R1_A 0.0695740 0.0661135 0.0718890 0.0591220 0.0614452 0.0611127 0.0651963 0.0717845 0.0756714 0.0702099 0.0708817 0.0000000 0.0844032 0.0850106 0.0701898 0.0903325 0.0758322 0.0812183 0.0979103 0.0939996 0.0982590 0.0960700 0.1666485 
S0037_G6000_R1_A 0.0767413 0.0739999 0.0843973 0.0880921 0.0831445 0.0837858 0.0655059 0.0728218 0.0851333 0.0764898 0.0852834 0.0844032 0.0000000 0.0985924 0.0759325 0.1066535 0.0843786 0.0975539 0.1216212 0.1143669 0.1172474 0.1031309 0.1853318 
S0017_G6000_R1_A 0.0828569 0.0786261 0.0913417 0.0886537 0.0836588 0.0890805 0.0852682 0.0921111 0.0942230 0.0886090 0.0923970 0.0850106 0.0985924 0.0000000 0.0861989 0.1127637 0.0915861 0.1042915 0.1225273 0.1154686 0.1258629 0.1253995 0.2018055 
S0030_G6000_R1_A 0.0610655 0.0547589 0.0690761 0.0756599 0.0688161 0.0741060 0.0626166 0.0647235 0.0790788 0.0636502 0.0689333 0.0701898 0.0759325 0.0861989 0.0000000 0.0918252 0.0680479 0.0773082 0.1091675 0.1055474 0.1077709 0.0902556 0.1795813 
S0046_G6000_R1_A 0.0877728 0.0852768 0.0970333 0.0900128 0.0874596 0.0954362 0.0907936 0.0966125 0.0986291 0.0949396 0.0901981 0.0903325 0.1066535 0.1127637 0.0918252 0.0000000 0.1025351 0.1045448 0.1326736 0.1221135 0.1238105 0.1210720 0.1902339 
S0020_G6000_R1_A 0.0553689 0.0628031 0.0664775 0.0782738 0.0772742 0.0800303 0.0655633 0.0735574 0.0845943 0.0694758 0.0665323 0.0758322 0.0843786 0.0915861 0.0680479 0.1025351 0.0000000 0.0818937 0.1154562 0.1082298 0.1180619 0.0995211 0.1762658 
S0013_G6000_R1_A 0.0772113 0.0772429 0.0841556 0.0853910 0.0840377 0.0876967 0.0754172 0.0797184 0.0905828 0.0794464 0.0857352 0.0812183 0.0975539 0.1042915 0.0773082 0.1045448 0.0818937 0.0000000 0.1140450 0.1060106 0.1115594 0.1031031 0.1909370 
S0048_G6000_R1_A 0.1089740 0.1075193 0.1059522 0.1049402 0.1065388 0.1113299 0.1057320 0.1148602 0.1141190 0.1076481 0.1113502 0.0979103 0.1216212 0.1225273 0.1091675 0.1326736 0.1154562 0.1140450 0.0000000 0.0200639 0.1391680 0.1372804 0.2140148 
S0050_G6000_R1_A 0.0998636 0.1024489 0.0965381 0.0960506 0.0963854 0.1016131 0.0974787 0.1058956 0.1083086 0.1028947 0.1062488 0.0939996 0.1143669 0.1154686 0.1055474 0.1221135 0.1082298 0.1060106 0.0200639 0.0000000 0.1340952 0.1286606 0.2067381 
S0012_G6000_R1_A 0.1073006 0.1063017 0.1021776 0.1057715 0.1016008 0.1058847 0.0998605 0.1075287 0.1072764 0.1104360 0.1120887 0.0982590 0.1172474 0.1258629 0.1077709 0.1238105 0.1180619 0.1115594 0.1391680 0.1340952 0.0000000 0.1270405 0.2024513 
S0018_G6000_R1_A 0.0945388 0.0928828 0.0988543 0.1042906 0.1015623 0.1065637 0.0830301 0.0504498 0.1041198 0.0950335 0.0933018 0.0960700 0.1031309 0.1253995 0.0902556 0.1210720 0.0995211 0.1031031 0.1372804 0.1286606 0.1270405 0.0000000 0.1958180 
S0005_G6000_R1_A 0.1758139 0.1753619 0.1825321 0.1722083 0.1694995 0.1771723 0.1763863 0.1855838 0.1837916 0.1773419 0.1841248 0.1666485 0.1853318 0.2018055 0.1795813 0.1902339 0.1762658 0.1909370 0.2140148 0.2067381 0.2024513 0.1958180 0.0000000 
