29
S0048_G6016_R1_A 0.0000000 0.0129475 0.0492566 0.0502527 0.0839832 0.0728318 0.0666700 0.0538717 0.0532647 0.0533668 0.0522082 0.0548425 0.0538094 0.0570800 0.0548718 0.0502550 0.0594163 0.0496269 0.0664166 0.0723993 0.0509999 0.0600411 0.0612189 0.0933570 0.0891530 0.0597816 0.0709625 0.2229897 0.0724966 
S0050_G6016_R1_A 0.0129475 0.0000000 0.0467636 0.0477537 0.0834535 0.0712815 0.0636045 0.0513724 0.0512248 0.0523300 0.0511628 0.0528640 0.0503002 0.0560572 0.0533309 0.0477559 0.0568431 0.0465363 0.0643158 0.0687350 0.0494708 0.0584515 0.0596406 0.0905111 0.0863422 0.0587225 0.0687095 0.2188713 0.0692927 
S0019_G6016_R1_A 0.0492566 0.0467636 0.0000000 0.0239491 0.0757953 0.0537083 0.0520398 0.0325738 0.0366296 0.0392373 0.0317921 0.0339944 0.0353539 0.0383815 0.0397175 0.0386225 0.0371259 0.0268729 0.0442521 0.0530064 0.0427264 0.0423666 0.0471102 0.0788940 0.0748863 0.0433627 0.0525345 0.1976512 0.0517759 
S0020_G6016_R1_A 0.0502527 0.0477537 0.0239491 0.0000000 0.0769210 0.0572866 0.0535968 0.0364164 0.0400470 0.0412031 0.0346911 0.0359395 0.0368272 0.0427678 0.0416696 0.0405829 0.0405529 0.0307945 0.0487023 0.0555990 0.0437487 0.0448756 0.0476847 0.0839877 0.0799134 0.0444161 0.0546389 0.2037778 0.0538478 
S0012_G6016_R1_A 0.0839832 0.0834535 0.0757953 0.0769210 0.0000000 0.0982878 0.0944970 0.0819570 0.0798584 0.0835457 0.0776951 0.0787132 0.0792296 0.0821644 0.0829941 0.0788657 0.0830848 0.0750599 0.0883893 0.0981604 0.0792930 0.0873295 0.0893589 0.1211125 0.1177515 0.0888674 0.1005873 0.2377230 0.0965291 
S0037_G6016_R1_A 0.0728318 0.0712815 0.0537083 0.0572866 0.0982878 0.0000000 0.0710263 0.0584548 0.0491255 0.0543061 0.0547793 0.0573760 0.0553559 0.0611790 0.0615616 0.0613944 0.0598388 0.0546268 0.0680371 0.0721390 0.0637305 0.0641780 0.0542628 0.0994729 0.0951568 0.0491288 0.0775450 0.2209977 0.0725230 
S0026_G6016_R1_A 0.0666700 0.0636045 0.0520398 0.0535968 0.0944970 0.0710263 0.0000000 0.0541808 0.0551456 0.0588208 0.0535926 0.0562497 0.0526543 0.0588480 0.0628885 0.0606929 0.0498838 0.0493465 0.0620274 0.0744048 0.0610433 0.0591574 0.0657178 0.0890785 0.0854633 0.0628304 0.0685284 0.2128530 0.0749185 
S0002_G6016_R1_A 0.0538717 0.0513724 0.0325738 0.0364164 0.0819570 0.0584548 0.0541808 0.0000000 0.0411152 0.0452265 0.0362204 0.0399065 0.0388733 0.0453562 0.0442534 0.0456000 0.0411409 0.0333751 0.0484325 0.0592039 0.0468324 0.0455169 0.0502913 0.0858813 0.0812323 0.0481561 0.0583116 0.2012496 0.0560318 
S0004_G6016_R1_A 0.0532647 0.0512248 0.0366296 0.0400470 0.0798584 0.0491255 0.0551456 0.0411152 0.0000000 0.0361378 0.0405864 0.0420991 0.0415717 0.0471572 0.0479661 0.0469068 0.0450879 0.0385963 0.0517129 0.0607712 0.0455118 0.0498727 0.0435304 0.0836772 0.0784959 0.0409537 0.0599283 0.2064084 0.0579481 
S0016_G6016_R1_A 0.0533668 0.0523300 0.0392373 0.0412031 0.0835457 0.0543061 0.0588208 0.0452265 0.0361378 0.0000000 0.0434776 0.0442576 0.0427268 0.0487790 0.0506100 0.0479878 0.0480286 0.0408072 0.0548623 0.0617151 0.0408334 0.0505072 0.0452459 0.0832819 0.0793079 0.0424930 0.0604788 0.2110492 0.0621530 
S0011_G6016_R1_A 0.0522082 0.0511628 0.0317921 0.0346911 0.0776951 0.0547793 0.0535926 0.0362204 0.0405864 0.0434776 0.0000000 0.0352968 0.0381163 0.0441284 0.0435244 0.0434109 0.0411141 0.0330611 0.0501781 0.0565163 0.0450796 0.0462843 0.0510585 0.0859389 0.0818047 0.0495763 0.0556602 0.2012818 0.0552980 
S0046_G6016_R2_A 0.0548425 0.0528640 0.0339944 0.0359395 0.0787132 0.0573760 0.0562497 0.0399065 0.0420991 0.0442576 0.0352968 0.0000000 0.0403151 0.0429010 0.0456763 0.0456028 0.0436187 0.0348524 0.0513952 0.0598276 0.0487959 0.0455431 0.0512004 0.0846185 0.0821458 0.0481034 0.0568590 0.2075855 0.0555230 
S0030_G6016_R1_A 0.0538094 0.0503002 0.0353539 0.0368272 0.0792296 0.0553559 0.0526543 0.0388733 0.0415717 0.0427268 0.0381163 0.0403151 0.0000000 0.0369849 0.0441847 0.0435844 0.0430532 0.0357552 0.0508036 0.0562174 0.0462584 0.0474085 0.0497077 0.0829400 0.0794039 0.0475386 0.0583119 0.2028757 0.0574703 
S0022_G6016_R1_A 0.0570800 0.0560572 0.0383815 0.0427678 0.0821644 0.0611790 0.0588480 0.0453562 0.0471572 0.0487790 0.0441284 0.0429010 0.0369849 0.0000000 0.0487837 0.0476768 0.0471751 0.0374031 0.0549877 0.0594071 0.0489339 0.0521521 0.0538889 0.0888929 0.0835664 0.0506358 0.0611503 0.2143848 0.0633471 
S0011_G6016_R2_A 0.0548718 0.0533309 0.0397175 0.0416696 0.0829941 0.0615616 0.0628885 0.0442534 0.0479661 0.0506100 0.0435244 0.0456763 0.0441847 0.0487837 0.0000000 0.0406898 0.0480426 0.0418003 0.0528323 0.0622901 0.0458130 0.0510139 0.0577732 0.0903647 0.0867412 0.0538182 0.0620774 0.2140552 0.0626002 
S0013_G6016_R1_A 0.0502550 0.0477559 0.0386225 0.0405829 0.0788657 0.0613944 0.0606929 0.0456000 0.0469068 0.0479878 0.0434109 0.0456028 0.0435844 0.0476768 0.0406898 0.0000000 0.0464372 0.0402022 0.0567098 0.0616736 0.0452043 0.0513789 0.0561899 0.0873844 0.0832668 0.0531706 0.0619061 0.2144197 0.0604297 
S0028_G6016_R1_A 0.0594163 0.0568431 0.0371259 0.0405529 0.0830848 0.0598388 0.0498838 0.0411409 0.0450879 0.0480286 0.0411141 0.0436187 0.0430532 0.0471751 0.0480426 0.0464372 0.0000000 0.0381088 0.0516802 0.0602921 0.0486538 0.0462562 0.0567043 0.0839401 0.0798443 0.0512002 0.0546554 0.2003651 0.0584151 
S0036_G6016_R1_A 0.0496269 0.0465363 0.0268729 0.0307945 0.0750599 0.0546268 0.0493465 0.0333751 0.0385963 0.0408072 0.0330611 0.0348524 0.0357552 0.0374031 0.0418003 0.0402022 0.0381088 0.0000000 0.0448952 0.0530592 0.0439270 0.0430594 0.0477695 0.0656864 0.0622711 0.0451343 0.0542100 0.1855333 0.0496660 
S0046_G6016_R1_A 0.0664166 0.0643158 0.0442521 0.0487023 0.0883893 0.0680371 0.0620274 0.0484325 0.0517129 0.0548623 0.0501781 0.0513952 0.0508036 0.0549877 0.0528323 0.0567098 0.0516802 0.0448952 0.0000000 0.0677121 0.0585412 0.0531795 0.0626966 0.0938882 0.0885396 0.0587520 0.0654047 0.2178929 0.0670944 
S0017_G6016_R1_A 0.0723993 0.0687350 0.0530064 0.0555990 0.0981604 0.0721390 0.0744048 0.0592039 0.0607712 0.0617151 0.0565163 0.0598276 0.0562174 0.0594071 0.0622901 0.0616736 0.0602921 0.0530592 0.0677121 0.0000000 0.0650079 0.0634722 0.0689032 0.1037316 0.0983145 0.0629583 0.0744306 0.2175329 0.0759664 
S0002_G6016_R2_A 0.0509999 0.0494708 0.0427264 0.0437487 0.0792930 0.0637305 0.0610433 0.0468324 0.0455118 0.0408334 0.0450796 0.0487959 0.0462584 0.0489339 0.0458130 0.0452043 0.0486538 0.0439270 0.0585412 0.0650079 0.0000000 0.0541798 0.0533886 0.0888981 0.0847453 0.0529254 0.0638337 0.2148014 0.0659403 
S0020_G6016_R2_A 0.0600411 0.0584515 0.0423666 0.0448756 0.0873295 0.0641780 0.0591574 0.0455169 0.0498727 0.0505072 0.0462843 0.0455431 0.0474085 0.0521521 0.0510139 0.0513789 0.0462562 0.0430594 0.0531795 0.0634722 0.0541798 0.0000000 0.0593963 0.0905810 0.0869062 0.0569467 0.0483138 0.2172005 0.0616728 
S0018_G6016_R1_A 0.0612189 0.0596406 0.0471102 0.0476847 0.0893589 0.0542628 0.0657178 0.0502913 0.0435304 0.0452459 0.0510585 0.0512004 0.0497077 0.0538889 0.0577732 0.0561899 0.0567043 0.0477695 0.0626966 0.0689032 0.0533886 0.0593963 0.0000000 0.0903405 0.0862240 0.0271790 0.0714839 0.2110767 0.0707484 
S0021_G6016_R1_A 0.0933570 0.0905111 0.0788940 0.0839877 0.1211125 0.0994729 0.0890785 0.0858813 0.0836772 0.0832819 0.0859389 0.0846185 0.0829400 0.0888929 0.0903647 0.0873844 0.0839401 0.0656864 0.0938882 0.1037316 0.0888981 0.0905810 0.0903405 0.0000000 0.0168775 0.0954491 0.1006357 0.2130140 0.1042761 
S0021_G6016_R2_A 0.0891530 0.0863422 0.0748863 0.0799134 0.1177515 0.0951568 0.0854633 0.0812323 0.0784959 0.0793079 0.0818047 0.0821458 0.0794039 0.0835664 0.0867412 0.0832668 0.0798443 0.0622711 0.0885396 0.0983145 0.0847453 0.0869062 0.0862240 0.0168775 0.0000000 0.0905825 0.0956772 0.2121013 0.0998972 
S0031_G6016_R1_A 0.0597816 0.0587225 0.0433627 0.0444161 0.0888674 0.0491288 0.0628304 0.0481561 0.0409537 0.0424930 0.0495763 0.0481034 0.0475386 0.0506358 0.0538182 0.0531706 0.0512002 0.0451343 0.0587520 0.0629583 0.0529254 0.0569467 0.0271790 0.0954491 0.0905825 0.0000000 0.0665209 0.1942212 0.0647322 
S0019_G6016_R2_A 0.0709625 0.0687095 0.0525345 0.0546389 0.1005873 0.0775450 0.0685284 0.0583116 0.0599283 0.0604788 0.0556602 0.0568590 0.0583119 0.0611503 0.0620774 0.0619061 0.0546554 0.0542100 0.0654047 0.0744306 0.0638337 0.0483138 0.0714839 0.1006357 0.0956772 0.0665209 0.0000000 0.2311727 0.0749665 
S0005_G6016_R1_A 0.2229897 0.2188713 0.1976512 0.2037778 0.2377230 0.2209977 0.2128530 0.2012496 0.2064084 0.2110492 0.2012818 0.2075855 0.2028757 0.2143848 0.2140552 0.2144197 0.2003651 0.1855333 0.2178929 0.2175329 0.2148014 0.2172005 0.2110767 0.2130140 0.2121013 0.1942212 0.2311727 0.0000000 0.2323720 
S0022_G6016_R2_A 0.0724966 0.0692927 0.0517759 0.0538478 0.0965291 0.0725230 0.0749185 0.0560318 0.0579481 0.0621530 0.0552980 0.0555230 0.0574703 0.0633471 0.0626002 0.0604297 0.0584151 0.0496660 0.0670944 0.0759664 0.0659403 0.0616728 0.0707484 0.1042761 0.0998972 0.0647322 0.0749665 0.2323720 0.0000000 
