23
S0048_G6026_R1_A 0.0000000 0.0270675 0.1284491 0.1412683 0.1288017 0.1436093 0.1232866 0.1240178 0.1278110 0.1347709 0.1364283 0.1274116 0.1236708 0.1459463 0.1262763 0.1510204 0.1457405 0.1405591 0.1495163 0.1852064 0.1825312 0.1526342 0.2958246 
S0050_G6026_R1_A 0.0270675 0.0000000 0.1266780 0.1366526 0.1255260 0.1388041 0.1213441 0.1237654 0.1223283 0.1329450 0.1352233 0.1215701 0.1167447 0.1429392 0.1234670 0.1533840 0.1468615 0.1372066 0.1509106 0.1874218 0.1826835 0.1500289 0.2936219 
S0021_G6026_R1_A 0.1284491 0.1266780 0.0000000 0.0429019 0.1093459 0.1226106 0.1059496 0.0748464 0.1155491 0.1210532 0.1210040 0.1047146 0.1081930 0.1304293 0.1233876 0.1299741 0.1285518 0.1205719 0.1321775 0.1699887 0.1689934 0.1123517 0.2712448 
S0021_G6026_R2_A 0.1412683 0.1366526 0.0429019 0.0000000 0.1113712 0.1266706 0.1089523 0.0797374 0.1141673 0.1281723 0.1227266 0.1033842 0.1120511 0.1349949 0.1369372 0.1368407 0.1355963 0.1279053 0.1350063 0.1781799 0.1764605 0.1215648 0.2710469 
S0030_G6026_R1_A 0.1288017 0.1255260 0.1093459 0.1113712 0.0000000 0.1169494 0.1097375 0.1014051 0.1038687 0.1058508 0.1053856 0.1028198 0.1057905 0.1189255 0.1234886 0.1178574 0.1180845 0.1138874 0.1206284 0.1593273 0.1723828 0.1199467 0.2694041 
S0011_G6026_R1_A 0.1436093 0.1388041 0.1226106 0.1266706 0.1169494 0.0000000 0.0807839 0.1127884 0.0618763 0.0977824 0.0985310 0.0928389 0.1009157 0.1069883 0.1074501 0.1046913 0.1025393 0.0884570 0.1132167 0.1380632 0.1525198 0.1017678 0.2681296 
S0036_G6026_R1_A 0.1232866 0.1213441 0.1059496 0.1089523 0.1097375 0.0807839 0.0000000 0.0932196 0.0791155 0.1081999 0.1044046 0.0789292 0.0827055 0.1131961 0.1115019 0.1153932 0.1142160 0.1039118 0.1152355 0.1414243 0.1602931 0.1135362 0.2750278 
S0026_G6026_R1_A 0.1240178 0.1237654 0.0748464 0.0797374 0.1014051 0.1127884 0.0932196 0.0000000 0.0957951 0.1101793 0.1089616 0.0897098 0.1007347 0.1124730 0.1160023 0.1315139 0.1178046 0.1086137 0.1149636 0.1541689 0.1644923 0.0919957 0.2481055 
S0019_G6026_R1_A 0.1278110 0.1223283 0.1155491 0.1141673 0.1038687 0.0618763 0.0791155 0.0957951 0.0000000 0.0892829 0.0839543 0.0717660 0.0682717 0.0968205 0.1020660 0.1023853 0.0930852 0.0818825 0.1036958 0.1331057 0.1464687 0.0948476 0.2685296 
S0004_G6026_R1_A 0.1347709 0.1329450 0.1210532 0.1281723 0.1058508 0.0977824 0.1081999 0.1101793 0.0892829 0.0000000 0.0860176 0.1060886 0.1066218 0.1139177 0.1169489 0.1053643 0.0960597 0.0864326 0.1199070 0.1325750 0.1603802 0.0996495 0.2732162 
S0016_G6026_R1_A 0.1364283 0.1352233 0.1210040 0.1227266 0.1053856 0.0985310 0.1044046 0.1089616 0.0839543 0.0860176 0.0000000 0.1022823 0.1067065 0.1038853 0.1081176 0.1029220 0.0978963 0.0869833 0.1198866 0.1385039 0.1597968 0.1019291 0.2852632 
S0002_G6026_R1_A 0.1274116 0.1215701 0.1047146 0.1033842 0.1028198 0.0928389 0.0789292 0.0897098 0.0717660 0.1060886 0.1022823 0.0000000 0.0810888 0.1136276 0.1094961 0.1197823 0.1163310 0.1089854 0.1103776 0.1538627 0.1551965 0.1171794 0.2829086 
S0020_G6026_R1_A 0.1236708 0.1167447 0.1081930 0.1120511 0.1057905 0.1009157 0.0827055 0.1007347 0.0682717 0.1066218 0.1067065 0.0810888 0.0000000 0.1146330 0.1197840 0.1265591 0.1212268 0.1102410 0.1212647 0.1557871 0.1641571 0.1232477 0.2748563 
S0017_G6026_R1_A 0.1459463 0.1429392 0.1304293 0.1349949 0.1189255 0.1069883 0.1131961 0.1124730 0.0968205 0.1139177 0.1038853 0.1136276 0.1146330 0.0000000 0.1270251 0.1158593 0.1096662 0.0943515 0.1249419 0.1526359 0.1680178 0.1123293 0.2810530 
S0013_G6026_R1_A 0.1262763 0.1234670 0.1233876 0.1369372 0.1234886 0.1074501 0.1115019 0.1160023 0.1020660 0.1169489 0.1081176 0.1094961 0.1197840 0.1270251 0.0000000 0.1134962 0.1073384 0.1051273 0.1266293 0.1618495 0.1702184 0.1223857 0.2893882 
S0018_G6026_R1_A 0.1510204 0.1533840 0.1299741 0.1368407 0.1178574 0.1046913 0.1153932 0.1315139 0.1023853 0.1053643 0.1029220 0.1197823 0.1265591 0.1158593 0.1134962 0.0000000 0.0568367 0.0904128 0.1308722 0.1075720 0.1623283 0.1129189 0.2680512 
S0031_G6026_R1_A 0.1457405 0.1468615 0.1285518 0.1355963 0.1180845 0.1025393 0.1142160 0.1178046 0.0930852 0.0960597 0.0978963 0.1163310 0.1212268 0.1096662 0.1073384 0.0568367 0.0000000 0.0881686 0.1238548 0.1073884 0.1677225 0.1119649 0.2805182 
S0046_G6026_R1_A 0.1405591 0.1372066 0.1205719 0.1279053 0.1138874 0.0884570 0.1039118 0.1086137 0.0818825 0.0864326 0.0869833 0.1089854 0.1102410 0.0943515 0.1051273 0.0904128 0.0881686 0.0000000 0.1113765 0.1284861 0.1542886 0.0974152 0.2677300 
S0022_G6026_R1_A 0.1495163 0.1509106 0.1321775 0.1350063 0.1206284 0.1132167 0.1152355 0.1149636 0.1036958 0.1199070 0.1198866 0.1103776 0.1212647 0.1249419 0.1266293 0.1308722 0.1238548 0.1113765 0.0000000 0.1543031 0.1751654 0.1350828 0.2731589 
S0037_G6026_R1_A 0.1852064 0.1874218 0.1699887 0.1781799 0.1593273 0.1380632 0.1414243 0.1541689 0.1331057 0.1325750 0.1385039 0.1538627 0.1557871 0.1526359 0.1618495 0.1075720 0.1073884 0.1284861 0.1543031 0.0000000 0.1991873 0.1473201 0.3142076 
S0012_G6026_R1_A 0.1825312 0.1826835 0.1689934 0.1764605 0.1723828 0.1525198 0.1602931 0.1644923 0.1464687 0.1603802 0.1597968 0.1551965 0.1641571 0.1680178 0.1702184 0.1623283 0.1677225 0.1542886 0.1751654 0.1991873 0.0000000 0.1679349 0.3255460 
S0028_G6026_R1_A 0.1526342 0.1500289 0.1123517 0.1215648 0.1199467 0.1017678 0.1135362 0.0919957 0.0948476 0.0996495 0.1019291 0.1171794 0.1232477 0.1123293 0.1223857 0.1129189 0.1119649 0.0974152 0.1350828 0.1473201 0.1679349 0.0000000 0.2637450 
S0005_G6026_R1_A 0.2958246 0.2936219 0.2712448 0.2710469 0.2694041 0.2681296 0.2750278 0.2481055 0.2685296 0.2732162 0.2852632 0.2829086 0.2748563 0.2810530 0.2893882 0.2680512 0.2805182 0.2677300 0.2731589 0.3142076 0.3255460 0.2637450 0.0000000 
