30
S0031_G6038_R1_A 0.0000000 0.0422208 0.0708415 0.0731099 0.0828525 0.0748519 0.1017809 0.5978698 0.6146032 0.6120311 0.6084144 0.6164810 0.5902738 0.6179864 0.6157739 0.6320435 0.6072951 0.6311330 0.5853228 0.6324268 0.6146444 0.6215035 0.6437885 0.6702215 1.1552136 1.0927376 1.2365315 1.2206329 1.2287615 1.3031728 
S0018_G6038_R1_A 0.0422208 0.0000000 0.0744320 0.0734846 0.0808709 0.0787881 0.0938437 0.6455971 0.6642601 0.6609651 0.6618478 0.6712538 0.6419591 0.6697895 0.6663742 0.6818741 0.6583912 0.6856958 0.6343042 0.6842883 0.6674285 0.6709910 0.6878293 0.7227372 1.1772735 1.1238426 1.2457831 1.2463306 1.2361379 1.3057369 
S0037_G6038_R1_A 0.0708415 0.0744320 0.0000000 0.0910491 0.0979757 0.0953481 0.1177215 0.6865825 0.7029116 0.7075588 0.7038511 0.7064573 0.6833459 0.7063762 0.7014580 0.7182734 0.7027657 0.7223906 0.6614071 0.7279440 0.6994581 0.6979673 0.7206842 0.7458560 1.2008817 1.1487509 1.2393559 1.2330511 1.2564101 1.3282132 
S0021_G6038_R3_A 0.0731099 0.0734846 0.0910491 0.0000000 0.0309453 0.0548889 0.1009971 0.6647676 0.6857049 0.6857101 0.6787806 0.6881399 0.6520016 0.6938324 0.6846092 0.7025857 0.6857209 0.7148040 0.6546486 0.7123416 0.6933162 0.7058841 0.7083407 0.7477986 1.2530036 1.1892353 1.3270198 1.2998172 1.3050696 1.3883755 
S0021_G6038_R5_A 0.0828525 0.0808709 0.0979757 0.0309453 0.0000000 0.0690446 0.1133322 0.6753751 0.6967159 0.6967024 0.6897556 0.6992022 0.6664956 0.7032761 0.6942002 0.7106634 0.6968254 0.7269416 0.6635612 0.7221833 0.6986385 0.7093097 0.7158389 0.7668097 1.2637149 1.2025857 1.3118097 1.3292303 1.2935011 1.3680191 
S0026_G6038_R1_A 0.0748519 0.0787881 0.0953481 0.0548889 0.0690446 0.0000000 0.1008276 0.6564797 0.6701521 0.6654027 0.6678413 0.6686692 0.6307538 0.6696879 0.6796937 0.6910473 0.6640922 0.6865859 0.6423991 0.6918406 0.6792915 0.6829715 0.6769750 0.7156957 1.2147603 1.1624908 1.2475761 1.2331403 1.2332251 1.3117421 
S0012_G6038_R1_A 0.1017809 0.0938437 0.1177215 0.1009971 0.1133322 0.1008276 0.0000000 0.6634765 0.6737402 0.6810240 0.6839013 0.6863726 0.6622085 0.6869357 0.6855000 0.6978917 0.6865362 0.7075304 0.6499316 0.6927091 0.6944552 0.6928485 0.7079846 0.7457110 1.1024744 1.0421049 1.1121812 1.1137622 1.1613938 1.1755367 
S0020_G6038_R1_A 0.5978698 0.6455971 0.6865825 0.6647676 0.6753751 0.6564797 0.6634765 0.0000000 0.0502262 0.0442368 0.0437885 0.0565241 0.0316384 0.0678609 0.0546973 0.0666254 0.0632099 0.0721230 0.0473384 0.0665951 0.0590321 0.0690204 0.0784651 0.1511861 0.5359929 0.5056699 0.5940360 0.5816297 0.5874009 0.6140061 
S0030_G6038_R1_A 0.6146032 0.6642601 0.7029116 0.6857049 0.6967159 0.6701521 0.6737402 0.0502262 0.0000000 0.0362114 0.0369275 0.0480576 0.0487505 0.0560543 0.0483068 0.0622282 0.0563936 0.0604674 0.0456062 0.0576132 0.0500304 0.0598228 0.0699070 0.1486999 0.5489833 0.5161739 0.5802713 0.5851899 0.5883355 0.6113537 
S0036_G6038_R1_A 0.6120311 0.6609651 0.7075588 0.6857101 0.6967024 0.6654027 0.6810240 0.0442368 0.0362114 0.0000000 0.0322449 0.0467249 0.0413212 0.0585510 0.0441854 0.0599340 0.0535486 0.0622037 0.0408527 0.0560418 0.0511374 0.0609984 0.0716594 0.1434998 0.5411088 0.5122961 0.5763646 0.5893732 0.5893582 0.6083635 
S0002_G6038_R1_A 0.6084144 0.6618478 0.7038511 0.6787806 0.6897556 0.6678413 0.6839013 0.0437885 0.0369275 0.0322449 0.0000000 0.0489246 0.0434637 0.0595870 0.0463549 0.0604449 0.0538307 0.0607046 0.0429652 0.0550826 0.0501376 0.0587517 0.0709346 0.1497856 0.5387397 0.5079223 0.5695715 0.5793543 0.5974394 0.6148819 
S0022_G6038_R1_A 0.6164810 0.6712538 0.7064573 0.6881399 0.6992022 0.6686692 0.6863726 0.0565241 0.0480576 0.0467249 0.0489246 0.0000000 0.0565094 0.0605330 0.0541284 0.0669710 0.0635851 0.0740375 0.0530924 0.0614751 0.0606418 0.0687300 0.0771471 0.1458092 0.5599794 0.5259423 0.6017082 0.6063284 0.6232878 0.6455344 
S0019_G6038_R1_A 0.5902738 0.6419591 0.6833459 0.6520016 0.6664956 0.6307538 0.6622085 0.0316384 0.0487505 0.0413212 0.0434637 0.0565094 0.0000000 0.0703416 0.0512000 0.0640213 0.0633632 0.0683642 0.0477388 0.0668388 0.0569653 0.0657547 0.0778004 0.1547694 0.5289883 0.4979410 0.5921679 0.5791780 0.5857939 0.6173255 
S0004_G6038_R1_A 0.6179864 0.6697895 0.7063762 0.6938324 0.7032761 0.6696879 0.6869357 0.0678609 0.0560543 0.0585510 0.0595870 0.0605330 0.0703416 0.0000000 0.0655972 0.0771860 0.0743080 0.0794802 0.0660481 0.0766670 0.0687020 0.0755675 0.0888707 0.1619082 0.5470540 0.5133943 0.6064523 0.6001146 0.6043643 0.6308948 
S0028_G6038_R1_A 0.6157739 0.6663742 0.7014580 0.6846092 0.6942002 0.6796937 0.6855000 0.0546973 0.0483068 0.0441854 0.0463549 0.0541284 0.0512000 0.0655972 0.0000000 0.0231991 0.0617875 0.0721811 0.0541779 0.0631508 0.0464710 0.0558418 0.0802418 0.1441795 0.5600222 0.5280086 0.5789172 0.6048008 0.6205195 0.6458417 
S0028_G6038_R3_A 0.6320435 0.6818741 0.7182734 0.7025857 0.7106634 0.6910473 0.6978917 0.0666254 0.0622282 0.0599340 0.0604449 0.0669710 0.0640213 0.0771860 0.0231991 0.0000000 0.0718316 0.0802441 0.0677782 0.0754083 0.0597669 0.0685872 0.0908986 0.1525858 0.5538495 0.5203425 0.6016626 0.6072237 0.6179286 0.6390263 
S0013_G6038_R1_A 0.6072951 0.6583912 0.7027657 0.6857209 0.6968254 0.6640922 0.6865362 0.0632099 0.0563936 0.0535486 0.0538307 0.0635851 0.0633632 0.0743080 0.0617875 0.0718316 0.0000000 0.0758867 0.0529305 0.0723619 0.0628053 0.0735638 0.0767880 0.1581130 0.5587571 0.5311935 0.6166296 0.6098386 0.6137244 0.6364587 
S0017_G6038_R1_A 0.6311330 0.6856958 0.7223906 0.7148040 0.7269416 0.6865859 0.7075304 0.0721230 0.0604674 0.0622037 0.0607046 0.0740375 0.0683642 0.0794802 0.0721811 0.0802441 0.0758867 0.0000000 0.0684825 0.0753288 0.0731595 0.0834148 0.0941625 0.1618925 0.5596300 0.5246339 0.5896155 0.5855751 0.6177116 0.6505166 
S0011_G6038_R1_A 0.5853228 0.6343042 0.6614071 0.6546486 0.6635612 0.6423991 0.6499316 0.0473384 0.0456062 0.0408527 0.0429652 0.0530924 0.0477388 0.0660481 0.0541779 0.0677782 0.0529305 0.0684825 0.0000000 0.0588140 0.0579003 0.0660318 0.0749351 0.1487145 0.5258679 0.4935045 0.5702351 0.5665656 0.5624609 0.5914134 
S0046_G6038_R1_A 0.6324268 0.6842883 0.7279440 0.7123416 0.7221833 0.6918406 0.6927091 0.0665951 0.0576132 0.0560418 0.0550826 0.0614751 0.0668388 0.0766670 0.0631508 0.0754083 0.0723619 0.0753288 0.0588140 0.0000000 0.0682066 0.0770802 0.0914177 0.1606855 0.5433216 0.5132065 0.5881560 0.5904955 0.6008249 0.6220843 
S0021_G6038_R1_A 0.6146444 0.6674285 0.6994581 0.6933162 0.6986385 0.6792915 0.6944552 0.0590321 0.0500304 0.0511374 0.0501376 0.0606418 0.0569653 0.0687020 0.0464710 0.0597669 0.0628053 0.0731595 0.0579003 0.0682066 0.0000000 0.0178081 0.0861890 0.1453022 0.5376231 0.5102456 0.5991064 0.5748520 0.6023213 0.6213203 
S0021_G6038_R2_A 0.6215035 0.6709910 0.6979673 0.7058841 0.7093097 0.6829715 0.6928485 0.0690204 0.0598228 0.0609984 0.0587517 0.0687300 0.0657547 0.0755675 0.0558418 0.0685872 0.0735638 0.0834148 0.0660318 0.0770802 0.0178081 0.0000000 0.0968459 0.1541751 0.5496462 0.5219824 0.6140840 0.5954980 0.6199596 0.6446776 
S0048_G6038_R1_A 0.6437885 0.6878293 0.7206842 0.7083407 0.7158389 0.6769750 0.7079846 0.0784651 0.0699070 0.0716594 0.0709346 0.0771471 0.0778004 0.0888707 0.0802418 0.0908986 0.0767880 0.0941625 0.0749351 0.0914177 0.0861890 0.0968459 0.0000000 0.1843502 0.5990940 0.5678197 0.6446336 0.6705831 0.6608661 0.6843283 
S0005_G6038_R1_A 0.6702215 0.7227372 0.7458560 0.7477986 0.7668097 0.7156957 0.7457110 0.1511861 0.1486999 0.1434998 0.1497856 0.1458092 0.1547694 0.1619082 0.1441795 0.1525858 0.1581130 0.1618925 0.1487145 0.1606855 0.1453022 0.1541751 0.1843502 0.0000000 0.6057775 0.5750009 0.6620422 0.6321481 0.6853608 0.7094087 
S0016_G6038_R3_A 1.1552136 1.1772735 1.2008817 1.2530036 1.2637149 1.2147603 1.1024744 0.5359929 0.5489833 0.5411088 0.5387397 0.5599794 0.5289883 0.5470540 0.5600222 0.5538495 0.5587571 0.5596300 0.5258679 0.5433216 0.5376231 0.5496462 0.5990940 0.6057775 0.0000000 0.0346289 0.1786857 0.1961412 0.1863767 0.1988058 
S0016_G6038_R4_A 1.0927376 1.1238426 1.1487509 1.1892353 1.2025857 1.1624908 1.0421049 0.5056699 0.5161739 0.5122961 0.5079223 0.5259423 0.4979410 0.5133943 0.5280086 0.5203425 0.5311935 0.5246339 0.4935045 0.5132065 0.5102456 0.5219824 0.5678197 0.5750009 0.0346289 0.0000000 0.1785854 0.1894594 0.1788213 0.1888672 
S0021_G6038_R4_A 1.2365315 1.2457831 1.2393559 1.3270198 1.3118097 1.2475761 1.1121812 0.5940360 0.5802713 0.5763646 0.5695715 0.6017082 0.5921679 0.6064523 0.5789172 0.6016626 0.6166296 0.5896155 0.5702351 0.5881560 0.5991064 0.6140840 0.6446336 0.6620422 0.1786857 0.1785854 0.0000000 0.0709504 0.2043094 0.2193017 
S0021_G6038_R6_A 1.2206329 1.2463306 1.2330511 1.2998172 1.3292303 1.2331403 1.1137622 0.5816297 0.5851899 0.5893732 0.5793543 0.6063284 0.5791780 0.6001146 0.6048008 0.6072237 0.6098386 0.5855751 0.5665656 0.5904955 0.5748520 0.5954980 0.6705831 0.6321481 0.1961412 0.1894594 0.0709504 0.0000000 0.2520602 0.2601895 
S0050_G6038_R3_A 1.2287615 1.2361379 1.2564101 1.3050696 1.2935011 1.2332251 1.1613938 0.5874009 0.5883355 0.5893582 0.5974394 0.6232878 0.5857939 0.6043643 0.6205195 0.6179286 0.6137244 0.6177116 0.5624609 0.6008249 0.6023213 0.6199596 0.6608661 0.6853608 0.1863767 0.1788213 0.2043094 0.2520602 0.0000000 0.0298072 
S0050_G6038_R4_A 1.3031728 1.3057369 1.3282132 1.3883755 1.3680191 1.3117421 1.1755367 0.6140061 0.6113537 0.6083635 0.6148819 0.6455344 0.6173255 0.6308948 0.6458417 0.6390263 0.6364587 0.6505166 0.5914134 0.6220843 0.6213203 0.6446776 0.6843283 0.7094087 0.1988058 0.1888672 0.2193017 0.2601895 0.0298072 0.0000000 
