24
S0048_G6034_R1_A 0.0000000 0.0204256 0.1225796 0.1223941 0.2516750 0.1257347 0.1284890 0.1251675 0.1215948 0.1248883 0.1562077 0.1279980 0.1271750 0.1323761 0.1363706 0.1249314 0.1236190 0.1564660 0.1384940 0.1296236 0.1636155 0.1282164 0.1860586 0.2091224 
S0050_G6034_R1_A 0.0204256 0.0000000 0.1238002 0.1220641 0.2532394 0.1263505 0.1290056 0.1251518 0.1227151 0.1248671 0.1568740 0.1273068 0.1265542 0.1349641 0.1370541 0.1234737 0.1233774 0.1575104 0.1358230 0.1302346 0.1631153 0.1315978 0.1877816 0.2101321 
S0016_G6034_R1_A 0.1225796 0.1238002 0.0000000 0.0732045 0.2009684 0.0753390 0.0728649 0.0731535 0.0743587 0.0773034 0.1090616 0.0759981 0.0721653 0.0803513 0.0838625 0.0787085 0.0809469 0.1050993 0.0828794 0.1057334 0.1191373 0.0827092 0.1388183 0.1647148 
S0028_G6034_R1_A 0.1223941 0.1220641 0.0732045 0.0000000 0.1849904 0.0753524 0.0739176 0.0748866 0.0726977 0.0745236 0.1052247 0.0748439 0.0739122 0.0807768 0.0844536 0.0699423 0.0690181 0.1061060 0.0794078 0.1067168 0.1028925 0.0817547 0.1409193 0.1547861 
S0005_G6034_R1_A 0.2516750 0.2532394 0.2009684 0.1849904 0.0000000 0.1995900 0.1999655 0.1955056 0.1964804 0.1967280 0.2357566 0.1977208 0.1985135 0.1949730 0.2163830 0.1908427 0.1902084 0.2435307 0.2025529 0.2283840 0.2267176 0.2060911 0.2477599 0.2836985 
S0011_G6034_R1_A 0.1257347 0.1263505 0.0753390 0.0753524 0.1995900 0.0000000 0.0614765 0.0572859 0.0585586 0.0599602 0.0855007 0.0707900 0.0732339 0.0789924 0.0842071 0.0809243 0.0778556 0.1058960 0.0826308 0.1016298 0.1199852 0.0809978 0.1354375 0.1603585 
S0020_G6034_R1_A 0.1284890 0.1290056 0.0728649 0.0739176 0.1999655 0.0614765 0.0000000 0.0176173 0.0414372 0.0611386 0.0911454 0.0705173 0.0746478 0.0817279 0.0829105 0.0770391 0.0785916 0.1079241 0.0838868 0.1088245 0.1218905 0.0810043 0.1337965 0.1691312 
S0020_G6034_R2_A 0.1251675 0.1251518 0.0731535 0.0748866 0.1955056 0.0572859 0.0176173 0.0000000 0.0428869 0.0619776 0.0851329 0.0695073 0.0744299 0.0821041 0.0803710 0.0799424 0.0802961 0.1084502 0.0842348 0.1085914 0.1156045 0.0833265 0.1286325 0.1666283 
S0019_G6034_R1_A 0.1215948 0.1227151 0.0743587 0.0726977 0.1964804 0.0585586 0.0414372 0.0428869 0.0000000 0.0610303 0.0927448 0.0697952 0.0722635 0.0827688 0.0827439 0.0794286 0.0786219 0.1029663 0.0826324 0.1058384 0.1215458 0.0827915 0.1409572 0.1630489 
S0036_G6034_R1_A 0.1248883 0.1248671 0.0773034 0.0745236 0.1967280 0.0599602 0.0611386 0.0619776 0.0610303 0.0000000 0.0876090 0.0716232 0.0707041 0.0827359 0.0829081 0.0818472 0.0821998 0.1068743 0.0831155 0.1024557 0.1208936 0.0844551 0.1387893 0.1620887 
S0002_G6034_R1_A 0.1562077 0.1568740 0.1090616 0.1052247 0.2357566 0.0855007 0.0911454 0.0851329 0.0927448 0.0876090 0.0000000 0.1033553 0.1052611 0.1099456 0.1157285 0.1164490 0.1150597 0.1396657 0.1169000 0.1362938 0.1066151 0.1169738 0.1096839 0.1861126 
S0004_G6034_R1_A 0.1279980 0.1273068 0.0759981 0.0748439 0.1977208 0.0707900 0.0705173 0.0695073 0.0697952 0.0716232 0.1033553 0.0000000 0.0679574 0.0830450 0.0766286 0.0814585 0.0794904 0.1029554 0.0835341 0.1088192 0.1192315 0.0836497 0.1403525 0.1635999 
S0031_G6034_R1_A 0.1271750 0.1265542 0.0721653 0.0739122 0.1985135 0.0732339 0.0746478 0.0744299 0.0722635 0.0707041 0.1052611 0.0679574 0.0000000 0.0820176 0.0489444 0.0828862 0.0815026 0.0932923 0.0831073 0.1088325 0.1215592 0.0839060 0.1436480 0.1679055 
S0046_G6034_R1_A 0.1323761 0.1349641 0.0803513 0.0807768 0.1949730 0.0789924 0.0817279 0.0821041 0.0827688 0.0827359 0.1099456 0.0830450 0.0820176 0.0000000 0.0888454 0.0834808 0.0869044 0.1125725 0.0921164 0.1119748 0.1244771 0.0915380 0.1375778 0.1687758 
S0018_G6034_R1_A 0.1363706 0.1370541 0.0838625 0.0844536 0.2163830 0.0842071 0.0829105 0.0803710 0.0827439 0.0829081 0.1157285 0.0766286 0.0489444 0.0888454 0.0000000 0.0900115 0.0885277 0.1051956 0.0916642 0.1166340 0.1309111 0.0914860 0.1449255 0.1757479 
S0021_G6034_R1_A 0.1249314 0.1234737 0.0787085 0.0699423 0.1908427 0.0809243 0.0770391 0.0799424 0.0794286 0.0818472 0.1164490 0.0814585 0.0828862 0.0834808 0.0900115 0.0000000 0.0304317 0.1089934 0.0865122 0.1079830 0.1126264 0.0887507 0.1464658 0.1703842 
S0021_G6034_R2_A 0.1236190 0.1233774 0.0809469 0.0690181 0.1902084 0.0778556 0.0785916 0.0802961 0.0786219 0.0821998 0.1150597 0.0794904 0.0815026 0.0869044 0.0885277 0.0304317 0.0000000 0.1077580 0.0879633 0.1077451 0.1148187 0.0910638 0.1475232 0.1750410 
S0037_G6034_R1_A 0.1564660 0.1575104 0.1050993 0.1061060 0.2435307 0.1058960 0.1079241 0.1084502 0.1029663 0.1068743 0.1396657 0.1029554 0.0932923 0.1125725 0.1051956 0.1089934 0.1077580 0.0000000 0.1138479 0.1380013 0.1527414 0.1172566 0.1709724 0.1901610 
S0030_G6034_R1_A 0.1384940 0.1358230 0.0828794 0.0794078 0.2025529 0.0826308 0.0838868 0.0842348 0.0826324 0.0831155 0.1169000 0.0835341 0.0831073 0.0921164 0.0916642 0.0865122 0.0879633 0.1138479 0.0000000 0.1130524 0.1281128 0.0855570 0.1498840 0.1724958 
S0013_G6034_R1_A 0.1296236 0.1302346 0.1057334 0.1067168 0.2283840 0.1016298 0.1088245 0.1085914 0.1058384 0.1024557 0.1362938 0.1088192 0.1088325 0.1119748 0.1166340 0.1079830 0.1077451 0.1380013 0.1130524 0.0000000 0.1553610 0.1136032 0.1687518 0.1873193 
S0026_G6034_R1_A 0.1636155 0.1631153 0.1191373 0.1028925 0.2267176 0.1199852 0.1218905 0.1156045 0.1215458 0.1208936 0.1066151 0.1192315 0.1215592 0.1244771 0.1309111 0.1126264 0.1148187 0.1527414 0.1281128 0.1553610 0.0000000 0.1347642 0.1220800 0.2031736 
S0022_G6034_R1_A 0.1282164 0.1315978 0.0827092 0.0817547 0.2060911 0.0809978 0.0810043 0.0833265 0.0827915 0.0844551 0.1169738 0.0836497 0.0839060 0.0915380 0.0914860 0.0887507 0.0910638 0.1172566 0.0855570 0.1136032 0.1347642 0.0000000 0.1463652 0.1764129 
S0017_G6034_R1_A 0.1860586 0.1877816 0.1388183 0.1409193 0.2477599 0.1354375 0.1337965 0.1286325 0.1409572 0.1387893 0.1096839 0.1403525 0.1436480 0.1375778 0.1449255 0.1464658 0.1475232 0.1709724 0.1498840 0.1687518 0.1220800 0.1463652 0.0000000 0.2272736 
S0012_G6034_R1_A 0.2091224 0.2101321 0.1647148 0.1547861 0.2836985 0.1603585 0.1691312 0.1666283 0.1630489 0.1620887 0.1861126 0.1635999 0.1679055 0.1687758 0.1757479 0.1703842 0.1750410 0.1901610 0.1724958 0.1873193 0.2031736 0.1764129 0.2272736 0.0000000 
