23
S0005_G6041_R1_A 0.0000000 0.1762388 0.1851149 0.1741477 0.1763435 0.1774457 0.1750059 0.1783708 0.1788600 0.1855238 0.2001550 0.1879277 0.1812289 0.1827693 0.1880494 0.1784511 0.1774107 0.1871849 0.1956188 0.1962139 0.1805729 0.1738901 0.2081082 
S0002_G6041_R1_A 0.1762388 0.0000000 0.0492017 0.0454268 0.0490013 0.0504366 0.0475763 0.0469666 0.0568717 0.0510839 0.0641026 0.0628467 0.0546547 0.0608065 0.0625516 0.0576188 0.0583523 0.0635053 0.0631101 0.0641576 0.0560428 0.0575929 0.0746562 
S0016_G6041_R1_A 0.1851149 0.0492017 0.0000000 0.0458890 0.0452080 0.0498919 0.0475821 0.0453672 0.0574826 0.0495492 0.0616552 0.0613390 0.0530951 0.0603724 0.0620235 0.0581782 0.0611212 0.0651395 0.0626644 0.0642556 0.0594078 0.0549537 0.0753399 
S0019_G6041_R1_A 0.1741477 0.0454268 0.0458890 0.0000000 0.0235324 0.0364599 0.0382356 0.0365548 0.0354721 0.0488260 0.0581999 0.0515029 0.0451388 0.0521700 0.0511833 0.0474396 0.0523617 0.0547637 0.0477502 0.0492833 0.0468270 0.0478815 0.0616666 
S0020_G6041_R1_A 0.1763435 0.0490013 0.0452080 0.0235324 0.0000000 0.0404666 0.0412620 0.0406046 0.0431267 0.0508770 0.0607828 0.0572729 0.0497586 0.0552298 0.0553186 0.0510234 0.0565387 0.0579132 0.0507922 0.0518154 0.0532023 0.0488795 0.0615640 
S0030_G6041_R1_A 0.1774457 0.0504366 0.0498919 0.0364599 0.0404666 0.0000000 0.0452420 0.0430643 0.0476374 0.0549091 0.0631843 0.0608525 0.0542792 0.0582936 0.0598366 0.0565973 0.0594977 0.0635645 0.0563391 0.0573683 0.0545846 0.0539114 0.0693412 
S0028_G6041_R1_A 0.1750059 0.0475763 0.0475821 0.0382356 0.0412620 0.0452420 0.0000000 0.0366564 0.0495254 0.0500348 0.0593721 0.0547440 0.0457356 0.0528814 0.0513400 0.0470421 0.0519533 0.0565157 0.0561280 0.0582836 0.0453664 0.0459541 0.0721991 
S0036_G6041_R1_A 0.1783708 0.0469666 0.0453672 0.0365548 0.0406046 0.0430643 0.0366564 0.0000000 0.0483184 0.0483346 0.0576033 0.0540790 0.0451743 0.0511743 0.0528008 0.0479943 0.0512894 0.0542148 0.0544528 0.0565182 0.0478968 0.0452719 0.0673719 
S0022_G6041_R1_A 0.1788600 0.0568717 0.0574826 0.0354721 0.0431267 0.0476374 0.0495254 0.0483184 0.0000000 0.0577012 0.0692571 0.0636474 0.0565122 0.0617189 0.0633022 0.0573374 0.0613687 0.0653369 0.0607220 0.0601866 0.0550956 0.0573713 0.0682108 
S0011_G6041_R1_A 0.1855238 0.0510839 0.0495492 0.0488260 0.0508770 0.0549091 0.0500348 0.0483346 0.0577012 0.0000000 0.0645165 0.0647283 0.0570201 0.0654242 0.0649503 0.0604723 0.0596347 0.0680494 0.0655025 0.0660222 0.0596299 0.0567657 0.0759739 
S0017_G6041_R1_A 0.2001550 0.0641026 0.0616552 0.0581999 0.0607828 0.0631843 0.0593721 0.0576033 0.0692571 0.0645165 0.0000000 0.0739373 0.0664978 0.0745644 0.0767989 0.0706559 0.0725437 0.0750236 0.0740501 0.0778010 0.0715217 0.0685532 0.0887827 
S0018_G6041_R1_A 0.1879277 0.0628467 0.0613390 0.0515029 0.0572729 0.0608525 0.0547440 0.0540790 0.0636474 0.0647283 0.0739373 0.0000000 0.0344835 0.0672071 0.0677878 0.0627787 0.0696285 0.0625497 0.0710956 0.0727038 0.0545463 0.0612196 0.0857153 
S0031_G6041_R1_A 0.1812289 0.0546547 0.0530951 0.0451388 0.0497586 0.0542792 0.0457356 0.0451743 0.0565122 0.0570201 0.0664978 0.0344835 0.0000000 0.0588563 0.0604525 0.0545497 0.0606551 0.0559590 0.0631791 0.0636942 0.0460023 0.0555986 0.0769583 
S0046_G6041_R1_A 0.1827693 0.0608065 0.0603724 0.0521700 0.0552298 0.0582936 0.0528814 0.0511743 0.0617189 0.0654242 0.0745644 0.0672071 0.0588563 0.0000000 0.0679525 0.0613644 0.0616140 0.0694821 0.0667821 0.0684407 0.0608812 0.0613711 0.0810344 
S0021_G6041_R1_A 0.1880494 0.0625516 0.0620235 0.0511833 0.0553186 0.0598366 0.0513400 0.0528008 0.0633022 0.0649503 0.0767989 0.0677878 0.0604525 0.0679525 0.0000000 0.0395129 0.0637819 0.0665995 0.0668937 0.0684821 0.0592766 0.0586636 0.0832961 
S0021_G6041_R2_A 0.1784511 0.0576188 0.0581782 0.0474396 0.0510234 0.0565973 0.0470421 0.0479943 0.0573374 0.0604723 0.0706559 0.0627787 0.0545497 0.0613644 0.0395129 0.0000000 0.0588230 0.0666304 0.0624007 0.0639722 0.0576169 0.0553428 0.0796729 
S0026_G6041_R1_A 0.1774107 0.0583523 0.0611212 0.0523617 0.0565387 0.0594977 0.0519533 0.0512894 0.0613687 0.0596347 0.0725437 0.0696285 0.0606551 0.0616140 0.0637819 0.0588230 0.0000000 0.0690867 0.0697684 0.0713033 0.0605297 0.0592275 0.0824067 
S0037_G6041_R1_A 0.1871849 0.0635053 0.0651395 0.0547637 0.0579132 0.0635645 0.0565157 0.0542148 0.0653369 0.0680494 0.0750236 0.0625497 0.0559590 0.0694821 0.0665995 0.0666304 0.0690867 0.0000000 0.0695917 0.0701160 0.0575678 0.0612602 0.0866547 
S0048_G6041_R1_A 0.1956188 0.0631101 0.0626644 0.0477502 0.0507922 0.0563391 0.0561280 0.0544528 0.0607220 0.0655025 0.0740501 0.0710956 0.0631791 0.0667821 0.0668937 0.0624007 0.0697684 0.0695917 0.0000000 0.0131997 0.0642935 0.0629935 0.0770136 
S0050_G6041_R1_A 0.1962139 0.0641576 0.0642556 0.0492833 0.0518154 0.0573683 0.0582836 0.0565182 0.0601866 0.0660222 0.0778010 0.0727038 0.0636942 0.0684407 0.0684821 0.0639722 0.0713033 0.0701160 0.0131997 0.0000000 0.0670987 0.0640314 0.0750952 
S0004_G6041_R1_A 0.1805729 0.0560428 0.0594078 0.0468270 0.0532023 0.0545846 0.0453664 0.0478968 0.0550956 0.0596299 0.0715217 0.0545463 0.0460023 0.0608812 0.0592766 0.0576169 0.0605297 0.0575678 0.0642935 0.0670987 0.0000000 0.0571225 0.0790167 
S0013_G6041_R1_A 0.1738901 0.0575929 0.0549537 0.0478815 0.0488795 0.0539114 0.0459541 0.0452719 0.0573713 0.0567657 0.0685532 0.0612196 0.0555986 0.0613711 0.0586636 0.0553428 0.0592275 0.0612602 0.0629935 0.0640314 0.0571225 0.0000000 0.0749870 
S0012_G6041_R1_A 0.2081082 0.0746562 0.0753399 0.0616666 0.0615640 0.0693412 0.0721991 0.0673719 0.0682108 0.0759739 0.0887827 0.0857153 0.0769583 0.0810344 0.0832961 0.0796729 0.0824067 0.0866547 0.0770136 0.0750952 0.0790167 0.0749870 0.0000000 
