26
S0012_G6056_R1_A 0.0000000 0.4032029 0.4015166 0.2238213 0.2457614 0.1548501 0.1471603 0.1476794 0.1540809 0.1524024 0.1420416 0.1502536 0.1481194 0.1637383 0.1554312 0.1580358 0.1589108 0.1475167 0.1478769 0.1560658 0.1630059 0.1551075 0.1667379 0.1390919 0.1708905 0.2616916 
S0021_G6056_R3_A 0.4032029 0.0000000 0.0351101 0.1075684 0.5846338 0.6543454 0.5868150 0.6180050 0.6282243 0.6218713 0.6058773 0.5885099 0.5798513 0.5706517 0.5848508 0.6187006 0.6703994 0.6835827 0.6517866 0.6100385 0.6705706 0.7360724 0.7430537 0.6282435 0.6596815 1.0178315 
S0021_G6056_R4_A 0.4015166 0.0351101 0.0000000 0.1222983 0.5773404 0.6546371 0.5865200 0.6179677 0.6282763 0.6218683 0.6057395 0.5882282 0.5794990 0.5702256 0.5845404 0.6186706 0.6632415 0.6590455 0.6445377 0.6099300 0.6709935 0.7372106 0.7357618 0.6096448 0.6600662 0.9981881 
S0037_G6056_R2_A 0.2238213 0.1075684 0.1222983 0.0000000 0.5040148 0.6378551 0.5630969 0.6147718 0.6388444 0.5971121 0.5735740 0.5523132 0.5341636 0.6398712 0.5643370 0.5819239 0.6497502 0.6200914 0.6469893 0.6063332 0.8342371 0.8349309 0.7500963 0.6275151 0.6743767 0.9868312 
S0005_G6056_R1_A 0.2457614 0.5846338 0.5773404 0.5040148 0.0000000 0.2009404 0.2054988 0.1999380 0.1974852 0.1960518 0.1997384 0.2110315 0.2029514 0.2016059 0.1977423 0.2106949 0.1985887 0.2012476 0.1960164 0.1957149 0.2084158 0.1983936 0.2011140 0.2042713 0.2212799 0.4834385 
S0002_G6056_R1_A 0.1548501 0.6543454 0.6546371 0.6378551 0.2009404 0.0000000 0.0802002 0.0809187 0.0768602 0.0781461 0.0730687 0.0861039 0.0918431 0.1060721 0.0824628 0.0886187 0.0755230 0.0775461 0.0708595 0.0902312 0.1175489 0.1190473 0.0892053 0.1013971 0.1260642 0.3427012 
S0004_G6056_R1_A 0.1471603 0.5868150 0.5865200 0.5630969 0.2054988 0.0802002 0.0000000 0.0835104 0.0801500 0.0764690 0.0714735 0.0846112 0.0933887 0.1074339 0.0879895 0.0894129 0.0864350 0.0867565 0.0800139 0.1000384 0.1104054 0.1334397 0.0958004 0.1038255 0.1225308 0.3543245 
S0013_G6056_R1_A 0.1476794 0.6180050 0.6179677 0.6147718 0.1999380 0.0809187 0.0835104 0.0000000 0.0761461 0.0794868 0.0840363 0.0927007 0.0828700 0.1028615 0.0843411 0.0821543 0.0863624 0.0865859 0.0807507 0.0926044 0.1206579 0.1317887 0.0909270 0.0975642 0.1257549 0.3518778 
S0016_G6056_R1_A 0.1540809 0.6282243 0.6282763 0.6388444 0.1974852 0.0768602 0.0801500 0.0761461 0.0000000 0.0749799 0.0779860 0.0852098 0.0906163 0.0980227 0.0782951 0.0824626 0.0737941 0.0760386 0.0737298 0.0851789 0.1071875 0.1277037 0.0844962 0.0965459 0.1127945 0.3443054 
S0022_G6056_R1_A 0.1524024 0.6218713 0.6218683 0.5971121 0.1960518 0.0781461 0.0764690 0.0794868 0.0749799 0.0000000 0.0744115 0.0829801 0.0896785 0.1007303 0.0782023 0.0808758 0.0730191 0.0708027 0.0757725 0.0875984 0.1071652 0.1342834 0.0809656 0.0976355 0.1162201 0.3450602 
S0031_G6056_R1_A 0.1420416 0.6058773 0.6057395 0.5735740 0.1997384 0.0730687 0.0714735 0.0840363 0.0779860 0.0744115 0.0000000 0.0816205 0.0858049 0.1055962 0.0847243 0.0852910 0.0823866 0.0804526 0.0751949 0.0900433 0.0976303 0.1295456 0.0820095 0.0938722 0.1056811 0.3311212 
S0046_G6056_R1_A 0.1502536 0.5885099 0.5882282 0.5523132 0.2110315 0.0861039 0.0846112 0.0927007 0.0852098 0.0829801 0.0816205 0.0000000 0.1004653 0.1155807 0.0921670 0.0962343 0.0899287 0.0893984 0.0870640 0.0980798 0.1252179 0.1369557 0.0919556 0.1062414 0.1252939 0.3523280 
S0048_G6056_R1_A 0.1481194 0.5798513 0.5794990 0.5341636 0.2029514 0.0918431 0.0933887 0.0828700 0.0906163 0.0896785 0.0858049 0.1004653 0.0000000 0.1085346 0.0941989 0.1000111 0.0905453 0.0931597 0.0910719 0.1044957 0.1303829 0.1495277 0.1017939 0.1047987 0.1320585 0.3709042 
S0021_G6056_R1_A 0.1637383 0.5706517 0.5702256 0.6398712 0.2016059 0.1060721 0.1074339 0.1028615 0.0980227 0.1007303 0.1055962 0.1155807 0.1085346 0.0000000 0.0568728 0.1082222 0.1000339 0.1035364 0.1031299 0.1042181 0.1163333 0.1342957 0.1179482 0.1197262 0.1480378 0.4010025 
S0021_G6056_R2_A 0.1554312 0.5848508 0.5845404 0.5643370 0.1977423 0.0824628 0.0879895 0.0843411 0.0782951 0.0782023 0.0847243 0.0921670 0.0941989 0.0568728 0.0000000 0.0911067 0.0821105 0.0836895 0.0872153 0.0837163 0.1187526 0.1291540 0.0944217 0.0900758 0.1215779 0.3430905 
S0017_G6056_R1_A 0.1580358 0.6187006 0.6186706 0.5819239 0.2106949 0.0886187 0.0894129 0.0821543 0.0824626 0.0808758 0.0852910 0.0962343 0.1000111 0.1082222 0.0911067 0.0000000 0.0883795 0.0904026 0.0789726 0.0997531 0.1187254 0.1336637 0.0940891 0.1034058 0.1256810 0.3750254 
S0019_G6056_R1_A 0.1589108 0.6703994 0.6632415 0.6497502 0.1985887 0.0755230 0.0864350 0.0863624 0.0737941 0.0730191 0.0823866 0.0899287 0.0905453 0.1000339 0.0821105 0.0883795 0.0000000 0.0501782 0.0774536 0.0836113 0.1040761 0.1290205 0.0731675 0.0955530 0.1214660 0.3501566 
S0020_G6056_R1_A 0.1475167 0.6835827 0.6590455 0.6200914 0.2012476 0.0775461 0.0867565 0.0865859 0.0760386 0.0708027 0.0804526 0.0893984 0.0931597 0.1035364 0.0836895 0.0904026 0.0501782 0.0000000 0.0717913 0.0897429 0.1130220 0.1268077 0.0735821 0.0938818 0.1159910 0.3564141 
S0030_G6056_R1_A 0.1478769 0.6517866 0.6445377 0.6469893 0.1960164 0.0708595 0.0800139 0.0807507 0.0737298 0.0757725 0.0751949 0.0870640 0.0910719 0.1031299 0.0872153 0.0789726 0.0774536 0.0717913 0.0000000 0.0842809 0.1010130 0.1134381 0.0824837 0.0880949 0.1076181 0.3584223 
S0011_G6056_R1_A 0.1560658 0.6100385 0.6099300 0.6063332 0.1957149 0.0902312 0.1000384 0.0926044 0.0851789 0.0875984 0.0900433 0.0980798 0.1044957 0.1042181 0.0837163 0.0997531 0.0836113 0.0897429 0.0842809 0.0000000 0.1127123 0.1307206 0.0909995 0.1025239 0.1302590 0.3540641 
S0018_G6056_R1_A 0.1630059 0.6705706 0.6709935 0.8342371 0.2084158 0.1175489 0.1104054 0.1206579 0.1071875 0.1071652 0.0976303 0.1252179 0.1303829 0.1163333 0.1187526 0.1187254 0.1040761 0.1130220 0.1010130 0.1127123 0.0000000 0.1626804 0.1318167 0.1314427 0.1339537 0.3912162 
S0028_G6056_R1_A 0.1551075 0.7360724 0.7372106 0.8349309 0.1983936 0.1190473 0.1334397 0.1317887 0.1277037 0.1342834 0.1295456 0.1369557 0.1495277 0.1342957 0.1291540 0.1336637 0.1290205 0.1268077 0.1134381 0.1307206 0.1626804 0.0000000 0.1267253 0.1149175 0.1550491 0.3750353 
S0036_G6056_R1_A 0.1667379 0.7430537 0.7357618 0.7500963 0.2011140 0.0892053 0.0958004 0.0909270 0.0844962 0.0809656 0.0820095 0.0919556 0.1017939 0.1179482 0.0944217 0.0940891 0.0731675 0.0735821 0.0824837 0.0909995 0.1318167 0.1267253 0.0000000 0.0879819 0.1091338 0.3531337 
S0026_G6056_R1_A 0.1390919 0.6282435 0.6096448 0.6275151 0.2042713 0.1013971 0.1038255 0.0975642 0.0965459 0.0976355 0.0938722 0.1062414 0.1047987 0.1197262 0.0900758 0.1034058 0.0955530 0.0938818 0.0880949 0.1025239 0.1314427 0.1149175 0.0879819 0.0000000 0.1064411 0.3078809 
S0037_G6056_R1_A 0.1708905 0.6596815 0.6600662 0.6743767 0.2212799 0.1260642 0.1225308 0.1257549 0.1127945 0.1162201 0.1056811 0.1252939 0.1320585 0.1480378 0.1215779 0.1256810 0.1214660 0.1159910 0.1076181 0.1302590 0.1339537 0.1550491 0.1091338 0.1064411 0.0000000 0.3047175 
S0050_G6056_R1_A 0.2616916 1.0178315 0.9981881 0.9868312 0.4834385 0.3427012 0.3543245 0.3518778 0.3443054 0.3450602 0.3311212 0.3523280 0.3709042 0.4010025 0.3430905 0.3750254 0.3501566 0.3564141 0.3584223 0.3540641 0.3912162 0.3750353 0.3531337 0.3078809 0.3047175 0.0000000 
