23
S0018_G6051_R1_A 0.0000000 0.0744810 0.0789736 0.1227552 0.1229919 0.1323414 0.0962925 0.1027899 0.1192007 0.1395437 0.1266425 0.1410669 0.1385339 0.1351110 0.0806783 0.1052928 0.1226076 0.1588922 0.0834802 0.0951126 0.0881606 0.1480926 0.4291200 
S0020_G6051_R1_A 0.0744810 0.0000000 0.0616766 0.1352536 0.1192209 0.1393085 0.1367225 0.1034366 0.1074186 0.1330405 0.1419399 0.1543874 0.1633102 0.1449146 0.0859113 0.1054176 0.1334577 0.1504975 0.0755116 0.0857769 0.0796728 0.1323820 0.4144887 
S0011_G6051_R1_A 0.0789736 0.0616766 0.0000000 0.1283831 0.1139776 0.1236605 0.1227965 0.1110661 0.1163505 0.1364586 0.1322757 0.1451911 0.1564457 0.1391182 0.0793801 0.0953484 0.1256312 0.1494271 0.0733829 0.0888411 0.0803385 0.1325540 0.4432778 
S0004_G6051_R1_A 0.1227552 0.1352536 0.1283831 0.0000000 0.0687284 0.0664015 0.0722505 0.1506273 0.0682980 0.0930973 0.0816920 0.0981894 0.0929540 0.0889171 0.1234582 0.1430634 0.0740880 0.1524070 0.0839113 0.1482589 0.1421458 0.2272273 0.5617306 
S0019_G6051_R1_A 0.1229919 0.1192209 0.1139776 0.0687284 0.0000000 0.0661172 0.0664273 0.1466582 0.0562859 0.0904782 0.0690308 0.0845587 0.1003581 0.0711055 0.1151442 0.1288023 0.0556420 0.1453608 0.0660996 0.1398107 0.1329793 0.2085424 0.5501927 
S0016_G6051_R1_A 0.1323414 0.1393085 0.1236605 0.0664015 0.0661172 0.0000000 0.0708121 0.1529697 0.0623587 0.0884701 0.0778839 0.0903127 0.0945352 0.0806576 0.1219471 0.1395437 0.0681216 0.1450587 0.0716926 0.1457540 0.1417126 0.2274402 0.5582583 
S0031_G6051_R1_A 0.0962925 0.1367225 0.1227965 0.0722505 0.0664273 0.0708121 0.0000000 0.1433503 0.0611015 0.0890771 0.0678173 0.0779914 0.0812122 0.0727591 0.1136579 0.1303436 0.0629276 0.1440289 0.0712038 0.1317182 0.1265010 0.2138688 0.5490330 
S0012_G6051_R1_A 0.1027899 0.1034366 0.1110661 0.1506273 0.1466582 0.1529697 0.1433503 0.0000000 0.1522114 0.1580265 0.1425292 0.1381475 0.1770413 0.1464112 0.0982619 0.1203716 0.1544504 0.1449804 0.1146641 0.1058514 0.0985864 0.1771285 0.4511003 
S0036_G6051_R1_A 0.1192007 0.1074186 0.1163505 0.0682980 0.0562859 0.0623587 0.0611015 0.1522114 0.0000000 0.0911328 0.0716085 0.0812823 0.0956302 0.0736472 0.1198704 0.1338025 0.0584513 0.1275995 0.0683598 0.1458555 0.1397135 0.2150576 0.5505535 
S0022_G6051_R1_A 0.1395437 0.1330405 0.1364586 0.0930973 0.0904782 0.0884701 0.0890771 0.1580265 0.0911328 0.0000000 0.0869458 0.0964418 0.1187352 0.0845999 0.1338819 0.1356901 0.0883996 0.1435691 0.0750833 0.1454078 0.1394514 0.2292826 0.5776129 
S0026_G6051_R1_A 0.1266425 0.1419399 0.1322757 0.0816920 0.0690308 0.0778839 0.0678173 0.1425292 0.0716085 0.0869458 0.0000000 0.0800324 0.0977455 0.0774924 0.1192597 0.1284303 0.0673820 0.1409041 0.0689889 0.1337506 0.1276128 0.2177272 0.5676385 
S0013_G6051_R1_A 0.1410669 0.1543874 0.1451911 0.0981894 0.0845587 0.0903127 0.0779914 0.1381475 0.0812823 0.0964418 0.0800324 0.0000000 0.1147010 0.0894153 0.1271923 0.1439107 0.0772292 0.1499533 0.0834739 0.1288812 0.1229627 0.2399967 0.5799272 
S0037_G6051_R1_A 0.1385339 0.1633102 0.1564457 0.0929540 0.1003581 0.0945352 0.0812122 0.1770413 0.0956302 0.1187352 0.0977455 0.1147010 0.0000000 0.1021891 0.1400947 0.1677258 0.0901101 0.1766915 0.1107786 0.1727057 0.1669355 0.2317549 0.5738094 
S0030_G6051_R1_A 0.1351110 0.1449146 0.1391182 0.0889171 0.0711055 0.0806576 0.0727591 0.1464112 0.0736472 0.0845999 0.0774924 0.0894153 0.1021891 0.0000000 0.1249711 0.1307960 0.0716188 0.1497083 0.0805925 0.1429774 0.1381873 0.2173190 0.5677904 
S0028_G6051_R1_A 0.0806783 0.0859113 0.0793801 0.1234582 0.1151442 0.1219471 0.1136579 0.0982619 0.1198704 0.1338819 0.1192597 0.1271923 0.1400947 0.1249711 0.0000000 0.0847948 0.1230715 0.1482541 0.0730216 0.0892449 0.0834820 0.1353307 0.4449779 
S0017_G6051_R1_A 0.1052928 0.1054176 0.0953484 0.1430634 0.1288023 0.1395437 0.1303436 0.1203716 0.1338025 0.1356901 0.1284303 0.1439107 0.1677258 0.1307960 0.0847948 0.0000000 0.1298868 0.1670933 0.0912863 0.0991338 0.0907529 0.1638542 0.4611006 
S0046_G6051_R1_A 0.1226076 0.1334577 0.1256312 0.0740880 0.0556420 0.0681216 0.0629276 0.1544504 0.0584513 0.0883996 0.0673820 0.0772292 0.0901101 0.0716188 0.1230715 0.1298868 0.0000000 0.1425176 0.0718086 0.1401582 0.1387745 0.1901383 0.5482033 
S0021_G6051_R2_A 0.1588922 0.1504975 0.1494271 0.1524070 0.1453608 0.1450587 0.1440289 0.1449804 0.1275995 0.1435691 0.1409041 0.1499533 0.1766915 0.1497083 0.1482541 0.1670933 0.1425176 0.0000000 0.0517826 0.1460131 0.1382844 0.2286038 0.6056618 
S0021_G6051_R1_A 0.0834802 0.0755116 0.0733829 0.0839113 0.0660996 0.0716926 0.0712038 0.1146641 0.0683598 0.0750833 0.0689889 0.0834739 0.1107786 0.0805925 0.0730216 0.0912863 0.0718086 0.0517826 0.0000000 0.0949542 0.0881739 0.1583453 0.4825213 
S0048_G6051_R1_A 0.0951126 0.0857769 0.0888411 0.1482589 0.1398107 0.1457540 0.1317182 0.1058514 0.1458555 0.1454078 0.1337506 0.1288812 0.1727057 0.1429774 0.0892449 0.0991338 0.1401582 0.1460131 0.0949542 0.0000000 0.0116279 0.1657947 0.4353235 
S0050_G6051_R1_A 0.0881606 0.0796728 0.0803385 0.1421458 0.1329793 0.1417126 0.1265010 0.0985864 0.1397135 0.1394514 0.1276128 0.1229627 0.1669355 0.1381873 0.0834820 0.0907529 0.1387745 0.1382844 0.0881739 0.0116279 0.0000000 0.1592471 0.4312004 
S0002_G6051_R1_A 0.1480926 0.1323820 0.1325540 0.2272273 0.2085424 0.2274402 0.2138688 0.1771285 0.2150576 0.2292826 0.2177272 0.2399967 0.2317549 0.2173190 0.1353307 0.1638542 0.1901383 0.2286038 0.1583453 0.1657947 0.1592471 0.0000000 0.4150511 
S0005_G6051_R1_A 0.4291200 0.4144887 0.4432778 0.5617306 0.5501927 0.5582583 0.5490330 0.4511003 0.5505535 0.5776129 0.5676385 0.5799272 0.5738094 0.5677904 0.4449779 0.4611006 0.5482033 0.6056618 0.4825213 0.4353235 0.4312004 0.4150511 0.0000000 
