22
S0036_G6098_R1_A 0.0000000 0.0349849 0.0496303 0.0513344 0.0377602 0.0379124 0.0460582 0.0404383 0.0412465 0.0513047 0.0413409 0.0499998 0.0500683 0.0400722 0.0588917 0.0584988 0.0579535 0.0475966 0.0601861 0.0523251 0.0779885 0.1534642 
S0002_G6098_R1_A 0.0349849 0.0000000 0.0545408 0.0562047 0.0414506 0.0416397 0.0514345 0.0473791 0.0486711 0.0563034 0.0514458 0.0517546 0.0519016 0.0483324 0.0682668 0.0654015 0.0595041 0.0493245 0.0671680 0.0554783 0.0821295 0.1639665 
S0004_G6098_R1_A 0.0496303 0.0545408 0.0000000 0.0415893 0.0486548 0.0466666 0.0466174 0.0436592 0.0522152 0.0430896 0.0522630 0.0475045 0.0633801 0.0587631 0.0696743 0.0660861 0.0591454 0.0568323 0.0531897 0.0469477 0.0856366 0.1898265 
S0016_G6098_R1_A 0.0513344 0.0562047 0.0415893 0.0000000 0.0503613 0.0483306 0.0499482 0.0436627 0.0530879 0.0444365 0.0557853 0.0482522 0.0669642 0.0577423 0.0715821 0.0693212 0.0648232 0.0603824 0.0563068 0.0492556 0.0857913 0.1871199 
S0019_G6098_R1_A 0.0377602 0.0414506 0.0486548 0.0503613 0.0000000 0.0347302 0.0421817 0.0380313 0.0408581 0.0501909 0.0345900 0.0486219 0.0505371 0.0456004 0.0623788 0.0592710 0.0536347 0.0413263 0.0624129 0.0544439 0.0769941 0.1657740 
S0028_G6098_R1_A 0.0379124 0.0416397 0.0466666 0.0483306 0.0347302 0.0000000 0.0369212 0.0349084 0.0385941 0.0464478 0.0399352 0.0466350 0.0501629 0.0452830 0.0593844 0.0574778 0.0503294 0.0454465 0.0597341 0.0540812 0.0746277 0.1669974 
S0022_G6098_R1_A 0.0460582 0.0514345 0.0466174 0.0499482 0.0421817 0.0369212 0.0000000 0.0336578 0.0456502 0.0476508 0.0462593 0.0469609 0.0571890 0.0530783 0.0638773 0.0611873 0.0554940 0.0479666 0.0601761 0.0550736 0.0805485 0.1748266 
S0030_G6098_R1_A 0.0404383 0.0473791 0.0436592 0.0436627 0.0380313 0.0349084 0.0336578 0.0000000 0.0388730 0.0438854 0.0420309 0.0435474 0.0538018 0.0466639 0.0585633 0.0568267 0.0473084 0.0445562 0.0566621 0.0496698 0.0730902 0.1710770 
S0046_G6098_R1_A 0.0412465 0.0486711 0.0522152 0.0530879 0.0408581 0.0385941 0.0456502 0.0388730 0.0000000 0.0520598 0.0457468 0.0490482 0.0575487 0.0508428 0.0602714 0.0589126 0.0545501 0.0500505 0.0652339 0.0549084 0.0755250 0.1782081 
S0031_G6098_R1_A 0.0513047 0.0563034 0.0430896 0.0444365 0.0501909 0.0464478 0.0476508 0.0438854 0.0520598 0.0000000 0.0548640 0.0490447 0.0673686 0.0608808 0.0701196 0.0678063 0.0625785 0.0557904 0.0530964 0.0332206 0.0841812 0.1801472 
S0020_G6098_R1_A 0.0413409 0.0514458 0.0522630 0.0557853 0.0345900 0.0399352 0.0462593 0.0420309 0.0457468 0.0548640 0.0000000 0.0514381 0.0569692 0.0540590 0.0654515 0.0640652 0.0578740 0.0515407 0.0677675 0.0621607 0.0813753 0.1768143 
S0017_G6098_R1_A 0.0499998 0.0517546 0.0475045 0.0482522 0.0486219 0.0466350 0.0469609 0.0435474 0.0490482 0.0490447 0.0514381 0.0000000 0.0655319 0.0582034 0.0682801 0.0646864 0.0599569 0.0577111 0.0630961 0.0562010 0.0837917 0.1813186 
S0021_G6098_R1_A 0.0500683 0.0519016 0.0633801 0.0669642 0.0505371 0.0501629 0.0571890 0.0538018 0.0575487 0.0673686 0.0569692 0.0655319 0.0000000 0.0518096 0.0768612 0.0750098 0.0672871 0.0642775 0.0823023 0.0702448 0.0890815 0.1699432 
S0026_G6098_R1_A 0.0400722 0.0483324 0.0587631 0.0577423 0.0456004 0.0452830 0.0530783 0.0466639 0.0508428 0.0608808 0.0540590 0.0582034 0.0518096 0.0000000 0.0711966 0.0706830 0.0647626 0.0563495 0.0733269 0.0637431 0.0872265 0.1723369 
S0048_G6098_R1_A 0.0588917 0.0682668 0.0696743 0.0715821 0.0623788 0.0593844 0.0638773 0.0585633 0.0602714 0.0701196 0.0654515 0.0682801 0.0768612 0.0711966 0.0000000 0.0143474 0.0601212 0.0679740 0.0828526 0.0760505 0.0965338 0.2053093 
S0050_G6098_R1_A 0.0584988 0.0654015 0.0660861 0.0693212 0.0592710 0.0574778 0.0611873 0.0568267 0.0589126 0.0678063 0.0640652 0.0646864 0.0750098 0.0706830 0.0143474 0.0000000 0.0565906 0.0661163 0.0790424 0.0721601 0.0948841 0.2017635 
S0013_G6098_R1_A 0.0579535 0.0595041 0.0591454 0.0648232 0.0536347 0.0503294 0.0554940 0.0473084 0.0545501 0.0625785 0.0578740 0.0599569 0.0672871 0.0647626 0.0601212 0.0565906 0.0000000 0.0620604 0.0731482 0.0679717 0.0854448 0.1919000 
S0011_G6098_R1_A 0.0475966 0.0493245 0.0568323 0.0603824 0.0413263 0.0454465 0.0479666 0.0445562 0.0500505 0.0557904 0.0515407 0.0577111 0.0642775 0.0563495 0.0679740 0.0661163 0.0620604 0.0000000 0.0674875 0.0617698 0.0821557 0.1780624 
S0037_G6098_R1_A 0.0601861 0.0671680 0.0531897 0.0563068 0.0624129 0.0597341 0.0601761 0.0566621 0.0652339 0.0530964 0.0677675 0.0630961 0.0823023 0.0733269 0.0828526 0.0790424 0.0731482 0.0674875 0.0000000 0.0576902 0.0967404 0.1938341 
S0018_G6098_R1_A 0.0523251 0.0554783 0.0469477 0.0492556 0.0544439 0.0540812 0.0550736 0.0496698 0.0549084 0.0332206 0.0621607 0.0562010 0.0702448 0.0637431 0.0760505 0.0721601 0.0679717 0.0617698 0.0576902 0.0000000 0.0935903 0.1778952 
S0012_G6098_R1_A 0.0779885 0.0821295 0.0856366 0.0857913 0.0769941 0.0746277 0.0805485 0.0730902 0.0755250 0.0841812 0.0813753 0.0837917 0.0890815 0.0872265 0.0965338 0.0948841 0.0854448 0.0821557 0.0967404 0.0935903 0.0000000 0.1988095 
S0005_G6098_R1_A 0.1534642 0.1639665 0.1898265 0.1871199 0.1657740 0.1669974 0.1748266 0.1710770 0.1782081 0.1801472 0.1768143 0.1813186 0.1699432 0.1723369 0.2053093 0.2017635 0.1919000 0.1780624 0.1938341 0.1778952 0.1988095 0.0000000 
