23
S0002_G6130_R1_A 0.0000000 0.0489827 0.0611981 0.0771160 0.0729822 0.0667549 0.0647345 0.0885793 0.0693315 0.0715459 0.0868574 0.0618447 0.0895422 0.0659465 0.0909765 0.0993870 0.0930595 0.0737245 0.0925140 0.1216933 0.0906059 0.2369988 0.2894715 
S0036_G6130_R1_A 0.0489827 0.0000000 0.0496675 0.0662118 0.0589618 0.0571130 0.0518734 0.0758343 0.0557629 0.0634749 0.0774058 0.0532905 0.0778226 0.0538575 0.0801558 0.0871538 0.0854096 0.0632591 0.0809087 0.1067196 0.0760959 0.2145584 0.2675999 
S0016_G6130_R1_A 0.0611981 0.0496675 0.0000000 0.0620012 0.0564169 0.0577885 0.0551735 0.0732151 0.0608854 0.0696116 0.0733278 0.0605153 0.0752119 0.0540454 0.0753454 0.0851961 0.0801574 0.0684226 0.0794802 0.1049511 0.0712364 0.2097018 0.2653605 
S0018_G6130_R1_A 0.0771160 0.0662118 0.0620012 0.0000000 0.0411671 0.0711981 0.0722505 0.0850298 0.0752850 0.0862588 0.0884931 0.0754792 0.0848686 0.0718541 0.0793446 0.1038759 0.1010873 0.0866616 0.0953053 0.1246729 0.0888976 0.2348128 0.2777978 
S0031_G6130_R1_A 0.0729822 0.0589618 0.0564169 0.0411671 0.0000000 0.0683016 0.0665448 0.0797148 0.0711451 0.0787864 0.0831567 0.0691454 0.0778706 0.0654133 0.0756087 0.0958679 0.0942008 0.0815528 0.0891507 0.1193631 0.0855657 0.2317549 0.2665772 
S0046_G6130_R1_A 0.0667549 0.0571130 0.0577885 0.0711981 0.0683016 0.0000000 0.0639681 0.0816057 0.0690740 0.0752074 0.0879131 0.0644569 0.0871066 0.0629380 0.0839327 0.0974379 0.0958565 0.0740349 0.0918228 0.1137656 0.0890192 0.2328779 0.2701486 
S0019_G6130_R1_A 0.0647345 0.0518734 0.0551735 0.0722505 0.0665448 0.0639681 0.0000000 0.0765418 0.0667295 0.0723534 0.0821298 0.0618325 0.0808931 0.0573521 0.0855978 0.0887922 0.0901093 0.0758933 0.0859121 0.1166776 0.0850625 0.2294681 0.2788265 
S0013_G6130_R1_A 0.0885793 0.0758343 0.0732151 0.0850298 0.0797148 0.0816057 0.0765418 0.0000000 0.0828688 0.0893777 0.0944346 0.0775051 0.0942959 0.0750305 0.0964981 0.1066700 0.1045537 0.0895185 0.1036173 0.1286399 0.0944468 0.2416623 0.2781149 
S0026_G6130_R1_A 0.0693315 0.0557629 0.0608854 0.0752850 0.0711451 0.0690740 0.0667295 0.0828688 0.0000000 0.0628203 0.0862945 0.0665039 0.0896450 0.0666589 0.0818732 0.0911380 0.0837602 0.0626879 0.0920118 0.1171044 0.0861952 0.2086615 0.2832159 
S0021_G6130_R1_A 0.0715459 0.0634749 0.0696116 0.0862588 0.0787864 0.0752074 0.0723534 0.0893777 0.0628203 0.0000000 0.0924397 0.0766335 0.0940299 0.0746284 0.0919162 0.0991420 0.0970227 0.0775084 0.0986993 0.1222243 0.0940125 0.2252392 0.2889034 
S0048_G6130_R1_A 0.0868574 0.0774058 0.0733278 0.0884931 0.0831567 0.0879131 0.0821298 0.0944346 0.0862945 0.0924397 0.0000000 0.0828200 0.1008349 0.0784936 0.1008426 0.1077523 0.1043738 0.0909947 0.1026024 0.1296293 0.0479970 0.2440402 0.2922565 
S0011_G6130_R1_A 0.0618447 0.0532905 0.0605153 0.0754792 0.0691454 0.0644569 0.0618325 0.0775051 0.0665039 0.0766335 0.0828200 0.0000000 0.0859819 0.0578296 0.0885261 0.0980456 0.0904935 0.0707905 0.0803438 0.1172925 0.0866100 0.2199420 0.2669019 
S0037_G6130_R1_A 0.0895422 0.0778226 0.0752119 0.0848686 0.0778706 0.0871066 0.0808931 0.0942959 0.0896450 0.0940299 0.1008349 0.0859819 0.0000000 0.0806384 0.0997773 0.1111634 0.1071353 0.0903844 0.1102122 0.1377691 0.1009106 0.2416106 0.2918125 
S0020_G6130_R1_A 0.0659465 0.0538575 0.0540454 0.0718541 0.0654133 0.0629380 0.0573521 0.0750305 0.0666589 0.0746284 0.0784936 0.0578296 0.0806384 0.0000000 0.0820623 0.0917265 0.0883770 0.0686567 0.0837768 0.1062097 0.0765452 0.2183016 0.2659651 
S0004_G6130_R1_A 0.0909765 0.0801558 0.0753454 0.0793446 0.0756087 0.0839327 0.0855978 0.0964981 0.0818732 0.0919162 0.1008426 0.0885261 0.0997773 0.0820623 0.0000000 0.0894172 0.0884364 0.0953364 0.1069741 0.1320752 0.0966177 0.2536947 0.2733049 
S0022_G6130_R1_A 0.0993870 0.0871538 0.0851961 0.1038759 0.0958679 0.0974379 0.0887922 0.1066700 0.0911380 0.0991420 0.1077523 0.0980456 0.1111634 0.0917265 0.0894172 0.0000000 0.0668472 0.1016623 0.1147632 0.1407297 0.1076832 0.2677311 0.3144843 
S0030_G6130_R1_A 0.0930595 0.0854096 0.0801574 0.1010873 0.0942008 0.0958565 0.0901093 0.1045537 0.0837602 0.0970227 0.1043738 0.0904935 0.1071353 0.0883770 0.0884364 0.0668472 0.0000000 0.0968074 0.1171014 0.1363630 0.1063391 0.2595598 0.3216627 
S0028_G6130_R1_A 0.0737245 0.0632591 0.0684226 0.0866616 0.0815528 0.0740349 0.0758933 0.0895185 0.0626879 0.0775084 0.0909947 0.0707905 0.0903844 0.0686567 0.0953364 0.1016623 0.0968074 0.0000000 0.0936185 0.1221584 0.0937861 0.2083762 0.2998619 
S0017_G6130_R1_A 0.0925140 0.0809087 0.0794802 0.0953053 0.0891507 0.0918228 0.0859121 0.1036173 0.0920118 0.0986993 0.1026024 0.0803438 0.1102122 0.0837768 0.1069741 0.1147632 0.1171014 0.0936185 0.0000000 0.1330648 0.1047350 0.2627659 0.3032757 
S0012_G6130_R1_A 0.1216933 0.1067196 0.1049511 0.1246729 0.1193631 0.1137656 0.1166776 0.1286399 0.1171044 0.1222243 0.1296293 0.1172925 0.1377691 0.1062097 0.1320752 0.1407297 0.1363630 0.1221584 0.1330648 0.0000000 0.1260617 0.2774058 0.3300789 
S0050_G6130_R1_A 0.0906059 0.0760959 0.0712364 0.0888976 0.0855657 0.0890192 0.0850625 0.0944468 0.0861952 0.0940125 0.0479970 0.0866100 0.1009106 0.0765452 0.0966177 0.1076832 0.1063391 0.0937861 0.1047350 0.1260617 0.0000000 0.2402245 0.2868943 
S0005_G6130_R1_A 0.2369988 0.2145584 0.2097018 0.2348128 0.2317549 0.2328779 0.2294681 0.2416623 0.2086615 0.2252392 0.2440402 0.2199420 0.2416106 0.2183016 0.2536947 0.2677311 0.2595598 0.2083762 0.2627659 0.2774058 0.2402245 0.0000000 0.4314255 
S0004_G6130_R2_A 0.2894715 0.2675999 0.2653605 0.2777978 0.2665772 0.2701486 0.2788265 0.2781149 0.2832159 0.2889034 0.2922565 0.2669019 0.2918125 0.2659651 0.2733049 0.3144843 0.3216627 0.2998619 0.3032757 0.3300789 0.2868943 0.4314255 0.0000000 
