25
S0017_G6139_R1_A 0.0000000 0.0850960 0.1873914 0.0769424 0.1100275 0.1011590 0.1363672 0.0974815 0.0978227 0.0871865 0.1008203 0.0845504 0.0810401 0.0845370 0.0816240 0.0894501 0.0814040 0.0873455 0.0902180 0.0926639 0.0863491 0.1081561 0.1096645 0.1303753 0.1522000 
S0030_G6139_R1_A 0.0850960 0.0000000 0.1768374 0.0626572 0.0914105 0.0870466 0.1188630 0.0843485 0.0831097 0.0684840 0.0777263 0.0723715 0.0634333 0.0658529 0.0629615 0.0690020 0.0656729 0.0686450 0.0592620 0.0653326 0.0684804 0.0918922 0.0924587 0.1154573 0.1325017 
S0005_G6139_R1_A 0.1873914 0.1768374 0.0000000 0.1553073 0.1952372 0.1842209 0.2213578 0.1835143 0.1854686 0.1628558 0.1753121 0.1750964 0.1694643 0.1698643 0.1669128 0.1697705 0.1615111 0.1669785 0.1801629 0.1863187 0.1669426 0.1878981 0.1891381 0.2224467 0.2341025 
S0028_G6139_R1_A 0.0769424 0.0626572 0.1553073 0.0000000 0.0816594 0.0773738 0.1063561 0.0731338 0.0721956 0.0559578 0.0646721 0.0587842 0.0585147 0.0512319 0.0484781 0.0514990 0.0504203 0.0595640 0.0667250 0.0739978 0.0574816 0.0834240 0.0833281 0.1060254 0.1359624 
S0018_G6139_R1_A 0.1100275 0.0914105 0.1952372 0.0816594 0.0000000 0.0475956 0.0971422 0.0792156 0.0662643 0.0915725 0.1000355 0.0935069 0.0911860 0.0861295 0.0845233 0.0861019 0.0837920 0.0932464 0.0983215 0.1034029 0.0897212 0.1214610 0.1194675 0.1404687 0.1700125 
S0031_G6139_R1_A 0.1011590 0.0870466 0.1842209 0.0773738 0.0475956 0.0000000 0.0885886 0.0696336 0.0575352 0.0846327 0.0929746 0.0860626 0.0828548 0.0788305 0.0773238 0.0804322 0.0786136 0.0879292 0.0909960 0.1013721 0.0818309 0.1076320 0.1087559 0.1353764 0.1582783 
S0037_G6139_R1_A 0.1363672 0.1188630 0.2213578 0.1063561 0.0971422 0.0885886 0.0000000 0.1096420 0.0974887 0.1182400 0.1297560 0.1192791 0.1196862 0.1156175 0.1113503 0.1154870 0.1140965 0.1225324 0.1272577 0.1403909 0.1176883 0.1490745 0.1466428 0.1684851 0.2014375 
S0016_G6139_R1_A 0.0974815 0.0843485 0.1835143 0.0731338 0.0792156 0.0696336 0.1096420 0.0000000 0.0646726 0.0799209 0.0896438 0.0790902 0.0768412 0.0729441 0.0687799 0.0749376 0.0743847 0.0798038 0.0853489 0.0950373 0.0784540 0.1073952 0.1055675 0.1313825 0.1568485 
S0004_G6139_R1_A 0.0978227 0.0831097 0.1854686 0.0721956 0.0662643 0.0575352 0.0974887 0.0646726 0.0000000 0.0775907 0.0932257 0.0774811 0.0763884 0.0768061 0.0738670 0.0737585 0.0704025 0.0831081 0.0890710 0.1009659 0.0794030 0.1081589 0.1061803 0.1230973 0.1633164 
S0021_G6139_R1_A 0.0871865 0.0684840 0.1628558 0.0559578 0.0915725 0.0846327 0.1182400 0.0799209 0.0775907 0.0000000 0.0335322 0.0737400 0.0694230 0.0642573 0.0622579 0.0663376 0.0550303 0.0684145 0.0723603 0.0829208 0.0722336 0.0966549 0.0965077 0.1224414 0.1382046 
S0021_G6139_R2_A 0.1008203 0.0777263 0.1753121 0.0646721 0.1000355 0.0929746 0.1297560 0.0896438 0.0932257 0.0335322 0.0000000 0.0848779 0.0810893 0.0741566 0.0719917 0.0777729 0.0662811 0.0788488 0.0845311 0.0960775 0.0832957 0.1076852 0.1098466 0.1344556 0.1460037 
S0002_G6139_R1_A 0.0845504 0.0723715 0.1750964 0.0587842 0.0935069 0.0860626 0.1192791 0.0790902 0.0774811 0.0737400 0.0848779 0.0000000 0.0505610 0.0641248 0.0622676 0.0646769 0.0644339 0.0574405 0.0730740 0.0788147 0.0664132 0.0904864 0.0909160 0.1244117 0.1403406 
S0036_G6139_R1_A 0.0810401 0.0634333 0.1694643 0.0585147 0.0911860 0.0828548 0.1196862 0.0768412 0.0763884 0.0694230 0.0810893 0.0505610 0.0000000 0.0622159 0.0579666 0.0623032 0.0611344 0.0561824 0.0664915 0.0757815 0.0605181 0.0868214 0.0856183 0.1141693 0.1345923 
S0019_G6139_R1_A 0.0845370 0.0658529 0.1698643 0.0512319 0.0861295 0.0788305 0.1156175 0.0729441 0.0768061 0.0642573 0.0741566 0.0641248 0.0622159 0.0000000 0.0163994 0.0280055 0.0546697 0.0676489 0.0701785 0.0779429 0.0686126 0.0940836 0.0922243 0.1090707 0.1328293 
S0019_G6139_R2_A 0.0816240 0.0629615 0.1669128 0.0484781 0.0845233 0.0773238 0.1113503 0.0687799 0.0738670 0.0622579 0.0719917 0.0622676 0.0579666 0.0163994 0.0000000 0.0244107 0.0530009 0.0636579 0.0677920 0.0748885 0.0663092 0.0900898 0.0883525 0.1088542 0.1323370 
S0020_G6139_R1_A 0.0894501 0.0690020 0.1697705 0.0514990 0.0861019 0.0804322 0.1154870 0.0749376 0.0737585 0.0663376 0.0777729 0.0646769 0.0623032 0.0280055 0.0244107 0.0000000 0.0582602 0.0671317 0.0732269 0.0804167 0.0667891 0.0935756 0.0928847 0.1142952 0.1414428 
S0026_G6139_R1_A 0.0814040 0.0656729 0.1615111 0.0504203 0.0837920 0.0786136 0.1140965 0.0743847 0.0704025 0.0550303 0.0662811 0.0644339 0.0611344 0.0546697 0.0530009 0.0582602 0.0000000 0.0650317 0.0680414 0.0767234 0.0605012 0.0917940 0.0911130 0.1138582 0.1349872 
S0011_G6139_R1_A 0.0873455 0.0686450 0.1669785 0.0595640 0.0932464 0.0879292 0.1225324 0.0798038 0.0831081 0.0684145 0.0788488 0.0574405 0.0561824 0.0676489 0.0636579 0.0671317 0.0650317 0.0000000 0.0729892 0.0800421 0.0680257 0.0935665 0.0934242 0.1147937 0.1390409 
S0022_G6139_R1_A 0.0902180 0.0592620 0.1801629 0.0667250 0.0983215 0.0909960 0.1272577 0.0853489 0.0890710 0.0723603 0.0845311 0.0730740 0.0664915 0.0701785 0.0677920 0.0732269 0.0680414 0.0729892 0.0000000 0.0501455 0.0694156 0.0987624 0.0980649 0.1225817 0.1370092 
S0022_G6139_R2_A 0.0926639 0.0653326 0.1863187 0.0739978 0.1034029 0.1013721 0.1403909 0.0950373 0.1009659 0.0829208 0.0960775 0.0788147 0.0757815 0.0779429 0.0748885 0.0804167 0.0767234 0.0800421 0.0501455 0.0000000 0.0793921 0.1046570 0.1021875 0.1267824 0.1482548 
S0013_G6139_R1_A 0.0863491 0.0684804 0.1669426 0.0574816 0.0897212 0.0818309 0.1176883 0.0784540 0.0794030 0.0722336 0.0832957 0.0664132 0.0605181 0.0686126 0.0663092 0.0667891 0.0605012 0.0680257 0.0694156 0.0793921 0.0000000 0.0842174 0.0822981 0.1022366 0.1435367 
S0048_G6139_R1_A 0.1081561 0.0918922 0.1878981 0.0834240 0.1214610 0.1076320 0.1490745 0.1073952 0.1081589 0.0966549 0.1076852 0.0904864 0.0868214 0.0940836 0.0900898 0.0935756 0.0917940 0.0935665 0.0987624 0.1046570 0.0842174 0.0000000 0.0188598 0.1295297 0.1600225 
S0050_G6139_R1_A 0.1096645 0.0924587 0.1891381 0.0833281 0.1194675 0.1087559 0.1466428 0.1055675 0.1061803 0.0965077 0.1098466 0.0909160 0.0856183 0.0922243 0.0883525 0.0928847 0.0911130 0.0934242 0.0980649 0.1021875 0.0822981 0.0188598 0.0000000 0.1265146 0.1657555 
S0012_G6139_R1_A 0.1303753 0.1154573 0.2224467 0.1060254 0.1404687 0.1353764 0.1684851 0.1313825 0.1230973 0.1224414 0.1344556 0.1244117 0.1141693 0.1090707 0.1088542 0.1142952 0.1138582 0.1147937 0.1225817 0.1267824 0.1022366 0.1295297 0.1265146 0.0000000 0.1907242 
S0046_G6139_R1_A 0.1522000 0.1325017 0.2341025 0.1359624 0.1700125 0.1582783 0.2014375 0.1568485 0.1633164 0.1382046 0.1460037 0.1403406 0.1345923 0.1328293 0.1323370 0.1414428 0.1349872 0.1390409 0.1370092 0.1482548 0.1435367 0.1600225 0.1657555 0.1907242 0.0000000 
