24
S0030_G6148_R1_A 0.0000000 0.0609973 0.0635171 0.0580652 0.0579029 0.0592244 0.0592765 0.0613995 0.1210339 0.0595747 0.0641039 0.0699713 0.0725402 0.0629405 0.0794371 0.0721915 0.0937413 0.0862742 0.0804782 0.0764549 0.0815950 0.0471257 0.1014545 0.2199137 
S0013_G6148_R1_A 0.0609973 0.0000000 0.0710109 0.0621574 0.0657290 0.0659058 0.0595672 0.0642991 0.1265480 0.0642030 0.0699339 0.0796465 0.0799741 0.0714904 0.0853204 0.0763584 0.0869655 0.0791236 0.0906183 0.0819084 0.0805148 0.0525436 0.1027783 0.2193697 
S0016_G6148_R1_A 0.0635171 0.0710109 0.0000000 0.0603659 0.0613461 0.0637266 0.0664971 0.0620743 0.1206301 0.0586378 0.0630548 0.0749683 0.0752808 0.0685278 0.0782246 0.0683228 0.0982611 0.0913666 0.0838420 0.0740894 0.0897709 0.0502320 0.1046676 0.2179496 
S0036_G6148_R1_A 0.0580652 0.0621574 0.0603659 0.0000000 0.0586201 0.0576701 0.0566798 0.0560259 0.1118961 0.0532138 0.0609806 0.0677536 0.0680031 0.0602248 0.0775892 0.0667151 0.0929838 0.0850126 0.0833839 0.0748126 0.0861995 0.0444398 0.1019711 0.2139503 
S0022_G6148_R1_A 0.0579029 0.0657290 0.0613461 0.0586201 0.0000000 0.0603038 0.0603509 0.0608276 0.1184258 0.0606020 0.0656785 0.0736630 0.0756119 0.0651702 0.0831110 0.0687804 0.0945044 0.0859705 0.0889993 0.0809794 0.0851513 0.0483631 0.1027628 0.2183995 
S0046_G6148_R1_A 0.0592244 0.0659058 0.0637266 0.0576701 0.0603038 0.0000000 0.0594248 0.0581830 0.1224630 0.0580661 0.0615864 0.0705536 0.0697345 0.0636069 0.0811912 0.0722748 0.0983292 0.0891197 0.0845641 0.0793658 0.0875237 0.0468257 0.1038982 0.2099954 
S0002_G6148_R1_A 0.0592765 0.0595672 0.0664971 0.0566798 0.0603509 0.0594248 0.0000000 0.0577496 0.1201567 0.0571019 0.0615452 0.0723157 0.0726109 0.0531898 0.0800924 0.0696167 0.0942918 0.0862945 0.0839291 0.0748258 0.0839868 0.0439673 0.0952934 0.2113981 
S0019_G6148_R1_A 0.0613995 0.0642991 0.0620743 0.0560259 0.0608276 0.0581830 0.0577496 0.0000000 0.1179762 0.0569691 0.0632021 0.0633451 0.0692459 0.0669920 0.0806063 0.0717530 0.0962828 0.0887429 0.0853833 0.0789575 0.0884020 0.0332617 0.0994386 0.2123205 
S0026_G6148_R1_A 0.1210339 0.1265480 0.1206301 0.1118961 0.1184258 0.1224630 0.1201567 0.1179762 0.0000000 0.0637217 0.1114643 0.1234665 0.1247503 0.1253487 0.1392751 0.1270927 0.1543523 0.1452560 0.1469164 0.1415988 0.1447706 0.1131196 0.1600815 0.2340268 
S0026_G6148_R2_A 0.0595747 0.0642030 0.0586378 0.0532138 0.0606020 0.0580661 0.0571019 0.0569691 0.0637217 0.0000000 0.0522113 0.0625987 0.0617853 0.0623722 0.0802765 0.0665736 0.0922609 0.0814828 0.0842716 0.0751577 0.0878606 0.0449528 0.1001158 0.2000110 
S0028_G6148_R1_A 0.0641039 0.0699339 0.0630548 0.0609806 0.0656785 0.0615864 0.0615452 0.0632021 0.1114643 0.0522113 0.0000000 0.0644991 0.0637217 0.0675264 0.0806197 0.0728360 0.0972176 0.0908853 0.0875888 0.0788510 0.0921091 0.0473786 0.1082615 0.2108687 
S0021_G6148_R1_A 0.0699713 0.0796465 0.0749683 0.0677536 0.0736630 0.0705536 0.0723157 0.0633451 0.1234665 0.0625987 0.0644991 0.0000000 0.0359471 0.0773699 0.0899220 0.0804196 0.1111311 0.1010428 0.0942113 0.0905837 0.1039639 0.0551584 0.1167454 0.2155823 
S0021_G6148_R2_A 0.0725402 0.0799741 0.0752808 0.0680031 0.0756119 0.0697345 0.0726109 0.0692459 0.1247503 0.0617853 0.0637217 0.0359471 0.0000000 0.0759510 0.0874723 0.0790780 0.1090742 0.1014738 0.0951753 0.0885839 0.1051335 0.0542175 0.1166759 0.2205580 
S0011_G6148_R1_A 0.0629405 0.0714904 0.0685278 0.0602248 0.0651702 0.0636069 0.0531898 0.0669920 0.1253487 0.0623722 0.0675264 0.0773699 0.0759510 0.0000000 0.0875030 0.0754784 0.0985559 0.0904373 0.0917717 0.0823583 0.0965108 0.0524870 0.1055554 0.2214353 
S0018_G6148_R1_A 0.0794371 0.0853204 0.0782246 0.0775892 0.0831110 0.0811912 0.0800924 0.0806063 0.1392751 0.0802765 0.0806197 0.0899220 0.0874723 0.0875030 0.0000000 0.0528352 0.1153260 0.1110481 0.0946786 0.0832264 0.1100299 0.0702627 0.1227324 0.2309616 
S0031_G6148_R1_A 0.0721915 0.0763584 0.0683228 0.0667151 0.0687804 0.0722748 0.0696167 0.0717530 0.1270927 0.0665736 0.0728360 0.0804196 0.0790780 0.0754784 0.0528352 0.0000000 0.1077313 0.1017007 0.0814360 0.0749243 0.0974477 0.0586036 0.1140884 0.2335326 
S0048_G6148_R1_A 0.0937413 0.0869655 0.0982611 0.0929838 0.0945044 0.0983292 0.0942918 0.0962828 0.1543523 0.0922609 0.0972176 0.1111311 0.1090742 0.0985559 0.1153260 0.1077313 0.0000000 0.0260118 0.1232077 0.1169920 0.1165200 0.0753676 0.1260263 0.2436556 
S0050_G6148_R1_A 0.0862742 0.0791236 0.0913666 0.0850126 0.0859705 0.0891197 0.0862945 0.0887429 0.1452560 0.0814828 0.0908853 0.1010428 0.1014738 0.0904373 0.1110481 0.1017007 0.0260118 0.0000000 0.1175078 0.1084895 0.1084795 0.0710543 0.1242180 0.2400049 
S0037_G6148_R1_A 0.0804782 0.0906183 0.0838420 0.0833839 0.0889993 0.0845641 0.0839291 0.0853833 0.1469164 0.0842716 0.0875888 0.0942113 0.0951753 0.0917717 0.0946786 0.0814360 0.1232077 0.1175078 0.0000000 0.0835209 0.1142214 0.0682717 0.1340590 0.2380753 
S0004_G6148_R1_A 0.0764549 0.0819084 0.0740894 0.0748126 0.0809794 0.0793658 0.0748258 0.0789575 0.1415988 0.0751577 0.0788510 0.0905837 0.0885839 0.0823583 0.0832264 0.0749243 0.1169920 0.1084895 0.0835209 0.0000000 0.1078697 0.0606920 0.1260818 0.2353523 
S0017_G6148_R1_A 0.0815950 0.0805148 0.0897709 0.0861995 0.0851513 0.0875237 0.0839868 0.0884020 0.1447706 0.0878606 0.0921091 0.1039639 0.1051335 0.0965108 0.1100299 0.0974477 0.1165200 0.1084795 0.1142214 0.1078697 0.0000000 0.0735603 0.1266867 0.2373053 
S0020_G6148_R1_A 0.0471257 0.0525436 0.0502320 0.0444398 0.0483631 0.0468257 0.0439673 0.0332617 0.1131196 0.0449528 0.0473786 0.0551584 0.0542175 0.0524870 0.0702627 0.0586036 0.0753676 0.0710543 0.0682717 0.0606920 0.0735603 0.0000000 0.0918918 0.1875184 
S0012_G6148_R1_A 0.1014545 0.1027783 0.1046676 0.1019711 0.1027628 0.1038982 0.0952934 0.0994386 0.1600815 0.1001158 0.1082615 0.1167454 0.1166759 0.1055554 0.1227324 0.1140884 0.1260263 0.1242180 0.1340590 0.1260818 0.1266867 0.0918918 0.0000000 0.2058823 
S0005_G6148_R1_A 0.2199137 0.2193697 0.2179496 0.2139503 0.2183995 0.2099954 0.2113981 0.2123205 0.2340268 0.2000110 0.2108687 0.2155823 0.2205580 0.2214353 0.2309616 0.2335326 0.2436556 0.2400049 0.2380753 0.2353523 0.2373053 0.1875184 0.2058823 0.0000000 
