24
S0026_G6150_R1_A 0.0000000 0.0731180 0.0755991 0.0626991 0.0755655 0.0628101 0.0800758 0.0779898 0.0780084 0.0746134 0.0667247 0.0601498 0.0891464 0.0954853 0.0854055 0.0879190 0.1092629 0.1050083 0.0736060 0.0717222 0.1303527 0.1430677 0.1068308 0.2200466 
S0011_G6150_R1_A 0.0731180 0.0000000 0.0604048 0.0492012 0.0581346 0.0664647 0.0672461 0.0728091 0.0681743 0.0635599 0.0753690 0.0679439 0.0794076 0.0766620 0.0707225 0.0869794 0.0996271 0.0954752 0.0586576 0.0518391 0.1226256 0.1462150 0.1057495 0.2236137 
S0013_G6150_R1_A 0.0755991 0.0604048 0.0000000 0.0529140 0.0647679 0.0685118 0.0688360 0.0717971 0.0678906 0.0599203 0.0768119 0.0665172 0.0761127 0.0776459 0.0679964 0.0896791 0.0929752 0.0907267 0.0607644 0.0580301 0.1193146 0.1525035 0.1047688 0.2252518 
S0020_G6150_R1_A 0.0626991 0.0492012 0.0529140 0.0000000 0.0534838 0.0565520 0.0600475 0.0661488 0.0597651 0.0554041 0.0689297 0.0595332 0.0766017 0.0746339 0.0627859 0.0786536 0.0963884 0.0929218 0.0526991 0.0510940 0.1175156 0.1385315 0.1036455 0.2167336 
S0036_G6150_R1_A 0.0755655 0.0581346 0.0647679 0.0534838 0.0000000 0.0707549 0.0693328 0.0758811 0.0690757 0.0638129 0.0761175 0.0712437 0.0850310 0.0816701 0.0657042 0.0907729 0.1063088 0.1021310 0.0624612 0.0575613 0.1175042 0.1481925 0.1101701 0.2298199 
S0028_G6150_R1_A 0.0628101 0.0664647 0.0685118 0.0565520 0.0707549 0.0000000 0.0688012 0.0662768 0.0657053 0.0669224 0.0619627 0.0556632 0.0750281 0.0850074 0.0769618 0.0805408 0.1027900 0.0980566 0.0651497 0.0649348 0.1215879 0.1402324 0.0998077 0.2045620 
S0030_G6150_R1_A 0.0800758 0.0672461 0.0688360 0.0600475 0.0693328 0.0688012 0.0000000 0.0758510 0.0741744 0.0695295 0.0760865 0.0716803 0.0862824 0.0853142 0.0743533 0.0892317 0.1103598 0.1060101 0.0702722 0.0676390 0.1208955 0.1554733 0.1114513 0.2312059 
S0031_G6150_R1_A 0.0779898 0.0728091 0.0717971 0.0661488 0.0758811 0.0662768 0.0758510 0.0000000 0.0749451 0.0668589 0.0786303 0.0695143 0.0526519 0.0919796 0.0803020 0.0897001 0.1095133 0.1033900 0.0750893 0.0708026 0.1303930 0.1405105 0.1039661 0.2291503 
S0004_G6150_R1_A 0.0780084 0.0681743 0.0678906 0.0597651 0.0690757 0.0657053 0.0741744 0.0749451 0.0000000 0.0680095 0.0769160 0.0718158 0.0865846 0.0874809 0.0751935 0.0897408 0.1107850 0.1045677 0.0693287 0.0666391 0.1258104 0.1525686 0.1096388 0.2315169 
S0016_G6150_R1_A 0.0746134 0.0635599 0.0599203 0.0554041 0.0638129 0.0669224 0.0695295 0.0668589 0.0680095 0.0000000 0.0740005 0.0656968 0.0702977 0.0812208 0.0693125 0.0892062 0.0971886 0.0921313 0.0638893 0.0595024 0.1194998 0.1459920 0.1111958 0.2230957 
S0021_G6150_R1_A 0.0667247 0.0753690 0.0768119 0.0689297 0.0761175 0.0619627 0.0760865 0.0786303 0.0769160 0.0740005 0.0000000 0.0343302 0.0858022 0.0936480 0.0843926 0.0883097 0.1127395 0.1077742 0.0760593 0.0714776 0.1283904 0.1412619 0.1093820 0.2240509 
S0021_G6150_R2_A 0.0601498 0.0679439 0.0665172 0.0595332 0.0712437 0.0556632 0.0716803 0.0695143 0.0718158 0.0656968 0.0343302 0.0000000 0.0774222 0.0875262 0.0781308 0.0798386 0.0998758 0.0963195 0.0684134 0.0634404 0.1226945 0.1398572 0.1025490 0.2165782 
S0018_G6150_R1_A 0.0891464 0.0794076 0.0761127 0.0766017 0.0850310 0.0750281 0.0862824 0.0526519 0.0865846 0.0702977 0.0858022 0.0774222 0.0000000 0.0976004 0.0891788 0.1002974 0.1177315 0.1152052 0.0833471 0.0800713 0.1397372 0.1525080 0.1119090 0.2313313 
S0017_G6150_R1_A 0.0954853 0.0766620 0.0776459 0.0746339 0.0816701 0.0850074 0.0853142 0.0919796 0.0874809 0.0812208 0.0936480 0.0875262 0.0976004 0.0000000 0.0845191 0.1058308 0.1202057 0.1171293 0.0793545 0.0781901 0.1383511 0.1637543 0.1282050 0.2437497 
S0022_G6150_R1_A 0.0854055 0.0707225 0.0679964 0.0627859 0.0657042 0.0769618 0.0743533 0.0803020 0.0751935 0.0693125 0.0843926 0.0781308 0.0891788 0.0845191 0.0000000 0.0955529 0.1050831 0.1022195 0.0693888 0.0656206 0.1305956 0.1561540 0.1177487 0.2391390 
S0046_G6150_R1_A 0.0879190 0.0869794 0.0896791 0.0786536 0.0907729 0.0805408 0.0892317 0.0897001 0.0897408 0.0892062 0.0883097 0.0798386 0.1002974 0.1058308 0.0955529 0.0000000 0.1238387 0.1200427 0.0873792 0.0837739 0.1435419 0.1587010 0.1259333 0.2368290 
S0048_G6150_R1_A 0.1092629 0.0996271 0.0929752 0.0963884 0.1063088 0.1027900 0.1103598 0.1095133 0.1107850 0.0971886 0.1127395 0.0998758 0.1177315 0.1202057 0.1050831 0.1238387 0.0000000 0.0132309 0.1007073 0.0956454 0.1472820 0.1757693 0.1429824 0.2498767 
S0050_G6150_R1_A 0.1050083 0.0954752 0.0907267 0.0929218 0.1021310 0.0980566 0.1060101 0.1033900 0.1045677 0.0921313 0.1077742 0.0963195 0.1152052 0.1171293 0.1022195 0.1200427 0.0132309 0.0000000 0.0957897 0.0919784 0.1419187 0.1703812 0.1382494 0.2469461 
S0002_G6150_R1_A 0.0736060 0.0586576 0.0607644 0.0526991 0.0624612 0.0651497 0.0702722 0.0750893 0.0693287 0.0638893 0.0760593 0.0684134 0.0833471 0.0793545 0.0693888 0.0873792 0.1007073 0.0957897 0.0000000 0.0571725 0.1135577 0.1489284 0.1105582 0.2318868 
S0019_G6150_R1_A 0.0717222 0.0518391 0.0580301 0.0510940 0.0575613 0.0649348 0.0676390 0.0708026 0.0666391 0.0595024 0.0714776 0.0634404 0.0800713 0.0781901 0.0656206 0.0837739 0.0956454 0.0919784 0.0571725 0.0000000 0.1108512 0.1442212 0.1045733 0.2203452 
S0012_G6150_R1_A 0.1303527 0.1226256 0.1193146 0.1175156 0.1175042 0.1215879 0.1208955 0.1303930 0.1258104 0.1194998 0.1283904 0.1226945 0.1397372 0.1383511 0.1305956 0.1435419 0.1472820 0.1419187 0.1135577 0.1108512 0.0000000 0.2071046 0.1657624 0.2908681 
S0002_G6150_R2_A 0.1430677 0.1462150 0.1525035 0.1385315 0.1481925 0.1402324 0.1554733 0.1405105 0.1525686 0.1459920 0.1412619 0.1398572 0.1525080 0.1637543 0.1561540 0.1587010 0.1757693 0.1703812 0.1489284 0.1442212 0.2071046 0.0000000 0.1675922 0.2724864 
S0037_G6150_R1_A 0.1068308 0.1057495 0.1047688 0.1036455 0.1101701 0.0998077 0.1114513 0.1039661 0.1096388 0.1111958 0.1093820 0.1025490 0.1119090 0.1282050 0.1177487 0.1259333 0.1429824 0.1382494 0.1105582 0.1045733 0.1657624 0.1675922 0.0000000 0.2498319 
S0005_G6150_R1_A 0.2200466 0.2236137 0.2252518 0.2167336 0.2298199 0.2045620 0.2312059 0.2291503 0.2315169 0.2230957 0.2240509 0.2165782 0.2313313 0.2437497 0.2391390 0.2368290 0.2498767 0.2469461 0.2318868 0.2203452 0.2908681 0.2724864 0.2498319 0.0000000 
