36
S0020_G6164_R1_A  0.0000000 0.1167724 0.0686975 0.0580966 0.0704003 0.1892957 0.0789488 0.0739131 0.0749713 0.0833046 0.0596550 0.0631842 0.0581902 0.0970524 0.0839700 0.0688931 0.0622404 0.0604742 0.0604742 0.0622404 0.1886601 0.1907761 0.0865918 0.0772591 0.0352885 0.0597204 0.0581400 0.0807450 0.1275180 0.1798958 0.1831222 0.3584126 0.1623058 0.0854190 0.4697281 0.4140701 
S0012_G6164_R1_A  0.1167724 0.0000000 0.1311661 0.1196370 0.1263703 0.2512383 0.1278144 0.1271725 0.1317652 0.1455052 0.1253010 0.1281527 0.1198415 0.1482742 0.1423127 0.1326656 0.1175118 0.1174022 0.1174022 0.1175118 0.2656363 0.2691785 0.1451367 0.1369647 0.1168308 0.1298638 0.1120175 0.1414837 0.1872926 0.2586959 0.2635209 0.4260872 0.2128968 0.1441844 0.5423372 0.5034317 
S0026_G6164_R1_A  0.0686975 0.1311661 0.0000000 0.0643016 0.0775856 0.1992178 0.0765492 0.0794353 0.0887694 0.0962761 0.0738747 0.0702550 0.0644058 0.0999519 0.0932346 0.0707792 0.0623669 0.0605969 0.0605969 0.0623669 0.1963625 0.1985020 0.0958872 0.0774321 0.0631209 0.0713872 0.0563928 0.0854367 0.1326949 0.1882521 0.1915178 0.3698921 0.1558159 0.0895654 0.4913204 0.4417735 
S0030_G6164_R1_A  0.0580966 0.1196370 0.0643016 0.0000000 0.0659959 0.1857626 0.0650034 0.0703662 0.0759280 0.0797979 0.0597955 0.0614751 0.0000010 0.0933391 0.0731626 0.0555400 0.0579049 0.0553030 0.0553030 0.0579049 0.1744666 0.1775663 0.0757522 0.0675930 0.0508011 0.0642436 0.0503483 0.0700955 0.1253452 0.1657745 0.1699325 0.3617820 0.1532663 0.0780181 0.4476301 0.3916974 
S0016_G6164_R1_A  0.0704003 0.1263703 0.0775856 0.0659959 0.0000000 0.1918952 0.0782637 0.0616119 0.0707544 0.0781941 0.0710442 0.0666753 0.0661029 0.0898356 0.0892607 0.0734429 0.0675906 0.0666706 0.0666706 0.0675906 0.1981194 0.2002600 0.0918932 0.0809990 0.0639852 0.0722705 0.0625384 0.0824392 0.1324835 0.1891878 0.1924562 0.3767728 0.1564761 0.0970449 0.4581381 0.4080483 
S0005_G6164_R1_A  0.1892957 0.2512383 0.1992178 0.1857626 0.1918952 0.0000000 0.1987564 0.1999133 0.2087014 0.2079537 0.1906278 0.1871659 0.1861072 0.2113372 0.2015940 0.1935779 0.1850871 0.1836557 0.1836557 0.1850871 0.3141984 0.3168032 0.2070415 0.2039811 0.1853092 0.1903919 0.1842844 0.1990701 0.2342826 0.3014084 0.3054431 0.4622797 0.2578732 0.1908442 0.5744512 0.5232031 
S0046_G6164_R1_A  0.0789488 0.1278144 0.0765492 0.0650034 0.0782637 0.1987564 0.0000000 0.0818137 0.0901265 0.0940159 0.0824893 0.0780315 0.0651085 0.1071845 0.0910940 0.0777503 0.0691952 0.0700143 0.0700143 0.0691952 0.2021751 0.2043246 0.0937321 0.0798595 0.0681608 0.0755563 0.0640796 0.0860145 0.1375265 0.1939935 0.1972779 0.3600618 0.1621144 0.0838549 0.4810150 0.4285286 
S0004_G6164_R1_A  0.0739131 0.1271725 0.0794353 0.0703662 0.0616119 0.1999133 0.0818137 0.0000000 0.0742889 0.0773269 0.0763252 0.0701619 0.0704806 0.0861869 0.0967091 0.0797232 0.0701309 0.0683399 0.0683399 0.0701309 0.1987608 0.2008991 0.0993665 0.0809542 0.0683829 0.0758543 0.0660253 0.0888663 0.1365980 0.1921624 0.1954424 0.3808227 0.1633924 0.0999795 0.4782692 0.4243093 
S0031_G6164_R1_A  0.0749713 0.1317652 0.0887694 0.0759280 0.0707544 0.2087014 0.0901265 0.0742889 0.0000000 0.0408684 0.0857145 0.0784738 0.0760523 0.0927827 0.1044630 0.0864571 0.0792962 0.0756768 0.0756768 0.0792962 0.2059582 0.2081331 0.1062214 0.0930074 0.0739344 0.0778995 0.0706587 0.0982765 0.1454958 0.1968668 0.2001919 0.3783233 0.1654582 0.0968001 0.4809605 0.4367122 
S0018_G6164_R1_A  0.0833046 0.1455052 0.0962761 0.0797979 0.0781941 0.2079537 0.0940159 0.0773269 0.0408684 0.0000000 0.0851667 0.0841385 0.0799280 0.1004349 0.1046321 0.0904143 0.0841162 0.0840519 0.0840519 0.0841162 0.2087697 0.2130761 0.1073547 0.0978004 0.0796589 0.0863593 0.0737438 0.1030742 0.1426470 0.2017789 0.2072149 0.3939126 0.1707798 0.1086073 0.4783845 0.4269187 
S0002_G6164_R1_A  0.0596550 0.1253010 0.0738747 0.0597955 0.0710442 0.1906278 0.0824893 0.0763252 0.0857145 0.0851667 0.0000000 0.0621915 0.0598919 0.1016258 0.0865710 0.0687199 0.0656986 0.0621994 0.0621994 0.0656986 0.1926404 0.1968601 0.0891968 0.0799989 0.0515722 0.0684968 0.0572242 0.0824349 0.1313692 0.1858687 0.1911862 0.3694903 0.1586576 0.0878157 0.4669106 0.4190622 
S0011_G6164_R1_A  0.0631842 0.1281527 0.0702550 0.0614751 0.0666753 0.1871659 0.0780315 0.0701619 0.0784738 0.0841385 0.0621915 0.0000000 0.0615742 0.0940667 0.0873955 0.0705167 0.0629929 0.0595118 0.0595118 0.0629929 0.1955986 0.1977286 0.0900214 0.0825954 0.0567885 0.0630733 0.0537016 0.0814876 0.1232960 0.1855033 0.1887459 0.3690118 0.1555064 0.0918144 0.4773605 0.4275526 
S0030_G6164_R2_A  0.0581902 0.1198415 0.0644058 0.0000010 0.0661029 0.1861072 0.0651085 0.0704806 0.0760523 0.0799280 0.0598919 0.0615742 0.0000000 0.0925900 0.0732821 0.0556307 0.0579978 0.0553915 0.0553915 0.0579978 0.1747784 0.1778843 0.0758759 0.0677025 0.0508832 0.0643490 0.0504289 0.0702090 0.1255681 0.1660666 0.1702329 0.3625952 0.1535518 0.0782000 0.4471295 0.3910437 
S0037_G6164_R1_A  0.0970524 0.1482742 0.0999519 0.0933391 0.0898356 0.2113372 0.1071845 0.0861869 0.0927827 0.1004349 0.1016258 0.0940667 0.0925900 0.0000000 0.1188242 0.1024078 0.0939325 0.0911631 0.0911631 0.0939325 0.2211045 0.2222225 0.1215580 0.1026486 0.0897890 0.0984350 0.0869590 0.1124146 0.1588341 0.2138717 0.2161935 0.3949540 0.1896478 0.1193908 0.5189693 0.4625357 
S0050_G6164_R4_A  0.0839700 0.1423127 0.0932346 0.0731626 0.0892607 0.2015940 0.0910940 0.0967091 0.1044630 0.1046321 0.0865710 0.0873955 0.0732821 0.1188242 0.0000000 0.0854597 0.0846164 0.0836697 0.0836697 0.0846164 0.1260523 0.1270368 0.0023747 0.0919513 0.0757608 0.0905606 0.0768295 0.0208624 0.1452869 0.1235655 0.1255758 0.3072113 0.1704652 0.0264316 0.4092930 0.3546098 
S0022_G6164_R1_A  0.0688931 0.1326656 0.0707792 0.0555400 0.0734429 0.1935779 0.0777503 0.0797232 0.0864571 0.0904143 0.0687199 0.0705167 0.0556307 0.1024078 0.0854597 0.0000000 0.0633110 0.0606402 0.0606402 0.0633110 0.1951379 0.1973032 0.0862115 0.0795990 0.0606077 0.0669065 0.0582373 0.0812638 0.1310985 0.1916229 0.1949559 0.3654502 0.1544875 0.0877973 0.4770521 0.4260680 
S0021_G6164_R1_A  0.0622404 0.1175118 0.0623669 0.0579049 0.0675906 0.1850871 0.0691952 0.0701309 0.0792962 0.0841162 0.0656986 0.0629929 0.0579978 0.0939325 0.0846164 0.0633110 0.0000000 0.0240873 0.0240873 0.0000010 0.1919937 0.1941098 0.0872325 0.0753673 0.0558513 0.0631310 0.0501899 0.0787543 0.1252360 0.1864776 0.1897236 0.3516150 0.1446852 0.0815281 0.4531679 0.4009963 
S0021_G6164_R2_A  0.0604742 0.1174022 0.0605969 0.0553030 0.0666706 0.1836557 0.0700143 0.0683399 0.0756768 0.0840519 0.0621994 0.0595118 0.0553915 0.0911631 0.0836697 0.0606402 0.0240873 0.0000000 0.0000010 0.0240873 0.1845302 0.1866251 0.0862817 0.0744383 0.0540885 0.0586667 0.0484600 0.0778207 0.1243111 0.1800325 0.1832449 0.3533325 0.1468717 0.0827040 0.4578420 0.4043116 
S0021_G6164_R3_A  0.0604742 0.1174022 0.0605969 0.0553030 0.0666706 0.1836557 0.0700143 0.0683399 0.0756768 0.0840519 0.0621994 0.0595118 0.0553915 0.0911631 0.0836697 0.0606402 0.0240873 0.0000010 0.0000000 0.0240873 0.1845302 0.1866251 0.0862817 0.0744383 0.0540885 0.0586667 0.0484600 0.0778207 0.1243111 0.1800325 0.1832449 0.3533325 0.1468717 0.0827040 0.4578420 0.4043116 
S0021_G6164_R4_A  0.0622404 0.1175118 0.0623669 0.0579049 0.0675906 0.1850871 0.0691952 0.0701309 0.0792962 0.0841162 0.0656986 0.0629929 0.0579978 0.0939325 0.0846164 0.0633110 0.0000010 0.0240873 0.0240873 0.0000000 0.1919937 0.1941098 0.0872325 0.0753673 0.0558513 0.0631310 0.0501899 0.0787543 0.1252360 0.1864776 0.1897236 0.3516150 0.1446852 0.0815281 0.4531679 0.4009963 
S0050_G6164_R6_A  0.1886601 0.2656363 0.1963625 0.1744666 0.1981194 0.3141984 0.2021751 0.1987608 0.2059582 0.2087697 0.1926404 0.1955986 0.1747784 0.2211045 0.1260523 0.1951379 0.1919937 0.1845302 0.1845302 0.1919937 0.0000000 0.0088217 0.1247171 0.1916277 0.1736940 0.1932806 0.1854496 0.1264074 0.2634855 0.0365766 0.0451568 0.5029276 0.2961945 0.1840803 0.4745875 0.4000016 
S0050_G6164_R9_A  0.1907761 0.2691785 0.1985020 0.1775663 0.2002600 0.3168032 0.2043246 0.2008991 0.2081331 0.2130761 0.1968601 0.1977286 0.1778843 0.2222225 0.1270368 0.1973032 0.1941098 0.1866251 0.1866251 0.1941098 0.0088217 0.0000000 0.1256971 0.1968933 0.1757886 0.1954336 0.1886105 0.1273880 0.2657580 0.0442711 0.0356907 0.4962904 0.2988680 0.1777957 0.4774869 0.3987698 
S0050_G6164_R7_A  0.0865918 0.1451367 0.0958872 0.0757522 0.0918932 0.2070415 0.0937321 0.0993665 0.1062214 0.1073547 0.0891968 0.0900214 0.0758759 0.1215580 0.0023747 0.0862115 0.0872325 0.0862817 0.0862817 0.0872325 0.1247171 0.1256971 0.0000000 0.0945904 0.0783846 0.0903928 0.0794327 0.0232888 0.1493400 0.1252356 0.1272476 0.3109133 0.1735696 0.0311105 0.4155048 0.3612080 
S0013_G6164_R1_A  0.0772591 0.1369647 0.0774321 0.0675930 0.0809990 0.2039811 0.0798595 0.0809542 0.0930074 0.0978004 0.0799989 0.0825954 0.0677025 0.1026486 0.0919513 0.0795990 0.0753673 0.0744383 0.0744383 0.0753673 0.1916277 0.1968933 0.0945904 0.0000000 0.0682558 0.0820518 0.0703082 0.0877627 0.1372565 0.1805604 0.1868668 0.3610156 0.1644964 0.0941906 0.4824999 0.4310487 
S0019_G6164_R1_A  0.0352885 0.1168308 0.0631209 0.0508011 0.0639852 0.1853092 0.0681608 0.0683829 0.0739344 0.0796589 0.0515722 0.0567885 0.0508832 0.0897890 0.0757608 0.0606077 0.0558513 0.0540885 0.0540885 0.0558513 0.1736940 0.1757886 0.0783846 0.0682558 0.0000000 0.0576100 0.0491455 0.0717099 0.1197549 0.1671505 0.1703455 0.3504174 0.1519862 0.0790877 0.4552194 0.4042426 
S0036_G6164_R1_A  0.0597204 0.1298638 0.0713872 0.0642436 0.0722705 0.1903919 0.0755563 0.0758543 0.0778995 0.0863593 0.0684968 0.0630733 0.0643490 0.0984350 0.0905606 0.0669065 0.0631310 0.0586667 0.0586667 0.0631310 0.1932806 0.1954336 0.0903928 0.0820518 0.0576100 0.0000000 0.0571266 0.0863216 0.1347978 0.1862723 0.1895629 0.3628097 0.1551175 0.0862761 0.4828659 0.4331306 
S0028_G6164_R1_A  0.0581400 0.1120175 0.0563928 0.0503483 0.0625384 0.1842844 0.0640796 0.0660253 0.0706587 0.0737438 0.0572242 0.0537016 0.0504289 0.0869590 0.0768295 0.0582373 0.0501899 0.0484600 0.0484600 0.0501899 0.1854496 0.1886105 0.0794327 0.0703082 0.0491455 0.0571266 0.0000000 0.0736672 0.1196036 0.1786531 0.1818700 0.3541841 0.1459893 0.0786984 0.4486348 0.3960118 
S0048_G6164_R1_A  0.0807450 0.1414837 0.0854367 0.0700955 0.0824392 0.1990701 0.0860145 0.0888663 0.0982765 0.1030742 0.0824349 0.0814876 0.0702090 0.1124146 0.0208624 0.0812638 0.0787543 0.0778207 0.0778207 0.0787543 0.1264074 0.1273880 0.0232888 0.0877627 0.0717099 0.0863216 0.0736672 0.0000000 0.1383160 0.1237898 0.1257897 0.2998953 0.1594491 0.0170579 0.4083676 0.3506519 
S0017_G6164_R1_A  0.1275180 0.1872926 0.1326949 0.1253452 0.1324835 0.2342826 0.1375265 0.1365980 0.1454958 0.1426470 0.1313692 0.1232960 0.1255681 0.1588341 0.1452869 0.1310985 0.1252360 0.1243111 0.1243111 0.1252360 0.2634855 0.2657580 0.1493400 0.1372565 0.1197549 0.1347978 0.1196036 0.1383160 0.0000000 0.2561161 0.2597348 0.3976046 0.1179306 0.1042159 0.5597949 0.5030418 
S0050_G6164_R2_A  0.1798958 0.2586959 0.1882521 0.1657745 0.1891878 0.3014084 0.1939935 0.1921624 0.1968668 0.2017789 0.1858687 0.1855033 0.1660666 0.2138717 0.1235655 0.1916229 0.1864776 0.1800325 0.1800325 0.1864776 0.0365766 0.0442711 0.1252356 0.1805604 0.1671505 0.1862723 0.1786531 0.1237898 0.2561161 0.0000000 0.0079951 0.4969566 0.2853107 0.1769289 0.4689684 0.3962539 
S0050_G6164_R3_A  0.1831222 0.2635209 0.1915178 0.1699325 0.1924562 0.3054431 0.1972779 0.1954424 0.2001919 0.2072149 0.1911862 0.1887459 0.1702329 0.2161935 0.1255758 0.1949559 0.1897236 0.1832449 0.1832449 0.1897236 0.0451568 0.0356907 0.1272476 0.1868668 0.1703455 0.1895629 0.1818700 0.1257897 0.2597348 0.0079951 0.0000000 0.4925276 0.2894174 0.1723585 0.4722578 0.3954069 
S0050_G6164_R1_A  0.3584126 0.4260872 0.3698921 0.3617820 0.3767728 0.4622797 0.3600618 0.3808227 0.3783233 0.3939126 0.3694903 0.3690118 0.3625952 0.3949540 0.3072113 0.3654502 0.3516150 0.3533325 0.3533325 0.3516150 0.5029276 0.4962904 0.3109133 0.3610156 0.3504174 0.3628097 0.3541841 0.2998953 0.3976046 0.4969566 0.4925276 0.0000000 0.3795721 0.1365648 1.0551852 1.0619155 
S0017_G6164_R3_A  0.1623058 0.2128968 0.1558159 0.1532663 0.1564761 0.2578732 0.1621144 0.1633924 0.1654582 0.1707798 0.1586576 0.1555064 0.1535518 0.1896478 0.1704652 0.1544875 0.1446852 0.1468717 0.1468717 0.1446852 0.2961945 0.2988680 0.1735696 0.1644964 0.1519862 0.1551175 0.1459893 0.1594491 0.1179306 0.2853107 0.2894174 0.3795721 0.0000000 0.1177425 0.6132405 0.5538878 
S0050_G6164_R8_A  0.0854190 0.1441844 0.0895654 0.0780181 0.0970449 0.1908442 0.0838549 0.0999795 0.0968001 0.1086073 0.0878157 0.0918144 0.0782000 0.1193908 0.0264316 0.0877973 0.0815281 0.0827040 0.0827040 0.0815281 0.1840803 0.1777957 0.0311105 0.0941906 0.0790877 0.0862761 0.0786984 0.0170579 0.1042159 0.1769289 0.1723585 0.1365648 0.1177425 0.0000000 0.5084945 0.4202690 
S0050_G6164_R5_A  0.4697281 0.5423372 0.4913204 0.4476301 0.4581381 0.5744512 0.4810150 0.4782692 0.4809605 0.4783845 0.4669106 0.4773605 0.4471295 0.5189693 0.4092930 0.4770521 0.4531679 0.4578420 0.4578420 0.4531679 0.4745875 0.4774869 0.4155048 0.4824999 0.4552194 0.4828659 0.4486348 0.4083676 0.5597949 0.4689684 0.4722578 1.0551852 0.6132405 0.5084945 0.0000000 0.0260069 
S0050_G6164_R10_A 0.4140701 0.5034317 0.4417735 0.3916974 0.4080483 0.5232031 0.4285286 0.4243093 0.4367122 0.4269187 0.4190622 0.4275526 0.3910437 0.4625357 0.3546098 0.4260680 0.4009963 0.4043116 0.4043116 0.4009963 0.4000016 0.3987698 0.3612080 0.4310487 0.4042426 0.4331306 0.3960118 0.3506519 0.5030418 0.3962539 0.3954069 1.0619155 0.5538878 0.4202690 0.0260069 0.0000000 
