24
S0002_G6175_R1_A 0.0000000 0.0741025 0.0684080 0.0612276 0.0633518 0.0694421 0.0647066 0.0613634 0.0704729 0.0687637 0.0691339 0.0604354 0.0878825 0.0608131 0.0962585 0.0542459 0.0595444 0.0985527 0.0853178 0.0574032 0.0767039 0.0777133 0.2129121 0.2677832 
S0004_G6175_R1_A 0.0741025 0.0000000 0.0579022 0.0648365 0.0716176 0.0529643 0.0755770 0.0718845 0.0787359 0.0844354 0.0713878 0.0781593 0.0984589 0.0786815 0.0817497 0.0700698 0.0785643 0.1111146 0.0684621 0.0739717 0.0835971 0.0838580 0.2156698 0.2488322 
S0016_G6175_R1_A 0.0684080 0.0579022 0.0000000 0.0598143 0.0692948 0.0562922 0.0738781 0.0665264 0.0788104 0.0796350 0.0693586 0.0734219 0.0973451 0.0737054 0.0799050 0.0661162 0.0731158 0.1108228 0.0699582 0.0711982 0.0856293 0.0859157 0.2121141 0.2491769 
S0028_G6175_R1_A 0.0612276 0.0648365 0.0598143 0.0000000 0.0618687 0.0616542 0.0637004 0.0594938 0.0710448 0.0691971 0.0586506 0.0678108 0.0906037 0.0648709 0.0876023 0.0526085 0.0610175 0.1003953 0.0745342 0.0608274 0.0810373 0.0800696 0.2100546 0.2370660 
S0026_G6175_R1_A 0.0633518 0.0716176 0.0692948 0.0618687 0.0000000 0.0723000 0.0701373 0.0660469 0.0783138 0.0744305 0.0591050 0.0746254 0.0990477 0.0734909 0.0878575 0.0635561 0.0690261 0.1129588 0.0814671 0.0621196 0.0892996 0.0882842 0.2052432 0.2392359 
S0031_G6175_R1_A 0.0694421 0.0529643 0.0562922 0.0616542 0.0723000 0.0000000 0.0703380 0.0729646 0.0785312 0.0767181 0.0708118 0.0752747 0.1004655 0.0745406 0.0757478 0.0682498 0.0719721 0.1104730 0.0426030 0.0706891 0.0863104 0.0853447 0.2188212 0.2414912 
S0046_G6175_R1_A 0.0647066 0.0755770 0.0738781 0.0637004 0.0701373 0.0703380 0.0000000 0.0652428 0.0726425 0.0746711 0.0687223 0.0715745 0.0969757 0.0689383 0.0941792 0.0632359 0.0634082 0.1083084 0.0890858 0.0709960 0.0882186 0.0878967 0.2184761 0.2421782 
S0030_G6175_R1_A 0.0613634 0.0718845 0.0665264 0.0594938 0.0660469 0.0729646 0.0652428 0.0000000 0.0710969 0.0730527 0.0649726 0.0679600 0.0909090 0.0675566 0.0931356 0.0612623 0.0606478 0.1013923 0.0864091 0.0657907 0.0822588 0.0849204 0.2111265 0.2379261 
S0017_G6175_R1_A 0.0704729 0.0787359 0.0788104 0.0710448 0.0783138 0.0785312 0.0726425 0.0710969 0.0000000 0.0804533 0.0775017 0.0753458 0.1007198 0.0735344 0.0956510 0.0667615 0.0634461 0.1109035 0.0916803 0.0737457 0.0801472 0.0810325 0.2221001 0.2454266 
S0013_G6175_R1_A 0.0687637 0.0844354 0.0796350 0.0691971 0.0744305 0.0767181 0.0746711 0.0730527 0.0804533 0.0000000 0.0722742 0.0746710 0.0931537 0.0792602 0.1010079 0.0676712 0.0646612 0.1132230 0.0925811 0.0669902 0.0768782 0.0765787 0.2134732 0.2491290 
S0021_G6175_R1_A 0.0691339 0.0713878 0.0693586 0.0586506 0.0591050 0.0708118 0.0687223 0.0649726 0.0775017 0.0722742 0.0000000 0.0709554 0.0968214 0.0744479 0.0902212 0.0581665 0.0666250 0.1029040 0.0794585 0.0643854 0.0906429 0.0909492 0.2041461 0.2424165 
S0011_G6175_R1_A 0.0604354 0.0781593 0.0734219 0.0678108 0.0746254 0.0752747 0.0715745 0.0679600 0.0753458 0.0746710 0.0709554 0.0000000 0.0263539 0.0679661 0.0930857 0.0578764 0.0692228 0.1056867 0.0938991 0.0599099 0.0899975 0.0883398 0.2209575 0.2518198 
S0011_G6175_R2_A 0.0878825 0.0984589 0.0973451 0.0906037 0.0990477 0.1004655 0.0969757 0.0909090 0.1007198 0.0931537 0.0968214 0.0263539 0.0000000 0.0922950 0.1114261 0.0839611 0.0931611 0.1302989 0.1193866 0.0846901 0.0912719 0.0896129 0.2421624 0.2624842 
S0036_G6175_R1_A 0.0608131 0.0786815 0.0737054 0.0648709 0.0734909 0.0745406 0.0689383 0.0675566 0.0735344 0.0792602 0.0744479 0.0679661 0.0922950 0.0000000 0.0955620 0.0578110 0.0712582 0.1123596 0.0946080 0.0654030 0.0871614 0.0886670 0.2243112 0.2503900 
S0037_G6175_R1_A 0.0962585 0.0817497 0.0799050 0.0876023 0.0878575 0.0757478 0.0941792 0.0931356 0.0956510 0.1010079 0.0902212 0.0930857 0.1114261 0.0955620 0.0000000 0.0881474 0.0952460 0.1322755 0.0856313 0.0937605 0.1067359 0.1057740 0.2238915 0.2666661 
S0019_G6175_R1_A 0.0542459 0.0700698 0.0661162 0.0526085 0.0635561 0.0682498 0.0632359 0.0612623 0.0667615 0.0676712 0.0581665 0.0578764 0.0839611 0.0578110 0.0881474 0.0000000 0.0559566 0.0998018 0.0784236 0.0315614 0.0735906 0.0729764 0.2068954 0.2271252 
S0022_G6175_R1_A 0.0595444 0.0785643 0.0731158 0.0610175 0.0690261 0.0719721 0.0634082 0.0606478 0.0634461 0.0646612 0.0666250 0.0692228 0.0931611 0.0712582 0.0952460 0.0559566 0.0000000 0.0982100 0.0845788 0.0625326 0.0724570 0.0733307 0.2141847 0.2533365 
S0012_G6175_R1_A 0.0985527 0.1111146 0.1108228 0.1003953 0.1129588 0.1104730 0.1083084 0.1013923 0.1109035 0.1132230 0.1029040 0.1056867 0.1302989 0.1123596 0.1322755 0.0998018 0.0982100 0.0000000 0.1257533 0.1015761 0.1251051 0.1270285 0.2267343 0.3029957 
S0018_G6175_R1_A 0.0853178 0.0684621 0.0699582 0.0745342 0.0814671 0.0426030 0.0890858 0.0864091 0.0916803 0.0925811 0.0794585 0.0938991 0.1193866 0.0946080 0.0856313 0.0784236 0.0845788 0.1257533 0.0000000 0.0833106 0.0968644 0.0950134 0.1977167 0.2842804 
S0020_G6175_R1_A 0.0574032 0.0739717 0.0711982 0.0608274 0.0621196 0.0706891 0.0709960 0.0657907 0.0737457 0.0669902 0.0643854 0.0599099 0.0846901 0.0654030 0.0937605 0.0315614 0.0625326 0.1015761 0.0833106 0.0000000 0.0806213 0.0759163 0.1895442 0.2974737 
S0048_G6175_R1_A 0.0767039 0.0835971 0.0856293 0.0810373 0.0892996 0.0863104 0.0882186 0.0822588 0.0801472 0.0768782 0.0906429 0.0899975 0.0912719 0.0871614 0.1067359 0.0735906 0.0724570 0.1251051 0.0968644 0.0806213 0.0000000 0.0192317 0.2185664 0.2363502 
S0050_G6175_R1_A 0.0777133 0.0838580 0.0859157 0.0800696 0.0882842 0.0853447 0.0878967 0.0849204 0.0810325 0.0765787 0.0909492 0.0883398 0.0896129 0.0886670 0.1057740 0.0729764 0.0733307 0.1270285 0.0950134 0.0759163 0.0192317 0.0000000 0.2142302 0.2314227 
S0005_G6175_R1_A 0.2129121 0.2156698 0.2121141 0.2100546 0.2052432 0.2188212 0.2184761 0.2111265 0.2221001 0.2134732 0.2041461 0.2209575 0.2421624 0.2243112 0.2238915 0.2068954 0.2141847 0.2267343 0.1977167 0.1895442 0.2185664 0.2142302 0.0000000 0.4189875 
S0026_G6175_R2_A 0.2677832 0.2488322 0.2491769 0.2370660 0.2392359 0.2414912 0.2421782 0.2379261 0.2454266 0.2491290 0.2424165 0.2518198 0.2624842 0.2503900 0.2666661 0.2271252 0.2533365 0.3029957 0.2842804 0.2974737 0.2363502 0.2314227 0.4189875 0.0000000 
