23
S0004_G6227_R1_A 0.0000000 0.1005876 0.1254566 0.1120622 0.0987440 0.1223244 0.1010020 0.0860527 0.1009624 0.1090745 0.0937993 0.1050185 0.1042028 0.0967687 0.1510021 0.1063668 0.1120699 0.1166147 0.1203895 0.1273067 0.1247945 0.1778594 0.3140437 
S0016_G6227_R1_A 0.1005876 0.0000000 0.1156004 0.1013371 0.0831534 0.1019921 0.1028000 0.0871916 0.0748684 0.0860346 0.0800022 0.0877575 0.0979538 0.0776948 0.1399104 0.0981277 0.0978022 0.1267206 0.1060529 0.1137924 0.1144054 0.1685357 0.3213013 
S0021_G6227_R2_A 0.1254566 0.1156004 0.0000000 0.0400516 0.1072256 0.1302500 0.1334552 0.1137563 0.1003200 0.1177820 0.1014322 0.1102760 0.1083873 0.1063815 0.1641387 0.1187312 0.1257142 0.1528435 0.1094965 0.1387364 0.1398616 0.1963804 0.3213341 
S0021_G6227_R1_A 0.1120622 0.1013371 0.0400516 0.0000000 0.0951061 0.1142967 0.1168333 0.0984216 0.0890451 0.1050026 0.0868835 0.0975123 0.0964032 0.0905454 0.1481652 0.1082275 0.1141374 0.1351714 0.0994779 0.1219273 0.1253823 0.1782809 0.3135626 
S0030_G6227_R1_A 0.0987440 0.0831534 0.1072256 0.0951061 0.0000000 0.0983416 0.0928878 0.0778347 0.0782179 0.0855512 0.0755368 0.0833923 0.0905020 0.0738582 0.1335734 0.0896358 0.0887771 0.1182800 0.0971399 0.1097604 0.1094623 0.1576549 0.3067014 
S0013_G6227_R1_A 0.1223244 0.1019921 0.1302500 0.1142967 0.0983416 0.0000000 0.1217619 0.1022748 0.0986708 0.1094270 0.0942726 0.1055167 0.1096355 0.0929985 0.1598180 0.1083667 0.1176612 0.1493780 0.1211158 0.1140305 0.1121159 0.1761984 0.3249918 
S0018_G6227_R1_A 0.1010020 0.1028000 0.1334552 0.1168333 0.0928878 0.1217619 0.0000000 0.0624611 0.1043870 0.1071684 0.0999228 0.1064179 0.1095748 0.0990533 0.1508221 0.1134373 0.1165986 0.1234451 0.1244317 0.1275831 0.1284279 0.1747213 0.3339762 
S0031_G6227_R1_A 0.0860527 0.0871916 0.1137563 0.0984216 0.0778347 0.1022748 0.0624611 0.0000000 0.0838922 0.0912109 0.0796209 0.0874225 0.0928754 0.0740266 0.1316146 0.0909770 0.0959329 0.1023557 0.1099716 0.1102908 0.1083782 0.1642018 0.3144893 
S0002_G6227_R1_A 0.1009624 0.0748684 0.1003200 0.0890451 0.0782179 0.0986708 0.1043870 0.0838922 0.0000000 0.0708466 0.0627943 0.0727093 0.0908159 0.0646883 0.1292807 0.0906863 0.0923402 0.1226318 0.1010512 0.1098281 0.1070877 0.1580998 0.3165386 
S0011_G6227_R1_A 0.1090745 0.0860346 0.1177820 0.1050026 0.0855512 0.1094270 0.1071684 0.0912109 0.0708466 0.0000000 0.0744525 0.0790895 0.0997863 0.0680207 0.1406027 0.0967369 0.1014989 0.1277323 0.1100187 0.1117813 0.1074499 0.1722402 0.3248878 
S0019_G6227_R1_A 0.0937993 0.0800022 0.1014322 0.0868835 0.0755368 0.0942726 0.0999228 0.0796209 0.0627943 0.0744525 0.0000000 0.0533861 0.0879387 0.0651789 0.1278370 0.0862944 0.0967500 0.1220441 0.0922311 0.1051451 0.1014904 0.1565270 0.3072275 
S0020_G6227_R1_A 0.1050185 0.0877575 0.1102760 0.0975123 0.0833923 0.1055167 0.1064179 0.0874225 0.0727093 0.0790895 0.0533861 0.0000000 0.0966091 0.0722028 0.1412517 0.0891183 0.1015463 0.1295367 0.1071216 0.1133760 0.1149654 0.1598904 0.3197158 
S0028_G6227_R1_A 0.1042028 0.0979538 0.1083873 0.0964032 0.0905020 0.1096355 0.1095748 0.0928754 0.0908159 0.0997863 0.0879387 0.0966091 0.0000000 0.0890750 0.1401211 0.1034027 0.1077945 0.1353041 0.1061794 0.1274015 0.1268040 0.1816759 0.3195982 
S0036_G6227_R1_A 0.0967687 0.0776948 0.1063815 0.0905454 0.0738582 0.0929985 0.0990533 0.0740266 0.0646883 0.0680207 0.0651789 0.0722028 0.0890750 0.0000000 0.1215409 0.0857309 0.0940852 0.1190880 0.0993588 0.1010407 0.0989496 0.1556617 0.3133304 
S0017_G6227_R1_A 0.1510021 0.1399104 0.1641387 0.1481652 0.1335734 0.1598180 0.1508221 0.1316146 0.1292807 0.1406027 0.1278370 0.1412517 0.1401211 0.1215409 0.0000000 0.1377663 0.1516273 0.1687002 0.1569093 0.1578512 0.1578069 0.2187549 0.3643765 
S0046_G6227_R1_A 0.1063668 0.0981277 0.1187312 0.1082275 0.0896358 0.1083667 0.1134373 0.0909770 0.0906863 0.0967369 0.0862944 0.0891183 0.1034027 0.0857309 0.1377663 0.0000000 0.1083314 0.1361946 0.1174515 0.1167396 0.1174890 0.1726659 0.3317461 
S0022_G6227_R1_A 0.1120699 0.0978022 0.1257142 0.1141374 0.0887771 0.1176612 0.1165986 0.0959329 0.0923402 0.1014989 0.0967500 0.1015463 0.1077945 0.0940852 0.1516273 0.1083314 0.0000000 0.1352915 0.1198980 0.1300222 0.1310161 0.1744323 0.3307814 
S0037_G6227_R1_A 0.1166147 0.1267206 0.1528435 0.1351714 0.1182800 0.1493780 0.1234451 0.1023557 0.1226318 0.1277323 0.1220441 0.1295367 0.1353041 0.1190880 0.1687002 0.1361946 0.1352915 0.0000000 0.1429934 0.1491038 0.1496309 0.1946142 0.3445322 
S0026_G6227_R1_A 0.1203895 0.1060529 0.1094965 0.0994779 0.0971399 0.1211158 0.1244317 0.1099716 0.1010512 0.1100187 0.0922311 0.1071216 0.1061794 0.0993588 0.1569093 0.1174515 0.1198980 0.1429934 0.0000000 0.1341128 0.1316643 0.1800074 0.2903041 
S0048_G6227_R1_A 0.1273067 0.1137924 0.1387364 0.1219273 0.1097604 0.1140305 0.1275831 0.1102908 0.1098281 0.1117813 0.1051451 0.1133760 0.1274015 0.1010407 0.1578512 0.1167396 0.1300222 0.1491038 0.1341128 0.0000000 0.0305718 0.1781347 0.3352820 
S0050_G6227_R1_A 0.1247945 0.1144054 0.1398616 0.1253823 0.1094623 0.1121159 0.1284279 0.1083782 0.1070877 0.1074499 0.1014904 0.1149654 0.1268040 0.0989496 0.1578069 0.1174890 0.1310161 0.1496309 0.1316643 0.0305718 0.0000000 0.1766515 0.3365310 
S0012_G6227_R1_A 0.1778594 0.1685357 0.1963804 0.1782809 0.1576549 0.1761984 0.1747213 0.1642018 0.1580998 0.1722402 0.1565270 0.1598904 0.1816759 0.1556617 0.2187549 0.1726659 0.1744323 0.1946142 0.1800074 0.1781347 0.1766515 0.0000000 0.3861005 
S0005_G6227_R1_A 0.3140437 0.3213013 0.3213341 0.3135626 0.3067014 0.3249918 0.3339762 0.3144893 0.3165386 0.3248878 0.3072275 0.3197158 0.3195982 0.3133304 0.3643765 0.3317461 0.3307814 0.3445322 0.2903041 0.3352820 0.3365310 0.3861005 0.0000000 
