32
S0005_G6265_R1_A  0.0000000 0.7653688 0.7388378 0.7345392 1.0994611 1.1116244 1.1000822 1.0793244 1.0557441 1.0832401 1.0729864 1.0642502 1.1374290 1.0210747 0.9997451 1.1115624 1.1205261 1.1162275 1.0475276 1.0817932 1.1282741 1.0981805 1.1113690 1.1150733 1.0998363 1.0661767 1.4157165 1.2353198 1.2490270 1.2478256 1.2132897 1.1436837 
S0019_G6265_R1_A  0.7653688 0.0000000 0.1325869 0.1317777 0.7133803 0.7556037 0.7620407 0.7567917 0.7472126 0.7749003 0.7574751 0.7521386 0.7425248 0.7461270 0.7402133 0.7867302 0.7716794 0.7697003 0.7716400 0.7511154 0.7966532 0.7846055 0.7550284 0.7529400 0.8007175 0.8072208 0.9562592 1.2051818 1.2026499 1.1945126 1.0953424 1.1896723 
S0019_G6265_R4_A  0.7388378 0.1325869 0.0000000 0.0030750 0.6699681 0.7130804 0.7253834 0.7218997 0.7116108 0.7301476 0.6996735 0.7088579 0.6922859 0.7023723 0.7064587 0.7401596 0.7231345 0.7252618 0.7148697 0.7034012 0.7604940 0.7476458 0.7223729 0.7222594 0.7992769 0.7745383 0.8822991 1.1214044 1.1451464 1.1209246 1.0426778 1.1949828 
S0019_G6265_R5_A  0.7345392 0.1317777 0.0030750 0.0000000 0.6661132 0.7091082 0.7213555 0.7210602 0.7076227 0.7260610 0.6956618 0.7048614 0.6898088 0.6998156 0.7023422 0.7360403 0.7189638 0.7212149 0.7107863 0.7010128 0.7563428 0.7435391 0.7182805 0.7182310 0.7965591 0.7737124 0.8767195 1.1205287 1.1442906 1.1200455 1.0417057 1.1905782 
S0019_G6265_R3_A  1.0994611 0.7133803 0.6699681 0.6661132 0.0000000 0.0678328 0.0850991 0.0986321 0.0891144 0.1004615 0.1078715 0.0801946 0.0482192 0.0619640 0.0650674 0.0951266 0.1049244 0.0998090 0.0907268 0.0843611 0.1164402 0.1079084 0.0895556 0.1005833 0.1542365 0.2239375 0.4090115 0.8602628 0.8560037 0.8574585 0.8228181 0.6425806 
S0002_G6265_R1_A  1.1116244 0.7556037 0.7130804 0.7091082 0.0678328 0.0000000 0.0654232 0.0788974 0.0735850 0.0854221 0.0899906 0.0601795 0.0582962 0.0538544 0.0542702 0.0788712 0.0812105 0.0902868 0.0692175 0.0668071 0.0940490 0.0868633 0.0798771 0.0832967 0.1325464 0.1805981 0.4710664 0.9262159 0.9240730 0.9250334 0.9080107 0.6063519 
S0016_G6265_R1_A  1.1000822 0.7620407 0.7253834 0.7213555 0.0850991 0.0654232 0.0000000 0.0683854 0.0589314 0.0676579 0.0707759 0.0633643 0.0674881 0.0674797 0.0626736 0.0770620 0.0742101 0.0950644 0.0632049 0.0670878 0.0921419 0.0863281 0.0816601 0.0651309 0.1192083 0.1963639 0.4969500 0.9124011 0.9004308 0.9073906 0.8769933 0.6206407 
S0022_G6265_R1_A  1.0793244 0.7567917 0.7218997 0.7210602 0.0986321 0.0788974 0.0683854 0.0000000 0.0753042 0.0886406 0.0902928 0.0725570 0.0798176 0.0788763 0.0778734 0.0902097 0.0840805 0.1089339 0.0764840 0.0811359 0.1029002 0.0962040 0.0875108 0.0848908 0.1295768 0.2035412 0.5287136 0.9275032 0.9217126 0.9249777 0.8875706 0.6206257 
S0031_G6265_R1_A  1.0557441 0.7472126 0.7116108 0.7076227 0.0891144 0.0735850 0.0589314 0.0753042 0.0000000 0.0522198 0.0693266 0.0677410 0.0787296 0.0716966 0.0682872 0.0855154 0.0816782 0.1006921 0.0703381 0.0756323 0.1004372 0.0932523 0.0854587 0.0680314 0.1207743 0.1878781 0.5249338 0.9169095 0.9112624 0.9144201 0.8808434 0.6225698 
S0018_G6265_R1_A  1.0832401 0.7749003 0.7301476 0.7260610 0.1004615 0.0854221 0.0676579 0.0886406 0.0522198 0.0000000 0.0757105 0.0820716 0.0871276 0.0820817 0.0748295 0.0966970 0.0911320 0.1081048 0.0766563 0.0825534 0.1097258 0.1028588 0.0942591 0.0761180 0.1334543 0.2072861 0.5306863 0.9307918 0.9250083 0.9282779 0.8882877 0.6267008 
S0037_G6265_R1_A  1.0729864 0.7574751 0.6996735 0.6956618 0.1078715 0.0899906 0.0707759 0.0902928 0.0693266 0.0757105 0.0000000 0.0887851 0.0915704 0.0893032 0.0857555 0.1021417 0.0983516 0.1166319 0.0839620 0.0872441 0.1163685 0.1100263 0.1048874 0.0766138 0.1398955 0.2160177 0.5229472 0.9551446 0.9532763 0.9526385 0.9143115 0.6062756 
S0030_G6265_R1_A  1.0642502 0.7521386 0.7088579 0.7048614 0.0801946 0.0601795 0.0633643 0.0725570 0.0677410 0.0820716 0.0887851 0.0000000 0.0667245 0.0623452 0.0573551 0.0761142 0.0784833 0.0921551 0.0672828 0.0668035 0.0903412 0.0815302 0.0793585 0.0807018 0.1222787 0.1810833 0.4887993 0.9476811 0.9418320 0.9451833 0.9179506 0.6050774 
S0019_G6265_R6_A  1.1374290 0.7425248 0.6922859 0.6898088 0.0482192 0.0582962 0.0674881 0.0798176 0.0787296 0.0871276 0.0915704 0.0667245 0.0000000 0.0486875 0.0535528 0.0830283 0.0897885 0.0937495 0.0764056 0.0713499 0.0943084 0.0874142 0.0791806 0.0873805 0.1325085 0.1943768 0.4548544 0.9187375 0.9106474 0.9159646 0.8772300 0.6033949 
S0020_G6265_R1_A  1.0210747 0.7461270 0.7023723 0.6998156 0.0619640 0.0538544 0.0674797 0.0788763 0.0716966 0.0820817 0.0893032 0.0623452 0.0486875 0.0000000 0.0498355 0.0774488 0.0829895 0.0821977 0.0629295 0.0642236 0.0900673 0.0804594 0.0742059 0.0782503 0.1262949 0.1613734 0.4428091 0.9100284 0.8956449 0.9052685 0.8840793 0.5892246 
S0036_G6265_R1_A  0.9997451 0.7402133 0.7064587 0.7023422 0.0650674 0.0542702 0.0626736 0.0778734 0.0682872 0.0748295 0.0857555 0.0573551 0.0535528 0.0498355 0.0000000 0.0742307 0.0741607 0.0856666 0.0617388 0.0652115 0.0872416 0.0775729 0.0751743 0.0766866 0.1217204 0.1627546 0.4449782 0.8897856 0.8857628 0.8906529 0.8661112 0.6021698 
S0013_G6265_R1_A  1.1115624 0.7867302 0.7401596 0.7360403 0.0951266 0.0788712 0.0770620 0.0902097 0.0855154 0.0966970 0.1021417 0.0761142 0.0830283 0.0774488 0.0742307 0.0000000 0.0921019 0.1103072 0.0813915 0.0786178 0.0810482 0.0749755 0.0875170 0.0935458 0.1271005 0.2079485 0.5083691 0.9309518 0.9250953 0.9284074 0.9134724 0.6191491 
S0021_G6265_R1_A  1.1205261 0.7716794 0.7231345 0.7189638 0.1049244 0.0812105 0.0742101 0.0840805 0.0816782 0.0911320 0.0983516 0.0784833 0.0897885 0.0829895 0.0741607 0.0921019 0.0000000 0.1112997 0.0699551 0.0739053 0.1099229 0.1006208 0.0944283 0.0863922 0.1390143 0.2034922 0.5113228 0.9477223 0.9441057 0.9475495 0.9069113 0.6054099 
S0017_G6265_R1_A  1.1162275 0.7697003 0.7252618 0.7212149 0.0998090 0.0902868 0.0950644 0.1089339 0.1006921 0.1081048 0.1166319 0.0921551 0.0937495 0.0821977 0.0856666 0.1103072 0.1112997 0.0000000 0.0975872 0.0967617 0.1274427 0.1189706 0.1109168 0.1042604 0.1508829 0.2123719 0.4892434 0.9580596 0.9518136 0.9616719 0.9329788 0.6298965 
S0026_G6265_R1_A  1.0475276 0.7716400 0.7148697 0.7107863 0.0907268 0.0692175 0.0632049 0.0764840 0.0703381 0.0766563 0.0839620 0.0672828 0.0764056 0.0629295 0.0617388 0.0813915 0.0699551 0.0975872 0.0000000 0.0584577 0.0945907 0.0861991 0.0817288 0.0724868 0.1194188 0.1855582 0.4754148 0.9450190 0.9390760 0.9424738 0.9027598 0.6255434 
S0028_G6265_R1_A  1.0817932 0.7511154 0.7034012 0.7010128 0.0843611 0.0668071 0.0670878 0.0811359 0.0756323 0.0825534 0.0872441 0.0668035 0.0713499 0.0642236 0.0652115 0.0786178 0.0739053 0.0967617 0.0584577 0.0000000 0.0921962 0.0840374 0.0811094 0.0805450 0.1215726 0.1957387 0.4961299 0.9002551 0.8984793 0.8977394 0.8771595 0.6117046 
S0048_G6265_R1_A  1.1282741 0.7966532 0.7604940 0.7563428 0.1164402 0.0940490 0.0921419 0.1029002 0.1004372 0.1097258 0.1163685 0.0903412 0.0943084 0.0900673 0.0872416 0.0810482 0.1099229 0.1274427 0.0945907 0.0921962 0.0000000 0.0192006 0.0962081 0.1063517 0.1369281 0.2047105 0.5276551 0.9418995 0.9377194 0.9474452 0.9118636 0.6516456 
S0050_G6265_R1_A  1.0981805 0.7846055 0.7476458 0.7435391 0.1079084 0.0868633 0.0863281 0.0962040 0.0932523 0.1028588 0.1100263 0.0815302 0.0874142 0.0804594 0.0775729 0.0749755 0.1006208 0.1189706 0.0861991 0.0840374 0.0192006 0.0000000 0.0918796 0.0983748 0.1324397 0.1979275 0.5193970 0.9304535 0.9263061 0.9358839 0.9025722 0.6444151 
S0046_G6265_R1_A  1.1113690 0.7550284 0.7223729 0.7182805 0.0895556 0.0798771 0.0816601 0.0875108 0.0854587 0.0942591 0.1048874 0.0793585 0.0791806 0.0742059 0.0751743 0.0875170 0.0944283 0.1109168 0.0817288 0.0811094 0.0962081 0.0918796 0.0000000 0.0939487 0.1342411 0.2046951 0.4964581 0.9523998 0.9424353 0.9458212 0.8991623 0.6292970 
S0004_G6265_R1_A  1.1150733 0.7529400 0.7222594 0.7182310 0.1005833 0.0832967 0.0651309 0.0848908 0.0680314 0.0761180 0.0766138 0.0807018 0.0873805 0.0782503 0.0766866 0.0935458 0.0863922 0.1042604 0.0724868 0.0805450 0.1063517 0.0983748 0.0939487 0.0000000 0.1354324 0.2047750 0.5243149 0.9277296 0.9219871 0.9252258 0.9021867 0.6503575 
S0012_G6265_R1_A  1.0998363 0.8007175 0.7992769 0.7965591 0.1542365 0.1325464 0.1192083 0.1295768 0.1207743 0.1334543 0.1398955 0.1222787 0.1325085 0.1262949 0.1217204 0.1271005 0.1390143 0.1508829 0.1194188 0.1215726 0.1369281 0.1324397 0.1342411 0.1354324 0.0000000 0.2101488 0.5258811 0.9788404 0.9740947 0.9837082 0.9557890 0.6518307 
S0011_G6265_R1_A  1.0661767 0.8072208 0.7745383 0.7737124 0.2239375 0.1805981 0.1963639 0.2035412 0.1878781 0.2072861 0.2160177 0.1810833 0.1943768 0.1613734 0.1627546 0.2079485 0.2034922 0.2123719 0.1855582 0.1957387 0.2047105 0.1979275 0.2046951 0.2047750 0.2101488 0.0000000 0.5329038 1.0225920 1.0143272 1.0163567 1.0019839 0.7088234 
S0019_G6265_R7_A  1.4157165 0.9562592 0.8822991 0.8767195 0.4090115 0.4710664 0.4969500 0.5287136 0.5249338 0.5306863 0.5229472 0.4887993 0.4548544 0.4428091 0.4449782 0.5083691 0.5113228 0.4892434 0.4754148 0.4961299 0.5276551 0.5193970 0.4964581 0.5243149 0.5258811 0.5329038 0.0000000 1.2210272 1.2104144 1.2121169 1.1405379 0.9178251 
S0019_G6265_R8_A  1.2353198 1.2051818 1.1214044 1.1205287 0.8602628 0.9262159 0.9124011 0.9275032 0.9169095 0.9307918 0.9551446 0.9476811 0.9187375 0.9100284 0.8897856 0.9309518 0.9477223 0.9580596 0.9450190 0.9002551 0.9418995 0.9304535 0.9523998 0.9277296 0.9788404 1.0225920 1.2210272 0.0000000 0.0173074 0.0179653 0.1789683 1.3197570 
S0019_G6265_R9_A  1.2490270 1.2026499 1.1451464 1.1442906 0.8560037 0.9240730 0.9004308 0.9217126 0.9112624 0.9250083 0.9532763 0.9418320 0.9106474 0.8956449 0.8857628 0.9250953 0.9441057 0.9518136 0.9390760 0.8984793 0.9377194 0.9263061 0.9424353 0.9219871 0.9740947 1.0143272 1.2104144 0.0173074 0.0000000 0.0166734 0.1809997 1.3381607 
S0019_G6265_R10_A 1.2478256 1.1945126 1.1209246 1.1200455 0.8574585 0.9250334 0.9073906 0.9249777 0.9144201 0.9282779 0.9526385 0.9451833 0.9159646 0.9052685 0.8906529 0.9284074 0.9475495 0.9616719 0.9424738 0.8977394 0.9474452 0.9358839 0.9458212 0.9252258 0.9837082 1.0163567 1.2121169 0.0179653 0.0166734 0.0000000 0.1754422 1.3231149 
S0019_G6265_R11_A 1.2132897 1.0953424 1.0426778 1.0417057 0.8228181 0.9080107 0.8769933 0.8875706 0.8808434 0.8882877 0.9143115 0.9179506 0.8772300 0.8840793 0.8661112 0.9134724 0.9069113 0.9329788 0.9027598 0.8771595 0.9118636 0.9025722 0.8991623 0.9021867 0.9557890 1.0019839 1.1405379 0.1789683 0.1809997 0.1754422 0.0000000 1.3385064 
S0005_G6265_R3_A  1.1436837 1.1896723 1.1949828 1.1905782 0.6425806 0.6063519 0.6206407 0.6206257 0.6225698 0.6267008 0.6062756 0.6050774 0.6033949 0.5892246 0.6021698 0.6191491 0.6054099 0.6298965 0.6255434 0.6117046 0.6516456 0.6444151 0.6292970 0.6503575 0.6518307 0.7088234 0.9178251 1.3197570 1.3381607 1.3231149 1.3385064 0.0000000 
