23
S0030_G6284_R1_A 0.0000000 0.0616336 0.1026809 0.0690655 0.0352751 0.0471072 0.0458407 0.0443966 0.0528625 0.0438686 0.0517502 0.0556981 0.0492713 0.0673916 0.0678871 0.1005154 0.0929106 0.0706737 0.0557764 0.0557428 0.0645756 0.0782716 0.2265762 
S0017_G6284_R1_A 0.0616336 0.0000000 0.1143521 0.0801369 0.0557081 0.0591043 0.0583796 0.0586105 0.0621327 0.0533620 0.0638888 0.0686661 0.0608195 0.0775886 0.0753258 0.1036567 0.0963907 0.0839289 0.0674770 0.0700455 0.0778753 0.0933353 0.2283707 
S0012_G6284_R1_A 0.1026809 0.1143521 0.0000000 0.1183681 0.0973080 0.0966946 0.1023982 0.1028028 0.1049622 0.0997624 0.1077661 0.1050356 0.0992212 0.1167163 0.1038774 0.1387283 0.1338200 0.1232755 0.1057337 0.1127937 0.1219655 0.1217524 0.2744111 
S0004_G6284_R1_A 0.0690655 0.0801369 0.1183681 0.0000000 0.0619528 0.0568160 0.0571578 0.0589560 0.0655409 0.0617894 0.0696203 0.0685615 0.0646145 0.0832562 0.0786767 0.1066602 0.1017724 0.0642622 0.0513718 0.0736202 0.0827419 0.0853664 0.2332721 
S0022_G6284_R1_A 0.0352751 0.0557081 0.0973080 0.0619528 0.0000000 0.0383315 0.0397289 0.0373578 0.0455433 0.0350843 0.0477750 0.0493289 0.0408805 0.0602368 0.0585661 0.0894438 0.0814721 0.0624068 0.0462319 0.0505837 0.0592786 0.0741512 0.2123381 
S0016_G6284_R1_A 0.0471072 0.0591043 0.0966946 0.0568160 0.0383315 0.0000000 0.0456188 0.0442895 0.0471595 0.0415261 0.0498217 0.0537717 0.0480051 0.0646149 0.0579159 0.0926217 0.0846389 0.0583892 0.0439880 0.0545542 0.0627155 0.0670818 0.2113536 
S0011_G6284_R1_A 0.0458407 0.0583796 0.1023982 0.0571578 0.0397289 0.0456188 0.0000000 0.0331933 0.0440201 0.0428561 0.0380368 0.0417381 0.0356008 0.0639523 0.0616600 0.0874138 0.0801219 0.0608067 0.0496623 0.0507893 0.0572369 0.0748972 0.2148735 
S0019_G6284_R1_A 0.0443966 0.0586105 0.1028028 0.0589560 0.0373578 0.0442895 0.0331933 0.0000000 0.0487794 0.0399171 0.0411065 0.0448873 0.0321344 0.0647701 0.0625445 0.0915151 0.0822012 0.0645465 0.0500256 0.0516703 0.0592170 0.0746910 0.2232367 
S0046_G6284_R1_A 0.0528625 0.0621327 0.1049622 0.0655409 0.0455433 0.0471595 0.0440201 0.0487794 0.0000000 0.0454303 0.0521334 0.0550057 0.0490902 0.0702633 0.0619016 0.0933247 0.0852182 0.0681152 0.0563600 0.0552363 0.0639850 0.0802359 0.2159044 
S0028_G6284_R1_A 0.0438686 0.0533620 0.0997624 0.0617894 0.0350843 0.0415261 0.0428561 0.0399171 0.0454303 0.0000000 0.0492879 0.0486233 0.0451191 0.0577786 0.0588444 0.0843784 0.0771620 0.0649900 0.0532875 0.0499319 0.0580105 0.0757790 0.2144414 
S0036_G6284_R1_A 0.0517502 0.0638888 0.1077661 0.0696203 0.0477750 0.0498217 0.0380368 0.0411065 0.0521334 0.0492879 0.0000000 0.0477117 0.0425534 0.0707607 0.0654503 0.0957279 0.0844433 0.0728647 0.0602709 0.0574295 0.0650547 0.0836387 0.2231266 
S0002_G6284_R1_A 0.0556981 0.0686661 0.1050356 0.0685615 0.0493289 0.0537717 0.0417381 0.0448873 0.0550057 0.0486233 0.0477117 0.0000000 0.0479667 0.0696082 0.0666911 0.1001346 0.0898855 0.0707951 0.0561383 0.0498515 0.0591627 0.0853246 0.2191210 
S0020_G6284_R1_A 0.0492713 0.0608195 0.0992212 0.0646145 0.0408805 0.0480051 0.0356008 0.0321344 0.0490902 0.0451191 0.0425534 0.0479667 0.0000000 0.0653885 0.0622663 0.0966819 0.0878440 0.0667417 0.0486073 0.0550312 0.0615246 0.0769418 0.2159833 
S0026_G6284_R1_A 0.0673916 0.0775886 0.1167163 0.0832562 0.0602368 0.0646149 0.0639523 0.0647701 0.0702633 0.0577786 0.0707607 0.0696082 0.0653885 0.0000000 0.0805132 0.1091407 0.1045373 0.0834739 0.0710863 0.0621339 0.0716502 0.0934734 0.2096494 
S0013_G6284_R1_A 0.0678871 0.0753258 0.1038774 0.0786767 0.0585661 0.0579159 0.0616600 0.0625445 0.0619016 0.0588444 0.0654503 0.0666911 0.0622663 0.0805132 0.0000000 0.0909279 0.0797964 0.0801197 0.0691299 0.0663972 0.0759264 0.0901144 0.2264485 
S0050_G6284_R1_A 0.1005154 0.1036567 0.1387283 0.1066602 0.0894438 0.0926217 0.0874138 0.0915151 0.0933247 0.0843784 0.0957279 0.1001346 0.0966819 0.1091407 0.0909279 0.0000000 0.0243963 0.1127411 0.0988404 0.0981919 0.1084396 0.1174446 0.2538175 
S0048_G6284_R1_A 0.0929106 0.0963907 0.1338200 0.1017724 0.0814721 0.0846389 0.0801219 0.0822012 0.0852182 0.0771620 0.0844433 0.0898855 0.0878440 0.1045373 0.0797964 0.0243963 0.0000000 0.1080129 0.0962439 0.0893352 0.0974526 0.1096793 0.2464496 
S0018_G6284_R1_A 0.0706737 0.0839289 0.1232755 0.0642622 0.0624068 0.0583892 0.0608067 0.0645465 0.0681152 0.0649900 0.0728647 0.0707951 0.0667417 0.0834739 0.0801197 0.1127411 0.1080129 0.0000000 0.0390330 0.0762195 0.0840851 0.0764891 0.2303983 
S0031_G6284_R1_A 0.0557764 0.0674770 0.1057337 0.0513718 0.0462319 0.0439880 0.0496623 0.0500256 0.0563600 0.0532875 0.0602709 0.0561383 0.0486073 0.0710863 0.0691299 0.0988404 0.0962439 0.0390330 0.0000000 0.0651719 0.0735049 0.0614475 0.2175883 
S0021_G6284_R1_A 0.0557428 0.0700455 0.1127937 0.0736202 0.0505837 0.0545542 0.0507893 0.0516703 0.0552363 0.0499319 0.0574295 0.0498515 0.0550312 0.0621339 0.0663972 0.0981919 0.0893352 0.0762195 0.0651719 0.0000000 0.0232478 0.0847696 0.2144800 
S0021_G6284_R2_A 0.0645756 0.0778753 0.1219655 0.0827419 0.0592786 0.0627155 0.0572369 0.0592170 0.0639850 0.0580105 0.0650547 0.0591627 0.0615246 0.0716502 0.0759264 0.1084396 0.0974526 0.0840851 0.0735049 0.0232478 0.0000000 0.0927666 0.2248635 
S0037_G6284_R1_A 0.0782716 0.0933353 0.1217524 0.0853664 0.0741512 0.0670818 0.0748972 0.0746910 0.0802359 0.0757790 0.0836387 0.0853246 0.0769418 0.0934734 0.0901144 0.1174446 0.1096793 0.0764891 0.0614475 0.0847696 0.0927666 0.0000000 0.2352797 
S0005_G6284_R1_A 0.2265762 0.2283707 0.2744111 0.2332721 0.2123381 0.2113536 0.2148735 0.2232367 0.2159044 0.2144414 0.2231266 0.2191210 0.2159833 0.2096494 0.2264485 0.2538175 0.2464496 0.2303983 0.2175883 0.2144800 0.2248635 0.2352797 0.0000000 
