23
S0011_G6303_R1_A 0.0000000 0.0651877 0.0719522 0.0676068 0.0734246 0.0599334 0.0691132 0.0920649 0.0853824 0.0770349 0.0767509 0.0979300 0.0778875 0.0584161 0.0900071 0.0894753 0.0703201 0.2031816 0.0749454 0.1203171 0.0717898 0.1141717 0.1008572 
S0002_G6303_R1_A 0.0651877 0.0000000 0.0772585 0.0665012 0.0706361 0.0570510 0.0681313 0.0966163 0.0857495 0.0724908 0.0742032 0.0990618 0.0790824 0.0630604 0.0840572 0.0929047 0.0751030 0.2141989 0.0681380 0.1212135 0.0759936 0.1116812 0.1052626 
S0022_G6303_R1_A 0.0719522 0.0772585 0.0000000 0.0605530 0.0782831 0.0612550 0.0700378 0.0922744 0.0858234 0.0767346 0.0793792 0.0993624 0.0832522 0.0649530 0.0915950 0.0934653 0.0746787 0.2130915 0.0757780 0.1227509 0.0762113 0.1170196 0.1063764 
S0030_G6303_R1_A 0.0676068 0.0665012 0.0605530 0.0000000 0.0699855 0.0477091 0.0617124 0.0824911 0.0756132 0.0631642 0.0641582 0.0923961 0.0678877 0.0576157 0.0775439 0.0816829 0.0672507 0.1985192 0.0677764 0.1114150 0.0708093 0.1061985 0.0969342 
S0013_G6303_R1_A 0.0734246 0.0706361 0.0782831 0.0699855 0.0000000 0.0594953 0.0720111 0.0974711 0.0880350 0.0754854 0.0758499 0.1032551 0.0836994 0.0658830 0.0943467 0.0949920 0.0727265 0.2294038 0.0750631 0.1212476 0.0789367 0.1066876 0.0968447 
S0026_G6303_R1_A 0.0599334 0.0570510 0.0612550 0.0477091 0.0594953 0.0000000 0.0520972 0.0757306 0.0677899 0.0491894 0.0513236 0.0824682 0.0618520 0.0477860 0.0693691 0.0755826 0.0556112 0.1860642 0.0574990 0.1040247 0.0616461 0.0991206 0.0843218 
S0028_G6303_R1_A 0.0691132 0.0681313 0.0700378 0.0617124 0.0720111 0.0520972 0.0000000 0.0872054 0.0801193 0.0637954 0.0676025 0.0922768 0.0724369 0.0615445 0.0823378 0.0875906 0.0683357 0.2028909 0.0688106 0.1142099 0.0732039 0.1043542 0.0984888 
S0018_G6303_R1_A 0.0920649 0.0966163 0.0922744 0.0824911 0.0974711 0.0757306 0.0872054 0.0000000 0.0447816 0.0890302 0.0921112 0.0704076 0.0929651 0.0813499 0.0979280 0.0991949 0.0824779 0.2203074 0.0689315 0.1342826 0.0955155 0.1242237 0.1205667 
S0031_G6303_R1_A 0.0853824 0.0857495 0.0858234 0.0756132 0.0880350 0.0677899 0.0801193 0.0447816 0.0000000 0.0813523 0.0804899 0.0664745 0.0830685 0.0723950 0.0924006 0.0959077 0.0732027 0.2130854 0.0642145 0.1256895 0.0867209 0.1213263 0.1153375 
S0021_G6303_R1_A 0.0770349 0.0724908 0.0767346 0.0631642 0.0754854 0.0491894 0.0637954 0.0890302 0.0813523 0.0000000 0.0322511 0.0943144 0.0797123 0.0654386 0.0862439 0.0893923 0.0711554 0.1968944 0.0723676 0.1184917 0.0767065 0.1151404 0.1027759 
S0021_G6303_R2_A 0.0767509 0.0742032 0.0793792 0.0641582 0.0758499 0.0513236 0.0676025 0.0921112 0.0804899 0.0322511 0.0000000 0.0968878 0.0794315 0.0664295 0.0887750 0.0936226 0.0749237 0.1930234 0.0738482 0.1209732 0.0770595 0.1101726 0.1011058 
S0037_G6303_R1_A 0.0979300 0.0990618 0.0993624 0.0923961 0.1032551 0.0824682 0.0922768 0.0704076 0.0664745 0.0943144 0.0968878 0.0000000 0.0967486 0.0846931 0.1052315 0.1046427 0.0830609 0.2301049 0.0716912 0.1469945 0.0998223 0.1249376 0.1210877 
S0046_G6303_R1_A 0.0778875 0.0790824 0.0832522 0.0678877 0.0836994 0.0618520 0.0724369 0.0929651 0.0830685 0.0797123 0.0794315 0.0967486 0.0000000 0.0696366 0.0916289 0.0933843 0.0763949 0.2140032 0.0749021 0.1299979 0.0833174 0.1207990 0.1124250 
S0020_G6303_R1_A 0.0584161 0.0630604 0.0649530 0.0576157 0.0658830 0.0477860 0.0615445 0.0813499 0.0723950 0.0654386 0.0664295 0.0846931 0.0696366 0.0000000 0.0785179 0.0815337 0.0545526 0.1996266 0.0658800 0.1127780 0.0524255 0.1059506 0.0960685 
S0004_G6303_R1_A 0.0900071 0.0840572 0.0915950 0.0775439 0.0943467 0.0693691 0.0823378 0.0979280 0.0924006 0.0862439 0.0887750 0.1052315 0.0916289 0.0785179 0.0000000 0.1006864 0.0854866 0.2270791 0.0839501 0.1338922 0.0907813 0.1250892 0.1168935 
S0017_G6303_R1_A 0.0894753 0.0929047 0.0934653 0.0816829 0.0949920 0.0755826 0.0875906 0.0991949 0.0959077 0.0893923 0.0936226 0.1046427 0.0933843 0.0815337 0.1006864 0.0000000 0.0853634 0.2183595 0.0900483 0.1391498 0.0964495 0.1290894 0.1171206 
S0036_G6303_R1_A 0.0703201 0.0751030 0.0746787 0.0672507 0.0727265 0.0556112 0.0683357 0.0824779 0.0732027 0.0711554 0.0749237 0.0830609 0.0763949 0.0545526 0.0854866 0.0853634 0.0000000 0.1933211 0.0663541 0.1184576 0.0702400 0.1117901 0.1049060 
S0005_G6303_R1_A 0.2031816 0.2141989 0.2130915 0.1985192 0.2294038 0.1860642 0.2028909 0.2203074 0.2130854 0.1968944 0.1930234 0.2301049 0.2140032 0.1996266 0.2270791 0.2183595 0.1933211 0.0000000 0.2137628 0.2564073 0.2107575 0.2419875 0.2419648 
S0016_G6303_R1_A 0.0749454 0.0681380 0.0757780 0.0677764 0.0750631 0.0574990 0.0688106 0.0689315 0.0642145 0.0723676 0.0738482 0.0716912 0.0749021 0.0658800 0.0839501 0.0900483 0.0663541 0.2137628 0.0000000 0.1239654 0.0807564 0.1139630 0.1023923 
S0012_G6303_R1_A 0.1203171 0.1212135 0.1227509 0.1114150 0.1212476 0.1040247 0.1142099 0.1342826 0.1256895 0.1184917 0.1209732 0.1469945 0.1299979 0.1127780 0.1338922 0.1391498 0.1184576 0.2564073 0.1239654 0.0000000 0.1140640 0.1456904 0.1439511 
S0019_G6303_R1_A 0.0717898 0.0759936 0.0762113 0.0708093 0.0789367 0.0616461 0.0732039 0.0955155 0.0867209 0.0767065 0.0770595 0.0998223 0.0833174 0.0524255 0.0907813 0.0964495 0.0702400 0.2107575 0.0807564 0.1140640 0.0000000 0.1029818 0.0982070 
S0048_G6303_R1_A 0.1141717 0.1116812 0.1170196 0.1061985 0.1066876 0.0991206 0.1043542 0.1242237 0.1213263 0.1151404 0.1101726 0.1249376 0.1207990 0.1059506 0.1250892 0.1290894 0.1117901 0.2419875 0.1139630 0.1456904 0.1029818 0.0000000 0.0504781 
S0050_G6303_R1_A 0.1008572 0.1052626 0.1063764 0.0969342 0.0968447 0.0843218 0.0984888 0.1205667 0.1153375 0.1027759 0.1011058 0.1210877 0.1124250 0.0960685 0.1168935 0.1171206 0.1049060 0.2419648 0.1023923 0.1439511 0.0982070 0.0504781 0.0000000 
