42
S0020_G6318_R2_A  0.0000000 0.0540561 0.0620800 0.0673848 0.0629477 0.0446683 0.0528636 0.0547223 0.0481124 0.0593228 0.0469200 0.0318808 0.0412326 0.0572843 0.0546783 0.0356004 0.0039710 0.0573077 0.0567004 0.0434833 0.1295466 0.1268721 0.0369985 0.0533801 0.0591582 0.0468844 0.0533150 0.0695055 0.0581387 0.0390939 0.0484518 0.0505718 0.0497838 0.0549042 0.0551408 0.0498089 0.1278865 0.1402854 0.3289850 0.8518946 0.8342889 0.7864383 
S0004_G6318_R2_A  0.0540561 0.0000000 0.0691046 0.0744824 0.0692741 0.0451527 0.0535174 0.0649441 0.0439071 0.0613698 0.0642213 0.0511070 0.0557029 0.0654991 0.0629676 0.0492390 0.0522247 0.0636994 0.0613668 0.0581495 0.1436331 0.1359149 0.0570568 0.0633054 0.0666480 0.0564092 0.0000010 0.0736498 0.0644327 0.0596149 0.0483962 0.0455186 0.0600197 0.0624901 0.0628521 0.0591309 0.1404619 0.1549692 0.3458098 0.8657415 0.8363474 0.8030790 
S0017_G6318_R3_A  0.0620800 0.0691046 0.0000000 0.0806997 0.0783835 0.0621686 0.0673178 0.0733869 0.0578726 0.0015747 0.0675326 0.0575195 0.0614588 0.0729934 0.0689849 0.0524033 0.0570761 0.0650740 0.0627559 0.0607628 0.1472610 0.1370659 0.0653938 0.0732870 0.0793129 0.0728612 0.0696648 0.0835945 0.0736724 0.0654862 0.0687879 0.0682615 0.0704203 0.0739419 0.0716106 0.0695250 0.1419248 0.1585590 0.3433491 0.9051120 0.8604671 0.8214018 
S0048_G6318_R1_A  0.0673848 0.0744824 0.0806997 0.0000000 0.0139137 0.0689153 0.0702043 0.0767315 0.0707764 0.0737061 0.0743308 0.0620692 0.0672860 0.0756916 0.0724470 0.0614051 0.0652759 0.0752269 0.0729089 0.0697968 0.1521917 0.1461886 0.0694080 0.0760032 0.0806654 0.0679022 0.0788520 0.0854250 0.0737741 0.0726809 0.0734642 0.0737544 0.0741463 0.0768179 0.0763525 0.0759584 0.1531787 0.1693358 0.3455195 0.8892526 0.8592151 0.8286642 
S0050_G6318_R1_A  0.0629477 0.0692741 0.0783835 0.0139137 0.0000000 0.0658790 0.0671828 0.0734273 0.0669499 0.0708070 0.0713258 0.0583903 0.0642993 0.0733806 0.0701461 0.0577005 0.0606642 0.0714548 0.0691382 0.0668062 0.1492726 0.1404356 0.0657524 0.0734561 0.0780967 0.0650547 0.0724351 0.0808093 0.0680845 0.0681954 0.0689770 0.0718656 0.0696142 0.0731347 0.0726536 0.0722800 0.1508014 0.1675755 0.3469659 0.8682750 0.8382739 0.8007414 
S0016_G6318_R1_A  0.0446683 0.0451527 0.0621686 0.0689153 0.0658790 0.0000000 0.0484275 0.0590427 0.0000010 0.0565717 0.0538205 0.0394945 0.0477540 0.0579748 0.0553442 0.0398265 0.0456023 0.0562632 0.0556522 0.0469943 0.1353840 0.1290222 0.0522242 0.0596171 0.0654851 0.0549502 0.0474767 0.0725156 0.0594219 0.0513706 0.0427174 0.0423935 0.0542821 0.0603037 0.0588383 0.0534079 0.1366308 0.1526071 0.3273996 0.8574280 0.8438650 0.7974185 
S0046_G6318_R1_A  0.0528636 0.0535174 0.0673178 0.0702043 0.0671828 0.0484275 0.0000000 0.0621196 0.0470804 0.0603773 0.0628558 0.0461242 0.0538514 0.0668823 0.0621223 0.0425990 0.0492446 0.0637636 0.0586484 0.0531889 0.1381354 0.1251561 0.0616629 0.0693553 0.0740177 0.0630555 0.0527149 0.0747610 0.0641853 0.0565726 0.0581476 0.0594714 0.0633285 0.0659392 0.0635902 0.0569737 0.1372641 0.1598703 0.3545754 0.8897202 0.8604904 0.8417849 
S0022_G6318_R2_A  0.0547223 0.0649441 0.0733869 0.0767315 0.0734273 0.0590427 0.0621196 0.0000000 0.0594731 0.0662927 0.0619865 0.0514045 0.0599630 0.0641041 0.0606200 0.0506672 0.0553512 0.0625474 0.0610944 0.0548933 0.1475447 0.1361059 0.0529413 0.0575555 0.0640774 0.0000010 0.0617126 0.0834179 0.0704973 0.0610846 0.0590285 0.0622233 0.0598097 0.0616694 0.0610227 0.0615772 0.1474758 0.1639199 0.3388719 0.8858771 0.8570657 0.8316198 
S0016_G6318_R5_A  0.0481124 0.0439071 0.0578726 0.0707764 0.0669499 0.0000010 0.0470804 0.0594731 0.0000000 0.0565717 0.0552182 0.0404809 0.0470739 0.0557673 0.0551595 0.0398265 0.0460142 0.0562632 0.0556522 0.0448039 0.1300430 0.1300430 0.0541736 0.0619814 0.0654226 0.0611297 0.0464684 0.0712629 0.0635176 0.0557233 0.0451648 0.0436532 0.0562293 0.0585196 0.0600994 0.0562546 0.1234230 0.1400353 0.2977563 0.8818731 0.8516818 0.8225954 
S0017_G6318_R5_A  0.0593228 0.0613698 0.0015747 0.0737061 0.0708070 0.0565717 0.0603773 0.0662927 0.0565717 0.0000000 0.0591751 0.0516878 0.0524569 0.0632945 0.0609752 0.0510938 0.0563037 0.0632945 0.0609752 0.0533167 0.1363338 0.1373382 0.0526697 0.0625746 0.0660488 0.0663326 0.0618066 0.0739784 0.0689316 0.0630887 0.0661699 0.0655480 0.0625420 0.0636532 0.0641165 0.0637389 0.1268268 0.1434255 0.3058202 0.9190774 0.8557474 0.8341190 
S0002_G6318_R1_A  0.0469200 0.0642213 0.0675326 0.0743308 0.0713258 0.0538205 0.0628558 0.0619865 0.0552182 0.0591751 0.0000000 0.0439518 0.0481870 0.0648292 0.0615580 0.0464118 0.0475971 0.0624324 0.0609817 0.0507105 0.1427337 0.1343680 0.0000010 0.0588191 0.0646051 0.0541837 0.0617786 0.0790488 0.0689615 0.0501790 0.0593032 0.0605298 0.0581979 0.0650863 0.0627777 0.0625688 0.1435134 0.1572298 0.3403946 0.8582881 0.8332296 0.7939722 
S0019_G6318_R3_A  0.0318808 0.0511070 0.0575195 0.0620692 0.0583903 0.0394945 0.0461242 0.0514045 0.0404809 0.0516878 0.0439518 0.0000000 0.0355527 0.0521180 0.0474906 0.0000010 0.0331180 0.0505861 0.0473876 0.0379206 0.1274973 0.1217843 0.0327095 0.0478783 0.0536431 0.0445907 0.0525820 0.0627210 0.0592254 0.0374619 0.0494165 0.0498716 0.0507929 0.0541985 0.0527225 0.0481710 0.1264942 0.1386384 0.3298062 0.8493173 0.8230491 0.7835746 
S0036_G6318_R1_A  0.0412326 0.0557029 0.0614588 0.0672860 0.0642993 0.0477540 0.0538514 0.0599630 0.0470739 0.0524569 0.0481870 0.0355527 0.0000000 0.0589980 0.0536019 0.0354441 0.0401272 0.0556193 0.0523598 0.0436492 0.1343724 0.1264749 0.0419469 0.0574700 0.0645234 0.0591788 0.0553516 0.0706405 0.0631251 0.0421367 0.0521150 0.0550707 0.0552393 0.0586687 0.0554098 0.0527323 0.1368543 0.1557951 0.3331722 0.8416011 0.8092178 0.7681941 
S0021_G6318_R4_A  0.0572843 0.0654991 0.0729934 0.0756916 0.0733806 0.0579748 0.0668823 0.0641041 0.0557673 0.0632945 0.0648292 0.0521180 0.0589980 0.0000000 0.0216516 0.0486987 0.0524581 0.0000010 0.0208603 0.0589261 0.1302676 0.1239788 0.0646795 0.0183198 0.0000010 0.0626789 0.0643875 0.0791174 0.0709241 0.0536614 0.0594051 0.0614767 0.0445275 0.0000010 0.0207043 0.0496485 0.1282064 0.1423830 0.3311360 0.8772252 0.8579187 0.8179538 
S0021_G6318_R5_A  0.0546783 0.0629676 0.0689849 0.0724470 0.0701461 0.0553442 0.0621223 0.0606200 0.0551595 0.0609752 0.0615580 0.0474906 0.0536019 0.0216516 0.0000000 0.0455105 0.0518478 0.0208603 0.0000010 0.0542740 0.1266195 0.1214714 0.0588866 0.0000010 0.0183198 0.0574754 0.0647620 0.0804446 0.0703284 0.0547386 0.0596593 0.0600456 0.0404744 0.0207043 0.0000010 0.0481713 0.1278156 0.1370928 0.3300347 0.8763276 0.8570016 0.8244461 
S0019_G6318_R5_A  0.0356004 0.0492390 0.0524033 0.0614051 0.0577005 0.0398265 0.0425990 0.0506672 0.0398265 0.0510938 0.0464118 0.0000010 0.0354441 0.0486987 0.0455105 0.0000000 0.0335488 0.0491216 0.0459067 0.0346749 0.1211079 0.1213054 0.0334462 0.0461860 0.0496059 0.0446485 0.0501481 0.0575097 0.0624056 0.0417898 0.0533375 0.0528427 0.0496060 0.0507039 0.0522186 0.0506911 0.1121648 0.1225544 0.3012171 0.8787689 0.8367746 0.8134099 
S0020_G6318_R5_A  0.0039710 0.0522247 0.0570761 0.0652759 0.0606642 0.0456023 0.0492446 0.0553512 0.0460142 0.0563037 0.0475971 0.0331180 0.0401272 0.0524581 0.0518478 0.0335488 0.0000000 0.0533784 0.0527612 0.0402832 0.1218575 0.1222855 0.0399567 0.0527874 0.0561914 0.0524827 0.0543824 0.0710634 0.0632450 0.0470208 0.0529835 0.0547184 0.0481031 0.0526317 0.0564508 0.0550574 0.1165423 0.1272580 0.3031241 0.8463612 0.8173694 0.7863738 
S0021_G6318_R8_A  0.0573077 0.0636994 0.0650740 0.0752269 0.0714548 0.0562632 0.0637636 0.0625474 0.0562632 0.0632945 0.0624324 0.0505861 0.0556193 0.0000010 0.0208603 0.0491216 0.0533784 0.0000000 0.0208603 0.0541096 0.1269925 0.1261135 0.0596898 0.0149002 0.0000010 0.0618206 0.0626264 0.0760824 0.0697931 0.0512542 0.0600250 0.0628523 0.0402189 0.0000010 0.0193170 0.0493792 0.1153040 0.1296302 0.2984186 0.8996452 0.8630370 0.8360206 
S0021_G6318_R9_A  0.0567004 0.0613668 0.0627559 0.0729089 0.0691382 0.0556522 0.0586484 0.0610944 0.0556522 0.0609752 0.0609817 0.0473876 0.0523598 0.0208603 0.0000010 0.0459067 0.0527612 0.0208603 0.0000000 0.0509000 0.1244124 0.1235662 0.0562806 0.0000010 0.0149002 0.0598481 0.0642312 0.0766539 0.0728905 0.0561834 0.0638961 0.0644367 0.0381761 0.0193170 0.0000010 0.0508764 0.1160181 0.1237168 0.2971199 0.8987244 0.8620788 0.8451911 
S0030_G6318_R1_A  0.0434833 0.0581495 0.0607628 0.0697968 0.0668062 0.0469943 0.0531889 0.0548933 0.0448039 0.0533167 0.0507105 0.0379206 0.0436492 0.0589261 0.0542740 0.0346749 0.0402832 0.0541096 0.0509000 0.0000000 0.1312258 0.1209278 0.0438761 0.0577963 0.0634776 0.0517336 0.0589993 0.0671075 0.0596230 0.0485809 0.0532710 0.0553858 0.0555473 0.0580662 0.0557883 0.0522148 0.1335065 0.1480249 0.3337447 0.8504811 0.8352403 0.8041590 
S0005_G6318_R2_A  0.1295466 0.1436331 0.1472610 0.1521917 0.1492726 0.1353840 0.1381354 0.1475447 0.1300430 0.1363338 0.1427337 0.1274973 0.1343724 0.1302676 0.1266195 0.1211079 0.1218575 0.1269925 0.1244124 0.1312258 0.0000000 0.0000010 0.1516619 0.1288107 0.1353386 0.1558998 0.1401323 0.1499786 0.1469471 0.1326361 0.1355068 0.1382896 0.1216140 0.1263156 0.1249445 0.1248181 0.0078424 0.0094858 0.4122577 0.9738406 0.9817098 0.9240351 
S0005_G6318_R4_A  0.1268721 0.1359149 0.1370659 0.1461886 0.1404356 0.1290222 0.1251561 0.1361059 0.1300430 0.1373382 0.1343680 0.1217843 0.1264749 0.1239788 0.1214714 0.1213054 0.1222855 0.1261135 0.1235662 0.1209278 0.0000010 0.0000000 0.1389397 0.1236502 0.1294740 0.1505683 0.1302938 0.1370043 0.1421181 0.1221457 0.1309936 0.1310064 0.1105027 0.1194830 0.1202264 0.1225412 0.0010383 0.0000010 0.3804077 0.9762307 0.9589407 0.9311415 
S0002_G6318_R2_A  0.0369985 0.0570568 0.0653938 0.0694080 0.0657524 0.0522242 0.0616629 0.0529413 0.0541736 0.0526697 0.0000010 0.0327095 0.0419469 0.0646795 0.0588866 0.0334462 0.0399567 0.0596898 0.0562806 0.0438761 0.1516619 0.1389397 0.0000000 0.0529109 0.0549327 0.0436714 0.0546959 0.0687545 0.0581813 0.0428828 0.0578794 0.0532314 0.0589724 0.0547905 0.0527740 0.0486289 0.1389937 0.1374561 0.6345323 1.1604108 1.1562631 1.0262611 
S0021_G6318_R3_A  0.0533801 0.0633054 0.0732870 0.0760032 0.0734561 0.0596171 0.0693553 0.0575555 0.0619814 0.0625746 0.0588191 0.0478783 0.0574700 0.0183198 0.0000010 0.0461860 0.0527874 0.0149002 0.0000010 0.0577963 0.1288107 0.1236502 0.0529109 0.0000000 0.0185578 0.0481725 0.0605440 0.0747874 0.0619140 0.0542457 0.0595332 0.0562574 0.0479858 0.0185578 0.0000010 0.0398890 0.1277000 0.1271417 0.6480345 1.1975943 1.2172407 1.0939856 
S0021_G6318_R6_A  0.0591582 0.0666480 0.0793129 0.0806654 0.0780967 0.0654851 0.0740177 0.0640774 0.0654226 0.0660488 0.0646051 0.0536431 0.0645234 0.0000010 0.0183198 0.0496059 0.0561914 0.0000010 0.0149002 0.0634776 0.1353386 0.1294740 0.0549327 0.0185578 0.0000000 0.0503598 0.0611294 0.0739563 0.0625723 0.0549024 0.0615827 0.0583071 0.0499918 0.0000010 0.0185578 0.0432273 0.1291918 0.1286185 0.6495241 1.1925606 1.2120849 1.0713545 
S0022_G6318_R4_A  0.0468844 0.0564092 0.0728612 0.0679022 0.0650547 0.0549502 0.0630555 0.0000010 0.0611297 0.0663326 0.0541837 0.0445907 0.0591788 0.0626789 0.0574754 0.0446485 0.0524827 0.0618206 0.0598481 0.0517336 0.1558998 0.1505683 0.0436714 0.0481725 0.0503598 0.0000000 0.0531441 0.0682827 0.0539010 0.0486974 0.0543664 0.0501209 0.0570581 0.0503598 0.0481725 0.0503700 0.1354142 0.1347072 0.8092886 1.0821162 1.0608966 0.9381826 
S0004_G6318_R1_A  0.0533150 0.0000010 0.0696648 0.0788520 0.0724351 0.0474767 0.0527149 0.0617126 0.0464684 0.0618066 0.0617786 0.0525820 0.0553516 0.0643875 0.0647620 0.0501481 0.0543824 0.0626264 0.0642312 0.0589993 0.1401323 0.1302938 0.0546959 0.0605440 0.0611294 0.0531441 0.0000000 0.0725666 0.0580455 0.0579803 0.0543773 0.0475912 0.0635133 0.0598941 0.0613186 0.0553608 0.1348709 0.1398204 0.4056909 1.0632010 1.0730300 0.9745339 
S0012_G6318_R1_A  0.0695055 0.0736498 0.0835945 0.0854250 0.0808093 0.0725156 0.0747610 0.0834179 0.0712629 0.0739784 0.0790488 0.0627210 0.0706405 0.0791174 0.0804446 0.0575097 0.0710634 0.0760824 0.0766539 0.0671075 0.1499786 0.1370043 0.0687545 0.0747874 0.0739563 0.0682827 0.0725666 0.0000000 0.0704658 0.0687024 0.0766289 0.0734314 0.0784114 0.0737962 0.0758822 0.0727207 0.1430052 0.1520033 0.4401853 1.1030430 1.0789674 0.9835318 
S0013_G6318_R1_A  0.0581387 0.0644327 0.0736724 0.0737741 0.0680845 0.0594219 0.0641853 0.0704973 0.0635176 0.0689316 0.0689615 0.0592254 0.0631251 0.0709241 0.0703284 0.0624056 0.0632450 0.0697931 0.0728905 0.0596230 0.1469471 0.1421181 0.0581813 0.0619140 0.0625723 0.0539010 0.0580455 0.0704658 0.0000000 0.0571515 0.0604586 0.0553410 0.0645317 0.0601403 0.0615308 0.0584726 0.1389655 0.1420933 0.4417548 1.0844138 1.0880060 0.9966120 
S0011_G6318_R1_A  0.0390939 0.0596149 0.0654862 0.0726809 0.0681954 0.0513706 0.0565726 0.0610846 0.0557233 0.0630887 0.0501790 0.0374619 0.0421367 0.0536614 0.0547386 0.0417898 0.0470208 0.0512542 0.0561834 0.0485809 0.1326361 0.1221457 0.0428828 0.0542457 0.0549024 0.0486974 0.0579803 0.0687024 0.0571515 0.0000000 0.0575418 0.0530465 0.0591043 0.0510415 0.0529263 0.0539597 0.1294098 0.1380775 0.3879725 1.0704894 1.0721326 0.9690954 
S0018_G6318_R1_A  0.0484518 0.0483962 0.0687879 0.0734642 0.0689770 0.0427174 0.0581476 0.0590285 0.0451648 0.0661699 0.0593032 0.0494165 0.0521150 0.0594051 0.0596593 0.0533375 0.0529835 0.0600250 0.0638961 0.0532710 0.1355068 0.1309936 0.0578794 0.0595332 0.0615827 0.0543664 0.0543773 0.0766289 0.0604586 0.0575418 0.0000000 0.0292409 0.0611104 0.0588057 0.0590033 0.0554936 0.1332681 0.1415123 0.3929225 1.0269753 1.0407858 0.9398029 
S0031_G6318_R1_A  0.0505718 0.0455186 0.0682615 0.0737544 0.0718656 0.0423935 0.0594714 0.0622233 0.0436532 0.0655480 0.0605298 0.0498716 0.0550707 0.0614767 0.0600456 0.0528427 0.0547184 0.0628523 0.0644367 0.0553858 0.1382896 0.1310064 0.0532314 0.0562574 0.0583071 0.0501209 0.0475912 0.0734314 0.0553410 0.0530465 0.0292409 0.0000000 0.0601772 0.0561314 0.0563211 0.0539630 0.1307780 0.1381510 0.3823702 1.0503138 1.0527107 0.9462241 
S0026_G6318_R1_A  0.0497838 0.0600197 0.0704203 0.0741463 0.0696142 0.0542821 0.0633285 0.0598097 0.0562293 0.0625420 0.0581979 0.0507929 0.0552393 0.0445275 0.0404744 0.0496060 0.0481031 0.0402189 0.0381761 0.0555473 0.1216140 0.1105027 0.0589724 0.0479858 0.0499918 0.0570581 0.0635133 0.0784114 0.0645317 0.0591043 0.0611104 0.0601772 0.0000000 0.0481404 0.0465531 0.0505270 0.1257984 0.1345946 0.3953880 1.0765178 1.0994477 0.9950967 
S0021_G6318_R1_A  0.0549042 0.0624901 0.0739419 0.0768179 0.0731347 0.0603037 0.0659392 0.0616694 0.0585196 0.0636532 0.0650863 0.0541985 0.0586687 0.0000010 0.0207043 0.0507039 0.0526317 0.0000010 0.0193170 0.0580662 0.1263156 0.1194830 0.0547905 0.0185578 0.0000010 0.0503598 0.0598941 0.0737962 0.0601403 0.0510415 0.0588057 0.0561314 0.0481404 0.0000000 0.0201006 0.0454555 0.1237118 0.1282848 0.3988301 1.0777890 1.1082546 0.9944091 
S0021_G6318_R2_A  0.0551408 0.0628521 0.0716106 0.0763525 0.0726536 0.0588383 0.0635902 0.0610227 0.0600994 0.0641165 0.0627777 0.0527225 0.0554098 0.0207043 0.0000010 0.0522186 0.0564508 0.0193170 0.0000010 0.0557883 0.1249445 0.1202264 0.0527740 0.0000010 0.0185578 0.0481725 0.0613186 0.0758822 0.0615308 0.0529263 0.0590033 0.0563211 0.0465531 0.0201006 0.0000000 0.0444869 0.1248044 0.1268204 0.4053832 1.1114692 1.1431424 1.0362182 
S0028_G6318_R1_A  0.0498089 0.0591309 0.0695250 0.0759584 0.0722800 0.0534079 0.0569737 0.0615772 0.0562546 0.0637389 0.0625688 0.0481710 0.0527323 0.0496485 0.0481713 0.0506911 0.0550574 0.0493792 0.0508764 0.0522148 0.1248181 0.1225412 0.0486289 0.0398890 0.0432273 0.0503700 0.0553608 0.0727207 0.0584726 0.0539597 0.0554936 0.0539630 0.0505270 0.0454555 0.0444869 0.0000000 0.1234855 0.1255149 0.4057919 1.0731744 1.0814190 0.9685411 
S0005_G6318_R1_A  0.1278865 0.1404619 0.1419248 0.1531787 0.1508014 0.1366308 0.1372641 0.1474758 0.1234230 0.1268268 0.1435134 0.1264942 0.1368543 0.1282064 0.1278156 0.1121648 0.1165423 0.1153040 0.1160181 0.1335065 0.0078424 0.0010383 0.1389937 0.1277000 0.1291918 0.1354142 0.1348709 0.1430052 0.1389655 0.1294098 0.1332681 0.1307780 0.1257984 0.1237118 0.1248044 0.1234855 0.0000000 0.0000010 0.4573928 1.1588922 1.2006515 1.0784230 
S0005_G6318_R3_A  0.1402854 0.1549692 0.1585590 0.1693358 0.1675755 0.1526071 0.1598703 0.1639199 0.1400353 0.1434255 0.1572298 0.1386384 0.1557951 0.1423830 0.1370928 0.1225544 0.1272580 0.1296302 0.1237168 0.1480249 0.0094858 0.0000010 0.1374561 0.1271417 0.1286185 0.1347072 0.1398204 0.1520033 0.1420933 0.1380775 0.1415123 0.1381510 0.1345946 0.1282848 0.1268204 0.1255149 0.0000010 0.0000000 0.6956263 1.2664533 1.2990083 1.1753804 
S0021_G6318_R10_A 0.3289850 0.3458098 0.3433491 0.3455195 0.3469659 0.3273996 0.3545754 0.3388719 0.2977563 0.3058202 0.3403946 0.3298062 0.3331722 0.3311360 0.3300347 0.3012171 0.3031241 0.2984186 0.2971199 0.3337447 0.4122577 0.3804077 0.6345323 0.6480345 0.6495241 0.8092886 0.4056909 0.4401853 0.4417548 0.3879725 0.3929225 0.3823702 0.3953880 0.3988301 0.4053832 0.4057919 0.4573928 0.6956263 0.0000000 1.1347501 1.1393300 1.0963400 
S0005_G6318_R5_A  0.8518946 0.8657415 0.9051120 0.8892526 0.8682750 0.8574280 0.8897202 0.8858771 0.8818731 0.9190774 0.8582881 0.8493173 0.8416011 0.8772252 0.8763276 0.8787689 0.8463612 0.8996452 0.8987244 0.8504811 0.9738406 0.9762307 1.1604108 1.1975943 1.1925606 1.0821162 1.0632010 1.1030430 1.0844138 1.0704894 1.0269753 1.0503138 1.0765178 1.0777890 1.1114692 1.0731744 1.1588922 1.2664533 1.1347501 0.0000000 0.1710252 0.1840353 
S0021_G6318_R7_A  0.8342889 0.8363474 0.8604671 0.8592151 0.8382739 0.8438650 0.8604904 0.8570657 0.8516818 0.8557474 0.8332296 0.8230491 0.8092178 0.8579187 0.8570016 0.8367746 0.8173694 0.8630370 0.8620788 0.8352403 0.9817098 0.9589407 1.1562631 1.2172407 1.2120849 1.0608966 1.0730300 1.0789674 1.0880060 1.0721326 1.0407858 1.0527107 1.0994477 1.1082546 1.1431424 1.0814190 1.2006515 1.2990083 1.1393300 0.1710252 0.0000000 0.0941653 
S0037_G6318_R1_A  0.7864383 0.8030790 0.8214018 0.8286642 0.8007414 0.7974185 0.8417849 0.8316198 0.8225954 0.8341190 0.7939722 0.7835746 0.7681941 0.8179538 0.8244461 0.8134099 0.7863738 0.8360206 0.8451911 0.8041590 0.9240351 0.9311415 1.0262611 1.0939856 1.0713545 0.9381826 0.9745339 0.9835318 0.9966120 0.9690954 0.9398029 0.9462241 0.9950967 0.9944091 1.0362182 0.9685411 1.0784230 1.1753804 1.0963400 0.1840353 0.0941653 0.0000000 
