24
S0030_G6320_R1_A 0.0000000 0.3484623 0.3057936 0.3200034 0.7098234 0.6901652 0.7509319 0.6938330 0.7167535 0.7300573 0.7229237 0.7360113 0.7684503 0.7391158 0.7535880 0.7280013 0.7405644 0.7411136 0.7299199 0.7603612 0.6799876 0.7344569 0.7739287 1.1059802 
S0022_G6320_R1_A 0.3484623 0.0000000 0.3679620 0.3707241 0.6063333 0.5798489 0.6149804 0.5850609 0.6032365 0.6169335 0.6335126 0.6287573 0.6466458 0.6693346 0.6428267 0.6006030 0.6143665 0.6558525 0.6153425 0.6410986 0.6109900 0.6526862 0.6520759 0.9048166 
S0048_G6320_R1_A 0.3057936 0.3679620 0.0000000 0.0288354 0.6164649 0.6055822 0.6315162 0.6097843 0.6279885 0.6302157 0.6449268 0.6624803 0.6474471 0.6578968 0.6681984 0.6186361 0.6281137 0.6640106 0.6349584 0.6388266 0.6186777 0.6779250 0.6832688 0.9726234 
S0050_G6320_R1_A 0.3200034 0.3707241 0.0288354 0.0000000 0.6064434 0.5955664 0.6204227 0.5998681 0.6175998 0.6199821 0.6343897 0.6516961 0.6366222 0.6603075 0.6570456 0.6079781 0.6240544 0.6532576 0.6245379 0.6282351 0.6086020 0.6666751 0.6706132 0.9457785 
S0002_G6320_R1_A 0.7098234 0.6063333 0.6164649 0.6064434 0.0000000 0.0526812 0.0773983 0.0676412 0.0503563 0.0710311 0.0756253 0.0862482 0.0812235 0.1090791 0.0642142 0.0842332 0.0971614 0.0892409 0.0911005 0.0932744 0.0729520 0.1403256 0.0916431 0.3532286 
S0028_G6320_R1_A 0.6901652 0.5798489 0.6055822 0.5955664 0.0526812 0.0000000 0.0551980 0.0441968 0.0403470 0.0527445 0.0518596 0.0624236 0.0573698 0.0826702 0.0447900 0.0612201 0.0729577 0.0871895 0.0824137 0.0677197 0.0557071 0.1141160 0.0648539 0.3386422 
S0021_G6320_R1_A 0.7509319 0.6149804 0.6315162 0.6204227 0.0773983 0.0551980 0.0000000 0.0762059 0.0654597 0.0742821 0.0757209 0.0868224 0.0528274 0.1070614 0.0716360 0.0836194 0.1005519 0.1145193 0.1086101 0.0872432 0.0753014 0.1320483 0.0936311 0.3292454 
S0016_G6320_R1_A 0.6938330 0.5850609 0.6097843 0.5998681 0.0676412 0.0441968 0.0762059 0.0000000 0.0564228 0.0698251 0.0659833 0.0764539 0.0789457 0.1018144 0.0631177 0.0733711 0.0879103 0.1024204 0.0952718 0.0865118 0.0707486 0.1328219 0.0809995 0.3513531 
S0036_G6320_R1_A 0.7167535 0.6032365 0.6279885 0.6175998 0.0503563 0.0403470 0.0654597 0.0564228 0.0000000 0.0637657 0.0609457 0.0692729 0.0684847 0.0951063 0.0454824 0.0709106 0.0885209 0.0831222 0.0815907 0.0790981 0.0698411 0.1251913 0.0771365 0.3279053 
S0031_G6320_R1_A 0.7300573 0.6169335 0.6302157 0.6199821 0.0710311 0.0527445 0.0742821 0.0698251 0.0637657 0.0000000 0.0587670 0.0531801 0.0769073 0.0892189 0.0685341 0.0844573 0.0939454 0.1037232 0.0989947 0.0900518 0.0782922 0.1384099 0.0858988 0.3567614 
S0004_G6320_R1_A 0.7229237 0.6335126 0.6449268 0.6343897 0.0756253 0.0518596 0.0757209 0.0659833 0.0609457 0.0587670 0.0000000 0.0569273 0.0667217 0.0829603 0.0656907 0.0760283 0.0876022 0.1010432 0.1019432 0.0938044 0.0733316 0.1304612 0.0922461 0.3378915 
S0018_G6320_R1_A 0.7360113 0.6287573 0.6624803 0.6516961 0.0862482 0.0624236 0.0868224 0.0764539 0.0692729 0.0531801 0.0569273 0.0000000 0.0839268 0.0919892 0.0784942 0.0892483 0.0988386 0.1176807 0.1143190 0.1025497 0.0806837 0.1433765 0.1003247 0.3473823 
S0021_G6320_R2_A 0.7684503 0.6466458 0.6474471 0.6366222 0.0812235 0.0573698 0.0528274 0.0789457 0.0684847 0.0769073 0.0667217 0.0839268 0.0000000 0.1053994 0.0658144 0.0783677 0.0901394 0.1079189 0.1104309 0.0950502 0.0746635 0.1277862 0.1017354 0.3531758 
S0037_G6320_R1_A 0.7391158 0.6693346 0.6578968 0.6603075 0.1090791 0.0826702 0.1070614 0.1018144 0.0951063 0.0892189 0.0829603 0.0919892 0.1053994 0.0000000 0.0984305 0.1089175 0.1311837 0.1172735 0.1066042 0.1232082 0.1077888 0.1428272 0.1284210 0.3530618 
S0019_G6320_R1_A 0.7535880 0.6428267 0.6681984 0.6570456 0.0642142 0.0447900 0.0716360 0.0631177 0.0454824 0.0685341 0.0656907 0.0784942 0.0658144 0.0984305 0.0000000 0.0703432 0.0837134 0.0869131 0.0812081 0.0886517 0.0673341 0.1250307 0.0870899 0.3453278 
S0046_G6320_R1_A 0.7280013 0.6006030 0.6186361 0.6079781 0.0842332 0.0612201 0.0836194 0.0733711 0.0709106 0.0844573 0.0760283 0.0892483 0.0783677 0.1089175 0.0703432 0.0000000 0.0943081 0.0989584 0.1067572 0.0907224 0.0775778 0.1390478 0.0947044 0.3620269 
S0018_G6320_R2_A 0.7405644 0.6143665 0.6281137 0.6240544 0.0971614 0.0729577 0.1005519 0.0879103 0.0885209 0.0939454 0.0876022 0.0988386 0.0901394 0.1311837 0.0837134 0.0943081 0.0000000 0.1238766 0.1312385 0.1000654 0.0903830 0.1494330 0.1121242 0.3758553 
S0011_G6320_R1_A 0.7411136 0.6558525 0.6640106 0.6532576 0.0892409 0.0871895 0.1145193 0.1024204 0.0831222 0.1037232 0.1010432 0.1176807 0.1079189 0.1172735 0.0869131 0.0989584 0.1238766 0.0000000 0.0860860 0.1242714 0.0988293 0.1548672 0.1234408 0.3671668 
S0020_G6320_R1_A 0.7299199 0.6153425 0.6349584 0.6245379 0.0911005 0.0824137 0.1086101 0.0952718 0.0815907 0.0989947 0.1019432 0.1143190 0.1104309 0.1066042 0.0812081 0.1067572 0.1312385 0.0860860 0.0000000 0.1196845 0.1010315 0.1420762 0.1159430 0.3553724 
S0017_G6320_R1_A 0.7603612 0.6410986 0.6388266 0.6282351 0.0932744 0.0677197 0.0872432 0.0865118 0.0790981 0.0900518 0.0938044 0.1025497 0.0950502 0.1232082 0.0886517 0.0907224 0.1000654 0.1242714 0.1196845 0.0000000 0.0928634 0.1407045 0.0921062 0.3656871 
S0026_G6320_R1_A 0.6799876 0.6109900 0.6186777 0.6086020 0.0729520 0.0557071 0.0753014 0.0707486 0.0698411 0.0782922 0.0733316 0.0806837 0.0746635 0.1077888 0.0673341 0.0775778 0.0903830 0.0988293 0.1010315 0.0928634 0.0000000 0.1341453 0.0938382 0.3569338 
S0012_G6320_R1_A 0.7344569 0.6526862 0.6779250 0.6666751 0.1403256 0.1141160 0.1320483 0.1328219 0.1251913 0.1384099 0.1304612 0.1433765 0.1277862 0.1428272 0.1250307 0.1390478 0.1494330 0.1548672 0.1420762 0.1407045 0.1341453 0.0000000 0.1467794 0.3607397 
S0013_G6320_R1_A 0.7739287 0.6520759 0.6832688 0.6706132 0.0916431 0.0648539 0.0936311 0.0809995 0.0771365 0.0858988 0.0922461 0.1003247 0.1017354 0.1284210 0.0870899 0.0947044 0.1121242 0.1234408 0.1159430 0.0921062 0.0938382 0.1467794 0.0000000 0.3391771 
S0005_G6320_R1_A 1.1059802 0.9048166 0.9726234 0.9457785 0.3532286 0.3386422 0.3292454 0.3513531 0.3279053 0.3567614 0.3378915 0.3473823 0.3531758 0.3530618 0.3453278 0.3620269 0.3758553 0.3671668 0.3553724 0.3656871 0.3569338 0.3607397 0.3391771 0.0000000 
