22
S0005_G6366_R1_A 0.0000000 0.2255425 0.2243888 0.2158061 0.2327890 0.2291210 0.2213857 0.2434826 0.2367919 0.2305852 0.2398115 0.2213577 0.2447669 0.2212803 0.2328149 0.2467979 0.2474158 0.2633105 0.2601710 0.2373537 0.2376322 0.2402492 
S0028_G6366_R1_A 0.2255425 0.0000000 0.0645372 0.0560202 0.0627336 0.0591377 0.0605636 0.0639182 0.0635250 0.0617832 0.0666814 0.0587471 0.0733976 0.0657218 0.0625520 0.0902703 0.0900280 0.0913415 0.0957522 0.0823004 0.0678634 0.0773166 
S0011_G6366_R1_A 0.2243888 0.0645372 0.0000000 0.0538870 0.0617987 0.0691773 0.0621666 0.0525022 0.0517831 0.0495155 0.0629168 0.0652916 0.0716770 0.0622195 0.0495320 0.0846594 0.0888214 0.0909296 0.0898225 0.0749489 0.0661544 0.0729506 
S0030_G6366_R1_A 0.2158061 0.0560202 0.0538870 0.0000000 0.0546556 0.0602734 0.0533486 0.0562748 0.0548595 0.0531630 0.0572292 0.0534689 0.0628601 0.0536275 0.0524582 0.0784945 0.0787012 0.0828633 0.0873493 0.0670448 0.0537393 0.0672522 
S0046_G6366_R1_A 0.2327890 0.0627336 0.0617987 0.0546556 0.0000000 0.0621879 0.0559342 0.0609371 0.0623191 0.0600265 0.0599217 0.0607030 0.0660690 0.0544938 0.0589622 0.0796768 0.0822877 0.0840333 0.0890113 0.0694678 0.0561220 0.0649857 
S0026_G6366_R1_A 0.2291210 0.0591377 0.0691773 0.0602734 0.0621879 0.0000000 0.0627926 0.0699366 0.0669542 0.0672418 0.0697277 0.0617122 0.0752696 0.0641323 0.0675579 0.0878793 0.0870732 0.0946298 0.1031223 0.0793499 0.0661713 0.0756638 
S0022_G6366_R1_A 0.2213857 0.0605636 0.0621666 0.0533486 0.0559342 0.0627926 0.0000000 0.0608608 0.0600621 0.0604067 0.0566717 0.0565512 0.0609378 0.0564943 0.0572186 0.0824438 0.0837930 0.0856909 0.0878955 0.0689148 0.0576630 0.0686265 
S0002_G6366_R1_A 0.2434826 0.0639182 0.0525022 0.0562748 0.0609371 0.0699366 0.0608608 0.0000000 0.0473965 0.0456810 0.0660603 0.0627733 0.0732804 0.0658997 0.0467719 0.0864810 0.0912616 0.0951687 0.0976981 0.0785081 0.0685974 0.0788082 
S0020_G6366_R1_A 0.2367919 0.0635250 0.0517831 0.0548595 0.0623191 0.0669542 0.0600621 0.0473965 0.0000000 0.0316619 0.0648441 0.0635616 0.0700160 0.0645380 0.0313175 0.0848210 0.0888835 0.0892176 0.0934046 0.0781159 0.0655191 0.0739620 
S0036_G6366_R1_A 0.2305852 0.0617832 0.0495155 0.0531630 0.0600265 0.0672418 0.0604067 0.0456810 0.0316619 0.0000000 0.0629303 0.0608772 0.0678143 0.0611260 0.0291843 0.0811176 0.0833161 0.0876271 0.0918973 0.0734664 0.0620491 0.0727037 
S0013_G6366_R1_A 0.2398115 0.0666814 0.0629168 0.0572292 0.0599217 0.0697277 0.0566717 0.0660603 0.0648441 0.0629303 0.0000000 0.0652061 0.0666223 0.0619446 0.0617719 0.0734785 0.0780232 0.0809904 0.0817749 0.0722884 0.0630226 0.0752573 
S0021_G6366_R1_A 0.2213577 0.0587471 0.0652916 0.0534689 0.0607030 0.0617122 0.0565512 0.0627733 0.0635616 0.0608772 0.0652061 0.0000000 0.0682253 0.0657071 0.0604179 0.0771362 0.0852169 0.0769060 0.0886567 0.0765836 0.0623157 0.0696394 
S0017_G6366_R1_A 0.2447669 0.0733976 0.0716770 0.0628601 0.0660690 0.0752696 0.0609378 0.0732804 0.0700160 0.0678143 0.0666223 0.0682253 0.0000000 0.0670104 0.0662302 0.0900458 0.0897570 0.0894757 0.1022582 0.0784599 0.0716258 0.0795060 
S0016_G6366_R1_A 0.2212803 0.0657218 0.0622195 0.0536275 0.0544938 0.0641323 0.0564943 0.0658997 0.0645380 0.0611260 0.0619446 0.0657071 0.0670104 0.0000000 0.0604829 0.0845655 0.0879619 0.0757330 0.0975030 0.0588352 0.0481955 0.0569205 
S0019_G6366_R1_A 0.2328149 0.0625520 0.0495320 0.0524582 0.0589622 0.0675579 0.0572186 0.0467719 0.0313175 0.0291843 0.0617719 0.0604179 0.0662302 0.0604829 0.0000000 0.0826991 0.0819481 0.0852550 0.0948999 0.0721622 0.0604612 0.0742561 
S0048_G6366_R1_A 0.2467979 0.0902703 0.0846594 0.0784945 0.0796768 0.0878793 0.0824438 0.0864810 0.0848210 0.0811176 0.0734785 0.0771362 0.0900458 0.0845655 0.0826991 0.0000000 0.0301565 0.1136615 0.1057583 0.0990457 0.0859758 0.0954715 
S0050_G6366_R1_A 0.2474158 0.0900280 0.0888214 0.0787012 0.0822877 0.0870732 0.0837930 0.0912616 0.0888835 0.0833161 0.0780232 0.0852169 0.0897570 0.0879619 0.0819481 0.0301565 0.0000000 0.1156183 0.1067673 0.0975265 0.0886962 0.0966630 
S0037_G6366_R1_A 0.2633105 0.0913415 0.0909296 0.0828633 0.0840333 0.0946298 0.0856909 0.0951687 0.0892176 0.0876271 0.0809904 0.0769060 0.0894757 0.0757330 0.0852550 0.1136615 0.1156183 0.0000000 0.1138970 0.0830345 0.0672297 0.0736125 
S0012_G6366_R1_A 0.2601710 0.0957522 0.0898225 0.0873493 0.0890113 0.1031223 0.0878955 0.0976981 0.0934046 0.0918973 0.0817749 0.0886567 0.1022582 0.0975030 0.0948999 0.1057583 0.1067673 0.1138970 0.0000000 0.1024411 0.0963439 0.1024721 
S0004_G6366_R1_A 0.2373537 0.0823004 0.0749489 0.0670448 0.0694678 0.0793499 0.0689148 0.0785081 0.0781159 0.0734664 0.0722884 0.0765836 0.0784599 0.0588352 0.0721622 0.0990457 0.0975265 0.0830345 0.1024411 0.0000000 0.0580777 0.0700495 
S0031_G6366_R1_A 0.2376322 0.0678634 0.0661544 0.0537393 0.0561220 0.0661713 0.0576630 0.0685974 0.0655191 0.0620491 0.0630226 0.0623157 0.0716258 0.0481955 0.0604612 0.0859758 0.0886962 0.0672297 0.0963439 0.0580777 0.0000000 0.0345568 
S0018_G6366_R1_A 0.2402492 0.0773166 0.0729506 0.0672522 0.0649857 0.0756638 0.0686265 0.0788082 0.0739620 0.0727037 0.0752573 0.0696394 0.0795060 0.0569205 0.0742561 0.0954715 0.0966630 0.0736125 0.1024721 0.0700495 0.0345568 0.0000000 
