23
S0028_G6378_R1_A 0.0000000 0.1028667 0.0754602 0.0691644 0.0792820 0.0789166 0.0734476 0.0706263 0.0761596 0.0762950 0.0720161 0.0719813 0.0881344 0.0849369 0.0964807 0.0964361 0.0794995 0.1562159 0.0887789 0.0842686 0.1023136 0.1306238 0.3154811 
S0018_G6378_R1_A 0.1028667 0.0000000 0.0434055 0.0847799 0.0961754 0.0829105 0.0807125 0.0735209 0.0937185 0.0905902 0.0941594 0.0880232 0.0881281 0.0919745 0.1010957 0.1039870 0.0798627 0.1639183 0.0851895 0.0995541 0.0992445 0.1481890 0.3345290 
S0031_G6378_R1_A 0.0754602 0.0434055 0.0000000 0.0626654 0.0764280 0.0630697 0.0616143 0.0529826 0.0742664 0.0726013 0.0751850 0.0690633 0.0752748 0.0792299 0.0817656 0.0828293 0.0610915 0.1507722 0.0732118 0.0787197 0.1006526 0.1349800 0.3257522 
S0019_G6378_R1_A 0.0691644 0.0847799 0.0626654 0.0000000 0.0626907 0.0671198 0.0634942 0.0479678 0.0672059 0.0654355 0.0679638 0.0455152 0.0747656 0.0767473 0.0836813 0.0854432 0.0525160 0.1377896 0.0782175 0.0721826 0.0938717 0.1193106 0.3076010 
S0046_G6378_R1_A 0.0792820 0.0961754 0.0764280 0.0626907 0.0000000 0.0726529 0.0681491 0.0648368 0.0753213 0.0766372 0.0754495 0.0713465 0.0764758 0.0804250 0.0861398 0.0901505 0.0653497 0.1470872 0.0933717 0.0749924 0.0983107 0.1393467 0.3016857 
S0004_G6378_R1_A 0.0789166 0.0829105 0.0630697 0.0671198 0.0726529 0.0000000 0.0599440 0.0629216 0.0802496 0.0777747 0.0783073 0.0728988 0.0749058 0.0755354 0.0851467 0.0849795 0.0643488 0.1418719 0.0799846 0.0796212 0.0962327 0.1394460 0.3091033 
S0030_G6378_R1_A 0.0734476 0.0807125 0.0616143 0.0634942 0.0681491 0.0599440 0.0000000 0.0566754 0.0718412 0.0669060 0.0720564 0.0692442 0.0657693 0.0638300 0.0797948 0.0822106 0.0586358 0.1446511 0.0839988 0.0767985 0.0878575 0.1444557 0.3101069 
S0020_G6378_R1_A 0.0706263 0.0735209 0.0529826 0.0479678 0.0648368 0.0629216 0.0566754 0.0000000 0.0673803 0.0662262 0.0675534 0.0561030 0.0683211 0.0696675 0.0789475 0.0813456 0.0521237 0.1387044 0.0726005 0.0689175 0.0837137 0.1250354 0.3142887 
S0021_G6378_R1_A 0.0761596 0.0937185 0.0742664 0.0672059 0.0753213 0.0802496 0.0718412 0.0673803 0.0000000 0.0238407 0.0732524 0.0725162 0.0866904 0.0836728 0.0912679 0.0910511 0.0747502 0.1482412 0.0927092 0.0861928 0.1054766 0.1470251 0.3253899 
S0021_G6378_R2_A 0.0762950 0.0905902 0.0726013 0.0654355 0.0766372 0.0777747 0.0669060 0.0662262 0.0238407 0.0000000 0.0734350 0.0688511 0.0855007 0.0836329 0.0912498 0.0897814 0.0727082 0.1512349 0.0945105 0.0832600 0.1064362 0.1473798 0.3244380 
S0026_G6378_R1_A 0.0720161 0.0941594 0.0751850 0.0679638 0.0754495 0.0783073 0.0720564 0.0675534 0.0732524 0.0734350 0.0000000 0.0700443 0.0796830 0.0829188 0.0878381 0.0897937 0.0699105 0.1506279 0.1015574 0.0733367 0.1048010 0.1513838 0.2943151 
S0036_G6378_R1_A 0.0719813 0.0880232 0.0690633 0.0455152 0.0713465 0.0728988 0.0692442 0.0561030 0.0725162 0.0688511 0.0700443 0.0000000 0.0779132 0.0839356 0.0850386 0.0862053 0.0631641 0.1536004 0.0874619 0.0744922 0.0985771 0.1323756 0.3126786 
S0016_G6378_R1_A 0.0881344 0.0881281 0.0752748 0.0747656 0.0764758 0.0749058 0.0657693 0.0683211 0.0866904 0.0855007 0.0796830 0.0779132 0.0000000 0.0767263 0.0901378 0.0908521 0.0712988 0.1516968 0.0832970 0.0853029 0.0939414 0.1516587 0.3264286 
S0022_G6378_R1_A 0.0849369 0.0919745 0.0792299 0.0767473 0.0804250 0.0755354 0.0638300 0.0696675 0.0836728 0.0836329 0.0829188 0.0839356 0.0767263 0.0000000 0.0876096 0.0950412 0.0703900 0.1295183 0.0774830 0.0879032 0.0871898 0.1493060 0.3132936 
S0048_G6378_R1_A 0.0964807 0.1010957 0.0817656 0.0836813 0.0861398 0.0851467 0.0797948 0.0789475 0.0912679 0.0912498 0.0878381 0.0850386 0.0901378 0.0876096 0.0000000 0.0254855 0.0740919 0.1551993 0.1008539 0.0696232 0.1088633 0.1628664 0.3361446 
S0050_G6378_R1_A 0.0964361 0.1039870 0.0828293 0.0854432 0.0901505 0.0849795 0.0822106 0.0813456 0.0910511 0.0897814 0.0897937 0.0862053 0.0908521 0.0950412 0.0254855 0.0000000 0.0764168 0.1640827 0.1030155 0.0733279 0.1122031 0.1724011 0.3407306 
S0011_G6378_R1_A 0.0794995 0.0798627 0.0610915 0.0525160 0.0653497 0.0643488 0.0586358 0.0521237 0.0747502 0.0727082 0.0699105 0.0631641 0.0712988 0.0703900 0.0740919 0.0764168 0.0000000 0.1320355 0.0818928 0.0709821 0.0955867 0.1358711 0.3117380 
S0012_G6378_R1_A 0.1562159 0.1639183 0.1507722 0.1377896 0.1470872 0.1418719 0.1446511 0.1387044 0.1482412 0.1512349 0.1506279 0.1536004 0.1516968 0.1295183 0.1551993 0.1640827 0.1320355 0.0000000 0.1610398 0.1344762 0.1605624 0.2089878 0.3412991 
S0037_G6378_R1_A 0.0887789 0.0851895 0.0732118 0.0782175 0.0933717 0.0799846 0.0839988 0.0726005 0.0927092 0.0945105 0.1015574 0.0874619 0.0832970 0.0774830 0.1008539 0.1030155 0.0818928 0.1610398 0.0000000 0.0968075 0.1129000 0.1296864 0.2947707 
S0013_G6378_R1_A 0.0842686 0.0995541 0.0787197 0.0721826 0.0749924 0.0796212 0.0767985 0.0689175 0.0861928 0.0832600 0.0733367 0.0744922 0.0853029 0.0879032 0.0696232 0.0733279 0.0709821 0.1344762 0.0968075 0.0000000 0.1151268 0.1551259 0.3103142 
S0017_G6378_R1_A 0.1023136 0.0992445 0.1006526 0.0938717 0.0983107 0.0962327 0.0878575 0.0837137 0.1054766 0.1064362 0.1048010 0.0985771 0.0939414 0.0871898 0.1088633 0.1122031 0.0955867 0.1605624 0.1129000 0.1151268 0.0000000 0.1379147 0.2893241 
S0002_G6378_R1_A 0.1306238 0.1481890 0.1349800 0.1193106 0.1393467 0.1394460 0.1444557 0.1250354 0.1470251 0.1473798 0.1513838 0.1323756 0.1516587 0.1493060 0.1628664 0.1724011 0.1358711 0.2089878 0.1296864 0.1551259 0.1379147 0.0000000 0.3267011 
S0005_G6378_R1_A 0.3154811 0.3345290 0.3257522 0.3076010 0.3016857 0.3091033 0.3101069 0.3142887 0.3253899 0.3244380 0.2943151 0.3126786 0.3264286 0.3132936 0.3361446 0.3407306 0.3117380 0.3412991 0.2947707 0.3103142 0.2893241 0.3267011 0.0000000 
