23
S0005_G6373_R1_A 0.0000000 0.2410418 0.1825995 0.1992647 0.1959198 0.2047135 0.2106765 0.2040989 0.2113934 0.2238190 0.2064971 0.2001999 0.2019115 0.2053646 0.2208903 0.1919610 0.1995895 0.2283526 0.2136076 0.2146414 0.2206603 0.2095290 0.2004185 
S0012_G6373_R1_A 0.2410418 0.0000000 0.0961963 0.1143686 0.0963598 0.1038874 0.1124185 0.1039487 0.1110524 0.1289067 0.1060384 0.1135944 0.1138440 0.1237657 0.1161181 0.0844739 0.1152686 0.1344198 0.1099786 0.1113702 0.1136598 0.1155844 0.1142413 
S0030_G6373_R1_A 0.1825995 0.0961963 0.0000000 0.0600798 0.0464016 0.0523951 0.0635888 0.0547110 0.0621921 0.0827720 0.0545706 0.0623346 0.0628545 0.0690492 0.0685531 0.0427799 0.0609556 0.0846332 0.0714861 0.0721148 0.0586998 0.0642935 0.0601836 
S0016_G6373_R1_A 0.1992647 0.1143686 0.0600798 0.0000000 0.0575360 0.0723456 0.0756529 0.0610428 0.0825424 0.0968801 0.0730094 0.0685143 0.0791606 0.0770204 0.0746168 0.0577884 0.0716733 0.1010178 0.0864352 0.0883690 0.0796097 0.0831522 0.0707748 
S0019_G6373_R1_A 0.1959198 0.0963598 0.0464016 0.0575360 0.0000000 0.0513300 0.0559337 0.0483692 0.0561717 0.0724185 0.0523008 0.0568655 0.0642297 0.0679127 0.0669371 0.0356962 0.0618283 0.0792315 0.0724430 0.0736159 0.0641420 0.0643965 0.0610923 
S0011_G6373_R1_A 0.2047135 0.1038874 0.0523951 0.0723456 0.0513300 0.0000000 0.0613748 0.0607470 0.0628776 0.0851041 0.0593774 0.0726785 0.0697772 0.0799447 0.0821443 0.0490074 0.0690095 0.0898281 0.0805332 0.0817982 0.0722701 0.0655470 0.0681898 
S0004_G6373_R1_A 0.2106765 0.1124185 0.0635888 0.0756529 0.0559337 0.0613748 0.0000000 0.0659443 0.0750972 0.0793071 0.0517693 0.0804038 0.0751209 0.0886412 0.0857438 0.0601220 0.0783984 0.0815921 0.0848891 0.0860959 0.0795215 0.0754431 0.0787137 
S0020_G6373_R1_A 0.2040989 0.1039487 0.0547110 0.0610428 0.0483692 0.0607470 0.0659443 0.0000000 0.0686727 0.0834726 0.0607267 0.0617084 0.0671871 0.0737327 0.0739060 0.0481272 0.0703606 0.0851242 0.0790004 0.0801889 0.0701534 0.0729247 0.0689807 
S0002_G6373_R1_A 0.2113934 0.1110524 0.0621921 0.0825424 0.0561717 0.0628776 0.0750972 0.0686727 0.0000000 0.0925742 0.0680157 0.0759539 0.0816514 0.0855963 0.0879904 0.0607813 0.0784457 0.0986185 0.0893470 0.0911907 0.0772050 0.0769153 0.0811340 
S0018_G6373_R1_A 0.2238190 0.1289067 0.0827720 0.0968801 0.0724185 0.0851041 0.0793071 0.0834726 0.0925742 0.0000000 0.0480087 0.0929530 0.0981964 0.1095278 0.1075962 0.0778382 0.0962851 0.0870467 0.1051053 0.1045565 0.0933129 0.0929532 0.0959177 
S0031_G6373_R1_A 0.2064971 0.1060384 0.0545706 0.0730094 0.0523008 0.0593774 0.0517693 0.0607267 0.0680157 0.0480087 0.0000000 0.0721367 0.0714904 0.0841259 0.0788096 0.0548657 0.0718437 0.0637034 0.0782970 0.0783513 0.0635341 0.0641718 0.0727408 
S0028_G6373_R1_A 0.2001999 0.1135944 0.0623346 0.0685143 0.0568655 0.0726785 0.0804038 0.0617084 0.0759539 0.0929530 0.0721367 0.0000000 0.0774843 0.0790734 0.0825337 0.0607464 0.0738610 0.0978704 0.0878773 0.0886080 0.0851231 0.0855673 0.0748249 
S0046_G6373_R1_A 0.2019115 0.1138440 0.0628545 0.0791606 0.0642297 0.0697772 0.0751209 0.0671871 0.0816514 0.0981964 0.0714904 0.0774843 0.0000000 0.0904626 0.0824203 0.0561385 0.0794253 0.1025402 0.0871442 0.0896064 0.0811763 0.0841747 0.0791834 
S0026_G6373_R1_A 0.2053646 0.1237657 0.0690492 0.0770204 0.0679127 0.0799447 0.0886412 0.0737327 0.0855963 0.1095278 0.0841259 0.0790734 0.0904626 0.0000000 0.0927070 0.0639289 0.0815810 0.1103590 0.0983273 0.0977640 0.0938836 0.0844810 0.0806542 
S0013_G6373_R1_A 0.2208903 0.1161181 0.0685531 0.0746168 0.0669371 0.0821443 0.0857438 0.0739060 0.0879904 0.1075962 0.0788096 0.0825337 0.0824203 0.0927070 0.0000000 0.0650683 0.0844206 0.1078127 0.0910168 0.0910803 0.0913251 0.0897951 0.0858801 
S0036_G6373_R1_A 0.1919610 0.0844739 0.0427799 0.0577884 0.0356962 0.0490074 0.0601220 0.0481272 0.0607813 0.0778382 0.0548657 0.0607464 0.0561385 0.0639289 0.0650683 0.0000000 0.0620996 0.0728164 0.0702234 0.0716952 0.0568957 0.0576280 0.0624899 
S0021_G6373_R2_A 0.1995895 0.1152686 0.0609556 0.0716733 0.0618283 0.0690095 0.0783984 0.0703606 0.0784457 0.0962851 0.0718437 0.0738610 0.0794253 0.0815810 0.0844206 0.0620996 0.0000000 0.0987370 0.0892523 0.0887303 0.0883818 0.0832787 0.0230234 
S0037_G6373_R1_A 0.2283526 0.1344198 0.0846332 0.1010178 0.0792315 0.0898281 0.0815921 0.0851242 0.0986185 0.0870467 0.0637034 0.0978704 0.1025402 0.1103590 0.1078127 0.0728164 0.0987370 0.0000000 0.1045778 0.1040257 0.0970615 0.0902033 0.0985113 
S0048_G6373_R1_A 0.2136076 0.1099786 0.0714861 0.0864352 0.0724430 0.0805332 0.0848891 0.0790004 0.0893470 0.1051053 0.0782970 0.0878773 0.0871442 0.0983273 0.0910168 0.0702234 0.0892523 0.1045778 0.0000000 0.0149912 0.0934001 0.0900308 0.0902717 
S0050_G6373_R1_A 0.2146414 0.1113702 0.0721148 0.0883690 0.0736159 0.0817982 0.0860959 0.0801889 0.0911907 0.1045565 0.0783513 0.0886080 0.0896064 0.0977640 0.0910803 0.0716952 0.0887303 0.1040257 0.0149912 0.0000000 0.0929171 0.0900907 0.0909903 
S0022_G6373_R1_A 0.2206603 0.1136598 0.0586998 0.0796097 0.0641420 0.0722701 0.0795215 0.0701534 0.0772050 0.0933129 0.0635341 0.0851231 0.0811763 0.0938836 0.0913251 0.0568957 0.0883818 0.0970615 0.0934001 0.0929171 0.0000000 0.0748800 0.0862633 
S0017_G6373_R1_A 0.2095290 0.1155844 0.0642935 0.0831522 0.0643965 0.0655470 0.0754431 0.0729247 0.0769153 0.0929532 0.0641718 0.0855673 0.0841747 0.0844810 0.0897951 0.0576280 0.0832787 0.0902033 0.0900308 0.0900907 0.0748800 0.0000000 0.0828923 
S0021_G6373_R1_A 0.2004185 0.1142413 0.0601836 0.0707748 0.0610923 0.0681898 0.0787137 0.0689807 0.0811340 0.0959177 0.0727408 0.0748249 0.0791834 0.0806542 0.0858801 0.0624899 0.0230234 0.0985113 0.0902717 0.0909903 0.0862633 0.0828923 0.0000000 
