26
S0036_G6376_R1_A 0.0000000 0.0517192 0.0468813 0.0411357 0.0434819 0.0633505 0.0581337 0.0709595 0.0726893 0.0676130 0.0618714 0.0665957 0.0495578 0.0699656 0.0693794 0.0773149 0.0694680 0.0797343 0.0716148 0.0894712 0.0851357 0.0958603 0.2017587 0.1975208 0.1339697 0.2566427 
S0002_G6376_R1_A 0.0517192 0.0000000 0.0475142 0.0451787 0.0453414 0.0689612 0.0625317 0.0728445 0.0783125 0.0674723 0.0643339 0.0671856 0.0586295 0.0728125 0.0739405 0.0828756 0.0750635 0.0862673 0.0730803 0.0984132 0.0853335 0.0945283 0.2082073 0.2004468 0.1607943 0.2604126 
S0011_G6376_R1_A 0.0468813 0.0475142 0.0000000 0.0372394 0.0430693 0.0643364 0.0612499 0.0714424 0.0727998 0.0717782 0.0636301 0.0674382 0.0536428 0.0702360 0.0691490 0.0758070 0.0718050 0.0808848 0.0756060 0.0943668 0.0808487 0.0904301 0.2029080 0.1994439 0.1579114 0.2613885 
S0019_G6376_R1_A 0.0411357 0.0451787 0.0372394 0.0000000 0.0267210 0.0540684 0.0501552 0.0620222 0.0651132 0.0585099 0.0543807 0.0568788 0.0455563 0.0635804 0.0608509 0.0680646 0.0639452 0.0721869 0.0626527 0.0810315 0.0716148 0.0812270 0.1994954 0.1949497 0.1502624 0.2503361 
S0020_G6376_R1_A 0.0434819 0.0453414 0.0430693 0.0267210 0.0000000 0.0594820 0.0563542 0.0642013 0.0701744 0.0641357 0.0577048 0.0619812 0.0483366 0.0652889 0.0636754 0.0714465 0.0685364 0.0740808 0.0664977 0.0910436 0.0764641 0.0843801 0.1943246 0.1914096 0.1523837 0.2493794 
S0017_G6376_R1_A 0.0633505 0.0689612 0.0643364 0.0540684 0.0594820 0.0000000 0.0672839 0.0774815 0.0799819 0.0734038 0.0674666 0.0724434 0.0587873 0.0806867 0.0763003 0.0867634 0.0746893 0.0863021 0.0805262 0.0975588 0.0913770 0.1022815 0.2060266 0.2033729 0.1636690 0.2634927 
S0046_G6376_R1_A 0.0581337 0.0625317 0.0612499 0.0501552 0.0563542 0.0672839 0.0000000 0.0710994 0.0736968 0.0735869 0.0676621 0.0704668 0.0524058 0.0733243 0.0716604 0.0815998 0.0756104 0.0848999 0.0735496 0.0973232 0.0850751 0.0948123 0.2066291 0.2054068 0.1596522 0.2661198 
S0022_G6376_R1_A 0.0709595 0.0728445 0.0714424 0.0620222 0.0642013 0.0774815 0.0710994 0.0000000 0.0771396 0.0839913 0.0790399 0.0808800 0.0658342 0.0824887 0.0802429 0.0864299 0.0798750 0.0963875 0.0846707 0.1110961 0.0945674 0.1051136 0.2217446 0.2190480 0.1659087 0.2750072 
S0030_G6376_R1_A 0.0726893 0.0783125 0.0727998 0.0651132 0.0701744 0.0799819 0.0736968 0.0771396 0.0000000 0.0881955 0.0804785 0.0840805 0.0673006 0.0823092 0.0801194 0.0850487 0.0900955 0.0988692 0.0890108 0.1110553 0.0897845 0.1008552 0.2227994 0.2194623 0.1231524 0.2314068 
S0018_G6376_R1_A 0.0676130 0.0674723 0.0717782 0.0585099 0.0641357 0.0734038 0.0735869 0.0839913 0.0881955 0.0000000 0.0414192 0.0817621 0.0661930 0.0879321 0.0856923 0.0922649 0.0800196 0.0830998 0.0854503 0.1047516 0.0917276 0.1014787 0.2259215 0.2223549 0.1714058 0.2814589 
S0031_G6376_R1_A 0.0618714 0.0643339 0.0636301 0.0543807 0.0577048 0.0674666 0.0676621 0.0790399 0.0804785 0.0414192 0.0000000 0.0722414 0.0580306 0.0772883 0.0745424 0.0810842 0.0693944 0.0752771 0.0792842 0.0961918 0.0912702 0.1016447 0.2062662 0.2037454 0.1664425 0.2658381 
S0016_G6376_R1_A 0.0665957 0.0671856 0.0674382 0.0568788 0.0619812 0.0724434 0.0704668 0.0808800 0.0840805 0.0817621 0.0722414 0.0000000 0.0594446 0.0808036 0.0767678 0.0863404 0.0825440 0.0910605 0.0823956 0.1025346 0.0896318 0.0970269 0.2150292 0.2117040 0.1730895 0.2761113 
S0028_G6376_R1_A 0.0495578 0.0586295 0.0536428 0.0455563 0.0483366 0.0587873 0.0524058 0.0658342 0.0673006 0.0661930 0.0580306 0.0594446 0.0000000 0.0606906 0.0591160 0.0646454 0.0635694 0.0762399 0.0648056 0.0867712 0.0769766 0.0830315 0.1936332 0.1913635 0.1566682 0.2571862 
S0021_G6376_R1_A 0.0699656 0.0728125 0.0702360 0.0635804 0.0652889 0.0806867 0.0733243 0.0824887 0.0823092 0.0879321 0.0772883 0.0808036 0.0606906 0.0000000 0.0208078 0.0683081 0.0836385 0.0962322 0.0809654 0.1137418 0.0912755 0.0998400 0.1991235 0.1960364 0.1594139 0.2625560 
S0021_G6376_R2_A 0.0693794 0.0739405 0.0691490 0.0608509 0.0636754 0.0763003 0.0716604 0.0802429 0.0801194 0.0856923 0.0745424 0.0767678 0.0591160 0.0208078 0.0000000 0.0672240 0.0791378 0.0950578 0.0801117 0.1107615 0.0876335 0.0955779 0.1952808 0.1930833 0.1589198 0.2673791 
S0026_G6376_R1_A 0.0773149 0.0828756 0.0758070 0.0680646 0.0714465 0.0867634 0.0815998 0.0864299 0.0850487 0.0922649 0.0810842 0.0863404 0.0646454 0.0683081 0.0672240 0.0000000 0.0924947 0.1035061 0.0878893 0.1082449 0.0972999 0.1071236 0.2034757 0.2018614 0.1704973 0.2685863 
S0004_G6376_R1_A 0.0694680 0.0750635 0.0718050 0.0639452 0.0685364 0.0746893 0.0756104 0.0798750 0.0900955 0.0800196 0.0693944 0.0825440 0.0635694 0.0836385 0.0791378 0.0924947 0.0000000 0.0948600 0.0824016 0.1073928 0.0988832 0.1057509 0.2087006 0.2046742 0.1756326 0.2854981 
S0037_G6376_R1_A 0.0797343 0.0862673 0.0808848 0.0721869 0.0740808 0.0863021 0.0848999 0.0963875 0.0988692 0.0830998 0.0752771 0.0910605 0.0762399 0.0962322 0.0950578 0.1035061 0.0948600 0.0000000 0.0960560 0.1192530 0.1018038 0.1124735 0.2295594 0.2296042 0.1826078 0.2849139 
S0013_G6376_R1_A 0.0716148 0.0730803 0.0756060 0.0626527 0.0664977 0.0805262 0.0735496 0.0846707 0.0890108 0.0854503 0.0792842 0.0823956 0.0648056 0.0809654 0.0801117 0.0878893 0.0824016 0.0960560 0.0000000 0.1124471 0.0968580 0.1075319 0.2147371 0.2099361 0.1755941 0.2707443 
S0012_G6376_R1_A 0.0894712 0.0984132 0.0943668 0.0810315 0.0910436 0.0975588 0.0973232 0.1110961 0.1110553 0.1047516 0.0961918 0.1025346 0.0867712 0.1137418 0.1107615 0.1082449 0.1073928 0.1192530 0.1124471 0.0000000 0.1233578 0.1341937 0.2478847 0.2415955 0.1957644 0.2983284 
S0048_G6376_R1_A 0.0851357 0.0853335 0.0808487 0.0716148 0.0764641 0.0913770 0.0850751 0.0945674 0.0897845 0.0917276 0.0912702 0.0896318 0.0769766 0.0912755 0.0876335 0.0972999 0.0988832 0.1018038 0.0968580 0.1233578 0.0000000 0.0268900 0.2255170 0.2242591 0.1783277 0.3073062 
S0050_G6376_R1_A 0.0958603 0.0945283 0.0904301 0.0812270 0.0843801 0.1022815 0.0948123 0.1051136 0.1008552 0.1014787 0.1016447 0.0970269 0.0830315 0.0998400 0.0955779 0.1071236 0.1057509 0.1124735 0.1075319 0.1341937 0.0268900 0.0000000 0.2368777 0.2338817 0.1899027 0.3178889 
S0005_G6376_R1_A 0.2017587 0.2082073 0.2029080 0.1994954 0.1943246 0.2060266 0.2066291 0.2217446 0.2227994 0.2259215 0.2062662 0.2150292 0.1936332 0.1991235 0.1952808 0.2034757 0.2087006 0.2295594 0.2147371 0.2478847 0.2255170 0.2368777 0.0000000 0.0218690 0.3056659 0.4183475 
S0005_G6376_R2_A 0.1975208 0.2004468 0.1994439 0.1949497 0.1914096 0.2033729 0.2054068 0.2190480 0.2194623 0.2223549 0.2037454 0.2117040 0.1913635 0.1960364 0.1930833 0.2018614 0.2046742 0.2296042 0.2099361 0.2415955 0.2242591 0.2338817 0.0218690 0.0000000 0.3005251 0.4078073 
S0030_G6376_R2_A 0.1339697 0.1607943 0.1579114 0.1502624 0.1523837 0.1636690 0.1596522 0.1659087 0.1231524 0.1714058 0.1664425 0.1730895 0.1566682 0.1594139 0.1589198 0.1704973 0.1756326 0.1826078 0.1755941 0.1957644 0.1783277 0.1899027 0.3056659 0.3005251 0.0000000 0.1695775 
S0030_G6376_R3_A 0.2566427 0.2604126 0.2613885 0.2503361 0.2493794 0.2634927 0.2661198 0.2750072 0.2314068 0.2814589 0.2658381 0.2761113 0.2571862 0.2625560 0.2673791 0.2685863 0.2854981 0.2849139 0.2707443 0.2983284 0.3073062 0.3178889 0.4183475 0.4078073 0.1695775 0.0000000 
