23
S0012_G6389_R1_A 0.0000000 0.1252467 0.1293887 0.1230955 0.1348295 0.1268870 0.1369129 0.1274550 0.1161076 0.1176465 0.1297941 0.1262315 0.1185939 0.1370097 0.1275280 0.1245426 0.1298939 0.1362507 0.1254478 0.1273525 0.1310142 0.1406236 0.2320822 
S0021_G6389_R1_A 0.1252467 0.0000000 0.0217974 0.0746137 0.0710731 0.0785644 0.0836111 0.0787172 0.0592811 0.0642740 0.0901440 0.0773144 0.0809602 0.0902302 0.0735616 0.0880138 0.0977797 0.1002393 0.0902548 0.0902865 0.0784125 0.1010910 0.1845965 
S0021_G6389_R2_A 0.1293887 0.0217974 0.0000000 0.0751708 0.0709610 0.0802248 0.0835007 0.0804182 0.0569587 0.0631059 0.0876557 0.0760561 0.0803844 0.0882756 0.0716986 0.0860593 0.1000250 0.1018641 0.0901426 0.0889564 0.0793866 0.1009269 0.1866417 
S0002_G6389_R1_A 0.1230955 0.0746137 0.0751708 0.0000000 0.0482820 0.0565382 0.0599452 0.0535250 0.0654868 0.0693481 0.0826267 0.0716038 0.0710650 0.0826646 0.0682085 0.0845972 0.0934719 0.0964425 0.0825109 0.0903289 0.0748042 0.0941563 0.1990017 
S0020_G6389_R1_A 0.1348295 0.0710731 0.0709610 0.0482820 0.0000000 0.0413076 0.0571376 0.0546319 0.0602775 0.0641386 0.0760563 0.0657370 0.0668969 0.0766156 0.0663580 0.0786297 0.0931744 0.0931942 0.0842125 0.0836209 0.0699425 0.0903019 0.1924404 
S0019_G6389_R1_A 0.1268870 0.0785644 0.0802248 0.0565382 0.0413076 0.0000000 0.0643102 0.0583083 0.0693027 0.0737843 0.0859610 0.0754951 0.0743449 0.0873338 0.0771671 0.0892647 0.1004499 0.1018328 0.0890911 0.0933530 0.0788047 0.0953039 0.1999245 
S0011_G6389_R1_A 0.1369129 0.0836111 0.0835007 0.0599452 0.0571376 0.0643102 0.0000000 0.0590479 0.0726845 0.0765281 0.0921930 0.0793389 0.0766166 0.0909865 0.0751170 0.0924550 0.1022595 0.1023452 0.0893378 0.0927895 0.0797792 0.1019819 0.2088360 
S0036_G6389_R1_A 0.1274550 0.0787172 0.0804182 0.0535250 0.0546319 0.0583083 0.0590479 0.0000000 0.0661653 0.0694875 0.0855887 0.0710784 0.0677998 0.0873155 0.0718656 0.0864445 0.0987129 0.1011561 0.0855275 0.0896286 0.0737852 0.0963342 0.2040915 
S0026_G6389_R1_A 0.1161076 0.0592811 0.0569587 0.0654868 0.0602775 0.0693027 0.0726845 0.0661653 0.0000000 0.0487001 0.0727447 0.0592788 0.0694750 0.0779172 0.0587728 0.0752165 0.0895241 0.0889327 0.0813993 0.0765902 0.0713720 0.0897429 0.1793460 
S0028_G6389_R1_A 0.1176465 0.0642740 0.0631059 0.0693481 0.0641386 0.0737843 0.0765281 0.0694875 0.0487001 0.0000000 0.0777534 0.0669983 0.0705137 0.0812278 0.0622664 0.0783467 0.0942404 0.0948556 0.0812963 0.0830088 0.0747179 0.0921230 0.1869660 
S0018_G6389_R1_A 0.1297941 0.0901440 0.0876557 0.0826267 0.0760563 0.0859610 0.0921930 0.0855887 0.0727447 0.0777534 0.0000000 0.0397068 0.0897787 0.0881751 0.0728966 0.0959942 0.1066347 0.1060930 0.1009660 0.0991152 0.0949137 0.0770098 0.2076724 
S0031_G6389_R1_A 0.1262315 0.0773144 0.0760561 0.0716038 0.0657370 0.0754951 0.0793389 0.0710784 0.0592788 0.0669983 0.0397068 0.0000000 0.0773997 0.0747443 0.0581686 0.0837370 0.0958733 0.0953284 0.0859255 0.0858519 0.0835303 0.0676642 0.1918401 
S0030_G6389_R1_A 0.1185939 0.0809602 0.0803844 0.0710650 0.0668969 0.0743449 0.0766166 0.0677998 0.0694750 0.0705137 0.0897787 0.0773997 0.0000000 0.0928253 0.0772807 0.0868065 0.1048703 0.1044049 0.0929438 0.0984763 0.0706973 0.1026361 0.1997066 
S0004_G6389_R1_A 0.1370097 0.0902302 0.0882756 0.0826646 0.0766156 0.0873338 0.0909865 0.0873155 0.0779172 0.0812278 0.0881751 0.0747443 0.0928253 0.0000000 0.0714456 0.0962089 0.1068300 0.1075350 0.0974973 0.1004423 0.0942936 0.1039610 0.2095237 
S0016_G6389_R1_A 0.1275280 0.0735616 0.0716986 0.0682085 0.0663580 0.0771671 0.0751170 0.0718656 0.0587728 0.0622664 0.0728966 0.0581686 0.0772807 0.0714456 0.0000000 0.0808893 0.0910050 0.0904199 0.0830472 0.0832808 0.0817353 0.0881111 0.1859246 
S0013_G6389_R1_A 0.1245426 0.0880138 0.0860593 0.0845972 0.0786297 0.0892647 0.0924550 0.0864445 0.0752165 0.0783467 0.0959942 0.0837370 0.0868065 0.0962089 0.0808893 0.0000000 0.1027143 0.1027927 0.1010786 0.0987814 0.0912903 0.1122692 0.2094646 
S0048_G6389_R1_A 0.1298939 0.0977797 0.1000250 0.0934719 0.0931744 0.1004499 0.1022595 0.0987129 0.0895241 0.0942404 0.1066347 0.0958733 0.1048703 0.1068300 0.0910050 0.1027143 0.0000000 0.0172273 0.1101865 0.1094994 0.1070566 0.1271847 0.2293856 
S0050_G6389_R1_A 0.1362507 0.1002393 0.1018641 0.0964425 0.0931942 0.1018328 0.1023452 0.1011561 0.0889327 0.0948556 0.1060930 0.0953284 0.1044049 0.1075350 0.0904199 0.1027927 0.0172273 0.0000000 0.1096604 0.1096266 0.1077715 0.1260195 0.2273953 
S0017_G6389_R1_A 0.1254478 0.0902548 0.0901426 0.0825109 0.0842125 0.0890911 0.0893378 0.0855275 0.0813993 0.0812963 0.1009660 0.0859255 0.0929438 0.0974973 0.0830472 0.1010786 0.1101865 0.1096604 0.0000000 0.1030784 0.0931286 0.1125341 0.2093663 
S0046_G6389_R1_A 0.1273525 0.0902865 0.0889564 0.0903289 0.0836209 0.0933530 0.0927895 0.0896286 0.0765902 0.0830088 0.0991152 0.0858519 0.0984763 0.1004423 0.0832808 0.0987814 0.1094994 0.1096266 0.1030784 0.0000000 0.1032235 0.1117121 0.2080724 
S0022_G6389_R1_A 0.1310142 0.0784125 0.0793866 0.0748042 0.0699425 0.0788047 0.0797792 0.0737852 0.0713720 0.0747179 0.0949137 0.0835303 0.0706973 0.0942936 0.0817353 0.0912903 0.1070566 0.1077715 0.0931286 0.1032235 0.0000000 0.1037703 0.2060549 
S0037_G6389_R1_A 0.1406236 0.1010910 0.1009269 0.0941563 0.0903019 0.0953039 0.1019819 0.0963342 0.0897429 0.0921230 0.0770098 0.0676642 0.1026361 0.1039610 0.0881111 0.1122692 0.1271847 0.1260195 0.1125341 0.1117121 0.1037703 0.0000000 0.2178010 
S0005_G6389_R1_A 0.2320822 0.1845965 0.1866417 0.1990017 0.1924404 0.1999245 0.2088360 0.2040915 0.1793460 0.1869660 0.2076724 0.1918401 0.1997066 0.2095237 0.1859246 0.2094646 0.2293856 0.2273953 0.2093663 0.2080724 0.2060549 0.2178010 0.0000000 
