22
S0019_G6406_R1_A 0.0000000 0.0282261 0.0526136 0.0588636 0.0365139 0.0576870 0.0516227 0.0560582 0.0580011 0.0553454 0.0534221 0.0619152 0.0817378 0.0715779 0.0767043 0.0772992 0.0666749 0.0773658 0.0527851 0.1086651 0.0976937 0.1888532 
S0020_G6406_R1_A 0.0282261 0.0000000 0.0568753 0.0621006 0.0399894 0.0609185 0.0514335 0.0581984 0.0607378 0.0557866 0.0544218 0.0668507 0.0829572 0.0732069 0.0768890 0.0780537 0.0713053 0.0779934 0.0555709 0.1156501 0.1014124 0.1907114 
S0030_G6406_R1_A 0.0526136 0.0568753 0.0000000 0.0667360 0.0523688 0.0667412 0.0621864 0.0636375 0.0655760 0.0615117 0.0628413 0.0671002 0.0876329 0.0797351 0.0861813 0.0866875 0.0739547 0.0816335 0.0586047 0.1187052 0.1088463 0.2039239 
S0016_G6406_R1_A 0.0588636 0.0621006 0.0667360 0.0000000 0.0569606 0.0725168 0.0640990 0.0674175 0.0702327 0.0628449 0.0675302 0.0710555 0.0894926 0.0863539 0.0920677 0.0926121 0.0811401 0.0880407 0.0618467 0.1198384 0.1163592 0.2088469 
S0036_G6406_R1_A 0.0365139 0.0399894 0.0523688 0.0569606 0.0000000 0.0569678 0.0507926 0.0525356 0.0572380 0.0517956 0.0521378 0.0618578 0.0771342 0.0738566 0.0781076 0.0780802 0.0660108 0.0712045 0.0508406 0.1073487 0.0993096 0.1933451 
S0046_G6406_R1_A 0.0576870 0.0609185 0.0667412 0.0725168 0.0569678 0.0000000 0.0640430 0.0675002 0.0750698 0.0690579 0.0680704 0.0734894 0.0944730 0.0831415 0.0899627 0.0911992 0.0836480 0.0906126 0.0647490 0.1169760 0.1136116 0.2041518 
S0002_G6406_R1_A 0.0516227 0.0514335 0.0621864 0.0640990 0.0507926 0.0640430 0.0000000 0.0601495 0.0668482 0.0622397 0.0581362 0.0683494 0.0881208 0.0783665 0.0849192 0.0860428 0.0733232 0.0825574 0.0559224 0.1177544 0.1127773 0.1993002 
S0028_G6406_R1_A 0.0560582 0.0581984 0.0636375 0.0674175 0.0525356 0.0675002 0.0601495 0.0000000 0.0673764 0.0633651 0.0646470 0.0672591 0.0882896 0.0657216 0.0867159 0.0872313 0.0746441 0.0833695 0.0605242 0.1173734 0.0956122 0.1908113 
S0013_G6406_R1_A 0.0580011 0.0607378 0.0655760 0.0702327 0.0572380 0.0750698 0.0668482 0.0673764 0.0000000 0.0718829 0.0698510 0.0723990 0.0920746 0.0894352 0.0827849 0.0821755 0.0762336 0.0886133 0.0628585 0.1140357 0.1190491 0.2056035 
S0004_G6406_R1_A 0.0553454 0.0557866 0.0615117 0.0628449 0.0517956 0.0690579 0.0622397 0.0633651 0.0718829 0.0000000 0.0657166 0.0698370 0.0917947 0.0768628 0.0878474 0.0855518 0.0780737 0.0839598 0.0598667 0.1224521 0.1065074 0.1991160 
S0011_G6406_R1_A 0.0534221 0.0544218 0.0628413 0.0675302 0.0521378 0.0680704 0.0581362 0.0646470 0.0698510 0.0657166 0.0000000 0.0705714 0.0872473 0.0869712 0.0885772 0.0908792 0.0769565 0.0852884 0.0584126 0.1242102 0.1137869 0.2072756 
S0031_G6406_R1_A 0.0619152 0.0668507 0.0671002 0.0710555 0.0618578 0.0734894 0.0683494 0.0672591 0.0723990 0.0698370 0.0705714 0.0000000 0.0752849 0.0879449 0.0968510 0.0973908 0.0523420 0.0884377 0.0667607 0.1269356 0.1141876 0.2103686 
S0037_G6406_R1_A 0.0817378 0.0829572 0.0876329 0.0894926 0.0771342 0.0944730 0.0881208 0.0882896 0.0920746 0.0917947 0.0872473 0.0752849 0.0000000 0.1067316 0.1131283 0.1161399 0.0811767 0.1120526 0.0841164 0.1463111 0.1313248 0.2290933 
S0021_G6406_R1_A 0.0715779 0.0732069 0.0797351 0.0863539 0.0738566 0.0831415 0.0783665 0.0657216 0.0894352 0.0768628 0.0869712 0.0879449 0.1067316 0.0000000 0.1091389 0.1090054 0.0924482 0.1048603 0.0788360 0.1359424 0.1156544 0.1984102 
S0048_G6406_R1_A 0.0767043 0.0768890 0.0861813 0.0920677 0.0781076 0.0899627 0.0849192 0.0867159 0.0827849 0.0878474 0.0885772 0.0968510 0.1131283 0.1091389 0.0000000 0.0177035 0.1009932 0.1101313 0.0788485 0.1321115 0.1300861 0.2282529 
S0050_G6406_R1_A 0.0772992 0.0780537 0.0866875 0.0926121 0.0780802 0.0911992 0.0860428 0.0872313 0.0821755 0.0855518 0.0908792 0.0973908 0.1161399 0.1090054 0.0177035 0.0000000 0.0997500 0.1106827 0.0794440 0.1332998 0.1339984 0.2283623 
S0018_G6406_R1_A 0.0666749 0.0713053 0.0739547 0.0811401 0.0660108 0.0836480 0.0733232 0.0746441 0.0762336 0.0780737 0.0769565 0.0523420 0.0811767 0.0924482 0.1009932 0.0997500 0.0000000 0.0985548 0.0751357 0.1261117 0.1302821 0.2135354 
S0017_G6406_R1_A 0.0773658 0.0779934 0.0816335 0.0880407 0.0712045 0.0906126 0.0825574 0.0833695 0.0886133 0.0839598 0.0852884 0.0884377 0.1120526 0.1048603 0.1101313 0.1106827 0.0985548 0.0000000 0.0790812 0.1397602 0.1237146 0.2198035 
S0022_G6406_R1_A 0.0527851 0.0555709 0.0586047 0.0618467 0.0508406 0.0647490 0.0559224 0.0605242 0.0628585 0.0598667 0.0584126 0.0667607 0.0841164 0.0788360 0.0788485 0.0794440 0.0751357 0.0790812 0.0000000 0.1145121 0.0901628 0.1989622 
S0012_G6406_R1_A 0.1086651 0.1156501 0.1187052 0.1198384 0.1073487 0.1169760 0.1177544 0.1173734 0.1140357 0.1224521 0.1242102 0.1269356 0.1463111 0.1359424 0.1321115 0.1332998 0.1261117 0.1397602 0.1145121 0.0000000 0.1586785 0.2491248 
S0026_G6406_R1_A 0.0976937 0.1014124 0.1088463 0.1163592 0.0993096 0.1136116 0.1127773 0.0956122 0.1190491 0.1065074 0.1137869 0.1141876 0.1313248 0.1156544 0.1300861 0.1339984 0.1302821 0.1237146 0.0901628 0.1586785 0.0000000 0.2178809 
S0005_G6406_R1_A 0.1888532 0.1907114 0.2039239 0.2088469 0.1933451 0.2041518 0.1993002 0.1908113 0.2056035 0.1991160 0.2072756 0.2103686 0.2290933 0.1984102 0.2282529 0.2283623 0.2135354 0.2198035 0.1989622 0.2491248 0.2178809 0.0000000 
