23
S0021_G6412_R1_A 0.0000000 0.0198200 0.0825576 0.1218016 0.0596702 0.0814397 0.0764080 0.0698482 0.0782251 0.0682648 0.0842272 0.0807409 0.0709022 0.0739362 0.0996882 0.1076948 0.2938658 0.1355915 0.0958772 0.0900862 0.0807678 0.1431793 0.2343914 
S0021_G6412_R2_A 0.0198200 0.0000000 0.0836843 0.1261607 0.0601508 0.0810351 0.0755334 0.0676774 0.0774055 0.0654696 0.0853513 0.0778822 0.0720204 0.0756723 0.0959659 0.1081619 0.2934678 0.1400129 0.0912513 0.0849071 0.0812396 0.1480742 0.2373356 
S0031_G6412_R1_A 0.0825576 0.0836843 0.0000000 0.0707043 0.0801325 0.0667796 0.0730106 0.0813633 0.0997987 0.0796979 0.1000867 0.0899942 0.0782449 0.0873652 0.1170797 0.0857260 0.3010056 0.1597738 0.1135581 0.1098070 0.0890565 0.1456590 0.2527295 
S0018_G6412_R1_A 0.1218016 0.1261607 0.0707043 0.0000000 0.1264193 0.1018521 0.1088923 0.1185772 0.1285973 0.1179741 0.1309700 0.1168459 0.1148910 0.1211623 0.1448812 0.1240066 0.3408248 0.1756595 0.1499084 0.1409901 0.1225510 0.1605564 0.2899239 
S0028_G6412_R1_A 0.0596702 0.0601508 0.0801325 0.1264193 0.0000000 0.0739665 0.0765890 0.0661425 0.0753988 0.0632498 0.0782231 0.0750024 0.0658086 0.0696068 0.0975824 0.1048478 0.2853402 0.1343711 0.0931008 0.0881659 0.0741237 0.1395853 0.2379978 
S0004_G6412_R1_A 0.0814397 0.0810351 0.0667796 0.1018521 0.0739665 0.0000000 0.0660854 0.0833824 0.0931138 0.0789172 0.0878999 0.0938465 0.0759445 0.0818808 0.1167235 0.0929323 0.3078836 0.1526672 0.1048122 0.1062716 0.0940338 0.1224971 0.2460341 
S0016_G6412_R1_A 0.0764080 0.0755334 0.0730106 0.1088923 0.0765890 0.0660854 0.0000000 0.0737722 0.0892101 0.0680954 0.0858930 0.0805907 0.0721706 0.0790831 0.1062954 0.0962631 0.2930617 0.1541704 0.1067866 0.1002014 0.0851232 0.1370322 0.2409314 
S0020_G6412_R1_A 0.0698482 0.0676774 0.0813633 0.1185772 0.0661425 0.0833824 0.0737722 0.0000000 0.0811586 0.0445223 0.0829328 0.0720685 0.0719607 0.0738421 0.0975394 0.1064973 0.2824331 0.1459170 0.0955221 0.0903770 0.0767417 0.1414187 0.2317776 
S0026_G6412_R1_A 0.0782251 0.0774055 0.0997987 0.1285973 0.0753988 0.0931138 0.0892101 0.0811586 0.0000000 0.0775983 0.0959886 0.0861788 0.0888385 0.0901248 0.1005544 0.1232302 0.3064430 0.1499649 0.1058857 0.1014437 0.0873156 0.1536529 0.2442244 
S0019_G6412_R1_A 0.0682648 0.0654696 0.0796979 0.1179741 0.0632498 0.0789172 0.0680954 0.0445223 0.0775983 0.0000000 0.0772865 0.0658274 0.0682906 0.0663263 0.0899560 0.1049253 0.2885000 0.1378367 0.0900903 0.0857408 0.0727349 0.1327328 0.2343471 
S0017_G6412_R1_A 0.0842272 0.0853513 0.1000867 0.1309700 0.0782231 0.0878999 0.0858930 0.0829328 0.0959886 0.0772865 0.0000000 0.0905615 0.0835777 0.0835277 0.1073530 0.1280157 0.3124287 0.1533590 0.1115287 0.1047939 0.0965020 0.1512137 0.2489101 
S0036_G6412_R1_A 0.0807409 0.0778822 0.0899942 0.1168459 0.0750024 0.0938465 0.0805907 0.0720685 0.0861788 0.0658274 0.0905615 0.0000000 0.0819872 0.0841322 0.0955462 0.1146463 0.2751297 0.1500430 0.0944251 0.0900810 0.0684088 0.1490893 0.2454505 
S0030_G6412_R1_A 0.0709022 0.0720204 0.0782449 0.1148910 0.0658086 0.0759445 0.0721706 0.0719607 0.0888385 0.0682906 0.0835777 0.0819872 0.0000000 0.0737529 0.1054576 0.1004492 0.2941199 0.1479766 0.0997950 0.0931859 0.0856500 0.1230307 0.2355473 
S0046_G6412_R1_A 0.0739362 0.0756723 0.0873652 0.1211623 0.0696068 0.0818808 0.0790831 0.0738421 0.0901248 0.0663263 0.0835277 0.0841322 0.0737529 0.0000000 0.1035773 0.1087542 0.2937038 0.1503363 0.1047602 0.0990084 0.0849707 0.1420449 0.2392268 
S0013_G6412_R1_A 0.0996882 0.0959659 0.1170797 0.1448812 0.0975824 0.1167235 0.1062954 0.0975394 0.1005544 0.0899560 0.1073530 0.0955462 0.1054576 0.1035773 0.0000000 0.1388848 0.3125690 0.1560780 0.0961103 0.0924910 0.0968047 0.1700107 0.2675060 
S0037_G6412_R1_A 0.1076948 0.1081619 0.0857260 0.1240066 0.1048478 0.0929323 0.0962631 0.1064973 0.1232302 0.1049253 0.1280157 0.1146463 0.1004492 0.1087542 0.1388848 0.0000000 0.3270490 0.1828742 0.1287388 0.1255308 0.1215616 0.1744245 0.2672441 
S0002_G6412_R1_A 0.2938658 0.2934678 0.3010056 0.3408248 0.2853402 0.3078836 0.2930617 0.2824331 0.3064430 0.2885000 0.3124287 0.2751297 0.2941199 0.2937038 0.3125690 0.3270490 0.0000000 0.3739453 0.3217552 0.3140558 0.2255735 0.3966501 0.5086650 
S0012_G6412_R1_A 0.1355915 0.1400129 0.1597738 0.1756595 0.1343711 0.1526672 0.1541704 0.1459170 0.1499649 0.1378367 0.1533590 0.1500430 0.1479766 0.1503363 0.1560780 0.1828742 0.3739453 0.0000000 0.1562157 0.1464383 0.1437276 0.2002772 0.3062553 
S0048_G6412_R1_A 0.0958772 0.0912513 0.1135581 0.1499084 0.0931008 0.1048122 0.1067866 0.0955221 0.1058857 0.0900903 0.1115287 0.0944251 0.0997950 0.1047602 0.0961103 0.1287388 0.3217552 0.1562157 0.0000000 0.0214781 0.1007533 0.1704146 0.2473574 
S0050_G6412_R1_A 0.0900862 0.0849071 0.1098070 0.1409901 0.0881659 0.1062716 0.1002014 0.0903770 0.1014437 0.0857408 0.1047939 0.0900810 0.0931859 0.0990084 0.0924910 0.1255308 0.3140558 0.1464383 0.0214781 0.0000000 0.0926731 0.1686557 0.2471950 
S0011_G6412_R1_A 0.0807678 0.0812396 0.0890565 0.1225510 0.0741237 0.0940338 0.0851232 0.0767417 0.0873156 0.0727349 0.0965020 0.0684088 0.0856500 0.0849707 0.0968047 0.1215616 0.2255735 0.1437276 0.1007533 0.0926731 0.0000000 0.1548107 0.2698969 
S0022_G6412_R1_A 0.1431793 0.1480742 0.1456590 0.1605564 0.1395853 0.1224971 0.1370322 0.1414187 0.1536529 0.1327328 0.1512137 0.1490893 0.1230307 0.1420449 0.1700107 0.1744245 0.3966501 0.2002772 0.1704146 0.1686557 0.1548107 0.0000000 0.2913893 
S0005_G6412_R1_A 0.2343914 0.2373356 0.2527295 0.2899239 0.2379978 0.2460341 0.2409314 0.2317776 0.2442244 0.2343471 0.2489101 0.2454505 0.2355473 0.2392268 0.2675060 0.2672441 0.5086650 0.3062553 0.2473574 0.2471950 0.2698969 0.2913893 0.0000000 
