24
S0048_G6439_R1_A 0.0000000 0.0202165 0.1016606 0.1043499 0.0983047 0.1188307 0.0999888 0.1080374 0.0933778 0.1106454 0.0934824 0.0929206 0.1002990 0.0990824 0.0920307 0.1086930 0.1106600 0.1185643 0.1037802 0.0972539 0.1145813 0.1130838 0.1564241 0.2606182 
S0050_G6439_R1_A 0.0202165 0.0000000 0.1047136 0.1049522 0.1019272 0.1178017 0.1011124 0.1109205 0.0920974 0.1092036 0.0939450 0.0954520 0.1019792 0.1007678 0.0925541 0.1130885 0.1150162 0.1214455 0.1068515 0.0983765 0.1124177 0.1188217 0.1568342 0.2691259 
S0004_G6439_R1_A 0.1016606 0.1047136 0.0000000 0.0734376 0.0709624 0.0861418 0.0647009 0.0853649 0.0722168 0.0818747 0.0786048 0.0734184 0.0759954 0.0748443 0.0679179 0.0924671 0.0920806 0.0909830 0.0756342 0.0734222 0.0851768 0.0841507 0.1455929 0.2587123 
S0016_G6439_R1_A 0.1043499 0.1049522 0.0734376 0.0000000 0.0676780 0.0806134 0.0611567 0.0834889 0.0704043 0.0824197 0.0761907 0.0690962 0.0723008 0.0711597 0.0637002 0.0893027 0.0907171 0.0865269 0.0773661 0.0720637 0.0875912 0.0814660 0.1459471 0.2499465 
S0046_G6439_R1_A 0.0983047 0.1019272 0.0709624 0.0676780 0.0000000 0.0804251 0.0642611 0.0778819 0.0638700 0.0774297 0.0678407 0.0631766 0.0675079 0.0663699 0.0583028 0.0867688 0.0846341 0.0863658 0.0718375 0.0653224 0.0795770 0.0753052 0.1420374 0.2517263 
S0018_G6439_R1_A 0.1188307 0.1178017 0.0861418 0.0806134 0.0804251 0.0000000 0.0423618 0.0970866 0.0835089 0.0998306 0.0890296 0.0834539 0.0886208 0.0873790 0.0803386 0.1043751 0.1040150 0.0738636 0.0855577 0.0819481 0.0999234 0.0879873 0.1614510 0.2696585 
S0031_G6439_R1_A 0.0999888 0.1011124 0.0647009 0.0611567 0.0642611 0.0423618 0.0000000 0.0821290 0.0673164 0.0822230 0.0742614 0.0678864 0.0670245 0.0658950 0.0595996 0.0884930 0.0894108 0.0593517 0.0747406 0.0636563 0.0818840 0.0750123 0.1414197 0.2475562 
S0026_G6439_R1_A 0.1080374 0.1109205 0.0853649 0.0834889 0.0778819 0.0970866 0.0821290 0.0000000 0.0647601 0.0884544 0.0814654 0.0782045 0.0766948 0.0755406 0.0656384 0.0812048 0.0803521 0.1020073 0.0726652 0.0693129 0.0816654 0.0895063 0.1403811 0.2488565 
S0028_G6439_R1_A 0.0933778 0.0920974 0.0722168 0.0704043 0.0638700 0.0835089 0.0673164 0.0647601 0.0000000 0.0757811 0.0662187 0.0621717 0.0579778 0.0568651 0.0540121 0.0726727 0.0719175 0.0881567 0.0624321 0.0562434 0.0640173 0.0772498 0.1283112 0.2365056 
S0017_G6439_R1_A 0.1106454 0.1092036 0.0818747 0.0824197 0.0774297 0.0998306 0.0822230 0.0884544 0.0757811 0.0000000 0.0804792 0.0788427 0.0807244 0.0795636 0.0703006 0.0969943 0.0996556 0.1033950 0.0793285 0.0734824 0.0934236 0.0910334 0.1505944 0.2669876 
S0013_G6439_R1_A 0.0934824 0.0939450 0.0786048 0.0761907 0.0678407 0.0890296 0.0742614 0.0814654 0.0662187 0.0804792 0.0000000 0.0686221 0.0728369 0.0716954 0.0636696 0.0867562 0.0900385 0.0908014 0.0741949 0.0625267 0.0820857 0.0825993 0.1359445 0.2540301 
S0022_G6439_R1_A 0.0929206 0.0954520 0.0734184 0.0690962 0.0631766 0.0834539 0.0678864 0.0782045 0.0621717 0.0788427 0.0686221 0.0000000 0.0705634 0.0694080 0.0594864 0.0857382 0.0866910 0.0909523 0.0671105 0.0672435 0.0828923 0.0784216 0.1368492 0.2498070 
S0019_G6439_R1_A 0.1002990 0.1019792 0.0759954 0.0723008 0.0675079 0.0886208 0.0670245 0.0766948 0.0579778 0.0807244 0.0728369 0.0705634 0.0000000 0.0014958 0.0291914 0.0805720 0.0820959 0.0883952 0.0551160 0.0418956 0.0592881 0.0824695 0.1380487 0.2471704 
S0019_G6439_R2_A 0.0990824 0.1007678 0.0748443 0.0711597 0.0663699 0.0873790 0.0658950 0.0755406 0.0568651 0.0795636 0.0716954 0.0694080 0.0014958 0.0000000 0.0292041 0.0793975 0.0809298 0.0865795 0.0534080 0.0402317 0.0581670 0.0812899 0.1367512 0.2441117 
S0020_G6439_R1_A 0.0920307 0.0925541 0.0679179 0.0637002 0.0583028 0.0803386 0.0595996 0.0656384 0.0540121 0.0703006 0.0636696 0.0594864 0.0291914 0.0292041 0.0000000 0.0735699 0.0745736 0.0854809 0.0441035 0.0384155 0.0623749 0.0730649 0.1276747 0.2375957 
S0021_G6439_R1_A 0.1086930 0.1130885 0.0924671 0.0893027 0.0867688 0.1043751 0.0884930 0.0812048 0.0726727 0.0969943 0.0867562 0.0857382 0.0805720 0.0793975 0.0735699 0.0000000 0.0210935 0.1070027 0.0816486 0.0768676 0.0857134 0.1018560 0.1496677 0.2496875 
S0021_G6439_R2_A 0.1106600 0.1150162 0.0920806 0.0907171 0.0846341 0.1040150 0.0894108 0.0803521 0.0719175 0.0996556 0.0900385 0.0866910 0.0820959 0.0809298 0.0745736 0.0210935 0.0000000 0.1077912 0.0832049 0.0790158 0.0853004 0.1032986 0.1502823 0.2513600 
S0037_G6439_R1_A 0.1185643 0.1214455 0.0909830 0.0865269 0.0863658 0.0738636 0.0593517 0.1020073 0.0881567 0.1033950 0.0908014 0.0909523 0.0883952 0.0865795 0.0854809 0.1070027 0.1077912 0.0000000 0.0953830 0.0800175 0.1049039 0.0965383 0.1579724 0.2706866 
S0036_G6439_R1_A 0.1037802 0.1068515 0.0756342 0.0773661 0.0718375 0.0855577 0.0747406 0.0726652 0.0624321 0.0793285 0.0741949 0.0671105 0.0551160 0.0534080 0.0441035 0.0816486 0.0832049 0.0953830 0.0000000 0.0573922 0.0740471 0.0766464 0.1397576 0.2464928 
S0002_G6439_R1_A 0.0972539 0.0983765 0.0734222 0.0720637 0.0653224 0.0819481 0.0636563 0.0693129 0.0562434 0.0734824 0.0625267 0.0672435 0.0418956 0.0402317 0.0384155 0.0768676 0.0790158 0.0800175 0.0573922 0.0000000 0.0549589 0.0668768 0.1348131 0.2378323 
S0011_G6439_R1_A 0.1145813 0.1124177 0.0851768 0.0875912 0.0795770 0.0999234 0.0818840 0.0816654 0.0640173 0.0934236 0.0820857 0.0828923 0.0592881 0.0581670 0.0623749 0.0857134 0.0853004 0.1049039 0.0740471 0.0549589 0.0000000 0.0966418 0.1465919 0.2537618 
S0030_G6439_R1_A 0.1130838 0.1188217 0.0841507 0.0814660 0.0753052 0.0879873 0.0750123 0.0895063 0.0772498 0.0910334 0.0825993 0.0784216 0.0824695 0.0812899 0.0730649 0.1018560 0.1032986 0.0965383 0.0766464 0.0668768 0.0966418 0.0000000 0.1557482 0.2556609 
S0012_G6439_R1_A 0.1564241 0.1568342 0.1455929 0.1459471 0.1420374 0.1614510 0.1414197 0.1403811 0.1283112 0.1505944 0.1359445 0.1368492 0.1380487 0.1367512 0.1276747 0.1496677 0.1502823 0.1579724 0.1397576 0.1348131 0.1465919 0.1557482 0.0000000 0.3295955 
S0005_G6439_R1_A 0.2606182 0.2691259 0.2587123 0.2499465 0.2517263 0.2696585 0.2475562 0.2488565 0.2365056 0.2669876 0.2540301 0.2498070 0.2471704 0.2441117 0.2375957 0.2496875 0.2513600 0.2706866 0.2464928 0.2378323 0.2537618 0.2556609 0.3295955 0.0000000 
