22
S0020_G6432_R1_A 0.0000000 0.0733368 0.0671269 0.0872916 0.0723545 0.0664973 0.0681629 0.0702333 0.0487278 0.0640987 0.0615132 0.0618026 0.3026796 0.0678320 0.0383535 0.0803822 0.0853485 0.0796899 0.0883101 0.0685891 0.0970293 0.1619633 
S0004_G6432_R1_A 0.0733368 0.0000000 0.0773840 0.0828057 0.0659688 0.0718793 0.0617786 0.0869769 0.0654796 0.0834367 0.0812297 0.0838160 0.3237678 0.0753904 0.0683993 0.0836611 0.0951704 0.0869789 0.1011022 0.0856574 0.0925461 0.1686009 
S0046_G6432_R1_A 0.0671269 0.0773840 0.0000000 0.0899487 0.0749742 0.0682151 0.0668620 0.0817895 0.0664166 0.0813049 0.0782006 0.0789308 0.3174872 0.0705737 0.0592519 0.0756233 0.0905798 0.0834629 0.0998855 0.0818727 0.1063976 0.1643068 
S0018_G6432_R1_A 0.0872916 0.0828057 0.0899487 0.0000000 0.0388153 0.0841830 0.0804513 0.1043096 0.0801502 0.0953748 0.1000645 0.0970953 0.3250409 0.0878793 0.0816359 0.0956318 0.1104825 0.1028160 0.1203907 0.1035465 0.0851673 0.1744738 
S0031_G6432_R1_A 0.0723545 0.0659688 0.0749742 0.0388153 0.0000000 0.0703509 0.0653761 0.0876733 0.0663962 0.0812891 0.0845275 0.0850836 0.3195523 0.0769149 0.0687774 0.0785776 0.0936857 0.0868171 0.1016820 0.0855889 0.0712250 0.1616779 
S0022_G6432_R1_A 0.0664973 0.0718793 0.0682151 0.0841830 0.0703509 0.0000000 0.0631341 0.0781518 0.0615971 0.0721328 0.0712373 0.0780455 0.3131922 0.0676829 0.0581581 0.0752709 0.0888975 0.0783646 0.0897263 0.0775468 0.0972521 0.1527597 
S0016_G6432_R1_A 0.0681629 0.0617786 0.0668620 0.0804513 0.0653761 0.0631341 0.0000000 0.0772606 0.0612045 0.0766406 0.0722143 0.0725668 0.3108619 0.0685260 0.0602619 0.0775250 0.0860465 0.0758970 0.0963784 0.0792973 0.0926796 0.1603395 
S0026_G6432_R1_A 0.0702333 0.0869769 0.0817895 0.1043096 0.0876733 0.0781518 0.0772606 0.0000000 0.0670111 0.0813071 0.0683291 0.0800113 0.3069770 0.0780561 0.0661225 0.0894708 0.0984323 0.0907279 0.0925172 0.0681161 0.1187802 0.1784536 
S0036_G6432_R1_A 0.0487278 0.0654796 0.0664166 0.0801502 0.0663962 0.0615971 0.0612045 0.0670111 0.0000000 0.0542088 0.0620399 0.0585612 0.3076910 0.0626307 0.0434410 0.0753676 0.0830923 0.0747686 0.0855742 0.0675665 0.0933861 0.1561252 
S0002_G6432_R1_A 0.0640987 0.0834367 0.0813049 0.0953748 0.0812891 0.0721328 0.0766406 0.0813071 0.0542088 0.0000000 0.0726019 0.0673492 0.3158511 0.0703315 0.0621281 0.0917311 0.0984072 0.0910322 0.0977373 0.0769519 0.1090714 0.1680202 
S0028_G6432_R1_A 0.0615132 0.0812297 0.0782006 0.1000645 0.0845275 0.0712373 0.0722143 0.0683291 0.0620399 0.0726019 0.0000000 0.0682168 0.3079551 0.0734744 0.0564573 0.0855819 0.0949150 0.0880782 0.0871894 0.0677585 0.1094322 0.1631824 
S0011_G6432_R1_A 0.0618026 0.0838160 0.0789308 0.0970953 0.0850836 0.0780455 0.0725668 0.0800113 0.0585612 0.0673492 0.0682168 0.0000000 0.3219829 0.0812825 0.0525141 0.0921177 0.0968036 0.0904222 0.0946440 0.0769900 0.1125435 0.1769674 
S0005_G6432_R1_A 0.3026796 0.3237678 0.3174872 0.3250409 0.3195523 0.3131922 0.3108619 0.3069770 0.3076910 0.3158511 0.3079551 0.3219829 0.0000000 0.3163399 0.2993278 0.3237890 0.3237835 0.3181060 0.3329967 0.3056576 0.3651029 0.3812683 
S0030_G6432_R1_A 0.0678320 0.0753904 0.0705737 0.0878793 0.0769149 0.0676829 0.0685260 0.0780561 0.0626307 0.0703315 0.0734744 0.0812825 0.3163399 0.0000000 0.0617146 0.0774374 0.0836141 0.0751624 0.0925941 0.0796259 0.1032656 0.1596245 
S0019_G6432_R1_A 0.0383535 0.0683993 0.0592519 0.0816359 0.0687774 0.0581581 0.0602619 0.0661225 0.0434410 0.0621281 0.0564573 0.0525141 0.2993278 0.0617146 0.0000000 0.0747020 0.0779384 0.0718932 0.0807667 0.0638059 0.0939789 0.1516324 
S0013_G6432_R1_A 0.0803822 0.0836611 0.0756233 0.0956318 0.0785776 0.0752709 0.0775250 0.0894708 0.0753676 0.0917311 0.0855819 0.0921177 0.3237890 0.0774374 0.0747020 0.0000000 0.0920397 0.0839331 0.1073406 0.0905564 0.1112338 0.1657716 
S0048_G6432_R1_A 0.0853485 0.0951704 0.0905798 0.1104825 0.0936857 0.0888975 0.0860465 0.0984323 0.0830923 0.0984072 0.0949150 0.0968036 0.3237835 0.0836141 0.0779384 0.0920397 0.0000000 0.0355186 0.1120793 0.1031461 0.1230016 0.1776491 
S0050_G6432_R1_A 0.0796899 0.0869789 0.0834629 0.1028160 0.0868171 0.0783646 0.0758970 0.0907279 0.0747686 0.0910322 0.0880782 0.0904222 0.3181060 0.0751624 0.0718932 0.0839331 0.0355186 0.0000000 0.1054358 0.0933316 0.1113628 0.1662712 
S0017_G6432_R1_A 0.0883101 0.1011022 0.0998855 0.1203907 0.1016820 0.0897263 0.0963784 0.0925172 0.0855742 0.0977373 0.0871894 0.0946440 0.3329967 0.0925941 0.0807667 0.1073406 0.1120793 0.1054358 0.0000000 0.0840639 0.1331596 0.1835416 
S0021_G6432_R1_A 0.0685891 0.0856574 0.0818727 0.1035465 0.0855889 0.0775468 0.0792973 0.0681161 0.0675665 0.0769519 0.0677585 0.0769900 0.3056576 0.0796259 0.0638059 0.0905564 0.1031461 0.0933316 0.0840639 0.0000000 0.1166091 0.1748343 
S0037_G6432_R1_A 0.0970293 0.0925461 0.1063976 0.0851673 0.0712250 0.0972521 0.0926796 0.1187802 0.0933861 0.1090714 0.1094322 0.1125435 0.3651029 0.1032656 0.0939789 0.1112338 0.1230016 0.1113628 0.1331596 0.1166091 0.0000000 0.1901080 
S0012_G6432_R1_A 0.1619633 0.1686009 0.1643068 0.1744738 0.1616779 0.1527597 0.1603395 0.1784536 0.1561252 0.1680202 0.1631824 0.1769674 0.3812683 0.1596245 0.1516324 0.1657716 0.1776491 0.1662712 0.1835416 0.1748343 0.1901080 0.0000000 
