24
S0004_G6435_R1_A 0.0000000 0.0439970 0.0564018 0.0445038 0.0582780 0.0472447 0.0551632 0.0561760 0.0511583 0.0626404 0.0570764 0.0499979 0.0704574 0.0512537 0.0600376 0.0660575 0.0666022 0.0630445 0.0584872 0.0670640 0.0576608 0.0924113 0.1724750 0.3790097 
S0016_G6435_R1_A 0.0439970 0.0000000 0.0533779 0.0418396 0.0568378 0.0454750 0.0499576 0.0557149 0.0508945 0.0605965 0.0550519 0.0476188 0.0649447 0.0498936 0.0558682 0.0627149 0.0632302 0.0642596 0.0586083 0.0608069 0.0533401 0.0940117 0.1719793 0.3784305 
S0028_G6435_R1_A 0.0564018 0.0533779 0.0000000 0.0541553 0.0701014 0.0439016 0.0505565 0.0562158 0.0509177 0.0610922 0.0524828 0.0590417 0.0715001 0.0514472 0.0585372 0.0654938 0.0654567 0.0577528 0.0542878 0.0647637 0.0545113 0.0881405 0.1683159 0.3843348 
S0031_G6435_R1_A 0.0445038 0.0418396 0.0541553 0.0000000 0.0560133 0.0445155 0.0507335 0.0544719 0.0473360 0.0576905 0.0542648 0.0286642 0.0686433 0.0505849 0.0556307 0.0642698 0.0647936 0.0613968 0.0556586 0.0613749 0.0536183 0.0894780 0.1723376 0.3790920 
S0037_G6435_R1_A 0.0582780 0.0568378 0.0701014 0.0560133 0.0000000 0.0572321 0.0667903 0.0710436 0.0637324 0.0754702 0.0703339 0.0581903 0.0843846 0.0661274 0.0733051 0.0788101 0.0799320 0.0788350 0.0737689 0.0819133 0.0664023 0.1097536 0.1914029 0.3931134 
S0019_G6435_R1_A 0.0472447 0.0454750 0.0439016 0.0445155 0.0572321 0.0000000 0.0323857 0.0435869 0.0339926 0.0477410 0.0450526 0.0477138 0.0596625 0.0338231 0.0473723 0.0568003 0.0562662 0.0518986 0.0455915 0.0549570 0.0367831 0.0834794 0.1644128 0.3733568 
S0020_G6435_R1_A 0.0551632 0.0499576 0.0505565 0.0507335 0.0667903 0.0323857 0.0000000 0.0512965 0.0384783 0.0539492 0.0512003 0.0550700 0.0676032 0.0431428 0.0530549 0.0625844 0.0625862 0.0581333 0.0518347 0.0580320 0.0470497 0.0883692 0.1745259 0.3841426 
S0022_G6435_R1_A 0.0561760 0.0557149 0.0562158 0.0544719 0.0710436 0.0435869 0.0512965 0.0000000 0.0516197 0.0580622 0.0564547 0.0582910 0.0696463 0.0522323 0.0593243 0.0701892 0.0695884 0.0656740 0.0605980 0.0640179 0.0569493 0.0926498 0.1774779 0.3936523 
S0036_G6435_R1_A 0.0511583 0.0508945 0.0509177 0.0473360 0.0637324 0.0339926 0.0384783 0.0516197 0.0000000 0.0537053 0.0515350 0.0516540 0.0639881 0.0403092 0.0538886 0.0618254 0.0618272 0.0579056 0.0527960 0.0605717 0.0446531 0.0856540 0.1776684 0.3716166 
S0046_G6435_R1_A 0.0626404 0.0605965 0.0610922 0.0576905 0.0754702 0.0477410 0.0539492 0.0580622 0.0537053 0.0000000 0.0623131 0.0626317 0.0763193 0.0542960 0.0609094 0.0695731 0.0684778 0.0672424 0.0610658 0.0706935 0.0547791 0.0878029 0.1688118 0.3819399 
S0026_G6435_R1_A 0.0570764 0.0550519 0.0524828 0.0542648 0.0703339 0.0450526 0.0512003 0.0564547 0.0515350 0.0623131 0.0000000 0.0602892 0.0716058 0.0510165 0.0603294 0.0672172 0.0672189 0.0622804 0.0577078 0.0683257 0.0495670 0.0937995 0.1726018 0.3917700 
S0018_G6435_R1_A 0.0499979 0.0476188 0.0590417 0.0286642 0.0581903 0.0477138 0.0550700 0.0582910 0.0516540 0.0626317 0.0602892 0.0000000 0.0691452 0.0552321 0.0610610 0.0669401 0.0680741 0.0630351 0.0573368 0.0652530 0.0509738 0.0918655 0.1711375 0.3886433 
S0017_G6435_R1_A 0.0704574 0.0649447 0.0715001 0.0686433 0.0843846 0.0596625 0.0676032 0.0696463 0.0639881 0.0763193 0.0716058 0.0691452 0.0000000 0.0636101 0.0736430 0.0820250 0.0820260 0.0796279 0.0740481 0.0780508 0.0683403 0.1054555 0.1827576 0.3967894 
S0011_G6435_R1_A 0.0512537 0.0498936 0.0514472 0.0505849 0.0661274 0.0338231 0.0431428 0.0522323 0.0403092 0.0542960 0.0510165 0.0552321 0.0636101 0.0000000 0.0532592 0.0601434 0.0607457 0.0585313 0.0527939 0.0584483 0.0434523 0.0864063 0.1733802 0.3789173 
S0013_G6435_R1_A 0.0600376 0.0558682 0.0585372 0.0556307 0.0733051 0.0473723 0.0530549 0.0593243 0.0538886 0.0609094 0.0603294 0.0610610 0.0736430 0.0532592 0.0000000 0.0586650 0.0575883 0.0607591 0.0571875 0.0646333 0.0553892 0.0891958 0.1768458 0.3852616 
S0048_G6435_R1_A 0.0660575 0.0627149 0.0654938 0.0642698 0.0788101 0.0568003 0.0625844 0.0701892 0.0618254 0.0695731 0.0672172 0.0669401 0.0820250 0.0601434 0.0586650 0.0000000 0.0146306 0.0710416 0.0682110 0.0682927 0.0630745 0.0969391 0.1893274 0.3954421 
S0050_G6435_R1_A 0.0666022 0.0632302 0.0654567 0.0647936 0.0799320 0.0562662 0.0625862 0.0695884 0.0618272 0.0684778 0.0672189 0.0680741 0.0820260 0.0607457 0.0575883 0.0146306 0.0000000 0.0716026 0.0676647 0.0682943 0.0636990 0.0982764 0.1905597 0.3990959 
S0021_G6435_R1_A 0.0630445 0.0642596 0.0577528 0.0613968 0.0788350 0.0518986 0.0581333 0.0656740 0.0579056 0.0672424 0.0622804 0.0630351 0.0796279 0.0585313 0.0607591 0.0710416 0.0716026 0.0000000 0.0235598 0.0664727 0.0608263 0.0969097 0.1747730 0.3494395 
S0021_G6435_R2_A 0.0584872 0.0586083 0.0542878 0.0556586 0.0737689 0.0455915 0.0518347 0.0605980 0.0527960 0.0610658 0.0577078 0.0573368 0.0740481 0.0527939 0.0571875 0.0682110 0.0676647 0.0235598 0.0000000 0.0532648 0.0577974 0.0924148 0.1752531 0.3534322 
S0030_G6435_R1_A 0.0670640 0.0608069 0.0647637 0.0613749 0.0819133 0.0549570 0.0580320 0.0640179 0.0605717 0.0706935 0.0683257 0.0652530 0.0780508 0.0584483 0.0646333 0.0682927 0.0682943 0.0664727 0.0532648 0.0000000 0.0647896 0.1004911 0.1870916 0.4013916 
S0002_G6435_R1_A 0.0576608 0.0533401 0.0545113 0.0536183 0.0664023 0.0367831 0.0470497 0.0569493 0.0446531 0.0547791 0.0495670 0.0509738 0.0683403 0.0434523 0.0553892 0.0630745 0.0636990 0.0608263 0.0577974 0.0647896 0.0000000 0.0918105 0.1639772 0.3714912 
S0012_G6435_R1_A 0.0924113 0.0940117 0.0881405 0.0894780 0.1097536 0.0834794 0.0883692 0.0926498 0.0856540 0.0878029 0.0937995 0.0918655 0.1054555 0.0864063 0.0891958 0.0969391 0.0982764 0.0969097 0.0924148 0.1004911 0.0918105 0.0000000 0.2058178 0.4188834 
S0005_G6435_R1_A 0.1724750 0.1719793 0.1683159 0.1723376 0.1914029 0.1644128 0.1745259 0.1774779 0.1776684 0.1688118 0.1726018 0.1711375 0.1827576 0.1733802 0.1768458 0.1893274 0.1905597 0.1747730 0.1752531 0.1870916 0.1639772 0.2058178 0.0000000 0.4980436 
S0021_G6435_R3_A 0.3790097 0.3784305 0.3843348 0.3790920 0.3931134 0.3733568 0.3841426 0.3936523 0.3716166 0.3819399 0.3917700 0.3886433 0.3967894 0.3789173 0.3852616 0.3954421 0.3990959 0.3494395 0.3534322 0.4013916 0.3714912 0.4188834 0.4980436 0.0000000 
