23
S0026_G6447_R1_A 0.0000000 0.0988131 0.1005828 0.0669442 0.0699436 0.0759161 0.0769853 0.0808580 0.0718211 0.0667305 0.0810122 0.0703398 0.2879364 0.0825743 0.0689375 0.0731378 0.0919759 0.0784414 0.0711625 0.0752603 0.1135328 0.0875439 0.0984653 
S0048_G6447_R1_A 0.0988131 0.0000000 0.0123099 0.0856984 0.0905544 0.0971278 0.0955568 0.1002984 0.0924050 0.0857813 0.0977526 0.0849824 0.3244640 0.0957736 0.0935399 0.0924989 0.1058850 0.0996204 0.1000690 0.1028168 0.1216626 0.0992858 0.1104521 
S0050_G6447_R1_A 0.1005828 0.0123099 0.0000000 0.0892190 0.0944550 0.0987699 0.0994885 0.1043116 0.0947588 0.0881248 0.1012467 0.0873471 0.3269758 0.1016955 0.0959263 0.0959611 0.1093643 0.1037788 0.1042049 0.1064087 0.1253495 0.1047494 0.1134356 
S0011_G6447_R1_A 0.0669442 0.0856984 0.0892190 0.0000000 0.0563718 0.0667880 0.0639567 0.0706049 0.0687493 0.0587111 0.0710623 0.0541935 0.2872532 0.0721914 0.0663952 0.0579539 0.0801596 0.0715604 0.0758142 0.0758828 0.1021392 0.0742406 0.0921287 
S0002_G6447_R1_A 0.0699436 0.0905544 0.0944550 0.0563718 0.0000000 0.0665581 0.0665966 0.0690360 0.0685658 0.0568957 0.0703131 0.0558825 0.2966869 0.0723054 0.0677256 0.0612295 0.0801726 0.0666194 0.0706233 0.0738509 0.0984770 0.0697227 0.0872079 
S0030_G6447_R1_A 0.0759161 0.0971278 0.0987699 0.0667880 0.0665581 0.0000000 0.0697044 0.0759052 0.0719546 0.0603444 0.0738562 0.0620199 0.2882247 0.0729706 0.0743771 0.0643968 0.0817711 0.0756418 0.0763820 0.0788728 0.1090119 0.0742372 0.0859628 
S0031_G6447_R1_A 0.0769853 0.0955568 0.0994885 0.0639567 0.0665966 0.0697044 0.0000000 0.0612177 0.0591663 0.0663209 0.0732549 0.0609786 0.2886623 0.0761732 0.0732647 0.0680727 0.0785852 0.0699862 0.0802020 0.0816121 0.1092707 0.0532550 0.0739356 
S0004_G6447_R1_A 0.0808580 0.1002984 0.1043116 0.0706049 0.0690360 0.0759052 0.0612177 0.0000000 0.0684091 0.0755399 0.0782069 0.0700314 0.3110779 0.0776296 0.0824430 0.0713403 0.0854248 0.0795714 0.0892287 0.0878442 0.1205184 0.0685309 0.0822247 
S0016_G6447_R1_A 0.0718211 0.0924050 0.0947588 0.0687493 0.0685658 0.0719546 0.0591663 0.0684091 0.0000000 0.0673952 0.0752410 0.0603381 0.2979309 0.0749758 0.0697142 0.0718781 0.0812802 0.0715801 0.0811162 0.0842748 0.1138262 0.0692444 0.0777007 
S0019_G6447_R1_A 0.0667305 0.0857813 0.0881248 0.0587111 0.0568957 0.0603444 0.0663209 0.0755399 0.0673952 0.0000000 0.0695322 0.0445408 0.2930443 0.0698472 0.0700976 0.0574260 0.0818437 0.0681918 0.0694847 0.0754465 0.1079882 0.0747498 0.0894262 
S0046_G6447_R1_A 0.0810122 0.0977526 0.1012467 0.0710623 0.0703131 0.0738562 0.0732549 0.0782069 0.0752410 0.0695322 0.0000000 0.0645341 0.3073727 0.0773392 0.0813638 0.0718268 0.0865802 0.0794983 0.0819400 0.0829687 0.1115422 0.0788359 0.0942841 
S0020_G6447_R1_A 0.0703398 0.0849824 0.0873471 0.0541935 0.0558825 0.0620199 0.0609786 0.0700314 0.0603381 0.0445408 0.0645341 0.0000000 0.2860792 0.0706016 0.0690849 0.0602598 0.0768894 0.0689951 0.0732996 0.0746735 0.1020228 0.0735879 0.0859525 
S0005_G6447_R1_A 0.2879364 0.3244640 0.3269758 0.2872532 0.2966869 0.2882247 0.2886623 0.3110779 0.2979309 0.2930443 0.3073727 0.2860792 0.0000000 0.3006793 0.2881978 0.2802066 0.3006585 0.3070314 0.3072436 0.2793709 0.3227872 0.2936432 0.2873459 
S0013_G6447_R1_A 0.0825743 0.0957736 0.1016955 0.0721914 0.0723054 0.0729706 0.0761732 0.0776296 0.0749758 0.0698472 0.0773392 0.0706016 0.3006793 0.0000000 0.0826057 0.0718793 0.0898344 0.0791612 0.0857352 0.0872511 0.1109538 0.0813346 0.0923783 
S0021_G6447_R1_A 0.0689375 0.0935399 0.0959263 0.0663952 0.0677256 0.0743771 0.0732647 0.0824430 0.0697142 0.0700976 0.0813638 0.0690849 0.2881978 0.0826057 0.0000000 0.0725464 0.0896320 0.0797345 0.0538916 0.0722334 0.1092969 0.0756204 0.0904132 
S0036_G6447_R1_A 0.0731378 0.0924989 0.0959611 0.0579539 0.0612295 0.0643968 0.0680727 0.0713403 0.0718781 0.0574260 0.0718268 0.0602598 0.2802066 0.0718793 0.0725464 0.0000000 0.0778741 0.0710920 0.0766073 0.0716768 0.1066546 0.0761989 0.0829624 
S0017_G6447_R1_A 0.0919759 0.1058850 0.1093643 0.0801596 0.0801726 0.0817711 0.0785852 0.0854248 0.0812802 0.0818437 0.0865802 0.0768894 0.3006585 0.0898344 0.0896320 0.0778741 0.0000000 0.0902993 0.0980319 0.0941338 0.1288898 0.0800894 0.0950578 
S0022_G6447_R1_A 0.0784414 0.0996204 0.1037788 0.0715604 0.0666194 0.0756418 0.0699862 0.0795714 0.0715801 0.0681918 0.0794983 0.0689951 0.3070314 0.0791612 0.0797345 0.0710920 0.0902993 0.0000000 0.0849121 0.0879809 0.1186041 0.0735376 0.0838912 
S0021_G6447_R2_A 0.0711625 0.1000690 0.1042049 0.0758142 0.0706233 0.0763820 0.0802020 0.0892287 0.0811162 0.0694847 0.0819400 0.0732996 0.3072436 0.0857352 0.0538916 0.0766073 0.0980319 0.0849121 0.0000000 0.0800447 0.1151866 0.0788860 0.0949513 
S0028_G6447_R1_A 0.0752603 0.1028168 0.1064087 0.0758828 0.0738509 0.0788728 0.0816121 0.0878442 0.0842748 0.0754465 0.0829687 0.0746735 0.2793709 0.0872511 0.0722334 0.0716768 0.0941338 0.0879809 0.0800447 0.0000000 0.1165826 0.0848589 0.1062830 
S0012_G6447_R1_A 0.1135328 0.1216626 0.1253495 0.1021392 0.0984770 0.1090119 0.1092707 0.1205184 0.1138262 0.1079882 0.1115422 0.1020228 0.3227872 0.1109538 0.1092969 0.1066546 0.1288898 0.1186041 0.1151866 0.1165826 0.0000000 0.1142646 0.1247420 
S0018_G6447_R1_A 0.0875439 0.0992858 0.1047494 0.0742406 0.0697227 0.0742372 0.0532550 0.0685309 0.0692444 0.0747498 0.0788359 0.0735879 0.2936432 0.0813346 0.0756204 0.0761989 0.0800894 0.0735376 0.0788860 0.0848589 0.1142646 0.0000000 0.0892438 
S0037_G6447_R1_A 0.0984653 0.1104521 0.1134356 0.0921287 0.0872079 0.0859628 0.0739356 0.0822247 0.0777007 0.0894262 0.0942841 0.0859525 0.2873459 0.0923783 0.0904132 0.0829624 0.0950578 0.0838912 0.0949513 0.1062830 0.1247420 0.0892438 0.0000000 
