23
S0011_G6448_R1_A 0.0000000 0.0622142 0.0574196 0.1137920 0.1135610 0.1108177 0.1007553 0.1093551 0.1121437 0.0943085 0.1121131 0.2039663 0.1138591 0.1143428 0.1123954 0.1227961 0.1217780 0.1254360 0.1404221 0.1387711 0.1685193 0.1160308 0.1496261 
S0020_G6448_R1_A 0.0622142 0.0000000 0.0559134 0.1185317 0.1158261 0.1186968 0.1063693 0.1153715 0.1193401 0.1019301 0.1180081 0.2140014 0.1165829 0.1170490 0.1189125 0.1308673 0.1277026 0.1316183 0.1489783 0.1513148 0.1737177 0.1215741 0.1458682 
S0002_G6448_R1_A 0.0574196 0.0559134 0.0000000 0.1244876 0.1189118 0.1223114 0.1096669 0.1185223 0.1236384 0.1026849 0.1223665 0.2267497 0.1219535 0.1215699 0.1221881 0.1313758 0.1296180 0.1327261 0.1508831 0.1487101 0.1796863 0.1298241 0.1449498 
S0028_G6448_R1_A 0.1137920 0.1185317 0.1244876 0.0000000 0.0743031 0.0699133 0.0695402 0.0657943 0.0704261 0.0542779 0.0677681 0.1548696 0.0655251 0.0680858 0.0613478 0.0850897 0.0787981 0.0877084 0.0961258 0.0953749 0.1264332 0.0732855 0.1426276 
S0004_G6448_R1_A 0.1135610 0.1158261 0.1189118 0.0743031 0.0000000 0.0625801 0.0662287 0.0653721 0.0648971 0.0566914 0.0734198 0.1635819 0.0775481 0.0783988 0.0714008 0.0692519 0.0689537 0.0781483 0.0956464 0.0964075 0.1262654 0.0738418 0.1431235 
S0016_G6448_R1_A 0.1108177 0.1186968 0.1223114 0.0699133 0.0625801 0.0000000 0.0633936 0.0604856 0.0632582 0.0524368 0.0683833 0.1626122 0.0714105 0.0739794 0.0682997 0.0700280 0.0685447 0.0755245 0.0910214 0.0906647 0.1244922 0.0721752 0.1449033 
S0019_G6448_R1_A 0.1007553 0.1063693 0.1096669 0.0695402 0.0662287 0.0633936 0.0000000 0.0611547 0.0651983 0.0488309 0.0676455 0.1695188 0.0682204 0.0712960 0.0652339 0.0736431 0.0779367 0.0821229 0.0934940 0.0931085 0.1263180 0.0742696 0.1422049 
S0022_G6448_R1_A 0.1093551 0.1153715 0.1185223 0.0657943 0.0653721 0.0604856 0.0611547 0.0000000 0.0599651 0.0506898 0.0655884 0.1624612 0.0714919 0.0746065 0.0662975 0.0746439 0.0691329 0.0806318 0.0875103 0.0910301 0.1188518 0.0702025 0.1380783 
S0030_G6448_R1_A 0.1121437 0.1193401 0.1236384 0.0704261 0.0648971 0.0632582 0.0651983 0.0599651 0.0000000 0.0524339 0.0718808 0.1713742 0.0753632 0.0767710 0.0699981 0.0793318 0.0721504 0.0806825 0.0910060 0.0905305 0.1255453 0.0726882 0.1393341 
S0036_G6448_R1_A 0.0943085 0.1019301 0.1026849 0.0542779 0.0566914 0.0524368 0.0488309 0.0506898 0.0524339 0.0000000 0.0564214 0.1481909 0.0596770 0.0610209 0.0550692 0.0673895 0.0644072 0.0706772 0.0787901 0.0768584 0.1083530 0.0599306 0.1327333 
S0046_G6448_R1_A 0.1121131 0.1180081 0.1223665 0.0677681 0.0734198 0.0683833 0.0676455 0.0655884 0.0718808 0.0564214 0.0000000 0.1719743 0.0779125 0.0799530 0.0724532 0.0839467 0.0794365 0.0888249 0.0934571 0.0948703 0.1239231 0.0718417 0.1441090 
S0005_G6448_R1_A 0.2039663 0.2140014 0.2267497 0.1548696 0.1635819 0.1626122 0.1695188 0.1624612 0.1713742 0.1481909 0.1719743 0.0000000 0.1556872 0.1592010 0.1580074 0.1673695 0.1689606 0.1807449 0.1887411 0.1857722 0.2195407 0.1684072 0.2211122 
S0021_G6448_R1_A 0.1138591 0.1165829 0.1219535 0.0655251 0.0775481 0.0714105 0.0682204 0.0714919 0.0753632 0.0596770 0.0779125 0.1556872 0.0000000 0.0165410 0.0628494 0.0800988 0.0850519 0.0914423 0.0956226 0.0951599 0.1279465 0.0717706 0.1445886 
S0021_G6448_R2_A 0.1143428 0.1170490 0.1215699 0.0680858 0.0783988 0.0739794 0.0712960 0.0746065 0.0767710 0.0610209 0.0799530 0.1592010 0.0165410 0.0000000 0.0624894 0.0780176 0.0847398 0.0930634 0.0972464 0.0961865 0.1310102 0.0758826 0.1439725 
S0026_G6448_R1_A 0.1123954 0.1189125 0.1221881 0.0613478 0.0714008 0.0682997 0.0652339 0.0662975 0.0699981 0.0550692 0.0724532 0.1580074 0.0628494 0.0624894 0.0000000 0.0821295 0.0832077 0.0911705 0.0890557 0.0906158 0.1217518 0.0701943 0.1425450 
S0018_G6448_R1_A 0.1227961 0.1308673 0.1313758 0.0850897 0.0692519 0.0700280 0.0736431 0.0746439 0.0793318 0.0673895 0.0839467 0.1673695 0.0800988 0.0780176 0.0821295 0.0000000 0.0583224 0.0801305 0.1051051 0.1023359 0.1359138 0.0835330 0.1542089 
S0031_G6448_R1_A 0.1217780 0.1277026 0.1296180 0.0787981 0.0689537 0.0685447 0.0779367 0.0691329 0.0721504 0.0644072 0.0794365 0.1689606 0.0850519 0.0847398 0.0832077 0.0583224 0.0000000 0.0808260 0.1048923 0.1026603 0.1379186 0.0841182 0.1494153 
S0037_G6448_R1_A 0.1254360 0.1316183 0.1327261 0.0877084 0.0781483 0.0755245 0.0821229 0.0806318 0.0806825 0.0706772 0.0888249 0.1807449 0.0914423 0.0930634 0.0911705 0.0801305 0.0808260 0.0000000 0.1135617 0.1122646 0.1441519 0.0927927 0.1574921 
S0048_G6448_R1_A 0.1404221 0.1489783 0.1508831 0.0961258 0.0956464 0.0910214 0.0934940 0.0875103 0.0910060 0.0787901 0.0934571 0.1887411 0.0956226 0.0972464 0.0890557 0.1051051 0.1048923 0.1135617 0.0000000 0.0180640 0.1328787 0.0802292 0.1704297 
S0050_G6448_R1_A 0.1387711 0.1513148 0.1487101 0.0953749 0.0964075 0.0906647 0.0931085 0.0910301 0.0905305 0.0768584 0.0948703 0.1857722 0.0951599 0.0961865 0.0906158 0.1023359 0.1026603 0.1122646 0.0180640 0.0000000 0.1320669 0.0781357 0.1718511 
S0012_G6448_R1_A 0.1685193 0.1737177 0.1796863 0.1264332 0.1262654 0.1244922 0.1263180 0.1188518 0.1255453 0.1083530 0.1239231 0.2195407 0.1279465 0.1310102 0.1217518 0.1359138 0.1379186 0.1441519 0.1328787 0.1320669 0.0000000 0.1067512 0.1997548 
S0013_G6448_R1_A 0.1160308 0.1215741 0.1298241 0.0732855 0.0738418 0.0721752 0.0742696 0.0702025 0.0726882 0.0599306 0.0718417 0.1684072 0.0717706 0.0758826 0.0701943 0.0835330 0.0841182 0.0927927 0.0802292 0.0781357 0.1067512 0.0000000 0.1430268 
S0017_G6448_R1_A 0.1496261 0.1458682 0.1449498 0.1426276 0.1431235 0.1449033 0.1422049 0.1380783 0.1393341 0.1327333 0.1441090 0.2211122 0.1445886 0.1439725 0.1425450 0.1542089 0.1494153 0.1574921 0.1704297 0.1718511 0.1997548 0.1430268 0.0000000 
