24
S0012_G6449_R1_A 0.0000000 0.1738023 0.1856732 0.1787579 0.1778850 0.1800060 0.1745395 0.1770437 0.1839463 0.1764661 0.1939826 0.1894241 0.1796864 0.1746928 0.1695035 0.1899520 0.1798317 0.1816298 0.1765369 0.1764249 0.1887533 0.1916791 0.2017009 0.4099837 
S0028_G6449_R1_A 0.1738023 0.0000000 0.0926137 0.0881298 0.0761258 0.0852274 0.0866700 0.0819619 0.0958518 0.0856921 0.0971104 0.0842987 0.0893236 0.0822192 0.0828043 0.1095203 0.0952752 0.0864154 0.1008115 0.1058537 0.1074978 0.1057860 0.1125075 0.2955155 
S0013_G6449_R1_A 0.1856732 0.0926137 0.0000000 0.0973909 0.1022576 0.1059281 0.0944420 0.0879417 0.1024248 0.0952577 0.1056975 0.1201403 0.1164491 0.1124734 0.1078339 0.1277680 0.1100711 0.1035378 0.0999632 0.1036514 0.1257221 0.1175067 0.1225458 0.3173475 
S0011_G6449_R1_A 0.1787579 0.0881298 0.0973909 0.0000000 0.0995464 0.0953517 0.0759529 0.0747292 0.0852166 0.0909001 0.0894209 0.1088697 0.1099459 0.0982183 0.0914589 0.1168017 0.1057356 0.0930452 0.1118359 0.1153099 0.1085717 0.1002691 0.1210362 0.2970910 
S0026_G6449_R1_A 0.1778850 0.0761258 0.1022576 0.0995464 0.0000000 0.0971066 0.0941736 0.0890674 0.1044965 0.0907865 0.1090286 0.0939645 0.0957462 0.0917522 0.0957006 0.1159751 0.1024638 0.1008151 0.1149208 0.1183831 0.1212124 0.1174777 0.1152194 0.2980087 
S0046_G6449_R1_A 0.1800060 0.0852274 0.1059281 0.0953517 0.0971066 0.0000000 0.0947976 0.0862935 0.1019171 0.0941056 0.1066696 0.1128986 0.1102797 0.1006115 0.0978623 0.1191125 0.1038422 0.0948495 0.1113092 0.1148790 0.1199729 0.1134281 0.1166503 0.3163139 
S0036_G6449_R1_A 0.1745395 0.0866700 0.0944420 0.0759529 0.0941736 0.0947976 0.0000000 0.0652137 0.0774718 0.0809220 0.0867843 0.1051522 0.1041929 0.0989167 0.0902858 0.1053687 0.0956644 0.0912394 0.1066390 0.1071415 0.1081350 0.1064774 0.1078537 0.3021599 
S0020_G6449_R1_A 0.1770437 0.0819619 0.0879417 0.0747292 0.0890674 0.0862935 0.0652137 0.0000000 0.0718723 0.0797776 0.0874839 0.1036939 0.0972367 0.0932992 0.0863807 0.1086279 0.0985575 0.0851509 0.0987878 0.1066079 0.1069558 0.0986100 0.1065080 0.2862124 
S0019_G6449_R1_A 0.1839463 0.0958518 0.1024248 0.0852166 0.1044965 0.1019171 0.0774718 0.0718723 0.0000000 0.1002012 0.0957906 0.1143531 0.1141692 0.1115398 0.0997022 0.1196911 0.1099069 0.0996822 0.1200781 0.1234484 0.1155991 0.1223291 0.1265238 0.3049388 
S0004_G6449_R1_A 0.1764661 0.0856921 0.0952577 0.0909001 0.0907865 0.0941056 0.0809220 0.0797776 0.1002012 0.0000000 0.1024634 0.1061510 0.1079565 0.1032644 0.0861237 0.1007872 0.0867300 0.0896985 0.1114960 0.1154233 0.1087487 0.1052550 0.1013243 0.3217709 
S0002_G6449_R1_A 0.1939826 0.0971104 0.1056975 0.0894209 0.1090286 0.1066696 0.0867843 0.0874839 0.0957906 0.1024634 0.0000000 0.1242225 0.1214190 0.1143880 0.1069377 0.1236707 0.1102605 0.1061310 0.1237528 0.1217626 0.1197367 0.1271373 0.1309775 0.3179397 
S0021_G6449_R1_A 0.1894241 0.0842987 0.1201403 0.1088697 0.0939645 0.1128986 0.1051522 0.1036939 0.1143531 0.1061510 0.1242225 0.0000000 0.0977113 0.0918175 0.1059955 0.1335485 0.1197168 0.1068128 0.1314152 0.1388377 0.1344877 0.1340138 0.1364310 0.3234365 
S0021_G6449_R2_A 0.1796864 0.0893236 0.1164491 0.1099459 0.0957462 0.1102797 0.1041929 0.0972367 0.1141692 0.1079565 0.1214190 0.0977113 0.0000000 0.0375240 0.1080843 0.1293844 0.1149870 0.1113967 0.1299372 0.1328086 0.1319825 0.1191598 0.1346380 0.3175608 
S0021_G6449_R3_A 0.1746928 0.0822192 0.1124734 0.0982183 0.0917522 0.1006115 0.0989167 0.0932992 0.1115398 0.1032644 0.1143880 0.0918175 0.0375240 0.0000000 0.1034226 0.1246361 0.1117418 0.1059776 0.1243870 0.1264440 0.1278081 0.1162686 0.1280506 0.3141952 
S0016_G6449_R1_A 0.1695035 0.0828043 0.1078339 0.0914589 0.0957006 0.0978623 0.0902858 0.0863807 0.0997022 0.0861237 0.1069377 0.1059955 0.1080843 0.1034226 0.0000000 0.0972299 0.0839750 0.0895119 0.1185223 0.1185078 0.1164652 0.1032012 0.0922129 0.3151543 
S0018_G6449_R1_A 0.1899520 0.1095203 0.1277680 0.1168017 0.1159751 0.1191125 0.1053687 0.1086279 0.1196911 0.1007872 0.1236707 0.1335485 0.1293844 0.1246361 0.0972299 0.0000000 0.0485344 0.1164026 0.1345743 0.1307088 0.1312415 0.1204856 0.0993665 0.3462395 
S0031_G6449_R1_A 0.1798317 0.0952752 0.1100711 0.1057356 0.1024638 0.1038422 0.0956644 0.0985575 0.1099069 0.0867300 0.1102605 0.1197168 0.1149870 0.1117418 0.0839750 0.0485344 0.0000000 0.1027051 0.1268082 0.1288640 0.1231515 0.1145905 0.0880065 0.3336406 
S0022_G6449_R1_A 0.1816298 0.0864154 0.1035378 0.0930452 0.1008151 0.0948495 0.0912394 0.0851509 0.0996822 0.0896985 0.1061310 0.1068128 0.1113967 0.1059776 0.0895119 0.1164026 0.1027051 0.0000000 0.1108327 0.1149567 0.1184316 0.0936851 0.1154134 0.3050892 
S0048_G6449_R1_A 0.1765369 0.1008115 0.0999632 0.1118359 0.1149208 0.1113092 0.1066390 0.0987878 0.1200781 0.1114960 0.1237528 0.1314152 0.1299372 0.1243870 0.1185223 0.1345743 0.1268082 0.1108327 0.0000000 0.0279165 0.1338063 0.1301481 0.1398113 0.3175640 
S0050_G6449_R1_A 0.1764249 0.1058537 0.1036514 0.1153099 0.1183831 0.1148790 0.1071415 0.1066079 0.1234484 0.1154233 0.1217626 0.1388377 0.1328086 0.1264440 0.1185078 0.1307088 0.1288640 0.1149567 0.0279165 0.0000000 0.1294655 0.1306136 0.1401637 0.3254811 
S0017_G6449_R1_A 0.1887533 0.1074978 0.1257221 0.1085717 0.1212124 0.1199729 0.1081350 0.1069558 0.1155991 0.1087487 0.1197367 0.1344877 0.1319825 0.1278081 0.1164652 0.1312415 0.1231515 0.1184316 0.1338063 0.1294655 0.0000000 0.1333241 0.1426580 0.3267901 
S0030_G6449_R1_A 0.1916791 0.1057860 0.1175067 0.1002691 0.1174777 0.1134281 0.1064774 0.0986100 0.1223291 0.1052550 0.1271373 0.1340138 0.1191598 0.1162686 0.1032012 0.1204856 0.1145905 0.0936851 0.1301481 0.1306136 0.1333241 0.0000000 0.1290315 0.3192938 
S0037_G6449_R1_A 0.2017009 0.1125075 0.1225458 0.1210362 0.1152194 0.1166503 0.1078537 0.1065080 0.1265238 0.1013243 0.1309775 0.1364310 0.1346380 0.1280506 0.0922129 0.0993665 0.0880065 0.1154134 0.1398113 0.1401637 0.1426580 0.1290315 0.0000000 0.3303609 
S0005_G6449_R1_A 0.4099837 0.2955155 0.3173475 0.2970910 0.2980087 0.3163139 0.3021599 0.2862124 0.3049388 0.3217709 0.3179397 0.3234365 0.3175608 0.3141952 0.3151543 0.3462395 0.3336406 0.3050892 0.3175640 0.3254811 0.3267901 0.3192938 0.3303609 0.0000000 
