22
S0005_G6457_R1_A 0.0000000 0.2267737 0.2371368 0.2455729 0.2820104 0.2229247 0.2336529 0.2350422 0.2254316 0.2198506 0.2289680 0.2262935 0.2285713 0.2425438 0.2309531 0.2218072 0.2496448 0.2490111 0.2418792 0.2311842 0.2383178 0.2465331 
S0028_G6457_R1_A 0.2267737 0.0000000 0.0851921 0.0896468 0.1369837 0.0662869 0.0758145 0.0768167 0.0826891 0.0701819 0.0789047 0.0788146 0.0732947 0.0884155 0.0763875 0.0757809 0.0953651 0.0924017 0.0904533 0.0782884 0.0851123 0.1005685 
S0016_G6457_R1_A 0.2371368 0.0851921 0.0000000 0.0838261 0.1436622 0.0869968 0.0777508 0.0753259 0.0817578 0.0744188 0.0847485 0.0839855 0.0847292 0.0873614 0.0783402 0.0742899 0.1062525 0.1067674 0.0956821 0.0732015 0.0772975 0.0956680 
S0018_G6457_R1_A 0.2455729 0.0896468 0.0838261 0.0000000 0.1495104 0.0941232 0.0818728 0.0858099 0.0938976 0.0854717 0.0910792 0.0910696 0.0885615 0.0930106 0.0887679 0.0811668 0.1118216 0.1134092 0.1005098 0.0789664 0.0539272 0.0899643 
S0012_G6457_R1_A 0.2820104 0.1369837 0.1436622 0.1495104 0.0000000 0.1329808 0.1391677 0.1427953 0.1291714 0.1156419 0.1282197 0.1153764 0.1397266 0.1474604 0.1238236 0.1373405 0.1428450 0.1441437 0.1380820 0.1439510 0.1430883 0.1581119 
S0021_G6457_R1_A 0.2229247 0.0662869 0.0869968 0.0941232 0.1329808 0.0000000 0.0787139 0.0768388 0.0810845 0.0708161 0.0836213 0.0782373 0.0716771 0.0867686 0.0764859 0.0814900 0.1010099 0.1014407 0.0956116 0.0841048 0.0851941 0.1052007 
S0022_G6457_R1_A 0.2336529 0.0758145 0.0777508 0.0818728 0.1391677 0.0787139 0.0000000 0.0599683 0.0795085 0.0697344 0.0780440 0.0796410 0.0764816 0.0807795 0.0761103 0.0664573 0.1007285 0.1022611 0.0908036 0.0734161 0.0740297 0.0967330 
S0030_G6457_R1_A 0.2350422 0.0768167 0.0753259 0.0858099 0.1427953 0.0768388 0.0599683 0.0000000 0.0800673 0.0687556 0.0830883 0.0823794 0.0775483 0.0766552 0.0800429 0.0685855 0.1026427 0.1024580 0.0946847 0.0697907 0.0780272 0.0976873 
S0011_G6457_R1_A 0.2254316 0.0826891 0.0817578 0.0938976 0.1291714 0.0810845 0.0795085 0.0800673 0.0000000 0.0531199 0.0662504 0.0616448 0.0782788 0.0882703 0.0577573 0.0819838 0.0883653 0.0889045 0.0827403 0.0788787 0.0881964 0.1044650 
S0019_G6457_R1_A 0.2198506 0.0701819 0.0744188 0.0854717 0.1156419 0.0708161 0.0697344 0.0687556 0.0531199 0.0000000 0.0354022 0.0483801 0.0669889 0.0791447 0.0503713 0.0700229 0.0813925 0.0779649 0.0731485 0.0751908 0.0791046 0.0948389 
S0020_G6457_R1_A 0.2289680 0.0789047 0.0847485 0.0910792 0.1282197 0.0836213 0.0780440 0.0830883 0.0662504 0.0354022 0.0000000 0.0609500 0.0785112 0.0955071 0.0619396 0.0833083 0.0921016 0.0914576 0.0864584 0.0871968 0.0865621 0.1038574 
S0036_G6457_R1_A 0.2262935 0.0788146 0.0839855 0.0910696 0.1153764 0.0782373 0.0796410 0.0823794 0.0616448 0.0483801 0.0609500 0.0000000 0.0766606 0.0894164 0.0580473 0.0754479 0.0901666 0.0883169 0.0793810 0.0798574 0.0857233 0.1052983 
S0026_G6457_R1_A 0.2285713 0.0732947 0.0847292 0.0885615 0.1397266 0.0716771 0.0764816 0.0775483 0.0782788 0.0669889 0.0785112 0.0766606 0.0000000 0.0877522 0.0726508 0.0748194 0.0954864 0.0924625 0.0898004 0.0801187 0.0820498 0.0974612 
S0017_G6457_R1_A 0.2425438 0.0884155 0.0873614 0.0930106 0.1474604 0.0867686 0.0807795 0.0766552 0.0882703 0.0791447 0.0955071 0.0894164 0.0877522 0.0000000 0.0900548 0.0801812 0.1111329 0.1079058 0.1039400 0.0827796 0.0843251 0.1022195 
S0002_G6457_R1_A 0.2309531 0.0763875 0.0783402 0.0887679 0.1238236 0.0764859 0.0761103 0.0800429 0.0577573 0.0503713 0.0619396 0.0580473 0.0726508 0.0900548 0.0000000 0.0783455 0.0804122 0.0809949 0.0737873 0.0745957 0.0819671 0.1008801 
S0046_G6457_R1_A 0.2218072 0.0757809 0.0742899 0.0811668 0.1373405 0.0814900 0.0664573 0.0685855 0.0819838 0.0700229 0.0833083 0.0754479 0.0748194 0.0801812 0.0783455 0.0000000 0.0994827 0.0999872 0.0908914 0.0693666 0.0763026 0.0917790 
S0048_G6457_R1_A 0.2496448 0.0953651 0.1062525 0.1118216 0.1428450 0.1010099 0.1007285 0.1026427 0.0883653 0.0813925 0.0921016 0.0901666 0.0954864 0.1111329 0.0804122 0.0994827 0.0000000 0.0167015 0.0868214 0.1009098 0.1049052 0.1224898 
S0050_G6457_R1_A 0.2490111 0.0924017 0.1067674 0.1134092 0.1441437 0.1014407 0.1022611 0.1024580 0.0889045 0.0779649 0.0914576 0.0883169 0.0924625 0.1079058 0.0809949 0.0999872 0.0167015 0.0000000 0.0838444 0.1014318 0.1059510 0.1242174 
S0013_G6457_R1_A 0.2418792 0.0904533 0.0956821 0.1005098 0.1380820 0.0956116 0.0908036 0.0946847 0.0827403 0.0731485 0.0864584 0.0793810 0.0898004 0.1039400 0.0737873 0.0908914 0.0868214 0.0838444 0.0000000 0.0932082 0.0947909 0.1145347 
S0004_G6457_R1_A 0.2311842 0.0782884 0.0732015 0.0789664 0.1439510 0.0841048 0.0734161 0.0697907 0.0788787 0.0751908 0.0871968 0.0798574 0.0801187 0.0827796 0.0745957 0.0693666 0.1009098 0.1014318 0.0932082 0.0000000 0.0727155 0.0891472 
S0031_G6457_R1_A 0.2383178 0.0851123 0.0772975 0.0539272 0.1430883 0.0851941 0.0740297 0.0780272 0.0881964 0.0791046 0.0865621 0.0857233 0.0820498 0.0843251 0.0819671 0.0763026 0.1049052 0.1059510 0.0947909 0.0727155 0.0000000 0.0818283 
S0037_G6457_R1_A 0.2465331 0.1005685 0.0956680 0.0899643 0.1581119 0.1052007 0.0967330 0.0976873 0.1044650 0.0948389 0.1038574 0.1052983 0.0974612 0.1022195 0.1008801 0.0917790 0.1224898 0.1242174 0.1145347 0.0891472 0.0818283 0.0000000 
