28
S0005_G6450_R1_A 0.0000000 0.2339968 0.2564205 0.2432562 0.2471724 0.2430571 0.2563638 0.2439184 0.2294447 0.2412972 0.2453530 0.2503677 0.2530347 0.2554588 0.2542526 0.2651235 0.2492060 0.2463554 0.2646894 0.2611549 0.2451670 0.2508084 0.2607536 0.2527682 0.2534123 0.2701508 0.2897792 0.2848691 
S0028_G6450_R1_A 0.2339968 0.0000000 0.0527256 0.0375931 0.0420241 0.0409839 0.0464915 0.0355990 0.0403659 0.0417842 0.0430967 0.0462169 0.0463613 0.0437819 0.0491139 0.0497944 0.0450583 0.0485179 0.0652414 0.0552864 0.0606984 0.0602542 0.0612346 0.0545937 0.0523797 0.0847743 0.0762196 0.0572761 
S0013_G6450_R1_A 0.2564205 0.0527256 0.0000000 0.0572076 0.0627775 0.0600890 0.0688224 0.0587805 0.0622784 0.0643018 0.0640771 0.0662343 0.0702921 0.0731268 0.0692418 0.0728672 0.0678935 0.0709103 0.0858273 0.0769153 0.0769126 0.0740464 0.0843391 0.0723651 0.0729429 0.1008793 0.1001468 0.0822928 
S0019_G6450_R1_A 0.2432562 0.0375931 0.0572076 0.0000000 0.0258183 0.0258039 0.0295625 0.0422608 0.0483284 0.0491818 0.0484048 0.0542453 0.0522878 0.0533528 0.0572548 0.0567594 0.0478358 0.0513190 0.0713992 0.0612706 0.0641135 0.0613641 0.0684243 0.0574282 0.0551918 0.0932179 0.0794164 0.0634480 
S0020_G6450_R1_A 0.2471724 0.0420241 0.0627775 0.0258183 0.0000000 0.0088510 0.0359216 0.0441194 0.0533274 0.0541638 0.0491738 0.0560953 0.0547531 0.0573658 0.0622274 0.0597652 0.0522552 0.0557307 0.0721640 0.0620569 0.0672039 0.0644899 0.0703035 0.0593098 0.0570723 0.0922076 0.0859860 0.0650842 
S0020_G6450_R2_A 0.2430571 0.0409839 0.0600890 0.0258039 0.0088510 0.0000000 0.0349013 0.0430726 0.0522487 0.0530870 0.0481160 0.0560599 0.0541956 0.0557515 0.0605930 0.0576761 0.0517257 0.0551992 0.0710338 0.0609598 0.0671615 0.0649982 0.0691816 0.0587346 0.0565018 0.0915835 0.0847966 0.0651183 
S0019_G6450_R2_A 0.2563638 0.0464915 0.0688224 0.0295625 0.0359216 0.0349013 0.0000000 0.0497371 0.0591614 0.0583901 0.0581095 0.0635026 0.0627032 0.0620881 0.0682598 0.0668562 0.0554908 0.0590135 0.0753515 0.0689204 0.0769563 0.0729845 0.0775353 0.0637142 0.0619761 0.0939692 0.0900153 0.0734283 
S0002_G6450_R1_A 0.2439184 0.0355990 0.0587805 0.0422608 0.0441194 0.0430726 0.0497371 0.0000000 0.0482332 0.0512727 0.0447422 0.0473590 0.0480270 0.0470831 0.0565784 0.0525195 0.0413788 0.0458696 0.0693519 0.0608419 0.0658650 0.0637355 0.0690469 0.0530378 0.0508309 0.0915480 0.0775870 0.0662885 
S0021_G6450_R1_A 0.2294447 0.0403659 0.0622784 0.0483284 0.0533274 0.0522487 0.0591614 0.0482332 0.0000000 0.0210684 0.0501425 0.0561232 0.0590610 0.0580047 0.0547729 0.0643884 0.0560828 0.0623847 0.0757690 0.0643853 0.0638908 0.0640323 0.0722722 0.0659572 0.0642071 0.0914239 0.0904691 0.0652910 
S0021_G6450_R2_A 0.2412972 0.0417842 0.0643018 0.0491818 0.0541638 0.0530870 0.0583901 0.0512727 0.0210684 0.0000000 0.0532260 0.0575488 0.0594268 0.0593720 0.0556810 0.0646130 0.0585292 0.0637574 0.0771998 0.0663535 0.0699252 0.0689567 0.0741755 0.0657296 0.0645971 0.0963312 0.0942404 0.0675867 
S0030_G6450_R1_A 0.2453530 0.0430967 0.0640771 0.0484048 0.0491738 0.0481160 0.0581095 0.0447422 0.0501425 0.0532260 0.0000000 0.0253337 0.0563414 0.0537040 0.0618433 0.0593494 0.0534058 0.0563616 0.0745341 0.0648744 0.0702729 0.0708795 0.0693126 0.0589495 0.0572370 0.0939406 0.0882895 0.0644026 
S0030_G6450_R2_A 0.2503677 0.0462169 0.0662343 0.0542453 0.0560953 0.0560599 0.0635026 0.0473590 0.0561232 0.0575488 0.0253337 0.0000000 0.0579900 0.0548210 0.0662683 0.0626175 0.0582167 0.0611848 0.0784705 0.0676344 0.0743478 0.0727162 0.0721054 0.0633639 0.0610934 0.0998020 0.0917727 0.0684650 
S0046_G6450_R1_A 0.2530347 0.0463613 0.0702921 0.0522878 0.0547531 0.0541956 0.0627032 0.0480270 0.0590610 0.0594268 0.0563414 0.0579900 0.0000000 0.0544007 0.0692745 0.0605423 0.0561802 0.0597504 0.0828637 0.0734960 0.0768551 0.0751281 0.0791283 0.0621574 0.0610464 0.1023732 0.0862321 0.0785521 
S0016_G6450_R1_A 0.2554588 0.0437819 0.0731268 0.0533528 0.0573658 0.0557515 0.0620881 0.0470831 0.0580047 0.0593720 0.0537040 0.0548210 0.0544007 0.0000000 0.0698644 0.0606545 0.0547731 0.0610049 0.0765679 0.0673542 0.0797771 0.0775923 0.0740230 0.0657205 0.0634303 0.0990574 0.0874470 0.0737825 
S0026_G6450_R1_A 0.2542526 0.0491139 0.0692418 0.0572548 0.0622274 0.0605930 0.0682598 0.0565784 0.0547729 0.0556810 0.0618433 0.0662683 0.0692745 0.0698644 0.0000000 0.0719215 0.0652243 0.0682432 0.0829922 0.0736029 0.0809708 0.0764454 0.0804992 0.0691324 0.0684543 0.1024765 0.0996984 0.0753323 
S0017_G6450_R1_A 0.2651235 0.0497944 0.0728672 0.0567594 0.0597652 0.0576761 0.0668562 0.0525195 0.0643884 0.0646130 0.0593494 0.0626175 0.0605423 0.0606545 0.0719215 0.0000000 0.0615526 0.0651033 0.0828504 0.0760807 0.0826654 0.0797452 0.0805691 0.0654123 0.0653659 0.1088923 0.0920705 0.0753593 
S0011_G6450_R1_A 0.2492060 0.0450583 0.0678935 0.0478358 0.0522552 0.0517257 0.0554908 0.0413788 0.0560828 0.0585292 0.0534058 0.0582167 0.0561802 0.0547731 0.0652243 0.0615526 0.0000000 0.0118129 0.0794226 0.0711719 0.0783650 0.0733359 0.0774082 0.0615348 0.0592632 0.0994369 0.0865714 0.0720270 
S0011_G6450_R2_A 0.2463554 0.0485179 0.0709103 0.0513190 0.0557307 0.0551992 0.0590135 0.0458696 0.0623847 0.0637574 0.0563616 0.0611848 0.0597504 0.0610049 0.0682432 0.0651033 0.0118129 0.0000000 0.0802546 0.0742012 0.0797841 0.0781814 0.0804570 0.0645753 0.0606750 0.1037526 0.0909268 0.0781979 
S0018_G6450_R1_A 0.2646894 0.0652414 0.0858273 0.0713992 0.0721640 0.0710338 0.0753515 0.0693519 0.0757690 0.0771998 0.0745341 0.0784705 0.0828637 0.0765679 0.0829922 0.0828504 0.0794226 0.0802546 0.0000000 0.0303807 0.0931243 0.0884399 0.0635880 0.0865884 0.0869902 0.0665969 0.1101203 0.0838277 
S0031_G6450_R1_A 0.2611549 0.0552864 0.0769153 0.0612706 0.0620569 0.0609598 0.0689204 0.0608419 0.0643853 0.0663535 0.0648744 0.0676344 0.0734960 0.0673542 0.0736029 0.0760807 0.0711719 0.0742012 0.0303807 0.0000000 0.0838080 0.0820928 0.0595766 0.0769273 0.0751268 0.0576829 0.1011872 0.0791818 
S0048_G6450_R1_A 0.2451670 0.0606984 0.0769126 0.0641135 0.0672039 0.0671615 0.0769563 0.0658650 0.0638908 0.0699252 0.0702729 0.0743478 0.0768551 0.0797771 0.0809708 0.0826654 0.0783650 0.0797841 0.0931243 0.0838080 0.0000000 0.0334995 0.0909814 0.0829547 0.0798889 0.1140491 0.0995777 0.0903668 
S0050_G6450_R1_A 0.2508084 0.0602542 0.0740464 0.0613641 0.0644899 0.0649982 0.0729845 0.0637355 0.0640323 0.0689567 0.0708795 0.0727162 0.0751281 0.0775923 0.0764454 0.0797452 0.0733359 0.0781814 0.0884399 0.0820928 0.0334995 0.0000000 0.0892940 0.0801123 0.0787996 0.1103474 0.1019541 0.0838439 
S0004_G6450_R1_A 0.2607536 0.0612346 0.0843391 0.0684243 0.0703035 0.0691816 0.0775353 0.0690469 0.0722722 0.0741755 0.0693126 0.0721054 0.0791283 0.0740230 0.0804992 0.0805691 0.0774082 0.0804570 0.0635880 0.0595766 0.0909814 0.0892940 0.0000000 0.0816328 0.0814574 0.0879157 0.1103084 0.0821815 
S0036_G6450_R1_A 0.2527682 0.0545937 0.0723651 0.0574282 0.0593098 0.0587346 0.0637142 0.0530378 0.0659572 0.0657296 0.0589495 0.0633639 0.0621574 0.0657205 0.0691324 0.0654123 0.0615348 0.0645753 0.0865884 0.0769273 0.0829547 0.0801123 0.0816328 0.0000000 0.0075511 0.1060180 0.0986075 0.0786395 
S0036_G6450_R2_A 0.2534123 0.0523797 0.0729429 0.0551918 0.0570723 0.0565018 0.0619761 0.0508309 0.0642071 0.0645971 0.0572370 0.0610934 0.0610464 0.0634303 0.0684543 0.0653659 0.0592632 0.0606750 0.0869902 0.0751268 0.0798889 0.0787996 0.0814574 0.0075511 0.0000000 0.1046232 0.0947621 0.0778103 
S0037_G6450_R1_A 0.2701508 0.0847743 0.1008793 0.0932179 0.0922076 0.0915835 0.0939692 0.0915480 0.0914239 0.0963312 0.0939406 0.0998020 0.1023732 0.0990574 0.1024765 0.1088923 0.0994369 0.1037526 0.0665969 0.0576829 0.1140491 0.1103474 0.0879157 0.1060180 0.1046232 0.0000000 0.1287813 0.1067269 
S0012_G6450_R1_A 0.2897792 0.0762196 0.1001468 0.0794164 0.0859860 0.0847966 0.0900153 0.0775870 0.0904691 0.0942404 0.0882895 0.0917727 0.0862321 0.0874470 0.0996984 0.0920705 0.0865714 0.0909268 0.1101203 0.1011872 0.0995777 0.1019541 0.1103084 0.0986075 0.0947621 0.1287813 0.0000000 0.1099975 
S0022_G6450_R1_A 0.2848691 0.0572761 0.0822928 0.0634480 0.0650842 0.0651183 0.0734283 0.0662885 0.0652910 0.0675867 0.0644026 0.0684650 0.0785521 0.0737825 0.0753323 0.0753593 0.0720270 0.0781979 0.0838277 0.0791818 0.0903668 0.0838439 0.0821815 0.0786395 0.0778103 0.1067269 0.1099975 0.0000000 
