21
S0005_G6460_R1_A 0.0000000 0.2573103 0.2583483 0.2733729 0.3028626 0.2841483 0.3172475 0.2688967 0.3007803 0.2704760 0.2551987 0.2959845 0.2715760 0.2757285 0.2858319 0.2833816 0.2861975 0.2599515 0.2918634 0.2815786 0.3273334 
S0019_G6460_R1_A 0.2573103 0.0000000 0.0207287 0.0673885 0.0985249 0.0829596 0.1047898 0.0731549 0.0989491 0.0806103 0.0632862 0.0868627 0.0711051 0.0757152 0.1074173 0.1068626 0.0861805 0.0694096 0.1086595 0.0950742 0.1484011 
S0020_G6460_R1_A 0.2583483 0.0207287 0.0000000 0.0666213 0.0988750 0.0813959 0.1050621 0.0684486 0.0957359 0.0830503 0.0625732 0.0870102 0.0708080 0.0721959 0.1050888 0.1044903 0.0875174 0.0672334 0.1079752 0.0966840 0.1484350 
S0022_G6460_R1_A 0.2733729 0.0673885 0.0666213 0.0000000 0.1020077 0.0890394 0.1050707 0.0834051 0.1023579 0.0814428 0.0711158 0.0959517 0.0809097 0.0855840 0.1180184 0.1193236 0.0942074 0.0801703 0.1083382 0.1073952 0.1536428 
S0018_G6460_R1_A 0.3028626 0.0985249 0.0988750 0.1020077 0.0000000 0.0527490 0.0856005 0.1110892 0.1401687 0.1190637 0.1034784 0.1301495 0.1079668 0.1224983 0.1534520 0.1537889 0.1056276 0.1122721 0.1157236 0.1352889 0.1865372 
S0031_G6460_R1_A 0.2841483 0.0829596 0.0813959 0.0890394 0.0527490 0.0000000 0.0736955 0.0988363 0.1236760 0.1076814 0.0915204 0.1119761 0.0984950 0.1103109 0.1383178 0.1375186 0.0912887 0.0954957 0.1076989 0.1229495 0.1747766 
S0037_G6460_R1_A 0.3172475 0.1047898 0.1050621 0.1050707 0.0856005 0.0736955 0.0000000 0.1218598 0.1477212 0.1295587 0.1103877 0.1287944 0.1172150 0.1283392 0.1614828 0.1597049 0.1128156 0.1160949 0.1280741 0.1465306 0.1941193 
S0026_G6460_R1_A 0.2688967 0.0731549 0.0684486 0.0834051 0.1110892 0.0988363 0.1218598 0.0000000 0.1091853 0.0998145 0.0730660 0.1030517 0.0893241 0.0937122 0.1166527 0.1152284 0.0995569 0.0869841 0.1210975 0.1103177 0.1528212 
S0017_G6460_R1_A 0.3007803 0.0989491 0.0957359 0.1023579 0.1401687 0.1236760 0.1477212 0.1091853 0.0000000 0.1194958 0.1053883 0.1313055 0.1192696 0.1234112 0.1463455 0.1487878 0.1277011 0.1144683 0.1472968 0.1358362 0.1807741 
S0030_G6460_R1_A 0.2704760 0.0806103 0.0830503 0.0814428 0.1190637 0.1076814 0.1295587 0.0998145 0.1194958 0.0000000 0.0874934 0.1067843 0.1028293 0.0945570 0.1189486 0.1146160 0.1029128 0.0905178 0.1027633 0.1005103 0.1466717 
S0028_G6460_R1_A 0.2551987 0.0632862 0.0625732 0.0711158 0.1034784 0.0915204 0.1103877 0.0730660 0.1053883 0.0874934 0.0000000 0.0939168 0.0782902 0.0832828 0.1151767 0.1127970 0.0912356 0.0769847 0.1060536 0.0930644 0.1505434 
S0013_G6460_R1_A 0.2959845 0.0868627 0.0870102 0.0959517 0.1301495 0.1119761 0.1287944 0.1030517 0.1313055 0.1067843 0.0939168 0.0000000 0.1056305 0.1046397 0.1365755 0.1336148 0.1131639 0.0965698 0.1249965 0.1242780 0.1741872 
S0046_G6460_R1_A 0.2715760 0.0711051 0.0708080 0.0809097 0.1079668 0.0984950 0.1172150 0.0893241 0.1192696 0.1028293 0.0782902 0.1056305 0.0000000 0.0989591 0.1243849 0.1242651 0.1017368 0.0923265 0.1188981 0.1149277 0.1605435 
S0002_G6460_R1_A 0.2757285 0.0757152 0.0721959 0.0855840 0.1224983 0.1103109 0.1283392 0.0937122 0.1234112 0.0945570 0.0832828 0.1046397 0.0989591 0.0000000 0.1206270 0.1171429 0.0992743 0.0734585 0.1122338 0.0961827 0.1504380 
S0021_G6460_R1_A 0.2858319 0.1074173 0.1050888 0.1180184 0.1534520 0.1383178 0.1614828 0.1166527 0.1463455 0.1189486 0.1151767 0.1365755 0.1243849 0.1206270 0.0000000 0.0216460 0.1228013 0.1078178 0.1194110 0.1165289 0.1646778 
S0021_G6460_R2_A 0.2833816 0.1068626 0.1044903 0.1193236 0.1537889 0.1375186 0.1597049 0.1152284 0.1487878 0.1146160 0.1127970 0.1336148 0.1242651 0.1171429 0.0216460 0.0000000 0.1242588 0.1075944 0.1219364 0.1166100 0.1708942 
S0016_G6460_R1_A 0.2861975 0.0861805 0.0875174 0.0942074 0.1056276 0.0912887 0.1128156 0.0995569 0.1277011 0.1029128 0.0912356 0.1131639 0.1017368 0.0992743 0.1228013 0.1242588 0.0000000 0.0937189 0.1038431 0.1143076 0.1622758 
S0011_G6460_R1_A 0.2599515 0.0694096 0.0672334 0.0801703 0.1122721 0.0954957 0.1160949 0.0869841 0.1144683 0.0905178 0.0769847 0.0965698 0.0923265 0.0734585 0.1078178 0.1075944 0.0937189 0.0000000 0.1046066 0.0904983 0.1447632 
S0004_G6460_R1_A 0.2918634 0.1086595 0.1079752 0.1083382 0.1157236 0.1076989 0.1280741 0.1210975 0.1472968 0.1027633 0.1060536 0.1249965 0.1188981 0.1122338 0.1194110 0.1219364 0.1038431 0.1046066 0.0000000 0.1192479 0.1652581 
S0036_G6460_R1_A 0.2815786 0.0950742 0.0966840 0.1073952 0.1352889 0.1229495 0.1465306 0.1103177 0.1358362 0.1005103 0.0930644 0.1242780 0.1149277 0.0961827 0.1165289 0.1166100 0.1143076 0.0904983 0.1192479 0.0000000 0.1598646 
S0012_G6460_R1_A 0.3273334 0.1484011 0.1484350 0.1536428 0.1865372 0.1747766 0.1941193 0.1528212 0.1807741 0.1466717 0.1505434 0.1741872 0.1605435 0.1504380 0.1646778 0.1708942 0.1622758 0.1447632 0.1652581 0.1598646 0.0000000 
