25
S0005_G6462_R1_A 0.0000000 0.3726585 0.3091614 0.3178419 0.3184677 0.3197201 0.3711363 0.3570009 0.4000636 0.3397713 0.3525135 0.3274221 0.3467292 0.3322352 0.3257198 0.3491701 0.3556298 0.3243368 0.3122350 0.3629711 0.3620058 0.3869141 0.3432975 0.3427738 0.3550731 
S0012_G6462_R1_A 0.3726585 0.0000000 0.1310130 0.1366794 0.1408425 0.1347005 0.1668351 0.1597860 0.1816022 0.1568349 0.1717543 0.1387394 0.1433415 0.1435601 0.1409803 0.1520934 0.1512908 0.1401691 0.1334768 0.1538670 0.1610350 0.1558003 0.1666846 0.1587043 0.1764217 
S0028_G6462_R1_A 0.3091614 0.1310130 0.0000000 0.0572363 0.0613486 0.0572881 0.1036798 0.1117339 0.1237310 0.0756703 0.1034327 0.0618672 0.0607569 0.0697200 0.0583779 0.0674125 0.0724993 0.0579254 0.0534625 0.0833911 0.0914360 0.0995800 0.1021993 0.0798101 0.1112438 
S0020_G6462_R1_A 0.3178419 0.1366794 0.0572363 0.0000000 0.0470169 0.0353181 0.1092367 0.1133656 0.1223442 0.0595313 0.0879879 0.0547247 0.0599080 0.0681697 0.0667874 0.0698332 0.0779884 0.0676517 0.0642545 0.0875108 0.0933523 0.0994767 0.0945318 0.0801478 0.1120332 
S0002_G6462_R1_A 0.3184677 0.1408425 0.0613486 0.0470169 0.0000000 0.0470786 0.1136515 0.1201175 0.1293114 0.0618035 0.0916201 0.0534465 0.0652815 0.0768920 0.0710004 0.0721154 0.0784009 0.0757341 0.0709429 0.0920468 0.0937830 0.1044380 0.1012498 0.0853058 0.1140453 
S0019_G6462_R1_A 0.3197201 0.1347005 0.0572881 0.0353181 0.0470786 0.0000000 0.1050221 0.1111093 0.1159042 0.0620652 0.0827181 0.0500820 0.0623539 0.0632690 0.0674971 0.0667182 0.0749403 0.0664710 0.0606756 0.0824656 0.0868132 0.0943787 0.0947028 0.0763836 0.1045447 
S0050_G6462_R1_A 0.3711363 0.1668351 0.1036798 0.1092367 0.1136515 0.1050221 0.0000000 0.0245955 0.0323090 0.1328124 0.1421245 0.1079766 0.1137684 0.1062078 0.1202122 0.1233164 0.1247427 0.1198001 0.1144193 0.1166593 0.1334799 0.1396897 0.1328107 0.1255572 0.1530096 
S0048_G6462_R1_A 0.3570009 0.1597860 0.1117339 0.1133656 0.1201175 0.1111093 0.0245955 0.0000000 0.0350261 0.1337208 0.1429723 0.1109861 0.1162346 0.1077448 0.1258463 0.1286987 0.1302307 0.1235012 0.1174258 0.1144637 0.1357596 0.1381644 0.1274298 0.1239195 0.1407066 
S0050_G6462_R2_A 0.4000636 0.1816022 0.1237310 0.1223442 0.1293114 0.1159042 0.0323090 0.0350261 0.0000000 0.1458771 0.1480688 0.1222148 0.1283982 0.1157614 0.1364795 0.1358045 0.1419522 0.1367328 0.1284827 0.1306963 0.1458672 0.1473099 0.1454853 0.1379781 0.1583296 
S0011_G6462_R1_A 0.3397713 0.1568349 0.0756703 0.0595313 0.0618035 0.0620652 0.1328124 0.1337208 0.1458771 0.0000000 0.0292691 0.0635099 0.0845856 0.0862747 0.0813334 0.0856880 0.0908613 0.0848118 0.0800275 0.1031973 0.1019099 0.1191936 0.1158918 0.0978060 0.1208605 
S0011_G6462_R2_A 0.3525135 0.1717543 0.1034327 0.0879879 0.0916201 0.0827181 0.1421245 0.1429723 0.1480688 0.0292691 0.0000000 0.0848519 0.1093695 0.1117150 0.1103324 0.1142693 0.1138749 0.1095619 0.1041164 0.1129319 0.1100503 0.1369122 0.1210325 0.1160696 0.1358218 
S0036_G6462_R1_A 0.3274221 0.1387394 0.0618672 0.0547247 0.0534465 0.0500820 0.1079766 0.1109861 0.1222148 0.0635099 0.0848519 0.0000000 0.0682747 0.0669555 0.0718196 0.0746027 0.0783984 0.0727332 0.0698716 0.0832818 0.0878325 0.1017504 0.0986149 0.0787313 0.1035677 
S0016_G6462_R1_A 0.3467292 0.1433415 0.0607569 0.0599080 0.0652815 0.0623539 0.1137684 0.1162346 0.1283982 0.0845856 0.1093695 0.0682747 0.0000000 0.0743325 0.0734681 0.0716945 0.0693112 0.0810787 0.0723242 0.0766103 0.1002202 0.0939674 0.1085099 0.0842980 0.1220020 
S0013_G6462_R1_A 0.3322352 0.1435601 0.0697200 0.0681697 0.0768920 0.0632690 0.1062078 0.1077448 0.1157614 0.0862747 0.1117150 0.0669555 0.0743325 0.0000000 0.0858431 0.0781809 0.0856371 0.0832257 0.0763509 0.0920408 0.0990861 0.1065051 0.1145835 0.0922979 0.1232892 
S0026_G6462_R1_A 0.3257198 0.1409803 0.0583779 0.0667874 0.0710004 0.0674971 0.1202122 0.1258463 0.1364795 0.0813334 0.1103324 0.0718196 0.0734681 0.0858431 0.0000000 0.0842225 0.0837125 0.0657844 0.0623957 0.0963066 0.1045215 0.1093048 0.1156878 0.0938549 0.1151920 
S0004_G6462_R1_A 0.3491701 0.1520934 0.0674125 0.0698332 0.0721154 0.0667182 0.1233164 0.1286987 0.1358045 0.0856880 0.1142693 0.0746027 0.0716945 0.0781809 0.0842225 0.0000000 0.0659761 0.0840155 0.0807781 0.0793379 0.1005974 0.0951657 0.1130129 0.0901113 0.1176532 
S0031_G6462_R1_A 0.3556298 0.1512908 0.0724993 0.0779884 0.0784009 0.0749403 0.1247427 0.1302307 0.1419522 0.0908613 0.1138749 0.0783984 0.0693112 0.0856371 0.0837125 0.0659761 0.0000000 0.0859051 0.0823146 0.0590057 0.1023748 0.0947527 0.1127635 0.0941173 0.1151164 
S0021_G6462_R1_A 0.3243368 0.1401691 0.0579254 0.0676517 0.0757341 0.0664710 0.1198001 0.1235012 0.1367328 0.0848118 0.1095619 0.0727332 0.0810787 0.0832257 0.0657844 0.0840155 0.0859051 0.0000000 0.0506368 0.0979649 0.1025915 0.1080534 0.1162495 0.0941055 0.1236293 
S0021_G6462_R2_A 0.3122350 0.1334768 0.0534625 0.0642545 0.0709429 0.0606756 0.1144193 0.1174258 0.1284827 0.0800275 0.1041164 0.0698716 0.0723242 0.0763509 0.0623957 0.0807781 0.0823146 0.0506368 0.0000000 0.0879218 0.0972866 0.1004952 0.1101591 0.0879381 0.1166292 
S0018_G6462_R1_A 0.3629711 0.1538670 0.0833911 0.0875108 0.0920468 0.0824656 0.1166593 0.1144637 0.1306963 0.1031973 0.1129319 0.0832818 0.0766103 0.0920408 0.0963066 0.0793379 0.0590057 0.0979649 0.0879218 0.0000000 0.1068821 0.0916746 0.1152875 0.0991051 0.1167206 
S0017_G6462_R1_A 0.3620058 0.1610350 0.0914360 0.0933523 0.0937830 0.0868132 0.1334799 0.1357596 0.1458672 0.1019099 0.1100503 0.0878325 0.1002202 0.0990861 0.1045215 0.1005974 0.1023748 0.1025915 0.0972866 0.1068821 0.0000000 0.1192941 0.1215343 0.1039126 0.1312475 
S0037_G6462_R1_A 0.3869141 0.1558003 0.0995800 0.0994767 0.1044380 0.0943787 0.1396897 0.1381644 0.1473099 0.1191936 0.1369122 0.1017504 0.0939674 0.1065051 0.1093048 0.0951657 0.0947527 0.1080534 0.1004952 0.0916746 0.1192941 0.0000000 0.1298106 0.1026446 0.1381806 
S0030_G6462_R1_A 0.3432975 0.1666846 0.1021993 0.0945318 0.1012498 0.0947028 0.1328107 0.1274298 0.1454853 0.1158918 0.1210325 0.0986149 0.1085099 0.1145835 0.1156878 0.1130129 0.1127635 0.1162495 0.1101591 0.1152875 0.1215343 0.1298106 0.0000000 0.0982569 0.1375712 
S0022_G6462_R1_A 0.3427738 0.1587043 0.0798101 0.0801478 0.0853058 0.0763836 0.1255572 0.1239195 0.1379781 0.0978060 0.1160696 0.0787313 0.0842980 0.0922979 0.0938549 0.0901113 0.0941173 0.0941055 0.0879381 0.0991051 0.1039126 0.1026446 0.0982569 0.0000000 0.1233061 
S0046_G6462_R1_A 0.3550731 0.1764217 0.1112438 0.1120332 0.1140453 0.1045447 0.1530096 0.1407066 0.1583296 0.1208605 0.1358218 0.1035677 0.1220020 0.1232892 0.1151920 0.1176532 0.1151164 0.1236293 0.1166292 0.1167206 0.1312475 0.1381806 0.1375712 0.1233061 0.0000000 
