23
S0005_G6494_R1_A 0.0000000 0.3055778 0.2622301 0.2821977 0.3113924 0.2764279 0.2829545 0.2991406 0.3022678 0.2625409 0.2879310 0.2767690 0.2918809 0.2722143 0.2965609 0.2347554 0.2497573 0.3332866 0.2812823 0.2997659 0.3140142 0.2370334 0.2584751 
S0046_G6494_R1_A 0.3055778 0.0000000 0.0615740 0.0653112 0.0799695 0.0663930 0.0697652 0.0659119 0.0761121 0.0530209 0.0676111 0.0632722 0.0754442 0.0588410 0.0690274 0.0708954 0.0782472 0.0965530 0.0721956 0.0779266 0.0814960 0.0604551 0.1107592 
S0026_G6494_R1_A 0.2622301 0.0615740 0.0000000 0.0576832 0.0718088 0.0595973 0.0598494 0.0571028 0.0543680 0.0510308 0.0653629 0.0554102 0.0716833 0.0563655 0.0611855 0.0657433 0.0728484 0.0866785 0.0528512 0.0710234 0.0725313 0.0521722 0.1053343 
S0016_G6494_R1_A 0.2821977 0.0653112 0.0576832 0.0000000 0.0690479 0.0600105 0.0633591 0.0619108 0.0682619 0.0511113 0.0646267 0.0552108 0.0692621 0.0547973 0.0558066 0.0604679 0.0679446 0.0886504 0.0693620 0.0721714 0.0766926 0.0542228 0.0991736 
S0017_G6494_R1_A 0.3113924 0.0799695 0.0718088 0.0690479 0.0000000 0.0750744 0.0789724 0.0778436 0.0808885 0.0615292 0.0805940 0.0724754 0.0836978 0.0683565 0.0716981 0.0735445 0.0772282 0.0968117 0.0816417 0.0874626 0.0971415 0.0663329 0.1154489 
S0002_G6494_R1_A 0.2764279 0.0663930 0.0595973 0.0600105 0.0750744 0.0000000 0.0488447 0.0476147 0.0674905 0.0401071 0.0671913 0.0593805 0.0737146 0.0529541 0.0612439 0.0616477 0.0702466 0.0895870 0.0632026 0.0671440 0.0786739 0.0482168 0.0960905 
S0011_G6494_R1_A 0.2829545 0.0697652 0.0598494 0.0633591 0.0789724 0.0488447 0.0000000 0.0573270 0.0720539 0.0473532 0.0714700 0.0629937 0.0756549 0.0564739 0.0671920 0.0626070 0.0699233 0.0892367 0.0644224 0.0718901 0.0820108 0.0561131 0.1013384 
S0020_G6494_R1_A 0.2991406 0.0659119 0.0571028 0.0619108 0.0778436 0.0476147 0.0573270 0.0000000 0.0725358 0.0426231 0.0697119 0.0603049 0.0723560 0.0543505 0.0624336 0.0667753 0.0743695 0.0907617 0.0661192 0.0679266 0.0817313 0.0505344 0.1010900 
S0028_G6494_R1_A 0.3022678 0.0761121 0.0543680 0.0682619 0.0808885 0.0674905 0.0720539 0.0725358 0.0000000 0.0584699 0.0730900 0.0645220 0.0780024 0.0615656 0.0693388 0.0692097 0.0785489 0.0965016 0.0679396 0.0811571 0.0859132 0.0617076 0.1130915 
S0036_G6494_R1_A 0.2625409 0.0530209 0.0510308 0.0511113 0.0615292 0.0401071 0.0473532 0.0426231 0.0584699 0.0000000 0.0610762 0.0520943 0.0675358 0.0444958 0.0525420 0.0530005 0.0591912 0.0732257 0.0593834 0.0545865 0.0689521 0.0390446 0.0975136 
S0004_G6494_R1_A 0.2879310 0.0676111 0.0653629 0.0646267 0.0805940 0.0671913 0.0714700 0.0697119 0.0730900 0.0610762 0.0000000 0.0439149 0.0612508 0.0644484 0.0637005 0.0777074 0.0837114 0.0972305 0.0662372 0.0767770 0.0685361 0.0657379 0.1064304 
S0031_G6494_R1_A 0.2767690 0.0632722 0.0554102 0.0552108 0.0724754 0.0593805 0.0629937 0.0603049 0.0645220 0.0520943 0.0439149 0.0000000 0.0432583 0.0561818 0.0593522 0.0655761 0.0723860 0.0889850 0.0618085 0.0734813 0.0545169 0.0545005 0.1028798 
S0018_G6494_R1_A 0.2918809 0.0754442 0.0716833 0.0692621 0.0836978 0.0737146 0.0756549 0.0723560 0.0780024 0.0675358 0.0612508 0.0432583 0.0000000 0.0732208 0.0740867 0.0816618 0.0880846 0.1050309 0.0746561 0.0859084 0.0698690 0.0694962 0.1176177 
S0030_G6494_R1_A 0.2722143 0.0588410 0.0563655 0.0547973 0.0683565 0.0529541 0.0564739 0.0543505 0.0615656 0.0444958 0.0644484 0.0561818 0.0732208 0.0000000 0.0577379 0.0602355 0.0645209 0.0803733 0.0640986 0.0617133 0.0768453 0.0513844 0.0993475 
S0022_G6494_R1_A 0.2965609 0.0690274 0.0611855 0.0558066 0.0716981 0.0612439 0.0671920 0.0624336 0.0693388 0.0525420 0.0637005 0.0593522 0.0740867 0.0577379 0.0000000 0.0651453 0.0740925 0.0918268 0.0724448 0.0756756 0.0797430 0.0576452 0.1010604 
S0048_G6494_R1_A 0.2347554 0.0708954 0.0657433 0.0604679 0.0735445 0.0616477 0.0626070 0.0667753 0.0692097 0.0530005 0.0777074 0.0655761 0.0816618 0.0602355 0.0651453 0.0000000 0.0153362 0.0324542 0.0726494 0.0623861 0.0841712 0.0574302 0.1020630 
S0050_G6494_R2_A 0.2497573 0.0782472 0.0728484 0.0679446 0.0772282 0.0702466 0.0699233 0.0743695 0.0785489 0.0591912 0.0837114 0.0723860 0.0880846 0.0645209 0.0740925 0.0153362 0.0000000 0.0271544 0.0781493 0.0682636 0.0921057 0.0640655 0.1120504 
S0050_G6494_R1_A 0.3332866 0.0965530 0.0866785 0.0886504 0.0968117 0.0895870 0.0892367 0.0907617 0.0965016 0.0732257 0.0972305 0.0889850 0.1050309 0.0803733 0.0918268 0.0324542 0.0271544 0.0000000 0.0969388 0.0774432 0.1115899 0.0790363 0.1285414 
S0021_G6494_R1_A 0.2812823 0.0721956 0.0528512 0.0693620 0.0816417 0.0632026 0.0644224 0.0661192 0.0679396 0.0593834 0.0662372 0.0618085 0.0746561 0.0640986 0.0724448 0.0726494 0.0781493 0.0969388 0.0000000 0.0761839 0.0805828 0.0659279 0.1072185 
S0013_G6494_R1_A 0.2997659 0.0779266 0.0710234 0.0721714 0.0874626 0.0671440 0.0718901 0.0679266 0.0811571 0.0545865 0.0767770 0.0734813 0.0859084 0.0617133 0.0756756 0.0623861 0.0682636 0.0774432 0.0761839 0.0000000 0.0956379 0.0615832 0.1057832 
S0037_G6494_R1_A 0.3140142 0.0814960 0.0725313 0.0766926 0.0971415 0.0786739 0.0820108 0.0817313 0.0859132 0.0689521 0.0685361 0.0545169 0.0698690 0.0768453 0.0797430 0.0841712 0.0921057 0.1115899 0.0805828 0.0956379 0.0000000 0.0661637 0.1162656 
S0019_G6494_R1_A 0.2370334 0.0604551 0.0521722 0.0542228 0.0663329 0.0482168 0.0561131 0.0505344 0.0617076 0.0390446 0.0657379 0.0545005 0.0694962 0.0513844 0.0576452 0.0574302 0.0640655 0.0790363 0.0659279 0.0615832 0.0661637 0.0000000 0.0964558 
S0012_G6494_R1_A 0.2584751 0.1107592 0.1053343 0.0991736 0.1154489 0.0960905 0.1013384 0.1010900 0.1130915 0.0975136 0.1064304 0.1028798 0.1176177 0.0993475 0.1010604 0.1020630 0.1120504 0.1285414 0.1072185 0.1057832 0.1162656 0.0964558 0.0000000 
