23
S0030_G6499_R2_A 0.0000000 0.1384401 0.1370070 0.1425849 0.1888227 0.1614871 0.1388932 0.1457478 0.1460953 0.1475121 0.1647823 0.1508644 0.3239808 0.1457731 0.1465449 0.1324842 0.1367755 0.1549869 0.1574622 0.1593482 0.1613298 0.1486349 0.1655538 
S0021_G6499_R1_A 0.1384401 0.0000000 0.1001213 0.0787987 0.1296507 0.1248284 0.0820906 0.0841846 0.0871365 0.0863393 0.1003499 0.0802385 0.2886801 0.1095105 0.1164305 0.0723476 0.0770905 0.0901422 0.0981343 0.1145873 0.1026465 0.1232138 0.1195829 
S0031_G6499_R1_A 0.1370070 0.1001213 0.0000000 0.1044932 0.1473838 0.0727407 0.0983830 0.1018454 0.1042919 0.0933534 0.1316430 0.0993547 0.3044357 0.0603857 0.0444003 0.0867385 0.1022411 0.1059001 0.1133643 0.1266280 0.1148447 0.1186087 0.1280845 
S0046_G6499_R1_A 0.1425849 0.0787987 0.1044932 0.0000000 0.1381953 0.1284649 0.0842711 0.0890245 0.0919901 0.0918626 0.1136564 0.0964707 0.3012330 0.1125896 0.1170948 0.0801069 0.0807934 0.0921662 0.1039106 0.1178667 0.1047616 0.1310136 0.1189737 
S0012_G6499_R1_A 0.1888227 0.1296507 0.1473838 0.1381953 0.0000000 0.1719038 0.1392801 0.1419102 0.1396567 0.1443255 0.1663403 0.1535650 0.3628618 0.1602724 0.1577859 0.1380458 0.1376288 0.1436933 0.1473121 0.1477479 0.1503023 0.1849016 0.1729870 
S0037_G6499_R1_A 0.1614871 0.1248284 0.0727407 0.1284649 0.1719038 0.0000000 0.1253650 0.1222472 0.1230558 0.1146102 0.1455041 0.1249845 0.3242244 0.0877372 0.0763731 0.1099182 0.1215047 0.1229551 0.1307338 0.1453204 0.1382125 0.1419792 0.1481002 
S0002_G6499_R1_A 0.1388932 0.0820906 0.0983830 0.0842711 0.1392801 0.1253650 0.0000000 0.0745897 0.0770488 0.0827495 0.1109613 0.0953714 0.2825844 0.1052421 0.1085021 0.0787534 0.0808824 0.0877050 0.1090518 0.1211391 0.1080468 0.1215238 0.1191805 
S0019_G6499_R1_A 0.1457478 0.0841846 0.1018454 0.0890245 0.1419102 0.1222472 0.0745897 0.0000000 0.0525386 0.0883611 0.1101599 0.1037012 0.3096524 0.1088930 0.1112973 0.0845342 0.0828432 0.0932778 0.1067694 0.1209362 0.1080531 0.1321612 0.1214354 
S0020_G6499_R1_A 0.1460953 0.0871365 0.1042919 0.0919901 0.1396567 0.1230558 0.0770488 0.0525386 0.0000000 0.0838708 0.1180859 0.1054566 0.3099950 0.1144632 0.1169000 0.0883300 0.0787037 0.0967866 0.1082057 0.1273369 0.1145106 0.1280613 0.1307442 
S0011_G6499_R1_A 0.1475121 0.0863393 0.0933534 0.0918626 0.1443255 0.1146102 0.0827495 0.0883611 0.0838708 0.0000000 0.1202323 0.0999485 0.3089727 0.1036300 0.1062328 0.0878156 0.0773908 0.1020867 0.1079497 0.1226251 0.1085053 0.1292307 0.1224085 
S0017_G6499_R1_A 0.1647823 0.1003499 0.1316430 0.1136564 0.1663403 0.1455041 0.1109613 0.1101599 0.1180859 0.1202323 0.0000000 0.1283014 0.3173391 0.1398090 0.1410275 0.1076226 0.1063280 0.1190336 0.1266352 0.1420735 0.1293202 0.1515607 0.1534862 
S0026_G6499_R1_A 0.1508644 0.0802385 0.0993547 0.0964707 0.1535650 0.1249845 0.0953714 0.1037012 0.1054566 0.0999485 0.1283014 0.0000000 0.3049316 0.1097051 0.1141486 0.0803563 0.0982413 0.1043204 0.1051308 0.1298386 0.1214399 0.1262432 0.1327054 
S0005_G6499_R1_A 0.3239808 0.2886801 0.3044357 0.3012330 0.3628618 0.3242244 0.2825844 0.3096524 0.3099950 0.3089727 0.3173391 0.3049316 0.0000000 0.3167572 0.3212773 0.3026802 0.3031048 0.3005715 0.3250773 0.3330372 0.3213162 0.3073122 0.3287377 
S0004_G6499_R1_A 0.1457731 0.1095105 0.0603857 0.1125896 0.1602724 0.0877372 0.1052421 0.1088930 0.1144632 0.1036300 0.1398090 0.1097051 0.3167572 0.0000000 0.0725076 0.0960680 0.1079111 0.1106164 0.1204572 0.1288260 0.1211315 0.1273044 0.1383464 
S0018_G6499_R1_A 0.1465449 0.1164305 0.0444003 0.1170948 0.1577859 0.0763731 0.1085021 0.1112973 0.1169000 0.1062328 0.1410275 0.1141486 0.3212773 0.0725076 0.0000000 0.1014366 0.1146815 0.1164104 0.1232864 0.1360223 0.1291717 0.1294307 0.1389512 
S0028_G6499_R1_A 0.1324842 0.0723476 0.0867385 0.0801069 0.1380458 0.1099182 0.0787534 0.0845342 0.0883300 0.0878156 0.1076226 0.0803563 0.3026802 0.0960680 0.1014366 0.0000000 0.0796503 0.0886534 0.0850967 0.1119173 0.1016679 0.1094150 0.1177212 
S0036_G6499_R1_A 0.1367755 0.0770905 0.1022411 0.0807934 0.1376288 0.1215047 0.0808824 0.0828432 0.0787037 0.0773908 0.1063280 0.0982413 0.3031048 0.1079111 0.1146815 0.0796503 0.0000000 0.0882379 0.1005057 0.1145018 0.1048838 0.1255566 0.1171620 
S0022_G6499_R1_A 0.1549869 0.0901422 0.1059001 0.0921662 0.1436933 0.1229551 0.0877050 0.0932778 0.0967866 0.1020867 0.1190336 0.1043204 0.3005715 0.1106164 0.1164104 0.0886534 0.0882379 0.0000000 0.1060980 0.1243288 0.1094149 0.1342752 0.1206619 
S0013_G6499_R1_A 0.1574622 0.0981343 0.1133643 0.1039106 0.1473121 0.1307338 0.1090518 0.1067694 0.1082057 0.1079497 0.1266352 0.1051308 0.3250773 0.1204572 0.1232864 0.0850967 0.1005057 0.1060980 0.0000000 0.1223435 0.1090088 0.1297963 0.1454285 
S0048_G6499_R1_A 0.1593482 0.1145873 0.1266280 0.1178667 0.1477479 0.1453204 0.1211391 0.1209362 0.1273369 0.1226251 0.1420735 0.1298386 0.3330372 0.1288260 0.1360223 0.1119173 0.1145018 0.1243288 0.1223435 0.0000000 0.0382893 0.1527312 0.1462916 
S0050_G6499_R1_A 0.1613298 0.1026465 0.1148447 0.1047616 0.1503023 0.1382125 0.1080468 0.1080531 0.1145106 0.1085053 0.1293202 0.1214399 0.3213162 0.1211315 0.1291717 0.1016679 0.1048838 0.1094149 0.1090088 0.0382893 0.0000000 0.1447661 0.1335251 
S0030_G6499_R3_A 0.1486349 0.1232138 0.1186087 0.1310136 0.1849016 0.1419792 0.1215238 0.1321612 0.1280613 0.1292307 0.1515607 0.1262432 0.3073122 0.1273044 0.1294307 0.1094150 0.1255566 0.1342752 0.1297963 0.1527312 0.1447661 0.0000000 0.1568096 
S0016_G6499_R1_A 0.1655538 0.1195829 0.1280845 0.1189737 0.1729870 0.1481002 0.1191805 0.1214354 0.1307442 0.1224085 0.1534862 0.1327054 0.3287377 0.1383464 0.1389512 0.1177212 0.1171620 0.1206619 0.1454285 0.1462916 0.1335251 0.1568096 0.0000000 
