22
S0026_G6500_R1_A 0.0000000 0.1433368 0.1199718 0.1478027 0.1132891 0.2783071 0.1282956 0.0748504 0.0787024 0.0649048 0.0904216 0.1172363 0.1211650 0.1160624 0.1484346 0.1183983 0.0627145 0.1040533 0.1666648 0.2027241 0.2871526 0.1626075 
S0031_G6500_R1_A 0.1433368 0.0000000 0.0777123 0.0743152 0.1841799 0.3164962 0.1125981 0.2141868 0.2156807 0.1538166 0.1427867 0.1212691 0.0745616 0.0731440 0.0806414 0.1440314 0.1596043 0.1813344 0.0924236 0.1501869 0.3106266 0.1888973 
S0036_G6500_R1_A 0.1199718 0.0777123 0.0000000 0.0661295 0.1637303 0.3662154 0.0988363 0.1890254 0.1856416 0.1360879 0.1277503 0.0963260 0.0545418 0.0540938 0.0677840 0.1234634 0.1373798 0.1604666 0.1076139 0.1856963 0.2820659 0.1548829 
S0030_G6500_R1_A 0.1478027 0.0743152 0.0661295 0.0000000 0.1882454 0.3998130 0.1049481 0.2106316 0.2121529 0.1529214 0.1470943 0.1182168 0.0564893 0.0578881 0.0588488 0.1333309 0.1539064 0.1801064 0.1088358 0.1926898 0.2997234 0.1867354 
S0028_G6500_R1_A 0.1132891 0.1841799 0.1637303 0.1882454 0.0000000 0.3538919 0.1967969 0.1420301 0.1418238 0.1413250 0.1212286 0.1467897 0.1582777 0.1462247 0.1850762 0.1502351 0.1470942 0.1839617 0.2226261 0.2607460 0.3429079 0.1847903 
S0004_G6500_R1_A 0.2783071 0.3164962 0.3662154 0.3998130 0.3538919 0.0000000 0.3253795 0.3545279 0.3555807 0.3540234 0.3013444 0.3278537 0.3578563 0.3399998 0.3817651 0.3551572 0.3168679 0.3475400 0.3572330 0.5529556 0.9138224 0.7049531 
S0016_G6500_R1_A 0.1282956 0.1125981 0.0988363 0.1049481 0.1967969 0.3253795 0.0000000 0.1980780 0.2046551 0.1360332 0.1288295 0.0955532 0.0925721 0.0887112 0.1068229 0.1138228 0.1428560 0.1715973 0.1305516 0.1980411 0.2947619 0.1585571 
S0048_G6500_R1_A 0.0748504 0.2141868 0.1890254 0.2106316 0.1420301 0.3545279 0.1980780 0.0000000 0.0111545 0.0710967 0.1140100 0.1679430 0.1824382 0.1787981 0.2176885 0.1981317 0.0804137 0.1115004 0.2445383 0.2879348 0.3892088 0.2640973 
S0050_G6500_R1_A 0.0787024 0.2156807 0.1856416 0.2121529 0.1418238 0.3555807 0.2046551 0.0111545 0.0000000 0.0723560 0.1153951 0.1721144 0.1857081 0.1804106 0.2182977 0.1978609 0.0864714 0.1177565 0.2477466 0.3048258 0.3955745 0.2800400 
S0013_G6500_R1_A 0.0649048 0.1538166 0.1360879 0.1529214 0.1413250 0.3540234 0.1360332 0.0710967 0.0723560 0.0000000 0.1014486 0.1311809 0.1289941 0.1270270 0.1592505 0.1403494 0.0756921 0.1029733 0.1788519 0.2184835 0.3034500 0.1707125 
S0017_G6500_R1_A 0.0904216 0.1427867 0.1277503 0.1470943 0.1212286 0.3013444 0.1288295 0.1140100 0.1153951 0.1014486 0.0000000 0.1313908 0.1224141 0.1219802 0.1481420 0.1389840 0.0981204 0.1320839 0.1779622 0.1962696 0.3080888 0.1786096 
S0002_G6500_R1_A 0.1172363 0.1212691 0.0963260 0.1182168 0.1467897 0.3278537 0.0955532 0.1679430 0.1721144 0.1311809 0.1313908 0.0000000 0.0885619 0.0869629 0.1145890 0.1228720 0.1229764 0.1555942 0.1412681 0.1830980 0.2794464 0.1598515 
S0019_G6500_R1_A 0.1211650 0.0745616 0.0545418 0.0564893 0.1582777 0.3578563 0.0925721 0.1824382 0.1857081 0.1289941 0.1224141 0.0885619 0.0000000 0.0282865 0.0587419 0.1120958 0.1327141 0.1595876 0.0957058 0.1780333 0.2677629 0.1417125 
S0020_G6500_R1_A 0.1160624 0.0731440 0.0540938 0.0578881 0.1462247 0.3399998 0.0887112 0.1787981 0.1804106 0.1270270 0.1219802 0.0869629 0.0282865 0.0000000 0.0596391 0.1105114 0.1308939 0.1506527 0.0938315 0.1659570 0.2614806 0.1354858 
S0022_G6500_R1_A 0.1484346 0.0806414 0.0677840 0.0588488 0.1850762 0.3817651 0.1068229 0.2176885 0.2182977 0.1592505 0.1481420 0.1145890 0.0587419 0.0596391 0.0000000 0.1317541 0.1551860 0.1825471 0.1147613 0.1950824 0.3014343 0.1768449 
S0021_G6500_R1_A 0.1183983 0.1440314 0.1234634 0.1333309 0.1502351 0.3551572 0.1138228 0.1981317 0.1978609 0.1403494 0.1389840 0.1228720 0.1120958 0.1105114 0.1317541 0.0000000 0.1405688 0.1650102 0.1625059 0.1842658 0.2670750 0.1440542 
S0046_G6500_R1_A 0.0627145 0.1596043 0.1373798 0.1539064 0.1470942 0.3168679 0.1428560 0.0804137 0.0864714 0.0756921 0.0981204 0.1229764 0.1327141 0.1308939 0.1551860 0.1405688 0.0000000 0.1083304 0.1771717 0.2147938 0.2966199 0.1838451 
S0012_G6500_R1_A 0.1040533 0.1813344 0.1604666 0.1801064 0.1839617 0.3475400 0.1715973 0.1115004 0.1177565 0.1029733 0.1320839 0.1555942 0.1595876 0.1506527 0.1825471 0.1650102 0.1083304 0.0000000 0.2027069 0.2422276 0.3511877 0.2082453 
S0037_G6500_R1_A 0.1666648 0.0924236 0.1076139 0.1088358 0.2226261 0.3572330 0.1305516 0.2445383 0.2477466 0.1788519 0.1779622 0.1412681 0.0957058 0.0938315 0.1147613 0.1625059 0.1771717 0.2027069 0.0000000 0.1723765 0.3330907 0.2011083 
S0018_G6500_R1_A 0.2027241 0.1501869 0.1856963 0.1926898 0.2607460 0.5529556 0.1980411 0.2879348 0.3048258 0.2184835 0.1962696 0.1830980 0.1780333 0.1659570 0.1950824 0.1842658 0.2147938 0.2422276 0.1723765 0.0000000 0.3416005 0.2145291 
S0005_G6500_R1_A 0.2871526 0.3106266 0.2820659 0.2997234 0.3429079 0.9138224 0.2947619 0.3892088 0.3955745 0.3034500 0.3080888 0.2794464 0.2677629 0.2614806 0.3014343 0.2670750 0.2966199 0.3511877 0.3330907 0.3416005 0.0000000 0.3238123 
S0011_G6500_R1_A 0.1626075 0.1888973 0.1548829 0.1867354 0.1847903 0.7049531 0.1585571 0.2640973 0.2800400 0.1707125 0.1786096 0.1598515 0.1417125 0.1354858 0.1768449 0.1440542 0.1838451 0.2082453 0.2011083 0.2145291 0.3238123 0.0000000 
