25
S0030_G6528_R1_A 0.0000000 0.0734310 0.0785100 0.0599732 0.0658171 0.0726182 0.0647114 0.0683248 0.0638877 0.0947249 0.0792850 0.0679973 0.1113677 0.0700267 0.0826914 0.0656841 0.0659110 0.0690203 0.0758085 0.1011678 0.0607760 0.1968352 0.0819767 0.6751626 0.6568663 
S0011_G6528_R1_A 0.0734310 0.0000000 0.0852174 0.0719636 0.0755503 0.0713625 0.0615745 0.0672893 0.0557430 0.1022734 0.0903701 0.0623018 0.1266798 0.0673330 0.0989212 0.0555494 0.0688621 0.0710057 0.0749063 0.0985470 0.0885291 0.1940849 0.0785180 0.6445732 0.6240388 
S0013_G6528_R1_A 0.0785100 0.0852174 0.0000000 0.0794805 0.0863203 0.0823298 0.0793728 0.0835882 0.0770256 0.0950479 0.0784408 0.0773885 0.1223407 0.0918760 0.0978746 0.0752916 0.0780277 0.0802929 0.0934614 0.1169525 0.0921394 0.2071196 0.1005088 0.6603322 0.6406168 
S0028_G6528_R1_A 0.0599732 0.0719636 0.0794805 0.0000000 0.0608104 0.0679138 0.0652613 0.0658588 0.0603229 0.0935544 0.0782147 0.0665445 0.1222493 0.0666649 0.0924710 0.0616712 0.0620299 0.0639700 0.0736350 0.0915642 0.0786881 0.1895007 0.0740362 0.6558028 0.6402654 
S0026_G6528_R1_A 0.0658171 0.0755503 0.0863203 0.0608104 0.0000000 0.0707548 0.0666190 0.0682636 0.0643048 0.1042515 0.0874947 0.0652651 0.1275771 0.0713366 0.0967973 0.0591268 0.0647128 0.0661280 0.0739920 0.0969361 0.0769874 0.1817632 0.0789915 0.6470578 0.6300483 
S0046_G6528_R1_A 0.0726182 0.0713625 0.0823298 0.0679138 0.0707548 0.0000000 0.0628306 0.0707387 0.0610062 0.1012102 0.0865621 0.0656906 0.1247517 0.0760158 0.0968395 0.0610995 0.0689755 0.0724378 0.0792769 0.0998895 0.0868302 0.1912448 0.0847691 0.6379980 0.6269107 
S0020_G6528_R1_A 0.0647114 0.0615745 0.0793728 0.0652613 0.0666190 0.0628306 0.0000000 0.0613556 0.0424301 0.1002605 0.0846728 0.0525796 0.1232108 0.0664621 0.0923556 0.0583324 0.0637162 0.0628905 0.0688747 0.0938064 0.0795748 0.1961665 0.0719450 0.6452626 0.6259190 
S0031_G6528_R1_A 0.0683248 0.0672893 0.0835882 0.0658588 0.0682636 0.0707387 0.0613556 0.0000000 0.0574528 0.1010535 0.0882622 0.0609731 0.1276547 0.0539548 0.1010591 0.0639240 0.0678302 0.0681887 0.0594751 0.0754950 0.0838470 0.1996292 0.0416172 0.6469342 0.6287996 
S0019_G6528_R1_A 0.0638877 0.0557430 0.0770256 0.0603229 0.0643048 0.0610062 0.0424301 0.0574528 0.0000000 0.0928111 0.0810539 0.0531741 0.1197398 0.0612888 0.0894337 0.0515833 0.0623710 0.0632414 0.0639409 0.0864296 0.0805407 0.1897652 0.0681934 0.6443474 0.6291681 
S0048_G6528_R1_A 0.0947249 0.1022734 0.0950479 0.0935544 0.1042515 0.1012102 0.1002605 0.1010535 0.0928111 0.0000000 0.0254532 0.0988166 0.1412077 0.1103450 0.1192882 0.1003151 0.0993056 0.1003317 0.1075774 0.1285838 0.1165019 0.2269156 0.1103937 0.6385195 0.6307319 
S0050_G6528_R1_A 0.0792850 0.0903701 0.0784408 0.0782147 0.0874947 0.0865621 0.0846728 0.0882622 0.0810539 0.0254532 0.0000000 0.0830934 0.1271073 0.0904892 0.1057307 0.0856780 0.0853739 0.0863200 0.0918895 0.1166781 0.0991430 0.2078152 0.0942269 0.6259186 0.6153089 
S0036_G6528_R1_A 0.0679973 0.0623018 0.0773885 0.0665445 0.0652651 0.0656906 0.0525796 0.0609731 0.0531741 0.0988166 0.0830934 0.0000000 0.1258809 0.0658332 0.0931904 0.0564038 0.0633089 0.0641757 0.0727483 0.0967962 0.0890259 0.1894344 0.0688736 0.6593827 0.6363270 
S0012_G6528_R1_A 0.1113677 0.1266798 0.1223407 0.1222493 0.1275771 0.1247517 0.1232108 0.1276547 0.1197398 0.1412077 0.1271073 0.1258809 0.0000000 0.1284508 0.1368593 0.1226050 0.1209208 0.1221859 0.1348011 0.1565132 0.1332041 0.2506071 0.1372317 0.7015525 0.6863421 
S0016_G6528_R1_A 0.0700267 0.0673330 0.0918760 0.0666649 0.0713366 0.0760158 0.0664621 0.0539548 0.0612888 0.1103450 0.0904892 0.0658332 0.1284508 0.0000000 0.1029279 0.0624020 0.0716093 0.0719393 0.0634042 0.0842980 0.0894402 0.1985218 0.0618298 0.6582073 0.6459495 
S0017_G6528_R1_A 0.0826914 0.0989212 0.0978746 0.0924710 0.0967973 0.0968395 0.0923556 0.1010591 0.0894337 0.1192882 0.1057307 0.0931904 0.1368593 0.1029279 0.0000000 0.0865551 0.0947681 0.0971076 0.1034506 0.1340584 0.1087100 0.2276259 0.1110029 0.6372311 0.6232836 
S0002_G6528_R1_A 0.0656841 0.0555494 0.0752916 0.0616712 0.0591268 0.0610995 0.0583324 0.0639240 0.0515833 0.1003151 0.0856780 0.0564038 0.1226050 0.0624020 0.0865551 0.0000000 0.0624734 0.0652238 0.0702313 0.0917000 0.0827590 0.1814817 0.0731058 0.6210586 0.6105993 
S0021_G6528_R1_A 0.0659110 0.0688621 0.0780277 0.0620299 0.0647128 0.0689755 0.0637162 0.0678302 0.0623710 0.0993056 0.0853739 0.0633089 0.1209208 0.0716093 0.0947681 0.0624734 0.0000000 0.0279368 0.0671872 0.0978167 0.0874540 0.1913051 0.0813948 0.6406257 0.6243440 
S0021_G6528_R2_A 0.0690203 0.0710057 0.0802929 0.0639700 0.0661280 0.0724378 0.0628905 0.0681887 0.0632414 0.1003317 0.0863200 0.0641757 0.1221859 0.0719393 0.0971076 0.0652238 0.0279368 0.0000000 0.0686891 0.0959045 0.0873927 0.1944272 0.0805074 0.6549173 0.6385703 
S0004_G6528_R1_A 0.0758085 0.0749063 0.0934614 0.0736350 0.0739920 0.0792769 0.0688747 0.0594751 0.0639409 0.1075774 0.0918895 0.0727483 0.1348011 0.0634042 0.1034506 0.0702313 0.0671872 0.0686891 0.0000000 0.0885422 0.0925229 0.1977526 0.0666330 0.6723238 0.6540813 
S0037_G6528_R1_A 0.1011678 0.0985470 0.1169525 0.0915642 0.0969361 0.0998895 0.0938064 0.0754950 0.0864296 0.1285838 0.1166781 0.0967962 0.1565132 0.0842980 0.1340584 0.0917000 0.0978167 0.0959045 0.0885422 0.0000000 0.1084014 0.2337988 0.0872867 0.6866602 0.6714077 
S0022_G6528_R1_A 0.0607760 0.0885291 0.0921394 0.0786881 0.0769874 0.0868302 0.0795748 0.0838470 0.0805407 0.1165019 0.0991430 0.0890259 0.1332041 0.0894402 0.1087100 0.0827590 0.0874540 0.0873927 0.0925229 0.1084014 0.0000000 0.2185892 0.0989903 0.6521556 0.6406573 
S0005_G6528_R1_A 0.1968352 0.1940849 0.2071196 0.1895007 0.1817632 0.1912448 0.1961665 0.1996292 0.1897652 0.2269156 0.2078152 0.1894344 0.2506071 0.1985218 0.2276259 0.1814817 0.1913051 0.1944272 0.1977526 0.2337988 0.2185892 0.0000000 0.2053462 0.7198683 0.7005917 
S0018_G6528_R1_A 0.0819767 0.0785180 0.1005088 0.0740362 0.0789915 0.0847691 0.0719450 0.0416172 0.0681934 0.1103937 0.0942269 0.0688736 0.1372317 0.0618298 0.1110029 0.0731058 0.0813948 0.0805074 0.0666330 0.0872867 0.0989903 0.2053462 0.0000000 0.6512583 0.6297569 
S0021_G6528_R3_A 0.6751626 0.6445732 0.6603322 0.6558028 0.6470578 0.6379980 0.6452626 0.6469342 0.6443474 0.6385195 0.6259186 0.6593827 0.7015525 0.6582073 0.6372311 0.6210586 0.6406257 0.6549173 0.6723238 0.6866602 0.6521556 0.7198683 0.6512583 0.0000000 0.0428380 
S0021_G6528_R4_A 0.6568663 0.6240388 0.6406168 0.6402654 0.6300483 0.6269107 0.6259190 0.6287996 0.6291681 0.6307319 0.6153089 0.6363270 0.6863421 0.6459495 0.6232836 0.6105993 0.6243440 0.6385703 0.6540813 0.6714077 0.6406573 0.7005917 0.6297569 0.0428380 0.0000000 
