26
S0016_G6533_R1_A 0.0000000 0.0577172 0.0479759 0.0657722 0.0484406 0.0600584 0.0772701 0.0635862 0.0649208 0.0622433 0.0575489 0.0639839 0.0669805 0.0650813 0.0845054 0.0867629 0.0787686 0.0794872 0.0599722 0.7419022 0.7411669 0.7412865 0.0630426 0.1157564 0.1730234 0.2140235 
S0018_G6533_R1_A 0.0577172 0.0000000 0.0346625 0.0794727 0.0554013 0.0703990 0.0829898 0.0758167 0.0756956 0.0739150 0.0685041 0.0797517 0.0802445 0.0762967 0.0984869 0.0957696 0.0902756 0.0896080 0.0674371 0.7492400 0.7484980 0.7438118 0.0749593 0.1237714 0.1880224 0.2253917 
S0031_G6533_R1_A 0.0479759 0.0346625 0.0000000 0.0727370 0.0483808 0.0630744 0.0750139 0.0678308 0.0686633 0.0675992 0.0595950 0.0715144 0.0724392 0.0688099 0.0888379 0.0884059 0.0836100 0.0799330 0.0637265 0.7411009 0.7403604 0.7374067 0.0690065 0.1161135 0.1741178 0.2199337 
S0046_G6533_R1_A 0.0657722 0.0794727 0.0727370 0.0000000 0.0637860 0.0639018 0.0966897 0.0642384 0.0695129 0.0646644 0.0602512 0.0656279 0.0670178 0.0711492 0.0801221 0.0812781 0.0827196 0.0796827 0.0650973 0.7463580 0.7454765 0.7365286 0.0659571 0.1068116 0.1780078 0.2205861 
S0004_G6533_R1_A 0.0484406 0.0554013 0.0483808 0.0637860 0.0000000 0.0565564 0.0786738 0.0643313 0.0629433 0.0610065 0.0577115 0.0669404 0.0677926 0.0696909 0.0818417 0.0813068 0.0743812 0.0798056 0.0608917 0.7263788 0.7256398 0.7271716 0.0682918 0.1110354 0.1759966 0.2117775 
S0036_G6533_R1_A 0.0600584 0.0703990 0.0630744 0.0639018 0.0565564 0.0000000 0.0898658 0.0549092 0.0527807 0.0541599 0.0446702 0.0588569 0.0601190 0.0632605 0.0814078 0.0820241 0.0712041 0.0714336 0.0575508 0.7403075 0.7395712 0.7308750 0.0533924 0.1098000 0.1594012 0.2086708 
S0037_G6533_R1_A 0.0772701 0.0829898 0.0750139 0.0966897 0.0786738 0.0898658 0.0000000 0.0937879 0.0926837 0.0956439 0.0881139 0.0968502 0.0958571 0.0994096 0.1116781 0.1106943 0.1098467 0.1075786 0.0900005 0.7638317 0.7630968 0.7605531 0.0904808 0.1415740 0.2101400 0.2416728 
S0026_G6533_R1_A 0.0635862 0.0758167 0.0678308 0.0642384 0.0643313 0.0549092 0.0937879 0.0000000 0.0633758 0.0586408 0.0533962 0.0569040 0.0586639 0.0608115 0.0827469 0.0827842 0.0738207 0.0749021 0.0600468 0.7319546 0.7296329 0.7193806 0.0629688 0.1092183 0.1614533 0.2165388 
S0020_G6533_R1_A 0.0649208 0.0756956 0.0686633 0.0695129 0.0629433 0.0527807 0.0926837 0.0633758 0.0000000 0.0626610 0.0527902 0.0631825 0.0639854 0.0697851 0.0897766 0.0875193 0.0772628 0.0806984 0.0636823 0.7398734 0.7373072 0.7183249 0.0610609 0.1166967 0.1611953 0.2131035 
S0030_G6533_R1_A 0.0622433 0.0739150 0.0675992 0.0646644 0.0610065 0.0541599 0.0956439 0.0586408 0.0626610 0.0000000 0.0537113 0.0572506 0.0573882 0.0623086 0.0798892 0.0788608 0.0730032 0.0767243 0.0565801 0.7184853 0.7192923 0.7123452 0.0672383 0.1089232 0.1664437 0.2065547 
S0019_G6533_R1_A 0.0575489 0.0685041 0.0595950 0.0602512 0.0577115 0.0446702 0.0881139 0.0533962 0.0527902 0.0537113 0.0000000 0.0556791 0.0574898 0.0573955 0.0778067 0.0789891 0.0707879 0.0672126 0.0543599 0.7424121 0.7416648 0.7367418 0.0546958 0.1030147 0.1618574 0.2061330 
S0021_G6533_R1_A 0.0639839 0.0797517 0.0715144 0.0656279 0.0669404 0.0588569 0.0968502 0.0569040 0.0631825 0.0572506 0.0556791 0.0000000 0.0196502 0.0594696 0.0857423 0.0858362 0.0737876 0.0801324 0.0586810 0.7282430 0.7259272 0.7201999 0.0655121 0.1027776 0.1600126 0.2177616 
S0021_G6533_R2_A 0.0669805 0.0802445 0.0724392 0.0670178 0.0677926 0.0601190 0.0958571 0.0586639 0.0639854 0.0573882 0.0574898 0.0196502 0.0000000 0.0618899 0.0850356 0.0857000 0.0758565 0.0794553 0.0554956 0.7250709 0.7227441 0.7090107 0.0640503 0.1053938 0.1599837 0.2126897 
S0028_G6533_R1_A 0.0650813 0.0762967 0.0688099 0.0711492 0.0696909 0.0632605 0.0994096 0.0608115 0.0697851 0.0623086 0.0573955 0.0594696 0.0618899 0.0000000 0.0867526 0.0885365 0.0757380 0.0813239 0.0621350 0.7257098 0.7233985 0.7304428 0.0673165 0.1103778 0.1653892 0.2180176 
S0048_G6533_R1_A 0.0845054 0.0984869 0.0888379 0.0801221 0.0818417 0.0814078 0.1116781 0.0827469 0.0897766 0.0798892 0.0778067 0.0857423 0.0850356 0.0867526 0.0000000 0.0148520 0.0870893 0.0981018 0.0826651 0.7525603 0.7501691 0.7470536 0.0847226 0.1140770 0.1950741 0.2345854 
S0050_G6533_R1_A 0.0867629 0.0957696 0.0884059 0.0812781 0.0813068 0.0820241 0.1106943 0.0827842 0.0875193 0.0788608 0.0789891 0.0858362 0.0857000 0.0885365 0.0148520 0.0000000 0.0859932 0.0975863 0.0827476 0.7660149 0.7677769 0.7647449 0.0860661 0.1186197 0.1975437 0.2307331 
S0013_G6533_R1_A 0.0787686 0.0902756 0.0836100 0.0827196 0.0743812 0.0712041 0.1098467 0.0738207 0.0772628 0.0730032 0.0707879 0.0737876 0.0758565 0.0757380 0.0870893 0.0859932 0.0000000 0.0908095 0.0762115 0.7459875 0.7433207 0.7310887 0.0813220 0.1164700 0.1807558 0.2255389 
S0017_G6533_R1_A 0.0794872 0.0896080 0.0799330 0.0796827 0.0798056 0.0714336 0.1075786 0.0749021 0.0806984 0.0767243 0.0672126 0.0801324 0.0794553 0.0813239 0.0981018 0.0975863 0.0908095 0.0000000 0.0745445 0.7320172 0.7310641 0.7222380 0.0821503 0.1247304 0.1923826 0.2288726 
S0022_G6533_R1_A 0.0599722 0.0674371 0.0637265 0.0650973 0.0608917 0.0575508 0.0900005 0.0600468 0.0636823 0.0565801 0.0543599 0.0586810 0.0554956 0.0621350 0.0826651 0.0827476 0.0762115 0.0745445 0.0000000 0.7303092 0.7295519 0.7283358 0.0601978 0.1005248 0.1732685 0.2098614 
S0021_G6533_R3_A 0.7419022 0.7492400 0.7411009 0.7463580 0.7263788 0.7403075 0.7638317 0.7319546 0.7398734 0.7184853 0.7424121 0.7282430 0.7250709 0.7257098 0.7525603 0.7660149 0.7459875 0.7320172 0.7303092 0.0000000 0.0067826 0.0659640 0.7015836 0.7725378 0.7057637 0.7830619 
S0021_G6533_R4_A 0.7411669 0.7484980 0.7403604 0.7454765 0.7256398 0.7395712 0.7630968 0.7296329 0.7373072 0.7192923 0.7416648 0.7259272 0.7227441 0.7233985 0.7501691 0.7677769 0.7433207 0.7310641 0.7295519 0.0067826 0.0000000 0.0647037 0.7007402 0.7718355 0.7115337 0.7786103 
S0021_G6533_R5_A 0.7412865 0.7438118 0.7374067 0.7365286 0.7271716 0.7308750 0.7605531 0.7193806 0.7183249 0.7123452 0.7367418 0.7201999 0.7090107 0.7304428 0.7470536 0.7647449 0.7310887 0.7222380 0.7283358 0.0659640 0.0647037 0.0000000 0.6801257 0.7627278 0.6941342 0.7999470 
S0002_G6533_R1_A 0.0630426 0.0749593 0.0690065 0.0659571 0.0682918 0.0533924 0.0904808 0.0629688 0.0610609 0.0672383 0.0546958 0.0655121 0.0640503 0.0673165 0.0847226 0.0860661 0.0813220 0.0821503 0.0601978 0.7015836 0.7007402 0.6801257 0.0000000 0.1102581 0.1885959 0.1636620 
S0012_G6533_R1_A 0.1157564 0.1237714 0.1161135 0.1068116 0.1110354 0.1098000 0.1415740 0.1092183 0.1166967 0.1089232 0.1030147 0.1027776 0.1053938 0.1103778 0.1140770 0.1186197 0.1164700 0.1247304 0.1005248 0.7725378 0.7718355 0.7627278 0.1102581 0.0000000 0.2170300 0.2494124 
S0011_G6533_R1_A 0.1730234 0.1880224 0.1741178 0.1780078 0.1759966 0.1594012 0.2101400 0.1614533 0.1611953 0.1664437 0.1618574 0.1600126 0.1599837 0.1653892 0.1950741 0.1975437 0.1807558 0.1923826 0.1732685 0.7057637 0.7115337 0.6941342 0.1885959 0.2170300 0.0000000 0.3301768 
S0005_G6533_R1_A 0.2140235 0.2253917 0.2199337 0.2205861 0.2117775 0.2086708 0.2416728 0.2165388 0.2131035 0.2065547 0.2061330 0.2177616 0.2126897 0.2180176 0.2345854 0.2307331 0.2255389 0.2288726 0.2098614 0.7830619 0.7786103 0.7999470 0.1636620 0.2494124 0.3301768 0.0000000 
