37
S0005_G6548_R1_A  0.0000000 0.2804184 0.2864490 0.3007266 0.2920381 0.2894515 0.2076914 0.2179462 0.1870090 0.1893294 0.1779258 0.1845202 0.2083464 0.1927061 0.2148967 0.2071758 0.2180620 0.1909248 0.1921499 0.2187235 0.2017316 0.2238753 0.2107876 0.1918198 0.2541685 0.2377106 0.1924941 0.2859689 0.2867995 0.2860080 0.1810241 0.6913325 0.4985882 0.7547000 0.7191725 0.7182431 0.7198445 
S0020_G6548_R2_A  0.2804184 0.0000000 0.0308774 0.0419981 0.0337123 0.0358343 0.1795974 0.1897492 0.1554418 0.1808678 0.1686325 0.1482516 0.1840507 0.1686353 0.1889332 0.1902197 0.1935507 0.1827149 0.1821038 0.1991799 0.1779758 0.2126115 0.1939807 0.1681677 0.2336385 0.1848637 0.1517782 0.0587140 0.0543773 0.0549143 0.1195381 0.6332926 0.4207048 0.7032275 0.6756457 0.6762627 0.6762688 
S0020_G6548_R5_A  0.2864490 0.0308774 0.0000000 0.0418896 0.0352098 0.0362634 0.1788762 0.1869452 0.1536234 0.1794977 0.1654358 0.1488480 0.1866666 0.1678344 0.1894991 0.1895268 0.1915225 0.1828341 0.1815519 0.1998509 0.1787262 0.2099422 0.1898093 0.1668941 0.2291087 0.1806821 0.1484466 0.0591456 0.0569817 0.0564346 0.1167378 0.6290656 0.4241858 0.7018854 0.6743954 0.6750081 0.6750141 
S0020_G6548_R6_A  0.3007266 0.0419981 0.0418896 0.0000000 0.0331883 0.0326717 0.1891560 0.2017657 0.1674872 0.1917179 0.1787656 0.1581310 0.1992869 0.1805840 0.2033701 0.2007371 0.2048746 0.1951010 0.1931991 0.2138732 0.1926965 0.2243183 0.2057533 0.1758013 0.2440852 0.1981043 0.1629883 0.0687499 0.0687602 0.0682014 0.1296524 0.6286991 0.4271156 0.6998256 0.6777870 0.6784034 0.6784094 
S0020_G6548_R3_A  0.2920381 0.0337123 0.0352098 0.0331883 0.0000000 0.0195821 0.1832053 0.1907515 0.1602958 0.1823295 0.1708402 0.1529065 0.1903053 0.1701496 0.1947277 0.1912087 0.1967102 0.1849363 0.1851369 0.1994316 0.1818699 0.2167309 0.1950167 0.1703973 0.2370043 0.1845209 0.1526707 0.0646013 0.0618559 0.0613005 0.1207803 0.6355892 0.4283163 0.6986748 0.6737149 0.6743263 0.6743323 
S0020_G6548_R4_A  0.2894515 0.0358343 0.0362634 0.0326717 0.0195821 0.0000000 0.1858456 0.1914250 0.1597183 0.1849860 0.1735839 0.1529329 0.1903434 0.1721151 0.1954330 0.1905837 0.1994472 0.1822982 0.1825038 0.2036123 0.1839059 0.2174996 0.1984531 0.1716605 0.2377398 0.1845471 0.1538603 0.0640608 0.0613167 0.0607615 0.1206644 0.6293839 0.4259690 0.6946168 0.6713934 0.6720024 0.6720084 
S0013_G6548_R1_A  0.2076914 0.1795974 0.1788762 0.1891560 0.1832053 0.1858456 0.0000000 0.0993226 0.0801727 0.0918413 0.0805706 0.0776963 0.0987501 0.0838417 0.1088474 0.1014714 0.1055889 0.0944391 0.0962837 0.1024828 0.0907778 0.1284211 0.1057962 0.0836900 0.1504687 0.1210418 0.0896259 0.1745539 0.1752378 0.1745771 0.0799816 0.5906828 0.3937292 0.6857132 0.6475990 0.6495280 0.6509694 
S0036_G6548_R1_A  0.2179462 0.1897492 0.1869452 0.2017657 0.1907515 0.1914250 0.0993226 0.0000000 0.0841446 0.0921039 0.0823248 0.0766276 0.1000418 0.0879760 0.1138253 0.0968664 0.1012410 0.0947684 0.0949649 0.1127957 0.0873604 0.1101204 0.1076650 0.0924258 0.1383123 0.0593398 0.0877033 0.1841593 0.1848685 0.1841845 0.0802739 0.5857406 0.3830869 0.6601086 0.6256395 0.6247417 0.6289790 
S0022_G6548_R1_A  0.1870090 0.1554418 0.1536234 0.1674872 0.1602958 0.1597183 0.0801727 0.0841446 0.0000000 0.0717430 0.0623031 0.0535619 0.0837507 0.0647563 0.0877267 0.0871195 0.0895102 0.0735594 0.0738492 0.0920188 0.0744640 0.1021300 0.0898514 0.0693220 0.1300889 0.1087894 0.0728236 0.1504001 0.1498064 0.1491659 0.0636077 0.5721857 0.3714849 0.6591677 0.6234614 0.6225722 0.6267626 
S0026_G6548_R1_A  0.1893294 0.1808678 0.1794977 0.1917179 0.1823295 0.1849860 0.0918413 0.0921039 0.0717430 0.0000000 0.0555587 0.0664537 0.0794666 0.0713809 0.0969361 0.0920949 0.0944939 0.0670004 0.0694609 0.0944145 0.0765624 0.1078852 0.0923426 0.0761187 0.1412434 0.1141014 0.0776233 0.1749849 0.1750060 0.1743441 0.0655196 0.5908383 0.3819974 0.6757887 0.6366321 0.6357455 0.6399616 
S0028_G6548_R1_A  0.1779258 0.1686325 0.1654358 0.1787656 0.1708402 0.1735839 0.0805706 0.0823248 0.0623031 0.0555587 0.0000000 0.0572972 0.0770826 0.0653071 0.0888627 0.0847968 0.0859437 0.0618862 0.0600114 0.0890352 0.0707851 0.1029419 0.0852014 0.0676595 0.1313105 0.1041325 0.0703628 0.1589823 0.1590011 0.1583580 0.0585919 0.5710033 0.3691785 0.6464149 0.6086473 0.6077739 0.6118484 
S0030_G6548_R1_A  0.1845202 0.1482516 0.1488480 0.1581310 0.1529065 0.1529329 0.0776963 0.0766276 0.0535619 0.0664537 0.0572972 0.0000000 0.0752083 0.0613540 0.0852279 0.0818903 0.0834942 0.0705297 0.0713019 0.0856134 0.0687651 0.0936144 0.0815201 0.0641681 0.1220878 0.1018834 0.0672419 0.1481000 0.1456383 0.1456383 0.0532434 0.5538154 0.3582917 0.6395395 0.6082979 0.6074266 0.6114905 
S0018_G6548_R1_A  0.2083464 0.1840507 0.1866666 0.1992869 0.1903053 0.1903434 0.0987501 0.1000418 0.0837507 0.0794666 0.0770826 0.0752083 0.0000000 0.0503461 0.0963162 0.1036912 0.1033290 0.0874671 0.0877719 0.1075227 0.0891614 0.1077596 0.0922602 0.0758691 0.1503699 0.1234645 0.0849599 0.1791850 0.1792326 0.1785614 0.0705386 0.5735563 0.3805079 0.6454419 0.6207952 0.6199062 0.6240885 
S0031_G6548_R1_A  0.1927061 0.1686353 0.1678344 0.1805840 0.1701496 0.1721151 0.0838417 0.0879760 0.0647563 0.0713809 0.0653071 0.0613540 0.0503461 0.0000000 0.0824071 0.0863936 0.0881060 0.0790418 0.0783721 0.0982233 0.0722577 0.1070737 0.0871806 0.0673221 0.1333828 0.1129241 0.0799030 0.1633850 0.1615232 0.1608758 0.0549162 0.5677949 0.3715114 0.6351812 0.6059752 0.6050943 0.6091963 
S0037_G6548_R1_A  0.2148967 0.1889332 0.1894991 0.2033701 0.1947277 0.1954330 0.1088474 0.1138253 0.0877267 0.0969361 0.0888627 0.0852279 0.0963162 0.0824071 0.0000000 0.1111223 0.1077233 0.1029600 0.1042779 0.1172132 0.0959289 0.1219828 0.1078131 0.0899010 0.1577758 0.1380997 0.1011523 0.1841382 0.1841979 0.1835296 0.0820808 0.5923917 0.3893356 0.6763887 0.6441138 0.6432273 0.6474638 
S0048_G6548_R1_A  0.2071758 0.1902197 0.1895268 0.2007371 0.1912087 0.1905837 0.1014714 0.0968664 0.0871195 0.0920949 0.0847968 0.0818903 0.1036912 0.0863936 0.1111223 0.0000000 0.0521217 0.0964624 0.0977328 0.1100417 0.0872299 0.1171500 0.1137653 0.0941101 0.1405360 0.1241228 0.0972669 0.1849088 0.1862716 0.1856011 0.0819725 0.5940938 0.3944340 0.6749143 0.6464752 0.6455903 0.6498265 
S0050_G6548_R1_A  0.2180620 0.1935507 0.1915225 0.2048746 0.1967102 0.1994472 0.1055889 0.1012410 0.0895102 0.0944939 0.0859437 0.0834942 0.1033290 0.0881060 0.1077233 0.0521217 0.0000000 0.0983582 0.1007966 0.1172753 0.0862155 0.1241412 0.1122471 0.0952902 0.1454073 0.1270061 0.1011194 0.1876722 0.1883863 0.1877091 0.0849168 0.5945636 0.3942964 0.6793746 0.6472970 0.6464054 0.6506758 
S0021_G6548_R1_A  0.1909248 0.1827149 0.1828341 0.1951010 0.1849363 0.1822982 0.0944391 0.0947684 0.0735594 0.0670004 0.0618862 0.0705297 0.0874671 0.0790418 0.1029600 0.0964624 0.0983582 0.0000000 0.0204739 0.0973174 0.0869830 0.1085377 0.1003962 0.0808205 0.1420848 0.1166611 0.0853453 0.1750582 0.1750795 0.1744130 0.0712518 0.5801245 0.3782467 0.6530751 0.6203786 0.6194878 0.6236769 
S0021_G6548_R2_A  0.1921499 0.1821038 0.1815519 0.1931991 0.1851369 0.1825038 0.0962837 0.0949649 0.0738492 0.0694609 0.0600114 0.0713019 0.0877719 0.0783721 0.1042779 0.0977328 0.1007966 0.0204739 0.0000000 0.0983390 0.0854675 0.1095748 0.1013583 0.0805730 0.1427689 0.1150470 0.0844708 0.1750438 0.1750651 0.1743986 0.0698895 0.5835391 0.3758157 0.6500359 0.6218968 0.6210095 0.6251865 
S0017_G6548_R1_A  0.2187235 0.1991799 0.1998509 0.2138732 0.1994316 0.2036123 0.1024828 0.1127957 0.0920188 0.0944145 0.0890352 0.0856134 0.1075227 0.0982233 0.1172132 0.1100417 0.1172753 0.0973174 0.0983390 0.0000000 0.0980437 0.1335805 0.1208193 0.0939965 0.1593233 0.1342557 0.0996475 0.1904347 0.1917922 0.1911201 0.0893478 0.6092014 0.4000990 0.6804486 0.6485856 0.6476981 0.6519526 
S0011_G6548_R1_A  0.2017316 0.1779758 0.1787262 0.1926965 0.1818699 0.1839059 0.0907778 0.0873604 0.0744640 0.0765624 0.0707851 0.0687651 0.0891614 0.0722577 0.0959289 0.0872299 0.0862155 0.0869830 0.0854675 0.0980437 0.0000000 0.1071542 0.0996659 0.0775157 0.1318182 0.1121247 0.0743717 0.1739900 0.1740475 0.1733697 0.0677833 0.5813772 0.3753126 0.6335742 0.6029054 0.6020118 0.6061643 
S0046_G6548_R1_A  0.2238753 0.2126115 0.2099422 0.2243183 0.2167309 0.2174996 0.1284211 0.1101204 0.1021300 0.1078852 0.1029419 0.0936144 0.1077596 0.1070737 0.1219828 0.1171500 0.1241412 0.1085377 0.1095748 0.1335805 0.1071542 0.0000000 0.0955468 0.1113297 0.1633692 0.1408333 0.0999454 0.2038176 0.2059306 0.2052350 0.1083462 0.5749117 0.4119252 0.6744539 0.6442836 0.6433863 0.6476755 
S0016_G6548_R1_A  0.2107876 0.1939807 0.1898093 0.2057533 0.1950167 0.1984531 0.1057962 0.1076650 0.0898514 0.0923426 0.0852014 0.0815201 0.0922602 0.0871806 0.1078131 0.1137653 0.1122471 0.1003962 0.1013583 0.1208193 0.0996659 0.0955468 0.0000000 0.0900190 0.1552753 0.1378730 0.0945580 0.1876280 0.1876903 0.1870055 0.0970573 0.5683776 0.4062809 0.6537465 0.6144648 0.6135759 0.6177394 
S0004_G6548_R1_A  0.1918198 0.1681677 0.1668941 0.1758013 0.1703973 0.1716605 0.0836900 0.0924258 0.0693220 0.0761187 0.0676595 0.0641681 0.0758691 0.0673221 0.0899010 0.0941101 0.0952902 0.0808205 0.0805730 0.0939965 0.0775157 0.1113297 0.0900190 0.0000000 0.1340069 0.1135288 0.0761538 0.1611185 0.1605149 0.1598580 0.0638588 0.5729196 0.3687548 0.6448575 0.6251494 0.6242494 0.6284957 
S0012_G6548_R1_A  0.2541685 0.2336385 0.2291087 0.2440852 0.2370043 0.2377398 0.1504687 0.1383123 0.1300889 0.1412434 0.1313105 0.1220878 0.1503699 0.1333828 0.1577758 0.1405360 0.1454073 0.1420848 0.1427689 0.1593233 0.1318182 0.1633692 0.1552753 0.1340069 0.0000000 0.1680467 0.1411610 0.2295209 0.2296001 0.2288758 0.1199082 0.6698397 0.4524049 0.7494818 0.7132512 0.7123295 0.7154661 
S0036_G6548_R2_A  0.2377106 0.1848637 0.1806821 0.1981043 0.1845209 0.1845471 0.1210418 0.0593398 0.1087894 0.1141014 0.1041325 0.1018834 0.1234645 0.1129241 0.1380997 0.1241228 0.1270061 0.1166611 0.1150470 0.1342557 0.1121247 0.1408333 0.1378730 0.1135288 0.1680467 0.0000000 0.0891528 0.1749931 0.1756860 0.1749916 0.0762187 0.6015775 0.3881041 0.6478869 0.6350591 0.6356227 0.6384809 
S0019_G6548_R1_A  0.1924941 0.1517782 0.1484466 0.1629883 0.1526707 0.1538603 0.0896259 0.0877033 0.0728236 0.0776233 0.0703628 0.0672419 0.0849599 0.0799030 0.1011523 0.0972669 0.1011194 0.0853453 0.0844708 0.0996475 0.0743717 0.0999454 0.0945580 0.0761538 0.1411610 0.0891528 0.0000000 0.1554568 0.1561503 0.1554665 0.0457744 0.4894746 0.2807624 0.5632199 0.5461276 0.5452426 0.5491973 
S0019_G6548_R8_A  0.2859689 0.0587140 0.0591456 0.0687499 0.0646013 0.0640608 0.1745539 0.1841593 0.1504001 0.1749849 0.1589823 0.1481000 0.1791850 0.1633850 0.1841382 0.1849088 0.1876722 0.1750582 0.1750438 0.1904347 0.1739900 0.2038176 0.1876280 0.1611185 0.2295209 0.1749931 0.1554568 0.0000000 0.0124730 0.0119692 0.1162056 0.6388143 0.4255062 0.7188437 0.6859217 0.6865532 0.6895750 
S0019_G6548_R9_A  0.2867995 0.0543773 0.0569817 0.0687602 0.0618559 0.0613167 0.1752378 0.1848685 0.1498064 0.1750060 0.1590011 0.1456383 0.1792326 0.1615232 0.1841979 0.1862716 0.1883863 0.1750795 0.1750651 0.1917922 0.1740475 0.2059306 0.1876903 0.1605149 0.2296001 0.1756860 0.1561503 0.0124730 0.0000000 0.0004950 0.1154293 0.6319766 0.4192682 0.7110740 0.6784871 0.6791093 0.6821106 
S0019_G6548_R10_A 0.2860080 0.0549143 0.0564346 0.0682014 0.0613005 0.0607615 0.1745771 0.1841845 0.1491659 0.1743441 0.1583580 0.1456383 0.1785614 0.1608758 0.1835296 0.1856011 0.1877091 0.1744130 0.1743986 0.1911201 0.1733697 0.2052350 0.1870055 0.1598580 0.2288758 0.1749916 0.1554665 0.0119692 0.0004950 0.0000000 0.1146441 0.6305064 0.4181688 0.7124856 0.6798428 0.6804666 0.6834712 
S0002_G6548_R1_A  0.1810241 0.1195381 0.1167378 0.1296524 0.1207803 0.1206644 0.0799816 0.0802739 0.0636077 0.0655196 0.0585919 0.0532434 0.0705386 0.0549162 0.0820808 0.0819725 0.0849168 0.0712518 0.0698895 0.0893478 0.0677833 0.1083462 0.0970573 0.0638588 0.1199082 0.0762187 0.0457744 0.1162056 0.1154293 0.1146441 0.0000000 0.4285774 0.2068562 0.4852682 0.4861639 0.4897331 0.4897400 
S0019_G6548_R6_A  0.6913325 0.6332926 0.6290656 0.6286991 0.6355892 0.6293839 0.5906828 0.5857406 0.5721857 0.5908383 0.5710033 0.5538154 0.5735563 0.5677949 0.5923917 0.5940938 0.5945636 0.5801245 0.5835391 0.6092014 0.5813772 0.5749117 0.5683776 0.5729196 0.6698397 0.6015775 0.4894746 0.6388143 0.6319766 0.6305064 0.4285774 0.0000000 0.1555198 0.3032709 0.2083661 0.2073997 0.2099911 
S0019_G6548_R7_A  0.4985882 0.4207048 0.4241858 0.4271156 0.4283163 0.4259690 0.3937292 0.3830869 0.3714849 0.3819974 0.3691785 0.3582917 0.3805079 0.3715114 0.3893356 0.3944340 0.3942964 0.3782467 0.3758157 0.4000990 0.3753126 0.4119252 0.4062809 0.3687548 0.4524049 0.3881041 0.2807624 0.4255062 0.4192682 0.4181688 0.2068562 0.1555198 0.0000000 0.2656997 0.1789668 0.1798724 0.1815025 
S0019_G6548_R2_A  0.7547000 0.7032275 0.7018854 0.6998256 0.6986748 0.6946168 0.6857132 0.6601086 0.6591677 0.6757887 0.6464149 0.6395395 0.6454419 0.6351812 0.6763887 0.6749143 0.6793746 0.6530751 0.6500359 0.6804486 0.6335742 0.6744539 0.6537465 0.6448575 0.7494818 0.6478869 0.5632199 0.7188437 0.7110740 0.7124856 0.4852682 0.3032709 0.2656997 0.0000000 0.0656324 0.0663222 0.0683017 
S0019_G6548_R3_A  0.7191725 0.6756457 0.6743954 0.6777870 0.6737149 0.6713934 0.6475990 0.6256395 0.6234614 0.6366321 0.6086473 0.6082979 0.6207952 0.6059752 0.6441138 0.6464752 0.6472970 0.6203786 0.6218968 0.6485856 0.6029054 0.6442836 0.6144648 0.6251494 0.7132512 0.6350591 0.5461276 0.6859217 0.6784871 0.6798428 0.4861639 0.2083661 0.1789668 0.0656324 0.0000000 0.0017519 0.0023367 
S0019_G6548_R4_A  0.7182431 0.6762627 0.6750081 0.6784034 0.6743263 0.6720024 0.6495280 0.6247417 0.6225722 0.6357455 0.6077739 0.6074266 0.6199062 0.6050943 0.6432273 0.6455903 0.6464054 0.6194878 0.6210095 0.6476981 0.6020118 0.6433863 0.6135759 0.6242494 0.7123295 0.6356227 0.5452426 0.6865532 0.6791093 0.6804666 0.4897331 0.2073997 0.1798724 0.0663222 0.0017519 0.0000000 0.0040956 
S0019_G6548_R5_A  0.7198445 0.6762688 0.6750141 0.6784094 0.6743323 0.6720084 0.6509694 0.6289790 0.6267626 0.6399616 0.6118484 0.6114905 0.6240885 0.6091963 0.6474638 0.6498265 0.6506758 0.6236769 0.6251865 0.6519526 0.6061643 0.6476755 0.6177394 0.6284957 0.7154661 0.6384809 0.5491973 0.6895750 0.6821106 0.6834712 0.4897400 0.2099911 0.1815025 0.0683017 0.0023367 0.0040956 0.0000000 
