22
S0004_G6544_R1_A 0.0000000 0.0771273 0.0986537 0.0861634 0.0836404 0.0852193 0.0853276 0.0787047 0.0808411 0.0975856 0.0815648 0.0802884 0.0903629 0.0879467 0.0781687 0.0851575 0.0890710 0.0589230 0.0748516 0.0793326 0.1106372 0.2202542 
S0036_G6544_R1_A 0.0771273 0.0000000 0.0545201 0.0382152 0.0388581 0.0373320 0.0424903 0.0409536 0.0395787 0.0590106 0.0446953 0.0773250 0.1057439 0.0545869 0.0882270 0.0988148 0.1031437 0.0866310 0.1054966 0.0877089 0.1136947 0.1895224 
S0017_G6544_R1_A 0.0986537 0.0545201 0.0000000 0.0618809 0.0664189 0.0643685 0.0633495 0.0582430 0.0657335 0.0714092 0.0566705 0.0929744 0.1298383 0.0769401 0.1078419 0.1175677 0.1196680 0.1098468 0.1314656 0.1109012 0.1308438 0.2091685 
S0002_G6544_R1_A 0.0861634 0.0382152 0.0618809 0.0000000 0.0443237 0.0410584 0.0513211 0.0474647 0.0428484 0.0631109 0.0508130 0.0828579 0.1161394 0.0616479 0.1013153 0.1081746 0.1147503 0.0933900 0.1127753 0.0935451 0.1247282 0.1917361 
S0019_G6544_R1_A 0.0836404 0.0388581 0.0664189 0.0443237 0.0000000 0.0325667 0.0520403 0.0499790 0.0453055 0.0630999 0.0484384 0.0845308 0.1152675 0.0622957 0.0983480 0.1093027 0.1144494 0.0971096 0.1137541 0.0983018 0.1286978 0.1994457 
S0020_G6544_R1_A 0.0852193 0.0373320 0.0643685 0.0410584 0.0325667 0.0000000 0.0514764 0.0498303 0.0441561 0.0679013 0.0504613 0.0820063 0.1152817 0.0657651 0.0979550 0.1099299 0.1119137 0.0936578 0.1088979 0.0934002 0.1238586 0.2036365 
S0016_G6544_R1_A 0.0853276 0.0424903 0.0633495 0.0513211 0.0520403 0.0514764 0.0000000 0.0510522 0.0517147 0.0658093 0.0545051 0.0889859 0.1203078 0.0656721 0.1018929 0.1116683 0.1144012 0.0946035 0.1193384 0.0960041 0.1266550 0.1963068 
S0028_G6544_R1_A 0.0787047 0.0409536 0.0582430 0.0474647 0.0499790 0.0498303 0.0510522 0.0000000 0.0462495 0.0538881 0.0412388 0.0761570 0.1139512 0.0536512 0.0900878 0.1033882 0.1058333 0.0900575 0.1077956 0.0882481 0.1150845 0.1839214 
S0011_G6544_R1_A 0.0808411 0.0395787 0.0657335 0.0428484 0.0453055 0.0441561 0.0517147 0.0462495 0.0000000 0.0637058 0.0518882 0.0824279 0.1116942 0.0652057 0.0986066 0.1045088 0.1111287 0.0901739 0.1087542 0.0933992 0.1214154 0.1948500 
S0021_G6544_R1_A 0.0975856 0.0590106 0.0714092 0.0631109 0.0630999 0.0679013 0.0658093 0.0538881 0.0637058 0.0000000 0.0601886 0.0960440 0.1315637 0.0738002 0.1136444 0.1218379 0.1224242 0.1130854 0.1319699 0.0990083 0.1394778 0.1966847 
S0030_G6544_R1_A 0.0815648 0.0446953 0.0566705 0.0508130 0.0484384 0.0504613 0.0545051 0.0412388 0.0518882 0.0601886 0.0000000 0.0751631 0.1111365 0.0574555 0.0925146 0.1005007 0.1035954 0.0901512 0.1055333 0.0892457 0.1145224 0.1915717 
S0046_G6544_R1_A 0.0802884 0.0773250 0.0929744 0.0828579 0.0845308 0.0820063 0.0889859 0.0761570 0.0824279 0.0960440 0.0751631 0.0000000 0.1187184 0.0927826 0.0922349 0.0989809 0.1005777 0.0939607 0.1058779 0.0928987 0.1173600 0.2168782 
S0037_G6544_R1_A 0.0903629 0.1057439 0.1298383 0.1161394 0.1152675 0.1152817 0.1203078 0.1139512 0.1116942 0.1315637 0.1111365 0.1187184 0.0000000 0.1175661 0.1111850 0.1172182 0.1184907 0.0851340 0.0987256 0.1182689 0.1413272 0.2492433 
S0022_G6544_R1_A 0.0879467 0.0545869 0.0769401 0.0616479 0.0622957 0.0657651 0.0656721 0.0536512 0.0652057 0.0738002 0.0574555 0.0927826 0.1175661 0.0000000 0.1052286 0.1194086 0.1188160 0.1008319 0.1200421 0.1000098 0.1277459 0.2090364 
S0013_G6544_R1_A 0.0781687 0.0882270 0.1078419 0.1013153 0.0983480 0.0979550 0.1018929 0.0900878 0.0986066 0.1136444 0.0925146 0.0922349 0.1111850 0.1052286 0.0000000 0.0739189 0.0754987 0.0847570 0.0998262 0.0954518 0.1082003 0.2318228 
S0048_G6544_R1_A 0.0851575 0.0988148 0.1175677 0.1081746 0.1093027 0.1099299 0.1116683 0.1033882 0.1045088 0.1218379 0.1005007 0.0989809 0.1172182 0.1194086 0.0739189 0.0000000 0.0259730 0.0928226 0.1057547 0.1012251 0.1194033 0.2368963 
S0050_G6544_R1_A 0.0890710 0.1031437 0.1196680 0.1147503 0.1144494 0.1119137 0.1144012 0.1058333 0.1111287 0.1224242 0.1035954 0.1005777 0.1184907 0.1188160 0.0754987 0.0259730 0.0000000 0.0964909 0.1108335 0.1030322 0.1196895 0.2388864 
S0031_G6544_R1_A 0.0589230 0.0866310 0.1098468 0.0933900 0.0971096 0.0936578 0.0946035 0.0900575 0.0901739 0.1130854 0.0901512 0.0939607 0.0851340 0.1008319 0.0847570 0.0928226 0.0964909 0.0000000 0.0530060 0.0877059 0.1160324 0.2278786 
S0018_G6544_R1_A 0.0748516 0.1054966 0.1314656 0.1127753 0.1137541 0.1088979 0.1193384 0.1077956 0.1087542 0.1319699 0.1055333 0.1058779 0.0987256 0.1200421 0.0998262 0.1057547 0.1108335 0.0530060 0.0000000 0.1063320 0.1289992 0.2455824 
S0026_G6544_R1_A 0.0793326 0.0877089 0.1109012 0.0935451 0.0983018 0.0934002 0.0960041 0.0882481 0.0933992 0.0990083 0.0892457 0.0928987 0.1182689 0.1000098 0.0954518 0.1012251 0.1030322 0.0877059 0.1063320 0.0000000 0.1251542 0.2220913 
S0012_G6544_R1_A 0.1106372 0.1136947 0.1308438 0.1247282 0.1286978 0.1238586 0.1266550 0.1150845 0.1214154 0.1394778 0.1145224 0.1173600 0.1413272 0.1277459 0.1082003 0.1194033 0.1196895 0.1160324 0.1289992 0.1251542 0.0000000 0.2696902 
S0005_G6544_R1_A 0.2202542 0.1895224 0.2091685 0.1917361 0.1994457 0.2036365 0.1963068 0.1839214 0.1948500 0.1966847 0.1915717 0.2168782 0.2492433 0.2090364 0.2318228 0.2368963 0.2388864 0.2278786 0.2455824 0.2220913 0.2696902 0.0000000 
