23
S0036_G6559_R1_A 0.0000000 0.0619854 0.0787997 0.0841335 0.0788635 0.0668282 0.0805580 0.0830854 0.0704101 0.0691579 0.0816048 0.0800578 0.0825022 0.0692958 0.0720460 0.0865620 0.0951158 0.0964637 0.0959137 0.0683863 0.1173383 0.1047672 0.3417573 
S0030_G6559_R1_A 0.0619854 0.0000000 0.0758509 0.0753014 0.0707113 0.0625463 0.0732577 0.0743283 0.0720987 0.0636282 0.0712728 0.0718612 0.0730626 0.0638842 0.0618440 0.0794946 0.0915955 0.0861387 0.0856270 0.0619315 0.1113946 0.1003386 0.3439867 
S0004_G6559_R1_A 0.0787997 0.0758509 0.0000000 0.0915604 0.0817130 0.0819508 0.0899037 0.0894485 0.0880541 0.0801447 0.0903706 0.0852622 0.0963860 0.0798410 0.0799815 0.0928995 0.1134667 0.1064204 0.1041405 0.0796747 0.1260227 0.1200214 0.3672358 
S0021_G6559_R2_A 0.0841335 0.0753014 0.0915604 0.0000000 0.0852242 0.0814384 0.0869657 0.0480047 0.0858160 0.0762791 0.0922555 0.0734297 0.0931644 0.0832504 0.0848960 0.0978310 0.1105357 0.1024712 0.1013111 0.0822276 0.1354773 0.1204683 0.3365795 
S0016_G6559_R1_A 0.0788635 0.0707113 0.0817130 0.0852242 0.0000000 0.0737318 0.0804797 0.0817307 0.0816468 0.0727936 0.0851579 0.0824749 0.0830467 0.0772606 0.0724597 0.0864505 0.1044029 0.1015702 0.1019179 0.0724745 0.1245224 0.1205842 0.3570612 
S0019_G6559_R1_A 0.0668282 0.0625463 0.0819508 0.0814384 0.0737318 0.0000000 0.0733654 0.0786834 0.0649158 0.0680506 0.0799667 0.0712645 0.0783990 0.0618074 0.0668668 0.0815574 0.0954090 0.0935499 0.0936587 0.0517450 0.1167856 0.1071679 0.3510136 
S0046_G6559_R1_A 0.0805580 0.0732577 0.0899037 0.0869657 0.0804797 0.0733654 0.0000000 0.0820035 0.0784012 0.0755169 0.0898780 0.0800424 0.0851290 0.0798802 0.0795067 0.0871697 0.1049246 0.1004239 0.0974908 0.0735101 0.1259916 0.1185592 0.3566578 
S0021_G6559_R1_A 0.0830854 0.0743283 0.0894485 0.0480047 0.0817307 0.0786834 0.0820035 0.0000000 0.0892675 0.0729304 0.0891980 0.0707429 0.0909960 0.0809723 0.0809217 0.0940624 0.1072581 0.1007008 0.0972847 0.0792330 0.1276693 0.1215116 0.3496948 
S0011_G6559_R1_A 0.0704101 0.0720987 0.0880541 0.0858160 0.0816468 0.0649158 0.0784012 0.0892675 0.0000000 0.0731451 0.0843516 0.0804604 0.0853933 0.0713324 0.0799394 0.0942178 0.1003182 0.0953909 0.0980813 0.0698858 0.1299690 0.1156853 0.3497301 
S0028_G6559_R1_A 0.0691579 0.0636282 0.0801447 0.0762791 0.0727936 0.0680506 0.0755169 0.0729304 0.0731451 0.0000000 0.0818295 0.0723185 0.0827388 0.0754129 0.0696131 0.0868747 0.0985159 0.0965965 0.0915831 0.0696400 0.1143604 0.1123600 0.3539501 
S0013_G6559_R1_A 0.0816048 0.0712728 0.0903706 0.0922555 0.0851579 0.0799667 0.0898780 0.0891980 0.0843516 0.0818295 0.0000000 0.0894965 0.0870850 0.0810956 0.0764162 0.0946335 0.1049557 0.0970462 0.0952895 0.0763398 0.1290841 0.1134937 0.3598445 
S0026_G6559_R1_A 0.0800578 0.0718612 0.0852622 0.0734297 0.0824749 0.0712645 0.0800424 0.0707429 0.0804604 0.0723185 0.0894965 0.0000000 0.0884152 0.0726861 0.0720313 0.0819636 0.1067925 0.1004793 0.0997826 0.0747342 0.1206843 0.1174387 0.3497664 
S0022_G6559_R1_A 0.0825022 0.0730626 0.0963860 0.0931644 0.0830467 0.0783990 0.0851290 0.0909960 0.0853933 0.0827388 0.0870850 0.0884152 0.0000000 0.0830688 0.0797607 0.0932173 0.0981828 0.1095278 0.1071507 0.0782212 0.1233835 0.1235686 0.3592386 
S0002_G6559_R1_A 0.0692958 0.0638842 0.0798410 0.0832504 0.0772606 0.0618074 0.0798802 0.0809723 0.0713324 0.0754129 0.0810956 0.0726861 0.0830688 0.0000000 0.0746150 0.0913983 0.0925202 0.0940446 0.0939975 0.0641587 0.1219912 0.1106300 0.3443374 
S0031_G6559_R1_A 0.0720460 0.0618440 0.0799815 0.0848960 0.0724597 0.0668668 0.0795067 0.0809217 0.0799394 0.0696131 0.0764162 0.0720313 0.0797607 0.0746150 0.0000000 0.0484118 0.0993616 0.0957332 0.0905931 0.0703133 0.0887992 0.1034964 0.3333279 
S0018_G6559_R1_A 0.0865620 0.0794946 0.0928995 0.0978310 0.0864505 0.0815574 0.0871697 0.0940624 0.0942178 0.0868747 0.0946335 0.0819636 0.0932173 0.0913983 0.0484118 0.0000000 0.1142542 0.1104142 0.1022881 0.0809533 0.1090902 0.1201228 0.3441004 
S0017_G6559_R1_A 0.0951158 0.0915955 0.1134667 0.1105357 0.1044029 0.0954090 0.1049246 0.1072581 0.1003182 0.0985159 0.1049557 0.1067925 0.0981828 0.0925202 0.0993616 0.1142542 0.0000000 0.1230057 0.1185698 0.0930145 0.1421151 0.1362758 0.3757556 
S0048_G6559_R1_A 0.0964637 0.0861387 0.1064204 0.1024712 0.1015702 0.0935499 0.1004239 0.1007008 0.0953909 0.0965965 0.0970462 0.1004793 0.1095278 0.0940446 0.0957332 0.1104142 0.1230057 0.0000000 0.0477024 0.0852495 0.1423355 0.1302428 0.3704354 
S0050_G6559_R1_A 0.0959137 0.0856270 0.1041405 0.1013111 0.1019179 0.0936587 0.0974908 0.0972847 0.0980813 0.0915831 0.0952895 0.0997826 0.1071507 0.0939975 0.0905931 0.1022881 0.1185698 0.0477024 0.0000000 0.0853449 0.1388176 0.1270747 0.3628148 
S0020_G6559_R1_A 0.0683863 0.0619315 0.0796747 0.0822276 0.0724745 0.0517450 0.0735101 0.0792330 0.0698858 0.0696400 0.0763398 0.0747342 0.0782212 0.0641587 0.0703133 0.0809533 0.0930145 0.0852495 0.0853449 0.0000000 0.1107843 0.1116479 0.3181622 
S0037_G6559_R1_A 0.1173383 0.1113946 0.1260227 0.1354773 0.1245224 0.1167856 0.1259916 0.1276693 0.1299690 0.1143604 0.1290841 0.1206843 0.1233835 0.1219912 0.0887992 0.1090902 0.1421151 0.1423355 0.1388176 0.1107843 0.0000000 0.1562001 0.3518695 
S0012_G6559_R1_A 0.1047672 0.1003386 0.1200214 0.1204683 0.1205842 0.1071679 0.1185592 0.1215116 0.1156853 0.1123600 0.1134937 0.1174387 0.1235686 0.1106300 0.1034964 0.1201228 0.1362758 0.1302428 0.1270747 0.1116479 0.1562001 0.0000000 0.3862467 
S0005_G6559_R1_A 0.3417573 0.3439867 0.3672358 0.3365795 0.3570612 0.3510136 0.3566578 0.3496948 0.3497301 0.3539501 0.3598445 0.3497664 0.3592386 0.3443374 0.3333279 0.3441004 0.3757556 0.3704354 0.3628148 0.3181622 0.3518695 0.3862467 0.0000000 
