23
S0017_G6572_R1_A 0.0000000 0.0846519 0.0860738 0.0947486 0.0804174 0.0775376 0.0879928 0.0908966 0.0814032 0.0889156 0.0957128 0.0968955 0.0797291 0.0878990 0.0889412 0.0862375 0.2640822 0.1016148 0.0839150 0.1196225 0.1172056 0.1256690 0.2807402 
S0020_G6572_R1_A 0.0846519 0.0000000 0.0378961 0.0871791 0.0643559 0.0690195 0.0562170 0.0849709 0.0697830 0.0803632 0.0840495 0.0887919 0.0741190 0.0648532 0.0768710 0.0591325 0.2554470 0.0964374 0.0556201 0.1096194 0.1054455 0.1165894 0.2596527 
S0019_G6572_R1_A 0.0860738 0.0378961 0.0000000 0.0853815 0.0689919 0.0720237 0.0568230 0.0881898 0.0645093 0.0800102 0.0843752 0.0898751 0.0772122 0.0678036 0.0789122 0.0602920 0.2522275 0.0931824 0.0532724 0.1086529 0.1037660 0.1167589 0.2612069 
S0013_G6572_R1_A 0.0947486 0.0871791 0.0853815 0.0000000 0.0778027 0.0794205 0.0872774 0.0968084 0.0816806 0.1007448 0.1058895 0.1025595 0.0874580 0.0859438 0.0936462 0.0914870 0.2699929 0.1052581 0.0789161 0.1032430 0.0984671 0.1123323 0.2867854 
S0046_G6572_R1_A 0.0804174 0.0643559 0.0689919 0.0778027 0.0000000 0.0675213 0.0702739 0.0794006 0.0660183 0.0761384 0.0820973 0.0839104 0.0677146 0.0667002 0.0721534 0.0731147 0.2331714 0.0903176 0.0648729 0.1052720 0.1011494 0.1103074 0.2607990 
S0016_G6572_R1_A 0.0775376 0.0690195 0.0720237 0.0794205 0.0675213 0.0000000 0.0727124 0.0725725 0.0674492 0.0793260 0.0824413 0.0808578 0.0639502 0.0686597 0.0769624 0.0743423 0.2508504 0.0811544 0.0672576 0.1026617 0.0988985 0.1062872 0.2544587 
S0036_G6572_R1_A 0.0879928 0.0562170 0.0568230 0.0872774 0.0702739 0.0727124 0.0000000 0.0907064 0.0684822 0.0860037 0.0897326 0.0935277 0.0774428 0.0698490 0.0796079 0.0604664 0.2406308 0.1017798 0.0571951 0.1135406 0.1092762 0.1202251 0.2674023 
S0004_G6572_R1_A 0.0908966 0.0849709 0.0881898 0.0968084 0.0794006 0.0725725 0.0907064 0.0000000 0.0857527 0.0885829 0.0970364 0.0914067 0.0731387 0.0865817 0.0932657 0.0921375 0.2583176 0.0896775 0.0855934 0.1158222 0.1132934 0.1256877 0.2741273 
S0022_G6572_R1_A 0.0814032 0.0697830 0.0645093 0.0816806 0.0660183 0.0674492 0.0684822 0.0857527 0.0000000 0.0805903 0.0876630 0.0873122 0.0709124 0.0710126 0.0782475 0.0733124 0.2527050 0.0895455 0.0646156 0.1109793 0.1084101 0.1157673 0.2600023 
S0021_G6572_R1_A 0.0889156 0.0803632 0.0800102 0.1007448 0.0761384 0.0793260 0.0860037 0.0885829 0.0805903 0.0000000 0.0267193 0.0967037 0.0828058 0.0731381 0.0741146 0.0797272 0.2437953 0.0999058 0.0799570 0.1224395 0.1174759 0.1314903 0.2780569 
S0021_G6572_R2_A 0.0957128 0.0840495 0.0843752 0.1058895 0.0820973 0.0824413 0.0897326 0.0970364 0.0876630 0.0267193 0.0000000 0.1007385 0.0888736 0.0786110 0.0777923 0.0846599 0.2495493 0.1057091 0.0851427 0.1270727 0.1226312 0.1377624 0.2818833 
S0018_G6572_R1_A 0.0968955 0.0887919 0.0898751 0.1025595 0.0839104 0.0808578 0.0935277 0.0914067 0.0873122 0.0967037 0.1007385 0.0000000 0.0427840 0.0881930 0.0930385 0.0920774 0.2655451 0.0825148 0.0926350 0.1223855 0.1186225 0.1276735 0.2886050 
S0031_G6572_R1_A 0.0797291 0.0741190 0.0772122 0.0874580 0.0677146 0.0639502 0.0774428 0.0731387 0.0709124 0.0828058 0.0888736 0.0427840 0.0000000 0.0743835 0.0799338 0.0784636 0.2530064 0.0666134 0.0774565 0.1084078 0.1042404 0.1117698 0.2679778 
S0028_G6572_R1_A 0.0878990 0.0648532 0.0678036 0.0859438 0.0667002 0.0686597 0.0698490 0.0865817 0.0710126 0.0731381 0.0786110 0.0881930 0.0743835 0.0000000 0.0713949 0.0670931 0.2409641 0.0970735 0.0658018 0.1094289 0.1039205 0.1221091 0.2611853 
S0026_G6572_R1_A 0.0889412 0.0768710 0.0789122 0.0936462 0.0721534 0.0769624 0.0796079 0.0932657 0.0782475 0.0741146 0.0777923 0.0930385 0.0799338 0.0713949 0.0000000 0.0778444 0.2414707 0.0973485 0.0752025 0.1140106 0.1103058 0.1206227 0.2692579 
S0002_G6572_R1_A 0.0862375 0.0591325 0.0602920 0.0914870 0.0731147 0.0743423 0.0604664 0.0921375 0.0733124 0.0797272 0.0846599 0.0920774 0.0784636 0.0670931 0.0778444 0.0000000 0.2448302 0.0999654 0.0591547 0.1148818 0.1128398 0.1216756 0.2722169 
S0005_G6572_R1_A 0.2640822 0.2554470 0.2522275 0.2699929 0.2331714 0.2508504 0.2406308 0.2583176 0.2527050 0.2437953 0.2495493 0.2655451 0.2530064 0.2409641 0.2414707 0.2448302 0.0000000 0.2719117 0.2373196 0.2865620 0.2774294 0.2889805 0.5035312 
S0037_G6572_R1_A 0.1016148 0.0964374 0.0931824 0.1052581 0.0903176 0.0811544 0.1017798 0.0896775 0.0895455 0.0999058 0.1057091 0.0825148 0.0666134 0.0970735 0.0973485 0.0999654 0.2719117 0.0000000 0.0903404 0.1294219 0.1249233 0.1310071 0.2844170 
S0011_G6572_R1_A 0.0839150 0.0556201 0.0532724 0.0789161 0.0648729 0.0672576 0.0571951 0.0855934 0.0646156 0.0799570 0.0851427 0.0926350 0.0774565 0.0658018 0.0752025 0.0591547 0.2373196 0.0903404 0.0000000 0.1084548 0.1052539 0.1118743 0.2709027 
S0048_G6572_R1_A 0.1196225 0.1096194 0.1086529 0.1032430 0.1052720 0.1026617 0.1135406 0.1158222 0.1109793 0.1224395 0.1270727 0.1223855 0.1084078 0.1094289 0.1140106 0.1148818 0.2865620 0.1294219 0.1084548 0.0000000 0.0189285 0.1407371 0.3125268 
S0050_G6572_R1_A 0.1172056 0.1054455 0.1037660 0.0984671 0.1011494 0.0988985 0.1092762 0.1132934 0.1084101 0.1174759 0.1226312 0.1186225 0.1042404 0.1039205 0.1103058 0.1128398 0.2774294 0.1249233 0.1052539 0.0189285 0.0000000 0.1362821 0.3014579 
S0012_G6572_R1_A 0.1256690 0.1165894 0.1167589 0.1123323 0.1103074 0.1062872 0.1202251 0.1256877 0.1157673 0.1314903 0.1377624 0.1276735 0.1117698 0.1221091 0.1206227 0.1216756 0.2889805 0.1310071 0.1118743 0.1407371 0.1362821 0.0000000 0.2932064 
S0030_G6572_R1_A 0.2807402 0.2596527 0.2612069 0.2867854 0.2607990 0.2544587 0.2674023 0.2741273 0.2600023 0.2780569 0.2818833 0.2886050 0.2679778 0.2611853 0.2692579 0.2722169 0.5035312 0.2844170 0.2709027 0.3125268 0.3014579 0.2932064 0.0000000 
