29
S0018_G6570_R1_A 0.0000000 0.0400462 0.1925337 0.2312792 0.1208474 0.1218249 0.1976472 0.1160748 0.1514183 0.2882680 0.1573263 0.1109643 0.1104282 0.1263331 0.1337273 0.0490736 0.0565730 0.0716256 0.1169745 0.1375787 0.1451251 0.1215734 0.1548396 0.2015702 0.1919302 0.2400360 0.2586492 0.2452742 0.2847983 
S0031_G6570_R1_A 0.0400462 0.0000000 0.1768273 0.2047680 0.1082959 0.1113726 0.1839305 0.1044947 0.1342233 0.2659069 0.1445168 0.1003309 0.0997544 0.1169517 0.1240316 0.0400050 0.0473476 0.0609537 0.1047866 0.1201014 0.1289029 0.1079783 0.1405779 0.1834359 0.1741478 0.2142661 0.2311828 0.2243225 0.2614479 
S0026_G6570_R1_A 0.1925337 0.1768273 0.0000000 0.1725710 0.1476842 0.1513015 0.2104965 0.1434180 0.1623951 0.2932480 0.1863822 0.1508573 0.1543686 0.1527688 0.1786629 0.1867839 0.1914749 0.2118858 0.1492419 0.1591382 0.1902187 0.1620498 0.1905519 0.1859794 0.2312463 0.3049986 0.2554690 0.2920361 0.3315164 
S0002_G6570_R1_A 0.2312792 0.2047680 0.1725710 0.0000000 0.1848730 0.1924963 0.2469007 0.1690039 0.1995275 0.3175377 0.2061610 0.1962160 0.2018704 0.1759951 0.1815534 0.2166792 0.2240315 0.2459712 0.1486350 0.1458206 0.2270358 0.1964732 0.1833384 0.1713484 0.2395597 0.3472200 0.2795443 0.3022888 0.3451312 
S0021_G6570_R1_A 0.1208474 0.1082959 0.1476842 0.1848730 0.0000000 0.0202028 0.1777391 0.0561663 0.0995208 0.2763794 0.1068831 0.0628600 0.0632000 0.0811689 0.0958438 0.1139807 0.1218183 0.1390859 0.0774188 0.0863081 0.1093372 0.0698257 0.1257892 0.1572158 0.1445270 0.1995376 0.2000718 0.2657989 0.2942090 
S0021_G6570_R3_A 0.1218249 0.1113726 0.1513015 0.1924963 0.0202028 0.0000000 0.1800840 0.0580251 0.1026478 0.2781045 0.1090025 0.0667885 0.0671501 0.0840704 0.0992173 0.1149393 0.1227886 0.1354190 0.0793330 0.0922672 0.1123652 0.0726892 0.1279455 0.1619350 0.1501640 0.2028154 0.2041496 0.2616085 0.2935096 
S0013_G6570_R1_A 0.1976472 0.1839305 0.2104965 0.2469007 0.1777391 0.1800840 0.0000000 0.1650613 0.1836099 0.3328558 0.1820461 0.1641375 0.1692991 0.1589649 0.1591884 0.1890038 0.1944000 0.2173777 0.1516282 0.1617491 0.1708476 0.1732725 0.1730106 0.1893047 0.2329813 0.2633777 0.2587669 0.2948260 0.3379114 
S0028_G6570_R1_A 0.1160748 0.1044947 0.1434180 0.1690039 0.0561663 0.0580251 0.1650613 0.0000000 0.0932763 0.2579571 0.0983437 0.0566691 0.0590526 0.0758313 0.0894608 0.1117254 0.1202052 0.1403077 0.0761204 0.0837551 0.0961892 0.0625808 0.1161190 0.1376188 0.1420383 0.1940830 0.1844531 0.2424917 0.2702399 
S0017_G6570_R1_A 0.1514183 0.1342233 0.1623951 0.1995275 0.0995208 0.1026478 0.1836099 0.0932763 0.0000000 0.2912440 0.0798138 0.0963612 0.0944702 0.1017555 0.1080093 0.1452346 0.1499732 0.1649529 0.1004690 0.1051291 0.1360930 0.1091635 0.1295437 0.1676239 0.1690439 0.2337053 0.2232909 0.2677827 0.3053520 
S0012_G6570_R1_A 0.2882680 0.2659069 0.2932480 0.3175377 0.2763794 0.2781045 0.3328558 0.2579571 0.2912440 0.0000000 0.3109863 0.2519371 0.2551893 0.2767806 0.2650842 0.2733967 0.2834524 0.3033674 0.2773832 0.2805831 0.3143362 0.2648871 0.3010243 0.3301941 0.2473482 0.3742911 0.3314620 0.1913838 0.1921791 
S0017_G6570_R2_A 0.1573263 0.1445168 0.1863822 0.2061610 0.1068831 0.1090025 0.1820461 0.0983437 0.0798138 0.3109863 0.0000000 0.1086771 0.1095560 0.1064446 0.1128018 0.1487314 0.1534249 0.1725408 0.1102144 0.1146679 0.1506314 0.1145387 0.1429208 0.1622963 0.1902254 0.2425329 0.2423996 0.2847797 0.3144181 
S0021_G6570_R2_A 0.1109643 0.1003309 0.1508573 0.1962160 0.0628600 0.0667885 0.1641375 0.0566691 0.0963612 0.2519371 0.1086771 0.0000000 0.0149318 0.0762989 0.0948870 0.1028936 0.1116314 0.1317346 0.0797486 0.0899728 0.1020943 0.0717324 0.1245253 0.1635858 0.1298157 0.1692914 0.1718008 0.2346520 0.2532966 
S0021_G6570_R4_A 0.1104282 0.0997544 0.1543686 0.2018704 0.0632000 0.0671501 0.1692991 0.0590526 0.0944702 0.2551893 0.1095560 0.0149318 0.0000000 0.0799424 0.0977563 0.1023298 0.1121801 0.1362182 0.0813879 0.0925098 0.1050053 0.0730818 0.1316130 0.1614375 0.1305179 0.1755683 0.1772042 0.2369043 0.2556233 
S0016_G6570_R1_A 0.1263331 0.1169517 0.1527688 0.1759951 0.0811689 0.0840704 0.1589649 0.0758313 0.1017555 0.2767806 0.1064446 0.0762989 0.0799424 0.0000000 0.0852378 0.1207929 0.1280257 0.1472714 0.0699872 0.0812790 0.1072762 0.0857947 0.1091572 0.1404094 0.1409386 0.2068842 0.1934380 0.2518971 0.2883400 
S0030_G6570_R1_A 0.1337273 0.1240316 0.1786629 0.1815534 0.0958438 0.0992173 0.1591884 0.0894608 0.1080093 0.2650842 0.1128018 0.0948870 0.0977563 0.0852378 0.0000000 0.1311606 0.1401582 0.1592016 0.0913357 0.0950737 0.1262028 0.0947333 0.1214003 0.1418542 0.1544888 0.2282753 0.2092556 0.2581480 0.2999801 
S0004_G6570_R1_A 0.0490736 0.0400050 0.1867839 0.2166792 0.1139807 0.1149393 0.1890038 0.1117254 0.1452346 0.2733967 0.1487314 0.1028936 0.1023298 0.1207929 0.1311606 0.0000000 0.0359152 0.0687930 0.1171954 0.1285742 0.1324544 0.1066977 0.1510779 0.1920763 0.1863113 0.2228090 0.2514034 0.2384174 0.2788627 
S0004_G6570_R2_A 0.0565730 0.0473476 0.1914749 0.2240315 0.1218183 0.1227886 0.1944000 0.1202052 0.1499732 0.2834524 0.1534249 0.1116314 0.1121801 0.1280257 0.1401582 0.0359152 0.0000000 0.0708133 0.1226018 0.1329838 0.1360398 0.1182089 0.1596577 0.1989675 0.1784918 0.2259099 0.2433633 0.2348112 0.2749975 
S0037_G6570_R1_A 0.0716256 0.0609537 0.2118858 0.2459712 0.1390859 0.1354190 0.2173777 0.1403077 0.1649529 0.3033674 0.1725408 0.1317346 0.1362182 0.1472714 0.1592016 0.0687930 0.0708133 0.0000000 0.1336681 0.1521253 0.1552199 0.1404360 0.1786061 0.2139879 0.2134896 0.2557711 0.2639858 0.2690358 0.3079927 
S0019_G6570_R1_A 0.1169745 0.1047866 0.1492419 0.1486350 0.0774188 0.0793330 0.1516282 0.0761204 0.1004690 0.2773832 0.1102144 0.0797486 0.0813879 0.0699872 0.0913357 0.1171954 0.1226018 0.1336681 0.0000000 0.0547474 0.1142350 0.0863926 0.1021312 0.1091710 0.1020443 0.2055304 0.2045520 0.2547087 0.2881673 
S0036_G6570_R1_A 0.1375787 0.1201014 0.1591382 0.1458206 0.0863081 0.0922672 0.1617491 0.0837551 0.1051291 0.2805831 0.1146679 0.0899728 0.0925098 0.0812790 0.0950737 0.1285742 0.1329838 0.1521253 0.0547474 0.0000000 0.1241630 0.0919891 0.1054616 0.1103665 0.1240265 0.2121449 0.2136676 0.2614267 0.3010561 
S0022_G6570_R3_A 0.1451251 0.1289029 0.1902187 0.2270358 0.1093372 0.1123652 0.1708476 0.0961892 0.1360930 0.3143362 0.1506314 0.1020943 0.1050053 0.1072762 0.1262028 0.1324544 0.1360398 0.1552199 0.1142350 0.1241630 0.0000000 0.1034914 0.1516046 0.1846016 0.1732472 0.1501641 0.1490581 0.2765615 0.3103123 
S0026_G6570_R2_A 0.1215734 0.1079783 0.1620498 0.1964732 0.0698257 0.0726892 0.1732725 0.0625808 0.1091635 0.2648871 0.1145387 0.0717324 0.0730818 0.0857947 0.0947333 0.1066977 0.1182089 0.1404360 0.0863926 0.0919891 0.1034914 0.0000000 0.1312557 0.1579659 0.1531821 0.2002867 0.2072616 0.2478049 0.2698365 
S0046_G6570_R1_A 0.1548396 0.1405779 0.1905519 0.1833384 0.1257892 0.1279455 0.1730106 0.1161190 0.1295437 0.3010243 0.1429208 0.1245253 0.1316130 0.1091572 0.1214003 0.1510779 0.1596577 0.1786061 0.1021312 0.1054616 0.1516046 0.1312557 0.0000000 0.1495218 0.1737525 0.2438085 0.2152720 0.2623882 0.3011083 
S0011_G6570_R1_A 0.2015702 0.1834359 0.1859794 0.1713484 0.1572158 0.1619350 0.1893047 0.1376188 0.1676239 0.3301941 0.1622963 0.1635858 0.1614375 0.1404094 0.1418542 0.1920763 0.1989675 0.2139879 0.1091710 0.1103665 0.1846016 0.1579659 0.1495218 0.0000000 0.1890890 0.2909307 0.2389895 0.3151265 0.3533715 
S0020_G6570_R1_A 0.1919302 0.1741478 0.2312463 0.2395597 0.1445270 0.1501640 0.2329813 0.1420383 0.1690439 0.2473482 0.1902254 0.1298157 0.1305179 0.1409386 0.1544888 0.1863113 0.1784918 0.2134896 0.1020443 0.1240265 0.1732472 0.1531821 0.1737525 0.1890890 0.0000000 0.2314687 0.2315854 0.2360836 0.2227236 
S0022_G6570_R1_A 0.2400360 0.2142661 0.3049986 0.3472200 0.1995376 0.2028154 0.2633777 0.1940830 0.2337053 0.3742911 0.2425329 0.1692914 0.1755683 0.2068842 0.2282753 0.2228090 0.2259099 0.2557711 0.2055304 0.2121449 0.1501641 0.2002867 0.2438085 0.2909307 0.2314687 0.0000000 0.0982507 0.3185229 0.3521363 
S0022_G6570_R2_A 0.2586492 0.2311828 0.2554690 0.2795443 0.2000718 0.2041496 0.2587669 0.1844531 0.2232909 0.3314620 0.2423996 0.1718008 0.1772042 0.1934380 0.2092556 0.2514034 0.2433633 0.2639858 0.2045520 0.2136676 0.1490581 0.2072616 0.2152720 0.2389895 0.2315854 0.0982507 0.0000000 0.2936150 0.3214393 
S0048_G6570_R1_A 0.2452742 0.2243225 0.2920361 0.3022888 0.2657989 0.2616085 0.2948260 0.2424917 0.2677827 0.1913838 0.2847797 0.2346520 0.2369043 0.2518971 0.2581480 0.2384174 0.2348112 0.2690358 0.2547087 0.2614267 0.2765615 0.2478049 0.2623882 0.3151265 0.2360836 0.3185229 0.2936150 0.0000000 0.0342493 
S0050_G6570_R1_A 0.2847983 0.2614479 0.3315164 0.3451312 0.2942090 0.2935096 0.3379114 0.2702399 0.3053520 0.1921791 0.3144181 0.2532966 0.2556233 0.2883400 0.2999801 0.2788627 0.2749975 0.3079927 0.2881673 0.3010561 0.3103123 0.2698365 0.3011083 0.3533715 0.2227236 0.3521363 0.3214393 0.0342493 0.0000000 
