23
S0011_G6601_R1_A 0.0000000 0.0621247 0.0704367 0.0596544 0.0688804 0.0762792 0.0741834 0.0645866 0.0787546 0.0804795 0.0862382 0.0663053 0.0763616 0.0720749 0.0742623 0.0950752 0.0893487 0.0809183 0.1144996 0.1103806 0.0677730 0.2544241 0.1121207 
S0019_G6601_R1_A 0.0621247 0.0000000 0.0618910 0.0556111 0.0618714 0.0719142 0.0667209 0.0599776 0.0695149 0.0678571 0.0825012 0.0544970 0.0689643 0.0635807 0.0699591 0.0825528 0.0814399 0.0707852 0.1146012 0.1073469 0.0588244 0.2474133 0.1041672 
S0028_G6601_R1_A 0.0704367 0.0618910 0.0000000 0.0625655 0.0640135 0.0744887 0.0676145 0.0662529 0.0645878 0.0678247 0.0826294 0.0577817 0.0694824 0.0636323 0.0778263 0.0864805 0.0834094 0.0735388 0.1150686 0.1086516 0.0641413 0.2539863 0.1086166 
S0020_G6601_R1_A 0.0596544 0.0556111 0.0625655 0.0000000 0.0614684 0.0686403 0.0667510 0.0594666 0.0716354 0.0716926 0.0848563 0.0584767 0.0706463 0.0626461 0.0773322 0.0922513 0.0823775 0.0719204 0.1132776 0.1074852 0.0642796 0.2518782 0.1034900 
S0004_G6601_R1_A 0.0688804 0.0618714 0.0640135 0.0614684 0.0000000 0.0623770 0.0658606 0.0679026 0.0702547 0.0724785 0.0847628 0.0586377 0.0608633 0.0524807 0.0754509 0.0857171 0.0730619 0.0704077 0.1170134 0.1099163 0.0688072 0.2534456 0.1041559 
S0016_G6601_R1_A 0.0762792 0.0719142 0.0744887 0.0686403 0.0623770 0.0000000 0.0736276 0.0745181 0.0798630 0.0798949 0.0940315 0.0698885 0.0705884 0.0641373 0.0816260 0.0953417 0.0836141 0.0807696 0.1211190 0.1156895 0.0764264 0.2532650 0.1116159 
S0046_G6601_R1_A 0.0741834 0.0667209 0.0676145 0.0667510 0.0658606 0.0736276 0.0000000 0.0699370 0.0729242 0.0729479 0.0840447 0.0596762 0.0729987 0.0644017 0.0780785 0.0878649 0.0869533 0.0753209 0.1161341 0.1108019 0.0705919 0.2489717 0.1026867 
S0036_G6601_R1_A 0.0645866 0.0599776 0.0662529 0.0594666 0.0679026 0.0745181 0.0699370 0.0000000 0.0750817 0.0768040 0.0898505 0.0630120 0.0718954 0.0671161 0.0764103 0.0898978 0.0890378 0.0754890 0.1184381 0.1124366 0.0559719 0.2473479 0.1030334 
S0021_G6601_R1_A 0.0787546 0.0695149 0.0645878 0.0716354 0.0702547 0.0798630 0.0729242 0.0750817 0.0000000 0.0305880 0.0874729 0.0675438 0.0783367 0.0718606 0.0861573 0.0932682 0.0940652 0.0795671 0.1220028 0.1130648 0.0749543 0.2467294 0.1077814 
S0021_G6601_R2_A 0.0804795 0.0678571 0.0678247 0.0716926 0.0724785 0.0798949 0.0729479 0.0768040 0.0305880 0.0000000 0.0873487 0.0676127 0.0799723 0.0713184 0.0845050 0.0948813 0.0929499 0.0776771 0.1231780 0.1160310 0.0773459 0.2415848 0.1119224 
S0026_G6601_R1_A 0.0862382 0.0825012 0.0826294 0.0848563 0.0847628 0.0940315 0.0840447 0.0898505 0.0874729 0.0873487 0.0000000 0.0788650 0.0958593 0.0879038 0.0922709 0.1097196 0.1053020 0.0981127 0.1250666 0.1196808 0.0917050 0.2689997 0.1149691 
S0030_G6601_R1_A 0.0663053 0.0544970 0.0577817 0.0584767 0.0586377 0.0698885 0.0596762 0.0630120 0.0675438 0.0676127 0.0788650 0.0000000 0.0665019 0.0612091 0.0726548 0.0778377 0.0807222 0.0653533 0.1072967 0.1025105 0.0660239 0.2473396 0.0939651 
S0018_G6601_R1_A 0.0763616 0.0689643 0.0694824 0.0706463 0.0608633 0.0705884 0.0729987 0.0718954 0.0783367 0.0799723 0.0958593 0.0665019 0.0000000 0.0316814 0.0844340 0.0892465 0.0767587 0.0757057 0.1263539 0.1201351 0.0738128 0.2636550 0.1027590 
S0031_G6601_R1_A 0.0720749 0.0635807 0.0636323 0.0626461 0.0524807 0.0641373 0.0644017 0.0671161 0.0718606 0.0713184 0.0879038 0.0612091 0.0316814 0.0000000 0.0732565 0.0861256 0.0713597 0.0726240 0.1195320 0.1134326 0.0687136 0.2586659 0.0992327 
S0013_G6601_R1_A 0.0742623 0.0699591 0.0778263 0.0773322 0.0754509 0.0816260 0.0780785 0.0764103 0.0861573 0.0845050 0.0922709 0.0726548 0.0844340 0.0732565 0.0000000 0.1020056 0.0967809 0.0832955 0.1168164 0.1077971 0.0801604 0.2570127 0.1152035 
S0017_G6601_R1_A 0.0950752 0.0825528 0.0864805 0.0922513 0.0857171 0.0953417 0.0878649 0.0898978 0.0932682 0.0948813 0.1097196 0.0778377 0.0892465 0.0861256 0.1020056 0.0000000 0.1067699 0.0885866 0.1360740 0.1299055 0.0952674 0.2766065 0.1284317 
S0037_G6601_R1_A 0.0893487 0.0814399 0.0834094 0.0823775 0.0730619 0.0836141 0.0869533 0.0890378 0.0940652 0.0929499 0.1053020 0.0807222 0.0767587 0.0713597 0.0967809 0.1067699 0.0000000 0.0924830 0.1358545 0.1283538 0.0851897 0.2662965 0.1224081 
S0022_G6601_R1_A 0.0809183 0.0707852 0.0735388 0.0719204 0.0704077 0.0807696 0.0753209 0.0754890 0.0795671 0.0776771 0.0981127 0.0653533 0.0757057 0.0726240 0.0832955 0.0885866 0.0924830 0.0000000 0.1285256 0.1204475 0.0727850 0.2478229 0.1188509 
S0048_G6601_R1_A 0.1144996 0.1146012 0.1150686 0.1132776 0.1170134 0.1211190 0.1161341 0.1184381 0.1220028 0.1231780 0.1250666 0.1072967 0.1263539 0.1195320 0.1168164 0.1360740 0.1358545 0.1285256 0.0000000 0.0141218 0.1262619 0.2716121 0.1050840 
S0050_G6601_R1_A 0.1103806 0.1073469 0.1086516 0.1074852 0.1099163 0.1156895 0.1108019 0.1124366 0.1130648 0.1160310 0.1196808 0.1025105 0.1201351 0.1134326 0.1077971 0.1299055 0.1283538 0.1204475 0.0141218 0.0000000 0.1183121 0.2639490 0.1021237 
S0002_G6601_R1_A 0.0677730 0.0588244 0.0641413 0.0642796 0.0688072 0.0764264 0.0705919 0.0559719 0.0749543 0.0773459 0.0917050 0.0660239 0.0738128 0.0687136 0.0801604 0.0952674 0.0851897 0.0727850 0.1262619 0.1183121 0.0000000 0.2501204 0.0933334 
S0005_G6601_R1_A 0.2544241 0.2474133 0.2539863 0.2518782 0.2534456 0.2532650 0.2489717 0.2473479 0.2467294 0.2415848 0.2689997 0.2473396 0.2636550 0.2586659 0.2570127 0.2766065 0.2662965 0.2478229 0.2716121 0.2639490 0.2501204 0.0000000 0.2326722 
S0012_G6601_R1_A 0.1121207 0.1041672 0.1086166 0.1034900 0.1041559 0.1116159 0.1026867 0.1030334 0.1077814 0.1119224 0.1149691 0.0939651 0.1027590 0.0992327 0.1152035 0.1284317 0.1224081 0.1188509 0.1050840 0.1021237 0.0933334 0.2326722 0.0000000 
