23
S0048_G6636_R1_A 0.0000000 0.0171825 0.1071968 0.1024683 0.1056805 0.0952631 0.1012456 0.1116231 0.1161596 0.1243679 0.1013144 0.1197699 0.1023670 0.1208843 0.1155402 0.0926356 0.0944825 0.1026596 0.1390792 0.1068346 0.1065369 0.2974246 0.1474471 
S0050_G6636_R1_A 0.0171825 0.0000000 0.1059887 0.1017639 0.1033186 0.0959222 0.0994101 0.1134149 0.1161538 0.1232252 0.1001157 0.1185776 0.1023294 0.1186697 0.1145373 0.0920140 0.0950031 0.0996256 0.1366177 0.1056823 0.1046951 0.2997801 0.1427851 
S0030_G6636_R1_A 0.1071968 0.1059887 0.0000000 0.0833548 0.0818769 0.0899431 0.0812186 0.1029760 0.1027990 0.0934252 0.0790765 0.0902708 0.0811401 0.0836961 0.0812010 0.0700699 0.0798893 0.0872231 0.1060680 0.0736921 0.0671545 0.3024655 0.1321995 
S0011_G6636_R1_A 0.1024683 0.1017639 0.0833548 0.0000000 0.0866224 0.0874002 0.0865398 0.0993391 0.1019042 0.1027801 0.0708137 0.0992652 0.0809117 0.0946019 0.0928037 0.0611549 0.0660535 0.0833697 0.1118336 0.0854515 0.0834360 0.3030238 0.1297335 
S0046_G6636_R1_A 0.1056805 0.1033186 0.0818769 0.0866224 0.0000000 0.0876101 0.0881022 0.0991993 0.1002270 0.0977407 0.0786377 0.0923273 0.0823318 0.0904079 0.0891456 0.0753956 0.0837025 0.0854250 0.1139574 0.0838964 0.0855634 0.3010644 0.1324804 
S0013_G6636_R1_A 0.0952631 0.0959222 0.0899431 0.0874002 0.0876101 0.0000000 0.0927994 0.1125257 0.1120128 0.1128672 0.0861256 0.1078824 0.0937454 0.1115354 0.1068980 0.0811995 0.0849180 0.0953419 0.1263833 0.0947660 0.0981450 0.2970075 0.1308792 
S0026_G6636_R1_A 0.1012456 0.0994101 0.0812186 0.0865398 0.0881022 0.0927994 0.0000000 0.0821529 0.0815969 0.1065819 0.0833215 0.1018647 0.0869684 0.1010396 0.0981495 0.0733421 0.0779398 0.0716435 0.1145277 0.0890685 0.0914761 0.2840103 0.1305109 
S0021_G6636_R1_A 0.1116231 0.1134149 0.1029760 0.0993391 0.0991993 0.1125257 0.0821529 0.0000000 0.0357396 0.1214737 0.0941703 0.1198831 0.0956099 0.1182015 0.1172086 0.0865823 0.0911474 0.0846981 0.1280848 0.0959907 0.1095584 0.2815927 0.1430439 
S0021_G6636_R2_A 0.1161596 0.1161538 0.1027990 0.1019042 0.1002270 0.1120128 0.0815969 0.0357396 0.0000000 0.1234656 0.0956604 0.1189290 0.0979749 0.1177829 0.1151150 0.0865262 0.0920960 0.0856847 0.1306716 0.1002862 0.1099288 0.2836794 0.1462521 
S0004_G6636_R1_A 0.1243679 0.1232252 0.0934252 0.1027801 0.0977407 0.1128672 0.1065819 0.1214737 0.1234656 0.0000000 0.0989457 0.1091119 0.1034476 0.0813263 0.0793313 0.0917186 0.0956017 0.1049508 0.1012293 0.0818093 0.0987356 0.3214218 0.1470865 
S0036_G6636_R1_A 0.1013144 0.1001157 0.0790765 0.0708137 0.0786377 0.0861256 0.0833215 0.0941703 0.0956604 0.0989457 0.0000000 0.0980292 0.0659480 0.0919229 0.0854635 0.0589004 0.0603062 0.0749873 0.1074791 0.0831199 0.0791685 0.2919883 0.1228108 
S0017_G6636_R1_A 0.1197699 0.1185776 0.0902708 0.0992652 0.0923273 0.1078824 0.1018647 0.1198831 0.1189290 0.1091119 0.0980292 0.0000000 0.0959476 0.1014038 0.0984920 0.0872328 0.0946006 0.1003912 0.1254656 0.0943492 0.1011344 0.3231231 0.1422077 
S0002_G6636_R1_A 0.1023670 0.1023294 0.0811401 0.0809117 0.0823318 0.0937454 0.0869684 0.0956099 0.0979749 0.1034476 0.0659480 0.0959476 0.0000000 0.0944704 0.0914313 0.0677763 0.0733239 0.0802928 0.1130211 0.0864077 0.0835847 0.2959524 0.1276126 
S0018_G6636_R1_A 0.1208843 0.1186697 0.0836961 0.0946019 0.0904079 0.1115354 0.1010396 0.1182015 0.1177829 0.0813263 0.0919229 0.1014038 0.0944704 0.0000000 0.0361054 0.0847279 0.0906490 0.0970979 0.0866576 0.0731093 0.0925253 0.3270183 0.1421668 
S0031_G6636_R1_A 0.1155402 0.1145373 0.0812010 0.0928037 0.0891456 0.1068980 0.0981495 0.1172086 0.1151150 0.0793313 0.0854635 0.0984920 0.0914313 0.0361054 0.0000000 0.0846179 0.0879180 0.0947491 0.0838862 0.0704798 0.0893201 0.3211056 0.1408204 
S0019_G6636_R1_A 0.0926356 0.0920140 0.0700699 0.0611549 0.0753956 0.0811995 0.0733421 0.0865823 0.0865262 0.0917186 0.0589004 0.0872328 0.0677763 0.0847279 0.0846179 0.0000000 0.0324196 0.0722181 0.1039499 0.0682887 0.0732944 0.2887813 0.1147210 
S0020_G6636_R1_A 0.0944825 0.0950031 0.0798893 0.0660535 0.0837025 0.0849180 0.0779398 0.0911474 0.0920960 0.0956017 0.0603062 0.0946006 0.0733239 0.0906490 0.0879180 0.0324196 0.0000000 0.0773620 0.1087864 0.0765431 0.0811597 0.2866008 0.1162335 
S0028_G6636_R1_A 0.1026596 0.0996256 0.0872231 0.0833697 0.0854250 0.0953419 0.0716435 0.0846981 0.0856847 0.1049508 0.0749873 0.1003912 0.0802928 0.0970979 0.0947491 0.0722181 0.0773620 0.0000000 0.1186597 0.0884865 0.0910086 0.2746102 0.1162220 
S0037_G6636_R1_A 0.1390792 0.1366177 0.1060680 0.1118336 0.1139574 0.1263833 0.1145277 0.1280848 0.1306716 0.1012293 0.1074791 0.1254656 0.1130211 0.0866576 0.0838862 0.1039499 0.1087864 0.1186597 0.0000000 0.0945089 0.1054370 0.3190701 0.1567706 
S0016_G6636_R1_A 0.1068346 0.1056823 0.0736921 0.0854515 0.0838964 0.0947660 0.0890685 0.0959907 0.1002862 0.0818093 0.0831199 0.0943492 0.0864077 0.0731093 0.0704798 0.0682887 0.0765431 0.0884865 0.0945089 0.0000000 0.0785447 0.3073567 0.1314716 
S0022_G6636_R1_A 0.1065369 0.1046951 0.0671545 0.0834360 0.0855634 0.0981450 0.0914761 0.1095584 0.1099288 0.0987356 0.0791685 0.1011344 0.0835847 0.0925253 0.0893201 0.0732944 0.0811597 0.0910086 0.1054370 0.0785447 0.0000000 0.3081505 0.1331887 
S0005_G6636_R1_A 0.2974246 0.2997801 0.3024655 0.3030238 0.3010644 0.2970075 0.2840103 0.2815927 0.2836794 0.3214218 0.2919883 0.3231231 0.2959524 0.3270183 0.3211056 0.2887813 0.2866008 0.2746102 0.3190701 0.3073567 0.3081505 0.0000000 0.3409062 
S0012_G6636_R1_A 0.1474471 0.1427851 0.1321995 0.1297335 0.1324804 0.1308792 0.1305109 0.1430439 0.1462521 0.1470865 0.1228108 0.1422077 0.1276126 0.1421668 0.1408204 0.1147210 0.1162335 0.1162220 0.1567706 0.1314716 0.1331887 0.3409062 0.0000000 
