23
S0012_G6641_R1_A 0.0000000 0.2024878 0.1534109 0.1552714 0.1441118 0.1666451 0.1550349 0.1532777 0.1711135 0.1631570 0.1674004 0.1805436 0.1750661 0.2132150 0.2121024 0.2051053 0.2054090 0.2156037 0.1548325 0.2959682 0.2906112 0.4167114 0.2134483 
S0018_G6641_R1_A 0.2024878 0.0000000 0.1612898 0.1771964 0.1644358 0.1181253 0.1517559 0.1627299 0.1664433 0.1585144 0.2029890 0.1837796 0.1458373 0.2259975 0.2238132 0.1853272 0.1752715 0.1581134 0.1728445 0.2860694 0.2568454 0.4060707 0.1889129 
S0036_G6641_R1_A 0.1534109 0.1612898 0.0000000 0.0710645 0.0636410 0.0955597 0.0794538 0.0738090 0.0986484 0.0886030 0.0982158 0.1053150 0.1042541 0.1491246 0.1457015 0.1244238 0.1294922 0.1481182 0.0687597 0.2019481 0.1965831 0.3613288 0.1378814 
S0011_G6641_R1_A 0.1552714 0.1771964 0.0710645 0.0000000 0.0739529 0.1099676 0.0913709 0.0834869 0.1116987 0.0981477 0.1075778 0.1205606 0.1173936 0.1622072 0.1614376 0.1283396 0.1446775 0.1610840 0.0795185 0.2298347 0.2076008 0.3832442 0.1496288 
S0019_G6641_R1_A 0.1441118 0.1644358 0.0636410 0.0739529 0.0000000 0.0862938 0.0749581 0.0633666 0.0869145 0.0817215 0.0913542 0.1004688 0.0960449 0.1407513 0.1384568 0.1161417 0.1249234 0.1379393 0.0574102 0.2090190 0.1968894 0.3659186 0.1235980 
S0031_G6641_R1_A 0.1666451 0.1181253 0.0955597 0.1099676 0.0862938 0.0000000 0.0854090 0.0889005 0.1015596 0.0921877 0.1242716 0.1126690 0.0976941 0.1776105 0.1741210 0.1524229 0.1526727 0.1379026 0.0990354 0.2431113 0.2261793 0.3879237 0.1277407 
S0046_G6641_R1_A 0.1550349 0.1517559 0.0794538 0.0913709 0.0749581 0.0854090 0.0000000 0.0737311 0.0850556 0.0761111 0.1043942 0.0980076 0.0890351 0.1583581 0.1542035 0.1360142 0.1291392 0.1310276 0.0804180 0.2123349 0.1878930 0.3696303 0.1246742 
S0021_G6641_R2_A 0.1532777 0.1627299 0.0738090 0.0834869 0.0633666 0.0889005 0.0737311 0.0000000 0.0902196 0.0788929 0.0974936 0.1000080 0.0924649 0.1600337 0.1578307 0.1271146 0.0770961 0.1458361 0.0753174 0.2021952 0.1941708 0.3559882 0.1237263 
S0022_G6641_R1_A 0.1711135 0.1664433 0.0986484 0.1116987 0.0869145 0.1015596 0.0850556 0.0902196 0.0000000 0.0801796 0.1252263 0.1009517 0.1038449 0.1750713 0.1723917 0.1463408 0.1431143 0.1466812 0.0933741 0.2233780 0.2121109 0.3748547 0.1405634 
S0030_G6641_R1_A 0.1631570 0.1585144 0.0886030 0.0981477 0.0817215 0.0921877 0.0761111 0.0788929 0.0801796 0.0000000 0.1087588 0.0973774 0.0956613 0.1694102 0.1636963 0.1479744 0.1353693 0.1404626 0.0906625 0.2144566 0.2122793 0.3761859 0.1392512 
S0013_G6641_R1_A 0.1674004 0.2029890 0.0982158 0.1075778 0.0913542 0.1242716 0.1043942 0.0974936 0.1252263 0.1087588 0.0000000 0.1355256 0.1351081 0.1348476 0.1366287 0.1560631 0.1497573 0.1717139 0.0934225 0.2438268 0.2320668 0.3960060 0.1674402 
S0017_G6641_R1_A 0.1805436 0.1837796 0.1053150 0.1205606 0.1004688 0.1126690 0.0980076 0.1000080 0.1009517 0.0973774 0.1355256 0.0000000 0.1154208 0.1858346 0.1851410 0.1644262 0.1615066 0.1644534 0.0965394 0.2311914 0.2202914 0.3700354 0.1514834 
S0016_G6641_R1_A 0.1750661 0.1458373 0.1042541 0.1173936 0.0960449 0.0976941 0.0890351 0.0924649 0.1038449 0.0956613 0.1351081 0.1154208 0.0000000 0.1681251 0.1652759 0.1403990 0.1364133 0.1243765 0.0990504 0.2167823 0.1953628 0.3644408 0.1244243 
S0048_G6641_R1_A 0.2132150 0.2259975 0.1491246 0.1622072 0.1407513 0.1776105 0.1583581 0.1600337 0.1750713 0.1694102 0.1348476 0.1858346 0.1681251 0.0000000 0.0225843 0.1736143 0.1825241 0.1907552 0.1585062 0.2601256 0.2568195 0.4232958 0.2019672 
S0050_G6641_R1_A 0.2121024 0.2238132 0.1457015 0.1614376 0.1384568 0.1741210 0.1542035 0.1578307 0.1723917 0.1636963 0.1366287 0.1851410 0.1652759 0.0225843 0.0000000 0.1704350 0.1835894 0.1943772 0.1554224 0.2586798 0.2481344 0.4178566 0.2010402 
S0002_G6641_R1_A 0.2051053 0.1853272 0.1244238 0.1283396 0.1161417 0.1524229 0.1360142 0.1271146 0.1463408 0.1479744 0.1560631 0.1644262 0.1403990 0.1736143 0.1704350 0.0000000 0.1394407 0.1647787 0.1329624 0.2296033 0.2154882 0.3648443 0.1757767 
S0021_G6641_R1_A 0.2054090 0.1752715 0.1294922 0.1446775 0.1249234 0.1526727 0.1291392 0.0770961 0.1431143 0.1353693 0.1497573 0.1615066 0.1364133 0.1825241 0.1835894 0.1394407 0.0000000 0.1448205 0.1371525 0.2152619 0.1997627 0.3509468 0.1743262 
S0004_G6641_R1_A 0.2156037 0.1581134 0.1481182 0.1610840 0.1379393 0.1379026 0.1310276 0.1458361 0.1466812 0.1404626 0.1717139 0.1644534 0.1243765 0.1907552 0.1943772 0.1647787 0.1448205 0.0000000 0.1584820 0.2462776 0.2048759 0.4075536 0.1557456 
S0020_G6641_R1_A 0.1548325 0.1728445 0.0687597 0.0795185 0.0574102 0.0990354 0.0804180 0.0753174 0.0933741 0.0906625 0.0934225 0.0965394 0.0990504 0.1585062 0.1554224 0.1329624 0.1371525 0.1584820 0.0000000 0.2244460 0.2126105 0.3512920 0.1414169 
S0026_G6641_R1_A 0.2959682 0.2860694 0.2019481 0.2298347 0.2090190 0.2431113 0.2123349 0.2021952 0.2233780 0.2144566 0.2438268 0.2311914 0.2167823 0.2601256 0.2586798 0.2296033 0.2152619 0.2462776 0.2244460 0.0000000 0.1728831 0.3756737 0.2688997 
S0028_G6641_R1_A 0.2906112 0.2568454 0.1965831 0.2076008 0.1968894 0.2261793 0.1878930 0.1941708 0.2121109 0.2122793 0.2320668 0.2202914 0.1953628 0.2568195 0.2481344 0.2154882 0.1997627 0.2048759 0.2126105 0.1728831 0.0000000 0.3648503 0.2597577 
S0005_G6641_R1_A 0.4167114 0.4060707 0.3613288 0.3832442 0.3659186 0.3879237 0.3696303 0.3559882 0.3748547 0.3761859 0.3960060 0.3700354 0.3644408 0.4232958 0.4178566 0.3648443 0.3509468 0.4075536 0.3512920 0.3756737 0.3648503 0.0000000 0.4189888 
S0037_G6641_R1_A 0.2134483 0.1889129 0.1378814 0.1496288 0.1235980 0.1277407 0.1246742 0.1237263 0.1405634 0.1392512 0.1674402 0.1514834 0.1244243 0.2019672 0.2010402 0.1757767 0.1743262 0.1557456 0.1414169 0.2688997 0.2597577 0.4189888 0.0000000 
