22
S0028_G6652_R1_A 0.0000000 0.0923713 0.0972278 0.0798515 0.0670463 0.1039827 0.0655843 0.0763260 0.0811856 0.0779393 0.0791942 0.0682010 0.0758612 0.1845631 0.0769446 0.0763303 0.0754174 0.0770620 0.2052156 0.0677163 0.0610300 0.0752641 
S0037_G6652_R1_A 0.0923713 0.0000000 0.1166417 0.1060839 0.0775548 0.1303096 0.0887173 0.0820318 0.1069417 0.1071629 0.1108233 0.0938491 0.0970216 0.2233060 0.0976436 0.1084719 0.0985410 0.0937089 0.2172113 0.0882970 0.0934145 0.0997913 
S0017_G6652_R1_A 0.0972278 0.1166417 0.0000000 0.1114494 0.0972374 0.1332076 0.0972639 0.1030062 0.1163726 0.1118938 0.1136834 0.0950844 0.1015210 0.2122692 0.1056498 0.1117524 0.1054206 0.1090589 0.2344142 0.0938955 0.1008729 0.1055255 
S0002_G6652_R1_A 0.0798515 0.1060839 0.1114494 0.0000000 0.0818707 0.1205453 0.0773297 0.0921567 0.0976477 0.0942724 0.0980984 0.0748732 0.0879174 0.2089385 0.0841588 0.0984090 0.0754352 0.0952251 0.2209338 0.0803795 0.0859719 0.0856385 
S0031_G6652_R1_A 0.0670463 0.0775548 0.0972374 0.0818707 0.0000000 0.1064677 0.0655753 0.0520855 0.0857907 0.0819527 0.0861052 0.0643847 0.0720300 0.1993545 0.0780244 0.0836428 0.0726957 0.0693360 0.1990447 0.0632595 0.0716389 0.0819510 
S0012_G6652_R1_A 0.1039827 0.1303096 0.1332076 0.1205453 0.1064677 0.0000000 0.1018173 0.1167969 0.1181793 0.1183039 0.1154600 0.1061510 0.1115999 0.2324659 0.1177065 0.1107255 0.1179189 0.1160859 0.2338704 0.0985250 0.1043317 0.1161988 
S0046_G6652_R1_A 0.0655843 0.0887173 0.0972639 0.0773297 0.0655753 0.1018173 0.0000000 0.0726040 0.0830671 0.0803597 0.0805887 0.0649525 0.0687786 0.1884615 0.0730307 0.0770506 0.0721538 0.0773471 0.1975981 0.0628565 0.0678023 0.0733970 
S0018_G6652_R1_A 0.0763260 0.0820318 0.1030062 0.0921567 0.0520855 0.1167969 0.0726040 0.0000000 0.0931547 0.0909810 0.0964257 0.0718989 0.0809393 0.2023451 0.0840256 0.0834871 0.0787184 0.0759012 0.2054318 0.0714611 0.0770094 0.0848952 
S0050_G6652_R1_A 0.0811856 0.1069417 0.1163726 0.0976477 0.0857907 0.1181793 0.0830671 0.0931547 0.0000000 0.0292212 0.0996532 0.0817340 0.0887208 0.2070556 0.0918378 0.0835708 0.0864582 0.0933819 0.2226275 0.0780296 0.0830981 0.0911206 
S0048_G6652_R1_A 0.0779393 0.1071629 0.1118938 0.0942724 0.0819527 0.1183039 0.0803597 0.0909810 0.0292212 0.0000000 0.0969108 0.0801375 0.0853984 0.2065161 0.0919911 0.0826190 0.0848672 0.0917733 0.2228582 0.0747091 0.0815027 0.0912520 
S0026_G6652_R1_A 0.0791942 0.1108233 0.1136834 0.0980984 0.0861052 0.1154600 0.0805887 0.0964257 0.0996532 0.0969108 0.0000000 0.0834285 0.0933357 0.2070664 0.0936219 0.0952565 0.0962636 0.0942516 0.2217223 0.0837593 0.0770198 0.0998775 
S0036_G6652_R1_A 0.0682010 0.0938491 0.0950844 0.0748732 0.0643847 0.1061510 0.0649525 0.0718989 0.0817340 0.0801375 0.0834285 0.0000000 0.0718501 0.1894386 0.0683528 0.0773364 0.0664555 0.0795152 0.2009629 0.0636115 0.0688395 0.0693596 
S0022_G6652_R1_A 0.0758612 0.0970216 0.1015210 0.0879174 0.0720300 0.1115999 0.0687786 0.0809393 0.0887208 0.0853984 0.0933357 0.0718501 0.0000000 0.2081088 0.0821063 0.0877576 0.0817064 0.0840252 0.2073253 0.0710356 0.0776908 0.0808038 
S0005_G6652_R1_A 0.1845631 0.2233060 0.2122692 0.2089385 0.1993545 0.2324659 0.1884615 0.2023451 0.2070556 0.2065161 0.2070664 0.1894386 0.2081088 0.0000000 0.2045001 0.2104284 0.1952037 0.1995661 0.3299982 0.1850706 0.1856664 0.1924868 
S0020_G6652_R1_A 0.0769446 0.0976436 0.1056498 0.0841588 0.0780244 0.1177065 0.0730307 0.0840256 0.0918378 0.0919911 0.0936219 0.0683528 0.0821063 0.2045001 0.0000000 0.0909409 0.0754772 0.0854264 0.2093294 0.0725647 0.0799284 0.0379186 
S0013_G6652_R1_A 0.0763303 0.1084719 0.1117524 0.0984090 0.0836428 0.1107255 0.0770506 0.0834871 0.0835708 0.0826190 0.0952565 0.0773364 0.0877576 0.2104284 0.0909409 0.0000000 0.0930713 0.0939724 0.2162920 0.0753486 0.0770075 0.0877834 
S0011_G6652_R1_A 0.0754174 0.0985410 0.1054206 0.0754352 0.0726957 0.1179189 0.0721538 0.0787184 0.0864582 0.0848672 0.0962636 0.0664555 0.0817064 0.1952037 0.0754772 0.0930713 0.0000000 0.0870017 0.2094407 0.0762957 0.0812391 0.0810713 
S0016_G6652_R1_A 0.0770620 0.0937089 0.1090589 0.0952251 0.0693360 0.1160859 0.0773471 0.0759012 0.0933819 0.0917733 0.0942516 0.0795152 0.0840252 0.1995661 0.0854264 0.0939724 0.0870017 0.0000000 0.2053325 0.0757859 0.0805436 0.0876626 
S0004_G6652_R1_A 0.2052156 0.2172113 0.2344142 0.2209338 0.1990447 0.2338704 0.1975981 0.2054318 0.2226275 0.2228582 0.2217223 0.2009629 0.2073253 0.3299982 0.2093294 0.2162920 0.2094407 0.2053325 0.0000000 0.1865947 0.2075095 0.2015904 
S0030_G6652_R1_A 0.0677163 0.0882970 0.0938955 0.0803795 0.0632595 0.0985250 0.0628565 0.0714611 0.0780296 0.0747091 0.0837593 0.0636115 0.0710356 0.1850706 0.0725647 0.0753486 0.0762957 0.0757859 0.1865947 0.0000000 0.0649981 0.0728440 
S0021_G6652_R1_A 0.0610300 0.0934145 0.1008729 0.0859719 0.0716389 0.1043317 0.0678023 0.0770094 0.0830981 0.0815027 0.0770198 0.0688395 0.0776908 0.1856664 0.0799284 0.0770075 0.0812391 0.0805436 0.2075095 0.0649981 0.0000000 0.0793922 
S0019_G6652_R1_A 0.0752641 0.0997913 0.1055255 0.0856385 0.0819510 0.1161988 0.0733970 0.0848952 0.0911206 0.0912520 0.0998775 0.0693596 0.0808038 0.1924868 0.0379186 0.0877834 0.0810713 0.0876626 0.2015904 0.0728440 0.0793922 0.0000000 
