22
S0017_G6667_R1_A 0.0000000 0.0746964 0.1788431 0.1129052 0.1265243 0.1275917 0.1171530 0.1172347 0.1149485 0.1031659 0.1085701 0.1043431 0.1164159 0.1225187 0.1254575 0.1291079 0.1284789 0.1352004 0.1331703 0.1275133 0.1156022 0.1403695 
S0016_G6667_R1_A 0.0746964 0.0000000 0.1809496 0.1113404 0.1219329 0.1248092 0.1175681 0.1121434 0.1142978 0.1023701 0.1071259 0.1147267 0.1174842 0.1207985 0.1172809 0.1181867 0.0972058 0.1069458 0.1070773 0.1014474 0.1190475 0.1530946 
S0005_G6667_R1_A 0.1788431 0.1809496 0.0000000 0.1801401 0.1828410 0.1813350 0.1853279 0.1798180 0.1767994 0.1722193 0.1675252 0.1732753 0.1821368 0.1758876 0.1743283 0.1787411 0.1949630 0.1890558 0.2008329 0.1949194 0.1765797 0.2028330 
S0046_G6667_R1_A 0.1129052 0.1113404 0.1801401 0.0000000 0.0818214 0.0814334 0.0802803 0.0729335 0.0701726 0.0666971 0.0662215 0.0602132 0.0746073 0.0738236 0.0676526 0.0805063 0.0907521 0.0889384 0.0984018 0.0839718 0.0774120 0.1047646 
S0048_G6667_R1_A 0.1265243 0.1219329 0.1828410 0.0818214 0.0000000 0.0148139 0.0759463 0.0750353 0.0660676 0.0689516 0.0667782 0.0701773 0.0724428 0.0776218 0.0694578 0.0800416 0.0991539 0.0994352 0.1003802 0.0864758 0.0731658 0.1007495 
S0050_G6667_R1_A 0.1275917 0.1248092 0.1813350 0.0814334 0.0148139 0.0000000 0.0759680 0.0751562 0.0656303 0.0695469 0.0679207 0.0718472 0.0730481 0.0761039 0.0695597 0.0816621 0.1001213 0.0977370 0.1014433 0.0853680 0.0727136 0.1035083 
S0002_G6667_R1_A 0.1171530 0.1175681 0.1853279 0.0802803 0.0759463 0.0759680 0.0000000 0.0583359 0.0543594 0.0524056 0.0494160 0.0677230 0.0710899 0.0707351 0.0650808 0.0757440 0.0903195 0.0901323 0.0895198 0.0746490 0.0656516 0.0907651 
S0011_G6667_R1_A 0.1172347 0.1121434 0.1798180 0.0729335 0.0750353 0.0751562 0.0583359 0.0000000 0.0530202 0.0522164 0.0471629 0.0648519 0.0714882 0.0676767 0.0612486 0.0692324 0.0892057 0.0879484 0.0920515 0.0766929 0.0676674 0.0912381 
S0019_G6667_R1_A 0.1149485 0.1142978 0.1767994 0.0701726 0.0660676 0.0656303 0.0543594 0.0530202 0.0000000 0.0280478 0.0425960 0.0575370 0.0669266 0.0683456 0.0596106 0.0689370 0.0815762 0.0814861 0.0870045 0.0739985 0.0638938 0.0839303 
S0020_G6667_R1_A 0.1031659 0.1023701 0.1722193 0.0666971 0.0689516 0.0695469 0.0524056 0.0522164 0.0280478 0.0000000 0.0397557 0.0556396 0.0634465 0.0664622 0.0576105 0.0658972 0.0790912 0.0763473 0.0900432 0.0714922 0.0625054 0.0865533 
S0036_G6667_R1_A 0.1085701 0.1071259 0.1675252 0.0662215 0.0667782 0.0679207 0.0494160 0.0471629 0.0425960 0.0397557 0.0000000 0.0550643 0.0576037 0.0611066 0.0551509 0.0627405 0.0771225 0.0742547 0.0824240 0.0672590 0.0597108 0.0815543 
S0028_G6667_R1_A 0.1043431 0.1147267 0.1732753 0.0602132 0.0701773 0.0718472 0.0677230 0.0648519 0.0575370 0.0556396 0.0550643 0.0000000 0.0600354 0.0619603 0.0602618 0.0657361 0.0841582 0.0833903 0.0877324 0.0774029 0.0633294 0.0879649 
S0030_G6667_R1_A 0.1164159 0.1174842 0.1821368 0.0746073 0.0724428 0.0730481 0.0710899 0.0714882 0.0669266 0.0634465 0.0576037 0.0600354 0.0000000 0.0692135 0.0680513 0.0643684 0.0850592 0.0859243 0.0933953 0.0827374 0.0693732 0.0938018 
S0026_G6667_R1_A 0.1225187 0.1207985 0.1758876 0.0738236 0.0776218 0.0761039 0.0707351 0.0676767 0.0683456 0.0664622 0.0611066 0.0619603 0.0692135 0.0000000 0.0625558 0.0749936 0.0893996 0.0830431 0.0907874 0.0777195 0.0748222 0.1047677 
S0021_G6667_R1_A 0.1254575 0.1172809 0.1743283 0.0676526 0.0694578 0.0695597 0.0650808 0.0612486 0.0596106 0.0576105 0.0551509 0.0602618 0.0680513 0.0625558 0.0000000 0.0691335 0.0779929 0.0778386 0.0833670 0.0714913 0.0685700 0.0933263 
S0022_G6667_R1_A 0.1291079 0.1181867 0.1787411 0.0805063 0.0800416 0.0816621 0.0757440 0.0692324 0.0689370 0.0658972 0.0627405 0.0657361 0.0643684 0.0749936 0.0691335 0.0000000 0.0876724 0.0875169 0.0911424 0.0832723 0.0753685 0.1000463 
S0018_G6667_R1_A 0.1284789 0.0972058 0.1949630 0.0907521 0.0991539 0.1001213 0.0903195 0.0892057 0.0815762 0.0790912 0.0771225 0.0841582 0.0850592 0.0893996 0.0779929 0.0876724 0.0000000 0.0501648 0.0738394 0.0740336 0.0890548 0.1163902 
S0031_G6667_R1_A 0.1352004 0.1069458 0.1890558 0.0889384 0.0994352 0.0977370 0.0901323 0.0879484 0.0814861 0.0763473 0.0742547 0.0833903 0.0859243 0.0830431 0.0778386 0.0875169 0.0501648 0.0000000 0.0782285 0.0712005 0.0883917 0.1174748 
S0037_G6667_R1_A 0.1331703 0.1070773 0.2008329 0.0984018 0.1003802 0.1014433 0.0895198 0.0920515 0.0870045 0.0900432 0.0824240 0.0877324 0.0933953 0.0907874 0.0833670 0.0911424 0.0738394 0.0782285 0.0000000 0.0741807 0.0968137 0.1190933 
S0004_G6667_R1_A 0.1275133 0.1014474 0.1949194 0.0839718 0.0864758 0.0853680 0.0746490 0.0766929 0.0739985 0.0714922 0.0672590 0.0774029 0.0827374 0.0777195 0.0714913 0.0832723 0.0740336 0.0712005 0.0741807 0.0000000 0.0853529 0.1094979 
S0013_G6667_R1_A 0.1156022 0.1190475 0.1765797 0.0774120 0.0731658 0.0727136 0.0656516 0.0676674 0.0638938 0.0625054 0.0597108 0.0633294 0.0693732 0.0748222 0.0685700 0.0753685 0.0890548 0.0883917 0.0968137 0.0853529 0.0000000 0.0883166 
S0012_G6667_R1_A 0.1403695 0.1530946 0.2028330 0.1047646 0.1007495 0.1035083 0.0907651 0.0912381 0.0839303 0.0865533 0.0815543 0.0879649 0.0938018 0.1047677 0.0933263 0.1000463 0.1163902 0.1174748 0.1190933 0.1094979 0.0883166 0.0000000 
