30
S0011_G6660_R1_A 0.0000000 0.3219950 0.0707728 0.0852263 0.0714144 0.0876240 0.0735565 0.0764843 0.1030010 0.0859205 0.0938047 0.0981147 0.0828349 0.1151920 0.0603446 0.0818286 0.0713746 0.0594224 0.0692023 0.1004048 0.0730566 0.1153175 0.1132411 0.1175965 0.1119863 0.1375976 0.1335848 0.1450260 0.1591573 0.1476085 
S0005_G6660_R1_A 0.3219950 0.0000000 0.3698142 0.4000564 0.3882059 0.3964530 0.3876363 0.3915323 0.4133100 0.3839741 0.4138063 0.4111616 0.4090050 0.4340806 0.3602271 0.4094486 0.3304959 0.4031267 0.3595301 0.4303755 0.3813777 0.4641962 0.4634885 0.4694903 0.4164824 0.4537706 0.4644158 0.4666345 0.4736720 0.4590821 
S0028_G6660_R1_A 0.0707728 0.3698142 0.0000000 0.0768436 0.0673567 0.0796963 0.0656847 0.0703871 0.0988237 0.0766961 0.0952415 0.0969512 0.0769871 0.1038265 0.0649580 0.0794231 0.0658238 0.0568620 0.0870924 0.0978154 0.0710799 0.1165442 0.1121130 0.1189033 0.1094026 0.1325910 0.1296893 0.1267842 0.1398815 0.1303494 
S0004_G6660_R1_A 0.0852263 0.4000564 0.0768436 0.0000000 0.0791563 0.0920828 0.0842518 0.0876783 0.1058782 0.0857382 0.1084512 0.1138786 0.0983184 0.1089439 0.0767554 0.0978026 0.0799018 0.0714606 0.1061321 0.1080643 0.0815205 0.1275823 0.1305773 0.1336312 0.1251979 0.1488067 0.1469717 0.1438243 0.1585353 0.1458878 
S0030_G6660_R1_A 0.0714144 0.3882059 0.0673567 0.0791563 0.0000000 0.0757923 0.0716367 0.0731830 0.0985441 0.0738185 0.0916263 0.0944795 0.0757880 0.1033050 0.0642573 0.0828230 0.0703292 0.0603449 0.0895444 0.0976062 0.0665531 0.1077829 0.1039352 0.1113569 0.1043546 0.1291556 0.1292131 0.1323843 0.1456653 0.1360888 
S0016_G6660_R1_A 0.0876240 0.3964530 0.0796963 0.0920828 0.0757923 0.0000000 0.0834364 0.0845067 0.1066318 0.0809196 0.0951800 0.0989192 0.0861675 0.1148462 0.0789496 0.0935599 0.0832876 0.0724909 0.1053200 0.1034206 0.0752811 0.1211686 0.1200861 0.1242542 0.1175143 0.1415263 0.1391685 0.1452004 0.1602291 0.1512503 
S0021_G6660_R1_A 0.0735565 0.3876363 0.0656847 0.0842518 0.0716367 0.0834364 0.0000000 0.0344769 0.1034454 0.0814092 0.0982185 0.1010814 0.0862975 0.1083136 0.0665999 0.0839750 0.0748330 0.0703939 0.0888942 0.0999821 0.0767562 0.1174791 0.1209021 0.1253957 0.1171287 0.1360696 0.1319437 0.1256376 0.1416342 0.1283759 
S0021_G6660_R2_A 0.0764843 0.3915323 0.0703871 0.0876783 0.0731830 0.0845067 0.0344769 0.0000000 0.1057422 0.0825352 0.0987873 0.1017089 0.0890348 0.1066607 0.0727924 0.0839564 0.0766012 0.0750175 0.0937489 0.1024974 0.0836971 0.1204021 0.1196175 0.1278097 0.1176375 0.1402674 0.1360866 0.1313025 0.1466355 0.1309630 
S0018_G6660_R1_A 0.1030010 0.4133100 0.0988237 0.1058782 0.0985441 0.1066318 0.1034454 0.1057422 0.0000000 0.0608225 0.1191557 0.1241664 0.1122606 0.1152876 0.0936550 0.1130368 0.1000317 0.0925152 0.1263311 0.1248917 0.1025062 0.1393585 0.1397982 0.1472713 0.1384741 0.1607727 0.1551076 0.1558377 0.1677210 0.1564636 
S0031_G6660_R1_A 0.0859205 0.3839741 0.0766961 0.0857382 0.0738185 0.0809196 0.0814092 0.0825352 0.0608225 0.0000000 0.0971027 0.1055731 0.0885969 0.0923502 0.0717277 0.0962015 0.0787839 0.0671860 0.1044799 0.1072327 0.0808806 0.1206809 0.1229890 0.1281476 0.1206681 0.1415744 0.1387205 0.1404837 0.1571343 0.1441040 
S0048_G6660_R1_A 0.0938047 0.4138063 0.0952415 0.1084512 0.0916263 0.0951800 0.0982185 0.0987873 0.1191557 0.0971027 0.0000000 0.0544950 0.0987903 0.1298945 0.0849803 0.1096120 0.0945971 0.0762039 0.1187325 0.1245669 0.0895045 0.1230496 0.1259315 0.1297621 0.1232113 0.1431129 0.1395581 0.1429801 0.1563978 0.1465666 
S0050_G6660_R1_A 0.0981147 0.4111616 0.0969512 0.1138786 0.0944795 0.0989192 0.1010814 0.1017089 0.1241664 0.1055731 0.0544950 0.0000000 0.1062972 0.1316341 0.0899927 0.1151865 0.0963833 0.0859663 0.1275525 0.1250756 0.0958804 0.1243799 0.1267558 0.1299881 0.1230195 0.1423369 0.1393583 0.1569365 0.1681632 0.1589702 
S0046_G6660_R1_A 0.0828349 0.4090050 0.0769871 0.0983184 0.0757880 0.0861675 0.0862975 0.0890348 0.1122606 0.0885969 0.0987903 0.1062972 0.0000000 0.1189133 0.0784833 0.0992380 0.0781782 0.0707912 0.1062893 0.1149632 0.0779386 0.1220764 0.1218983 0.1275411 0.1181424 0.1429721 0.1407077 0.1373965 0.1494714 0.1395129 
S0037_G6660_R1_A 0.1151920 0.4340806 0.1038265 0.1089439 0.1033050 0.1148462 0.1083136 0.1066607 0.1152876 0.0923502 0.1298945 0.1316341 0.1189133 0.0000000 0.1028612 0.1193710 0.1089808 0.0944634 0.1351201 0.1343900 0.1076183 0.1466413 0.1505429 0.1506160 0.1428972 0.1718411 0.1681982 0.1680279 0.1791332 0.1666873 
S0019_G6660_R1_A 0.0603446 0.3602271 0.0649580 0.0767554 0.0642573 0.0789496 0.0665999 0.0727924 0.0936550 0.0717277 0.0849803 0.0899927 0.0784833 0.1028612 0.0000000 0.0801172 0.0636081 0.0522750 0.0883942 0.0860806 0.0567379 0.1118071 0.1116542 0.1182894 0.1095838 0.1347712 0.1329202 0.1241666 0.1375622 0.1262099 
S0022_G6660_R1_A 0.0818286 0.4094486 0.0794231 0.0978026 0.0828230 0.0935599 0.0839750 0.0839564 0.1130368 0.0962015 0.1096120 0.1151865 0.0992380 0.1193710 0.0801172 0.0000000 0.0864717 0.0769645 0.1067245 0.1022645 0.0886378 0.1232520 0.1230701 0.1283846 0.1160177 0.1444464 0.1394181 0.1479972 0.1636863 0.1502148 
S0036_G6660_R1_A 0.0713746 0.3304959 0.0658238 0.0799018 0.0703292 0.0832876 0.0748330 0.0766012 0.1000317 0.0787839 0.0945971 0.0963833 0.0781782 0.1089808 0.0636081 0.0864717 0.0000000 0.0626215 0.0994061 0.0961389 0.0710752 0.1142739 0.1121083 0.1179027 0.1096403 0.1371898 0.1324311 0.1334751 0.1452661 0.1360082 
S0002_G6660_R1_A 0.0594224 0.4031267 0.0568620 0.0714606 0.0603449 0.0724909 0.0703939 0.0750175 0.0925152 0.0671860 0.0762039 0.0859663 0.0707912 0.0944634 0.0522750 0.0769645 0.0626215 0.0000000 0.0939863 0.0818273 0.0604847 0.1102234 0.1104624 0.1194365 0.1130456 0.1220589 0.1216033 0.1200155 0.1324750 0.1187897 
S0026_G6660_R1_A 0.0692023 0.3595301 0.0870924 0.1061321 0.0895444 0.1053200 0.0888942 0.0937489 0.1263311 0.1044799 0.1187325 0.1275525 0.1062893 0.1351201 0.0883942 0.1067245 0.0994061 0.0939863 0.0000000 0.1216523 0.0963988 0.1458888 0.1442305 0.1456384 0.1418914 0.1608589 0.1588578 0.1316155 0.1452357 0.1323145 
S0017_G6660_R1_A 0.1004048 0.4303755 0.0978154 0.1080643 0.0976062 0.1034206 0.0999821 0.1024974 0.1248917 0.1072327 0.1245669 0.1250756 0.1149632 0.1343900 0.0860806 0.1022645 0.0961389 0.0818273 0.1216523 0.0000000 0.0907821 0.1411692 0.1424477 0.1425320 0.1297146 0.1608466 0.1594979 0.1512867 0.1592533 0.1536207 
S0020_G6660_R1_A 0.0730566 0.3813777 0.0710799 0.0815205 0.0665531 0.0752811 0.0767562 0.0836971 0.1025062 0.0808806 0.0895045 0.0958804 0.0779386 0.1076183 0.0567379 0.0886378 0.0710752 0.0604847 0.0963988 0.0907821 0.0000000 0.1196294 0.1198246 0.1230718 0.1135507 0.1375304 0.1335354 0.1264813 0.1409015 0.1289462 
S0013_G6660_R1_A 0.1153175 0.4641962 0.1165442 0.1275823 0.1077829 0.1211686 0.1174791 0.1204021 0.1393585 0.1206809 0.1230496 0.1243799 0.1220764 0.1466413 0.1118071 0.1232520 0.1142739 0.1102234 0.1458888 0.1411692 0.1196294 0.0000000 0.0314814 0.0419531 0.0441101 0.0907587 0.0890064 0.1664177 0.1843016 0.1729778 
S0013_G6660_R2_A 0.1132411 0.4634885 0.1121130 0.1305773 0.1039352 0.1200861 0.1209021 0.1196175 0.1397982 0.1229890 0.1259315 0.1267558 0.1218983 0.1505429 0.1116542 0.1230701 0.1121083 0.1104624 0.1442305 0.1424477 0.1198246 0.0314814 0.0000000 0.0431609 0.0406949 0.0876923 0.0870093 0.1732463 0.1898855 0.1773901 
S0013_G6660_R5_A 0.1175965 0.4694903 0.1189033 0.1336312 0.1113569 0.1242542 0.1253957 0.1278097 0.1472713 0.1281476 0.1297621 0.1299881 0.1275411 0.1506160 0.1182894 0.1283846 0.1179027 0.1194365 0.1456384 0.1425320 0.1230718 0.0419531 0.0431609 0.0000000 0.0182850 0.0932984 0.0880666 0.1788942 0.1948200 0.1832763 
S0013_G6660_R4_A 0.1119863 0.4164824 0.1094026 0.1251979 0.1043546 0.1175143 0.1171287 0.1176375 0.1384741 0.1206681 0.1232113 0.1230195 0.1181424 0.1428972 0.1095838 0.1160177 0.1096403 0.1130456 0.1418914 0.1297146 0.1135507 0.0441101 0.0406949 0.0182850 0.0000000 0.0960704 0.0888942 0.1730903 0.1892962 0.1750340 
S0013_G6660_R6_A 0.1375976 0.4537706 0.1325910 0.1488067 0.1291556 0.1415263 0.1360696 0.1402674 0.1607727 0.1415744 0.1431129 0.1423369 0.1429721 0.1718411 0.1347712 0.1444464 0.1371898 0.1220589 0.1608589 0.1608466 0.1375304 0.0907587 0.0876923 0.0932984 0.0960704 0.0000000 0.0261670 0.1845118 0.2022745 0.1869131 
S0013_G6660_R7_A 0.1335848 0.4644158 0.1296893 0.1469717 0.1292131 0.1391685 0.1319437 0.1360866 0.1551076 0.1387205 0.1395581 0.1393583 0.1407077 0.1681982 0.1329202 0.1394181 0.1324311 0.1216033 0.1588578 0.1594979 0.1335354 0.0890064 0.0870093 0.0880666 0.0888942 0.0261670 0.0000000 0.1773718 0.1916567 0.1813425 
S0012_G6660_R1_A 0.1450260 0.4666345 0.1267842 0.1438243 0.1323843 0.1452004 0.1256376 0.1313025 0.1558377 0.1404837 0.1429801 0.1569365 0.1373965 0.1680279 0.1241666 0.1479972 0.1334751 0.1200155 0.1316155 0.1512867 0.1264813 0.1664177 0.1732463 0.1788942 0.1730903 0.1845118 0.1773718 0.0000000 0.0280876 0.0291273 
S0012_G6660_R2_A 0.1591573 0.4736720 0.1398815 0.1585353 0.1456653 0.1602291 0.1416342 0.1466355 0.1677210 0.1571343 0.1563978 0.1681632 0.1494714 0.1791332 0.1375622 0.1636863 0.1452661 0.1324750 0.1452357 0.1592533 0.1409015 0.1843016 0.1898855 0.1948200 0.1892962 0.2022745 0.1916567 0.0280876 0.0000000 0.0356237 
S0012_G6660_R3_A 0.1476085 0.4590821 0.1303494 0.1458878 0.1360888 0.1512503 0.1283759 0.1309630 0.1564636 0.1441040 0.1465666 0.1589702 0.1395129 0.1666873 0.1262099 0.1502148 0.1360082 0.1187897 0.1323145 0.1536207 0.1289462 0.1729778 0.1773901 0.1832763 0.1750340 0.1869131 0.1813425 0.0291273 0.0356237 0.0000000 
