25
S0031_G6679_R1_A 0.0000000 0.3751620 0.0822624 0.2826775 0.3788266 0.3720130 0.2548431 0.3614739 0.2164853 0.3930590 0.3806727 0.2215016 0.2899927 0.3423415 0.5922605 0.3500927 0.2142655 0.2025076 0.4271066 0.3698339 0.3370270 0.3463845 0.6070458 0.5966682 0.6077663 
S0050_G6679_R1_A 0.3751620 0.0000000 0.3885291 0.3098248 0.3573071 0.3788036 0.3678704 0.4365819 0.3195588 0.3964653 0.4085241 0.3201109 0.3896711 0.3956667 0.6192730 0.3775284 0.3349719 0.3621287 0.4705506 0.3833165 0.3873335 0.1391934 0.6764949 0.6641538 0.6870396 
S0018_G6679_R1_A 0.0822624 0.3885291 0.0000000 0.2941405 0.3856025 0.3896221 0.2726829 0.3897604 0.2514492 0.4152185 0.3983048 0.2386562 0.2976028 0.3553163 0.5862428 0.3561061 0.2348110 0.2207764 0.4446881 0.4007567 0.3533227 0.3746623 0.6251723 0.6157090 0.6231614 
S0016_G6679_R1_A 0.2826775 0.3098248 0.2941405 0.0000000 0.3207838 0.2894717 0.3171132 0.3633096 0.2862012 0.3741626 0.3725908 0.2883635 0.3258002 0.3318500 0.5720292 0.3688037 0.2745940 0.2694401 0.3819364 0.3762799 0.3764661 0.3254456 0.5459068 0.5311763 0.5286733 
S0030_G6679_R1_A 0.3788266 0.3573071 0.3856025 0.3207838 0.0000000 0.3105286 0.3825550 0.3797955 0.3442288 0.3559079 0.3673292 0.3761488 0.3686129 0.3238708 0.6091020 0.3486313 0.3496861 0.3870374 0.3945468 0.4333624 0.4487793 0.3824929 0.6318238 0.6230308 0.5985353 
S0011_G6679_R1_A 0.3720130 0.3788036 0.3896221 0.2894717 0.3105286 0.0000000 0.3510669 0.3102135 0.3409060 0.3717767 0.3681116 0.3475657 0.3866596 0.2957959 0.5727354 0.2839025 0.3444432 0.3865792 0.3627985 0.4582065 0.4453334 0.3898931 0.6587732 0.6508930 0.6429953 
S0026_G6679_R1_A 0.2548431 0.3678704 0.2726829 0.3171132 0.3825550 0.3510669 0.0000000 0.3460924 0.1633403 0.3471622 0.3259925 0.1892861 0.3255734 0.3383470 0.5392869 0.3500023 0.1601361 0.2259809 0.4194465 0.3517080 0.2821160 0.3444145 0.6197695 0.6063406 0.6245349 
S0002_G6679_R1_A 0.3614739 0.4365819 0.3897604 0.3633096 0.3797955 0.3102135 0.3460924 0.0000000 0.3279984 0.3581021 0.3365688 0.3366983 0.4011866 0.2950113 0.6051812 0.3040568 0.3295323 0.3709126 0.3716474 0.4441796 0.4523841 0.4147481 0.6737965 0.6527993 0.6471649 
S0022_G6679_R1_A 0.2164853 0.3195588 0.2514492 0.2862012 0.3442288 0.3409060 0.1633403 0.3279984 0.0000000 0.3275861 0.2990539 0.1535250 0.2798861 0.3077402 0.5276402 0.2963503 0.1329935 0.1918807 0.3905751 0.3012188 0.2441369 0.2872577 0.5625797 0.5538257 0.5769162 
S0021_G6679_R1_A 0.3930590 0.3964653 0.4152185 0.3741626 0.3559079 0.3717767 0.3471622 0.3581021 0.3275861 0.0000000 0.0584536 0.3551147 0.3318180 0.3212229 0.5521575 0.3161291 0.3303375 0.3609393 0.3880473 0.4294948 0.4373961 0.4054093 0.6288105 0.6161853 0.6141416 
S0021_G6679_R2_A 0.3806727 0.4085241 0.3983048 0.3725908 0.3673292 0.3681116 0.3259925 0.3365688 0.2990539 0.0584536 0.0000000 0.3219144 0.3155466 0.3202541 0.5536133 0.3261103 0.3008775 0.3480008 0.3922041 0.4130422 0.4322575 0.3980229 0.6230792 0.6041199 0.6174206 
S0046_G6679_R1_A 0.2215016 0.3201109 0.2386562 0.2883635 0.3761488 0.3475657 0.1892861 0.3366983 0.1535250 0.3551147 0.3219144 0.0000000 0.2963247 0.3233801 0.5074412 0.3155635 0.1582097 0.1979866 0.3998332 0.3341454 0.2504393 0.3019077 0.5665337 0.5535602 0.5664960 
S0037_G6679_R1_A 0.2899927 0.3896711 0.2976028 0.3258002 0.3686129 0.3866596 0.3255734 0.4011866 0.2798861 0.3318180 0.3155466 0.2963247 0.0000000 0.3916298 0.5400910 0.3577578 0.2676096 0.2543357 0.4284529 0.4282400 0.3913799 0.3767227 0.5782537 0.5793985 0.5989076 
S0036_G6679_R1_A 0.3423415 0.3956667 0.3553163 0.3318500 0.3238708 0.2957959 0.3383470 0.2950113 0.3077402 0.3212229 0.3202541 0.3233801 0.3916298 0.0000000 0.5159941 0.2713347 0.3079551 0.3414755 0.2911254 0.4055601 0.4426538 0.3892225 0.6263638 0.6194529 0.6286524 
S0005_G6679_R1_A 0.5922605 0.6192730 0.5862428 0.5720292 0.6091020 0.5727354 0.5392869 0.6051812 0.5276402 0.5521575 0.5536133 0.5074412 0.5400910 0.5159941 0.0000000 0.4824008 0.5107488 0.5691216 0.6084296 0.6198732 0.6474929 0.6143528 0.8438530 0.8325796 0.8677614 
S0019_G6679_R1_A 0.3500927 0.3775284 0.3561061 0.3688037 0.3486313 0.2839025 0.3500023 0.3040568 0.2963503 0.3161291 0.3261103 0.3155635 0.3577578 0.2713347 0.4824008 0.0000000 0.3112974 0.3290754 0.2747241 0.4467786 0.4190037 0.3711917 0.5840011 0.5843375 0.5846168 
S0028_G6679_R1_A 0.2142655 0.3349719 0.2348110 0.2745940 0.3496861 0.3444432 0.1601361 0.3295323 0.1329935 0.3303375 0.3008775 0.1582097 0.2676096 0.3079551 0.5107488 0.3112974 0.0000000 0.1830754 0.3665508 0.3088710 0.2473721 0.3035831 0.5522915 0.5413135 0.5542333 
S0004_G6679_R1_A 0.2025076 0.3621287 0.2207764 0.2694401 0.3870374 0.3865792 0.2259809 0.3709126 0.1918807 0.3609393 0.3480008 0.1979866 0.2543357 0.3414755 0.5691216 0.3290754 0.1830754 0.0000000 0.4158136 0.3205476 0.2789645 0.3294361 0.5452252 0.5287671 0.5577686 
S0020_G6679_R1_A 0.4271066 0.4705506 0.4446881 0.3819364 0.3945468 0.3627985 0.4194465 0.3716474 0.3905751 0.3880473 0.3922041 0.3998332 0.4284529 0.2911254 0.6084296 0.2747241 0.3665508 0.4158136 0.0000000 0.4854395 0.4828612 0.4643334 0.5665727 0.5623356 0.5960927 
S0012_G6679_R1_A 0.3698339 0.3833165 0.4007567 0.3762799 0.4333624 0.4582065 0.3517080 0.4441796 0.3012188 0.4294948 0.4130422 0.3341454 0.4282400 0.4055601 0.6198732 0.4467786 0.3088710 0.3205476 0.4854395 0.0000000 0.3450853 0.3553852 0.7120528 0.6966877 0.6939340 
S0013_G6679_R1_A 0.3370270 0.3873335 0.3533227 0.3764661 0.4487793 0.4453334 0.2821160 0.4523841 0.2441369 0.4373961 0.4322575 0.2504393 0.3913799 0.4426538 0.6474929 0.4190037 0.2473721 0.2789645 0.4828612 0.3450853 0.0000000 0.3488058 0.7308537 0.7112680 0.7224481 
S0048_G6679_R1_A 0.3463845 0.1391934 0.3746623 0.3254456 0.3824929 0.3898931 0.3444145 0.4147481 0.2872577 0.4054093 0.3980229 0.3019077 0.3767227 0.3892225 0.6143528 0.3711917 0.3035831 0.3294361 0.4643334 0.3553852 0.3488058 0.0000000 0.6471497 0.6322618 0.6315792 
S0017_G6679_R2_A 0.6070458 0.6764949 0.6251723 0.5459068 0.6318238 0.6587732 0.6197695 0.6737965 0.5625797 0.6288105 0.6230792 0.5665337 0.5782537 0.6263638 0.8438530 0.5840011 0.5522915 0.5452252 0.5665727 0.7120528 0.7308537 0.6471497 0.0000000 0.0273793 0.0461159 
S0017_G6679_R4_A 0.5966682 0.6641538 0.6157090 0.5311763 0.6230308 0.6508930 0.6063406 0.6527993 0.5538257 0.6161853 0.6041199 0.5535602 0.5793985 0.6194529 0.8325796 0.5843375 0.5413135 0.5287671 0.5623356 0.6966877 0.7112680 0.6322618 0.0273793 0.0000000 0.0391461 
S0017_G6679_R3_A 0.6077663 0.6870396 0.6231614 0.5286733 0.5985353 0.6429953 0.6245349 0.6471649 0.5769162 0.6141416 0.6174206 0.5664960 0.5989076 0.6286524 0.8677614 0.5846168 0.5542333 0.5577686 0.5960927 0.6939340 0.7224481 0.6315792 0.0461159 0.0391461 0.0000000 
