25
S0004_G6717_R1_A 0.0000000 0.0589262 0.0428434 0.0488008 0.0298632 0.0414909 0.0364081 0.0501512 0.0415224 0.0390280 0.0390904 0.0362217 0.0408253 0.0436424 0.0413945 0.0552862 0.0363634 0.0497772 0.0614387 0.1169278 0.1037008 0.1350656 0.0487416 0.0512394 0.0627263 
S0017_G6717_R1_A 0.0589262 0.0000000 0.0595242 0.0672012 0.0531416 0.0608997 0.0570997 0.0692251 0.0582090 0.0558754 0.0586304 0.0582498 0.0565466 0.0627382 0.0604720 0.0681703 0.0597140 0.0641854 0.0786689 0.1229487 0.1069743 0.1679397 0.0754301 0.0765678 0.0815708 
S0011_G6717_R1_A 0.0428434 0.0595242 0.0000000 0.0436538 0.0331895 0.0417595 0.0369021 0.0526884 0.0367491 0.0369546 0.0370713 0.0331588 0.0398775 0.0384966 0.0364335 0.0482622 0.0455864 0.0510076 0.0622457 0.1110380 0.0958057 0.1424875 0.0599224 0.0638403 0.0673871 
S0036_G6717_R1_A 0.0488008 0.0672012 0.0436538 0.0000000 0.0412121 0.0462310 0.0399321 0.0590306 0.0437074 0.0425912 0.0503591 0.0410793 0.0430012 0.0579579 0.0557384 0.0596620 0.0539922 0.0570518 0.0720599 0.1237670 0.1110414 0.1352872 0.0690278 0.0688549 0.0753658 
S0030_G6717_R1_A 0.0298632 0.0531416 0.0331895 0.0412121 0.0000000 0.0246395 0.0295950 0.0475968 0.0295385 0.0308557 0.0321389 0.0307327 0.0324434 0.0344056 0.0323724 0.0433872 0.0381743 0.0434739 0.0635937 0.1083811 0.0946319 0.1390221 0.0535366 0.0533865 0.0633947 
S0022_G6717_R1_A 0.0414909 0.0608997 0.0417595 0.0462310 0.0246395 0.0000000 0.0344909 0.0554403 0.0380977 0.0381367 0.0407815 0.0356266 0.0411719 0.0462544 0.0441591 0.0522257 0.0431491 0.0523322 0.0729041 0.1141552 0.1016915 0.1556471 0.0614258 0.0612528 0.0701663 
S0019_G6717_R1_A 0.0364081 0.0570997 0.0369021 0.0399321 0.0295950 0.0344909 0.0000000 0.0474494 0.0332238 0.0321201 0.0358948 0.0127952 0.0324542 0.0346957 0.0326442 0.0460495 0.0394459 0.0447914 0.0650054 0.1129816 0.0946135 0.1471009 0.0574168 0.0572557 0.0675022 
S0046_G6717_R1_A 0.0501512 0.0692251 0.0526884 0.0590306 0.0475968 0.0554403 0.0474494 0.0000000 0.0501635 0.0503649 0.0544747 0.0501503 0.0456315 0.0605353 0.0582064 0.0627874 0.0594054 0.0599264 0.0747020 0.1095959 0.0926307 0.1517734 0.0723046 0.0677986 0.0817564 
S0028_G6717_R1_A 0.0415224 0.0582090 0.0367491 0.0437074 0.0295385 0.0380977 0.0332238 0.0501635 0.0000000 0.0331964 0.0407701 0.0343587 0.0361338 0.0382402 0.0361919 0.0445955 0.0443248 0.0459473 0.0675004 0.1109417 0.0942702 0.1446846 0.0626748 0.0624973 0.0672678 
S0021_G6717_R2_A 0.0390280 0.0558754 0.0369546 0.0425912 0.0308557 0.0381367 0.0321201 0.0503649 0.0331964 0.0000000 0.0384439 0.0308140 0.0325308 0.0305586 0.0285413 0.0473840 0.0432403 0.0310095 0.0637745 0.1116791 0.0961003 0.1449301 0.0549744 0.0574486 0.0662502 
S0002_G6717_R1_A 0.0390904 0.0586304 0.0370713 0.0503591 0.0321389 0.0407815 0.0358948 0.0544747 0.0407701 0.0384439 0.0000000 0.0395142 0.0350435 0.0424513 0.0403680 0.0526311 0.0432600 0.0513543 0.0666574 0.1088588 0.0979194 0.1455152 0.0644473 0.0642642 0.0691265 
S0020_G6717_R1_A 0.0362217 0.0582498 0.0331588 0.0410793 0.0307327 0.0356266 0.0127952 0.0501503 0.0343587 0.0308140 0.0395142 0.0000000 0.0323990 0.0326175 0.0305831 0.0484532 0.0418226 0.0459319 0.0635339 0.1066709 0.0988094 0.1387100 0.0559477 0.0557912 0.0646197 
S0026_G6717_R1_A 0.0408253 0.0565466 0.0398775 0.0430012 0.0324434 0.0411719 0.0324542 0.0456315 0.0361338 0.0325308 0.0350435 0.0323990 0.0000000 0.0413822 0.0392587 0.0492396 0.0412463 0.0402238 0.0631424 0.1070186 0.0942515 0.1281526 0.0582528 0.0580034 0.0657196 
S0048_G6717_R1_A 0.0436424 0.0627382 0.0384966 0.0579579 0.0344056 0.0462544 0.0346957 0.0605353 0.0382402 0.0305586 0.0424513 0.0326175 0.0413822 0.0000000 0.0055445 0.0348019 0.0424854 0.0511786 0.0668264 0.1419432 0.1125090 0.1376981 0.0700040 0.0792053 0.0779834 
S0050_G6717_R1_A 0.0413945 0.0604720 0.0364335 0.0557384 0.0323724 0.0441591 0.0326442 0.0582064 0.0361919 0.0285413 0.0403680 0.0305831 0.0392587 0.0055445 0.0000000 0.0327436 0.0404002 0.0490188 0.0624467 0.1338665 0.1097624 0.1409676 0.0676678 0.0768015 0.0779329 
S0013_G6717_R1_A 0.0552862 0.0681703 0.0482622 0.0596620 0.0433872 0.0522257 0.0460495 0.0627874 0.0445955 0.0473840 0.0526311 0.0484532 0.0492396 0.0348019 0.0327436 0.0000000 0.0573781 0.0606053 0.0790292 0.1325314 0.1133977 0.1576354 0.0769360 0.0767147 0.0804957 
S0016_G6717_R1_A 0.0363634 0.0597140 0.0455864 0.0539922 0.0381743 0.0431491 0.0394459 0.0594054 0.0443248 0.0432403 0.0432600 0.0418226 0.0412463 0.0424854 0.0404002 0.0573781 0.0000000 0.0535645 0.0770327 0.1175696 0.1064561 0.1523315 0.0628431 0.0639688 0.0661672 
S0021_G6717_R1_A 0.0497772 0.0641854 0.0510076 0.0570518 0.0434739 0.0523322 0.0447914 0.0599264 0.0459473 0.0310095 0.0513543 0.0459319 0.0402238 0.0511786 0.0490188 0.0606053 0.0535645 0.0000000 0.0763325 0.1259450 0.1101095 0.1507135 0.0659615 0.0698253 0.0773970 
S0012_G6717_R1_A 0.0614387 0.0786689 0.0622457 0.0720599 0.0635937 0.0729041 0.0650054 0.0747020 0.0675004 0.0637745 0.0666574 0.0635339 0.0631424 0.0668264 0.0624467 0.0790292 0.0770327 0.0763325 0.0000000 0.1300432 0.1293233 0.1665619 0.0921821 0.0876809 0.0959760 
S0018_G6717_R2_A 0.1169278 0.1229487 0.1110380 0.1237670 0.1083811 0.1141552 0.1129816 0.1095959 0.1109417 0.1116791 0.1088588 0.1066709 0.1070186 0.1419432 0.1338665 0.1325314 0.1175696 0.1259450 0.1300432 0.0000000 0.0641787 0.2205277 0.1409483 0.1388173 0.1331310 
S0031_G6717_R2_A 0.1037008 0.1069743 0.0958057 0.1110414 0.0946319 0.1016915 0.0946135 0.0926307 0.0942702 0.0961003 0.0979194 0.0988094 0.0942515 0.1125090 0.1097624 0.1133977 0.1064561 0.1101095 0.1293233 0.0641787 0.0000000 0.2131972 0.1257416 0.1250166 0.1181975 
S0005_G6717_R1_A 0.1350656 0.1679397 0.1424875 0.1352872 0.1390221 0.1556471 0.1471009 0.1517734 0.1446846 0.1449301 0.1455152 0.1387100 0.1281526 0.1376981 0.1409676 0.1576354 0.1523315 0.1507135 0.1665619 0.2205277 0.2131972 0.0000000 0.1422358 0.1356141 0.1430593 
S0018_G6717_R1_A 0.0487416 0.0754301 0.0599224 0.0690278 0.0535366 0.0614258 0.0574168 0.0723046 0.0626748 0.0549744 0.0644473 0.0559477 0.0582528 0.0700040 0.0676678 0.0769360 0.0628431 0.0659615 0.0921821 0.1409483 0.1257416 0.1422358 0.0000000 0.0302031 0.0576484 
S0031_G6717_R1_A 0.0512394 0.0765678 0.0638403 0.0688549 0.0533865 0.0612528 0.0572557 0.0677986 0.0624973 0.0574486 0.0642642 0.0557912 0.0580034 0.0792053 0.0768015 0.0767147 0.0639688 0.0698253 0.0876809 0.1388173 0.1250166 0.1356141 0.0302031 0.0000000 0.0561924 
S0037_G6717_R1_A 0.0627263 0.0815708 0.0673871 0.0753658 0.0633947 0.0701663 0.0675022 0.0817564 0.0672678 0.0662502 0.0691265 0.0646197 0.0657196 0.0779834 0.0779329 0.0804957 0.0661672 0.0773970 0.0959760 0.1331310 0.1181975 0.1430593 0.0576484 0.0561924 0.0000000 
