22
S0037_G6779_R1_A 0.0000000 0.1239571 0.1216857 0.1600959 0.1182751 0.0972088 0.1166985 0.1291411 0.1200967 0.0872490 0.1050894 0.1309838 0.0994946 0.1088585 0.1377808 0.1182068 0.1011724 0.1229937 0.1605119 0.1677835 0.1803255 0.1823256 
S0017_G6779_R1_A 0.1239571 0.0000000 0.1018648 0.1284826 0.0960008 0.0868880 0.1028452 0.1068206 0.0904035 0.0702211 0.0651606 0.0982525 0.0792744 0.1074178 0.1127288 0.1182463 0.1104236 0.0944069 0.1357132 0.1606772 0.2136855 0.2187740 
S0046_G6779_R1_A 0.1216857 0.1018648 0.0000000 0.1206039 0.0904684 0.0807062 0.0779458 0.0886078 0.0881314 0.0781259 0.1041903 0.0980387 0.0728988 0.0938098 0.1064134 0.1120180 0.0936066 0.0911891 0.1219514 0.1374974 0.1497224 0.1624366 
S0050_G6779_R1_A 0.1600959 0.1284826 0.1206039 0.0000000 0.1185773 0.1251730 0.1248281 0.1390226 0.1184997 0.0937156 0.1100310 0.1155781 0.1208266 0.1408818 0.1110828 0.1546308 0.1322331 0.1404661 0.0550699 0.1645515 0.1978539 0.1995589 
S0002_G6779_R1_A 0.1182751 0.0960008 0.0904684 0.1185773 0.0000000 0.0832261 0.0926752 0.1068646 0.0881585 0.0671429 0.0865002 0.0884801 0.0876782 0.0970033 0.1037842 0.1109986 0.0961888 0.0979700 0.1160296 0.1444991 0.1657066 0.1564524 
S0016_G6779_R1_A 0.0972088 0.0868880 0.0807062 0.1251730 0.0832261 0.0000000 0.0763817 0.0891925 0.0896910 0.0688070 0.0920006 0.0959212 0.0681409 0.0741334 0.1065516 0.0946823 0.0753439 0.0832987 0.1237410 0.1358690 0.1485097 0.1524136 
S0021_G6779_R2_A 0.1166985 0.1028452 0.0779458 0.1248281 0.0926752 0.0763817 0.0000000 0.0383314 0.0763507 0.0796514 0.1060884 0.1066808 0.0599452 0.0858293 0.1135899 0.1038856 0.0862964 0.0862142 0.1268427 0.1313950 0.1471953 0.1567973 
S0021_G6779_R1_A 0.1291411 0.1068206 0.0886078 0.1390226 0.1068646 0.0891925 0.0383314 0.0000000 0.0896021 0.0825004 0.1106989 0.1170534 0.0728475 0.0979847 0.1162815 0.1171244 0.1009378 0.0980901 0.1375692 0.1483587 0.1636761 0.1735100 
S0026_G6779_R1_A 0.1200967 0.0904035 0.0881314 0.1184997 0.0881585 0.0896910 0.0763507 0.0896021 0.0000000 0.0754348 0.0981705 0.1030797 0.0799817 0.0998576 0.1074669 0.1168791 0.0999264 0.1007999 0.1225426 0.1465087 0.1622751 0.1683747 
S0019_G6779_R1_A 0.0872490 0.0702211 0.0781259 0.0937156 0.0671429 0.0688070 0.0796514 0.0825004 0.0754348 0.0000000 0.0250452 0.0510957 0.0725080 0.0801798 0.0870546 0.0975173 0.0812169 0.0878523 0.1110346 0.1088905 0.1696231 0.1682488 
S0020_G6779_R1_A 0.1050894 0.0651606 0.1041903 0.1100310 0.0865002 0.0920006 0.1060884 0.1106989 0.0981705 0.0250452 0.0000000 0.0736484 0.0985744 0.1075029 0.1016756 0.1233755 0.1078267 0.1119302 0.1201826 0.1362556 0.2035940 0.2047844 
S0036_G6779_R1_A 0.1309838 0.0982525 0.0980387 0.1155781 0.0884801 0.0959212 0.1066808 0.1170534 0.1030797 0.0510957 0.0736484 0.0000000 0.0994917 0.1026191 0.1109524 0.1194425 0.1059903 0.1076511 0.1080420 0.1538382 0.1744204 0.1652080 
S0028_G6779_R1_A 0.0994946 0.0792744 0.0728988 0.1208266 0.0876782 0.0681409 0.0599452 0.0728475 0.0799817 0.0725080 0.0985744 0.0994917 0.0000000 0.0783624 0.1097331 0.0909024 0.0755859 0.0797533 0.1203282 0.1222668 0.1418210 0.1501758 
S0004_G6779_R1_A 0.1088585 0.1074178 0.0938098 0.1408818 0.0970033 0.0741334 0.0858293 0.0979847 0.0998576 0.0801798 0.1075029 0.1026191 0.0783624 0.0000000 0.1219299 0.0973123 0.0805753 0.0954246 0.1391132 0.1473685 0.1588061 0.1569516 
S0013_G6779_R1_A 0.1377808 0.1127288 0.1064134 0.1110828 0.1037842 0.1065516 0.1135899 0.1162815 0.1074669 0.0870546 0.1016756 0.1109524 0.1097331 0.1219299 0.0000000 0.1374861 0.1201444 0.1192024 0.1137934 0.1547793 0.1844785 0.1931030 
S0018_G6779_R1_A 0.1182068 0.1182463 0.1120180 0.1546308 0.1109986 0.0946823 0.1038856 0.1171244 0.1168791 0.0975173 0.1233755 0.1194425 0.0909024 0.0973123 0.1374861 0.0000000 0.0553435 0.1053248 0.1517144 0.1632857 0.1710618 0.1710898 
S0031_G6779_R1_A 0.1011724 0.1104236 0.0936066 0.1322331 0.0961888 0.0753439 0.0862964 0.1009378 0.0999264 0.0812169 0.1078267 0.1059903 0.0755859 0.0805753 0.1201444 0.0553435 0.0000000 0.0936601 0.1327788 0.1484367 0.1471396 0.1538950 
S0022_G6779_R1_A 0.1229937 0.0944069 0.0911891 0.1404661 0.0979700 0.0832987 0.0862142 0.0980901 0.1007999 0.0878523 0.1119302 0.1076511 0.0797533 0.0954246 0.1192024 0.1053248 0.0936601 0.0000000 0.1366668 0.1468976 0.1550335 0.1684247 
S0048_G6779_R1_A 0.1605119 0.1357132 0.1219514 0.0550699 0.1160296 0.1237410 0.1268427 0.1375692 0.1225426 0.1110346 0.1201826 0.1080420 0.1203282 0.1391132 0.1137934 0.1517144 0.1327788 0.1366668 0.0000000 0.1522617 0.1978623 0.2005546 
S0012_G6779_R1_A 0.1677835 0.1606772 0.1374974 0.1645515 0.1444991 0.1358690 0.1313950 0.1483587 0.1465087 0.1088905 0.1362556 0.1538382 0.1222668 0.1473685 0.1547793 0.1632857 0.1484367 0.1468976 0.1522617 0.0000000 0.2013459 0.2147102 
S0030_G6779_R1_A 0.1803255 0.2136855 0.1497224 0.1978539 0.1657066 0.1485097 0.1471953 0.1636761 0.1622751 0.1696231 0.2035940 0.1744204 0.1418210 0.1588061 0.1844785 0.1710618 0.1471396 0.1550335 0.1978623 0.2013459 0.0000000 0.1251176 
S0011_G6779_R1_A 0.1823256 0.2187740 0.1624366 0.1995589 0.1564524 0.1524136 0.1567973 0.1735100 0.1683747 0.1682488 0.2047844 0.1652080 0.1501758 0.1569516 0.1931030 0.1710898 0.1538950 0.1684247 0.2005546 0.2147102 0.1251176 0.0000000 
