23
S0026_G6780_R1_A 0.0000000 0.0847521 0.0721419 0.0797399 0.0936636 0.0859216 0.0658338 0.0830404 0.1195389 0.1228453 0.1557196 0.0964424 0.0829852 0.1017056 0.1004376 0.1565120 0.1201627 0.0908346 0.1264836 0.1649571 0.1380175 0.2409040 0.1665970 
S0013_G6780_R1_A 0.0847521 0.0000000 0.0889272 0.0784018 0.0932618 0.0980263 0.0833551 0.0892703 0.1214340 0.1158397 0.1526447 0.1163490 0.0978896 0.1129016 0.1139437 0.1706975 0.1308020 0.1043596 0.1295286 0.1771451 0.1398131 0.2639141 0.1845650 
S0028_G6780_R1_A 0.0721419 0.0889272 0.0000000 0.0803601 0.0876909 0.0842914 0.0677018 0.0780176 0.1165871 0.1152320 0.1448371 0.0907584 0.0799238 0.0954408 0.0952658 0.1498199 0.1173088 0.0983213 0.1285509 0.1592483 0.1317044 0.2455291 0.1596939 
S0030_G6780_R1_A 0.0797399 0.0784018 0.0803601 0.0000000 0.0895240 0.0975624 0.0695595 0.0826999 0.1184782 0.1167801 0.1444620 0.1007652 0.0892568 0.1003828 0.1003872 0.1677919 0.1173619 0.1015697 0.1362681 0.1607109 0.1374553 0.2505634 0.1805642 
S0016_G6780_R1_A 0.0936636 0.0932618 0.0876909 0.0895240 0.0000000 0.0976804 0.0810087 0.0765807 0.1148698 0.1217505 0.1552336 0.1109653 0.0996082 0.1011426 0.1022497 0.1603702 0.1320163 0.1111088 0.1383369 0.1767653 0.1522146 0.2569670 0.1857625 
S0011_G6780_R1_A 0.0859216 0.0980263 0.0842914 0.0975624 0.0976804 0.0000000 0.0720301 0.0877973 0.1200776 0.1200562 0.1532196 0.1062590 0.0943697 0.1085741 0.1039055 0.1677614 0.1412937 0.0987156 0.1385475 0.1792944 0.1603709 0.2693584 0.1823773 
S0036_G6780_R1_A 0.0658338 0.0833551 0.0677018 0.0695595 0.0810087 0.0720301 0.0000000 0.0680806 0.1027199 0.1078958 0.1419116 0.0739214 0.0765240 0.0835461 0.0845981 0.1415230 0.1105224 0.0844371 0.1198078 0.1381194 0.1298439 0.2315244 0.1599534 
S0004_G6780_R1_A 0.0830404 0.0892703 0.0780176 0.0826999 0.0765807 0.0877973 0.0680806 0.0000000 0.1082350 0.1116974 0.1375965 0.0873082 0.0895975 0.0850719 0.0919782 0.1455072 0.1196319 0.0991536 0.1257567 0.1522692 0.1392583 0.2447445 0.1592305 
S0037_G6780_R1_A 0.1195389 0.1214340 0.1165871 0.1184782 0.1148698 0.1200776 0.1027199 0.1082350 0.0000000 0.1530909 0.1818349 0.1251666 0.1239276 0.1255701 0.1150767 0.1416739 0.1480486 0.1176446 0.1551610 0.1867704 0.1608237 0.2803851 0.1687465 
S0048_G6780_R1_A 0.1228453 0.1158397 0.1152320 0.1167801 0.1217505 0.1200562 0.1078958 0.1116974 0.1530909 0.0000000 0.0666191 0.1329913 0.1231834 0.1318766 0.1334349 0.1936066 0.1560478 0.1309435 0.1581669 0.1963000 0.1750230 0.2871045 0.2054721 
S0050_G6780_R1_A 0.1557196 0.1526447 0.1448371 0.1444620 0.1552336 0.1532196 0.1419116 0.1375965 0.1818349 0.0666191 0.0000000 0.1257075 0.1523282 0.1538618 0.1635044 0.2269503 0.1561905 0.1502054 0.1992140 0.2087007 0.1755767 0.2971372 0.2118687 
S0019_G6780_R1_A 0.0964424 0.1163490 0.0907584 0.1007652 0.1109653 0.1062590 0.0739214 0.0873082 0.1251666 0.1329913 0.1257075 0.0000000 0.0998870 0.1021077 0.1030780 0.1694830 0.1064008 0.1015113 0.1418611 0.1353352 0.1269218 0.2277995 0.1699825 
S0021_G6780_R1_A 0.0829852 0.0978896 0.0799238 0.0892568 0.0996082 0.0943697 0.0765240 0.0895975 0.1239276 0.1231834 0.1523282 0.0998870 0.0000000 0.1078380 0.1026395 0.1624076 0.1229499 0.0971437 0.1369965 0.1660106 0.1450754 0.2418344 0.1657094 
S0002_G6780_R1_A 0.1017056 0.1129016 0.0954408 0.1003828 0.1011426 0.1085741 0.0835461 0.0850719 0.1255701 0.1318766 0.1538618 0.1021077 0.1078380 0.0000000 0.1085969 0.1573376 0.1268422 0.1056259 0.1477243 0.1603133 0.1456183 0.2508419 0.1690508 
S0031_G6780_R1_A 0.1004376 0.1139437 0.0952658 0.1003872 0.1022497 0.1039055 0.0845981 0.0919782 0.1150767 0.1334349 0.1635044 0.1030780 0.1026395 0.1085969 0.0000000 0.1597543 0.1326072 0.1089441 0.1412208 0.1736650 0.1516150 0.2584192 0.1323307 
S0016_G6780_R2_A 0.1565120 0.1706975 0.1498199 0.1677919 0.1603702 0.1677614 0.1415230 0.1455072 0.1416739 0.1936066 0.2269503 0.1694830 0.1624076 0.1573376 0.1597543 0.0000000 0.1779038 0.1680470 0.2042351 0.2277621 0.2045994 0.3300585 0.2036256 
S0046_G6780_R1_A 0.1201627 0.1308020 0.1173088 0.1173619 0.1320163 0.1412937 0.1105224 0.1196319 0.1480486 0.1560478 0.1561905 0.1064008 0.1229499 0.1268422 0.1326072 0.1779038 0.0000000 0.1239840 0.1614688 0.1644192 0.1491686 0.2714823 0.1595146 
S0020_G6780_R1_A 0.0908346 0.1043596 0.0983213 0.1015697 0.1111088 0.0987156 0.0844371 0.0991536 0.1176446 0.1309435 0.1502054 0.1015113 0.0971437 0.1056259 0.1089441 0.1680470 0.1239840 0.0000000 0.1408706 0.1690810 0.1499368 0.2446458 0.1663436 
S0012_G6780_R1_A 0.1264836 0.1295286 0.1285509 0.1362681 0.1383369 0.1385475 0.1198078 0.1257567 0.1551610 0.1581669 0.1992140 0.1418611 0.1369965 0.1477243 0.1412208 0.2042351 0.1614688 0.1408706 0.0000000 0.2059553 0.1818234 0.2912402 0.2148962 
S0022_G6780_R1_A 0.1649571 0.1771451 0.1592483 0.1607109 0.1767653 0.1792944 0.1381194 0.1522692 0.1867704 0.1963000 0.2087007 0.1353352 0.1660106 0.1603133 0.1736650 0.2277621 0.1644192 0.1690810 0.2059553 0.0000000 0.1949484 0.2879990 0.2253116 
S0017_G6780_R1_A 0.1380175 0.1398131 0.1317044 0.1374553 0.1522146 0.1603709 0.1298439 0.1392583 0.1608237 0.1750230 0.1755767 0.1269218 0.1450754 0.1456183 0.1516150 0.2045994 0.1491686 0.1499368 0.1818234 0.1949484 0.0000000 0.2922453 0.2122978 
S0005_G6780_R1_A 0.2409040 0.2639141 0.2455291 0.2505634 0.2569670 0.2693584 0.2315244 0.2447445 0.2803851 0.2871045 0.2971372 0.2277995 0.2418344 0.2508419 0.2584192 0.3300585 0.2714823 0.2446458 0.2912402 0.2879990 0.2922453 0.0000000 0.2955834 
S0018_G6780_R1_A 0.1665970 0.1845650 0.1596939 0.1805642 0.1857625 0.1823773 0.1599534 0.1592305 0.1687465 0.2054721 0.2118687 0.1699825 0.1657094 0.1690508 0.1323307 0.2036256 0.1595146 0.1663436 0.2148962 0.2253116 0.2122978 0.2955834 0.0000000 
