23
S0002_G6782_R1_A 0.0000000 0.1086707 0.3677615 0.0928550 0.3884627 0.1039724 0.0951948 0.1482305 0.1216318 0.0891556 0.1053895 0.1020883 0.1006073 0.1078187 0.0956485 0.0817207 0.1224859 0.1209750 0.0657305 0.1746604 0.1464568 0.1480386 0.1527251 
S0004_G6782_R1_A 0.1086707 0.0000000 0.3602617 0.1363656 0.4004744 0.1274568 0.1120036 0.1449277 0.1246742 0.1106432 0.1276475 0.1332761 0.1294270 0.1177646 0.1122171 0.1053847 0.1325197 0.1304466 0.1069599 0.1768578 0.1487606 0.1582318 0.1576818 
S0005_G6782_R1_A 0.3677615 0.3602617 0.0000000 0.3626602 0.6624279 0.3794284 0.3651209 0.4190700 0.3663569 0.3429085 0.3592073 0.3818506 0.3613936 0.3488144 0.3498110 0.3370275 0.3744525 0.3891249 0.3544773 0.4224244 0.3996927 0.3886886 0.3923459 
S0011_G6782_R1_A 0.0928550 0.1363656 0.3626602 0.0000000 0.4339902 0.1208844 0.1248449 0.1741098 0.1488945 0.1116628 0.1230245 0.1321288 0.1242605 0.1310753 0.1116236 0.0994956 0.1443442 0.1372407 0.0866241 0.1843768 0.1612095 0.1540209 0.1637668 
S0012_G6782_R1_A 0.3884627 0.4004744 0.6624279 0.4339902 0.0000000 0.3839380 0.3777989 0.4480759 0.4085253 0.3796392 0.4165486 0.4303288 0.4204331 0.4052128 0.3941080 0.3790536 0.4252754 0.4015063 0.3924076 0.4629674 0.4553016 0.4339294 0.4502979 
S0013_G6782_R1_A 0.1039724 0.1274568 0.3794284 0.1208844 0.3839380 0.0000000 0.1188598 0.1574873 0.1341367 0.1148602 0.1266188 0.1264589 0.1208626 0.1299329 0.1182515 0.1042576 0.1485629 0.1467895 0.1056131 0.1851051 0.1698787 0.1496954 0.1524118 
S0016_G6782_R1_A 0.0951948 0.1120036 0.3651209 0.1248449 0.3777989 0.1188598 0.0000000 0.1298250 0.1009615 0.1015996 0.1137655 0.1254181 0.1216084 0.1079356 0.1092080 0.0955587 0.1167114 0.1136253 0.0997363 0.1574684 0.1482692 0.1499959 0.1566372 
S0017_G6782_R1_A 0.1482305 0.1449277 0.4190700 0.1741098 0.4480759 0.1574873 0.1298250 0.0000000 0.1529382 0.1442206 0.1370774 0.1736342 0.1669675 0.1460283 0.1608645 0.1478945 0.1519258 0.1581032 0.1485607 0.2072589 0.1792139 0.1816618 0.1893772 
S0018_G6782_R1_A 0.1216318 0.1246742 0.3663569 0.1488945 0.4085253 0.1341367 0.1009615 0.1529382 0.0000000 0.1089262 0.1275316 0.1432206 0.1361754 0.1242075 0.1258404 0.1146867 0.1247155 0.1099501 0.1182022 0.1715975 0.1592715 0.1775144 0.1798572 
S0019_G6782_R1_A 0.0891556 0.1106432 0.3429085 0.1116628 0.3796392 0.1148602 0.1015996 0.1442206 0.1089262 0.0000000 0.1042858 0.1207155 0.1156273 0.1077424 0.1077775 0.0980449 0.1228468 0.1154894 0.0863422 0.1589784 0.1423189 0.1432483 0.1503564 
S0020_G6782_R1_A 0.1053895 0.1276475 0.3592073 0.1230245 0.4165486 0.1266188 0.1137655 0.1370774 0.1275316 0.1042858 0.0000000 0.1326886 0.1283187 0.1226663 0.1238487 0.1032778 0.1312628 0.1295256 0.1037964 0.1759097 0.1512309 0.1560073 0.1607241 
S0021_G6782_R1_A 0.1020883 0.1332761 0.3818506 0.1321288 0.4303288 0.1264589 0.1254181 0.1736342 0.1432206 0.1207155 0.1326886 0.0000000 0.0381653 0.1199759 0.0918290 0.0894373 0.1510174 0.1491831 0.1017512 0.1912143 0.1535934 0.1741789 0.1786478 
S0021_G6782_R2_A 0.1006073 0.1294270 0.3613936 0.1242605 0.4204331 0.1208626 0.1216084 0.1669675 0.1361754 0.1156273 0.1283187 0.0381653 0.0000000 0.1177539 0.0869290 0.0851300 0.1453710 0.1404427 0.0980892 0.1881541 0.1449377 0.1663412 0.1688353 
S0022_G6782_R1_A 0.1078187 0.1177646 0.3488144 0.1310753 0.4052128 0.1299329 0.1079356 0.1460283 0.1242075 0.1077424 0.1226663 0.1199759 0.1177539 0.0000000 0.1112812 0.1023598 0.1250156 0.1271875 0.1089282 0.1791091 0.1594418 0.1528665 0.1583916 
S0026_G6782_R1_A 0.0956485 0.1122171 0.3498110 0.1116236 0.3941080 0.1182515 0.1092080 0.1608645 0.1258404 0.1077775 0.1238487 0.0918290 0.0869290 0.1112812 0.0000000 0.0698788 0.1365488 0.1293333 0.0828080 0.1778945 0.1357618 0.1595861 0.1701170 
S0028_G6782_R1_A 0.0817207 0.1053847 0.3370275 0.0994956 0.3790536 0.1042576 0.0955587 0.1478945 0.1146867 0.0980449 0.1032778 0.0894373 0.0851300 0.1023598 0.0698788 0.0000000 0.1249919 0.1212609 0.0683599 0.1632664 0.1255317 0.1487111 0.1578660 
S0030_G6782_R1_A 0.1224859 0.1325197 0.3744525 0.1443442 0.4252754 0.1485629 0.1167114 0.1519258 0.1247155 0.1228468 0.1312628 0.1510174 0.1453710 0.1250156 0.1365488 0.1249919 0.0000000 0.1297043 0.1237476 0.1772479 0.1605456 0.1714089 0.1694581 
S0031_G6782_R1_A 0.1209750 0.1304466 0.3891249 0.1372407 0.4015063 0.1467895 0.1136253 0.1581032 0.1099501 0.1154894 0.1295256 0.1491831 0.1404427 0.1271875 0.1293333 0.1212609 0.1297043 0.0000000 0.1172959 0.1638815 0.1727931 0.1760104 0.1794669 
S0036_G6782_R1_A 0.0657305 0.1069599 0.3544773 0.0866241 0.3924076 0.1056131 0.0997363 0.1485607 0.1182022 0.0863422 0.1037964 0.1017512 0.0980892 0.1089282 0.0828080 0.0683599 0.1237476 0.1172959 0.0000000 0.1664419 0.1415309 0.1464889 0.1570322 
S0037_G6782_R1_A 0.1746604 0.1768578 0.4224244 0.1843768 0.4629674 0.1851051 0.1574684 0.2072589 0.1715975 0.1589784 0.1759097 0.1912143 0.1881541 0.1791091 0.1778945 0.1632664 0.1772479 0.1638815 0.1664419 0.0000000 0.1976095 0.2103253 0.2159345 
S0046_G6782_R1_A 0.1464568 0.1487606 0.3996927 0.1612095 0.4553016 0.1698787 0.1482692 0.1792139 0.1592715 0.1423189 0.1512309 0.1535934 0.1449377 0.1594418 0.1357618 0.1255317 0.1605456 0.1727931 0.1415309 0.1976095 0.0000000 0.1821595 0.1954136 
S0048_G6782_R1_A 0.1480386 0.1582318 0.3886886 0.1540209 0.4339294 0.1496954 0.1499959 0.1816618 0.1775144 0.1432483 0.1560073 0.1741789 0.1663412 0.1528665 0.1595861 0.1487111 0.1714089 0.1760104 0.1464889 0.2103253 0.1821595 0.0000000 0.0478287 
S0050_G6782_R1_A 0.1527251 0.1576818 0.3923459 0.1637668 0.4502979 0.1524118 0.1566372 0.1893772 0.1798572 0.1503564 0.1607241 0.1786478 0.1688353 0.1583916 0.1701170 0.1578660 0.1694581 0.1794669 0.1570322 0.2159345 0.1954136 0.0478287 0.0000000 
