24
S0020_G6791_R1_A 0.0000000 0.0619265 0.1178015 0.1109964 0.0891452 0.0893626 0.0865854 0.0886982 0.0914006 0.0923806 0.0906140 0.0818909 0.0716305 0.1004091 0.1322579 0.1041617 0.0865062 0.1063652 0.1010716 0.0726172 0.0919874 0.0830540 0.0545259 0.1283299 
S0002_G6791_R1_A 0.0619265 0.0000000 0.1273293 0.1211524 0.0949248 0.0963270 0.0937965 0.0958463 0.1053305 0.1051436 0.0991499 0.0967281 0.0773498 0.1089625 0.1314920 0.1119226 0.0981300 0.1156517 0.1123667 0.0817002 0.1076331 0.0937428 0.0691389 0.1297969 
S0004_G6791_R1_A 0.1178015 0.1273293 0.0000000 0.0627720 0.1073535 0.0788176 0.0804793 0.1006115 0.1164018 0.1159370 0.1078023 0.1078737 0.0987232 0.0991273 0.1252153 0.1155175 0.0893600 0.1077037 0.0981707 0.0835550 0.1007993 0.1118816 0.1126966 0.1550591 
S0004_G6791_R2_A 0.1109964 0.1211524 0.0627720 0.0000000 0.0996572 0.0806704 0.0771713 0.0920007 0.1036444 0.1031964 0.1015569 0.0994541 0.0871465 0.0936278 0.1311758 0.1048505 0.0762422 0.1087367 0.1013280 0.0851604 0.0842605 0.0890686 0.1171769 0.1417391 
S0013_G6791_R1_A 0.0891452 0.0949248 0.1073535 0.0996572 0.0000000 0.0777572 0.0754435 0.0786285 0.0898072 0.0875178 0.0848439 0.0860962 0.0741677 0.0922519 0.1098708 0.0939456 0.0683126 0.0826481 0.0767313 0.0728449 0.0790682 0.0755681 0.0893024 0.1208492 
S0016_G6791_R1_A 0.0893626 0.0963270 0.0788176 0.0806704 0.0777572 0.0000000 0.0251295 0.0753256 0.0902707 0.0886711 0.0858367 0.0860838 0.0722826 0.0750253 0.1079770 0.0898487 0.0606641 0.0932007 0.0851727 0.0704555 0.0720082 0.0834961 0.0918981 0.1245280 
S0016_G6791_R2_A 0.0865854 0.0937965 0.0804793 0.0771713 0.0754435 0.0251295 0.0000000 0.0731288 0.0850735 0.0833311 0.0807341 0.0808393 0.0670675 0.0692315 0.1038625 0.0856584 0.0567051 0.0898718 0.0845177 0.0699053 0.0652802 0.0806217 0.0914400 0.1244454 
S0030_G6791_R1_A 0.0886982 0.0958463 0.1006115 0.0920007 0.0786285 0.0753256 0.0731288 0.0000000 0.0849208 0.0844669 0.0789781 0.0762878 0.0717297 0.0886474 0.1044893 0.0897019 0.0688914 0.0885560 0.0840089 0.0705458 0.0876087 0.0826862 0.0931029 0.1158851 
S0021_G6791_R1_A 0.0914006 0.1053305 0.1164018 0.1036444 0.0898072 0.0902707 0.0850735 0.0849208 0.0000000 0.0235644 0.0635357 0.0855817 0.0812631 0.1004272 0.0969062 0.0922717 0.0747356 0.0938973 0.0894266 0.0788243 0.0829745 0.0778450 0.1030207 0.1336753 
S0021_G6791_R2_A 0.0923806 0.1051436 0.1159370 0.1031964 0.0875178 0.0886711 0.0833311 0.0844669 0.0235644 0.0000000 0.0632456 0.0825785 0.0817838 0.1000405 0.0977232 0.0896918 0.0747429 0.0949889 0.0911925 0.0765553 0.0800701 0.0797678 0.1067088 0.1340506 
S0026_G6791_R1_A 0.0906140 0.0991499 0.1078023 0.1015569 0.0848439 0.0858367 0.0807341 0.0789781 0.0635357 0.0632456 0.0000000 0.0823869 0.0704179 0.0939282 0.0937247 0.0901757 0.0746886 0.0962643 0.0896756 0.0759092 0.0828056 0.0688505 0.0981019 0.1194836 
S0017_G6791_R1_A 0.0818909 0.0967281 0.1078737 0.0994541 0.0860962 0.0860838 0.0808393 0.0762878 0.0855817 0.0825785 0.0823869 0.0000000 0.0694002 0.0961889 0.1119531 0.0872368 0.0719133 0.0912490 0.0860513 0.0713732 0.0870781 0.0796566 0.0953367 0.1186590 
S0036_G6791_R1_A 0.0716305 0.0773498 0.0987232 0.0871465 0.0741677 0.0722826 0.0670675 0.0717297 0.0812631 0.0817838 0.0704179 0.0694002 0.0000000 0.0784709 0.1011172 0.0825284 0.0650137 0.0851571 0.0772285 0.0544268 0.0765923 0.0671121 0.0813275 0.1096048 
S0037_G6791_R1_A 0.1004091 0.1089625 0.0991273 0.0936278 0.0922519 0.0750253 0.0692315 0.0886474 0.1004272 0.1000405 0.0939282 0.0961889 0.0784709 0.0000000 0.1186189 0.0991602 0.0631072 0.0992499 0.0917705 0.0772886 0.0639498 0.0809768 0.1000732 0.1295117 
S0028_G6791_R1_A 0.1322579 0.1314920 0.1252153 0.1311758 0.1098708 0.1079770 0.1038625 0.1044893 0.0969062 0.0977232 0.0937247 0.1119531 0.1011172 0.1186189 0.0000000 0.1199205 0.1172336 0.1236723 0.1175161 0.0986685 0.1337052 0.1277899 0.1055146 0.1511996 
S0046_G6791_R1_A 0.1041617 0.1119226 0.1155175 0.1048505 0.0939456 0.0898487 0.0856584 0.0897019 0.0922717 0.0896918 0.0901757 0.0872368 0.0825284 0.0991602 0.1199205 0.0000000 0.0842201 0.1045242 0.0978486 0.0879791 0.0851780 0.0859969 0.1029407 0.1252856 
S0031_G6791_R1_A 0.0865062 0.0981300 0.0893600 0.0762422 0.0683126 0.0606641 0.0567051 0.0688914 0.0747356 0.0747429 0.0746886 0.0719133 0.0650137 0.0631072 0.1172336 0.0842201 0.0000000 0.0892880 0.0823664 0.0626006 0.0485381 0.0779811 0.0936919 0.1162135 
S0048_G6791_R1_A 0.1063652 0.1156517 0.1077037 0.1087367 0.0826481 0.0932007 0.0898718 0.0885560 0.0938973 0.0949889 0.0962643 0.0912490 0.0851571 0.0992499 0.1236723 0.1045242 0.0892880 0.0000000 0.0151226 0.0876953 0.0998726 0.0970738 0.1144472 0.1223749 
S0050_G6791_R1_A 0.1010716 0.1123667 0.0981707 0.1013280 0.0767313 0.0851727 0.0845177 0.0840089 0.0894266 0.0911925 0.0896756 0.0860513 0.0772285 0.0917705 0.1175161 0.0978486 0.0823664 0.0151226 0.0000000 0.0798564 0.0938867 0.0892531 0.1067314 0.1185629 
S0011_G6791_R1_A 0.0726172 0.0817002 0.0835550 0.0851604 0.0728449 0.0704555 0.0699053 0.0705458 0.0788243 0.0765553 0.0759092 0.0713732 0.0544268 0.0772886 0.0986685 0.0879791 0.0626006 0.0876953 0.0798564 0.0000000 0.0771738 0.0703908 0.0808429 0.1197665 
S0018_G6791_R1_A 0.0919874 0.1076331 0.1007993 0.0842605 0.0790682 0.0720082 0.0652802 0.0876087 0.0829745 0.0800701 0.0828056 0.0870781 0.0765923 0.0639498 0.1337052 0.0851780 0.0485381 0.0998726 0.0938867 0.0771738 0.0000000 0.0854484 0.0974510 0.1203461 
S0022_G6791_R1_A 0.0830540 0.0937428 0.1118816 0.0890686 0.0755681 0.0834961 0.0806217 0.0826862 0.0778450 0.0797678 0.0688505 0.0796566 0.0671121 0.0809768 0.1277899 0.0859969 0.0779811 0.0970738 0.0892531 0.0703908 0.0854484 0.0000000 0.0858512 0.1018319 
S0019_G6791_R1_A 0.0545259 0.0691389 0.1126966 0.1171769 0.0893024 0.0918981 0.0914400 0.0931029 0.1030207 0.1067088 0.0981019 0.0953367 0.0813275 0.1000732 0.1055146 0.1029407 0.0936919 0.1144472 0.1067314 0.0808429 0.0974510 0.0858512 0.0000000 0.1286145 
S0012_G6791_R1_A 0.1283299 0.1297969 0.1550591 0.1417391 0.1208492 0.1245280 0.1244454 0.1158851 0.1336753 0.1340506 0.1194836 0.1186590 0.1096048 0.1295117 0.1511996 0.1252856 0.1162135 0.1223749 0.1185629 0.1197665 0.1203461 0.1018319 0.1286145 0.0000000 
