31
S0002_G6825_R1_A 0.0000000 0.0598769 0.0582072 0.0676281 0.0664817 0.0514824 0.0599619 0.0656810 0.0647396 0.0549021 0.0605393 0.1079802 0.0634438 0.0805499 0.1168908 0.1112128 0.0496654 0.0681962 0.1226959 0.0675998 0.0570400 0.0604091 0.1005817 0.0469331 0.2078478 0.0677401 0.0504447 0.0648343 0.0647396 0.0576825 0.0677307 
S0036_G6825_R1_A 0.0598769 0.0000000 0.0656296 0.0666875 0.0630498 0.0612294 0.0607602 0.0699879 0.0648159 0.0711776 0.0720314 0.1190478 0.0634549 0.0822708 0.1235033 0.1215188 0.0544799 0.0758606 0.1372580 0.0701403 0.0636357 0.0646612 0.1129289 0.0516306 0.2142434 0.0712584 0.0568313 0.0691309 0.0648159 0.0652471 0.0659680 
S0022_G6825_R2_A 0.0582072 0.0656296 0.0000000 0.0521734 0.0494118 0.0612530 0.0633670 0.0693065 0.0674034 0.0721270 0.0748761 0.1163457 0.0618467 0.0842647 0.1227994 0.1189482 0.0580280 0.0737632 0.1375065 0.0529121 0.0620746 0.0622647 0.1122662 0.0534662 0.2195799 0.0522086 0.0596202 0.0684491 0.0674034 0.0000010 0.0506446 
S0022_G6825_R1_A 0.0676281 0.0666875 0.0521734 0.0000000 0.0537873 0.0616824 0.0645619 0.0764373 0.0744749 0.0794082 0.0743734 0.1178516 0.0694559 0.0871786 0.1282883 0.1224929 0.0574053 0.0689113 0.1383103 0.0600676 0.0639971 0.0650083 0.1161064 0.0513393 0.2191757 0.0593674 0.0590015 0.0755615 0.0744749 0.0492422 0.0000010 
S0030_G6825_R1_A 0.0664817 0.0630498 0.0494118 0.0537873 0.0000000 0.0621647 0.0650086 0.0668262 0.0674601 0.0764662 0.0738800 0.1128464 0.0599010 0.0877121 0.1275776 0.1210159 0.0579827 0.0811363 0.1365564 0.0519755 0.0628827 0.0630811 0.1080589 0.0525926 0.2148194 0.0530023 0.0595737 0.0659734 0.0674601 0.0489393 0.0530635 
S0004_G6825_R1_A 0.0514824 0.0612294 0.0612530 0.0616824 0.0621647 0.0000000 0.0555741 0.0639315 0.0620458 0.0682590 0.0540921 0.1046865 0.0641400 0.0786190 0.1141436 0.1105792 0.0527512 0.0639080 0.1285674 0.0681715 0.0560284 0.0577096 0.1072763 0.0499153 0.1997661 0.0675116 0.0527295 0.0630899 0.0620458 0.0608890 0.0609018 
S0026_G6825_R1_A 0.0599619 0.0607602 0.0633670 0.0645619 0.0650086 0.0555741 0.0000000 0.0669207 0.0608325 0.0756599 0.0703195 0.1128279 0.0616689 0.0852064 0.1170519 0.1141625 0.0563442 0.0712477 0.1318158 0.0668536 0.0620459 0.0622559 0.1116524 0.0509415 0.2037924 0.0670792 0.0579356 0.0660666 0.0608325 0.0621492 0.0638383 
S0021_G6825_R1_A 0.0656810 0.0699879 0.0693065 0.0764373 0.0668262 0.0639315 0.0669207 0.0000000 0.0237046 0.0784321 0.0787253 0.1214516 0.0656022 0.0949540 0.1295941 0.1257269 0.0597704 0.0854464 0.1340233 0.0731794 0.0704956 0.0674979 0.1092884 0.0583597 0.2108150 0.0743189 0.0605683 0.0007182 0.0229605 0.0680928 0.0765547 
S0021_G6825_R2_A 0.0647396 0.0648159 0.0674034 0.0744749 0.0674601 0.0620458 0.0608325 0.0237046 0.0000000 0.0790703 0.0774713 0.1150977 0.0673434 0.0920129 0.1239568 0.1211752 0.0587791 0.0877521 0.1282985 0.0701758 0.0694148 0.0638345 0.1091778 0.0574221 0.2153637 0.0704309 0.0587228 0.0229388 0.0014329 0.0653975 0.0729358 
S0011_G6825_R1_A 0.0549021 0.0711776 0.0721270 0.0794082 0.0764662 0.0682590 0.0756599 0.0784321 0.0790703 0.0000000 0.0763613 0.1237839 0.0763640 0.0928883 0.1340200 0.1318891 0.0641995 0.0818820 0.1420281 0.0839186 0.0715896 0.0746144 0.1213887 0.0600999 0.2230296 0.0841453 0.0649951 0.0783503 0.0773663 0.0717474 0.0795337 
S0013_G6825_R1_A 0.0605393 0.0720314 0.0748761 0.0743734 0.0738800 0.0540921 0.0703195 0.0787253 0.0774713 0.0763613 0.0000000 0.1171732 0.0699150 0.0846530 0.1268777 0.1235728 0.0603861 0.0735755 0.1415855 0.0786464 0.0646183 0.0682527 0.1192565 0.0562870 0.2292091 0.0798958 0.0621189 0.0777917 0.0774713 0.0745233 0.0736051 
S0046_G6825_R1_A 0.1079802 0.1190478 0.1163457 0.1178516 0.1128464 0.1046865 0.1128279 0.1214516 0.1150977 0.1237839 0.1171732 0.0000000 0.1223187 0.1321929 0.0870709 0.0842713 0.1107962 0.1462336 0.0892496 0.0965072 0.1110494 0.1148813 0.1560320 0.1034193 0.2628506 0.0987118 0.1115993 0.1204783 0.1150977 0.1162602 0.1171333 
S0016_G6825_R1_A 0.0634438 0.0634549 0.0618467 0.0694559 0.0599010 0.0641400 0.0616689 0.0656022 0.0673434 0.0763640 0.0699150 0.1223187 0.0000000 0.0783741 0.1261445 0.1163861 0.0548628 0.0630403 0.1408685 0.0686116 0.0595322 0.0652010 0.1243165 0.0569837 0.2086900 0.0708529 0.0576105 0.0656022 0.0673434 0.0622873 0.0686530 
S0037_G6825_R1_A 0.0805499 0.0822708 0.0842647 0.0871786 0.0877121 0.0786190 0.0852064 0.0949540 0.0920129 0.0928883 0.0846530 0.1321929 0.0783741 0.0000000 0.1359190 0.1291721 0.0754923 0.0713178 0.1503033 0.0921271 0.0661285 0.0859570 0.1366744 0.0746106 0.2338088 0.0933651 0.0788885 0.0940453 0.0920129 0.0839881 0.0864612 
S0048_G6825_R1_A 0.1168908 0.1235033 0.1227994 0.1282883 0.1275776 0.1141436 0.1170519 0.1295941 0.1239568 0.1340200 0.1268777 0.0870709 0.1261445 0.1359190 0.0000000 0.0360040 0.1188268 0.1401353 0.1274581 0.0982793 0.1168418 0.1237741 0.1538335 0.1110144 0.2683925 0.0995471 0.1216198 0.1294537 0.1221234 0.1227540 0.1275529 
S0050_G6825_R1_A 0.1112128 0.1215188 0.1189482 0.1224929 0.1210159 0.1105792 0.1141625 0.1257269 0.1211752 0.1318891 0.1235728 0.0842713 0.1163861 0.1291721 0.0360040 0.0000000 0.1168491 0.1351120 0.1278814 0.0926136 0.1094518 0.1168888 0.1500737 0.1081404 0.2583674 0.0948490 0.1196330 0.1255911 0.1193485 0.1188778 0.1217559 
S0020_G6825_R1_A 0.0496654 0.0544799 0.0580280 0.0574053 0.0579827 0.0527512 0.0563442 0.0597704 0.0587791 0.0641995 0.0603861 0.1107962 0.0548628 0.0754923 0.1188268 0.1168491 0.0000000 0.0632102 0.1309010 0.0637962 0.0542862 0.0569720 0.1055353 0.0349412 0.2072400 0.0622591 0.0029651 0.0589154 0.0587791 0.0567489 0.0574934 
S0018_G6825_R1_A 0.0681962 0.0758606 0.0737632 0.0689113 0.0811363 0.0639080 0.0712477 0.0854464 0.0877521 0.0818820 0.0735755 0.1462336 0.0630403 0.0713178 0.1401353 0.1351120 0.0632102 0.0000000 0.1499202 0.0770268 0.0444863 0.0713592 0.1325859 0.0630205 0.2054697 0.0749467 0.0621485 0.0843290 0.0877521 0.0710995 0.0690436 
S0012_G6825_R1_A 0.1226959 0.1372580 0.1375065 0.1383103 0.1365564 0.1285674 0.1318158 0.1340233 0.1282985 0.1420281 0.1415855 0.0892496 0.1408685 0.1503033 0.1274581 0.1278814 0.1309010 0.1499202 0.0000000 0.1142730 0.1304731 0.1384224 0.1695719 0.1235236 0.2654826 0.1166901 0.1298174 0.1329888 0.1282985 0.1355743 0.1385444 
S0020_G6825_R2_A 0.0675998 0.0701403 0.0529121 0.0600676 0.0519755 0.0681715 0.0668536 0.0731794 0.0701758 0.0839186 0.0786464 0.0965072 0.0686116 0.0921271 0.0982793 0.0926136 0.0637962 0.0770268 0.1142730 0.0000000 0.0696969 0.0694087 0.1214400 0.0587578 0.2134639 0.0000010 0.0655383 0.0722592 0.0701758 0.0524281 0.0592981 
S0031_G6825_R1_A 0.0570400 0.0636357 0.0620746 0.0639971 0.0628827 0.0560284 0.0620459 0.0704956 0.0694148 0.0715896 0.0646183 0.1110494 0.0595322 0.0661285 0.1168418 0.1094518 0.0542862 0.0444863 0.1304731 0.0696969 0.0000000 0.0610186 0.1156953 0.0522403 0.2089589 0.0699486 0.0566758 0.0696412 0.0694148 0.0616549 0.0640934 
S0028_G6825_R1_A 0.0604091 0.0646612 0.0622647 0.0650083 0.0630811 0.0577096 0.0622559 0.0674979 0.0638345 0.0746144 0.0682527 0.1148813 0.0652010 0.0859570 0.1237741 0.1168888 0.0569720 0.0713592 0.1384224 0.0694087 0.0610186 0.0000000 0.1100381 0.0538859 0.2160424 0.0705390 0.0585783 0.0666360 0.0638345 0.0618577 0.0642801 
S0017_G6825_R1_A 0.1005817 0.1129289 0.1122662 0.1161064 0.1080589 0.1072763 0.1116524 0.1092884 0.1091778 0.1213887 0.1192565 0.1560320 0.1243165 0.1366744 0.1538335 0.1500737 0.1055353 0.1325859 0.1695719 0.1214400 0.1156953 0.1100381 0.0000000 0.1007348 0.2603737 0.1219448 0.1074533 0.1092884 0.1091778 0.1120993 0.1152885 
S0019_G6825_R1_A 0.0469331 0.0516306 0.0534662 0.0513393 0.0525926 0.0499153 0.0509415 0.0583597 0.0574221 0.0600999 0.0562870 0.1034193 0.0569837 0.0746106 0.1110144 0.1081404 0.0349412 0.0630205 0.1235236 0.0587578 0.0522403 0.0538859 0.1007348 0.0000000 0.1946605 0.0589689 0.0366345 0.0575267 0.0574221 0.0529994 0.0514160 
S0005_G6825_R1_A 0.2078478 0.2142434 0.2195799 0.2191757 0.2148194 0.1997661 0.2037924 0.2108150 0.2153637 0.2230296 0.2292091 0.2628506 0.2086900 0.2338088 0.2683925 0.2583674 0.2072400 0.2054697 0.2654826 0.2134639 0.2089589 0.2160424 0.2603737 0.1946605 0.0000000 0.2143203 0.2093171 0.2096271 0.2153637 0.2202115 0.2184809 
S0020_G6825_R3_A 0.0677401 0.0712584 0.0522086 0.0593674 0.0530023 0.0675116 0.0670792 0.0743189 0.0704309 0.0841453 0.0798958 0.0987118 0.0708529 0.0933651 0.0995471 0.0948490 0.0622591 0.0749467 0.1166901 0.0000010 0.0699486 0.0705390 0.1219448 0.0589689 0.2143203 0.0000000 0.0640037 0.0733934 0.0704309 0.0531736 0.0593073 
S0020_G6825_R4_A 0.0504447 0.0568313 0.0596202 0.0590015 0.0595737 0.0527295 0.0579356 0.0605683 0.0587228 0.0649951 0.0621189 0.1115993 0.0576105 0.0788885 0.1216198 0.1196330 0.0029651 0.0621485 0.1298174 0.0655383 0.0566758 0.0585783 0.1074533 0.0366345 0.2093171 0.0640037 0.0000000 0.0597124 0.0587228 0.0583488 0.0590921 
S0021_G6825_R3_A 0.0648343 0.0691309 0.0684491 0.0755615 0.0659734 0.0630899 0.0660666 0.0007182 0.0229388 0.0783503 0.0777917 0.1204783 0.0656022 0.0940453 0.1294537 0.1255911 0.0589154 0.0843290 0.1329888 0.0722592 0.0696412 0.0666360 0.1092884 0.0575267 0.2096271 0.0733934 0.0597124 0.0000000 0.0229388 0.0672324 0.0756774 
S0021_G6825_R4_A 0.0647396 0.0648159 0.0674034 0.0744749 0.0674601 0.0620458 0.0608325 0.0229605 0.0014329 0.0773663 0.0774713 0.1150977 0.0673434 0.0920129 0.1221234 0.1193485 0.0587791 0.0877521 0.1282985 0.0701758 0.0694148 0.0638345 0.1091778 0.0574221 0.2153637 0.0704309 0.0587228 0.0229388 0.0000000 0.0653975 0.0729358 
S0022_G6825_R3_A 0.0576825 0.0652471 0.0000010 0.0492422 0.0489393 0.0608890 0.0621492 0.0680928 0.0653975 0.0717474 0.0745233 0.1162602 0.0622873 0.0839881 0.1227540 0.1188778 0.0567489 0.0710995 0.1355743 0.0524281 0.0616549 0.0618577 0.1120993 0.0529994 0.2202115 0.0531736 0.0583488 0.0672324 0.0653975 0.0000000 0.0500463 
S0022_G6825_R4_A 0.0677307 0.0659680 0.0506446 0.0000010 0.0530635 0.0609018 0.0638383 0.0765547 0.0729358 0.0795337 0.0736051 0.1171333 0.0686530 0.0864612 0.1275529 0.1217559 0.0574934 0.0690436 0.1385444 0.0592981 0.0640934 0.0642801 0.1152885 0.0514160 0.2184809 0.0593073 0.0590921 0.0756774 0.0729358 0.0500463 0.0000000 
