29
S0046_G6848_R1_A 0.0000000 0.0942886 0.0596407 0.0761129 0.0635133 0.0632988 0.0744678 0.0766876 0.0615743 0.0762577 0.0599964 0.0787293 0.0814895 0.0774290 0.0759493 0.0842475 0.0648683 0.0936671 0.1672827 0.0801272 0.0760753 0.0582119 0.0778446 0.0580718 0.0808606 0.0897043 0.0809674 0.1065455 0.1150163 
S0017_G6848_R1_A 0.0942886 0.0000000 0.0745550 0.0835386 0.0808652 0.0730107 0.0807623 0.0911457 0.0759567 0.0811242 0.1011972 0.0917926 0.0926567 0.0914764 0.1119819 0.1206438 0.0937715 0.1155078 0.2362613 0.0915200 0.0903424 0.0840408 0.0932438 0.0833913 0.1085206 0.1212712 0.1086413 0.1452021 0.0637326 
S0028_G6848_R1_A 0.0596407 0.0745550 0.0000000 0.0475647 0.0421326 0.0395216 0.0429458 0.0540013 0.0364322 0.0484521 0.0477423 0.0530719 0.0530187 0.0512742 0.0701730 0.0786548 0.0529506 0.0736158 0.1674240 0.0521387 0.0503964 0.0385063 0.0547890 0.0387297 0.0713181 0.0827975 0.0713814 0.0978888 0.0980034 
S0016_G6848_R1_A 0.0761129 0.0835386 0.0475647 0.0000000 0.0502419 0.0450600 0.0390160 0.0524578 0.0454784 0.0548886 0.0603818 0.0560229 0.0648058 0.0621219 0.0766818 0.0851912 0.0622104 0.0690156 0.1835285 0.0639170 0.0612364 0.0468333 0.0532368 0.0460629 0.0713937 0.0924625 0.0714564 0.1107723 0.1034868 
S0030_G6848_R1_A 0.0635133 0.0808652 0.0421326 0.0502419 0.0000000 0.0396599 0.0454965 0.0565555 0.0383351 0.0467301 0.0546740 0.0555802 0.0573383 0.0591583 0.0696518 0.0779615 0.0545635 0.0685682 0.1815141 0.0564662 0.0582826 0.0466015 0.0573293 0.0458386 0.0754048 0.0850668 0.0754709 0.0978599 0.1037568 
S0020_G6848_R1_A 0.0632988 0.0730107 0.0395216 0.0450600 0.0396599 0.0000000 0.0421417 0.0504255 0.0274084 0.0406266 0.0520943 0.0449840 0.0519896 0.0511903 0.0669285 0.0751859 0.0510598 0.0713030 0.1776757 0.0511274 0.0503283 0.0370033 0.0512008 0.0372338 0.0664634 0.0791558 0.0665211 0.0948634 0.0951047 
S0004_G6848_R1_A 0.0744678 0.0807623 0.0429458 0.0390160 0.0454965 0.0421417 0.0000000 0.0451303 0.0383032 0.0501009 0.0573327 0.0546465 0.0607961 0.0581506 0.0696243 0.0779305 0.0581783 0.0667060 0.1866219 0.0599196 0.0572782 0.0482860 0.0459052 0.0474952 0.0628836 0.0897375 0.0629380 0.1018586 0.1018512 
S0031_G6848_R1_A 0.0766876 0.0911457 0.0540013 0.0524578 0.0565555 0.0504255 0.0451303 0.0000000 0.0465569 0.0595326 0.0670378 0.0660488 0.0705889 0.0678624 0.0805167 0.0853203 0.0661624 0.0756881 0.1902849 0.0696867 0.0669645 0.0560378 0.0007815 0.0559780 0.0503785 0.0968131 0.0504220 0.1111449 0.1157576 
S0019_G6848_R1_A 0.0615743 0.0759567 0.0364322 0.0454784 0.0383351 0.0274084 0.0383032 0.0465569 0.0000000 0.0401763 0.0455341 0.0411901 0.0516469 0.0472636 0.0631089 0.0713773 0.0497722 0.0692740 0.1712336 0.0507759 0.0464007 0.0374001 0.0473406 0.0367885 0.0652242 0.0760654 0.0652812 0.0927716 0.0949123 
S0011_G6848_R1_A 0.0762577 0.0811242 0.0484521 0.0548886 0.0467301 0.0406266 0.0501009 0.0595326 0.0401763 0.0000000 0.0603767 0.0478101 0.0629931 0.0629605 0.0745912 0.0830349 0.0603026 0.0773292 0.1786515 0.0621076 0.0620754 0.0450829 0.0603097 0.0443425 0.0785872 0.0881873 0.0786566 0.1034940 0.1092801 
S0026_G6848_R1_A 0.0599964 0.1011972 0.0477423 0.0603818 0.0546740 0.0520943 0.0573327 0.0670378 0.0455341 0.0603767 0.0000000 0.0660081 0.0631554 0.0623341 0.0805040 0.0871050 0.0669394 0.0850488 0.1830984 0.0622664 0.0614464 0.0577612 0.0678165 0.0567965 0.0844512 0.0935282 0.0845265 0.1107444 0.1164389 
S0002_G6848_R1_A 0.0787293 0.0917926 0.0530719 0.0560229 0.0555802 0.0449840 0.0546465 0.0660488 0.0411901 0.0478101 0.0660081 0.0000000 0.0658734 0.0659454 0.0804430 0.0890268 0.0632951 0.0793951 0.1886671 0.0649808 0.0650518 0.0469813 0.0668268 0.0462061 0.0816748 0.0915942 0.0817474 0.1079048 0.1105980 
S0021_G6848_R1_A 0.0814895 0.0926567 0.0530187 0.0648058 0.0573383 0.0519896 0.0607961 0.0705889 0.0516469 0.0629931 0.0631554 0.0658734 0.0000000 0.0174405 0.0805744 0.0882586 0.0725400 0.0898545 0.1945920 0.0007751 0.0182456 0.0585346 0.0695646 0.0575582 0.0834220 0.1025796 0.0834962 0.1122728 0.1157730 
S0021_G6848_R2_A 0.0774290 0.0914764 0.0512742 0.0621219 0.0591583 0.0511903 0.0581506 0.0678624 0.0472636 0.0629605 0.0623341 0.0659454 0.0174405 0.0000000 0.0815817 0.0902090 0.0716912 0.0908993 0.1918568 0.0182456 0.0007748 0.0549505 0.0686399 0.0540369 0.0845527 0.1017218 0.0846282 0.1136958 0.1167357 
S0048_G6848_R1_A 0.0759493 0.1119819 0.0701730 0.0766818 0.0696518 0.0669285 0.0696243 0.0805167 0.0631089 0.0745912 0.0805040 0.0804430 0.0805744 0.0815817 0.0000000 0.0117837 0.0816092 0.1000970 0.2139170 0.0796576 0.0806625 0.0666543 0.0812883 0.0664664 0.0994039 0.0840838 0.0994937 0.1118178 0.1239684 
S0050_G6848_R1_A 0.0842475 0.1206438 0.0786548 0.0851912 0.0779615 0.0751859 0.0779305 0.0853203 0.0713773 0.0830349 0.0871050 0.0890268 0.0882586 0.0902090 0.0117837 0.0000000 0.0856211 0.1081388 0.2220897 0.0873274 0.0892741 0.0760594 0.0860915 0.0747680 0.1044559 0.0919552 0.1045508 0.1170609 0.1323458 
S0022_G6848_R1_A 0.0648683 0.0937715 0.0529506 0.0622104 0.0545635 0.0510598 0.0581783 0.0661624 0.0497722 0.0603026 0.0669394 0.0632951 0.0725400 0.0716912 0.0816092 0.0856211 0.0000000 0.0775821 0.1876653 0.0716223 0.0707739 0.0538839 0.0669518 0.0529787 0.0857324 0.0941311 0.0858100 0.1091125 0.1174405 
S0037_G6848_R1_A 0.0936671 0.1155078 0.0736158 0.0690156 0.0685682 0.0713030 0.0667060 0.0756881 0.0692740 0.0773292 0.0850488 0.0793951 0.0898545 0.0908993 0.1000970 0.1081388 0.0775821 0.0000000 0.2109233 0.0889144 0.0899565 0.0729069 0.0764682 0.0716633 0.0916826 0.1220560 0.0917654 0.1307511 0.1309036 
S0005_G6848_R1_A 0.1672827 0.2362613 0.1674240 0.1835285 0.1815141 0.1776757 0.1866219 0.1902849 0.1712336 0.1786515 0.1830984 0.1886671 0.1945920 0.1918568 0.2139170 0.2220897 0.1876653 0.2109233 0.0000000 0.1934182 0.1906897 0.1837653 0.1903252 0.1812645 0.2108991 0.2200612 0.2111215 0.2503928 0.2493652 
S0021_G6848_R3_A 0.0801272 0.0915200 0.0521387 0.0639170 0.0564662 0.0511274 0.0599196 0.0696867 0.0507759 0.0621076 0.0622664 0.0649808 0.0007751 0.0182456 0.0796576 0.0873274 0.0716223 0.0889144 0.1934182 0.0000000 0.0174401 0.0576434 0.0686654 0.0566826 0.0825096 0.1016002 0.0825830 0.1112800 0.1167586 
S0021_G6848_R4_A 0.0760753 0.0903424 0.0503964 0.0612364 0.0582826 0.0503283 0.0572782 0.0669645 0.0464007 0.0620754 0.0614464 0.0650518 0.0182456 0.0007748 0.0806625 0.0892741 0.0707739 0.0899565 0.1906897 0.0174401 0.0000000 0.0540650 0.0677424 0.0531668 0.0836365 0.1007427 0.0837111 0.1126972 0.1177226 
S0036_G6848_R2_A 0.0582119 0.0840408 0.0385063 0.0468333 0.0466015 0.0370033 0.0482860 0.0560378 0.0374001 0.0450829 0.0577612 0.0469813 0.0585346 0.0549505 0.0666543 0.0760594 0.0538839 0.0729069 0.1837653 0.0576434 0.0540650 0.0000000 0.0568283 0.0000010 0.0743711 0.0870048 0.0743711 0.0999610 0.1031208 
S0031_G6848_R2_A 0.0778446 0.0932438 0.0547890 0.0532368 0.0573293 0.0512008 0.0459052 0.0007815 0.0473406 0.0603097 0.0678165 0.0668268 0.0695646 0.0686399 0.0812883 0.0860915 0.0669518 0.0764682 0.1903252 0.0686654 0.0677424 0.0568283 0.0000000 0.0567560 0.0511532 0.0976025 0.0511973 0.1108175 0.1176162 
S0036_G6848_R1_A 0.0580718 0.0833913 0.0387297 0.0460629 0.0458386 0.0372338 0.0474952 0.0559780 0.0367885 0.0443425 0.0567965 0.0462061 0.0575582 0.0540369 0.0664664 0.0747680 0.0529787 0.0716633 0.1812645 0.0566826 0.0531668 0.0000010 0.0567560 0.0000000 0.0731221 0.0854729 0.0731864 0.0981786 0.1022472 
S0018_G6848_R1_A 0.0808606 0.1085206 0.0713181 0.0713937 0.0754048 0.0664634 0.0628836 0.0503785 0.0652242 0.0785872 0.0844512 0.0816748 0.0834220 0.0845527 0.0994039 0.1044559 0.0857324 0.0916826 0.2108991 0.0825096 0.0836365 0.0743711 0.0511532 0.0731221 0.0000000 0.1173747 0.0000010 0.1310469 0.1326516 
S0013_G6848_R1_A 0.0897043 0.1212712 0.0827975 0.0924625 0.0850668 0.0791558 0.0897375 0.0968131 0.0760654 0.0881873 0.0935282 0.0915942 0.1025796 0.1017218 0.0840838 0.0919552 0.0941311 0.1220560 0.2200612 0.1016002 0.1007427 0.0870048 0.0976025 0.0854729 0.1173747 0.0000000 0.1174854 0.1236045 0.1365955 
S0018_G6848_R2_A 0.0809674 0.1086413 0.0713814 0.0714564 0.0754709 0.0665211 0.0629380 0.0504220 0.0652812 0.0786566 0.0845265 0.0817474 0.0834962 0.0846282 0.0994937 0.1045508 0.0858100 0.0917654 0.2111215 0.0825830 0.0837111 0.0743711 0.0511973 0.0731864 0.0000010 0.1174854 0.0000000 0.1311722 0.1327765 
S0012_G6848_R1_A 0.1065455 0.1452021 0.0978888 0.1107723 0.0978599 0.0948634 0.1018586 0.1111449 0.0927716 0.1034940 0.1107444 0.1079048 0.1122728 0.1136958 0.1118178 0.1170609 0.1091125 0.1307511 0.2503928 0.1112800 0.1126972 0.0999610 0.1108175 0.0981786 0.1310469 0.1236045 0.1311722 0.0000000 0.1627268 
S0017_G6848_R2_A 0.1150163 0.0637326 0.0980034 0.1034868 0.1037568 0.0951047 0.1018512 0.1157576 0.0949123 0.1092801 0.1164389 0.1105980 0.1157730 0.1167357 0.1239684 0.1323458 0.1174405 0.1309036 0.2493652 0.1167586 0.1177226 0.1031208 0.1176162 0.1022472 0.1326516 0.1365955 0.1327765 0.1627268 0.0000000 
