23
S0021_G6860_R1_A 0.0000000 0.0182712 0.0613377 0.0565850 0.0729530 0.0641279 0.0654248 0.0688336 0.0688674 0.0731199 0.0669605 0.0660699 0.0692325 0.0771445 0.0920647 0.0758477 0.0793047 0.0805041 0.0815018 0.0942214 0.1670199 0.0664607 0.0993820 
S0021_G6860_R2_A 0.0182712 0.0000000 0.0657803 0.0609606 0.0757299 0.0685595 0.0676928 0.0738561 0.0728132 0.0782277 0.0714433 0.0678479 0.0742856 0.0811381 0.0956471 0.0792885 0.0839976 0.0840713 0.0856345 0.0984058 0.1736718 0.0711067 0.1018418 
S0026_G6860_R1_A 0.0613377 0.0657803 0.0000000 0.0616231 0.0720670 0.0642660 0.0693830 0.0711483 0.0667318 0.0749437 0.0715680 0.0644751 0.0711764 0.0789301 0.0927289 0.0753989 0.0793650 0.0795001 0.0804644 0.0947119 0.1699693 0.0695873 0.0999585 
S0028_G6860_R1_A 0.0565850 0.0609606 0.0616231 0.0000000 0.0645140 0.0590501 0.0603072 0.0641197 0.0618801 0.0677486 0.0644099 0.0586319 0.0662353 0.0717439 0.0897982 0.0710477 0.0724448 0.0760307 0.0742580 0.0878197 0.1655043 0.0634268 0.0934239 
S0004_G6860_R1_A 0.0729530 0.0757299 0.0720670 0.0645140 0.0000000 0.0589709 0.0575685 0.0650421 0.0639237 0.0676425 0.0637998 0.0503698 0.0645528 0.0759860 0.0722499 0.0594191 0.0723340 0.0742513 0.0719358 0.0734021 0.1798296 0.0622722 0.0951286 
S0022_G6860_R1_A 0.0641279 0.0685595 0.0642660 0.0590501 0.0589709 0.0000000 0.0494042 0.0584864 0.0573481 0.0598834 0.0572136 0.0541551 0.0573264 0.0644000 0.0808334 0.0643319 0.0628534 0.0651743 0.0640191 0.0829464 0.1723306 0.0522277 0.0891390 
S0030_G6860_R1_A 0.0654248 0.0676928 0.0693830 0.0603072 0.0575685 0.0494042 0.0000000 0.0607956 0.0607035 0.0622420 0.0595369 0.0548636 0.0645455 0.0689368 0.0811731 0.0640245 0.0663640 0.0658370 0.0646952 0.0827154 0.1743067 0.0551294 0.0865484 
S0011_G6860_R1_A 0.0688336 0.0738561 0.0711483 0.0641197 0.0650421 0.0584864 0.0607956 0.0000000 0.0397836 0.0417664 0.0365551 0.0607963 0.0639586 0.0668121 0.0862723 0.0716381 0.0474422 0.0720802 0.0714240 0.0882526 0.1769252 0.0594715 0.0957618 
S0036_G6860_R1_A 0.0688674 0.0728132 0.0667318 0.0618801 0.0639237 0.0573481 0.0607035 0.0397836 0.0000000 0.0437139 0.0405248 0.0597323 0.0640313 0.0668216 0.0870962 0.0717339 0.0506256 0.0738587 0.0737412 0.0908760 0.1756809 0.0599458 0.0948295 
S0019_G6860_R1_A 0.0731199 0.0782277 0.0749437 0.0677486 0.0676425 0.0598834 0.0622420 0.0417664 0.0437139 0.0000000 0.0345887 0.0650707 0.0660496 0.0732160 0.0896494 0.0742068 0.0548720 0.0724365 0.0740477 0.0900486 0.1819945 0.0626264 0.0970980 
S0020_G6860_R1_A 0.0669605 0.0714433 0.0715680 0.0644099 0.0637998 0.0572136 0.0595369 0.0365551 0.0405248 0.0345887 0.0000000 0.0601033 0.0616410 0.0676844 0.0827198 0.0682163 0.0483112 0.0707296 0.0711973 0.0860422 0.1768617 0.0587013 0.0923571 
S0016_G6860_R1_A 0.0660699 0.0678479 0.0644751 0.0586319 0.0503698 0.0541551 0.0548636 0.0607963 0.0597323 0.0650707 0.0601033 0.0000000 0.0586097 0.0713957 0.0691099 0.0550607 0.0675141 0.0688275 0.0670563 0.0738114 0.1713000 0.0556423 0.0859588 
S0046_G6860_R1_A 0.0692325 0.0742856 0.0711764 0.0662353 0.0645528 0.0573264 0.0645455 0.0639586 0.0640313 0.0660496 0.0616410 0.0586097 0.0000000 0.0721960 0.0878392 0.0700794 0.0731410 0.0749152 0.0747701 0.0920226 0.1757849 0.0656545 0.0969788 
S0017_G6860_R1_A 0.0771445 0.0811381 0.0789301 0.0717439 0.0759860 0.0644000 0.0689368 0.0668121 0.0668216 0.0732160 0.0676844 0.0713957 0.0721960 0.0000000 0.0968208 0.0811510 0.0752847 0.0793753 0.0815467 0.0998442 0.1798860 0.0667490 0.1039169 
S0018_G6860_R1_A 0.0920647 0.0956471 0.0927289 0.0897982 0.0722499 0.0808334 0.0811731 0.0862723 0.0870962 0.0896494 0.0827198 0.0691099 0.0878392 0.0968208 0.0000000 0.0352730 0.0952534 0.0925883 0.0898557 0.0894465 0.1983043 0.0816264 0.1151941 
S0031_G6860_R1_A 0.0758477 0.0792885 0.0753989 0.0710477 0.0594191 0.0643319 0.0640245 0.0716381 0.0717339 0.0742068 0.0682163 0.0550607 0.0700794 0.0811510 0.0352730 0.0000000 0.0787311 0.0754386 0.0742004 0.0756818 0.1814752 0.0667934 0.0972424 
S0002_G6860_R1_A 0.0793047 0.0839976 0.0793650 0.0724448 0.0723340 0.0628534 0.0663640 0.0474422 0.0506256 0.0548720 0.0483112 0.0675141 0.0731410 0.0752847 0.0952534 0.0787311 0.0000000 0.0787704 0.0803056 0.0979054 0.1877145 0.0675426 0.1045644 
S0048_G6860_R1_A 0.0805041 0.0840713 0.0795001 0.0760307 0.0742513 0.0651743 0.0658370 0.0720802 0.0738587 0.0724365 0.0707296 0.0688275 0.0749152 0.0793753 0.0925883 0.0754386 0.0787704 0.0000000 0.0125465 0.0958249 0.1849044 0.0571425 0.0949911 
S0050_G6860_R1_A 0.0815018 0.0856345 0.0804644 0.0742580 0.0719358 0.0640191 0.0646952 0.0714240 0.0737412 0.0740477 0.0711973 0.0670563 0.0747701 0.0815467 0.0898557 0.0742004 0.0803056 0.0125465 0.0000000 0.0943473 0.1846063 0.0571831 0.0946000 
S0037_G6860_R1_A 0.0942214 0.0984058 0.0947119 0.0878197 0.0734021 0.0829464 0.0827154 0.0882526 0.0908760 0.0900486 0.0860422 0.0738114 0.0920226 0.0998442 0.0894465 0.0756818 0.0979054 0.0958249 0.0943473 0.0000000 0.1971256 0.0843735 0.1141989 
S0005_G6860_R1_A 0.1670199 0.1736718 0.1699693 0.1655043 0.1798296 0.1723306 0.1743067 0.1769252 0.1756809 0.1819945 0.1768617 0.1713000 0.1757849 0.1798860 0.1983043 0.1814752 0.1877145 0.1849044 0.1846063 0.1971256 0.0000000 0.1722391 0.2122944 
S0013_G6860_R1_A 0.0664607 0.0711067 0.0695873 0.0634268 0.0622722 0.0522277 0.0551294 0.0594715 0.0599458 0.0626264 0.0587013 0.0556423 0.0656545 0.0667490 0.0816264 0.0667934 0.0675426 0.0571425 0.0571831 0.0843735 0.1722391 0.0000000 0.0877913 
S0012_G6860_R1_A 0.0993820 0.1018418 0.0999585 0.0934239 0.0951286 0.0891390 0.0865484 0.0957618 0.0948295 0.0970980 0.0923571 0.0859588 0.0969788 0.1039169 0.1151941 0.0972424 0.1045644 0.0949911 0.0946000 0.1141989 0.2122944 0.0877913 0.0000000 
