22
S0050_G6883_R1_A 0.0000000 0.1101385 0.0853771 0.0884715 0.0824589 0.0733226 0.2136233 0.1208546 0.0795162 0.0723692 0.0943062 0.0883115 0.0774720 0.0886377 0.0930258 0.0907481 0.1067953 0.0168672 0.0928720 0.0850355 0.0881368 0.1328965 
S0017_G6883_R1_A 0.1101385 0.0000000 0.1008581 0.1024613 0.0902532 0.0920053 0.2194664 0.1342209 0.0893497 0.0846887 0.1053049 0.1010654 0.0897641 0.0947973 0.1089726 0.1064109 0.1207925 0.1102903 0.1099755 0.1008029 0.1050227 0.1526214 
S0022_G6883_R1_A 0.0853771 0.1008581 0.0000000 0.0772053 0.0706132 0.0666392 0.2099874 0.1120652 0.0704874 0.0646135 0.0823610 0.0737281 0.0676338 0.0753046 0.0797784 0.0833028 0.0956246 0.0837351 0.0874894 0.0790427 0.0763986 0.1306766 
S0046_G6883_R1_A 0.0884715 0.1024613 0.0772053 0.0000000 0.0715173 0.0590284 0.2042345 0.1136453 0.0645200 0.0655720 0.0824598 0.0733150 0.0605770 0.0736957 0.0789204 0.0796512 0.0988252 0.0862533 0.0826286 0.0734750 0.0798855 0.1305867 
S0016_G6883_R1_A 0.0824589 0.0902532 0.0706132 0.0715173 0.0000000 0.0619391 0.2096965 0.1008058 0.0570479 0.0581476 0.0720898 0.0637266 0.0597967 0.0698768 0.0755430 0.0744218 0.0871412 0.0805559 0.0824220 0.0676021 0.0676088 0.1209525 
S0020_G6883_R1_A 0.0733226 0.0920053 0.0666392 0.0590284 0.0619391 0.0000000 0.2016674 0.1046193 0.0593018 0.0566196 0.0731950 0.0642234 0.0367763 0.0664949 0.0709652 0.0716412 0.0881777 0.0727593 0.0726257 0.0687236 0.0737205 0.1232747 
S0005_G6883_R1_A 0.2136233 0.2194664 0.2099874 0.2042345 0.2096965 0.2016674 0.0000000 0.2666664 0.2083978 0.1940882 0.2292094 0.2142670 0.2038725 0.2093049 0.1992039 0.1962138 0.2327711 0.2089851 0.2279571 0.1764100 0.2155022 0.2382952 
S0018_G6883_R1_A 0.1208546 0.1342209 0.1120652 0.1136453 0.1008058 0.1046193 0.2666664 0.0000000 0.0983621 0.0938933 0.1145402 0.0979792 0.1029456 0.1128062 0.1201342 0.1222436 0.1025038 0.1135967 0.1249782 0.1149327 0.0576700 0.1542547 
S0036_G6883_R1_A 0.0795162 0.0893497 0.0704874 0.0645200 0.0570479 0.0593018 0.2083978 0.0983621 0.0000000 0.0559618 0.0603546 0.0699444 0.0577709 0.0653424 0.0728647 0.0747916 0.0923624 0.0758677 0.0765393 0.0693592 0.0699638 0.1127740 
S0030_G6883_R1_A 0.0723692 0.0846887 0.0646135 0.0655720 0.0581476 0.0566196 0.1940882 0.0938933 0.0559618 0.0000000 0.0676058 0.0716673 0.0599403 0.0655117 0.0739681 0.0745074 0.0835749 0.0717635 0.0799621 0.0689688 0.0673756 0.1119050 
S0002_G6883_R1_A 0.0943062 0.1053049 0.0823610 0.0824598 0.0720898 0.0731950 0.2292094 0.1145402 0.0603546 0.0676058 0.0000000 0.0824358 0.0735308 0.0826804 0.0885370 0.0855524 0.0961745 0.0917401 0.0902999 0.0838513 0.0829387 0.1332280 
S0004_G6883_R1_A 0.0883115 0.1010654 0.0737281 0.0733150 0.0637266 0.0642234 0.2142670 0.0979792 0.0699444 0.0716673 0.0824358 0.0000000 0.0658265 0.0741580 0.0877963 0.0860474 0.0897841 0.0858940 0.0882211 0.0785657 0.0701525 0.1299596 
S0019_G6883_R1_A 0.0774720 0.0897641 0.0676338 0.0605770 0.0597967 0.0367763 0.2038725 0.1029456 0.0577709 0.0599403 0.0735308 0.0658265 0.0000000 0.0643719 0.0725943 0.0701040 0.0886882 0.0749510 0.0755336 0.0665374 0.0696787 0.1151458 
S0011_G6883_R1_A 0.0886377 0.0947973 0.0753046 0.0736957 0.0698768 0.0664949 0.2093049 0.1128062 0.0653424 0.0655117 0.0826804 0.0741580 0.0643719 0.0000000 0.0822642 0.0823703 0.0995640 0.0870692 0.0866739 0.0781011 0.0800645 0.1276510 
S0028_G6883_R1_A 0.0930258 0.1089726 0.0797784 0.0789204 0.0755430 0.0709652 0.1992039 0.1201342 0.0728647 0.0739681 0.0885370 0.0877963 0.0725943 0.0822642 0.0000000 0.0737532 0.1093596 0.0907622 0.0925978 0.0670408 0.0890234 0.1395096 
S0021_G6883_R1_A 0.0907481 0.1064109 0.0833028 0.0796512 0.0744218 0.0716412 0.1962138 0.1222436 0.0747916 0.0745074 0.0855524 0.0860474 0.0701040 0.0823703 0.0737532 0.0000000 0.1052990 0.0925453 0.0909341 0.0653079 0.0893758 0.1344233 
S0037_G6883_R1_A 0.1067953 0.1207925 0.0956246 0.0988252 0.0871412 0.0881777 0.2327711 0.1025038 0.0923624 0.0835749 0.0961745 0.0897841 0.0886882 0.0995640 0.1093596 0.1052990 0.0000000 0.1053523 0.1144362 0.1044465 0.0699329 0.1566611 
S0048_G6883_R1_A 0.0168672 0.1102903 0.0837351 0.0862533 0.0805559 0.0727593 0.2089851 0.1135967 0.0758677 0.0717635 0.0917401 0.0858940 0.0749510 0.0870692 0.0907622 0.0925453 0.1053523 0.0000000 0.0872218 0.0833747 0.0812413 0.1326155 
S0013_G6883_R1_A 0.0928720 0.1099755 0.0874894 0.0826286 0.0824220 0.0726257 0.2279571 0.1249782 0.0765393 0.0799621 0.0902999 0.0882211 0.0755336 0.0866739 0.0925978 0.0909341 0.1144362 0.0872218 0.0000000 0.0839402 0.0878692 0.1336616 
S0026_G6883_R1_A 0.0850355 0.1008029 0.0790427 0.0734750 0.0676021 0.0687236 0.1764100 0.1149327 0.0693592 0.0689688 0.0838513 0.0785657 0.0665374 0.0781011 0.0670408 0.0653079 0.1044465 0.0833747 0.0839402 0.0000000 0.0805100 0.1338498 
S0031_G6883_R1_A 0.0881368 0.1050227 0.0763986 0.0798855 0.0676088 0.0737205 0.2155022 0.0576700 0.0699638 0.0673756 0.0829387 0.0701525 0.0696787 0.0800645 0.0890234 0.0893758 0.0699329 0.0812413 0.0878692 0.0805100 0.0000000 0.1294620 
S0012_G6883_R1_A 0.1328965 0.1526214 0.1306766 0.1305867 0.1209525 0.1232747 0.2382952 0.1542547 0.1127740 0.1119050 0.1332280 0.1299596 0.1151458 0.1276510 0.1395096 0.1344233 0.1566611 0.1326155 0.1336616 0.1338498 0.1294620 0.0000000 
