23
S0026_G6914_R1_A 0.0000000 0.0638984 0.0703710 0.0875524 0.0776144 0.0807045 0.0645491 0.0797598 0.0843894 0.0723684 0.0734270 0.0860207 0.0833876 0.0715688 0.0712138 0.0771541 0.2131730 0.0691370 0.0750314 0.1071108 0.0839692 0.1785241 0.0745699 
S0020_G6914_R1_A 0.0638984 0.0000000 0.0528964 0.0784194 0.0675619 0.0705045 0.0596340 0.0640911 0.0752015 0.0603313 0.0631028 0.0730059 0.0709654 0.0725426 0.0709486 0.0651549 0.2053778 0.0611612 0.0573059 0.0968324 0.0712612 0.1697653 0.0649009 
S0011_G6914_R1_A 0.0703710 0.0528964 0.0000000 0.0819755 0.0723275 0.0686746 0.0644061 0.0717947 0.0770130 0.0639906 0.0660448 0.0801776 0.0782205 0.0768071 0.0762516 0.0694629 0.2208636 0.0617243 0.0608380 0.0939182 0.0735258 0.1705719 0.0684829 
S0018_G6914_R1_A 0.0875524 0.0784194 0.0819755 0.0000000 0.0475722 0.0939283 0.0859072 0.0874447 0.0963663 0.0845971 0.0888807 0.0978333 0.0938347 0.0961140 0.0986991 0.0810813 0.2486008 0.0819890 0.0918281 0.1192737 0.0885744 0.1762567 0.0699672 
S0031_G6914_R1_A 0.0776144 0.0675619 0.0723275 0.0475722 0.0000000 0.0833273 0.0784054 0.0812001 0.0893315 0.0748011 0.0794765 0.0884153 0.0863689 0.0894975 0.0915850 0.0777543 0.2328203 0.0737411 0.0812798 0.1134952 0.0848257 0.1759973 0.0663357 
S0002_G6914_R1_A 0.0807045 0.0705045 0.0686746 0.0939283 0.0833273 0.0000000 0.0765111 0.0828612 0.0894650 0.0803567 0.0788027 0.0886419 0.0872160 0.0895133 0.0922151 0.0826994 0.2249217 0.0673410 0.0720644 0.1199219 0.0860092 0.1936578 0.0806267 
S0028_G6914_R1_A 0.0645491 0.0596340 0.0644061 0.0859072 0.0784054 0.0765111 0.0000000 0.0724937 0.0783127 0.0704780 0.0637639 0.0805063 0.0773697 0.0712040 0.0692226 0.0696176 0.2107540 0.0630023 0.0701940 0.1034846 0.0742711 0.1692627 0.0720636 
S0013_G6914_R1_A 0.0797598 0.0640911 0.0717947 0.0874447 0.0812001 0.0828612 0.0724937 0.0000000 0.0866504 0.0726165 0.0754688 0.0776306 0.0732385 0.0897634 0.0863271 0.0720824 0.2223812 0.0800821 0.0801094 0.1040697 0.0801350 0.1848025 0.0778004 
S0017_G6914_R1_A 0.0843894 0.0752015 0.0770130 0.0963663 0.0893315 0.0894650 0.0783127 0.0866504 0.0000000 0.0820029 0.0814460 0.0923095 0.0908167 0.0913501 0.0896873 0.0841299 0.2310508 0.0826840 0.0886294 0.1143918 0.0886502 0.1799598 0.0835939 
S0046_G6914_R1_A 0.0723684 0.0603313 0.0639906 0.0845971 0.0748011 0.0803567 0.0704780 0.0726165 0.0820029 0.0000000 0.0733398 0.0840801 0.0815519 0.0818562 0.0806979 0.0708894 0.2272634 0.0692881 0.0733285 0.1053159 0.0824975 0.1768251 0.0721057 
S0022_G6914_R1_A 0.0734270 0.0631028 0.0660448 0.0888807 0.0794765 0.0788027 0.0637639 0.0754688 0.0814460 0.0733398 0.0000000 0.0841611 0.0821969 0.0793158 0.0776463 0.0762391 0.2170003 0.0709495 0.0757007 0.1094402 0.0876083 0.1841435 0.0778813 
S0048_G6914_R1_A 0.0860207 0.0730059 0.0801776 0.0978333 0.0884153 0.0886419 0.0805063 0.0776306 0.0923095 0.0840801 0.0841611 0.0000000 0.0187910 0.0993487 0.0969850 0.0805029 0.2320771 0.0763667 0.0813456 0.1078156 0.0833392 0.1945324 0.0855401 
S0050_G6914_R1_A 0.0833876 0.0709654 0.0782205 0.0938347 0.0863689 0.0872160 0.0773697 0.0732385 0.0908167 0.0815519 0.0821969 0.0187910 0.0000000 0.0966448 0.0949709 0.0770485 0.2351381 0.0735589 0.0779216 0.1026216 0.0802727 0.1942402 0.0853566 
S0021_G6914_R1_A 0.0715688 0.0725426 0.0768071 0.0961140 0.0894975 0.0895133 0.0712040 0.0897634 0.0913501 0.0818562 0.0793158 0.0993487 0.0966448 0.0000000 0.0293050 0.0854891 0.2181420 0.0755583 0.0846125 0.1201817 0.0938937 0.1736778 0.0852949 
S0021_G6914_R2_A 0.0712138 0.0709486 0.0762516 0.0986991 0.0915850 0.0922151 0.0692226 0.0863271 0.0896873 0.0806979 0.0776463 0.0969850 0.0949709 0.0293050 0.0000000 0.0846660 0.2218400 0.0764618 0.0845635 0.1175225 0.0948710 0.1910970 0.0875756 
S0016_G6914_R1_A 0.0771541 0.0651549 0.0694629 0.0810813 0.0777543 0.0826994 0.0696176 0.0720824 0.0841299 0.0708894 0.0762391 0.0805029 0.0770485 0.0854891 0.0846660 0.0000000 0.2247503 0.0706085 0.0784770 0.1009131 0.0770498 0.1805740 0.0743791 
S0005_G6914_R1_A 0.2131730 0.2053778 0.2208636 0.2486008 0.2328203 0.2249217 0.2107540 0.2223812 0.2310508 0.2272634 0.2170003 0.2320771 0.2351381 0.2181420 0.2218400 0.2247503 0.0000000 0.2209927 0.2131848 0.2507893 0.2275201 0.3447840 0.2245142 
S0030_G6914_R1_A 0.0691370 0.0611612 0.0617243 0.0819890 0.0737411 0.0673410 0.0630023 0.0800821 0.0826840 0.0692881 0.0709495 0.0763667 0.0735589 0.0755583 0.0764618 0.0706085 0.2209927 0.0000000 0.0740997 0.1008538 0.0716298 0.1891261 0.0741309 
S0036_G6914_R1_A 0.0750314 0.0573059 0.0608380 0.0918281 0.0812798 0.0720644 0.0701940 0.0801094 0.0886294 0.0733285 0.0757007 0.0813456 0.0779216 0.0846125 0.0845635 0.0784770 0.2131848 0.0740997 0.0000000 0.1082385 0.0656105 0.2011236 0.0740325 
S0012_G6914_R1_A 0.1071108 0.0968324 0.0939182 0.1192737 0.1134952 0.1199219 0.1034846 0.1040697 0.1143918 0.1053159 0.1094402 0.1078156 0.1026216 0.1201817 0.1175225 0.1009131 0.2507893 0.1008538 0.1082385 0.0000000 0.1123085 0.2010950 0.1059551 
S0019_G6914_R1_A 0.0839692 0.0712612 0.0735258 0.0885744 0.0848257 0.0860092 0.0742711 0.0801350 0.0886502 0.0824975 0.0876083 0.0833392 0.0802727 0.0938937 0.0948710 0.0770498 0.2275201 0.0716298 0.0656105 0.1123085 0.0000000 0.1408163 0.0789325 
S0037_G6914_R1_A 0.1785241 0.1697653 0.1705719 0.1762567 0.1759973 0.1936578 0.1692627 0.1848025 0.1799598 0.1768251 0.1841435 0.1945324 0.1942402 0.1736778 0.1910970 0.1805740 0.3447840 0.1891261 0.2011236 0.2010950 0.1408163 0.0000000 0.1614058 
S0004_G6914_R1_A 0.0745699 0.0649009 0.0684829 0.0699672 0.0663357 0.0806267 0.0720636 0.0778004 0.0835939 0.0721057 0.0778813 0.0855401 0.0853566 0.0852949 0.0875756 0.0743791 0.2245142 0.0741309 0.0740325 0.1059551 0.0789325 0.1614058 0.0000000 
