23
S0022_G6955_R1_A 0.0000000 0.1118515 0.0809674 0.1090054 0.1006176 0.1073791 0.1036100 0.1091394 0.3132980 0.1074609 0.1017486 0.1110388 0.1119566 0.1171487 0.1044617 0.1053835 0.1072663 0.1279943 0.1259307 0.1376998 0.1367561 0.1661940 0.1166795 
S0037_G6955_R1_A 0.1118515 0.0000000 0.1256256 0.1469124 0.1343714 0.1365239 0.1349450 0.1440382 0.3452459 0.1398576 0.1400739 0.1395463 0.1473546 0.1268276 0.1198772 0.1395127 0.1527567 0.1736999 0.1622494 0.1746641 0.1764764 0.2027641 0.1593838 
S0030_G6955_R1_A 0.0809674 0.1256256 0.0000000 0.0977083 0.0911877 0.1058611 0.1027083 0.1108451 0.3306965 0.1103815 0.1098275 0.1144103 0.1134659 0.1237862 0.1186790 0.1061067 0.1095034 0.1281772 0.1309125 0.1358522 0.1413746 0.1660136 0.1290601 
S0021_G6955_R1_A 0.1090054 0.1469124 0.0977083 0.0000000 0.0430105 0.1091573 0.1129124 0.1189162 0.2969400 0.1131754 0.1149640 0.1172688 0.1013825 0.1260180 0.1241464 0.1228042 0.1220590 0.1505250 0.1365670 0.1358850 0.1402820 0.1738858 0.1273730 
S0021_G6955_R2_A 0.1006176 0.1343714 0.0911877 0.0430105 0.0000000 0.1016254 0.1004605 0.1074073 0.2932631 0.1002637 0.1051712 0.1091307 0.0910428 0.1199978 0.1198267 0.1148813 0.1096452 0.1427139 0.1283390 0.1364746 0.1381495 0.1572433 0.1159270 
S0011_G6955_R1_A 0.1073791 0.1365239 0.1058611 0.1091573 0.1016254 0.0000000 0.0935667 0.1122819 0.3461273 0.1131080 0.1129915 0.1224181 0.1242071 0.1235731 0.1178562 0.1146200 0.1008966 0.1442141 0.1246354 0.1485527 0.1471344 0.1623863 0.1284048 
S0002_G6955_R1_A 0.1036100 0.1349450 0.1027083 0.1129124 0.1004605 0.0935667 0.0000000 0.1112172 0.3329172 0.1104008 0.0995289 0.0994121 0.1014465 0.1034244 0.1042493 0.0990435 0.0831033 0.1378591 0.1195354 0.1363887 0.1325970 0.1584663 0.1085408 
S0046_G6955_R1_A 0.1091394 0.1440382 0.1108451 0.1189162 0.1074073 0.1122819 0.1112172 0.0000000 0.3380995 0.1169377 0.1107357 0.1306020 0.1242796 0.1339176 0.1291663 0.1243278 0.1244231 0.1499587 0.1354815 0.1453092 0.1401525 0.1792541 0.1317297 
S0005_G6955_R1_A 0.3132980 0.3452459 0.3306965 0.2969400 0.2932631 0.3461273 0.3329172 0.3380995 0.0000000 0.3248219 0.3262469 0.3204665 0.2993151 0.3280886 0.3202877 0.3085745 0.3346334 0.3771618 0.3434580 0.3513631 0.3688799 0.3742020 0.3238576 
S0028_G6955_R1_A 0.1074609 0.1398576 0.1103815 0.1131754 0.1002637 0.1131080 0.1104008 0.1169377 0.3248219 0.0000000 0.1171324 0.1090494 0.1181163 0.1233653 0.1138695 0.1096919 0.1220598 0.1288392 0.1229095 0.1440746 0.1375227 0.1763030 0.1275182 
S0020_G6955_R1_A 0.1017486 0.1400739 0.1098275 0.1149640 0.1051712 0.1129915 0.0995289 0.1107357 0.3262469 0.1171324 0.0000000 0.1125844 0.1074532 0.1155798 0.1134205 0.1115608 0.0963368 0.1418959 0.1326801 0.1439135 0.1439530 0.1737885 0.1129932 
S0016_G6955_R1_A 0.1110388 0.1395463 0.1144103 0.1172688 0.1091307 0.1224181 0.0994121 0.1306020 0.3204665 0.1090494 0.1125844 0.0000000 0.0983201 0.0996207 0.0940715 0.0849010 0.1078496 0.1385145 0.1353361 0.1471313 0.1436297 0.1716453 0.1274869 
S0026_G6955_R1_A 0.1119566 0.1473546 0.1134659 0.1013825 0.0910428 0.1242071 0.1014465 0.1242796 0.2993151 0.1181163 0.1074532 0.0983201 0.0000000 0.1162741 0.1089608 0.1028387 0.1012787 0.1447370 0.1244922 0.1427178 0.1431972 0.1643101 0.1184355 
S0018_G6955_R1_A 0.1171487 0.1268276 0.1237862 0.1260180 0.1199978 0.1235731 0.1034244 0.1339176 0.3280886 0.1233653 0.1155798 0.0996207 0.1162741 0.0000000 0.0548331 0.0963250 0.1153653 0.1540824 0.1341533 0.1495435 0.1447227 0.1768870 0.1288538 
S0031_G6955_R1_A 0.1044617 0.1198772 0.1186790 0.1241464 0.1198267 0.1178562 0.1042493 0.1291663 0.3202877 0.1138695 0.1134205 0.0940715 0.1089608 0.0548331 0.0000000 0.0849256 0.1046615 0.1479007 0.1312618 0.1456463 0.1415965 0.1754845 0.1274099 
S0004_G6955_R1_A 0.1053835 0.1395127 0.1061067 0.1228042 0.1148813 0.1146200 0.0990435 0.1243278 0.3085745 0.1096919 0.1115608 0.0849010 0.1028387 0.0963250 0.0849256 0.0000000 0.0999584 0.1376870 0.1255976 0.1413274 0.1379899 0.1795950 0.1218116 
S0036_G6955_R1_A 0.1072663 0.1527567 0.1095034 0.1220590 0.1096452 0.1008966 0.0831033 0.1244231 0.3346334 0.1220598 0.0963368 0.1078496 0.1012787 0.1153653 0.1046615 0.0999584 0.0000000 0.1328953 0.1252182 0.1404716 0.1403287 0.1623568 0.1119887 
S0017_G6955_R1_A 0.1279943 0.1736999 0.1281772 0.1505250 0.1427139 0.1442141 0.1378591 0.1499587 0.3771618 0.1288392 0.1418959 0.1385145 0.1447370 0.1540824 0.1479007 0.1376870 0.1328953 0.0000000 0.1494203 0.1658439 0.1575147 0.1892515 0.1627814 
S0013_G6955_R1_A 0.1259307 0.1622494 0.1309125 0.1365670 0.1283390 0.1246354 0.1195354 0.1354815 0.3434580 0.1229095 0.1326801 0.1353361 0.1244922 0.1341533 0.1312618 0.1255976 0.1252182 0.1494203 0.0000000 0.1465463 0.1422512 0.1864418 0.1338718 
S0050_G6955_R1_A 0.1376998 0.1746641 0.1358522 0.1358850 0.1364746 0.1485527 0.1363887 0.1453092 0.3513631 0.1440746 0.1439135 0.1471313 0.1427178 0.1495435 0.1456463 0.1413274 0.1404716 0.1658439 0.1465463 0.0000000 0.0407098 0.2025070 0.1551017 
S0048_G6955_R1_A 0.1367561 0.1764764 0.1413746 0.1402820 0.1381495 0.1471344 0.1325970 0.1401525 0.3688799 0.1375227 0.1439530 0.1436297 0.1431972 0.1447227 0.1415965 0.1379899 0.1403287 0.1575147 0.1422512 0.0407098 0.0000000 0.2052389 0.1542178 
S0012_G6955_R1_A 0.1661940 0.2027641 0.1660136 0.1738858 0.1572433 0.1623863 0.1584663 0.1792541 0.3742020 0.1763030 0.1737885 0.1716453 0.1643101 0.1768870 0.1754845 0.1795950 0.1623568 0.1892515 0.1864418 0.2025070 0.2052389 0.0000000 0.1828991 
S0019_G6955_R1_A 0.1166795 0.1593838 0.1290601 0.1273730 0.1159270 0.1284048 0.1085408 0.1317297 0.3238576 0.1275182 0.1129932 0.1274869 0.1184355 0.1288538 0.1274099 0.1218116 0.1119887 0.1627814 0.1338718 0.1551017 0.1542178 0.1828991 0.0000000 
