21
S0020_G6954_R1_A 0.0000000 0.0714193 0.0638340 0.0578678 0.0655331 0.0368718 0.0607143 0.0835717 0.0653931 0.1731399 0.0699475 0.0871106 0.0916039 0.0917849 0.0744375 0.0709315 0.0838631 0.0804396 0.1137483 0.0902010 0.1450803 
S0018_G6954_R1_A 0.0714193 0.0000000 0.0772511 0.0496680 0.0684073 0.0698845 0.0834871 0.1013127 0.0922436 0.2037506 0.0806543 0.1052714 0.0990544 0.0962975 0.0863579 0.0876781 0.1029076 0.0928203 0.1246440 0.0863459 0.1666816 
S0004_G6954_R1_A 0.0638340 0.0772511 0.0000000 0.0613452 0.0607977 0.0617981 0.0715278 0.0894990 0.0812176 0.1803595 0.0646405 0.0946917 0.0893632 0.0877831 0.0773805 0.0750796 0.0896310 0.0823304 0.1081840 0.0924080 0.1597434 
S0031_G6954_R1_A 0.0578678 0.0496680 0.0613452 0.0000000 0.0547588 0.0557076 0.0654438 0.0845562 0.0734792 0.1904444 0.0635693 0.0905560 0.0885409 0.0880652 0.0747665 0.0706249 0.0836564 0.0789319 0.1084550 0.0781896 0.1460631 
S0016_G6954_R1_A 0.0655331 0.0684073 0.0607977 0.0547588 0.0000000 0.0633595 0.0692657 0.0900923 0.0767737 0.1906859 0.0631494 0.0897648 0.0883285 0.0872955 0.0719215 0.0718625 0.0863056 0.0794997 0.1084386 0.0919760 0.1523775 
S0019_G6954_R1_A 0.0368718 0.0698845 0.0617981 0.0557076 0.0633595 0.0000000 0.0610044 0.0870878 0.0757964 0.1857281 0.0672965 0.0950951 0.0879438 0.0874746 0.0762551 0.0750002 0.0849206 0.0828177 0.1080937 0.0835294 0.1438462 
S0002_G6954_R1_A 0.0607143 0.0834871 0.0715278 0.0654438 0.0692657 0.0610044 0.0000000 0.0979296 0.0906789 0.2014770 0.0746117 0.1010618 0.0942865 0.0932471 0.0852376 0.0856964 0.0987248 0.0922714 0.1189123 0.0964570 0.1582713 
S0026_G6954_R1_A 0.0835717 0.1013127 0.0894990 0.0845562 0.0900923 0.0870878 0.0979296 0.0000000 0.0908170 0.2105416 0.0854577 0.1140836 0.1025934 0.1021697 0.0967497 0.0830128 0.1034438 0.1020845 0.1211197 0.1115454 0.1847401 
S0028_G6954_R1_A 0.0653931 0.0922436 0.0812176 0.0734792 0.0767737 0.0757964 0.0906789 0.0908170 0.0000000 0.1924135 0.0782862 0.1047506 0.0918208 0.0901425 0.0860320 0.0774942 0.0943923 0.0898637 0.1075961 0.0978874 0.1770593 
S0005_G6954_R1_A 0.1731399 0.2037506 0.1803595 0.1904444 0.1906859 0.1857281 0.2014770 0.2105416 0.1924135 0.0000000 0.1909439 0.2144576 0.2061488 0.2084582 0.2019649 0.1838933 0.2051112 0.2032973 0.2157172 0.1954969 0.2862307 
S0030_G6954_R1_A 0.0699475 0.0806543 0.0646405 0.0635693 0.0631494 0.0672965 0.0746117 0.0854577 0.0782862 0.1909439 0.0000000 0.0788465 0.0852473 0.0847625 0.0744623 0.0715529 0.0843125 0.0696298 0.1054389 0.0931213 0.1616065 
S0017_G6954_R1_A 0.0871106 0.1052714 0.0946917 0.0905560 0.0897648 0.0950951 0.1010618 0.1140836 0.1047506 0.2144576 0.0788465 0.0000000 0.1074326 0.1058196 0.1003096 0.0995609 0.1095462 0.0936925 0.1273164 0.1098694 0.1917031 
S0048_G6954_R1_A 0.0916039 0.0990544 0.0893632 0.0885409 0.0883285 0.0879438 0.0942865 0.1025934 0.0918208 0.2061488 0.0852473 0.1074326 0.0000000 0.0135434 0.0814924 0.0879344 0.0802058 0.1024322 0.1152508 0.1181787 0.1756142 
S0050_G6954_R1_A 0.0917849 0.0962975 0.0877831 0.0880652 0.0872955 0.0874746 0.0932471 0.1021697 0.0901425 0.2084582 0.0847625 0.1058196 0.0135434 0.0000000 0.0832371 0.0874523 0.0814264 0.1006612 0.1147443 0.1213025 0.1779647 
S0046_G6954_R1_A 0.0744375 0.0863579 0.0773805 0.0747665 0.0719215 0.0762551 0.0852376 0.0967497 0.0860320 0.2019649 0.0744623 0.1003096 0.0814924 0.0832371 0.0000000 0.0796061 0.0822290 0.0901217 0.1046145 0.0976187 0.1689035 
S0021_G6954_R1_A 0.0709315 0.0876781 0.0750796 0.0706249 0.0718625 0.0750002 0.0856964 0.0830128 0.0774942 0.1838933 0.0715529 0.0995609 0.0879344 0.0874523 0.0796061 0.0000000 0.0919985 0.0921351 0.1146109 0.1009372 0.1648549 
S0013_G6954_R1_A 0.0838631 0.1029076 0.0896310 0.0836564 0.0863056 0.0849206 0.0987248 0.1034438 0.0943923 0.2051112 0.0843125 0.1095462 0.0802058 0.0814264 0.0822290 0.0919985 0.0000000 0.1006372 0.1097983 0.1181965 0.1798761 
S0022_G6954_R1_A 0.0804396 0.0928203 0.0823304 0.0789319 0.0794997 0.0828177 0.0922714 0.1020845 0.0898637 0.2032973 0.0696298 0.0936925 0.1024322 0.1006612 0.0901217 0.0921351 0.1006372 0.0000000 0.1207629 0.0957297 0.1869889 
S0012_G6954_R1_A 0.1137483 0.1246440 0.1081840 0.1084550 0.1084386 0.1080937 0.1189123 0.1211197 0.1075961 0.2157172 0.1054389 0.1273164 0.1152508 0.1147443 0.1046145 0.1146109 0.1097983 0.1207629 0.0000000 0.1374576 0.2047596 
S0037_G6954_R1_A 0.0902010 0.0863459 0.0924080 0.0781896 0.0919760 0.0835294 0.0964570 0.1115454 0.0978874 0.1954969 0.0931213 0.1098694 0.1181787 0.1213025 0.0976187 0.1009372 0.1181965 0.0957297 0.1374576 0.0000000 0.2000965 
S0036_G6954_R1_A 0.1450803 0.1666816 0.1597434 0.1460631 0.1523775 0.1438462 0.1582713 0.1847401 0.1770593 0.2862307 0.1616065 0.1917031 0.1756142 0.1779647 0.1689035 0.1648549 0.1798761 0.1869889 0.2047596 0.2000965 0.0000000 
