23
S0002_G6956_R1_A 0.0000000 0.0375404 0.0960859 0.0954579 0.0919653 0.0836594 0.0835885 0.0852484 0.0864992 0.0864785 0.1013777 0.0985814 0.0801350 0.1035596 0.0952162 0.0937695 0.1118916 0.0634323 0.0997188 0.1213177 0.0973151 0.0837767 0.1726711 
S0011_G6956_R1_A 0.0375404 0.0000000 0.0992995 0.0997241 0.0949470 0.0896540 0.0866340 0.0876609 0.0877511 0.0866423 0.1058188 0.1048789 0.0843597 0.1072766 0.1025094 0.0975061 0.1162839 0.0671229 0.1046981 0.1246685 0.0998904 0.0888873 0.1739844 
S0004_G6956_R1_A 0.0960859 0.0992995 0.0000000 0.0457929 0.0532969 0.0515917 0.0555161 0.0590547 0.0585615 0.0590219 0.0770514 0.0755659 0.0631879 0.0554471 0.0757499 0.0563008 0.0677308 0.0587619 0.0776912 0.1011144 0.0877297 0.0492278 0.1450475 
S0031_G6956_R1_A 0.0954579 0.0997241 0.0457929 0.0000000 0.0485284 0.0475016 0.0507215 0.0531148 0.0521116 0.0525050 0.0720275 0.0710782 0.0566655 0.0309150 0.0696182 0.0551893 0.0621690 0.0544456 0.0718895 0.0957065 0.0854751 0.0446114 0.1395879 
S0020_G6956_R1_A 0.0919653 0.0949470 0.0532969 0.0485284 0.0000000 0.0372460 0.0430163 0.0458635 0.0448709 0.0419855 0.0632710 0.0612323 0.0487592 0.0566713 0.0619475 0.0483916 0.0681762 0.0436404 0.0642791 0.0904864 0.0863975 0.0292865 0.1351437 
S0036_G6956_R1_A 0.0836594 0.0896540 0.0515917 0.0475016 0.0372460 0.0000000 0.0429496 0.0463698 0.0443241 0.0446432 0.0648802 0.0628402 0.0487203 0.0555149 0.0624662 0.0488737 0.0649189 0.0447856 0.0653096 0.0881944 0.0827691 0.0315026 0.1374563 
S0028_G6956_R1_A 0.0835885 0.0866340 0.0555161 0.0507215 0.0430163 0.0429496 0.0000000 0.0400158 0.0395914 0.0398691 0.0582857 0.0562575 0.0449977 0.0571651 0.0575420 0.0489504 0.0704964 0.0421425 0.0581180 0.0880979 0.0821490 0.0387569 0.1293127 
S0021_G6956_R1_A 0.0852484 0.0876609 0.0590547 0.0531148 0.0458635 0.0463698 0.0400158 0.0000000 0.0115842 0.0415268 0.0589301 0.0568975 0.0456103 0.0614091 0.0598103 0.0508051 0.0725934 0.0449630 0.0581046 0.0909243 0.0861118 0.0412520 0.1274665 
S0021_G6956_R2_A 0.0864992 0.0877511 0.0585615 0.0521116 0.0448709 0.0443241 0.0395914 0.0115842 0.0000000 0.0405277 0.0595528 0.0575166 0.0456715 0.0592188 0.0593460 0.0481178 0.0703854 0.0439447 0.0582509 0.0921638 0.0876052 0.0385134 0.1276640 
S0026_G6956_R1_A 0.0864785 0.0866423 0.0590219 0.0525050 0.0419855 0.0446432 0.0398691 0.0415268 0.0405277 0.0000000 0.0595271 0.0585691 0.0470551 0.0602743 0.0596702 0.0528552 0.0720714 0.0425405 0.0610392 0.0910582 0.0852182 0.0380452 0.1323658 
S0048_G6956_R1_A 0.1013777 0.1058188 0.0770514 0.0720275 0.0632710 0.0648802 0.0582857 0.0589301 0.0595528 0.0595271 0.0000000 0.0125126 0.0630932 0.0807593 0.0738544 0.0693014 0.0906077 0.0610389 0.0640673 0.1016837 0.1055513 0.0586626 0.1490034 
S0050_G6956_R1_A 0.0985814 0.1048789 0.0755659 0.0710782 0.0612323 0.0628402 0.0562575 0.0568975 0.0575166 0.0585691 0.0125126 0.0000000 0.0604533 0.0786606 0.0729043 0.0683475 0.0891050 0.0583960 0.0614506 0.0968810 0.1033570 0.0564651 0.1480742 
S0022_G6956_R1_A 0.0801350 0.0843597 0.0631879 0.0566655 0.0487592 0.0487203 0.0449977 0.0456103 0.0456715 0.0470551 0.0630932 0.0604533 0.0000000 0.0650779 0.0506361 0.0552653 0.0758322 0.0353647 0.0640367 0.0908787 0.0876401 0.0460340 0.1392626 
S0018_G6956_R1_A 0.1035596 0.1072766 0.0554471 0.0309150 0.0566713 0.0555149 0.0571651 0.0614091 0.0592188 0.0602743 0.0807593 0.0786606 0.0650779 0.0000000 0.0790200 0.0641835 0.0724856 0.0622955 0.0796595 0.1014440 0.0943880 0.0508510 0.1488734 
S0017_G6956_R1_A 0.0952162 0.1025094 0.0757499 0.0696182 0.0619475 0.0624662 0.0575420 0.0598103 0.0593460 0.0596702 0.0738544 0.0729043 0.0506361 0.0790200 0.0000000 0.0679070 0.0894092 0.0495324 0.0773170 0.1036911 0.0987813 0.0584863 0.1477428 
S0046_G6956_R1_A 0.0937695 0.0975061 0.0563008 0.0551893 0.0483916 0.0488737 0.0489504 0.0508051 0.0481178 0.0528552 0.0693014 0.0683475 0.0552653 0.0641835 0.0679070 0.0000000 0.0752426 0.0532325 0.0681563 0.0907199 0.0786570 0.0444320 0.1348190 
S0037_G6956_R1_A 0.1118916 0.1162839 0.0677308 0.0621690 0.0681762 0.0649189 0.0704964 0.0725934 0.0703854 0.0720714 0.0906077 0.0891050 0.0758322 0.0724856 0.0894092 0.0752426 0.0000000 0.0732222 0.0910804 0.1085533 0.1033088 0.0639364 0.1626188 
S0030_G6956_R1_A 0.0634323 0.0671229 0.0587619 0.0544456 0.0436404 0.0447856 0.0421425 0.0449630 0.0439447 0.0425405 0.0610389 0.0583960 0.0353647 0.0622955 0.0495324 0.0532325 0.0732222 0.0000000 0.0579185 0.0805512 0.0701139 0.0370086 0.1253885 
S0013_G6956_R1_A 0.0997188 0.1046981 0.0776912 0.0718895 0.0642791 0.0653096 0.0581180 0.0581046 0.0582509 0.0610392 0.0640673 0.0614506 0.0640367 0.0796595 0.0773170 0.0681563 0.0910804 0.0579185 0.0000000 0.0997013 0.1013399 0.0589510 0.1445282 
S0012_G6956_R1_A 0.1213177 0.1246685 0.1011144 0.0957065 0.0904864 0.0881944 0.0880979 0.0909243 0.0921638 0.0910582 0.1016837 0.0968810 0.0908787 0.1014440 0.1036911 0.0907199 0.1085533 0.0805512 0.0997013 0.0000000 0.1211503 0.0829441 0.1750184 
S0016_G6956_R1_A 0.0973151 0.0998904 0.0877297 0.0854751 0.0863975 0.0827691 0.0821490 0.0861118 0.0876052 0.0852182 0.1055513 0.1033570 0.0876401 0.0943880 0.0987813 0.0786570 0.1033088 0.0701139 0.1013399 0.1211503 0.0000000 0.0749448 0.1671295 
S0019_G6956_R1_A 0.0837767 0.0888873 0.0492278 0.0446114 0.0292865 0.0315026 0.0387569 0.0412520 0.0385134 0.0380452 0.0586626 0.0564651 0.0460340 0.0508510 0.0584863 0.0444320 0.0639364 0.0370086 0.0589510 0.0829441 0.0749448 0.0000000 0.1240645 
S0005_G6956_R1_A 0.1726711 0.1739844 0.1450475 0.1395879 0.1351437 0.1374563 0.1293127 0.1274665 0.1276640 0.1323658 0.1490034 0.1480742 0.1392626 0.1488734 0.1477428 0.1348190 0.1626188 0.1253885 0.1445282 0.1750184 0.1671295 0.1240645 0.0000000 
