23
S0048_G6961_R1_A 0.0000000 0.0166052 0.3470646 0.1770220 0.1320663 0.1255862 0.1221131 0.1225738 0.1247149 0.1125780 0.1362916 0.1077480 0.1264122 0.1204251 0.1233394 0.1343217 0.1673174 0.1598548 0.1714454 0.1946352 0.1412057 0.2780422 0.2390856 
S0050_G6961_R1_A 0.0166052 0.0000000 0.3484354 0.1789430 0.1355859 0.1274626 0.1217888 0.1223051 0.1278580 0.1122038 0.1365760 0.1060910 0.1260330 0.1207954 0.1259349 0.1330776 0.1703397 0.1580955 0.1709240 0.1950438 0.1456545 0.2815515 0.2373634 
S0005_G6961_R1_A 0.3470646 0.3484354 0.0000000 0.4078260 0.3872425 0.3882250 0.3604844 0.3852092 0.3811744 0.3581187 0.3775808 0.3525258 0.3634100 0.3751876 0.3359465 0.3788108 0.4314249 0.4311035 0.4109591 0.4394715 0.3529039 0.4263177 0.5137414 
S0002_G6961_R1_A 0.1770220 0.1789430 0.4078260 0.0000000 0.1827077 0.1967511 0.1560439 0.1705616 0.1701740 0.1648310 0.1736438 0.1432290 0.1733652 0.1632021 0.1374906 0.1852453 0.1918260 0.1860321 0.2458664 0.2607515 0.1812463 0.2620897 0.2240934 
S0004_G6961_R1_A 0.1320663 0.1355859 0.3872425 0.1827077 0.0000000 0.0798331 0.0883209 0.0987896 0.0981900 0.0906064 0.1068321 0.0837851 0.0842532 0.0961581 0.0838089 0.0981158 0.1247322 0.1494334 0.1203634 0.1731770 0.0911223 0.2962438 0.1931178 
S0031_G6961_R1_A 0.1255862 0.1274626 0.3882250 0.1967511 0.0798331 0.0000000 0.0957015 0.1017915 0.0991823 0.0942863 0.1087653 0.0870616 0.0926304 0.1028744 0.1041511 0.0958698 0.1439329 0.1515521 0.1231357 0.1795499 0.0611325 0.2786662 0.1960173 
S0011_G6961_R1_A 0.1221131 0.1217888 0.3604844 0.1560439 0.0883209 0.0957015 0.0000000 0.0835575 0.0857024 0.0778325 0.0896769 0.0592132 0.0809725 0.0801745 0.0764157 0.0821002 0.1213027 0.1352532 0.1432224 0.1614732 0.1072251 0.2423925 0.2279962 
S0013_G6961_R1_A 0.1225738 0.1223051 0.3852092 0.1705616 0.0987896 0.1017915 0.0835575 0.0000000 0.0875923 0.0845733 0.0990938 0.0759516 0.0937704 0.0952498 0.0859724 0.0911467 0.1290170 0.1389176 0.1536102 0.1730625 0.1156042 0.2621229 0.2179567 
S0021_G6961_R1_A 0.1247149 0.1278580 0.3811744 0.1701740 0.0981900 0.0991823 0.0857024 0.0875923 0.0000000 0.0669036 0.0849819 0.0780231 0.0883944 0.0931393 0.0806889 0.0876019 0.1282127 0.1452177 0.1344319 0.1569597 0.1069109 0.2094156 0.2117459 
S0028_G6961_R1_A 0.1125780 0.1122038 0.3581187 0.1648310 0.0906064 0.0942863 0.0778325 0.0845733 0.0669036 0.0000000 0.0768807 0.0644778 0.0820727 0.0893963 0.0786892 0.0807918 0.1236653 0.1384094 0.1309028 0.1564107 0.1065167 0.2231098 0.2036834 
S0026_G6961_R1_A 0.1362916 0.1365760 0.3775808 0.1736438 0.1068321 0.1087653 0.0896769 0.0990938 0.0849819 0.0768807 0.0000000 0.0888857 0.0987948 0.1003560 0.0852586 0.0966481 0.1348763 0.1504062 0.1475042 0.1707687 0.1174891 0.2347899 0.2266944 
S0020_G6961_R1_A 0.1077480 0.1060910 0.3525258 0.1432290 0.0837851 0.0870616 0.0592132 0.0759516 0.0780231 0.0644778 0.0888857 0.0000000 0.0655331 0.0743895 0.0667477 0.0764486 0.1127530 0.1304038 0.1374164 0.1624667 0.0919705 0.2386919 0.2157930 
S0019_G6961_R1_A 0.1264122 0.1260330 0.3634100 0.1733652 0.0842532 0.0926304 0.0809725 0.0937704 0.0883944 0.0820727 0.0987948 0.0655331 0.0000000 0.0773750 0.0873139 0.0833671 0.1003547 0.1496012 0.1273538 0.1511161 0.0941614 0.2707694 0.1912075 
S0036_G6961_R1_A 0.1204251 0.1207954 0.3751876 0.1632021 0.0961581 0.1028744 0.0801745 0.0952498 0.0931393 0.0893963 0.1003560 0.0743895 0.0773750 0.0000000 0.0830500 0.0894815 0.1294217 0.1483194 0.1491214 0.1702045 0.1088941 0.2709910 0.2198868 
S0030_G6961_R1_A 0.1233394 0.1259349 0.3359465 0.1374906 0.0838089 0.1041511 0.0764157 0.0859724 0.0806889 0.0786892 0.0852586 0.0667477 0.0873139 0.0830500 0.0000000 0.0832545 0.1104097 0.1357902 0.1395816 0.1509787 0.0958412 0.2081615 0.1978990 
S0046_G6961_R1_A 0.1343217 0.1330776 0.3788108 0.1852453 0.0981158 0.0958698 0.0821002 0.0911467 0.0876019 0.0807918 0.0966481 0.0764486 0.0833671 0.0894815 0.0832545 0.0000000 0.1213660 0.1441098 0.1298899 0.1534051 0.1082860 0.2749764 0.2129782 
S0022_G6961_R1_A 0.1673174 0.1703397 0.4314249 0.1918260 0.1247322 0.1439329 0.1213027 0.1290170 0.1282127 0.1236653 0.1348763 0.1127530 0.1003547 0.1294217 0.1104097 0.1213660 0.0000000 0.1887266 0.1531256 0.1782593 0.1547523 0.2936820 0.2101987 
S0012_G6961_R1_A 0.1598548 0.1580955 0.4311035 0.1860321 0.1494334 0.1515521 0.1352532 0.1389176 0.1452177 0.1384094 0.1504062 0.1304038 0.1496012 0.1483194 0.1357902 0.1441098 0.1887266 0.0000000 0.2255708 0.2236487 0.1631539 0.2943212 0.2583869 
S0016_G6961_R1_A 0.1714454 0.1709240 0.4109591 0.2458664 0.1203634 0.1231357 0.1432224 0.1536102 0.1344319 0.1309028 0.1475042 0.1374164 0.1273538 0.1491214 0.1395816 0.1298899 0.1531256 0.2255708 0.0000000 0.1195687 0.1185673 0.3047859 0.1818691 
S0017_G6961_R1_A 0.1946352 0.1950438 0.4394715 0.2607515 0.1731770 0.1795499 0.1614732 0.1730625 0.1569597 0.1564107 0.1707687 0.1624667 0.1511161 0.1702045 0.1509787 0.1534051 0.1782593 0.2236487 0.1195687 0.0000000 0.1759027 0.3604777 0.1971634 
S0018_G6961_R1_A 0.1412057 0.1456545 0.3529039 0.1812463 0.0911223 0.0611325 0.1072251 0.1156042 0.1069109 0.1065167 0.1174891 0.0919705 0.0941614 0.1088941 0.0958412 0.1082860 0.1547523 0.1631539 0.1185673 0.1759027 0.0000000 0.2090897 0.2016780 
S0021_G6961_R2_A 0.2780422 0.2815515 0.4263177 0.2620897 0.2962438 0.2786662 0.2423925 0.2621229 0.2094156 0.2231098 0.2347899 0.2386919 0.2707694 0.2709910 0.2081615 0.2749764 0.2936820 0.2943212 0.3047859 0.3604777 0.2090897 0.0000000 0.3244787 
S0037_G6961_R1_A 0.2390856 0.2373634 0.5137414 0.2240934 0.1931178 0.1960173 0.2279962 0.2179567 0.2117459 0.2036834 0.2266944 0.2157930 0.1912075 0.2198868 0.1978990 0.2129782 0.2101987 0.2583869 0.1818691 0.1971634 0.2016780 0.3244787 0.0000000 
