23
S0026_G6969_R1_A 0.0000000 0.1144143 0.0647594 0.0795169 0.0810872 0.0896590 0.1004446 0.0962634 0.0831382 0.1038092 0.1030413 0.0945876 0.0823414 0.1050452 0.0833677 0.0841142 0.0872959 0.1150484 0.1488018 0.1613362 0.1060714 0.1117977 0.3373992 
S0018_G6969_R1_A 0.1144143 0.0000000 0.1047096 0.1203026 0.1185281 0.1092824 0.1323476 0.1187750 0.1175830 0.1368358 0.1316650 0.0684656 0.1096395 0.1321320 0.1064216 0.1084668 0.1150003 0.1268344 0.1879191 0.1822755 0.1319480 0.1348490 0.3761965 
S0028_G6969_R1_A 0.0647594 0.1047096 0.0000000 0.0705751 0.0672778 0.0771555 0.0889355 0.0810742 0.0748131 0.0896961 0.0942080 0.0810894 0.0714613 0.0917983 0.0696829 0.0692417 0.0722048 0.1095318 0.1397933 0.1449338 0.0935288 0.0963928 0.3306817 
S0021_G6969_R1_A 0.0795169 0.1203026 0.0705751 0.0000000 0.0344365 0.0948815 0.1087191 0.1038644 0.0925001 0.1082879 0.1122111 0.0951459 0.0882968 0.1076079 0.0854962 0.0824263 0.0873807 0.1272971 0.1505007 0.1623184 0.1104711 0.1117501 0.3437023 
S0021_G6969_R2_A 0.0810872 0.1185281 0.0672778 0.0344365 0.0000000 0.0925411 0.1064357 0.1034608 0.0909571 0.1052480 0.1092708 0.0993272 0.0900607 0.1070641 0.0853100 0.0838221 0.0869351 0.1246507 0.1512935 0.1626754 0.1088366 0.1085153 0.3478225 
S0004_G6969_R1_A 0.0896590 0.1092824 0.0771555 0.0948815 0.0925411 0.0000000 0.1093775 0.0975688 0.0891197 0.1073225 0.1092277 0.0834823 0.0790618 0.1059070 0.0826171 0.0865561 0.0942945 0.1138017 0.1578408 0.1543571 0.1057815 0.1105731 0.3530681 
S0046_G6969_R1_A 0.1004446 0.1323476 0.0889355 0.1087191 0.1064357 0.1093775 0.0000000 0.1152712 0.1055836 0.1188824 0.1166597 0.1055592 0.1032846 0.1241294 0.0986637 0.0988532 0.1024648 0.1396401 0.1726566 0.1661381 0.1198465 0.1295028 0.3660222 
S0030_G6969_R1_A 0.0962634 0.1187750 0.0810742 0.1038644 0.1034608 0.0975688 0.1152712 0.0000000 0.0944014 0.1169770 0.1155264 0.0952013 0.0940840 0.1156816 0.0819153 0.0811103 0.0880468 0.1255775 0.1664306 0.1619050 0.1055718 0.1094407 0.3347769 
S0011_G6969_R1_A 0.0831382 0.1175830 0.0748131 0.0925001 0.0909571 0.0891197 0.1055836 0.0944014 0.0000000 0.1002219 0.0989572 0.0968691 0.0785980 0.1035523 0.0782435 0.0715817 0.0741421 0.1225793 0.1625160 0.1464087 0.1023518 0.1076895 0.3362661 
S0013_G6969_R1_A 0.1038092 0.1368358 0.0896961 0.1082879 0.1052480 0.1073225 0.1188824 0.1169770 0.1002219 0.0000000 0.1207355 0.1101923 0.0995460 0.1275462 0.1029817 0.1001009 0.1030139 0.1359624 0.1683842 0.1736540 0.1040036 0.1033883 0.3682470 
S0036_G6969_R1_A 0.1030413 0.1316650 0.0942080 0.1122111 0.1092708 0.1092277 0.1166597 0.1155264 0.0989572 0.1207355 0.0000000 0.1048808 0.1000379 0.1208033 0.1027282 0.0952685 0.1029200 0.1367189 0.1764960 0.1408315 0.1364412 0.1382636 0.3491591 
S0031_G6969_R1_A 0.0945876 0.0684656 0.0810894 0.0951459 0.0993272 0.0834823 0.1055592 0.0952013 0.0968691 0.1101923 0.1048808 0.0000000 0.0843433 0.1140684 0.0889585 0.0855877 0.0891927 0.1066594 0.1629421 0.1645927 0.1121235 0.1181447 0.3464876 
S0016_G6969_R1_A 0.0823414 0.1096395 0.0714613 0.0882968 0.0900607 0.0790618 0.1032846 0.0940840 0.0785980 0.0995460 0.1000379 0.0843433 0.0000000 0.1025507 0.0800138 0.0777149 0.0840080 0.1140893 0.1553581 0.1508156 0.0987796 0.1017510 0.3450479 
S0017_G6969_R1_A 0.1050452 0.1321320 0.0917983 0.1076079 0.1070641 0.1059070 0.1241294 0.1156816 0.1035523 0.1275462 0.1208033 0.1140684 0.1025507 0.0000000 0.0993652 0.0954497 0.1039986 0.1359429 0.1760672 0.1652149 0.1258886 0.1292857 0.3530252 
S0022_G6969_R1_A 0.0833677 0.1064216 0.0696829 0.0854962 0.0853100 0.0826171 0.0986637 0.0819153 0.0782435 0.1029817 0.1027282 0.0889585 0.0800138 0.0993652 0.0000000 0.0817057 0.0828492 0.1191391 0.1546052 0.1251068 0.1027951 0.1050376 0.3522276 
S0019_G6969_R1_A 0.0841142 0.1084668 0.0692417 0.0824263 0.0838221 0.0865561 0.0988532 0.0811103 0.0715817 0.1001009 0.0952685 0.0855877 0.0777149 0.0954497 0.0817057 0.0000000 0.0684977 0.1195809 0.1417709 0.0872539 0.0952824 0.0994950 0.3280710 
S0020_G6969_R1_A 0.0872959 0.1150003 0.0722048 0.0873807 0.0869351 0.0942945 0.1024648 0.0880468 0.0741421 0.1030139 0.1029200 0.0891927 0.0840080 0.1039986 0.0828492 0.0684977 0.0000000 0.1297049 0.1454358 0.0955201 0.1073105 0.1112228 0.3490619 
S0037_G6969_R1_A 0.1150484 0.1268344 0.1095318 0.1272971 0.1246507 0.1138017 0.1396401 0.1255775 0.1225793 0.1359624 0.1367189 0.1066594 0.1140893 0.1359429 0.1191391 0.1195809 0.1297049 0.0000000 0.1937097 0.1734129 0.1426874 0.1485148 0.3601128 
S0012_G6969_R1_A 0.1488018 0.1879191 0.1397933 0.1505007 0.1512935 0.1578408 0.1726566 0.1664306 0.1625160 0.1683842 0.1764960 0.1629421 0.1553581 0.1760672 0.1546052 0.1417709 0.1454358 0.1937097 0.0000000 0.2212668 0.1596582 0.1673464 0.4151461 
S0002_G6969_R1_A 0.1613362 0.1822755 0.1449338 0.1623184 0.1626754 0.1543571 0.1661381 0.1619050 0.1464087 0.1736540 0.1408315 0.1645927 0.1508156 0.1652149 0.1251068 0.0872539 0.0955201 0.1734129 0.2212668 0.0000000 0.1066534 0.1089887 0.3330601 
S0048_G6969_R1_A 0.1060714 0.1319480 0.0935288 0.1104711 0.1088366 0.1057815 0.1198465 0.1055718 0.1023518 0.1040036 0.1364412 0.1121235 0.0987796 0.1258886 0.1027951 0.0952824 0.1073105 0.1426874 0.1596582 0.1066534 0.0000000 0.0474919 0.3517576 
S0050_G6969_R1_A 0.1117977 0.1348490 0.0963928 0.1117501 0.1085153 0.1105731 0.1295028 0.1094407 0.1076895 0.1033883 0.1382636 0.1181447 0.1017510 0.1292857 0.1050376 0.0994950 0.1112228 0.1485148 0.1673464 0.1089887 0.0474919 0.0000000 0.3705194 
S0005_G6969_R1_A 0.3373992 0.3761965 0.3306817 0.3437023 0.3478225 0.3530681 0.3660222 0.3347769 0.3362661 0.3682470 0.3491591 0.3464876 0.3450479 0.3530252 0.3522276 0.3280710 0.3490619 0.3601128 0.4151461 0.3330601 0.3517576 0.3705194 0.0000000 
