26
S0021_G7029_R2_A 0.0000000 0.0089667 0.1692311 0.1666639 0.1426721 0.1438819 0.1752612 0.1641010 0.1588333 0.1473489 0.2049930 0.1335417 0.1423360 0.1670489 0.1699138 0.1817878 0.1810452 0.1510451 0.1541889 0.1414761 0.1406694 0.1542725 0.2374686 0.1570950 0.1112056 0.2391362 
S0021_G7029_R1_A 0.0089667 0.0000000 0.1622133 0.1575213 0.1319105 0.1384532 0.1623118 0.1519712 0.1585969 0.1420334 0.1983803 0.1291217 0.1316163 0.1546125 0.1638218 0.1851425 0.1844058 0.1370341 0.1399411 0.1335068 0.1302336 0.1540381 0.2598431 0.1511671 0.1048755 0.2394027 
S0012_G7029_R1_A 0.1692311 0.1622133 0.0000000 0.1494905 0.1397624 0.1536029 0.1526421 0.1720628 0.1516847 0.1538396 0.1856237 0.1496969 0.1417556 0.1399017 0.1640939 0.1734475 0.1771952 0.1438048 0.1385193 0.1621583 0.1608592 0.1817254 0.3268726 0.1560400 0.1516484 0.1674132 
S0016_G7029_R1_A 0.1666639 0.1575213 0.1494905 0.0000000 0.0809922 0.0736189 0.0762611 0.0925231 0.0873735 0.0881378 0.1117075 0.0945106 0.0874788 0.1045006 0.1091452 0.1180122 0.1213002 0.1033584 0.0957963 0.1185461 0.1147951 0.1198687 0.2883550 0.0963470 0.1062447 0.0969470 
S0036_G7029_R1_A 0.1426721 0.1319105 0.1397624 0.0809922 0.0000000 0.0858801 0.0851101 0.1038829 0.0726057 0.0756276 0.1156503 0.0871141 0.0791198 0.0986482 0.0923378 0.0984170 0.1010400 0.0936418 0.0897768 0.1118185 0.1080760 0.1160512 0.2752482 0.0772379 0.0988424 0.0770581 
S0004_G7029_R1_A 0.1438819 0.1384532 0.1536029 0.0736189 0.0858801 0.0000000 0.0883148 0.1018883 0.0901852 0.0956961 0.1151977 0.0980742 0.0892712 0.1107460 0.1163590 0.1242113 0.1269348 0.1034925 0.0958953 0.1247315 0.1203161 0.1263713 0.2907776 0.0997297 0.1131981 0.1028302 
S0031_G7029_R1_A 0.1752612 0.1623118 0.1526421 0.0762611 0.0851101 0.0883148 0.0000000 0.0524672 0.0967311 0.0956429 0.0876318 0.1020563 0.0942988 0.1074704 0.1151257 0.1231517 0.1275591 0.1094543 0.1055006 0.1263986 0.1238389 0.1253410 0.2985950 0.1055524 0.1019366 0.1094153 
S0018_G7029_R1_A 0.1641010 0.1519712 0.1720628 0.0925231 0.1038829 0.1018883 0.0524672 0.0000000 0.1046702 0.1059367 0.1034523 0.1151769 0.1045201 0.1230947 0.1309653 0.1337101 0.1395253 0.1210324 0.1142686 0.1430343 0.1310777 0.1418915 0.3142835 0.1150258 0.1147193 0.1259153 
S0020_G7029_R1_A 0.1588333 0.1585969 0.1516847 0.0873735 0.0726057 0.0901852 0.0967311 0.1046702 0.0000000 0.0390836 0.1256201 0.0959328 0.0900157 0.1057936 0.0823794 0.0899288 0.0920631 0.1033020 0.1009005 0.1180004 0.1220422 0.1224005 0.2717415 0.0845282 0.1030185 0.0833519 
S0020_G7029_R2_A 0.1473489 0.1420334 0.1538396 0.0881378 0.0756276 0.0956961 0.0956429 0.1059367 0.0390836 0.0000000 0.1269277 0.0946535 0.0922630 0.1070726 0.0864983 0.0941301 0.0950603 0.1072143 0.1003275 0.1191453 0.1164164 0.1217095 0.2755132 0.0923527 0.1050879 0.0862858 
S0037_G7029_R1_A 0.2049930 0.1983803 0.1856237 0.1117075 0.1156503 0.1151977 0.0876318 0.1034523 0.1256201 0.1269277 0.0000000 0.1306793 0.1223301 0.1386419 0.1458437 0.1501703 0.1503569 0.1385104 0.1336351 0.1574858 0.1553935 0.1626712 0.3176551 0.1388963 0.1321014 0.1327840 
S0022_G7029_R1_A 0.1335417 0.1291217 0.1496969 0.0945106 0.0871141 0.0980742 0.1020563 0.1151769 0.0959328 0.0946535 0.1306793 0.0000000 0.0703467 0.1070232 0.1098898 0.1157382 0.1173647 0.1081850 0.1023714 0.1249161 0.1211572 0.1250959 0.2826209 0.1002436 0.1036579 0.0982157 
S0030_G7029_R1_A 0.1423360 0.1316163 0.1417556 0.0874788 0.0791198 0.0892712 0.0942988 0.1045201 0.0900157 0.0922630 0.1223301 0.0703467 0.0000000 0.1012825 0.1002149 0.1107061 0.1097343 0.1012264 0.0949081 0.1203957 0.1135756 0.1212020 0.2829615 0.0912712 0.0939588 0.0961348 
S0013_G7029_R1_A 0.1670489 0.1546125 0.1399017 0.1045006 0.0986482 0.1107460 0.1074704 0.1230947 0.1057936 0.1070726 0.1386419 0.1070232 0.1012825 0.0000000 0.1236034 0.1305689 0.1321303 0.0958783 0.0900962 0.1386603 0.1335729 0.1438384 0.2976245 0.1112379 0.1180465 0.1092939 
S0019_G7029_R1_A 0.1699138 0.1638218 0.1640939 0.1091452 0.0923378 0.1163590 0.1151257 0.1309653 0.0823794 0.0864983 0.1458437 0.1098898 0.1002149 0.1236034 0.0000000 0.0393442 0.0402648 0.1223651 0.1164412 0.1343762 0.1392265 0.1391230 0.3091088 0.1021292 0.1164261 0.1052895 
S0019_G7029_R2_A 0.1817878 0.1851425 0.1734475 0.1180122 0.0984170 0.1242113 0.1231517 0.1337101 0.0899288 0.0941301 0.1501703 0.1157382 0.1107061 0.1305689 0.0393442 0.0000000 0.0263679 0.1294354 0.1227691 0.1485165 0.1494405 0.1478523 0.3168940 0.1083633 0.1308753 0.0993752 
S0019_G7029_R3_A 0.1810452 0.1844058 0.1771952 0.1213002 0.1010400 0.1269348 0.1275591 0.1395253 0.0920631 0.0950603 0.1503569 0.1173647 0.1097343 0.1321303 0.0402648 0.0263679 0.0000000 0.1335275 0.1261659 0.1461517 0.1511140 0.1509504 0.3192165 0.1147562 0.1302832 0.1016873 
S0048_G7029_R1_A 0.1510451 0.1370341 0.1438048 0.1033584 0.0936418 0.1034925 0.1094543 0.1210324 0.1033020 0.1072143 0.1385104 0.1081850 0.1012264 0.0958783 0.1223651 0.1294354 0.1335275 0.0000000 0.0202529 0.1339337 0.1279715 0.1444883 0.2958663 0.1080975 0.1199207 0.1163800 
S0050_G7029_R1_A 0.1541889 0.1399411 0.1385193 0.0957963 0.0897768 0.0958953 0.1055006 0.1142686 0.1009005 0.1003275 0.1336351 0.1023714 0.0949081 0.0900962 0.1164412 0.1227691 0.1261659 0.0202529 0.0000000 0.1254021 0.1196573 0.1376460 0.2946567 0.1043743 0.1107909 0.1089683 
S0028_G7029_R1_A 0.1414761 0.1335068 0.1621583 0.1185461 0.1118185 0.1247315 0.1263986 0.1430343 0.1180004 0.1191453 0.1574858 0.1249161 0.1203957 0.1386603 0.1343762 0.1485165 0.1461517 0.1339337 0.1254021 0.0000000 0.1134759 0.1281777 0.2883513 0.1328511 0.1235862 0.1350183 
S0026_G7029_R1_A 0.1406694 0.1302336 0.1608592 0.1147951 0.1080760 0.1203161 0.1238389 0.1310777 0.1220422 0.1164164 0.1553935 0.1211572 0.1135756 0.1335729 0.1392265 0.1494405 0.1511140 0.1279715 0.1196573 0.1134759 0.0000000 0.1229125 0.2852573 0.1306006 0.1117479 0.1265941 
S0017_G7029_R1_A 0.1542725 0.1540381 0.1817254 0.1198687 0.1160512 0.1263713 0.1253410 0.1418915 0.1224005 0.1217095 0.1626712 0.1250959 0.1212020 0.1438384 0.1391230 0.1478523 0.1509504 0.1444883 0.1376460 0.1281777 0.1229125 0.0000000 0.3029739 0.1377434 0.1156917 0.1373627 
S0005_G7029_R1_A 0.2374686 0.2598431 0.3268726 0.2883550 0.2752482 0.2907776 0.2985950 0.3142835 0.2717415 0.2755132 0.3176551 0.2826209 0.2829615 0.2976245 0.3091088 0.3168940 0.3192165 0.2958663 0.2946567 0.2883513 0.2852573 0.3029739 0.0000000 0.2937735 0.3012893 0.3015290 
S0011_G7029_R1_A 0.1570950 0.1511671 0.1560400 0.0963470 0.0772379 0.0997297 0.1055524 0.1150258 0.0845282 0.0923527 0.1388963 0.1002436 0.0912712 0.1112379 0.1021292 0.1083633 0.1147562 0.1080975 0.1043743 0.1328511 0.1306006 0.1377434 0.2937735 0.0000000 0.1115013 0.1017251 
S0046_G7029_R1_A 0.1112056 0.1048755 0.1516484 0.1062447 0.0988424 0.1131981 0.1019366 0.1147193 0.1030185 0.1050879 0.1321014 0.1036579 0.0939588 0.1180465 0.1164261 0.1308753 0.1302832 0.1199207 0.1107909 0.1235862 0.1117479 0.1156917 0.3012893 0.1115013 0.0000000 0.1202499 
S0002_G7029_R1_A 0.2391362 0.2394027 0.1674132 0.0969470 0.0770581 0.1028302 0.1094153 0.1259153 0.0833519 0.0862858 0.1327840 0.0982157 0.0961348 0.1092939 0.1052895 0.0993752 0.1016873 0.1163800 0.1089683 0.1350183 0.1265941 0.1373627 0.3015290 0.1017251 0.1202499 0.0000000 
