24
S0004_G7067_R1_A 0.0000000 0.0689107 0.0706546 0.0785954 0.0750098 0.0696787 0.0657943 0.0764635 0.0703408 0.0915992 0.0640199 0.0793056 0.0989883 0.1039154 0.0951391 0.0841540 0.0723584 0.0852791 0.0965499 0.1174211 0.1194659 0.1072402 0.0993205 0.2014027 
S0022_G7067_R1_A 0.0689107 0.0000000 0.0567214 0.0754231 0.0640391 0.0563606 0.0650927 0.0723666 0.0599393 0.0748882 0.0617695 0.0662400 0.0899179 0.0916152 0.0976441 0.0769946 0.0654114 0.0735024 0.0835919 0.1065170 0.1192051 0.1063153 0.0895758 0.1903148 
S0046_G7067_R1_A 0.0706546 0.0567214 0.0000000 0.0783463 0.0623389 0.0564314 0.0594175 0.0741618 0.0559721 0.0731062 0.0646472 0.0664154 0.0881889 0.0918084 0.1003669 0.0723665 0.0577377 0.0782951 0.0844759 0.1122262 0.1250101 0.1120237 0.0943495 0.1979526 
S0013_G7067_R1_A 0.0785954 0.0754231 0.0783463 0.0000000 0.0796821 0.0772462 0.0790797 0.0729713 0.0738694 0.0983485 0.0634622 0.0745946 0.0983411 0.1008447 0.0675541 0.0954659 0.0806962 0.0806471 0.0998981 0.1149391 0.1008875 0.0904161 0.0927743 0.2037122 
S0036_G7067_R1_A 0.0750098 0.0640391 0.0623389 0.0796821 0.0000000 0.0532588 0.0647585 0.0773201 0.0500242 0.0704558 0.0697623 0.0718997 0.0852662 0.0889149 0.0966780 0.0774428 0.0657001 0.0803108 0.0859396 0.1128856 0.1260192 0.1113935 0.0955843 0.2052300 
S0019_G7067_R1_A 0.0696787 0.0563606 0.0564314 0.0772462 0.0532588 0.0000000 0.0640802 0.0730615 0.0459827 0.0625779 0.0636281 0.0652861 0.0806946 0.0830110 0.0970839 0.0759204 0.0602566 0.0729375 0.0820504 0.1026428 0.1213969 0.1075607 0.0909221 0.1954772 
S0016_G7067_R1_A 0.0657943 0.0650927 0.0594175 0.0790797 0.0647585 0.0640802 0.0000000 0.0756568 0.0625312 0.0822706 0.0638188 0.0766042 0.0956226 0.0998735 0.0998330 0.0779478 0.0656670 0.0809926 0.0864656 0.1165447 0.1187169 0.1101360 0.0967769 0.2075016 
S0026_G7067_R1_A 0.0764635 0.0723666 0.0741618 0.0729713 0.0773201 0.0730615 0.0756568 0.0000000 0.0696681 0.0912347 0.0662056 0.0626875 0.0988910 0.1008415 0.0913858 0.0902486 0.0739896 0.0686291 0.0955632 0.1110832 0.1128367 0.1016341 0.0855278 0.1960960 
S0020_G7067_R1_A 0.0703408 0.0599393 0.0559721 0.0738694 0.0500242 0.0459827 0.0625312 0.0696681 0.0000000 0.0651521 0.0625142 0.0668481 0.0788687 0.0846924 0.0968513 0.0733598 0.0581236 0.0727008 0.0782542 0.1036696 0.1207944 0.1092120 0.0914641 0.1978042 
S0002_G7067_R1_A 0.0915992 0.0748882 0.0731062 0.0983485 0.0704558 0.0625779 0.0822706 0.0912347 0.0651521 0.0000000 0.0796938 0.0870917 0.0960109 0.0991101 0.1132800 0.0926693 0.0732321 0.0914827 0.0995341 0.1267749 0.1430517 0.1277353 0.1095183 0.2176132 
S0030_G7067_R1_A 0.0640199 0.0617695 0.0646472 0.0634622 0.0697623 0.0636281 0.0638188 0.0662056 0.0625142 0.0796938 0.0000000 0.0661621 0.0910751 0.0954423 0.0868896 0.0799854 0.0687158 0.0704157 0.0855974 0.1050662 0.1100838 0.0943691 0.0874583 0.1906221 
S0028_G7067_R1_A 0.0793056 0.0662400 0.0664154 0.0745946 0.0718997 0.0652861 0.0766042 0.0626875 0.0668481 0.0870917 0.0661621 0.0000000 0.0976883 0.1020953 0.0938795 0.0858946 0.0662398 0.0668198 0.0923383 0.1084638 0.1213743 0.1077421 0.0895196 0.2039674 
S0011_G7067_R1_A 0.0989883 0.0899179 0.0881889 0.0983411 0.0852662 0.0806946 0.0956226 0.0988910 0.0788687 0.0960109 0.0910751 0.0976883 0.0000000 0.0208981 0.1154613 0.1033326 0.0854257 0.1002373 0.1091573 0.1380045 0.1446584 0.1325177 0.1139630 0.2257629 
S0011_G7067_R2_A 0.1039154 0.0916152 0.0918084 0.1008447 0.0889149 0.0830110 0.0998735 0.1008415 0.0846924 0.0991101 0.0954423 0.1020953 0.0208981 0.0000000 0.1206631 0.1064007 0.0896743 0.1040053 0.1155641 0.1430666 0.1475306 0.1341329 0.1227211 0.2312909 
S0013_G7067_R2_A 0.0951391 0.0976441 0.1003669 0.0675541 0.0966780 0.0970839 0.0998330 0.0913858 0.0968513 0.1132800 0.0868896 0.0938795 0.1154613 0.1206631 0.0000000 0.1138960 0.0993993 0.0982316 0.1251344 0.1351256 0.1173048 0.1026253 0.1124180 0.2260351 
S0018_G7067_R1_A 0.0841540 0.0769946 0.0723665 0.0954659 0.0774428 0.0759204 0.0779478 0.0902486 0.0733598 0.0926693 0.0799854 0.0858946 0.1033326 0.1064007 0.1138960 0.0000000 0.0518239 0.0918264 0.1035491 0.1216117 0.1359890 0.1235968 0.1054473 0.2185774 
S0031_G7067_R1_A 0.0723584 0.0654114 0.0577377 0.0806962 0.0657001 0.0602566 0.0656670 0.0739896 0.0581236 0.0732321 0.0687158 0.0662398 0.0854257 0.0896743 0.0993993 0.0518239 0.0000000 0.0801676 0.0852872 0.1084581 0.1202955 0.1086947 0.0907204 0.1913478 
S0021_G7067_R1_A 0.0852791 0.0735024 0.0782951 0.0806471 0.0803108 0.0729375 0.0809926 0.0686291 0.0727008 0.0914827 0.0704157 0.0668198 0.1002373 0.1040053 0.0982316 0.0918264 0.0801676 0.0000000 0.0984174 0.1214136 0.1194015 0.1061441 0.0897845 0.1994530 
S0037_G7067_R1_A 0.0965499 0.0835919 0.0844759 0.0998981 0.0859396 0.0820504 0.0864656 0.0955632 0.0782542 0.0995341 0.0855974 0.0923383 0.1091573 0.1155641 0.1251344 0.1035491 0.0852872 0.0984174 0.0000000 0.1280512 0.1412209 0.1303229 0.1112345 0.2091376 
S0012_G7067_R1_A 0.1174211 0.1065170 0.1122262 0.1149391 0.1128856 0.1026428 0.1165447 0.1110832 0.1036696 0.1267749 0.1050662 0.1084638 0.1380045 0.1430666 0.1351256 0.1216117 0.1084581 0.1214136 0.1280512 0.0000000 0.1542408 0.1400541 0.1242367 0.2433079 
S0048_G7067_R1_A 0.1194659 0.1192051 0.1250101 0.1008875 0.1260192 0.1213969 0.1187169 0.1128367 0.1207944 0.1430517 0.1100838 0.1213743 0.1446584 0.1475306 0.1173048 0.1359890 0.1202955 0.1194015 0.1412209 0.1542408 0.0000000 0.0644220 0.1373381 0.2528109 
S0050_G7067_R1_A 0.1072402 0.1063153 0.1120237 0.0904161 0.1113935 0.1075607 0.1101360 0.1016341 0.1092120 0.1277353 0.0943691 0.1077421 0.1325177 0.1341329 0.1026253 0.1235968 0.1086947 0.1061441 0.1303229 0.1400541 0.0644220 0.0000000 0.1267458 0.2379075 
S0017_G7067_R1_A 0.0993205 0.0895758 0.0943495 0.0927743 0.0955843 0.0909221 0.0967769 0.0855278 0.0914641 0.1095183 0.0874583 0.0895196 0.1139630 0.1227211 0.1124180 0.1054473 0.0907204 0.0897845 0.1112345 0.1242367 0.1373381 0.1267458 0.0000000 0.2108466 
S0005_G7067_R1_A 0.2014027 0.1903148 0.1979526 0.2037122 0.2052300 0.1954772 0.2075016 0.1960960 0.1978042 0.2176132 0.1906221 0.2039674 0.2257629 0.2312909 0.2260351 0.2185774 0.1913478 0.1994530 0.2091376 0.2433079 0.2528109 0.2379075 0.2108466 0.0000000 
