22
S0005_G7128_R1_A 0.0000000 0.5250560 0.4432767 0.4277853 0.4379015 0.4545977 0.4563155 0.4694592 0.4629546 0.4422830 0.4608399 0.4604384 0.4750411 0.4979977 0.4864263 0.4794344 0.4893393 0.4461626 0.4364476 0.4412808 0.4267513 0.4441790 
S0012_G7128_R1_A 0.5250560 0.0000000 0.1281543 0.1349037 0.1311900 0.1410096 0.1374105 0.1406000 0.1359961 0.1259814 0.1419001 0.1443547 0.1371635 0.1556889 0.1536953 0.1341657 0.1585249 0.1224697 0.1267235 0.1407863 0.1274206 0.1421922 
S0028_G7128_R1_A 0.4432767 0.1281543 0.0000000 0.0636473 0.0584197 0.0655333 0.0691636 0.0861788 0.0698219 0.0706446 0.0746111 0.0871386 0.0828973 0.0957950 0.0935115 0.0801451 0.1024924 0.0774188 0.0644015 0.0888459 0.0677356 0.0737836 
S0020_G7128_R1_A 0.4277853 0.1349037 0.0636473 0.0000000 0.0312937 0.0639028 0.0755676 0.0871993 0.0572230 0.0630405 0.0717147 0.0790504 0.0767328 0.0975772 0.0973528 0.0696500 0.1056248 0.0737366 0.0676078 0.0871986 0.0610110 0.0689671 
S0019_G7128_R1_A 0.4379015 0.1311900 0.0584197 0.0312937 0.0000000 0.0607021 0.0729728 0.0824993 0.0573112 0.0592819 0.0691519 0.0788264 0.0747030 0.0942081 0.0933406 0.0695576 0.1003050 0.0690973 0.0628957 0.0821064 0.0571407 0.0695343 
S0026_G7128_R1_A 0.4545977 0.1410096 0.0655333 0.0639028 0.0607021 0.0000000 0.0752156 0.0851762 0.0698459 0.0725671 0.0794563 0.0816147 0.0865890 0.1115791 0.1065521 0.0786794 0.1074026 0.0805011 0.0668519 0.0839183 0.0653022 0.0717283 
S0046_G7128_R1_A 0.4563155 0.1374105 0.0691636 0.0755676 0.0729728 0.0752156 0.0000000 0.0890122 0.0693735 0.0711720 0.0809976 0.0809386 0.0839581 0.1091126 0.1023627 0.0794121 0.1071623 0.0776495 0.0651645 0.0913279 0.0726858 0.0756716 
S0017_G7128_R1_A 0.4694592 0.1406000 0.0861788 0.0871993 0.0824993 0.0851762 0.0890122 0.0000000 0.0881126 0.0837688 0.0961633 0.0967002 0.0959728 0.1244408 0.1184470 0.0953400 0.1166260 0.0919411 0.0828715 0.1031567 0.0827988 0.0888547 
S0036_G7128_R1_A 0.4629546 0.1359961 0.0698219 0.0572230 0.0573112 0.0698459 0.0693735 0.0881126 0.0000000 0.0679885 0.0681766 0.0753413 0.0776223 0.0989625 0.0953214 0.0688089 0.1003844 0.0719898 0.0664379 0.0841944 0.0660835 0.0737800 
S0030_G7128_R1_A 0.4422830 0.1259814 0.0706446 0.0630405 0.0592819 0.0725671 0.0711720 0.0837688 0.0679885 0.0000000 0.0718717 0.0767419 0.0764944 0.1025015 0.1004271 0.0780138 0.1039907 0.0709578 0.0653941 0.0815608 0.0650234 0.0765313 
S0011_G7128_R1_A 0.4608399 0.1419001 0.0746111 0.0717147 0.0691519 0.0794563 0.0809976 0.0961633 0.0681766 0.0718717 0.0000000 0.0893188 0.0874454 0.1112711 0.1057831 0.0769872 0.1141835 0.0810498 0.0747159 0.0910313 0.0726807 0.0823505 
S0022_G7128_R1_A 0.4604384 0.1443547 0.0871386 0.0790504 0.0788264 0.0816147 0.0809386 0.0967002 0.0753413 0.0767419 0.0893188 0.0000000 0.0889792 0.1136237 0.1091448 0.0859804 0.1101672 0.0794927 0.0738927 0.0896834 0.0700807 0.0865918 
S0013_G7128_R1_A 0.4750411 0.1371635 0.0828973 0.0767328 0.0747030 0.0865890 0.0839581 0.0959728 0.0776223 0.0764944 0.0874454 0.0889792 0.0000000 0.1036809 0.0965447 0.0868085 0.1085456 0.0736209 0.0695053 0.0874252 0.0700336 0.0843991 
S0048_G7128_R1_A 0.4979977 0.1556889 0.0957950 0.0975772 0.0942081 0.1115791 0.1091126 0.1244408 0.0989625 0.1025015 0.1112711 0.1136237 0.1036809 0.0000000 0.0349568 0.1038219 0.1303212 0.0959929 0.0960482 0.1104723 0.0903997 0.1130378 
S0050_G7128_R1_A 0.4864263 0.1536953 0.0935115 0.0973528 0.0933406 0.1065521 0.1023627 0.1184470 0.0953214 0.1004271 0.1057831 0.1091448 0.0965447 0.0349568 0.0000000 0.0986817 0.1243329 0.0906834 0.0908777 0.1020729 0.0846840 0.1071652 
S0002_G7128_R1_A 0.4794344 0.1341657 0.0801451 0.0696500 0.0695576 0.0786794 0.0794121 0.0953400 0.0688089 0.0780138 0.0769872 0.0859804 0.0868085 0.1038219 0.0986817 0.0000000 0.1069506 0.0784984 0.0769481 0.0942464 0.0720031 0.0869942 
S0037_G7128_R1_A 0.4893393 0.1585249 0.1024924 0.1056248 0.1003050 0.1074026 0.1071623 0.1166260 0.1003844 0.1039907 0.1141835 0.1101672 0.1085456 0.1303212 0.1243329 0.1069506 0.0000000 0.0888852 0.0833883 0.0919852 0.0858190 0.1095035 
S0004_G7128_R1_A 0.4461626 0.1224697 0.0774188 0.0737366 0.0690973 0.0805011 0.0776495 0.0919411 0.0719898 0.0709578 0.0810498 0.0794927 0.0736209 0.0959929 0.0906834 0.0784984 0.0888852 0.0000000 0.0646249 0.0783505 0.0632186 0.0774455 
S0016_G7128_R1_A 0.4364476 0.1267235 0.0644015 0.0676078 0.0628957 0.0668519 0.0651645 0.0828715 0.0664379 0.0653941 0.0747159 0.0738927 0.0695053 0.0960482 0.0908777 0.0769481 0.0833883 0.0646249 0.0000000 0.0741829 0.0560884 0.0723099 
S0018_G7128_R1_A 0.4412808 0.1407863 0.0888459 0.0871986 0.0821064 0.0839183 0.0913279 0.1031567 0.0841944 0.0815608 0.0910313 0.0896834 0.0874252 0.1104723 0.1020729 0.0942464 0.0919852 0.0783505 0.0741829 0.0000000 0.0501933 0.0853459 
S0031_G7128_R1_A 0.4267513 0.1274206 0.0677356 0.0610110 0.0571407 0.0653022 0.0726858 0.0827988 0.0660835 0.0650234 0.0726807 0.0700807 0.0700336 0.0903997 0.0846840 0.0720031 0.0858190 0.0632186 0.0560884 0.0501933 0.0000000 0.0723226 
S0021_G7128_R1_A 0.4441790 0.1421922 0.0737836 0.0689671 0.0695343 0.0717283 0.0756716 0.0888547 0.0737800 0.0765313 0.0823505 0.0865918 0.0843991 0.1130378 0.1071652 0.0869942 0.1095035 0.0774455 0.0723099 0.0853459 0.0723226 0.0000000 
