24
S0030_G7120_R1_A 0.0000000 0.3037284 0.2801005 0.2844520 0.2758929 0.2774244 0.2650511 0.2797180 0.2849730 0.2889843 0.2964833 0.2776226 0.2812865 0.2890396 0.3104104 0.3062928 0.4610852 0.2948135 0.3062606 0.2401326 0.2598277 0.3378877 0.5359352 0.5933543 
S0013_G7120_R1_A 0.3037284 0.0000000 0.0899519 0.0947768 0.0915249 0.0922972 0.0789335 0.0856274 0.0904510 0.0916734 0.1005065 0.1021760 0.0841048 0.0832649 0.1019536 0.1002489 0.2455693 0.0987170 0.1226033 0.0852160 0.1276284 0.0982220 0.3496860 0.5782821 
S0028_G7120_R1_A 0.2801005 0.0899519 0.0000000 0.0755322 0.0715422 0.0744684 0.0622820 0.0698029 0.0721069 0.0675455 0.0825519 0.0809763 0.0724500 0.0641995 0.0944567 0.0910764 0.2399371 0.0849898 0.1100687 0.0664414 0.1242346 0.0867161 0.3158710 0.5355503 
S0022_G7120_R1_A 0.2844520 0.0947768 0.0755322 0.0000000 0.0769351 0.0850878 0.0724577 0.0787272 0.0784374 0.0808378 0.0900860 0.0926348 0.0779810 0.0720925 0.0946948 0.0913998 0.2561749 0.0880805 0.1186373 0.0767568 0.1301203 0.0890516 0.3313962 0.5558065 
S0021_G7120_R1_A 0.2758929 0.0915249 0.0715422 0.0769351 0.0000000 0.0712751 0.0575478 0.0612674 0.0724998 0.0678048 0.0798146 0.0800305 0.0692550 0.0616703 0.0915100 0.0900203 0.2363621 0.0748911 0.1055393 0.0626943 0.1179180 0.0825793 0.3205768 0.5592830 
S0004_G7120_R1_A 0.2774244 0.0922972 0.0744684 0.0850878 0.0712751 0.0000000 0.0693233 0.0775829 0.0679931 0.0791623 0.0839425 0.0859489 0.0803240 0.0699165 0.0923541 0.0908365 0.2422009 0.0792508 0.0935614 0.0701468 0.1186596 0.0895392 0.3233636 0.5335725 
S0026_G7120_R1_A 0.2650511 0.0789335 0.0622820 0.0724577 0.0575478 0.0693233 0.0000000 0.0558217 0.0664606 0.0607435 0.0748675 0.0745957 0.0636869 0.0526907 0.0847250 0.0822114 0.2282261 0.0758916 0.1028275 0.0558628 0.1157888 0.0767920 0.3123858 0.5339400 
S0011_G7120_R1_A 0.2797180 0.0856274 0.0698029 0.0787272 0.0612674 0.0775829 0.0558217 0.0000000 0.0707087 0.0615968 0.0834529 0.0829982 0.0556902 0.0488298 0.0893066 0.0878978 0.2380734 0.0780272 0.1095678 0.0470438 0.1221663 0.0820654 0.3201679 0.5452083 
S0016_G7120_R1_A 0.2849730 0.0904510 0.0721069 0.0784374 0.0724998 0.0679931 0.0664606 0.0707087 0.0000000 0.0706730 0.0805929 0.0804363 0.0735856 0.0661512 0.0908604 0.0884215 0.2287582 0.0736308 0.1016646 0.0700176 0.1266206 0.0839629 0.3276525 0.5495462 
S0036_G7120_R1_A 0.2889843 0.0916734 0.0675455 0.0808378 0.0678048 0.0791623 0.0607435 0.0615968 0.0706730 0.0000000 0.0819997 0.0863708 0.0666793 0.0620334 0.0915655 0.0912882 0.2399583 0.0736412 0.1112205 0.0635917 0.1211681 0.0848104 0.2817957 0.5059712 
S0046_G7120_R1_A 0.2964833 0.1005065 0.0825519 0.0900860 0.0798146 0.0839425 0.0748675 0.0834529 0.0805929 0.0819997 0.0000000 0.0914551 0.0848096 0.0756602 0.0992630 0.0957737 0.2597263 0.0899987 0.1173076 0.0773714 0.1291992 0.0911600 0.3349724 0.5576738 
S0031_G7120_R1_A 0.2776226 0.1021760 0.0809763 0.0926348 0.0800305 0.0859489 0.0745957 0.0829982 0.0804363 0.0863708 0.0914551 0.0000000 0.0800219 0.0782633 0.1086294 0.1047027 0.2482689 0.0598997 0.1012784 0.0828382 0.1301427 0.0928209 0.3366517 0.5504397 
S0019_G7120_R1_A 0.2812865 0.0841048 0.0724500 0.0779810 0.0692550 0.0803240 0.0636869 0.0556902 0.0735856 0.0666793 0.0848096 0.0800219 0.0000000 0.0447157 0.0945954 0.0935550 0.2355455 0.0824472 0.1133034 0.0524131 0.1184102 0.0849165 0.3324372 0.5458642 
S0020_G7120_R1_A 0.2890396 0.0832649 0.0641995 0.0720925 0.0616703 0.0699165 0.0526907 0.0488298 0.0661512 0.0620334 0.0756602 0.0782633 0.0447157 0.0000000 0.0886551 0.0859360 0.2352237 0.0733805 0.1036583 0.0484164 0.1162296 0.0740629 0.3307697 0.5496879 
S0048_G7120_R1_A 0.3104104 0.1019536 0.0944567 0.0946948 0.0915100 0.0923541 0.0847250 0.0893066 0.0908604 0.0915655 0.0992630 0.1086294 0.0945954 0.0886551 0.0000000 0.0151878 0.2436968 0.1014144 0.1255097 0.0890211 0.1333097 0.1060830 0.3459067 0.5877979 
S0050_G7120_R1_A 0.3062928 0.1002489 0.0910764 0.0913998 0.0900203 0.0908365 0.0822114 0.0878978 0.0884215 0.0912882 0.0957737 0.1047027 0.0935550 0.0859360 0.0151878 0.0000000 0.2454207 0.1006011 0.1233146 0.0886665 0.1279633 0.1013321 0.3405075 0.5773926 
S0005_G7120_R1_A 0.4610852 0.2455693 0.2399371 0.2561749 0.2363621 0.2422009 0.2282261 0.2380734 0.2287582 0.2399583 0.2597263 0.2482689 0.2355455 0.2352237 0.2436968 0.2454207 0.0000000 0.2367106 0.2744342 0.2292145 0.2186762 0.2502516 0.4091189 0.6559174 
S0018_G7120_R1_A 0.2948135 0.0987170 0.0849898 0.0880805 0.0748911 0.0792508 0.0758916 0.0780272 0.0736308 0.0736412 0.0899987 0.0598997 0.0824472 0.0733805 0.1014144 0.1006011 0.2367106 0.0000000 0.1097594 0.0783311 0.1236664 0.0912570 0.3026774 0.5188085 
S0037_G7120_R1_A 0.3062606 0.1226033 0.1100687 0.1186373 0.1055393 0.0935614 0.1028275 0.1095678 0.1016646 0.1112205 0.1173076 0.1012784 0.1133034 0.1036583 0.1255097 0.1233146 0.2744342 0.1097594 0.0000000 0.1018885 0.1573388 0.1156527 0.3351715 0.5569709 
S0002_G7120_R1_A 0.2401326 0.0852160 0.0664414 0.0767568 0.0626943 0.0701468 0.0558628 0.0470438 0.0700176 0.0635917 0.0773714 0.0828382 0.0524131 0.0484164 0.0890211 0.0886665 0.2292145 0.0783311 0.1018885 0.0000000 0.1172561 0.0726591 0.2782593 0.5028263 
S0012_G7120_R1_A 0.2598277 0.1276284 0.1242346 0.1301203 0.1179180 0.1186596 0.1157888 0.1221663 0.1266206 0.1211681 0.1291992 0.1301427 0.1184102 0.1162296 0.1333097 0.1279633 0.2186762 0.1236664 0.1573388 0.1172561 0.0000000 0.1320162 0.3490492 0.5427494 
S0017_G7120_R1_A 0.3378877 0.0982220 0.0867161 0.0890516 0.0825793 0.0895392 0.0767920 0.0820654 0.0839629 0.0848104 0.0911600 0.0928209 0.0849165 0.0740629 0.1060830 0.1013321 0.2502516 0.0912570 0.1156527 0.0726591 0.1320162 0.0000000 0.2892198 0.5250183 
S0036_G7120_R2_A 0.5359352 0.3496860 0.3158710 0.3313962 0.3205768 0.3233636 0.3123858 0.3201679 0.3276525 0.2817957 0.3349724 0.3366517 0.3324372 0.3307697 0.3459067 0.3405075 0.4091189 0.3026774 0.3351715 0.2782593 0.3490492 0.2892198 0.0000000 0.2830355 
S0036_G7120_R3_A 0.5933543 0.5782821 0.5355503 0.5558065 0.5592830 0.5335725 0.5339400 0.5452083 0.5495462 0.5059712 0.5576738 0.5504397 0.5458642 0.5496879 0.5877979 0.5773926 0.6559174 0.5188085 0.5569709 0.5028263 0.5427494 0.5250183 0.2830355 0.0000000 
