23
S0017_G7135_R1_A 0.0000000 0.0896825 0.0879899 0.0924124 0.0887276 0.0818323 0.0859847 0.1035223 0.0993894 0.1004971 0.1079409 0.0918501 0.0940456 0.0887285 0.1193208 0.1138982 0.1040465 0.1535826 0.1378536 0.1105797 0.1865303 0.1799578 0.2741640 
S0022_G7135_R1_A 0.0896825 0.0000000 0.0387257 0.0800760 0.0798676 0.0662382 0.0700300 0.0864310 0.0838136 0.0866191 0.0927257 0.0675958 0.0772562 0.0765170 0.1091507 0.1002980 0.0908847 0.1443030 0.1150993 0.0970717 0.1667327 0.1567828 0.2479383 
S0022_G7135_R2_A 0.0879899 0.0387257 0.0000000 0.0808373 0.0789115 0.0645599 0.0682627 0.0889174 0.0857416 0.0885650 0.0966561 0.0641511 0.0749865 0.0748572 0.1066872 0.0993144 0.0898553 0.1405697 0.1206321 0.0971192 0.1714406 0.1627955 0.2423654 
S0011_G7135_R1_A 0.0924124 0.0800760 0.0808373 0.0000000 0.0801975 0.0586974 0.0605528 0.0868884 0.0799089 0.0808888 0.0885838 0.0771277 0.0723706 0.0561559 0.0850921 0.0976692 0.0871758 0.1412009 0.1181583 0.0996137 0.1626147 0.1635349 0.2415910 
S0016_G7135_R1_A 0.0887276 0.0798676 0.0789115 0.0801975 0.0000000 0.0690063 0.0740022 0.0946348 0.0851692 0.0875356 0.0927895 0.0788454 0.0782444 0.0721838 0.1103107 0.1036698 0.0923448 0.1327808 0.1083296 0.0877750 0.1725863 0.1549957 0.2487051 
S0019_G7135_R1_A 0.0818323 0.0662382 0.0645599 0.0586974 0.0690063 0.0000000 0.0323312 0.0748758 0.0636158 0.0700969 0.0753726 0.0657562 0.0601596 0.0520256 0.0840274 0.0817910 0.0728554 0.1270403 0.1066520 0.0934275 0.1520891 0.1576881 0.2286281 
S0020_G7135_R1_A 0.0859847 0.0700300 0.0682627 0.0605528 0.0740022 0.0323312 0.0000000 0.0805738 0.0701784 0.0740628 0.0771006 0.0719256 0.0631731 0.0546421 0.0888210 0.0882498 0.0791084 0.1375733 0.1125187 0.0941175 0.1575932 0.1555282 0.2350186 
S0026_G7135_R1_A 0.1035223 0.0864310 0.0889174 0.0868884 0.0946348 0.0748758 0.0805738 0.0000000 0.0798533 0.0769924 0.0841749 0.0938052 0.0848674 0.0858636 0.1167073 0.1016367 0.0935730 0.1568754 0.1318203 0.1164174 0.1733301 0.1781820 0.2439265 
S0028_G7135_R1_A 0.0993894 0.0838136 0.0857416 0.0799089 0.0851692 0.0636158 0.0701784 0.0798533 0.0000000 0.0740217 0.0816570 0.0839838 0.0778595 0.0722823 0.1055466 0.0907953 0.0810760 0.1509246 0.1236674 0.1066937 0.1614546 0.1698590 0.2386557 
S0021_G7135_R1_A 0.1004971 0.0866191 0.0885650 0.0808888 0.0875356 0.0700969 0.0740628 0.0769924 0.0740217 0.0000000 0.0234005 0.0880716 0.0771380 0.0762380 0.1093379 0.0994624 0.0875824 0.1448664 0.1230962 0.1058724 0.1669456 0.1691377 0.2360839 
S0021_G7135_R2_A 0.1079409 0.0927257 0.0966561 0.0885838 0.0927895 0.0753726 0.0771006 0.0841749 0.0816570 0.0234005 0.0000000 0.0960647 0.0848760 0.0786772 0.1149622 0.1070960 0.0955072 0.1519714 0.1299792 0.1122949 0.1737591 0.1800368 0.2411627 
S0030_G7135_R1_A 0.0918501 0.0675958 0.0641511 0.0771277 0.0788454 0.0657562 0.0719256 0.0938052 0.0839838 0.0880716 0.0960647 0.0000000 0.0768768 0.0749822 0.1000790 0.1011773 0.0923279 0.1343914 0.1154010 0.0978850 0.1628384 0.1592611 0.2491311 
S0046_G7135_R1_A 0.0940456 0.0772562 0.0749865 0.0723706 0.0782444 0.0601596 0.0631731 0.0848674 0.0778595 0.0771380 0.0848760 0.0768768 0.0000000 0.0700549 0.1006549 0.0934483 0.0817706 0.1413098 0.1209496 0.0985277 0.1612310 0.1682450 0.2416555 
S0036_G7135_R1_A 0.0887285 0.0765170 0.0748572 0.0561559 0.0721838 0.0520256 0.0546421 0.0858636 0.0722823 0.0762380 0.0786772 0.0749822 0.0700549 0.0000000 0.0851828 0.0917675 0.0784162 0.1395192 0.1154770 0.0935156 0.1543334 0.1729784 0.2205963 
S0002_G7135_R1_A 0.1193208 0.1091507 0.1066872 0.0850921 0.1103107 0.0840274 0.0888210 0.1167073 0.1055466 0.1093379 0.1149622 0.1000790 0.1006549 0.0851828 0.0000000 0.1202328 0.1128957 0.1432874 0.1188392 0.1085796 0.1634195 0.1641272 0.2500970 
S0048_G7135_R1_A 0.1138982 0.1002980 0.0993144 0.0976692 0.1036698 0.0817910 0.0882498 0.1016367 0.0907953 0.0994624 0.1070960 0.1011773 0.0934483 0.0917675 0.1202328 0.0000000 0.0192077 0.1551992 0.1371016 0.1217196 0.1581731 0.1881409 0.2572991 
S0050_G7135_R1_A 0.1040465 0.0908847 0.0898553 0.0871758 0.0923448 0.0728554 0.0791084 0.0935730 0.0810760 0.0875824 0.0955072 0.0923279 0.0817706 0.0784162 0.1128957 0.0192077 0.0000000 0.1411565 0.1244661 0.1093497 0.1491076 0.1767130 0.2551127 
S0018_G7135_R1_A 0.1535826 0.1443030 0.1405697 0.1412009 0.1327808 0.1270403 0.1375733 0.1568754 0.1509246 0.1448664 0.1519714 0.1343914 0.1413098 0.1395192 0.1432874 0.1551992 0.1411565 0.0000000 0.0555261 0.1269190 0.1954724 0.1486630 0.2946589 
S0031_G7135_R1_A 0.1378536 0.1150993 0.1206321 0.1181583 0.1083296 0.1066520 0.1125187 0.1318203 0.1236674 0.1230962 0.1299792 0.1154010 0.1209496 0.1154770 0.1188392 0.1371016 0.1244661 0.0555261 0.0000000 0.1065649 0.1732265 0.1266321 0.2680945 
S0004_G7135_R1_A 0.1105797 0.0970717 0.0971192 0.0996137 0.0877750 0.0934275 0.0941175 0.1164174 0.1066937 0.1058724 0.1122949 0.0978850 0.0985277 0.0935156 0.1085796 0.1217196 0.1093497 0.1269190 0.1065649 0.0000000 0.1713537 0.1461646 0.2565046 
S0012_G7135_R1_A 0.1865303 0.1667327 0.1714406 0.1626147 0.1725863 0.1520891 0.1575932 0.1733301 0.1614546 0.1669456 0.1737591 0.1628384 0.1612310 0.1543334 0.1634195 0.1581731 0.1491076 0.1954724 0.1732265 0.1713537 0.0000000 0.2227223 0.2938393 
S0037_G7135_R1_A 0.1799578 0.1567828 0.1627955 0.1635349 0.1549957 0.1576881 0.1555282 0.1781820 0.1698590 0.1691377 0.1800368 0.1592611 0.1682450 0.1729784 0.1641272 0.1881409 0.1767130 0.1486630 0.1266321 0.1461646 0.2227223 0.0000000 0.3038788 
S0005_G7135_R1_A 0.2741640 0.2479383 0.2423654 0.2415910 0.2487051 0.2286281 0.2350186 0.2439265 0.2386557 0.2360839 0.2411627 0.2491311 0.2416555 0.2205963 0.2500970 0.2572991 0.2551127 0.2946589 0.2680945 0.2565046 0.2938393 0.3038788 0.0000000 
