22
S0002_G7141_R1_A 0.0000000 0.0632443 0.0677461 0.0680365 0.0784715 0.0834198 0.0916793 0.0940390 0.0773569 0.0619186 0.0843162 0.0985855 0.0694503 0.0956981 0.0870523 0.1060802 0.0889155 0.1309066 0.0961907 0.1284746 0.0772322 0.2781547 
S0020_G7141_R1_A 0.0632443 0.0000000 0.0625358 0.0639564 0.0688374 0.0750566 0.0891598 0.0891920 0.0759758 0.0594448 0.0824958 0.0957105 0.0691360 0.0949198 0.0805326 0.1026217 0.0880612 0.1292764 0.0911044 0.1290263 0.0745554 0.2682016 
S0019_G7141_R1_A 0.0677461 0.0625358 0.0000000 0.0684080 0.0666068 0.0739093 0.0902243 0.0891127 0.0796434 0.0671325 0.0893219 0.0865651 0.0679184 0.1032653 0.0851748 0.1029004 0.0864877 0.1279357 0.0881463 0.1315531 0.0773652 0.2714266 
S0011_G7141_R1_A 0.0680365 0.0639564 0.0684080 0.0000000 0.0784695 0.0849497 0.0949580 0.0950263 0.0798787 0.0688480 0.0882749 0.0961706 0.0711045 0.0960300 0.0853520 0.1082529 0.0944364 0.1334030 0.1002420 0.1332692 0.0776593 0.2764760 
S0030_G7141_R1_A 0.0784715 0.0688374 0.0666068 0.0784695 0.0000000 0.0671616 0.0884370 0.0895923 0.0709104 0.0727509 0.0811652 0.0889512 0.0651994 0.0884944 0.0789318 0.1007616 0.0802826 0.1252841 0.0832642 0.1317072 0.0621425 0.2668866 
S0022_G7141_R1_A 0.0834198 0.0750566 0.0739093 0.0849497 0.0671616 0.0000000 0.0962907 0.0980591 0.0778336 0.0837016 0.0891835 0.0939704 0.0702206 0.0986513 0.0893948 0.1003566 0.0814228 0.1250543 0.0906591 0.1283644 0.0755904 0.2679411 
S0048_G7141_R1_A 0.0916793 0.0891598 0.0902243 0.0949580 0.0884370 0.0962907 0.0000000 0.0101332 0.0957409 0.0976607 0.0981770 0.0878257 0.0909310 0.1152909 0.0977850 0.1204993 0.1011092 0.1485662 0.1095489 0.1355215 0.0915638 0.2813975 
S0050_G7141_R1_A 0.0940390 0.0891920 0.0891127 0.0950263 0.0895923 0.0980591 0.0101332 0.0000000 0.0989385 0.0989273 0.1020310 0.0883628 0.0915269 0.1147061 0.0998402 0.1239383 0.1025296 0.1486236 0.1109177 0.1349191 0.0930947 0.2848781 
S0028_G7141_R1_A 0.0773569 0.0759758 0.0796434 0.0798787 0.0709104 0.0778336 0.0957409 0.0989385 0.0000000 0.0768831 0.0843660 0.1019651 0.0628592 0.0937060 0.0894964 0.1033648 0.0853234 0.1168833 0.0876954 0.1277630 0.0689376 0.2644986 
S0036_G7141_R1_A 0.0619186 0.0594448 0.0671325 0.0688480 0.0727509 0.0837016 0.0976607 0.0989273 0.0768831 0.0000000 0.0843042 0.1047349 0.0686369 0.0891922 0.0830983 0.1018368 0.0818097 0.1205412 0.0917418 0.1329606 0.0703674 0.2725120 
S0046_G7141_R1_A 0.0843162 0.0824958 0.0893219 0.0882749 0.0811652 0.0891835 0.0981770 0.1020310 0.0843660 0.0843042 0.0000000 0.1077753 0.0734799 0.1070564 0.0909659 0.1121133 0.0909719 0.1377357 0.0976763 0.1359113 0.0798527 0.2738952 
S0013_G7141_R1_A 0.0985855 0.0957105 0.0865651 0.0961706 0.0889512 0.0939704 0.0878257 0.0883628 0.1019651 0.1047349 0.1077753 0.0000000 0.0868388 0.1161773 0.0950272 0.1272924 0.1100483 0.1448579 0.1094478 0.1368516 0.0923438 0.2909743 
S0026_G7141_R1_A 0.0694503 0.0691360 0.0679184 0.0711045 0.0651994 0.0702206 0.0909310 0.0915269 0.0628592 0.0686369 0.0734799 0.0868388 0.0000000 0.0805222 0.0674238 0.0876307 0.0651385 0.1112546 0.0823334 0.1200134 0.0528198 0.2531523 
S0017_G7141_R1_A 0.0956981 0.0949198 0.1032653 0.0960300 0.0884944 0.0986513 0.1152909 0.1147061 0.0937060 0.0891922 0.1070564 0.1161773 0.0805222 0.0000000 0.1073674 0.1180319 0.1029151 0.1332052 0.1021024 0.1477272 0.0903165 0.2739068 
S0016_G7141_R1_A 0.0870523 0.0805326 0.0851748 0.0853520 0.0789318 0.0893948 0.0977850 0.0998402 0.0894964 0.0830983 0.0909659 0.0950272 0.0674238 0.1073674 0.0000000 0.1074052 0.0879409 0.1281591 0.0912147 0.1324258 0.0877940 0.2806413 
S0018_G7141_R1_A 0.1060802 0.1026217 0.1029004 0.1082529 0.1007616 0.1003566 0.1204993 0.1239383 0.1033648 0.1018368 0.1121133 0.1272924 0.0876307 0.1180319 0.1074052 0.0000000 0.0545417 0.1118313 0.0907717 0.1539066 0.0950335 0.2925942 
S0031_G7141_R1_A 0.0889155 0.0880612 0.0864877 0.0944364 0.0802826 0.0814228 0.1011092 0.1025296 0.0853234 0.0818097 0.0909719 0.1100483 0.0651385 0.1029151 0.0879409 0.0545417 0.0000000 0.0953097 0.0701185 0.1383211 0.0774556 0.2801234 
S0037_G7141_R1_A 0.1309066 0.1292764 0.1279357 0.1334030 0.1252841 0.1250543 0.1485662 0.1486236 0.1168833 0.1205412 0.1377357 0.1448579 0.1112546 0.1332052 0.1281591 0.1118313 0.0953097 0.0000000 0.1078520 0.1733556 0.1086232 0.3167518 
S0004_G7141_R1_A 0.0961907 0.0911044 0.0881463 0.1002420 0.0832642 0.0906591 0.1095489 0.1109177 0.0876954 0.0917418 0.0976763 0.1094478 0.0823334 0.1021024 0.0912147 0.0907717 0.0701185 0.1078520 0.0000000 0.1405176 0.0837483 0.2902107 
S0012_G7141_R1_A 0.1284746 0.1290263 0.1315531 0.1332692 0.1317072 0.1283644 0.1355215 0.1349191 0.1277630 0.1329606 0.1359113 0.1368516 0.1200134 0.1477272 0.1324258 0.1539066 0.1383211 0.1733556 0.1405176 0.0000000 0.1285160 0.3150402 
S0021_G7141_R1_A 0.0772322 0.0745554 0.0773652 0.0776593 0.0621425 0.0755904 0.0915638 0.0930947 0.0689376 0.0703674 0.0798527 0.0923438 0.0528198 0.0903165 0.0877940 0.0950335 0.0774556 0.1086232 0.0837483 0.1285160 0.0000000 0.2493280 
S0005_G7141_R1_A 0.2781547 0.2682016 0.2714266 0.2764760 0.2668866 0.2679411 0.2813975 0.2848781 0.2644986 0.2725120 0.2738952 0.2909743 0.2531523 0.2739068 0.2806413 0.2925942 0.2801234 0.3167518 0.2902107 0.3150402 0.2493280 0.0000000 
