23
S0028_G7174_R1_A 0.0000000 0.0653583 0.0934872 0.0694493 0.0468400 0.0623649 0.0672741 0.0688273 0.0832129 0.0981039 0.0730191 0.0625887 0.2625905 0.1743033 0.2434526 0.0726440 0.0698886 0.1084955 0.1085509 0.2676784 0.0837429 0.1014777 0.0944340 
S0046_G7174_R1_A 0.0653583 0.0000000 0.0994002 0.0804369 0.0677706 0.0825192 0.0715763 0.0907602 0.0875196 0.1082278 0.0921409 0.0720325 0.2529616 0.1722007 0.2404944 0.0822079 0.0793918 0.1190183 0.1091310 0.2866511 0.0851980 0.1187179 0.1049174 
S0013_G7174_R1_A 0.0934872 0.0994002 0.0000000 0.0925030 0.0971739 0.1070850 0.1000485 0.1111839 0.1148037 0.1362112 0.1169048 0.1045535 0.2733616 0.1863474 0.2554766 0.1080596 0.1078082 0.1356932 0.1418947 0.3100944 0.1155270 0.1315154 0.1205878 
S0016_G7174_R1_A 0.0694493 0.0804369 0.0925030 0.0000000 0.0705048 0.0813476 0.0837839 0.0948804 0.0743465 0.1029147 0.0932872 0.0842293 0.2658439 0.1927996 0.2455923 0.0877113 0.0861559 0.1203287 0.1132639 0.2791144 0.0841153 0.1205687 0.1065820 
S0021_G7174_R1_A 0.0468400 0.0677706 0.0971739 0.0705048 0.0000000 0.0228788 0.0669803 0.0685864 0.0841805 0.1087018 0.0793015 0.0649482 0.2509701 0.1638802 0.2311012 0.0749840 0.0722262 0.1079638 0.1066891 0.2710656 0.0819756 0.1109392 0.0974654 
S0021_G7174_R2_A 0.0623649 0.0825192 0.1070850 0.0813476 0.0228788 0.0000000 0.0778300 0.0806233 0.0950970 0.1228476 0.0915669 0.0795607 0.2795171 0.1929305 0.2622531 0.0857881 0.0829657 0.1236404 0.1197205 0.2857071 0.0956223 0.1243892 0.1089978 
S0036_G7174_R1_A 0.0672741 0.0715763 0.1000485 0.0837839 0.0669803 0.0778300 0.0000000 0.0828567 0.0936517 0.1103309 0.0818879 0.0619639 0.2735016 0.2006514 0.2706100 0.0682126 0.0667296 0.1141472 0.1100996 0.2823012 0.0916037 0.1200104 0.1058734 
S0026_G7174_R1_A 0.0688273 0.0907602 0.1111839 0.0948804 0.0685864 0.0806233 0.0828567 0.0000000 0.1101415 0.1283350 0.0997530 0.0888246 0.2861178 0.1998691 0.2695218 0.0952452 0.0923705 0.1305428 0.1337076 0.2900354 0.1109070 0.1314483 0.1205770 
S0004_G7174_R1_A 0.0832129 0.0875196 0.1148037 0.0743465 0.0841805 0.0950970 0.0936517 0.1101415 0.0000000 0.1183372 0.1088025 0.0884481 0.2637856 0.1774059 0.2672840 0.0946534 0.0944366 0.1346184 0.1301645 0.2766619 0.0979986 0.1373960 0.1184078 
S0017_G7174_R1_A 0.0981039 0.1082278 0.1362112 0.1029147 0.1087018 0.1228476 0.1103309 0.1283350 0.1183372 0.0000000 0.1286168 0.1148834 0.2521916 0.1647053 0.2469177 0.1223901 0.1164832 0.1505620 0.1508517 0.2999961 0.1288536 0.1582401 0.1469769 
S0002_G7174_R1_A 0.0730191 0.0921409 0.1169048 0.0932872 0.0793015 0.0915669 0.0818879 0.0997530 0.1088025 0.1286168 0.0000000 0.0810252 0.2734948 0.2006471 0.2706026 0.0843990 0.0842541 0.1295937 0.1296394 0.2986125 0.1096965 0.1364791 0.1238888 
S0011_G7174_R1_A 0.0625887 0.0720325 0.1045535 0.0842293 0.0649482 0.0795607 0.0619639 0.0888246 0.0884481 0.1148834 0.0810252 0.0000000 0.2788348 0.1924609 0.2615559 0.0634627 0.0620170 0.1199145 0.1227015 0.2725849 0.0945374 0.1119492 0.1095684 
S0031_G7174_R1_A 0.2625905 0.2529616 0.2733616 0.2658439 0.2509701 0.2795171 0.2735016 0.2861178 0.2637856 0.2521916 0.2734948 0.2788348 0.0000000 0.1205687 0.1743110 0.2588890 0.2661883 0.2875515 0.2937730 0.3261245 0.2606826 1.0561004 0.7069551 
S0022_G7174_R1_A 0.1743033 0.1722007 0.1863474 0.1927996 0.1638802 0.1929305 0.2006514 0.1998691 0.1774059 0.1647053 0.2006471 0.1924609 0.1205687 0.0000000 0.0851721 0.1716492 0.1790014 0.2008978 0.2076336 0.2345196 0.2011700 0.9464962 0.5408355 
S0030_G7174_R1_A 0.2434526 0.2404944 0.2554766 0.2455923 0.2311012 0.2622531 0.2706100 0.2695218 0.2672840 0.2469177 0.2706026 0.2615559 0.1743110 0.0851721 0.0000000 0.2396619 0.2476071 0.2710029 0.2703118 0.2941078 0.2563413 1.4864291 0.7705511 
S0019_G7174_R1_A 0.0726440 0.0822079 0.1080596 0.0877113 0.0749840 0.0857881 0.0682126 0.0952452 0.0946534 0.1223901 0.0843990 0.0634627 0.2588890 0.1716492 0.2396619 0.0000000 0.0376772 0.1246822 0.1291034 0.2806258 0.0993564 0.1340490 0.1200787 
S0020_G7174_R1_A 0.0698886 0.0793918 0.1078082 0.0861559 0.0722262 0.0829657 0.0667296 0.0923705 0.0944366 0.1164832 0.0842541 0.0620170 0.2661883 0.1790014 0.2476071 0.0376772 0.0000000 0.1175255 0.1260301 0.2905502 0.0964591 0.1286957 0.1164696 
S0012_G7174_R1_A 0.1084955 0.1190183 0.1356932 0.1203287 0.1079638 0.1236404 0.1141472 0.1305428 0.1346184 0.1505620 0.1295937 0.1199145 0.2875515 0.2008978 0.2710029 0.1246822 0.1175255 0.0000000 0.1419440 0.3200574 0.1228255 0.1523718 0.1326802 
S0037_G7174_R1_A 0.1085509 0.1091310 0.1418947 0.1132639 0.1066891 0.1197205 0.1100996 0.1337076 0.1301645 0.1508517 0.1296394 0.1227015 0.2937730 0.2076336 0.2703118 0.1291034 0.1260301 0.1419440 0.0000000 0.3213755 0.1083181 0.1633303 0.1415999 
S0005_G7174_R1_A 0.2676784 0.2866511 0.3100944 0.2791144 0.2710656 0.2857071 0.2823012 0.2900354 0.2766619 0.2999961 0.2986125 0.2725849 0.3261245 0.2345196 0.2941078 0.2806258 0.2905502 0.3200574 0.3213755 0.0000000 0.2931573 0.3477927 0.3279036 
S0018_G7174_R1_A 0.0837429 0.0851980 0.1155270 0.0841153 0.0819756 0.0956223 0.0916037 0.1109070 0.0979986 0.1288536 0.1096965 0.0945374 0.2606826 0.2011700 0.2563413 0.0993564 0.0964591 0.1228255 0.1083181 0.2931573 0.0000000 0.1365491 0.1173064 
S0048_G7174_R1_A 0.1014777 0.1187179 0.1315154 0.1205687 0.1109392 0.1243892 0.1200104 0.1314483 0.1373960 0.1582401 0.1364791 0.1119492 1.0561004 0.9464962 1.4864291 0.1340490 0.1286957 0.1523718 0.1633303 0.3477927 0.1365491 0.0000000 0.0218982 
S0050_G7174_R1_A 0.0944340 0.1049174 0.1205878 0.1065820 0.0974654 0.1089978 0.1058734 0.1205770 0.1184078 0.1469769 0.1238888 0.1095684 0.7069551 0.5408355 0.7705511 0.1200787 0.1164696 0.1326802 0.1415999 0.3279036 0.1173064 0.0218982 0.0000000 
