23
S0020_G7241_R1_A 0.0000000 0.1528481 0.1445204 0.0995407 0.1784603 0.1621915 0.1744039 0.2317484 0.0984399 0.2809129 0.1158905 0.2045860 0.1358477 0.1102342 0.1184873 0.1433275 0.1391383 0.1350336 0.2009984 0.1949129 0.1662793 0.2636597 0.1215343 
S0011_G7241_R1_A 0.1528481 0.0000000 0.1822938 0.1209602 0.1919557 0.1806118 0.1861375 0.2439111 0.1400283 0.3139069 0.1302956 0.2122063 0.1575013 0.1428159 0.1263740 0.1580323 0.1731769 0.1580485 0.2152878 0.2370212 0.1984282 0.2685238 0.2081752 
S0017_G7241_R1_A 0.1445204 0.1822938 0.0000000 0.1553172 0.2122241 0.1882843 0.1936878 0.2589660 0.1366781 0.3244919 0.1414720 0.2214026 0.1543129 0.1418329 0.1415492 0.1597850 0.1531415 0.1466729 0.2271112 0.2239675 0.1943467 0.2783340 0.1961495 
S0002_G7241_R1_A 0.0995407 0.1209602 0.1553172 0.0000000 0.1447178 0.1397451 0.1459746 0.2095240 0.1030649 0.2868245 0.0999071 0.1800314 0.1213704 0.0957463 0.0963973 0.1133355 0.1485931 0.1262671 0.1644099 0.1862691 0.1563956 0.2310086 0.1780163 
S0031_G7241_R1_A 0.1784603 0.1919557 0.2122241 0.1447178 0.0000000 0.1564643 0.1618979 0.2551485 0.1627556 0.3596072 0.1454500 0.2135884 0.1543411 0.1556436 0.1500370 0.1572767 0.1875156 0.1642519 0.0759697 0.1880509 0.1704766 0.2728210 0.2416578 
S0016_G7241_R1_A 0.1621915 0.1806118 0.1882843 0.1397451 0.1564643 0.0000000 0.0423149 0.2419217 0.1550390 0.3353927 0.1428155 0.2103584 0.1454600 0.1336510 0.1413744 0.1472263 0.1686738 0.1410034 0.1798112 0.1958284 0.1484243 0.2634671 0.2291575 
S0016_G7241_R2_A 0.1744039 0.1861375 0.1936878 0.1459746 0.1618979 0.0423149 0.0000000 0.2478946 0.1608999 0.3333579 0.1473074 0.2194292 0.1541922 0.1408024 0.1476988 0.1564942 0.1761732 0.1497518 0.1760912 0.1949126 0.1549292 0.2680759 0.2341205 
S0050_G7241_R1_A 0.2317484 0.2439111 0.2589660 0.2095240 0.2551485 0.2419217 0.2478946 0.0000000 0.2376489 0.3616023 0.2152556 0.2528717 0.1737044 0.2017411 0.2103594 0.2064562 0.2101852 0.2144419 0.2847573 0.2676245 0.2648142 0.0881035 0.2380345 
S0036_G7241_R1_A 0.0984399 0.1400283 0.1366781 0.1030649 0.1627556 0.1550390 0.1608999 0.2376489 0.0000000 0.2679782 0.1080148 0.1972476 0.1327079 0.1073707 0.1021371 0.1260948 0.1317551 0.1390488 0.1876723 0.1971505 0.1646334 0.2571793 0.1569051 
S0005_G7241_R1_A 0.2809129 0.3139069 0.3244919 0.2868245 0.3596072 0.3353927 0.3333579 0.3616023 0.2679782 0.0000000 0.2761014 0.3846312 0.3181945 0.2919177 0.2919593 0.3208979 0.2987224 0.3350644 0.3784626 0.3802480 0.3166551 0.3914441 0.3509551 
S0021_G7241_R1_A 0.1158905 0.1302956 0.1414720 0.0999071 0.1454500 0.1428155 0.1473074 0.2152556 0.1080148 0.2761014 0.0000000 0.1714466 0.1029260 0.0944033 0.0944036 0.1043913 0.1400673 0.1212945 0.1691420 0.1871810 0.1509265 0.2314625 0.1998653 
S0012_G7241_R1_A 0.2045860 0.2122063 0.2214026 0.1800314 0.2135884 0.2103584 0.2194292 0.2528717 0.1972476 0.3846312 0.1714466 0.0000000 0.1759773 0.1865103 0.1774993 0.1865549 0.1906199 0.1896188 0.2277245 0.2582452 0.1990785 0.2809367 0.2495326 
S0013_G7241_R1_A 0.1358477 0.1575013 0.1543129 0.1213704 0.1543411 0.1454600 0.1541922 0.1737044 0.1327079 0.3181945 0.1029260 0.1759773 0.0000000 0.1083535 0.1089628 0.1126847 0.1404071 0.1225689 0.1797441 0.1953055 0.1543762 0.1972598 0.2030198 
S0028_G7241_R1_A 0.1102342 0.1428159 0.1418329 0.0957463 0.1556436 0.1336510 0.1408024 0.2017411 0.1073707 0.2919177 0.0944033 0.1865103 0.1083535 0.0000000 0.1000371 0.1171367 0.1429197 0.1189567 0.1748996 0.1903444 0.1617262 0.2243457 0.1666962 
S0026_G7241_R1_A 0.1184873 0.1263740 0.1415492 0.0963973 0.1500370 0.1413744 0.1476988 0.2103594 0.1021371 0.2919593 0.0944036 0.1774993 0.1089628 0.1000371 0.0000000 0.1144970 0.1393121 0.1248687 0.1736503 0.1993297 0.1531699 0.2250946 0.1825570 
S0046_G7241_R1_A 0.1433275 0.1580323 0.1597850 0.1133355 0.1572767 0.1472263 0.1564942 0.2064562 0.1260948 0.3208979 0.1043913 0.1865549 0.1126847 0.1171367 0.1144970 0.0000000 0.1206774 0.1289110 0.1786549 0.1909729 0.1574122 0.2234836 0.2034137 
S0030_G7241_R1_A 0.1391383 0.1731769 0.1531415 0.1485931 0.1875156 0.1686738 0.1761732 0.2101852 0.1317551 0.2987224 0.1400673 0.1906199 0.1404071 0.1429197 0.1393121 0.1206774 0.0000000 0.1193507 0.2067872 0.2226377 0.1484761 0.2364736 0.1895706 
S0022_G7241_R1_A 0.1350336 0.1580485 0.1466729 0.1262671 0.1642519 0.1410034 0.1497518 0.2144419 0.1390488 0.3350644 0.1212945 0.1896188 0.1225689 0.1189567 0.1248687 0.1289110 0.1193507 0.0000000 0.1880390 0.1930069 0.1615728 0.2377093 0.2028264 
S0018_G7241_R1_A 0.2009984 0.2152878 0.2271112 0.1644099 0.0759697 0.1798112 0.1760912 0.2847573 0.1876723 0.3784626 0.1691420 0.2277245 0.1797441 0.1748996 0.1736503 0.1786549 0.2067872 0.1880390 0.0000000 0.2112809 0.1849460 0.3010406 0.2594901 
S0037_G7241_R1_A 0.1949129 0.2370212 0.2239675 0.1862691 0.1880509 0.1958284 0.1949126 0.2676245 0.1971505 0.3802480 0.1871810 0.2582452 0.1953055 0.1903444 0.1993297 0.1909729 0.2226377 0.1930069 0.2112809 0.0000000 0.1947579 0.2850206 0.2670845 
S0004_G7241_R1_A 0.1662793 0.1984282 0.1943467 0.1563956 0.1704766 0.1484243 0.1549292 0.2648142 0.1646334 0.3166551 0.1509265 0.1990785 0.1543762 0.1617262 0.1531699 0.1574122 0.1484761 0.1615728 0.1849460 0.1947579 0.0000000 0.2873755 0.2386106 
S0048_G7241_R1_A 0.2636597 0.2685238 0.2783340 0.2310086 0.2728210 0.2634671 0.2680759 0.0881035 0.2571793 0.3914441 0.2314625 0.2809367 0.1972598 0.2243457 0.2250946 0.2234836 0.2364736 0.2377093 0.3010406 0.2850206 0.2873755 0.0000000 0.2607921 
S0019_G7241_R1_A 0.1215343 0.2081752 0.1961495 0.1780163 0.2416578 0.2291575 0.2341205 0.2380345 0.1569051 0.3509551 0.1998653 0.2495326 0.2030198 0.1666962 0.1825570 0.2034137 0.1895706 0.2028264 0.2594901 0.2670845 0.2386106 0.2607921 0.0000000 
