23
S0048_G7248_R1_A 0.0000000 0.0418902 0.1432883 0.1077941 0.1144971 0.1159656 0.1210046 0.1179361 0.1126643 0.1216795 0.1310233 0.1232053 0.1101435 0.1190697 0.0961648 0.1505093 0.1147748 0.1514783 0.2635789 0.1106292 0.1088409 0.1020471 0.1277536 
S0050_G7248_R1_A 0.0418902 0.0000000 0.1415596 0.1079730 0.1159148 0.1160546 0.1187164 0.1149173 0.1129343 0.1192319 0.1306946 0.1209359 0.1123017 0.1187037 0.0957689 0.1474138 0.1136588 0.1469112 0.2642621 0.1113505 0.1090192 0.1028968 0.1229618 
S0012_G7248_R1_A 0.1432883 0.1415596 0.0000000 0.0995649 0.1148557 0.1227193 0.1230694 0.1193212 0.1141495 0.1173614 0.1401386 0.1176899 0.1163111 0.1237789 0.1271376 0.1503113 0.1127685 0.1583118 0.2676167 0.1104155 0.1170560 0.1065043 0.1252447 
S0036_G7248_R1_A 0.1077941 0.1079730 0.0995649 0.0000000 0.0666004 0.0708261 0.0798422 0.0763798 0.0591857 0.0616502 0.0865169 0.0747699 0.0573786 0.0771175 0.0846784 0.0974263 0.0686197 0.1071371 0.2107272 0.0635722 0.0729546 0.0659501 0.0766627 
S0002_G7248_R1_A 0.1144971 0.1159148 0.1148557 0.0666004 0.0000000 0.0787729 0.0854275 0.0825244 0.0664053 0.0685200 0.0968576 0.0814489 0.0653594 0.0833525 0.0926137 0.1049950 0.0727309 0.1145680 0.2241591 0.0749801 0.0746684 0.0657621 0.0845489 
S0016_G7248_R1_A 0.1159656 0.1160546 0.1227193 0.0708261 0.0787729 0.0000000 0.0859000 0.0824752 0.0728272 0.0797920 0.1038248 0.0790556 0.0755234 0.0890269 0.0898279 0.1083175 0.0772939 0.1142682 0.2333826 0.0755147 0.0759377 0.0663567 0.0895127 
S0021_G7248_R1_A 0.1210046 0.1187164 0.1230694 0.0798422 0.0854275 0.0859000 0.0000000 0.0257714 0.0819760 0.0889433 0.0950825 0.0848733 0.0838502 0.0814991 0.1020521 0.1036940 0.0766413 0.1193470 0.2177156 0.0727344 0.0853726 0.0748143 0.0858231 
S0021_G7248_R2_A 0.1179361 0.1149173 0.1193212 0.0763798 0.0825244 0.0824752 0.0257714 0.0000000 0.0810364 0.0860665 0.0927615 0.0826597 0.0803654 0.0775130 0.0979904 0.1000648 0.0736695 0.1169314 0.2146582 0.0688928 0.0826515 0.0700083 0.0840329 
S0019_G7248_R1_A 0.1126643 0.1129343 0.1141495 0.0591857 0.0664053 0.0728272 0.0819760 0.0810364 0.0000000 0.0518766 0.0876090 0.0783954 0.0604148 0.0807769 0.0892719 0.1016908 0.0687721 0.1044553 0.2231447 0.0728166 0.0722775 0.0635234 0.0728273 
S0020_G7248_R1_A 0.1216795 0.1192319 0.1173614 0.0616502 0.0685200 0.0797920 0.0889433 0.0860665 0.0518766 0.0000000 0.0925693 0.0840324 0.0681320 0.0831486 0.0931303 0.1048072 0.0715780 0.1063483 0.2269823 0.0739981 0.0772552 0.0687960 0.0793198 
S0017_G7248_R1_A 0.1310233 0.1306946 0.1401386 0.0865169 0.0968576 0.1038248 0.0950825 0.0927615 0.0876090 0.0925693 0.0000000 0.0969747 0.0864414 0.0922293 0.1106483 0.1090617 0.0765360 0.1327934 0.2234168 0.0876929 0.0974632 0.0839620 0.0871059 
S0004_G7248_R1_A 0.1232053 0.1209359 0.1176899 0.0747699 0.0814489 0.0790556 0.0848733 0.0826597 0.0783954 0.0840324 0.0969747 0.0000000 0.0764573 0.0869889 0.0976171 0.1077719 0.0756889 0.1185802 0.2222544 0.0741364 0.0837028 0.0718496 0.0829032 
S0011_G7248_R1_A 0.1101435 0.1123017 0.1163111 0.0573786 0.0653594 0.0755234 0.0838502 0.0803654 0.0604148 0.0681320 0.0864414 0.0764573 0.0000000 0.0783264 0.0904567 0.1033435 0.0676418 0.1115676 0.2185719 0.0703148 0.0625599 0.0584374 0.0810519 
S0026_G7248_R1_A 0.1190697 0.1187037 0.1237789 0.0771175 0.0833525 0.0890269 0.0814991 0.0775130 0.0807769 0.0831486 0.0922293 0.0869889 0.0783264 0.0000000 0.0998697 0.1082826 0.0771105 0.1220576 0.2217622 0.0731091 0.0839984 0.0749617 0.0798542 
S0013_G7248_R1_A 0.0961648 0.0957689 0.1271376 0.0846784 0.0926137 0.0898279 0.1020521 0.0979904 0.0892719 0.0931303 0.1106483 0.0976171 0.0904567 0.0998697 0.0000000 0.1216068 0.0888612 0.1286425 0.2394725 0.0901419 0.0932230 0.0799753 0.1024328 
S0046_G7248_R1_A 0.1505093 0.1474138 0.1503113 0.0974263 0.1049950 0.1083175 0.1036940 0.1000648 0.1016908 0.1048072 0.1090617 0.1077719 0.1033435 0.1082826 0.1216068 0.0000000 0.0952861 0.1329276 0.2437589 0.1010340 0.1152010 0.1019299 0.1030087 
S0030_G7248_R1_A 0.1147748 0.1136588 0.1127685 0.0686197 0.0727309 0.0772939 0.0766413 0.0736695 0.0687721 0.0715780 0.0765360 0.0756889 0.0676418 0.0771105 0.0888612 0.0952861 0.0000000 0.1065789 0.2169982 0.0677487 0.0758734 0.0672587 0.0723053 
S0037_G7248_R1_A 0.1514783 0.1469112 0.1583118 0.1071371 0.1145680 0.1142682 0.1193470 0.1169314 0.1044553 0.1063483 0.1327934 0.1185802 0.1115676 0.1220576 0.1286425 0.1329276 0.1065789 0.0000000 0.2641406 0.1074722 0.1020463 0.0919702 0.1196975 
S0005_G7248_R1_A 0.2635789 0.2642621 0.2676167 0.2107272 0.2241591 0.2333826 0.2177156 0.2146582 0.2231447 0.2269823 0.2234168 0.2222544 0.2185719 0.2217622 0.2394725 0.2437589 0.2169982 0.2641406 0.0000000 0.2011067 0.2257902 0.2195313 0.2298738 
S0028_G7248_R1_A 0.1106292 0.1113505 0.1104155 0.0635722 0.0749801 0.0755147 0.0727344 0.0688928 0.0728166 0.0739981 0.0876929 0.0741364 0.0703148 0.0731091 0.0901419 0.1010340 0.0677487 0.1074722 0.2011067 0.0000000 0.0742120 0.0618768 0.0811569 
S0018_G7248_R1_A 0.1088409 0.1090192 0.1170560 0.0729546 0.0746684 0.0759377 0.0853726 0.0826515 0.0722775 0.0772552 0.0974632 0.0837028 0.0625599 0.0839984 0.0932230 0.1152010 0.0758734 0.1020463 0.2257902 0.0742120 0.0000000 0.0408270 0.0892821 
S0031_G7248_R1_A 0.1020471 0.1028968 0.1065043 0.0659501 0.0657621 0.0663567 0.0748143 0.0700083 0.0635234 0.0687960 0.0839620 0.0718496 0.0584374 0.0749617 0.0799753 0.1019299 0.0672587 0.0919702 0.2195313 0.0618768 0.0408270 0.0000000 0.0804442 
S0022_G7248_R1_A 0.1277536 0.1229618 0.1252447 0.0766627 0.0845489 0.0895127 0.0858231 0.0840329 0.0728273 0.0793198 0.0871059 0.0829032 0.0810519 0.0798542 0.1024328 0.1030087 0.0723053 0.1196975 0.2298738 0.0811569 0.0892821 0.0804442 0.0000000 
