23
S0030_G7273_R1_A 0.0000000 0.0883353 0.0840542 0.0807900 0.0880132 0.0790650 0.0959214 0.0813045 0.0864743 0.0930743 0.0974984 0.0928421 0.0715863 0.1138829 0.0803085 0.0949950 0.0924439 0.0934578 0.1100619 0.1365248 0.1280835 0.0767976 0.2074472 
S0026_G7273_R1_A 0.0883353 0.0000000 0.0802344 0.0779176 0.1062802 0.0752301 0.1054937 0.0861482 0.1088923 0.0898406 0.0920570 0.1086885 0.0952387 0.1073966 0.0993135 0.1092497 0.1125271 0.0901005 0.1226861 0.1465913 0.1383044 0.0808355 0.2008243 
S0020_G7273_R1_A 0.0840542 0.0802344 0.0000000 0.0499635 0.0896164 0.0534072 0.0940471 0.0708979 0.0915310 0.0803939 0.0826984 0.0897431 0.0823126 0.1077880 0.0832292 0.0961999 0.0989334 0.0803669 0.1146465 0.1309187 0.1242592 0.0743788 0.1976243 
S0019_G7273_R1_A 0.0807900 0.0779176 0.0499635 0.0000000 0.0859806 0.0503219 0.0871371 0.0627066 0.0869264 0.0762246 0.0808646 0.0841981 0.0751215 0.1082202 0.0753708 0.0895257 0.0897629 0.0818757 0.1089800 0.1310267 0.1165348 0.0682859 0.1890878 
S0004_G7273_R1_A 0.0880132 0.1062802 0.0896164 0.0859806 0.0000000 0.0935437 0.1034087 0.0954870 0.0968262 0.1035741 0.1073388 0.0941660 0.0819468 0.1363935 0.0903027 0.0984276 0.0986375 0.1125885 0.1330667 0.1462362 0.1297462 0.0884080 0.2076740 
S0036_G7273_R1_A 0.0790650 0.0752301 0.0534072 0.0503219 0.0935437 0.0000000 0.0964880 0.0718018 0.0894292 0.0804037 0.0848877 0.0921067 0.0798551 0.1035982 0.0782562 0.1000978 0.1011161 0.0770554 0.1112517 0.1370864 0.1239455 0.0700853 0.2004067 
S0013_G7273_R1_A 0.0959214 0.1054937 0.0940471 0.0871371 0.1034087 0.0964880 0.0000000 0.0957322 0.1046793 0.1041659 0.1082708 0.1118604 0.0906893 0.1299871 0.1018004 0.0915454 0.0925151 0.1222394 0.1425160 0.1368130 0.1499849 0.0928451 0.2187605 
S0022_G7273_R1_A 0.0813045 0.0861482 0.0708979 0.0627066 0.0954870 0.0718018 0.0957322 0.0000000 0.0913589 0.0865998 0.0892553 0.0927650 0.0800406 0.1105870 0.0818421 0.0988374 0.0997142 0.0961133 0.1118528 0.1372776 0.1210286 0.0747165 0.2010149 
S0046_G7273_R1_A 0.0864743 0.1088923 0.0915310 0.0869264 0.0968262 0.0894292 0.1046793 0.0913589 0.0000000 0.1066574 0.1069061 0.0993425 0.0919626 0.1295814 0.0956218 0.1029101 0.1030851 0.1083203 0.1334108 0.1470067 0.1417414 0.0873080 0.2198627 
S0021_G7273_R1_A 0.0930743 0.0898406 0.0803939 0.0762246 0.1035741 0.0804037 0.1041659 0.0865998 0.1066574 0.0000000 0.0326793 0.1003499 0.0868181 0.1203883 0.0972377 0.1017999 0.1024147 0.1049832 0.1269696 0.1411441 0.1354923 0.0934489 0.2096510 
S0021_G7273_R2_A 0.0974984 0.0920570 0.0826984 0.0808646 0.1073388 0.0848877 0.1082708 0.0892553 0.1069061 0.0326793 0.0000000 0.1061888 0.0918848 0.1238176 0.0982374 0.1034159 0.1041245 0.1081261 0.1311814 0.1443658 0.1329182 0.0920938 0.2114910 
S0018_G7273_R1_A 0.0928421 0.1086885 0.0897431 0.0841981 0.0941660 0.0921067 0.1118604 0.0927650 0.0993425 0.1003499 0.1061888 0.0000000 0.0512044 0.1303439 0.0910769 0.1028943 0.1030428 0.1111323 0.1359309 0.1564056 0.1280997 0.0869921 0.2232069 
S0031_G7273_R1_A 0.0715863 0.0952387 0.0823126 0.0751215 0.0819468 0.0798551 0.0906893 0.0800406 0.0919626 0.0868181 0.0918848 0.0512044 0.0000000 0.1253934 0.0789230 0.0874662 0.0884098 0.1024777 0.1238577 0.1354389 0.1234514 0.0743716 0.2073632 
S0028_G7273_R1_A 0.1138829 0.1073966 0.1077880 0.1082202 0.1363935 0.1035982 0.1299871 0.1105870 0.1295814 0.1203883 0.1238176 0.1303439 0.1253934 0.0000000 0.1283469 0.1306353 0.1337891 0.1248334 0.1542907 0.1754347 0.1688661 0.0873922 0.2110418 
S0016_G7273_R1_A 0.0803085 0.0993135 0.0832292 0.0753708 0.0903027 0.0782562 0.1018004 0.0818421 0.0956218 0.0972377 0.0982374 0.0910769 0.0789230 0.1283469 0.0000000 0.0975468 0.0966398 0.1003667 0.1142869 0.1421394 0.1375646 0.0841769 0.2200192 
S0048_G7273_R1_A 0.0949950 0.1092497 0.0961999 0.0895257 0.0984276 0.1000978 0.0915454 0.0988374 0.1029101 0.1017999 0.1034159 0.1028943 0.0874662 0.1306353 0.0975468 0.0000000 0.0308730 0.1238585 0.1395025 0.1400992 0.1429494 0.0996245 0.2195932 
S0050_G7273_R1_A 0.0924439 0.1125271 0.0989334 0.0897629 0.0986375 0.1011161 0.0925151 0.0997142 0.1030851 0.1024147 0.1041245 0.1030428 0.0884098 0.1337891 0.0966398 0.0308730 0.0000000 0.1252394 0.1445366 0.1356964 0.1423578 0.0974378 0.2276927 
S0011_G7273_R1_A 0.0934578 0.0901005 0.0803669 0.0818757 0.1125885 0.0770554 0.1222394 0.0961133 0.1083203 0.1049832 0.1081261 0.1111323 0.1024777 0.1248334 0.1003667 0.1238585 0.1252394 0.0000000 0.1335545 0.1615827 0.1453247 0.0795682 0.2131903 
S0017_G7273_R1_A 0.1100619 0.1226861 0.1146465 0.1089800 0.1330667 0.1112517 0.1425160 0.1118528 0.1334108 0.1269696 0.1311814 0.1359309 0.1238577 0.1542907 0.1142869 0.1395025 0.1445366 0.1335545 0.0000000 0.1777601 0.1657877 0.1138292 0.2430712 
S0012_G7273_R1_A 0.1365248 0.1465913 0.1309187 0.1310267 0.1462362 0.1370864 0.1368130 0.1372776 0.1470067 0.1411441 0.1443658 0.1564056 0.1354389 0.1754347 0.1421394 0.1400992 0.1356964 0.1615827 0.1777601 0.0000000 0.1877367 0.1405961 0.2642026 
S0037_G7273_R1_A 0.1280835 0.1383044 0.1242592 0.1165348 0.1297462 0.1239455 0.1499849 0.1210286 0.1417414 0.1354923 0.1329182 0.1280997 0.1234514 0.1688661 0.1375646 0.1429494 0.1423578 0.1453247 0.1657877 0.1877367 0.0000000 0.1252020 0.2479666 
S0002_G7273_R1_A 0.0767976 0.0808355 0.0743788 0.0682859 0.0884080 0.0700853 0.0928451 0.0747165 0.0873080 0.0934489 0.0920938 0.0869921 0.0743716 0.0873922 0.0841769 0.0996245 0.0974378 0.0795682 0.1138292 0.1405961 0.1252020 0.0000000 0.1870232 
S0005_G7273_R1_A 0.2074472 0.2008243 0.1976243 0.1890878 0.2076740 0.2004067 0.2187605 0.2010149 0.2198627 0.2096510 0.2114910 0.2232069 0.2073632 0.2110418 0.2200192 0.2195932 0.2276927 0.2131903 0.2430712 0.2642026 0.2479666 0.1870232 0.0000000 
