22
S0028_G4471_R1_A 0.0000000 0.1284961 0.0818962 0.0691226 0.0590352 0.0513829 0.0631642 0.0633718 0.0636899 0.0580391 0.0648597 0.0597836 0.0613787 0.0686351 0.0560226 0.0755019 0.0690139 0.0870797 0.1649217 0.0528866 0.0653667 0.2446977 
S0050_G4471_R1_A 0.1284961 0.0000000 0.1604197 0.1527152 0.1395200 0.1291397 0.1456192 0.1425565 0.1455798 0.1393357 0.1428403 0.1351724 0.1416776 0.1318634 0.1383252 0.1547692 0.1459937 0.0688457 0.2448474 0.1384517 0.1237608 0.2731244 
S0037_G4471_R1_U 0.0818962 0.1604197 0.0000000 0.0715299 0.0600105 0.0742918 0.0851361 0.0949099 0.0829969 0.0769557 0.0787508 0.0918465 0.0777651 0.0965508 0.0777767 0.0943207 0.0921002 0.1181217 0.1906299 0.0780698 0.0999409 0.2757000 
S0018_G4471_R1_A 0.0691226 0.1527152 0.0715299 0.0000000 0.0347167 0.0609330 0.0719042 0.0820648 0.0702761 0.0629462 0.0681822 0.0796468 0.0652505 0.0798055 0.0640756 0.0819324 0.0737850 0.1058169 0.1761816 0.0628756 0.0839582 0.2537153 
S0031_G4471_R1_A 0.0590352 0.1395200 0.0600105 0.0347167 0.0000000 0.0520074 0.0637036 0.0703112 0.0617254 0.0535020 0.0556404 0.0673543 0.0547251 0.0720901 0.0555932 0.0738513 0.0663756 0.0938809 0.1689380 0.0547352 0.0782505 0.2361329 
S0036_G4471_R1_A 0.0513829 0.1291397 0.0742918 0.0609330 0.0520074 0.0000000 0.0434002 0.0640568 0.0560956 0.0484573 0.0571747 0.0621286 0.0501721 0.0671872 0.0338032 0.0670986 0.0622367 0.0865030 0.1624484 0.0409715 0.0672365 0.2338778 
S0020_G4471_R1_A 0.0631642 0.1456192 0.0851361 0.0719042 0.0637036 0.0434002 0.0000000 0.0756405 0.0685872 0.0616063 0.0695646 0.0733325 0.0634686 0.0804637 0.0404035 0.0811263 0.0722636 0.1054973 0.1771365 0.0595738 0.0827991 0.2445673 
S0026_G4471_R1_A 0.0633718 0.1425565 0.0949099 0.0820648 0.0703112 0.0640568 0.0756405 0.0000000 0.0783344 0.0686619 0.0744613 0.0700866 0.0699985 0.0800859 0.0698822 0.0891769 0.0787949 0.0938568 0.1631438 0.0638072 0.0800131 0.2523989 
S0022_G4471_R1_A 0.0636899 0.1455798 0.0829969 0.0702761 0.0617254 0.0560956 0.0685872 0.0783344 0.0000000 0.0488158 0.0617061 0.0748408 0.0598259 0.0825665 0.0634304 0.0743972 0.0749355 0.0997806 0.1731766 0.0574759 0.0788240 0.2486061 
S0030_G4471_R1_A 0.0580391 0.1393357 0.0769557 0.0629462 0.0535020 0.0484573 0.0616063 0.0686619 0.0488158 0.0000000 0.0555846 0.0656845 0.0510588 0.0725475 0.0545745 0.0647394 0.0637464 0.0920125 0.1685466 0.0508553 0.0731434 0.2450969 
S0004_G4471_R1_A 0.0648597 0.1428403 0.0787508 0.0681822 0.0556404 0.0571747 0.0695646 0.0744613 0.0617061 0.0555846 0.0000000 0.0752875 0.0588551 0.0763450 0.0623831 0.0765147 0.0711338 0.0961200 0.1779275 0.0581680 0.0825280 0.2529744 
S0021_G4471_R1_A 0.0597836 0.1351724 0.0918465 0.0796468 0.0673543 0.0621286 0.0733325 0.0700866 0.0748408 0.0656845 0.0752875 0.0000000 0.0658812 0.0722684 0.0690654 0.0850190 0.0768606 0.0948022 0.1735660 0.0664371 0.0797749 0.2484822 
S0016_G4471_R1_A 0.0613787 0.1416776 0.0777651 0.0652505 0.0547251 0.0501721 0.0634686 0.0699985 0.0598259 0.0510588 0.0588551 0.0658812 0.0000000 0.0749059 0.0568406 0.0703308 0.0660796 0.0987079 0.1687436 0.0527632 0.0796254 0.2467079 
S0046_G4471_R1_A 0.0686351 0.1318634 0.0965508 0.0798055 0.0720901 0.0671872 0.0804637 0.0800859 0.0825665 0.0725475 0.0763450 0.0722684 0.0749059 0.0000000 0.0700834 0.0880830 0.0819367 0.0912332 0.1759198 0.0691688 0.0740715 0.2405365 
S0019_G4471_R1_A 0.0560226 0.1383252 0.0777767 0.0640756 0.0555932 0.0338032 0.0404035 0.0698822 0.0634304 0.0545745 0.0623831 0.0690654 0.0568406 0.0700834 0.0000000 0.0719846 0.0659634 0.0919224 0.1648799 0.0475301 0.0717837 0.2395035 
S0017_G4471_R1_A 0.0755019 0.1547692 0.0943207 0.0819324 0.0738513 0.0670986 0.0811263 0.0891769 0.0743972 0.0647394 0.0765147 0.0850190 0.0703308 0.0880830 0.0719846 0.0000000 0.0814795 0.1119504 0.1889916 0.0690405 0.0931878 0.2633183 
S0011_G4471_R1_A 0.0690139 0.1459937 0.0921002 0.0737850 0.0663756 0.0622367 0.0722636 0.0787949 0.0749355 0.0637464 0.0711338 0.0768606 0.0660796 0.0819367 0.0659634 0.0814795 0.0000000 0.0989158 0.1867415 0.0607633 0.0861072 0.2509770 
S0048_G4471_R1_A 0.0870797 0.0688457 0.1181217 0.1058169 0.0938809 0.0865030 0.1054973 0.0938568 0.0997806 0.0920125 0.0961200 0.0948022 0.0987079 0.0912332 0.0919224 0.1119504 0.0989158 0.0000000 0.2017661 0.0920627 0.0779434 0.2661529 
S0005_G4471_R1_A 0.1649217 0.2448474 0.1906299 0.1761816 0.1689380 0.1624484 0.1771365 0.1631438 0.1731766 0.1685466 0.1779275 0.1735660 0.1687436 0.1759198 0.1648799 0.1889916 0.1867415 0.2017661 0.0000000 0.1702911 0.1852500 0.3767175 
S0002_G4471_R1_A 0.0528866 0.1384517 0.0780698 0.0628756 0.0547352 0.0409715 0.0595738 0.0638072 0.0574759 0.0508553 0.0581680 0.0664371 0.0527632 0.0691688 0.0475301 0.0690405 0.0607633 0.0920627 0.1702911 0.0000000 0.0740757 0.2511511 
S0013_G4471_R1_A 0.0653667 0.1237608 0.0999409 0.0839582 0.0782505 0.0672365 0.0827991 0.0800131 0.0788240 0.0731434 0.0825280 0.0797749 0.0796254 0.0740715 0.0717837 0.0931878 0.0861072 0.0779434 0.1852500 0.0740757 0.0000000 0.2599722 
S0012_G4471_R1_A 0.2446977 0.2731244 0.2757000 0.2537153 0.2361329 0.2338778 0.2445673 0.2523989 0.2486061 0.2450969 0.2529744 0.2484822 0.2467079 0.2405365 0.2395035 0.2633183 0.2509770 0.2661529 0.3767175 0.2511511 0.2599722 0.0000000 
