22
S0050_G4527_R1_A 0.0000000 0.1525042 0.1967251 0.2006053 0.2970993 0.1860738 0.2115101 0.2051188 0.3208497 0.2834942 0.3029485 0.2000776 0.2575272 0.3017310 0.1835821 0.6131038 0.2112067 0.3093582 0.2388967 0.4678466 0.0467705 0.1403370 
S0002_G4527_R1_A 0.1525042 0.0000000 0.1615449 0.1603015 0.3063937 0.1562409 0.1951113 0.1726343 0.3301862 0.2831878 0.2970496 0.1643490 0.2574764 0.2973150 0.1665000 0.5771575 0.1666491 0.3200420 0.2231853 0.4745241 0.1748727 0.0946189 
S0026_G4527_R1_A 0.1967251 0.1615449 0.0000000 0.1301726 0.2379035 0.0775688 0.0983859 0.0881741 0.2651937 0.2514249 0.2514678 0.1115043 0.2143554 0.2406888 0.1674576 0.5937591 0.0908627 0.2532794 0.2137491 0.4042553 0.1863133 0.1251169 
S0028_G4527_R1_A 0.2006053 0.1603015 0.1301726 0.0000000 0.2523212 0.1383567 0.1648000 0.1441136 0.2742586 0.2374406 0.2464106 0.1419814 0.1993417 0.2365199 0.1680502 0.6021981 0.1440955 0.2519313 0.1872086 0.4143481 0.1971978 0.1269570 
S0022_G4527_R1_A 0.2970993 0.3063937 0.2379035 0.2523212 0.0000000 0.2221896 0.2453738 0.2629854 0.3072919 0.2773940 0.2771893 0.2571704 0.2322325 0.2670064 0.2048247 0.5685520 0.2656658 0.2866854 0.2371105 0.4980781 0.2979556 0.2473720 
S0036_G4527_R1_A 0.1860738 0.1562409 0.0775688 0.1383567 0.2221896 0.0000000 0.0862168 0.0776252 0.2271574 0.2089840 0.2232772 0.1086179 0.1977355 0.2209631 0.1499403 0.5557576 0.0825021 0.2278475 0.1621206 0.4016839 0.1700032 0.1155939 
S0013_G4527_R1_A 0.2115101 0.1951113 0.0983859 0.1648000 0.2453738 0.0862168 0.0000000 0.1000501 0.2705001 0.2466224 0.2600909 0.1344035 0.2364870 0.2680558 0.1756281 0.5910203 0.1076419 0.2753148 0.1972665 0.4379837 0.1913013 0.1438690 
S0016_G4527_R1_A 0.2051188 0.1726343 0.0881741 0.1441136 0.2629854 0.0776252 0.1000501 0.0000000 0.2628991 0.2403242 0.2449731 0.0890835 0.2192155 0.2458824 0.1656687 0.6070540 0.0916080 0.2424455 0.2147143 0.4084055 0.1891049 0.1299376 
S0018_G4527_R1_A 0.3208497 0.3301862 0.2651937 0.2742586 0.3072919 0.2271574 0.2705001 0.2628991 0.0000000 0.0675293 0.1313201 0.2272810 0.2776984 0.3060553 0.2421162 0.6437537 0.2852854 0.3327020 0.2740653 0.5070500 0.2966665 0.2774620 
S0031_G4527_R1_A 0.2834942 0.2831878 0.2514249 0.2374406 0.2773940 0.2089840 0.2466224 0.2403242 0.0675293 0.0000000 0.1095523 0.1984035 0.2658595 0.2764509 0.2221289 0.6132688 0.2567111 0.3113808 0.2485099 0.4691096 0.2604769 0.2303718 
S0037_G4527_R1_U 0.3029485 0.2970496 0.2514678 0.2464106 0.2771893 0.2232772 0.2600909 0.2449731 0.1313201 0.1095523 0.0000000 0.2125990 0.2483432 0.2429249 0.2434997 0.6308481 0.2664598 0.3032363 0.2463142 0.4689145 0.2855679 0.2309666 
S0004_G4527_R1_A 0.2000776 0.1643490 0.1115043 0.1419814 0.2571704 0.1086179 0.1344035 0.0890835 0.2272810 0.1984035 0.2125990 0.0000000 0.2100029 0.2386594 0.1630571 0.5939982 0.1125015 0.2389096 0.2133668 0.3871675 0.1865755 0.1330073 
S0021_G4527_R1_A 0.2575272 0.2574764 0.2143554 0.1993417 0.2322325 0.1977355 0.2364870 0.2192155 0.2776984 0.2658595 0.2483432 0.2100029 0.0000000 0.1574495 0.1998354 0.5717156 0.2204865 0.1547849 0.2149367 0.3394647 0.2397650 0.2068154 
S0017_G4527_R1_A 0.3017310 0.2973150 0.2406888 0.2365199 0.2670064 0.2209631 0.2680558 0.2458824 0.3060553 0.2764509 0.2429249 0.2386594 0.1574495 0.0000000 0.2070968 0.6159498 0.2490576 0.1641364 0.2514377 0.3725536 0.2933071 0.2571277 
S0030_G4527_R1_A 0.1835821 0.1665000 0.1674576 0.1680502 0.2048247 0.1499403 0.1756281 0.1656687 0.2421162 0.2221289 0.2434997 0.1630571 0.1998354 0.2070968 0.0000000 0.5473167 0.1702418 0.2425354 0.1895412 0.3859423 0.1692023 0.1379615 
S0012_G4527_R1_A 0.6131038 0.5771575 0.5937591 0.6021981 0.5685520 0.5557576 0.5910203 0.6070540 0.6437537 0.6132688 0.6308481 0.5939982 0.5717156 0.6159498 0.5473167 0.0000000 0.5960047 0.6606844 0.5889672 0.9378378 0.5864180 0.5929999 
S0011_G4527_R1_A 0.2112067 0.1666491 0.0908627 0.1440955 0.2656658 0.0825021 0.1076419 0.0916080 0.2852854 0.2567111 0.2664598 0.1125015 0.2204865 0.2490576 0.1702418 0.5960047 0.0000000 0.2552260 0.2017544 0.4371847 0.1959500 0.1195655 
S0046_G4527_R1_A 0.3093582 0.3200420 0.2532794 0.2519313 0.2866854 0.2278475 0.2753148 0.2424455 0.3327020 0.3113808 0.3032363 0.2389096 0.1547849 0.1641364 0.2425354 0.6606844 0.2552260 0.0000000 0.2307375 0.3198699 0.2954935 0.2580010 
S0020_G4527_R1_A 0.2388967 0.2231853 0.2137491 0.1872086 0.2371105 0.1621206 0.1972665 0.2147143 0.2740653 0.2485099 0.2463142 0.2133668 0.2149367 0.2514377 0.1895412 0.5889672 0.2017544 0.2307375 0.0000000 0.3693695 0.2258251 0.1642869 
S0005_G4527_R1_A 0.4678466 0.4745241 0.4042553 0.4143481 0.4980781 0.4016839 0.4379837 0.4084055 0.5070500 0.4691096 0.4689145 0.3871675 0.3394647 0.3725536 0.3859423 0.9378378 0.4371847 0.3198699 0.3693695 0.0000000 0.4478401 0.4417225 
S0048_G4527_R1_A 0.0467705 0.1748727 0.1863133 0.1971978 0.2979556 0.1700032 0.1913013 0.1891049 0.2966665 0.2604769 0.2855679 0.1865755 0.2397650 0.2933071 0.1692023 0.5864180 0.1959500 0.2954935 0.2258251 0.4478401 0.0000000 0.1194534 
S0019_G4527_R1_A 0.1403370 0.0946189 0.1251169 0.1269570 0.2473720 0.1155939 0.1438690 0.1299376 0.2774620 0.2303718 0.2309666 0.1330073 0.2068154 0.2571277 0.1379615 0.5929999 0.1195655 0.2580010 0.1642869 0.4417225 0.1194534 0.0000000 
