22
S0016_G4848_R1_A 0.0000000 0.1660662 0.4296620 0.2047005 0.2062694 0.1652846 0.1787292 0.1987447 0.1825265 0.1662170 0.1788348 0.2092365 0.2178383 0.1565865 0.2121428 0.1654784 0.2271333 0.1989950 0.2139668 0.2216666 0.2243435 0.2606019 
S0021_G4848_R1_A 0.1660662 0.0000000 0.2993931 0.1256732 0.1526408 0.1301227 0.1425446 0.1507214 0.1416099 0.0895798 0.0690576 0.1126813 0.1465490 0.1027801 0.1946708 0.1211855 0.2251564 0.1971617 0.1028474 0.1107038 0.1106234 0.2064883 
S0005_G4848_R1_A 0.4296620 0.2993931 0.0000000 0.3853419 0.4078931 0.3770774 0.4011555 0.4013219 0.3863743 0.3297164 0.3311036 0.3507201 0.4072318 0.3612438 0.4461272 0.3884021 0.4868877 0.4507306 0.4041081 0.4338862 0.4364823 0.5144432 
S0022_G4848_R1_A 0.2047005 0.1256732 0.3853419 0.0000000 0.1694821 0.1432820 0.1458597 0.1522413 0.1454128 0.1136300 0.1146171 0.1081867 0.1588939 0.1632805 0.2033004 0.1291566 0.2521257 0.2418353 0.1512991 0.1625905 0.1643927 0.2348588 
S0017_G4848_R1_A 0.2062694 0.1526408 0.4078931 0.1694821 0.0000000 0.1649430 0.1742719 0.1763822 0.1644264 0.1418453 0.1571905 0.1357388 0.1919463 0.1806441 0.1920864 0.1567202 0.2397473 0.2330030 0.1908648 0.2064160 0.2048858 0.2793985 
S0036_G4848_R1_U 0.1652846 0.1301227 0.3770774 0.1432820 0.1649430 0.0000000 0.1159254 0.1080982 0.1172405 0.1002860 0.1203866 0.1328238 0.1406147 0.1361098 0.1668368 0.1015627 0.2199525 0.2072877 0.1363969 0.1413980 0.1426477 0.2159381 
S0020_G4848_R1_A 0.1787292 0.1425446 0.4011555 0.1458597 0.1742719 0.1159254 0.0000000 0.0837850 0.0562363 0.0995452 0.1321119 0.1443673 0.1587360 0.1369375 0.1661636 0.0626091 0.2123507 0.1927164 0.1522294 0.1600652 0.1624293 0.2085152 
S0011_G4848_R1_A 0.1987447 0.1507214 0.4013219 0.1522413 0.1763822 0.1080982 0.0837850 0.0000000 0.0820672 0.1044121 0.1324875 0.1431650 0.1623633 0.1446694 0.1851014 0.0672956 0.2518170 0.2277098 0.1548041 0.1672978 0.1681740 0.2314828 
S0019_G4848_R1_A 0.1825265 0.1416099 0.3863743 0.1454128 0.1644264 0.1172405 0.0562363 0.0820672 0.0000000 0.0992174 0.1254172 0.1367846 0.1538946 0.1401473 0.1712191 0.0606780 0.2243819 0.1975616 0.1407676 0.1555746 0.1583675 0.2083687 
S0028_G4848_R1_A 0.1662170 0.0895798 0.3297164 0.1136300 0.1418453 0.1002860 0.0995452 0.1044121 0.0992174 0.0000000 0.0822941 0.1003649 0.1218522 0.1038015 0.1497663 0.0947933 0.1968887 0.1959101 0.1105796 0.1200807 0.1238277 0.1874236 
S0026_G4848_R1_A 0.1788348 0.0690576 0.3311036 0.1146171 0.1571905 0.1203866 0.1321119 0.1324875 0.1254172 0.0822941 0.0000000 0.1019175 0.1363881 0.1022357 0.1818477 0.1136465 0.2465449 0.2252814 0.0930047 0.1070769 0.1086333 0.1974560 
S0030_G4848_R1_A 0.2092365 0.1126813 0.3507201 0.1081867 0.1357388 0.1328238 0.1443673 0.1431650 0.1367846 0.1003649 0.1019175 0.0000000 0.1534115 0.1397206 0.1981770 0.1158957 0.2130960 0.1999464 0.1331819 0.1512078 0.1539944 0.2079021 
S0046_G4848_R1_A 0.2178383 0.1465490 0.4072318 0.1588939 0.1919463 0.1406147 0.1587360 0.1623633 0.1538946 0.1218522 0.1363881 0.1534115 0.0000000 0.1666595 0.1860759 0.1294134 0.2548723 0.2324924 0.1472471 0.1511517 0.1570065 0.2364852 
S0004_G4848_R1_A 0.1565865 0.1027801 0.3612438 0.1632805 0.1806441 0.1361098 0.1369375 0.1446694 0.1401473 0.1038015 0.1022357 0.1397206 0.1666595 0.0000000 0.1729974 0.1254382 0.1989714 0.1907899 0.1196193 0.1350773 0.1353216 0.2224872 
S0037_G4848_R1_A 0.2121428 0.1946708 0.4461272 0.2033004 0.1920864 0.1668368 0.1661636 0.1851014 0.1712191 0.1497663 0.1818477 0.1981770 0.1860759 0.1729974 0.0000000 0.1598267 0.2607710 0.2490246 0.1967091 0.2104716 0.2124169 0.2604299 
S0002_G4848_R1_A 0.1654784 0.1211855 0.3884021 0.1291566 0.1567202 0.1015627 0.0626091 0.0672956 0.0606780 0.0947933 0.1136465 0.1158957 0.1294134 0.1254382 0.1598267 0.0000000 0.2067283 0.2003560 0.1337367 0.1457673 0.1457896 0.1906114 
S0018_G4848_R1_A 0.2271333 0.2251564 0.4868877 0.2521257 0.2397473 0.2199525 0.2123507 0.2518170 0.2243819 0.1968887 0.2465449 0.2130960 0.2548723 0.1989714 0.2607710 0.2067283 0.0000000 0.0613801 0.2642761 0.2817334 0.2809281 0.3199404 
S0031_G4848_R1_A 0.1989950 0.1971617 0.4507306 0.2418353 0.2330030 0.2072877 0.1927164 0.2277098 0.1975616 0.1959101 0.2252814 0.1999464 0.2324924 0.1907899 0.2490246 0.2003560 0.0613801 0.0000000 0.2534557 0.2642699 0.2635791 0.3073833 
S0013_G4848_R1_A 0.2139668 0.1028474 0.4041081 0.1512991 0.1908648 0.1363969 0.1522294 0.1548041 0.1407676 0.1105796 0.0930047 0.1331819 0.1472471 0.1196193 0.1967091 0.1337367 0.2642761 0.2534557 0.0000000 0.0729269 0.0721339 0.1691649 
S0048_G4848_R1_A 0.2216666 0.1107038 0.4338862 0.1625905 0.2064160 0.1413980 0.1600652 0.1672978 0.1555746 0.1200807 0.1070769 0.1512078 0.1511517 0.1350773 0.2104716 0.1457673 0.2817334 0.2642699 0.0729269 0.0000000 0.0300491 0.1746563 
S0050_G4848_R1_A 0.2243435 0.1106234 0.4364823 0.1643927 0.2048858 0.1426477 0.1624293 0.1681740 0.1583675 0.1238277 0.1086333 0.1539944 0.1570065 0.1353216 0.2124169 0.1457896 0.2809281 0.2635791 0.0721339 0.0300491 0.0000000 0.1785234 
S0012_G4848_R1_A 0.2606019 0.2064883 0.5144432 0.2348588 0.2793985 0.2159381 0.2085152 0.2314828 0.2083687 0.1874236 0.1974560 0.2079021 0.2364852 0.2224872 0.2604299 0.1906114 0.3199404 0.3073833 0.1691649 0.1746563 0.1785234 0.0000000 
