22
S0036_G4893_R1_A 0.0000000 0.0898065 0.0640176 0.0517247 0.0568997 0.0582123 0.0598844 0.0752076 0.0629144 0.0822616 0.0741187 0.0620957 0.0701154 0.0807137 0.0810842 0.0608102 0.0708031 0.0587028 0.1148536 0.2027688 0.0643381 0.0628743 
S0037_G4893_R1_U 0.0898065 0.0000000 0.1035306 0.0867512 0.0932332 0.0901107 0.0815472 0.0871119 0.0948631 0.1145459 0.0930910 0.0934073 0.0923676 0.1141085 0.1104780 0.0956534 0.1047714 0.0913939 0.1408690 0.2371345 0.0975684 0.0700681 
S0011_G4893_R1_A 0.0640176 0.1035306 0.0000000 0.0600050 0.0679754 0.0716029 0.0733771 0.0893275 0.0748165 0.0938965 0.0831885 0.0686989 0.0831606 0.0960052 0.0925867 0.0817841 0.0934061 0.0733882 0.1299343 0.2153642 0.0804444 0.0750445 
S0019_G4893_R1_A 0.0517247 0.0867512 0.0600050 0.0000000 0.0419655 0.0553125 0.0582090 0.0687773 0.0570679 0.0792464 0.0666636 0.0496227 0.0705633 0.0828124 0.0795162 0.0629723 0.0743156 0.0577386 0.1097942 0.2037548 0.0648379 0.0571408 
S0020_G4893_R1_A 0.0568997 0.0932332 0.0679754 0.0419655 0.0000000 0.0604719 0.0633741 0.0740371 0.0612351 0.0822134 0.0718202 0.0590578 0.0724431 0.0895513 0.0874139 0.0678850 0.0785962 0.0608833 0.1212803 0.2093095 0.0675411 0.0641926 
S0046_G4893_R1_A 0.0582123 0.0901107 0.0716029 0.0553125 0.0604719 0.0000000 0.0647230 0.0794165 0.0683914 0.0896267 0.0737589 0.0637960 0.0707518 0.0833135 0.0788651 0.0687793 0.0770060 0.0562973 0.1216163 0.2063552 0.0717356 0.0686161 
S0016_G4893_R1_A 0.0598844 0.0815472 0.0733771 0.0582090 0.0633741 0.0647230 0.0000000 0.0747263 0.0689242 0.0861711 0.0669545 0.0617718 0.0758912 0.0860582 0.0845491 0.0705800 0.0802806 0.0648443 0.1229386 0.2004429 0.0711543 0.0623073 
S0018_G4893_R1_A 0.0752076 0.0871119 0.0893275 0.0687773 0.0740371 0.0794165 0.0747263 0.0000000 0.0787544 0.0952154 0.0813608 0.0805282 0.0903692 0.1059590 0.1043303 0.0866818 0.0921843 0.0788511 0.1376297 0.2166893 0.0835200 0.0427238 
S0022_G4893_R1_A 0.0629144 0.0948631 0.0748165 0.0570679 0.0612351 0.0683914 0.0689242 0.0787544 0.0000000 0.0847413 0.0700757 0.0665347 0.0734594 0.0890338 0.0873885 0.0691785 0.0793381 0.0595648 0.1258009 0.2070512 0.0694796 0.0702741 
S0017_G4893_R1_A 0.0822616 0.1145459 0.0938965 0.0792464 0.0822134 0.0896267 0.0861711 0.0952154 0.0847413 0.0000000 0.0939031 0.0846423 0.0913513 0.1045141 0.1028198 0.0857731 0.0985422 0.0835348 0.1389238 0.2293802 0.0905230 0.0859981 
S0004_G4893_R1_A 0.0741187 0.0930910 0.0831885 0.0666636 0.0718202 0.0737589 0.0669545 0.0813608 0.0700757 0.0939031 0.0000000 0.0734692 0.0875148 0.0953748 0.0937972 0.0741429 0.0856916 0.0677407 0.1345632 0.2201163 0.0776831 0.0693054 
S0002_G4893_R1_A 0.0620957 0.0934073 0.0686989 0.0496227 0.0590578 0.0637960 0.0617718 0.0805282 0.0665347 0.0846423 0.0734692 0.0000000 0.0764963 0.0860794 0.0845053 0.0712664 0.0806557 0.0639638 0.1183563 0.1961520 0.0707275 0.0641727 
S0013_G4893_R1_A 0.0701154 0.0923676 0.0831606 0.0705633 0.0724431 0.0707518 0.0758912 0.0903692 0.0734594 0.0913513 0.0875148 0.0764963 0.0000000 0.0792334 0.0771240 0.0777059 0.0837734 0.0666441 0.1287932 0.2114913 0.0817555 0.0809924 
S0048_G4893_R1_A 0.0807137 0.1141085 0.0960052 0.0828124 0.0895513 0.0833135 0.0860582 0.1059590 0.0890338 0.1045141 0.0953748 0.0860794 0.0792334 0.0000000 0.0208163 0.0932504 0.0977579 0.0851407 0.1400023 0.2181352 0.0946268 0.0921360 
S0050_G4893_R1_A 0.0810842 0.1104780 0.0925867 0.0795162 0.0874139 0.0788651 0.0845491 0.1043303 0.0873885 0.1028198 0.0937972 0.0845053 0.0771240 0.0208163 0.0000000 0.0915645 0.0973647 0.0860257 0.1358975 0.2115136 0.0949865 0.0910652 
S0021_G4893_R1_A 0.0608102 0.0956534 0.0817841 0.0629723 0.0678850 0.0687793 0.0705800 0.0866818 0.0691785 0.0857731 0.0741429 0.0712664 0.0777059 0.0932504 0.0915645 0.0000000 0.0666676 0.0644026 0.1147014 0.1994744 0.0714240 0.0686337 
S0026_G4893_R1_A 0.0708031 0.1047714 0.0934061 0.0743156 0.0785962 0.0770060 0.0802806 0.0921843 0.0793381 0.0985422 0.0856916 0.0806557 0.0837734 0.0977579 0.0973647 0.0666676 0.0000000 0.0730834 0.1221069 0.2103318 0.0839396 0.0772032 
S0028_G4893_R1_A 0.0587028 0.0913939 0.0733882 0.0577386 0.0608833 0.0562973 0.0648443 0.0788511 0.0595648 0.0835348 0.0677407 0.0639638 0.0666441 0.0851407 0.0860257 0.0644026 0.0730834 0.0000000 0.1123030 0.2080788 0.0660000 0.0615894 
S0012_G4893_R1_A 0.1148536 0.1408690 0.1299343 0.1097942 0.1212803 0.1216163 0.1229386 0.1376297 0.1258009 0.1389238 0.1345632 0.1183563 0.1287932 0.1400023 0.1358975 0.1147014 0.1221069 0.1123030 0.0000000 0.2530002 0.1187392 0.1110339 
S0005_G4893_R1_A 0.2027688 0.2371345 0.2153642 0.2037548 0.2093095 0.2063552 0.2004429 0.2166893 0.2070512 0.2293802 0.2201163 0.1961520 0.2114913 0.2181352 0.2115136 0.1994744 0.2103318 0.2080788 0.2530002 0.0000000 0.2054547 0.2073683 
S0030_G4893_R1_A 0.0643381 0.0975684 0.0804444 0.0648379 0.0675411 0.0717356 0.0711543 0.0835200 0.0694796 0.0905230 0.0776831 0.0707275 0.0817555 0.0946268 0.0949865 0.0714240 0.0839396 0.0660000 0.1187392 0.2054547 0.0000000 0.0739380 
S0031_G4893_R1_A 0.0628743 0.0700681 0.0750445 0.0571408 0.0641926 0.0686161 0.0623073 0.0427238 0.0702741 0.0859981 0.0693054 0.0641727 0.0809924 0.0921360 0.0910652 0.0686337 0.0772032 0.0615894 0.1110339 0.2073683 0.0739380 0.0000000 
