22
S0005_G4890_R1_A 0.0000000 0.2573763 0.2572829 0.2616349 0.2670360 0.2854140 0.2724636 0.2852630 0.2706350 0.3137615 0.2791989 0.3117306 0.2822794 0.2996079 0.2734031 0.2702737 0.3113388 0.2972453 0.3031521 0.2843243 0.3117673 0.3483807 
S0021_G4890_R1_A 0.2573763 0.0000000 0.0725476 0.0738445 0.0743036 0.0961053 0.0844446 0.0995387 0.0768164 0.1263986 0.0998904 0.1309172 0.1020265 0.0996693 0.0836825 0.1000030 0.1123797 0.1019057 0.1025788 0.0976885 0.1223286 0.3030110 
S0002_G4890_R1_A 0.2572829 0.0725476 0.0000000 0.0457047 0.0467338 0.0746329 0.0561288 0.0710260 0.0770741 0.1040541 0.0794274 0.1304442 0.0828649 0.0749736 0.0868681 0.0898602 0.1034629 0.0943668 0.0956445 0.0863715 0.1063685 0.2987176 
S0011_G4890_R1_A 0.2616349 0.0738445 0.0457047 0.0000000 0.0501459 0.0755363 0.0585133 0.0712559 0.0783232 0.1047933 0.0796209 0.1336485 0.0794363 0.0804399 0.0858569 0.0898561 0.1023122 0.0970609 0.0983495 0.0914653 0.1065053 0.2936654 
S0036_G4890_R1_U 0.2670360 0.0743036 0.0467338 0.0501459 0.0000000 0.0815435 0.0562831 0.0712985 0.0788895 0.1084197 0.0806392 0.1364243 0.0864119 0.0824880 0.0910353 0.0943247 0.1050597 0.1010166 0.1035189 0.0974445 0.1100616 0.2982100 
S0016_G4890_R1_A 0.2854140 0.0961053 0.0746329 0.0755363 0.0815435 0.0000000 0.0893422 0.1075725 0.1011656 0.1083185 0.0799775 0.1529168 0.0786229 0.0985803 0.1117894 0.1110137 0.1016277 0.1144744 0.1152014 0.1102965 0.1300766 0.3170411 
S0019_G4890_R1_A 0.2724636 0.0844446 0.0561288 0.0585133 0.0562831 0.0893422 0.0000000 0.0361249 0.0930349 0.1197561 0.0920312 0.1299475 0.0931889 0.0869275 0.0999793 0.1017942 0.1099188 0.1063516 0.1070446 0.1042299 0.1150623 0.2883474 
S0020_G4890_R1_A 0.2852630 0.0995387 0.0710260 0.0712559 0.0712985 0.1075725 0.0361249 0.0000000 0.1047108 0.1307981 0.1072554 0.1459014 0.1099315 0.1044092 0.1124886 0.1146278 0.1233208 0.1205920 0.1251146 0.1203333 0.1295905 0.3098360 
S0026_G4890_R1_A 0.2706350 0.0768164 0.0770741 0.0783232 0.0788895 0.1011656 0.0930349 0.1047108 0.0000000 0.1290059 0.1002605 0.1313114 0.1003121 0.0969599 0.0998098 0.1014317 0.1187513 0.1102354 0.1109496 0.1017486 0.1274460 0.2926008 
S0018_G4890_R1_U 0.3137615 0.1263986 0.1040541 0.1047933 0.1084197 0.1083185 0.1197561 0.1307981 0.1290059 0.0000000 0.0639645 0.1821836 0.1066081 0.1276470 0.1415348 0.1326728 0.1057707 0.1377883 0.1417601 0.1394866 0.1563634 0.3325799 
S0031_G4890_R1_A 0.2791989 0.0998904 0.0794274 0.0796209 0.0806392 0.0799775 0.0920312 0.1072554 0.1002605 0.0639645 0.0000000 0.1517520 0.0737037 0.0994469 0.1113292 0.1106837 0.0829069 0.1165918 0.1192212 0.1130886 0.1277060 0.3072765 
S0046_G4890_R1_A 0.3117306 0.1309172 0.1304442 0.1336485 0.1364243 0.1529168 0.1299475 0.1459014 0.1313114 0.1821836 0.1517520 0.0000000 0.1485585 0.1511042 0.1563208 0.1518701 0.1781047 0.1497502 0.1526581 0.1465709 0.1788138 0.2783901 
S0004_G4890_R1_A 0.2822794 0.1020265 0.0828649 0.0794363 0.0864119 0.0786229 0.0931889 0.1099315 0.1003121 0.1066081 0.0737037 0.1485585 0.0000000 0.1038007 0.1150807 0.1174323 0.1000769 0.1214978 0.1254513 0.1139201 0.1320069 0.3057660 
S0017_G4890_R1_U 0.2996079 0.0996693 0.0749736 0.0804399 0.0824880 0.0985803 0.0869275 0.1044092 0.0969599 0.1276470 0.0994469 0.1511042 0.1038007 0.0000000 0.1120849 0.1074277 0.1180180 0.1169091 0.1207471 0.1084712 0.1325267 0.3162772 
S0028_G4890_R1_A 0.2734031 0.0836825 0.0868681 0.0858569 0.0910353 0.1117894 0.0999793 0.1124886 0.0998098 0.1415348 0.1113292 0.1563208 0.1150807 0.1120849 0.0000000 0.1078484 0.1368524 0.1227685 0.1241115 0.1132235 0.1311837 0.3188022 
S0022_G4890_R1_A 0.2702737 0.1000030 0.0898602 0.0898561 0.0943247 0.1110137 0.1017942 0.1146278 0.1014317 0.1326728 0.1106837 0.1518701 0.1174323 0.1074277 0.1078484 0.0000000 0.1272587 0.1112462 0.1147011 0.0990879 0.1339299 0.3074216 
S0037_G4890_R1_A 0.3113388 0.1123797 0.1034629 0.1023122 0.1050597 0.1016277 0.1099188 0.1233208 0.1187513 0.1057707 0.0829069 0.1781047 0.1000769 0.1180180 0.1368524 0.1272587 0.0000000 0.1354613 0.1375255 0.1289597 0.1543814 0.3288260 
S0048_G4890_R1_A 0.2972453 0.1019057 0.0943668 0.0970609 0.1010166 0.1144744 0.1063516 0.1205920 0.1102354 0.1377883 0.1165918 0.1497502 0.1214978 0.1169091 0.1227685 0.1112462 0.1354613 0.0000000 0.0204823 0.0859919 0.1476698 0.3196954 
S0050_G4890_R1_A 0.3031521 0.1025788 0.0956445 0.0983495 0.1035189 0.1152014 0.1070446 0.1251146 0.1109496 0.1417601 0.1192212 0.1526581 0.1254513 0.1207471 0.1241115 0.1147011 0.1375255 0.0204823 0.0000000 0.0872603 0.1504651 0.3198063 
S0013_G4890_R1_A 0.2843243 0.0976885 0.0863715 0.0914653 0.0974445 0.1102965 0.1042299 0.1203333 0.1017486 0.1394866 0.1130886 0.1465709 0.1139201 0.1084712 0.1132235 0.0990879 0.1289597 0.0859919 0.0872603 0.0000000 0.1423861 0.3163998 
S0012_G4890_R1_A 0.3117673 0.1223286 0.1063685 0.1065053 0.1100616 0.1300766 0.1150623 0.1295905 0.1274460 0.1563634 0.1277060 0.1788138 0.1320069 0.1325267 0.1311837 0.1339299 0.1543814 0.1476698 0.1504651 0.1423861 0.0000000 0.3417843 
S0030_G4890_R1_A 0.3483807 0.3030110 0.2987176 0.2936654 0.2982100 0.3170411 0.2883474 0.3098360 0.2926008 0.3325799 0.3072765 0.2783901 0.3057660 0.3162772 0.3188022 0.3074216 0.3288260 0.3196954 0.3198063 0.3163998 0.3417843 0.0000000 
