22
S0004_G4992_R1_A 0.0000000 0.0812053 0.0583857 0.0719771 0.0574748 0.0626776 0.0657251 0.0625387 0.5457600 0.4698512 0.5298457 0.4924466 0.4869920 0.5339630 0.5169892 0.5312551 0.5121556 0.5312513 0.5490359 0.5286250 0.5150015 0.6044822 
S0011_G4992_R1_A 0.0812053 0.0000000 0.0543757 0.0882525 0.0457497 0.0731341 0.0846762 0.0592441 0.5780640 0.5080229 0.5624901 0.5265603 0.5117487 0.5458677 0.5454787 0.5598264 0.5458041 0.5541989 0.5727005 0.5609920 0.5068434 0.6531184 
S0019_G4992_R1_A 0.0583857 0.0543757 0.0000000 0.0268105 0.0190919 0.0488122 0.0449271 0.0440714 0.5319989 0.4475600 0.5072623 0.4718287 0.4664870 0.5067316 0.4950846 0.5082542 0.4903171 0.4930123 0.5254212 0.5055142 0.4941055 0.5912977 
S0020_G4992_R1_U 0.0719771 0.0882525 0.0268105 0.0000000 0.0345537 0.0677549 0.0646023 0.0558880 0.5222304 0.4521398 0.5126192 0.4672940 0.4615651 0.5055348 0.4905982 0.5138972 0.4956403 0.4981786 0.5210107 0.5060161 0.4807275 0.5906916 
S0036_G4992_R1_A 0.0574748 0.0457497 0.0190919 0.0345537 0.0000000 0.0457324 0.0393437 0.0437182 0.5171960 0.4388493 0.4933460 0.4589950 0.4537090 0.4928359 0.4815413 0.4940970 0.4768037 0.4851360 0.5109403 0.4915827 0.4761415 0.5887132 
S0021_G4992_R1_A 0.0626776 0.0731341 0.0488122 0.0677549 0.0457324 0.0000000 0.0312351 0.0431200 0.5280903 0.4603108 0.5035199 0.4790739 0.4739078 0.5161180 0.5018130 0.5192071 0.4926128 0.5055187 0.5266727 0.5049252 0.4793252 0.6062750 
S0026_G4992_R1_A 0.0657251 0.0846762 0.0449271 0.0646023 0.0393437 0.0312351 0.0000000 0.0447827 0.5406372 0.4769488 0.5253029 0.4890947 0.4835999 0.5279986 0.5029970 0.5265962 0.5081478 0.5108228 0.5438589 0.5113385 0.4957944 0.6109375 
S0048_G4992_R1_A 0.0625387 0.0592441 0.0440714 0.0558880 0.0437182 0.0431200 0.0447827 0.0000000 0.6056412 0.5475934 0.5916935 0.5570101 0.5496554 0.5874339 0.5911358 0.5980598 0.5839793 0.5918614 0.6204094 0.6051294 0.5405900 0.6710637 
S0002_G4992_R1_A 0.5457600 0.5780640 0.5319989 0.5222304 0.5171960 0.5280903 0.5406372 0.6056412 0.0000000 0.0605109 0.0540780 0.0534494 0.0569573 0.0675779 0.0632773 0.0642786 0.0560157 0.0712054 0.0726969 0.0983515 0.0816421 0.1837935 
S0013_G4992_R1_A 0.4698512 0.5080229 0.4475600 0.4521398 0.4388493 0.4603108 0.4769488 0.5475934 0.0605109 0.0000000 0.0655398 0.0579280 0.0657204 0.0763705 0.0706782 0.0724032 0.0641468 0.0651063 0.0767246 0.0964648 0.0886402 0.2016422 
S0016_G4992_R1_A 0.5298457 0.5624901 0.5072623 0.5126192 0.4933460 0.5035199 0.5253029 0.5916935 0.0540780 0.0655398 0.0000000 0.0557261 0.0639869 0.0635221 0.0606911 0.0651911 0.0610351 0.0760609 0.0777703 0.0967146 0.0801964 0.1829794 
S0046_G4992_R1_A 0.4924466 0.5265603 0.4718287 0.4672940 0.4589950 0.4790739 0.4890947 0.5570101 0.0534494 0.0579280 0.0557261 0.0000000 0.0606074 0.0684097 0.0648727 0.0651983 0.0569878 0.0705046 0.0680154 0.0930435 0.0802199 0.1914052 
S0028_G4992_R1_A 0.4869920 0.5117487 0.4664870 0.4615651 0.4537090 0.4739078 0.4835999 0.5496554 0.0569573 0.0657204 0.0639869 0.0606074 0.0000000 0.0781806 0.0719356 0.0709498 0.0660848 0.0799315 0.0800843 0.1020805 0.0846194 0.1923567 
S0018_G4992_R1_U 0.5339630 0.5458677 0.5067316 0.5055348 0.4928359 0.5161180 0.5279986 0.5874339 0.0675779 0.0763705 0.0635221 0.0684097 0.0781806 0.0000000 0.0291782 0.0725143 0.0711961 0.0893884 0.0896715 0.1048233 0.0697708 0.2078516 
S0031_G4992_R1_A 0.5169892 0.5454787 0.4950846 0.4905982 0.4815413 0.5018130 0.5029970 0.5911358 0.0632773 0.0706782 0.0606911 0.0648727 0.0719356 0.0291782 0.0000000 0.0710812 0.0676206 0.0835707 0.0859021 0.1024430 0.0634943 0.1998237 
S0022_G4992_R1_A 0.5312551 0.5598264 0.5082542 0.5138972 0.4940970 0.5192071 0.5265962 0.5980598 0.0642786 0.0724032 0.0651911 0.0651983 0.0709498 0.0725143 0.0710812 0.0000000 0.0496962 0.0848032 0.0811241 0.1082153 0.0919759 0.2055753 
S0030_G4992_R1_A 0.5121556 0.5458041 0.4903171 0.4956403 0.4768037 0.4926128 0.5081478 0.5839793 0.0560157 0.0641468 0.0610351 0.0569878 0.0660848 0.0711961 0.0676206 0.0496962 0.0000000 0.0755759 0.0750458 0.0998701 0.0854533 0.1910952 
S0050_G4992_R1_A 0.5312513 0.5541989 0.4930123 0.4981786 0.4851360 0.5055187 0.5108228 0.5918614 0.0712054 0.0651063 0.0760609 0.0705046 0.0799315 0.0893884 0.0835707 0.0848032 0.0755759 0.0000000 0.0882644 0.1079020 0.1038618 0.2062353 
S0017_G4992_R1_U 0.5490359 0.5727005 0.5254212 0.5210107 0.5109403 0.5266727 0.5438589 0.6204094 0.0726969 0.0767246 0.0777703 0.0680154 0.0800843 0.0896715 0.0859021 0.0811241 0.0750458 0.0882644 0.0000000 0.1131013 0.1031471 0.2042701 
S0012_G4992_R1_A 0.5286250 0.5609920 0.5055142 0.5060161 0.4915827 0.5049252 0.5113385 0.6051294 0.0983515 0.0964648 0.0967146 0.0930435 0.1020805 0.1048233 0.1024430 0.1082153 0.0998701 0.1079020 0.1131013 0.0000000 0.1169475 0.2292364 
S0037_G4992_R1_A 0.5150015 0.5068434 0.4941055 0.4807275 0.4761415 0.4793252 0.4957944 0.5405900 0.0816421 0.0886402 0.0801964 0.0802199 0.0846194 0.0697708 0.0634943 0.0919759 0.0854533 0.1038618 0.1031471 0.1169475 0.0000000 0.2135017 
S0005_G4992_R1_A 0.6044822 0.6531184 0.5912977 0.5906916 0.5887132 0.6062750 0.6109375 0.6710637 0.1837935 0.2016422 0.1829794 0.1914052 0.1923567 0.2078516 0.1998237 0.2055753 0.1910952 0.2062353 0.2042701 0.2292364 0.2135017 0.0000000 
