22
S0048_G5032_R1_A 0.0000000 0.0222106 0.0907447 0.0912407 0.0942014 0.0897326 0.1147188 0.0984674 0.0959361 0.0971334 0.1022730 0.1102836 0.1112800 0.1031886 0.1274149 0.1116977 0.1061946 0.1000764 0.0989024 0.1017255 0.2265413 0.1271249 
S0050_G5032_R1_A 0.0222106 0.0000000 0.0889260 0.0888538 0.0923987 0.0879392 0.1115013 0.1000844 0.0969386 0.0926282 0.1018273 0.1084667 0.1082421 0.1006888 0.1226607 0.1126240 0.1057369 0.0975847 0.0941396 0.1005885 0.2274731 0.1288098 
S0002_G5032_R1_A 0.0907447 0.0889260 0.0000000 0.0568679 0.0592162 0.0595806 0.0916362 0.0688267 0.0693722 0.0684900 0.0750686 0.0793404 0.0800415 0.0693650 0.0898180 0.0875952 0.0748634 0.0612748 0.0613306 0.0765520 0.2133452 0.1110085 
S0020_G5032_R1_A 0.0912407 0.0888538 0.0568679 0.0000000 0.0478380 0.0542759 0.0902064 0.0631697 0.0726359 0.0690114 0.0711162 0.0800793 0.0796584 0.0693020 0.0918648 0.0878162 0.0690795 0.0665255 0.0617415 0.0845442 0.2017036 0.1108081 
S0036_G5032_R1_A 0.0942014 0.0923987 0.0592162 0.0478380 0.0000000 0.0540791 0.0879778 0.0648605 0.0749036 0.0685889 0.0677942 0.0782349 0.0825150 0.0733705 0.0938116 0.0880694 0.0696348 0.0689950 0.0642430 0.0853825 0.2069742 0.1188547 
S0019_G5032_R1_A 0.0897326 0.0879392 0.0595806 0.0542759 0.0540791 0.0000000 0.0858657 0.0625069 0.0692316 0.0661322 0.0659014 0.0753177 0.0790416 0.0710586 0.0921868 0.0845101 0.0683613 0.0650381 0.0593656 0.0817514 0.2100759 0.1078571 
S0046_G5032_R1_A 0.1147188 0.1115013 0.0916362 0.0902064 0.0879778 0.0858657 0.0000000 0.0815633 0.1004782 0.0925190 0.0913964 0.1015748 0.1053946 0.0978071 0.1173282 0.1147522 0.0932939 0.0954406 0.0888898 0.1071192 0.2336942 0.1356262 
S0028_G5032_R1_A 0.0984674 0.1000844 0.0688267 0.0631697 0.0648605 0.0625069 0.0815633 0.0000000 0.0801143 0.0685973 0.0671531 0.0844762 0.0830901 0.0683850 0.0978163 0.0895157 0.0691030 0.0759762 0.0649903 0.0870453 0.1978163 0.1183514 
S0022_G5032_R1_A 0.0959361 0.0969386 0.0693722 0.0726359 0.0749036 0.0692316 0.1004782 0.0801143 0.0000000 0.0741825 0.0812847 0.0886294 0.0873565 0.0803367 0.1026575 0.1003020 0.0840443 0.0789677 0.0757066 0.0902082 0.2234658 0.1201722 
S0030_G5032_R1_A 0.0971334 0.0926282 0.0684900 0.0690114 0.0685889 0.0661322 0.0925190 0.0685973 0.0741825 0.0000000 0.0736459 0.0872191 0.0847075 0.0748364 0.0984189 0.0947810 0.0792625 0.0781282 0.0713411 0.0885120 0.2087725 0.1166238 
S0026_G5032_R1_A 0.1022730 0.1018273 0.0750686 0.0711162 0.0677942 0.0659014 0.0913964 0.0671531 0.0812847 0.0736459 0.0000000 0.0886526 0.0899997 0.0799144 0.1072331 0.0953324 0.0745886 0.0814919 0.0757689 0.0975004 0.2090270 0.1230446 
S0004_G5032_R1_A 0.1102836 0.1084667 0.0793404 0.0800793 0.0782349 0.0753177 0.1015748 0.0844762 0.0886294 0.0872191 0.0886526 0.0000000 0.0828826 0.0720739 0.0959665 0.1000775 0.0891676 0.0834445 0.0700654 0.0949498 0.2252702 0.1313632 
S0018_G5032_R1_A 0.1112800 0.1082421 0.0800415 0.0796584 0.0825150 0.0790416 0.1053946 0.0830901 0.0873565 0.0847075 0.0899997 0.0828826 0.0000000 0.0496657 0.0877447 0.0985788 0.0933530 0.0834903 0.0682307 0.1011020 0.2127185 0.1355732 
S0031_G5032_R1_A 0.1031886 0.1006888 0.0693650 0.0693020 0.0733705 0.0710586 0.0978071 0.0683850 0.0803367 0.0748364 0.0799144 0.0720739 0.0496657 0.0000000 0.0774662 0.0911157 0.0796749 0.0744964 0.0590344 0.0860576 0.2123693 0.1224285 
S0037_G5032_R1_U 0.1274149 0.1226607 0.0898180 0.0918648 0.0938116 0.0921868 0.1173282 0.0978163 0.1026575 0.0984189 0.1072331 0.0959665 0.0877447 0.0774662 0.0000000 0.1181160 0.0988846 0.0963646 0.0777456 0.1087002 0.2417933 0.1440500 
S0017_G5032_R1_A 0.1116977 0.1126240 0.0875952 0.0878162 0.0880694 0.0845101 0.1147522 0.0895157 0.1003020 0.0947810 0.0953324 0.1000775 0.0985788 0.0911157 0.1181160 0.0000000 0.0934889 0.0915610 0.0883418 0.1035202 0.2342085 0.1342860 
S0021_G5032_R1_A 0.1061946 0.1057369 0.0748634 0.0690795 0.0696348 0.0683613 0.0932939 0.0691030 0.0840443 0.0792625 0.0745886 0.0891676 0.0933530 0.0796749 0.0988846 0.0934889 0.0000000 0.0817679 0.0689164 0.0930364 0.2080910 0.1255246 
S0011_G5032_R1_A 0.1000764 0.0975847 0.0612748 0.0665255 0.0689950 0.0650381 0.0954406 0.0759762 0.0789677 0.0781282 0.0814919 0.0834445 0.0834903 0.0744964 0.0963646 0.0915610 0.0817679 0.0000000 0.0677545 0.0817462 0.2097801 0.1185553 
S0016_G5032_R1_A 0.0989024 0.0941396 0.0613306 0.0617415 0.0642430 0.0593656 0.0888898 0.0649903 0.0757066 0.0713411 0.0757689 0.0700654 0.0682307 0.0590344 0.0777456 0.0883418 0.0689164 0.0677545 0.0000000 0.0799146 0.2082024 0.1110117 
S0013_G5032_R1_A 0.1017255 0.1005885 0.0765520 0.0845442 0.0853825 0.0817514 0.1071192 0.0870453 0.0902082 0.0885120 0.0975004 0.0949498 0.1011020 0.0860576 0.1087002 0.1035202 0.0930364 0.0817462 0.0799146 0.0000000 0.2238790 0.1111301 
S0005_G5032_R1_A 0.2265413 0.2274731 0.2133452 0.2017036 0.2069742 0.2100759 0.2336942 0.1978163 0.2234658 0.2087725 0.2090270 0.2252702 0.2127185 0.2123693 0.2417933 0.2342085 0.2080910 0.2097801 0.2082024 0.2238790 0.0000000 0.2609325 
S0012_G5032_R1_A 0.1271249 0.1288098 0.1110085 0.1108081 0.1188547 0.1078571 0.1356262 0.1183514 0.1201722 0.1166238 0.1230446 0.1313632 0.1355732 0.1224285 0.1440500 0.1342860 0.1255246 0.1185553 0.1110117 0.1111301 0.2609325 0.0000000 
