22
S0022_G5090_R1_A 0.0000000 0.0725214 0.0665365 0.0738124 0.0740057 0.0775020 0.0796480 0.0766363 0.0890186 0.0772243 0.0782458 0.0881083 0.0844833 0.1026491 0.0986300 0.1193608 0.1150122 0.0920357 0.0925059 0.0652959 0.2809208 0.0734112 
S0011_G5090_R1_A 0.0725214 0.0000000 0.0537177 0.0479709 0.0739524 0.0731774 0.0773636 0.0732209 0.0823870 0.0594267 0.0683489 0.0797471 0.0881707 0.1039166 0.1086098 0.1151357 0.1083228 0.0889434 0.0881024 0.0623218 0.2954080 0.0597811 
S0020_G5090_R1_A 0.0665365 0.0537177 0.0000000 0.0473278 0.0699451 0.0697328 0.0709215 0.0673867 0.0803983 0.0627938 0.0693795 0.0727616 0.0794669 0.1002109 0.0980734 0.1086250 0.1061318 0.0901897 0.0860559 0.0658502 0.2805119 0.0493976 
S0036_G5090_R1_A 0.0738124 0.0479709 0.0473278 0.0000000 0.0722017 0.0729422 0.0789896 0.0776981 0.0839545 0.0595715 0.0744992 0.0819869 0.0840990 0.1055890 0.1027132 0.1156488 0.1091664 0.0898999 0.0888820 0.0635293 0.2863997 0.0562115 
S0026_G5090_R1_A 0.0740057 0.0739524 0.0699451 0.0722017 0.0000000 0.0719943 0.0685090 0.0763151 0.0823345 0.0812657 0.0727665 0.0748521 0.0789187 0.0987769 0.1124494 0.1246071 0.1078327 0.0771340 0.0738507 0.0600294 0.2799861 0.0726132 
S0046_G5090_R1_A 0.0775020 0.0731774 0.0697328 0.0729422 0.0719943 0.0000000 0.0782134 0.0805683 0.0876173 0.0773580 0.0808153 0.0884045 0.0920132 0.1076758 0.1128457 0.1315048 0.1181243 0.0866643 0.0859971 0.0583776 0.2971198 0.0772360 
S0028_G5090_R1_A 0.0796480 0.0773636 0.0709215 0.0789896 0.0685090 0.0782134 0.0000000 0.0794951 0.0865041 0.0830233 0.0775606 0.0759147 0.0853873 0.1067639 0.1150867 0.1220273 0.1103447 0.0787701 0.0793820 0.0668407 0.2988362 0.0757947 
S0016_G5090_R1_A 0.0766363 0.0732209 0.0673867 0.0776981 0.0763151 0.0805683 0.0794951 0.0000000 0.0708413 0.0766669 0.0581110 0.0882008 0.0864694 0.0881667 0.1133833 0.1205338 0.0963868 0.0940652 0.0931806 0.0685268 0.2913904 0.0743850 
S0031_G5090_R1_A 0.0890186 0.0823870 0.0803983 0.0839545 0.0823345 0.0876173 0.0865041 0.0708413 0.0000000 0.0898546 0.0734168 0.1007899 0.0958802 0.0761083 0.1257485 0.1337375 0.0913405 0.0928466 0.0928840 0.0765489 0.3068215 0.0841553 
S0002_G5090_R1_A 0.0772243 0.0594267 0.0627938 0.0595715 0.0812657 0.0773580 0.0830233 0.0766669 0.0898546 0.0000000 0.0746363 0.0948762 0.0928318 0.1023687 0.1135984 0.1231532 0.1109419 0.0984062 0.0969978 0.0655318 0.2828842 0.0713573 
S0004_G5090_R1_A 0.0782458 0.0683489 0.0693795 0.0744992 0.0727665 0.0808153 0.0775606 0.0581110 0.0734168 0.0746363 0.0000000 0.0874195 0.0838123 0.0886621 0.1183939 0.1245131 0.0941585 0.0877249 0.0891089 0.0708978 0.2839603 0.0701511 
S0021_G5090_R1_A 0.0881083 0.0797471 0.0727616 0.0819869 0.0748521 0.0884045 0.0759147 0.0882008 0.1007899 0.0948762 0.0874195 0.0000000 0.0953915 0.1138545 0.1217372 0.1336322 0.1236761 0.0937115 0.0972968 0.0798453 0.3017852 0.0777178 
S0013_G5090_R1_A 0.0844833 0.0881707 0.0794669 0.0840990 0.0789187 0.0920132 0.0853873 0.0864694 0.0958802 0.0928318 0.0838123 0.0953915 0.0000000 0.1160315 0.1224304 0.1242536 0.1203853 0.0884377 0.0842888 0.0771136 0.2929280 0.0863117 
S0018_G5090_R1_A 0.1026491 0.1039166 0.1002109 0.1055890 0.0987769 0.1076758 0.1067639 0.0881667 0.0761083 0.1023687 0.0886621 0.1138545 0.1160315 0.0000000 0.1390880 0.1518500 0.1174729 0.1164213 0.1150874 0.0877278 0.3198141 0.1021479 
S0017_G5090_R1_A 0.0986300 0.1086098 0.0980734 0.1027132 0.1124494 0.1128457 0.1150867 0.1133833 0.1257485 0.1135984 0.1183939 0.1217372 0.1224304 0.1390880 0.0000000 0.1673041 0.1524498 0.1394772 0.1332560 0.1064327 0.3057510 0.0836233 
S0012_G5090_R1_A 0.1193608 0.1151357 0.1086250 0.1156488 0.1246071 0.1315048 0.1220273 0.1205338 0.1337375 0.1231532 0.1245131 0.1336322 0.1242536 0.1518500 0.1673041 0.0000000 0.1528681 0.1319779 0.1265182 0.1200112 0.3266355 0.1336749 
S0037_G5090_R1_U 0.1150122 0.1083228 0.1061318 0.1091664 0.1078327 0.1181243 0.1103447 0.0963868 0.0913405 0.1109419 0.0941585 0.1236761 0.1203853 0.1174729 0.1524498 0.1528681 0.0000000 0.1275686 0.1283431 0.1083740 0.3164845 0.1121416 
S0048_G5090_R1_A 0.0920357 0.0889434 0.0901897 0.0898999 0.0771340 0.0866643 0.0787701 0.0940652 0.0928466 0.0984062 0.0877249 0.0937115 0.0884377 0.1164213 0.1394772 0.1319779 0.1275686 0.0000000 0.0367710 0.0815764 0.2708209 0.0916076 
S0050_G5090_R1_A 0.0925059 0.0881024 0.0860559 0.0888820 0.0738507 0.0859971 0.0793820 0.0931806 0.0928840 0.0969978 0.0891089 0.0972968 0.0842888 0.1150874 0.1332560 0.1265182 0.1283431 0.0367710 0.0000000 0.0805948 0.2850022 0.0841096 
S0030_G5090_R1_A 0.0652959 0.0623218 0.0658502 0.0635293 0.0600294 0.0583776 0.0668407 0.0685268 0.0765489 0.0655318 0.0708978 0.0798453 0.0771136 0.0877278 0.1064327 0.1200112 0.1083740 0.0815764 0.0805948 0.0000000 0.2627896 0.0623722 
S0005_G5090_R1_A 0.2809208 0.2954080 0.2805119 0.2863997 0.2799861 0.2971198 0.2988362 0.2913904 0.3068215 0.2828842 0.2839603 0.3017852 0.2929280 0.3198141 0.3057510 0.3266355 0.3164845 0.2708209 0.2850022 0.2627896 0.0000000 0.3247140 
S0019_G5090_R1_A 0.0734112 0.0597811 0.0493976 0.0562115 0.0726132 0.0772360 0.0757947 0.0743850 0.0841553 0.0713573 0.0701511 0.0777178 0.0863117 0.1021479 0.0836233 0.1336749 0.1121416 0.0916076 0.0841096 0.0623722 0.3247140 0.0000000 
