22
S0004_G5116_R1_A 0.0000000 0.0763163 0.0835775 0.0811813 0.0845715 0.0819116 0.0897098 0.0927546 0.0861681 0.2002935 0.0737035 0.0879840 0.0743883 0.0961652 0.0872906 0.0969787 0.0863026 0.1040730 0.0862525 0.0871242 0.1038991 0.1412891 
S0019_G5116_R1_A 0.0763163 0.0000000 0.0355115 0.0782339 0.0736628 0.0695418 0.0729522 0.0828281 0.0846568 0.1909295 0.0713368 0.0894376 0.0805711 0.0865926 0.0805566 0.0868090 0.0802756 0.0930190 0.0806274 0.0809823 0.1021631 0.1401111 
S0020_G5116_R1_A 0.0835775 0.0355115 0.0000000 0.0851685 0.0830238 0.0709924 0.0778333 0.0853733 0.0894477 0.1925013 0.0783203 0.0938161 0.0838997 0.0891694 0.0880850 0.0934222 0.0838216 0.0985055 0.0851012 0.0850011 0.1097904 0.1408321 
S0013_G5116_R1_A 0.0811813 0.0782339 0.0851685 0.0000000 0.0820970 0.0861311 0.0914894 0.0925188 0.0941423 0.2029472 0.0885552 0.1015017 0.0917681 0.1023188 0.0987174 0.1050280 0.0905537 0.1073198 0.0890580 0.0898617 0.1178296 0.1465647 
S0002_G5116_R1_A 0.0845715 0.0736628 0.0830238 0.0820970 0.0000000 0.0753249 0.0796742 0.0764848 0.0842583 0.1982778 0.0714224 0.0912298 0.0773310 0.0886916 0.0829021 0.0920002 0.0777529 0.1028427 0.0879263 0.0865192 0.1017350 0.1346425 
S0030_G5116_R1_A 0.0819116 0.0695418 0.0709924 0.0861311 0.0753249 0.0000000 0.0727992 0.0779615 0.0787940 0.1956051 0.0672960 0.0866086 0.0749708 0.0785937 0.0793189 0.0842369 0.0746621 0.0872628 0.0786584 0.0778852 0.0979585 0.1343339 
S0036_G5116_R1_A 0.0897098 0.0729522 0.0778333 0.0914894 0.0796742 0.0727992 0.0000000 0.0877447 0.0844372 0.2035557 0.0729024 0.0944293 0.0842429 0.0846758 0.0757792 0.0882704 0.0800126 0.0967827 0.0850731 0.0825710 0.1047227 0.1473608 
S0011_G5116_R1_A 0.0927546 0.0828281 0.0853733 0.0925188 0.0764848 0.0779615 0.0877447 0.0000000 0.0869995 0.2006879 0.0804306 0.0977776 0.0865493 0.0947497 0.0826964 0.0966850 0.0798886 0.1031855 0.0939356 0.0919925 0.1125759 0.1409025 
S0046_G5116_R1_A 0.0861681 0.0846568 0.0894477 0.0941423 0.0842583 0.0787940 0.0844372 0.0869995 0.0000000 0.2003535 0.0730870 0.0912773 0.0786625 0.0870520 0.0830921 0.0891846 0.0838170 0.1035636 0.0865604 0.0835154 0.1043345 0.1449800 
S0005_G5116_R1_A 0.2002935 0.1909295 0.1925013 0.2029472 0.1982778 0.1956051 0.2035557 0.2006879 0.2003535 0.0000000 0.1864728 0.2115260 0.2018777 0.1865689 0.1903211 0.1904020 0.1972108 0.2227299 0.2061846 0.2014526 0.2309523 0.2627158 
S0016_G5116_R1_A 0.0737035 0.0713368 0.0783203 0.0885552 0.0714224 0.0672960 0.0729024 0.0804306 0.0730870 0.1864728 0.0000000 0.0794898 0.0701823 0.0825294 0.0747698 0.0815780 0.0735739 0.0859973 0.0794344 0.0759144 0.0884555 0.1328370 
S0018_G5116_R1_A 0.0879840 0.0894376 0.0938161 0.1015017 0.0912298 0.0866086 0.0944293 0.0977776 0.0912773 0.2115260 0.0794898 0.0000000 0.0449161 0.0981996 0.0922699 0.1017070 0.0882607 0.1108051 0.0950651 0.0914142 0.0973440 0.1479952 
S0031_G5116_R1_A 0.0743883 0.0805711 0.0838997 0.0917681 0.0773310 0.0749708 0.0842429 0.0865493 0.0786625 0.2018777 0.0701823 0.0449161 0.0000000 0.0863897 0.0775829 0.0890873 0.0754447 0.0998074 0.0849631 0.0819401 0.0872395 0.1379133 
S0021_G5116_R1_A 0.0961652 0.0865926 0.0891694 0.1023188 0.0886916 0.0785937 0.0846758 0.0947497 0.0870520 0.1865689 0.0825294 0.0981996 0.0863897 0.0000000 0.0760088 0.0805803 0.0838125 0.0973465 0.0956083 0.0930036 0.1077997 0.1458264 
S0028_G5116_R1_A 0.0872906 0.0805566 0.0880850 0.0987174 0.0829021 0.0793189 0.0757792 0.0826964 0.0830921 0.1903211 0.0747698 0.0922699 0.0775829 0.0760088 0.0000000 0.0849015 0.0792850 0.1004255 0.0900068 0.0845087 0.1048047 0.1394245 
S0026_G5116_R1_A 0.0969787 0.0868090 0.0934222 0.1050280 0.0920002 0.0842369 0.0882704 0.0966850 0.0891846 0.1904020 0.0815780 0.1017070 0.0890873 0.0805803 0.0849015 0.0000000 0.0878450 0.1068985 0.0942426 0.0923846 0.1134115 0.1428859 
S0022_G5116_R1_A 0.0863026 0.0802756 0.0838216 0.0905537 0.0777529 0.0746621 0.0800126 0.0798886 0.0838170 0.1972108 0.0735739 0.0882607 0.0754447 0.0838125 0.0792850 0.0878450 0.0000000 0.0989291 0.0853639 0.0839814 0.1007621 0.1381353 
S0017_G5116_R1_A 0.1040730 0.0930190 0.0985055 0.1073198 0.1028427 0.0872628 0.0967827 0.1031855 0.1035636 0.2227299 0.0859973 0.1108051 0.0998074 0.0973465 0.1004255 0.1068985 0.0989291 0.0000000 0.1006126 0.0975296 0.1180401 0.1603185 
S0048_G5116_R1_A 0.0862525 0.0806274 0.0851012 0.0890580 0.0879263 0.0786584 0.0850731 0.0939356 0.0865604 0.2061846 0.0794344 0.0950651 0.0849631 0.0956083 0.0900068 0.0942426 0.0853639 0.1006126 0.0000000 0.0284002 0.1104342 0.1482169 
S0050_G5116_R1_A 0.0871242 0.0809823 0.0850011 0.0898617 0.0865192 0.0778852 0.0825710 0.0919925 0.0835154 0.2014526 0.0759144 0.0914142 0.0819401 0.0930036 0.0845087 0.0923846 0.0839814 0.0975296 0.0284002 0.0000000 0.1082054 0.1480375 
S0037_G5116_R1_U 0.1038991 0.1021631 0.1097904 0.1178296 0.1017350 0.0979585 0.1047227 0.1125759 0.1043345 0.2309523 0.0884555 0.0973440 0.0872395 0.1077997 0.1048047 0.1134115 0.1007621 0.1180401 0.1104342 0.1082054 0.0000000 0.1606268 
S0012_G5116_R1_A 0.1412891 0.1401111 0.1408321 0.1465647 0.1346425 0.1343339 0.1473608 0.1409025 0.1449800 0.2627158 0.1328370 0.1479952 0.1379133 0.1458264 0.1394245 0.1428859 0.1381353 0.1603185 0.1482169 0.1480375 0.1606268 0.0000000 
