22
S0019_G5177_R1_A 0.0000000 0.0595274 0.0749012 0.0890388 0.0944953 0.0771775 0.0711891 0.1050567 0.0941627 0.0881427 0.1055594 0.0872655 0.2758542 0.0603751 0.0802838 0.0894729 0.0700911 0.1394751 0.1025090 0.0890693 0.0892052 0.1054124 
S0020_G5177_R1_U 0.0595274 0.0000000 0.0702962 0.0836691 0.0847789 0.0697393 0.0707478 0.0996375 0.0882802 0.0800083 0.0960178 0.0835260 0.2626967 0.0600091 0.0715015 0.0855706 0.0644242 0.1293002 0.0997543 0.0876266 0.0822707 0.0988719 
S0026_G5177_R1_A 0.0749012 0.0702962 0.0000000 0.0795139 0.0819868 0.0750977 0.0779148 0.0978179 0.0894824 0.0790742 0.1016156 0.0798523 0.2479574 0.0612499 0.0657183 0.0806102 0.0622065 0.1303152 0.0875598 0.0824967 0.0803957 0.0975727 
S0013_G5177_R1_A 0.0890388 0.0836691 0.0795139 0.0000000 0.0938537 0.0833158 0.0872845 0.1004591 0.0898622 0.0887316 0.1112154 0.0946857 0.2738919 0.0754937 0.0875551 0.0925358 0.0781007 0.1356125 0.1136946 0.0947870 0.0925343 0.1023613 
S0004_G5177_R1_A 0.0944953 0.0847789 0.0819868 0.0938537 0.0000000 0.0850672 0.0893832 0.1110119 0.1007973 0.0873393 0.1101062 0.0907639 0.2633174 0.0827806 0.0878423 0.0857546 0.0771712 0.1416733 0.1143341 0.0955239 0.0821646 0.1047109 
S0011_G5177_R1_A 0.0771775 0.0697393 0.0750977 0.0833158 0.0850672 0.0000000 0.0765991 0.1059765 0.0948831 0.0882147 0.1032926 0.0900339 0.2670728 0.0621628 0.0825975 0.0844914 0.0719673 0.1398635 0.1083692 0.0895789 0.0858193 0.1062028 
S0002_G5177_R1_A 0.0711891 0.0707478 0.0779148 0.0872845 0.0893832 0.0765991 0.0000000 0.1065738 0.0929751 0.0830032 0.1054764 0.0918720 0.2748933 0.0629084 0.0808179 0.0895167 0.0731394 0.1405467 0.1016501 0.0891633 0.0881336 0.1041421 
S0048_G5177_R1_A 0.1050567 0.0996375 0.0978179 0.1004591 0.1110119 0.1059765 0.1065738 0.0000000 0.0229922 0.1095455 0.1293167 0.1122242 0.2933847 0.0876206 0.1029996 0.1037395 0.0954464 0.1500607 0.1229903 0.1067323 0.1012588 0.1145419 
S0050_G5177_R1_A 0.0941627 0.0882802 0.0894824 0.0898622 0.1007973 0.0948831 0.0929751 0.0229922 0.0000000 0.0934783 0.1199099 0.1007220 0.2844532 0.0761038 0.0921183 0.0946390 0.0845322 0.1384536 0.1123718 0.0947537 0.0945613 0.1101892 
S0046_G5177_R1_A 0.0881427 0.0800083 0.0790742 0.0887316 0.0873393 0.0882147 0.0830032 0.1095455 0.0934783 0.0000000 0.1023872 0.0875115 0.2776590 0.0689667 0.0848296 0.0827451 0.0711966 0.1331403 0.1064070 0.0862226 0.0836642 0.1015052 
S0017_G5177_R1_U 0.1055594 0.0960178 0.1016156 0.1112154 0.1101062 0.1032926 0.1054764 0.1293167 0.1199099 0.1023872 0.0000000 0.1059184 0.2854262 0.0899942 0.1007170 0.1024921 0.0921041 0.1555522 0.1255736 0.1029609 0.1020248 0.1277640 
S0016_G5177_R1_A 0.0872655 0.0835260 0.0798523 0.0946857 0.0907639 0.0900339 0.0918720 0.1122242 0.1007220 0.0875115 0.1059184 0.0000000 0.2815368 0.0813701 0.0880496 0.0817969 0.0779545 0.1403408 0.1130102 0.0946013 0.0789895 0.1002148 
S0005_G5177_R1_A 0.2758542 0.2626967 0.2479574 0.2738919 0.2633174 0.2670728 0.2748933 0.2933847 0.2844532 0.2776590 0.2854262 0.2815368 0.0000000 0.2344317 0.2474270 0.2675280 0.2540598 0.3139389 0.2663658 0.2606482 0.2472346 0.2545987 
S0036_G5177_R1_A 0.0603751 0.0600091 0.0612499 0.0754937 0.0827806 0.0621628 0.0629084 0.0876206 0.0761038 0.0689667 0.0899942 0.0813701 0.2344317 0.0000000 0.0646608 0.0757045 0.0598195 0.1264672 0.0897547 0.0742478 0.0764268 0.0945113 
S0028_G5177_R1_A 0.0802838 0.0715015 0.0657183 0.0875551 0.0878423 0.0825975 0.0808179 0.1029996 0.0921183 0.0848296 0.1007170 0.0880496 0.2474270 0.0646608 0.0000000 0.0818821 0.0664893 0.1358702 0.0982148 0.0851843 0.0829653 0.1112779 
S0031_G5177_R1_A 0.0894729 0.0855706 0.0806102 0.0925358 0.0857546 0.0844914 0.0895167 0.1037395 0.0946390 0.0827451 0.1024921 0.0817969 0.2675280 0.0757045 0.0818821 0.0000000 0.0749184 0.1434480 0.1057325 0.0869697 0.0431183 0.1004336 
S0030_G5177_R1_A 0.0700911 0.0644242 0.0622065 0.0781007 0.0771712 0.0719673 0.0731394 0.0954464 0.0845322 0.0711966 0.0921041 0.0779545 0.2540598 0.0598195 0.0664893 0.0749184 0.0000000 0.1140449 0.0881072 0.0740529 0.0714609 0.0982663 
S0012_G5177_R1_A 0.1394751 0.1293002 0.1303152 0.1356125 0.1416733 0.1398635 0.1405467 0.1500607 0.1384536 0.1331403 0.1555522 0.1403408 0.3139389 0.1264672 0.1358702 0.1434480 0.1140449 0.0000000 0.1526929 0.1373295 0.1293268 0.1421622 
S0021_G5177_R1_A 0.1025090 0.0997543 0.0875598 0.1136946 0.1143341 0.1083692 0.1016501 0.1229903 0.1123718 0.1064070 0.1255736 0.1130102 0.2663658 0.0897547 0.0982148 0.1057325 0.0881072 0.1526929 0.0000000 0.1110492 0.1107196 0.1295505 
S0022_G5177_R1_A 0.0890693 0.0876266 0.0824967 0.0947870 0.0955239 0.0895789 0.0891633 0.1067323 0.0947537 0.0862226 0.1029609 0.0946013 0.2606482 0.0742478 0.0851843 0.0869697 0.0740529 0.1373295 0.1110492 0.0000000 0.0837342 0.1156011 
S0018_G5177_R1_U 0.0892052 0.0822707 0.0803957 0.0925343 0.0821646 0.0858193 0.0881336 0.1012588 0.0945613 0.0836642 0.1020248 0.0789895 0.2472346 0.0764268 0.0829653 0.0431183 0.0714609 0.1293268 0.1107196 0.0837342 0.0000000 0.0968533 
S0037_G5177_R1_A 0.1054124 0.0988719 0.0975727 0.1023613 0.1047109 0.1062028 0.1041421 0.1145419 0.1101892 0.1015052 0.1277640 0.1002148 0.2545987 0.0945113 0.1112779 0.1004336 0.0982663 0.1421622 0.1295505 0.1156011 0.0968533 0.0000000 
