22
S0031_G5299_R1_A 0.0000000 0.0566219 0.0766381 0.0722699 0.0890817 0.0931282 0.0911241 0.0973323 0.0909590 0.0878400 0.1050751 0.0914063 0.1254267 0.3295813 0.1237498 0.5623442 0.1098554 0.0817055 0.1384539 0.1006071 0.1517966 0.1764974 
S0018_G5299_R1_U 0.0566219 0.0000000 0.0876904 0.0838093 0.0992533 0.1015784 0.0991157 0.1051630 0.1013033 0.0999935 0.1131101 0.0991721 0.1327709 0.3232356 0.1330909 0.6015757 0.1208399 0.0940080 0.1647374 0.1057343 0.1664512 0.1908810 
S0004_G5299_R1_A 0.0766381 0.0876904 0.0000000 0.0563313 0.0697327 0.0722845 0.0671672 0.0748184 0.0694964 0.0690852 0.0827661 0.0725347 0.0957400 0.2954741 0.1059872 0.5861871 0.1003432 0.0643686 0.1296485 0.0761277 0.1294579 0.1582169 
S0016_G5299_R1_A 0.0722699 0.0838093 0.0563313 0.0000000 0.0688061 0.0725702 0.0690838 0.0756763 0.0726335 0.0681230 0.0830192 0.0671829 0.1000157 0.3003519 0.1051651 0.5837702 0.0953259 0.0666868 0.1315059 0.0739885 0.1303590 0.1529848 
S0026_G5299_R1_A 0.0890817 0.0992533 0.0697327 0.0688061 0.0000000 0.0722621 0.0692738 0.0753894 0.0729064 0.0630201 0.0849677 0.0764272 0.1019464 0.2954549 0.1054303 0.5989787 0.1150849 0.0684647 0.1279931 0.0768738 0.1352351 0.1562244 
S0030_G5299_R1_A 0.0931282 0.1015784 0.0722845 0.0725702 0.0722621 0.0000000 0.0632148 0.0689298 0.0686816 0.0683010 0.0769084 0.0779296 0.1022887 0.2946734 0.1070437 0.5892450 0.1182439 0.0664524 0.1220971 0.0695819 0.1243118 0.1523049 
S0036_G5299_R1_A 0.0911241 0.0991157 0.0671672 0.0690838 0.0692738 0.0632148 0.0000000 0.0629355 0.0702604 0.0687143 0.0772053 0.0755054 0.0965373 0.3012502 0.1018357 0.5943836 0.1124228 0.0565396 0.1226136 0.0643772 0.1295305 0.1460362 
S0011_G5299_R1_A 0.0973323 0.1051630 0.0748184 0.0756763 0.0753894 0.0689298 0.0629355 0.0000000 0.0727580 0.0709158 0.0823553 0.0788606 0.1035504 0.2951212 0.1077093 0.5993256 0.1236429 0.0655931 0.1293978 0.0715304 0.1266021 0.1457089 
S0022_G5299_R1_A 0.0909590 0.1013033 0.0694964 0.0726335 0.0729064 0.0686816 0.0702604 0.0727580 0.0000000 0.0722931 0.0831941 0.0796432 0.1045361 0.3024072 0.1120352 0.5922276 0.1180950 0.0651432 0.1297585 0.0764795 0.1389556 0.1550293 
S0021_G5299_R1_A 0.0878400 0.0999935 0.0690852 0.0681230 0.0630201 0.0683010 0.0687143 0.0709158 0.0722931 0.0000000 0.0792730 0.0740508 0.0996691 0.2991109 0.1028916 0.5890801 0.1131871 0.0682915 0.1251765 0.0732757 0.1299396 0.1520718 
S0013_G5299_R1_A 0.1050751 0.1131101 0.0827661 0.0830192 0.0849677 0.0769084 0.0772053 0.0823553 0.0831941 0.0792730 0.0000000 0.0912920 0.1050290 0.3131282 0.1107832 0.5931270 0.1257894 0.0704002 0.1342636 0.0804518 0.1463323 0.1656057 
S0046_G5299_R1_A 0.0914063 0.0991721 0.0725347 0.0671829 0.0764272 0.0779296 0.0755054 0.0788606 0.0796432 0.0740508 0.0912920 0.0000000 0.1043389 0.3015972 0.1074537 0.6023409 0.1200655 0.0702801 0.1385937 0.0797151 0.1377422 0.1628094 
S0048_G5299_R1_A 0.1254267 0.1327709 0.0957400 0.1000157 0.1019464 0.1022887 0.0965373 0.1035504 0.1045361 0.0996691 0.1050290 0.1043389 0.0000000 0.3238718 0.0658612 0.6232191 0.1423088 0.0950248 0.1646757 0.1080356 0.1608240 0.1762795 
S0028_G5299_R1_A 0.3295813 0.3232356 0.2954741 0.3003519 0.2954549 0.2946734 0.3012502 0.2951212 0.3024072 0.2991109 0.3131282 0.3015972 0.3238718 0.0000000 0.3884214 0.8534757 0.3567353 0.2812933 0.3229180 0.3217675 0.3558376 0.4006835 
S0050_G5299_R1_A 0.1237498 0.1330909 0.1059872 0.1051651 0.1054303 0.1070437 0.1018357 0.1077093 0.1120352 0.1028916 0.1107832 0.1074537 0.0658612 0.3884214 0.0000000 0.5640736 0.1513955 0.0930416 0.1767064 0.1107631 0.1706513 0.1470876 
S0005_G5299_R1_A 0.5623442 0.6015757 0.5861871 0.5837702 0.5989787 0.5892450 0.5943836 0.5993256 0.5922276 0.5890801 0.5931270 0.6023409 0.6232191 0.8534757 0.5640736 0.0000000 0.6064436 0.5358962 0.6310399 0.6064219 0.6563020 0.6099871 
S0037_G5299_R1_A 0.1098554 0.1208399 0.1003432 0.0953259 0.1150849 0.1182439 0.1124228 0.1236429 0.1180950 0.1131871 0.1257894 0.1200655 0.1423088 0.3567353 0.1513955 0.6064436 0.0000000 0.1074824 0.1784135 0.1205950 0.1824878 0.2137993 
S0020_G5299_R1_U 0.0817055 0.0940080 0.0643686 0.0666868 0.0684647 0.0664524 0.0565396 0.0655931 0.0651432 0.0682915 0.0704002 0.0702801 0.0950248 0.2812933 0.0930416 0.5358962 0.1074824 0.0000000 0.1027777 0.0418806 0.1253858 0.1264066 
S0017_G5299_R1_U 0.1384539 0.1647374 0.1296485 0.1315059 0.1279931 0.1220971 0.1226136 0.1293978 0.1297585 0.1251765 0.1342636 0.1385937 0.1646757 0.3229180 0.1767064 0.6310399 0.1784135 0.1027777 0.0000000 0.1304938 0.1823011 0.1828848 
S0019_G5299_R1_A 0.1006071 0.1057343 0.0761277 0.0739885 0.0768738 0.0695819 0.0643772 0.0715304 0.0764795 0.0732757 0.0804518 0.0797151 0.1080356 0.3217675 0.1107631 0.6064219 0.1205950 0.0418806 0.1304938 0.0000000 0.1291013 0.1475799 
S0012_G5299_R1_A 0.1517966 0.1664512 0.1294579 0.1303590 0.1352351 0.1243118 0.1295305 0.1266021 0.1389556 0.1299396 0.1463323 0.1377422 0.1608240 0.3558376 0.1706513 0.6563020 0.1824878 0.1253858 0.1823011 0.1291013 0.0000000 0.2063813 
S0002_G5299_R1_A 0.1764974 0.1908810 0.1582169 0.1529848 0.1562244 0.1523049 0.1460362 0.1457089 0.1550293 0.1520718 0.1656057 0.1628094 0.1762795 0.4006835 0.1470876 0.6099871 0.2137993 0.1264066 0.1828848 0.1475799 0.2063813 0.0000000 
