22
S0005_G5335_R1_A 0.0000000 0.3779614 0.3891442 0.4699280 0.3912516 0.3981489 0.4049916 0.3765708 0.3983199 0.4190435 0.3789061 0.4157187 0.4084649 0.3805579 0.4659190 0.4345404 0.4092313 0.4464718 0.4403840 0.4038730 0.5573199 0.4886530 
S0030_G5335_R1_A 0.3779614 0.0000000 0.0895914 0.1534410 0.0940240 0.0846694 0.1003087 0.0998969 0.0946057 0.1230816 0.0884545 0.1220667 0.1385784 0.1063348 0.1523969 0.1336469 0.1122437 0.1534074 0.1552456 0.0854153 0.2896028 0.2476334 
S0028_G5335_R1_A 0.3891442 0.0895914 0.0000000 0.1590811 0.0895953 0.0831183 0.1039059 0.0870195 0.0942520 0.1261403 0.0914076 0.1178003 0.1551881 0.1049026 0.1613826 0.1380957 0.1215808 0.1589779 0.1546581 0.1020899 0.3154114 0.2540475 
S0017_G5335_R1_U 0.4699280 0.1534410 0.1590811 0.0000000 0.1630434 0.1530587 0.1616757 0.1669482 0.1587819 0.1510200 0.1609908 0.1714857 0.1554411 0.1535890 0.1903526 0.1749761 0.1780422 0.1906285 0.1955692 0.1634637 0.3529026 0.2963844 
S0046_G5335_R1_A 0.3912516 0.0940240 0.0895953 0.1630434 0.0000000 0.0885668 0.1033187 0.0986933 0.0794949 0.1231444 0.0898792 0.1204155 0.1486460 0.0979669 0.1565508 0.1362810 0.1268766 0.1635543 0.1598391 0.1056726 0.2973177 0.2589460 
S0021_G5335_R1_A 0.3981489 0.0846694 0.0831183 0.1530587 0.0885668 0.0000000 0.0995264 0.0821360 0.0857827 0.1237570 0.0825759 0.1094171 0.1414658 0.0948929 0.1633889 0.1389116 0.1165037 0.1602404 0.1603725 0.1005653 0.3023722 0.2533716 
S0031_G5335_R1_A 0.4049916 0.1003087 0.1039059 0.1616757 0.1033187 0.0995264 0.0000000 0.1019724 0.1074082 0.1415412 0.1045377 0.0960957 0.1510150 0.1120952 0.1616677 0.1484780 0.1250197 0.1733530 0.1652158 0.1091828 0.2988154 0.2390421 
S0026_G5335_R1_A 0.3765708 0.0998969 0.0870195 0.1669482 0.0986933 0.0821360 0.1019724 0.0000000 0.0933281 0.1268045 0.0991385 0.1149183 0.1478558 0.1071988 0.1584887 0.1417667 0.1300469 0.1573659 0.1556113 0.1088912 0.3030631 0.2503515 
S0002_G5335_R1_A 0.3983199 0.0946057 0.0942520 0.1587819 0.0794949 0.0857827 0.1074082 0.0933281 0.0000000 0.1207337 0.0793665 0.1243267 0.1422699 0.0908421 0.1648262 0.1351016 0.1295303 0.1657367 0.1630173 0.0966213 0.2999901 0.2797112 
S0019_G5335_R1_A 0.4190435 0.1230816 0.1261403 0.1510200 0.1231444 0.1237570 0.1415412 0.1268045 0.1207337 0.0000000 0.1250940 0.1496600 0.1477266 0.1107348 0.1806944 0.1374673 0.1529652 0.1579828 0.1597425 0.1361575 0.3168218 0.2620491 
S0011_G5335_R1_A 0.3789061 0.0884545 0.0914076 0.1609908 0.0898792 0.0825759 0.1045377 0.0991385 0.0793665 0.1250940 0.0000000 0.1184655 0.1432883 0.0830809 0.1651114 0.1334502 0.1226787 0.1621284 0.1594283 0.0997579 0.2902835 0.2513033 
S0018_G5335_R1_U 0.4157187 0.1220667 0.1178003 0.1714857 0.1204155 0.1094171 0.0960957 0.1149183 0.1243267 0.1496600 0.1184655 0.0000000 0.1670509 0.1223615 0.1718946 0.1588297 0.1348371 0.1815429 0.1821435 0.1184798 0.3129847 0.2491451 
S0013_G5335_R1_A 0.4084649 0.1385784 0.1551881 0.1554411 0.1486460 0.1414658 0.1510150 0.1478558 0.1422699 0.1477266 0.1432883 0.1670509 0.0000000 0.1549261 0.1814744 0.1427192 0.1627096 0.1572551 0.1583520 0.1465739 0.2941556 0.2678911 
S0020_G5335_R1_U 0.3805579 0.1063348 0.1049026 0.1535890 0.0979669 0.0948929 0.1120952 0.1071988 0.0908421 0.1107348 0.0830809 0.1223615 0.1549261 0.0000000 0.1693987 0.1337211 0.1295334 0.1591386 0.1588300 0.1064262 0.2907395 0.2549438 
S0016_G5335_R1_A 0.4659190 0.1523969 0.1613826 0.1903526 0.1565508 0.1633889 0.1616677 0.1584887 0.1648262 0.1806944 0.1651114 0.1718946 0.1814744 0.1693987 0.0000000 0.1801852 0.1601595 0.1978985 0.2029270 0.1581329 0.3600178 0.2656178 
S0036_G5335_R1_U 0.4345404 0.1336469 0.1380957 0.1749761 0.1362810 0.1389116 0.1484780 0.1417667 0.1351016 0.1374673 0.1334502 0.1588297 0.1427192 0.1337211 0.1801852 0.0000000 0.1640572 0.1672123 0.1690129 0.1305516 0.3158112 0.2758636 
S0004_G5335_R1_A 0.4092313 0.1122437 0.1215808 0.1780422 0.1268766 0.1165037 0.1250197 0.1300469 0.1295303 0.1529652 0.1226787 0.1348371 0.1627096 0.1295334 0.1601595 0.1640572 0.0000000 0.1717434 0.1760164 0.1224500 0.3376445 0.2775206 
S0048_G5335_R1_A 0.4464718 0.1534074 0.1589779 0.1906285 0.1635543 0.1602404 0.1733530 0.1573659 0.1657367 0.1579828 0.1621284 0.1815429 0.1572551 0.1591386 0.1978985 0.1672123 0.1717434 0.0000000 0.0258056 0.1515514 0.3169462 0.3111618 
S0050_G5335_R1_A 0.4403840 0.1552456 0.1546581 0.1955692 0.1598391 0.1603725 0.1652158 0.1556113 0.1630173 0.1597425 0.1594283 0.1821435 0.1583520 0.1588300 0.2029270 0.1690129 0.1760164 0.0258056 0.0000000 0.1506747 0.3074563 0.3110021 
S0022_G5335_R1_A 0.4038730 0.0854153 0.1020899 0.1634637 0.1056726 0.1005653 0.1091828 0.1088912 0.0966213 0.1361575 0.0997579 0.1184798 0.1465739 0.1064262 0.1581329 0.1305516 0.1224500 0.1515514 0.1506747 0.0000000 0.2845963 0.2754339 
S0012_G5335_R1_A 0.5573199 0.2896028 0.3154114 0.3529026 0.2973177 0.3023722 0.2988154 0.3030631 0.2999901 0.3168218 0.2902835 0.3129847 0.2941556 0.2907395 0.3600178 0.3158112 0.3376445 0.3169462 0.3074563 0.2845963 0.0000000 0.4047633 
S0037_G5335_R1_A 0.4886530 0.2476334 0.2540475 0.2963844 0.2589460 0.2533716 0.2390421 0.2503515 0.2797112 0.2620491 0.2513033 0.2491451 0.2678911 0.2549438 0.2656178 0.2758636 0.2775206 0.3111618 0.3110021 0.2754339 0.4047633 0.0000000 
