22
S0013_G5357_R1_A 0.0000000 0.0828123 0.0848565 0.0807204 0.0899419 0.0946151 0.0970021 0.0905148 0.0905047 0.0804157 0.1130123 0.0913306 0.1144674 0.1113887 0.1134951 0.0976541 0.0957884 0.0795696 0.1194143 0.0964951 0.2097027 0.2525786 
S0020_G5357_R1_U 0.0828123 0.0000000 0.0614527 0.0607906 0.0612400 0.0692475 0.0654220 0.0650751 0.0651041 0.0613747 0.0830489 0.0595046 0.0876085 0.0934010 0.0992605 0.0642149 0.0780612 0.0461640 0.0890765 0.0690295 0.2036849 0.2388435 
S0030_G5357_R1_A 0.0848565 0.0614527 0.0000000 0.0658644 0.0735523 0.0725363 0.0746251 0.0715502 0.0717608 0.0693024 0.0937302 0.0684864 0.0979461 0.0983578 0.1038566 0.0753784 0.0871409 0.0552689 0.0916135 0.0740279 0.2091134 0.2410351 
S0026_G5357_R1_A 0.0807204 0.0607906 0.0658644 0.0000000 0.0700166 0.0742656 0.0714944 0.0667936 0.0669272 0.0566043 0.0884399 0.0676621 0.0937925 0.0908219 0.0985286 0.0727220 0.0669402 0.0553718 0.0864410 0.0681453 0.2001769 0.2139667 
S0016_G5357_R1_A 0.0899419 0.0612400 0.0735523 0.0700166 0.0000000 0.0774787 0.0758400 0.0668272 0.0739376 0.0685004 0.0871406 0.0681256 0.0926576 0.1023917 0.1061073 0.0727814 0.0878193 0.0590466 0.0840987 0.0688222 0.2118669 0.2411714 
S0046_G5357_R1_A 0.0946151 0.0692475 0.0725363 0.0742656 0.0774787 0.0000000 0.0786230 0.0759804 0.0751636 0.0728886 0.0958222 0.0768964 0.1022820 0.1062106 0.1111565 0.0749611 0.0885400 0.0654496 0.1041554 0.0852907 0.2075218 0.2479952 
S0002_G5357_R1_A 0.0970021 0.0654220 0.0746251 0.0714944 0.0758400 0.0786230 0.0000000 0.0710761 0.0762018 0.0668279 0.0991127 0.0642572 0.0997878 0.1051499 0.1086341 0.0725408 0.0873272 0.0553974 0.0950341 0.0759343 0.2123765 0.2435476 
S0004_G5357_R1_A 0.0905148 0.0650751 0.0715502 0.0667936 0.0668272 0.0759804 0.0710761 0.0000000 0.0765581 0.0653993 0.0902523 0.0677836 0.0961580 0.1023312 0.1042044 0.0737249 0.0847242 0.0603602 0.0818062 0.0638710 0.1985420 0.2336158 
S0022_G5357_R1_A 0.0905047 0.0651041 0.0717608 0.0669272 0.0739376 0.0751636 0.0762018 0.0765581 0.0000000 0.0698326 0.0975179 0.0711691 0.0971781 0.1016083 0.1070186 0.0780050 0.0843164 0.0610238 0.0926507 0.0731443 0.2128648 0.2377980 
S0028_G5357_R1_A 0.0804157 0.0613747 0.0693024 0.0566043 0.0685004 0.0728886 0.0668279 0.0653993 0.0698326 0.0000000 0.0903104 0.0667907 0.0905780 0.0971291 0.1007821 0.0696942 0.0683269 0.0551016 0.0891829 0.0695299 0.2005026 0.2250038 
S0037_G5357_R1_A 0.1130123 0.0830489 0.0937302 0.0884399 0.0871406 0.0958222 0.0991127 0.0902523 0.0975179 0.0903104 0.0000000 0.0912277 0.1179461 0.1246300 0.1226570 0.0967996 0.1112312 0.0800045 0.0999152 0.0848999 0.2234279 0.2616095 
S0036_G5357_R1_U 0.0913306 0.0595046 0.0684864 0.0676621 0.0681256 0.0768964 0.0642572 0.0677836 0.0711691 0.0667907 0.0912277 0.0000000 0.0914264 0.1006805 0.1067588 0.0706878 0.0868169 0.0526783 0.0910008 0.0712270 0.2038564 0.2402834 
S0017_G5357_R1_U 0.1144674 0.0876085 0.0979461 0.0937925 0.0926576 0.1022820 0.0997878 0.0961580 0.0971781 0.0905780 0.1179461 0.0914264 0.0000000 0.1264647 0.1303639 0.0982227 0.1077509 0.0867436 0.1116232 0.0962757 0.2289773 0.2639781 
S0048_G5357_R1_A 0.1113887 0.0934010 0.0983578 0.0908219 0.1023917 0.1062106 0.1051499 0.1023312 0.1016083 0.0971291 0.1246300 0.1006805 0.1264647 0.0000000 0.0477435 0.1073902 0.1135712 0.0898017 0.1200808 0.1010565 0.2387952 0.2801109 
S0050_G5357_R1_A 0.1134951 0.0992605 0.1038566 0.0985286 0.1061073 0.1111565 0.1086341 0.1042044 0.1070186 0.1007821 0.1226570 0.1067588 0.1303639 0.0477435 0.0000000 0.1128442 0.1144783 0.0943147 0.1154010 0.0979360 0.2373275 0.2687938 
S0011_G5357_R1_A 0.0976541 0.0642149 0.0753784 0.0727220 0.0727814 0.0749611 0.0725408 0.0737249 0.0780050 0.0696942 0.0967996 0.0706878 0.0982227 0.1073902 0.1128442 0.0000000 0.0909414 0.0564781 0.0946714 0.0757346 0.2153898 0.2407121 
S0021_G5357_R1_A 0.0957884 0.0780612 0.0871409 0.0669402 0.0878193 0.0885400 0.0873272 0.0847242 0.0843164 0.0683269 0.1112312 0.0868169 0.1077509 0.1135712 0.1144783 0.0909414 0.0000000 0.0756655 0.0970276 0.0790733 0.2280528 0.2493509 
S0019_G5357_R1_A 0.0795696 0.0461640 0.0552689 0.0553718 0.0590466 0.0654496 0.0553974 0.0603602 0.0610238 0.0551016 0.0800045 0.0526783 0.0867436 0.0898017 0.0943147 0.0564781 0.0756655 0.0000000 0.0805481 0.0614083 0.2098593 0.2342011 
S0018_G5357_R1_U 0.1194143 0.0890765 0.0916135 0.0864410 0.0840987 0.1041554 0.0950341 0.0818062 0.0926507 0.0891829 0.0999152 0.0910008 0.1116232 0.1200808 0.1154010 0.0946714 0.0970276 0.0805481 0.0000000 0.0560751 0.2378970 0.2568125 
S0031_G5357_R1_A 0.0964951 0.0690295 0.0740279 0.0681453 0.0688222 0.0852907 0.0759343 0.0638710 0.0731443 0.0695299 0.0848999 0.0712270 0.0962757 0.1010565 0.0979360 0.0757346 0.0790733 0.0614083 0.0560751 0.0000000 0.2041635 0.2342804 
S0012_G5357_R1_A 0.2097027 0.2036849 0.2091134 0.2001769 0.2118669 0.2075218 0.2123765 0.1985420 0.2128648 0.2005026 0.2234279 0.2038564 0.2289773 0.2387952 0.2373275 0.2153898 0.2280528 0.2098593 0.2378970 0.2041635 0.0000000 0.3927305 
S0005_G5357_R1_A 0.2525786 0.2388435 0.2410351 0.2139667 0.2411714 0.2479952 0.2435476 0.2336158 0.2377980 0.2250038 0.2616095 0.2402834 0.2639781 0.2801109 0.2687938 0.2407121 0.2493509 0.2342011 0.2568125 0.2342804 0.3927305 0.0000000 
