22
S0017_G5366_R1_U 0.0000000 0.1278979 0.1272942 0.0831089 0.0784703 0.0826618 0.0965118 0.0961331 0.1080042 0.1048069 0.0914411 0.0955229 0.0821461 0.1193691 0.0924532 0.1060016 0.0820563 0.1239107 0.0987167 0.1397520 0.1044579 0.2727407 
S0048_G5366_R1_A 0.1278979 0.0000000 0.0232166 0.1030604 0.1047354 0.1082053 0.1134663 0.1167842 0.1366274 0.1336556 0.1153934 0.1184249 0.1139243 0.1492449 0.1229696 0.1340962 0.1035305 0.1187257 0.1143999 0.1615462 0.1329910 0.2883709 
S0050_G5366_R1_A 0.1272942 0.0232166 0.0000000 0.1012038 0.1008951 0.1056294 0.1128732 0.1127829 0.1332736 0.1309987 0.1106918 0.1145008 0.1092336 0.1472377 0.1182167 0.1272215 0.0985535 0.1169064 0.1099858 0.1612392 0.1233100 0.2880474 
S0002_G5366_R1_A 0.0831089 0.1030604 0.1012038 0.0000000 0.0506807 0.0504706 0.0631798 0.0599789 0.0807076 0.0774522 0.0586603 0.0636315 0.0623519 0.0965842 0.0663537 0.0807680 0.0479876 0.0960153 0.0682823 0.1228126 0.0779499 0.2566466 
S0030_G5366_R1_A 0.0784703 0.1047354 0.1008951 0.0506807 0.0000000 0.0500139 0.0611349 0.0635289 0.0806320 0.0735176 0.0626334 0.0658730 0.0585881 0.0977125 0.0676390 0.0753843 0.0531157 0.0997566 0.0673315 0.1260421 0.0695680 0.2502876 
S0028_G5366_R1_A 0.0826618 0.1082053 0.1056294 0.0504706 0.0500139 0.0000000 0.0604088 0.0583773 0.0847196 0.0774384 0.0646520 0.0625168 0.0623169 0.1006430 0.0596199 0.0799732 0.0559030 0.0973009 0.0630795 0.1217580 0.0795666 0.2498114 
S0019_G5366_R1_A 0.0965118 0.1134663 0.1128732 0.0631798 0.0611349 0.0604088 0.0000000 0.0376872 0.0885506 0.0840870 0.0693001 0.0711082 0.0709935 0.1069921 0.0780476 0.0890094 0.0592495 0.1081161 0.0806511 0.1364527 0.0847979 0.2642500 
S0020_G5366_R1_U 0.0961331 0.1167842 0.1127829 0.0599789 0.0635289 0.0583773 0.0376872 0.0000000 0.0935350 0.0888896 0.0686739 0.0720816 0.0732360 0.1094188 0.0780315 0.0899029 0.0594639 0.1051608 0.0788481 0.1303309 0.0887282 0.2791943 
S0018_G5366_R1_U 0.1080042 0.1366274 0.1332736 0.0807076 0.0806320 0.0847196 0.0885506 0.0935350 0.0000000 0.0377295 0.0907090 0.0937441 0.0895790 0.0801708 0.0942722 0.0810099 0.0823622 0.1277111 0.1010576 0.1508769 0.0744658 0.2948337 
S0031_G5366_R1_A 0.1048069 0.1336556 0.1309987 0.0774522 0.0735176 0.0774384 0.0840870 0.0888896 0.0377295 0.0000000 0.0844501 0.0910107 0.0839041 0.0735820 0.0903401 0.0748513 0.0782736 0.1239191 0.0953824 0.1494628 0.0706497 0.2972344 
S0011_G5366_R1_A 0.0914411 0.1153934 0.1106918 0.0586603 0.0626334 0.0646520 0.0693001 0.0686739 0.0907090 0.0844501 0.0000000 0.0737052 0.0731724 0.1087499 0.0779196 0.0907139 0.0585112 0.1110253 0.0805564 0.1351299 0.0926102 0.2583423 
S0046_G5366_R1_A 0.0955229 0.1184249 0.1145008 0.0636315 0.0658730 0.0625168 0.0711082 0.0720816 0.0937441 0.0910107 0.0737052 0.0000000 0.0788138 0.1128955 0.0796588 0.0917270 0.0698233 0.1148972 0.0799010 0.1325236 0.0922526 0.2680733 
S0022_G5366_R1_A 0.0821461 0.1139243 0.1092336 0.0623519 0.0585881 0.0623169 0.0709935 0.0732360 0.0895790 0.0839041 0.0731724 0.0788138 0.0000000 0.1024076 0.0766400 0.0868177 0.0534692 0.1121945 0.0806592 0.1346497 0.0778983 0.2642961 
S0037_G5366_R1_A 0.1193691 0.1492449 0.1472377 0.0965842 0.0977125 0.1006430 0.1069921 0.1094188 0.0801708 0.0735820 0.1087499 0.1128955 0.1024076 0.0000000 0.1127386 0.0977231 0.0932379 0.1404372 0.1164885 0.1628377 0.0885687 0.2944106 
S0026_G5366_R1_A 0.0924532 0.1229696 0.1182167 0.0663537 0.0676390 0.0596199 0.0780476 0.0780315 0.0942722 0.0903401 0.0779196 0.0796588 0.0766400 0.1127386 0.0000000 0.0910879 0.0713997 0.1130923 0.0763693 0.1346399 0.0907179 0.2654714 
S0004_G5366_R1_A 0.1060016 0.1340962 0.1272215 0.0807680 0.0753843 0.0799732 0.0890094 0.0899029 0.0810099 0.0748513 0.0907139 0.0917270 0.0868177 0.0977231 0.0910879 0.0000000 0.0773179 0.1268492 0.1028519 0.1588470 0.0736370 0.2919787 
S0036_G5366_R1_U 0.0820563 0.1035305 0.0985535 0.0479876 0.0531157 0.0559030 0.0592495 0.0594639 0.0823622 0.0782736 0.0585112 0.0698233 0.0534692 0.0932379 0.0713997 0.0773179 0.0000000 0.1026590 0.0709602 0.1259665 0.0764878 0.2543700 
S0013_G5366_R1_A 0.1239107 0.1187257 0.1169064 0.0960153 0.0997566 0.0973009 0.1081161 0.1051608 0.1277111 0.1239191 0.1110253 0.1148972 0.1121945 0.1404372 0.1130923 0.1268492 0.1026590 0.0000000 0.1148172 0.1727182 0.1324694 0.2968375 
S0021_G5366_R1_A 0.0987167 0.1143999 0.1099858 0.0682823 0.0673315 0.0630795 0.0806511 0.0788481 0.1010576 0.0953824 0.0805564 0.0799010 0.0806592 0.1164885 0.0763693 0.1028519 0.0709602 0.1148172 0.0000000 0.1334241 0.1018138 0.2544770 
S0012_G5366_R1_A 0.1397520 0.1615462 0.1612392 0.1228126 0.1260421 0.1217580 0.1364527 0.1303309 0.1508769 0.1494628 0.1351299 0.1325236 0.1346497 0.1628377 0.1346399 0.1588470 0.1259665 0.1727182 0.1334241 0.0000000 0.1612589 0.3222262 
S0016_G5366_R1_A 0.1044579 0.1329910 0.1233100 0.0779499 0.0695680 0.0795666 0.0847979 0.0887282 0.0744658 0.0706497 0.0926102 0.0922526 0.0778983 0.0885687 0.0907179 0.0736370 0.0764878 0.1324694 0.1018138 0.1612589 0.0000000 0.2909620 
S0005_G5366_R1_A 0.2727407 0.2883709 0.2880474 0.2566466 0.2502876 0.2498114 0.2642500 0.2791943 0.2948337 0.2972344 0.2583423 0.2680733 0.2642961 0.2944106 0.2654714 0.2919787 0.2543700 0.2968375 0.2544770 0.3222262 0.2909620 0.0000000 
