22
S0020_G5513_R1_A 0.0000000 0.0652020 0.0534319 0.0652089 0.0646747 0.0598486 0.0956577 0.0679510 0.0714924 0.0732909 0.0759367 0.0997963 0.1078200 0.2787287 0.0947092 0.0965379 0.0818023 0.0629661 0.1193138 0.0725251 0.1154182 0.2652717 
S0031_G5513_R1_A 0.0652020 0.0000000 0.0740221 0.0787290 0.0695228 0.0790058 0.0955919 0.0530555 0.0822077 0.0829313 0.0958660 0.1087713 0.1228487 0.2923261 0.1130381 0.1129678 0.0869283 0.0765038 0.1288884 0.0988096 0.1323268 0.3116327 
S0036_G5513_R1_U 0.0534319 0.0740221 0.0000000 0.0722297 0.0710173 0.0659092 0.1046464 0.0882404 0.0772983 0.0806110 0.0773542 0.1076984 0.1193751 0.3308359 0.0943115 0.1036588 0.0942182 0.0671927 0.1238007 0.0829660 0.1310824 0.2576064 
S0016_G5513_R1_A 0.0652089 0.0787290 0.0722297 0.0000000 0.0727253 0.0723911 0.1105884 0.0861864 0.0853013 0.0793163 0.0951560 0.1217634 0.1331469 0.3467758 0.1015198 0.1189027 0.0955125 0.0767579 0.1358421 0.0943729 0.1386102 0.2660204 
S0002_G5513_R1_A 0.0646747 0.0695228 0.0710173 0.0727253 0.0000000 0.0682602 0.1039612 0.0838905 0.0818521 0.0835811 0.0822747 0.1075839 0.1158126 0.3362430 0.0959517 0.1089535 0.0943007 0.0783928 0.1261410 0.0898884 0.1273220 0.2707880 
S0030_G5513_R1_A 0.0598486 0.0790058 0.0659092 0.0723911 0.0682602 0.0000000 0.1102255 0.0852072 0.0768300 0.0793619 0.0790666 0.1082445 0.1202342 0.3335025 0.0943823 0.1126188 0.0921548 0.0684482 0.1282746 0.0877182 0.1318613 0.2631305 
S0037_G5513_R1_A 0.0956577 0.0955919 0.1046464 0.1105884 0.1039612 0.1102255 0.0000000 0.1060551 0.1171515 0.1157970 0.1207549 0.1484163 0.1640325 0.3636274 0.1358631 0.1483548 0.1284611 0.1089228 0.1716587 0.1249010 0.1661729 0.3023288 
S0018_G5513_R1_A 0.0679510 0.0530555 0.0882404 0.0861864 0.0838905 0.0852072 0.1060551 0.0000000 0.0940360 0.0932768 0.1037929 0.1349266 0.1440505 0.3606424 0.1208912 0.1252146 0.1028976 0.0906885 0.1467968 0.1045506 0.1471327 0.2790465 
S0046_G5513_R1_A 0.0714924 0.0822077 0.0772983 0.0853013 0.0818521 0.0768300 0.1171515 0.0940360 0.0000000 0.0889358 0.0926506 0.1156355 0.1309949 0.3404506 0.1074002 0.1177049 0.0985361 0.0812359 0.1312386 0.0893198 0.1457038 0.2683416 
S0004_G5513_R1_A 0.0732909 0.0829313 0.0806110 0.0793163 0.0835811 0.0793619 0.1157970 0.0932768 0.0889358 0.0000000 0.0969743 0.1183357 0.1275741 0.3565962 0.1122969 0.1256836 0.1003567 0.0827389 0.1392391 0.0950203 0.1455185 0.2833041 
S0011_G5513_R1_A 0.0759367 0.0958660 0.0773542 0.0951560 0.0822747 0.0790666 0.1207549 0.1037929 0.0926506 0.0969743 0.0000000 0.1150224 0.1191735 0.3482366 0.1018530 0.1097393 0.1117293 0.0906470 0.1368740 0.1003237 0.1476605 0.2645009 
S0021_G5513_R1_U 0.0997963 0.1087713 0.1076984 0.1217634 0.1075839 0.1082445 0.1484163 0.1349266 0.1156355 0.1183357 0.1150224 0.0000000 0.0636720 0.3326102 0.1337857 0.1448221 0.1352786 0.1098008 0.0991648 0.1327813 0.1660024 0.3181817 
S0026_G5513_R1_A 0.1078200 0.1228487 0.1193751 0.1331469 0.1158126 0.1202342 0.1640325 0.1440505 0.1309949 0.1275741 0.1191735 0.0636720 0.0000000 0.3469343 0.1407594 0.1492760 0.1485594 0.1157757 0.1103506 0.1437315 0.1764710 0.3218390 
S0005_G5513_R1_A 0.2787287 0.2923261 0.3308359 0.3467758 0.3362430 0.3335025 0.3636274 0.3606424 0.3404506 0.3565962 0.3482366 0.3326102 0.3469343 0.0000000 0.3593856 0.3589411 0.3528425 0.2998607 0.3014151 0.3306584 0.3910269 0.5508923 
S0050_G5513_R1_A 0.0947092 0.1130381 0.0943115 0.1015198 0.0959517 0.0943823 0.1358631 0.1208912 0.1074002 0.1122969 0.1018530 0.1337857 0.1407594 0.3593856 0.0000000 0.1351720 0.1190068 0.1037406 0.1391567 0.1164907 0.1546177 0.2061777 
S0017_G5513_R1_A 0.0965379 0.1129678 0.1036588 0.1189027 0.1089535 0.1126188 0.1483548 0.1252146 0.1177049 0.1256836 0.1097393 0.1448221 0.1492760 0.3589411 0.1351720 0.0000000 0.1389817 0.1135114 0.1593674 0.1280801 0.1599645 0.3115303 
S0013_G5513_R1_A 0.0818023 0.0869283 0.0942182 0.0955125 0.0943007 0.0921548 0.1284611 0.1028976 0.0985361 0.1003567 0.1117293 0.1352786 0.1485594 0.3528425 0.1190068 0.1389817 0.0000000 0.0959691 0.1558854 0.1113727 0.1584005 0.3098238 
S0022_G5513_R1_A 0.0629661 0.0765038 0.0671927 0.0767579 0.0783928 0.0684482 0.1089228 0.0906885 0.0812359 0.0827389 0.0906470 0.1098008 0.1157757 0.2998607 0.1037406 0.1135114 0.0959691 0.0000000 0.1320524 0.0888250 0.1253980 0.2912081 
S0028_G5513_R1_A 0.1193138 0.1288884 0.1238007 0.1358421 0.1261410 0.1282746 0.1716587 0.1467968 0.1312386 0.1392391 0.1368740 0.0991648 0.1103506 0.3014151 0.1391567 0.1593674 0.1558854 0.1320524 0.0000000 0.1523636 0.1707689 0.3436923 
S0019_G5513_R1_A 0.0725251 0.0988096 0.0829660 0.0943729 0.0898884 0.0877182 0.1249010 0.1045506 0.0893198 0.0950203 0.1003237 0.1327813 0.1437315 0.3306584 0.1164907 0.1280801 0.1113727 0.0888250 0.1523636 0.0000000 0.1376534 0.2501969 
S0012_G5513_R1_A 0.1154182 0.1323268 0.1310824 0.1386102 0.1273220 0.1318613 0.1661729 0.1471327 0.1457038 0.1455185 0.1476605 0.1660024 0.1764710 0.3910269 0.1546177 0.1599645 0.1584005 0.1253980 0.1707689 0.1376534 0.0000000 0.3099850 
S0048_G5513_R1_A 0.2652717 0.3116327 0.2576064 0.2660204 0.2707880 0.2631305 0.3023288 0.2790465 0.2683416 0.2833041 0.2645009 0.3181817 0.3218390 0.5508923 0.2061777 0.3115303 0.3098238 0.2912081 0.3436923 0.2501969 0.3099850 0.0000000 
