22
S0011_G5528_R1_A 0.0000000 0.0508033 0.0600797 0.0548320 0.0718032 0.0773700 0.0609379 0.0722314 0.0666955 0.0868091 0.1127398 0.4365417 0.4112668 0.4200872 0.4322482 0.4223409 0.4218369 0.4155789 0.4645606 0.4362086 0.4355259 0.4998779 
S0036_G5528_R1_A 0.0508033 0.0000000 0.0537172 0.0504305 0.0600875 0.0650222 0.0545401 0.0604061 0.0593210 0.0740220 0.1006300 0.4441103 0.4276290 0.4331838 0.4446378 0.4346741 0.4384326 0.4275851 0.4771950 0.4485455 0.4408557 0.5065074 
S0048_G5528_R1_A 0.0600797 0.0537172 0.0000000 0.0134928 0.0712647 0.0791478 0.0638851 0.0722305 0.0726052 0.0885403 0.1058598 0.4280227 0.4069256 0.4122560 0.4237737 0.4184034 0.4179495 0.4078658 0.4607527 0.4332711 0.4268728 0.4976921 
S0050_G5528_R1_A 0.0548320 0.0504305 0.0134928 0.0000000 0.0706199 0.0763128 0.0605214 0.0695638 0.0679022 0.0857862 0.1035543 0.4388696 0.4162113 0.4227777 0.4347122 0.4293106 0.4287574 0.4183914 0.4662280 0.4385603 0.4394590 0.5097986 
S0018_G5528_R1_A 0.0718032 0.0600875 0.0712647 0.0706199 0.0000000 0.0797261 0.0730265 0.0800356 0.0802412 0.0633588 0.1165694 0.4409708 0.4161671 0.4247668 0.4317589 0.4271080 0.4280365 0.4203679 0.4745247 0.4507606 0.4412232 0.4965076 
S0028_G5528_R1_A 0.0773700 0.0650222 0.0791478 0.0763128 0.0797261 0.0000000 0.0774855 0.0895943 0.0714802 0.0988139 0.1193684 0.4213709 0.3921173 0.4052321 0.4169045 0.4070478 0.4024373 0.4006755 0.4489751 0.4209368 0.4200475 0.4819982 
S0017_G5528_R1_A 0.0609379 0.0545401 0.0638851 0.0605214 0.0730265 0.0774855 0.0000000 0.0746649 0.0719448 0.0864477 0.1039348 0.4326351 0.4111301 0.4200214 0.4270948 0.4222916 0.4189193 0.4154774 0.4710237 0.4421999 0.4420739 0.5170414 
S0046_G5528_R1_A 0.0722314 0.0604061 0.0722305 0.0695638 0.0800356 0.0895943 0.0746649 0.0000000 0.0863531 0.0951935 0.1202755 0.4584081 0.4324043 0.4290026 0.4591913 0.4477323 0.4438174 0.4415367 0.4765357 0.4526421 0.4481734 0.5159760 
S0021_G5528_R1_A 0.0666955 0.0593210 0.0726052 0.0679022 0.0802412 0.0714802 0.0719448 0.0863531 0.0000000 0.0954937 0.1202867 0.4444074 0.4341012 0.4401614 0.4511609 0.4406494 0.4383413 0.4346550 0.4699388 0.4604942 0.4454392 0.5279776 
S0037_G5528_R1_U 0.0868091 0.0740220 0.0885403 0.0857862 0.0633588 0.0988139 0.0864477 0.0951935 0.0954937 0.0000000 0.1272645 0.4660516 0.4360016 0.4449880 0.4568413 0.4467033 0.4526196 0.4407023 0.4848338 0.4500778 0.4526790 0.5142374 
S0012_G5528_R1_A 0.1127398 0.1006300 0.1058598 0.1035543 0.1165694 0.1193684 0.1039348 0.1202755 0.1202867 0.1272645 0.0000000 0.5074008 0.4751554 0.4839169 0.4993739 0.4979819 0.4918958 0.4840810 0.5389034 0.5123961 0.4922451 0.5606667 
S0002_G5528_R1_A 0.4365417 0.4441103 0.4280227 0.4388696 0.4409708 0.4213709 0.4326351 0.4584081 0.4444074 0.4660516 0.5074008 0.0000000 0.0528565 0.0472713 0.0672345 0.0609334 0.0595728 0.0538780 0.0673350 0.0687165 0.0756795 0.1381938 
S0019_G5528_R1_A 0.4112668 0.4276290 0.4069256 0.4162113 0.4161671 0.3921173 0.4111301 0.4324043 0.4341012 0.4360016 0.4751554 0.0528565 0.0000000 0.0334604 0.0624833 0.0603750 0.0583629 0.0500074 0.0638838 0.0619403 0.0688103 0.1331925 
S0020_G5528_R1_A 0.4200872 0.4331838 0.4122560 0.4227777 0.4247668 0.4052321 0.4200214 0.4290026 0.4401614 0.4449880 0.4839169 0.0472713 0.0334604 0.0000000 0.0547730 0.0513653 0.0507280 0.0450893 0.0574997 0.0562097 0.0637136 0.1262945 
S0004_G5528_R1_A 0.4322482 0.4446378 0.4237737 0.4347122 0.4317589 0.4169045 0.4270948 0.4591913 0.4511609 0.4568413 0.4993739 0.0672345 0.0624833 0.0547730 0.0000000 0.0512288 0.0548291 0.0588600 0.0737622 0.0675599 0.0794196 0.1337177 
S0031_G5528_R1_A 0.4223409 0.4346741 0.4184034 0.4293106 0.4271080 0.4070478 0.4222916 0.4477323 0.4406494 0.4467033 0.4979819 0.0609334 0.0603750 0.0513653 0.0512288 0.0000000 0.0473969 0.0561183 0.0722783 0.0674977 0.0772699 0.1353703 
S0016_G5528_R1_A 0.4218369 0.4384326 0.4179495 0.4287574 0.4280365 0.4024373 0.4189193 0.4438174 0.4383413 0.4526196 0.4918958 0.0595728 0.0583629 0.0507280 0.0548291 0.0473969 0.0000000 0.0561336 0.0688270 0.0654221 0.0751518 0.1403811 
S0022_G5528_R1_A 0.4155789 0.4275851 0.4078658 0.4183914 0.4203679 0.4006755 0.4154774 0.4415367 0.4346550 0.4407023 0.4840810 0.0538780 0.0500074 0.0450893 0.0588600 0.0561183 0.0561336 0.0000000 0.0609850 0.0575676 0.0693100 0.1326070 
S0026_G5528_R1_A 0.4645606 0.4771950 0.4607527 0.4662280 0.4745247 0.4489751 0.4710237 0.4765357 0.4699388 0.4848338 0.5389034 0.0673350 0.0638838 0.0574997 0.0737622 0.0722783 0.0688270 0.0609850 0.0000000 0.0696459 0.0787953 0.1272057 
S0030_G5528_R1_A 0.4362086 0.4485455 0.4332711 0.4385603 0.4507606 0.4209368 0.4421999 0.4526421 0.4604942 0.4500778 0.5123961 0.0687165 0.0619403 0.0562097 0.0675599 0.0674977 0.0654221 0.0575676 0.0696459 0.0000000 0.0774462 0.1412579 
S0013_G5528_R1_A 0.4355259 0.4408557 0.4268728 0.4394590 0.4412232 0.4200475 0.4420739 0.4481734 0.4454392 0.4526790 0.4922451 0.0756795 0.0688103 0.0637136 0.0794196 0.0772699 0.0751518 0.0693100 0.0787953 0.0774462 0.0000000 0.1517867 
S0005_G5528_R1_A 0.4998779 0.5065074 0.4976921 0.5097986 0.4965076 0.4819982 0.5170414 0.5159760 0.5279776 0.5142374 0.5606667 0.1381938 0.1331925 0.1262945 0.1337177 0.1353703 0.1403811 0.1326070 0.1272057 0.1412579 0.1517867 0.0000000 
