22
S0018_G5596_R1_U 0.0000000 0.0340440 0.0661444 0.0595591 0.0695801 0.0695342 0.0576660 0.0611280 0.0592742 0.0667289 0.0504927 0.0721962 0.0685348 0.0683878 0.0746490 0.0745153 0.0583857 0.0649755 0.0843264 0.0740067 0.0816033 0.1838137 
S0031_G5596_R1_A 0.0340440 0.0000000 0.0570983 0.0511161 0.0619426 0.0608315 0.0503976 0.0506678 0.0504409 0.0551813 0.0423612 0.0598747 0.0626056 0.0577466 0.0637055 0.0673425 0.0477645 0.0545710 0.0764468 0.0675030 0.0696784 0.1751352 
S0036_G5596_R1_U 0.0661444 0.0570983 0.0000000 0.0479049 0.0636439 0.0640943 0.0472344 0.0484743 0.0580465 0.0554760 0.0564425 0.0621519 0.0601517 0.0648877 0.0648080 0.0692001 0.0497311 0.0786541 0.0809066 0.0659923 0.0749733 0.1841278 
S0020_G5596_R1_U 0.0595591 0.0511161 0.0479049 0.0000000 0.0558679 0.0556971 0.0359239 0.0415215 0.0537761 0.0510970 0.0509320 0.0573667 0.0553361 0.0589069 0.0661714 0.0653868 0.0430110 0.0702928 0.0748893 0.0643655 0.0713903 0.1822112 
S0048_G5596_R1_A 0.0695801 0.0619426 0.0636439 0.0558679 0.0000000 0.0095541 0.0543407 0.0647293 0.0659975 0.0626457 0.0617336 0.0681547 0.0667960 0.0714628 0.0771662 0.0747199 0.0550629 0.0832934 0.0884685 0.0737808 0.0822705 0.1967320 
S0050_G5596_R1_A 0.0695342 0.0608315 0.0640943 0.0556971 0.0095541 0.0000000 0.0553277 0.0651866 0.0669636 0.0652020 0.0627182 0.0680806 0.0678516 0.0730009 0.0770812 0.0752103 0.0560814 0.0821065 0.0877754 0.0763900 0.0793475 0.1949020 
S0019_G5596_R1_A 0.0576660 0.0503976 0.0472344 0.0359239 0.0543407 0.0553277 0.0000000 0.0444403 0.0526075 0.0504713 0.0492160 0.0540170 0.0522367 0.0566176 0.0649949 0.0639401 0.0423498 0.0705573 0.0674560 0.0623907 0.0673110 0.1786847 
S0002_G5596_R1_A 0.0611280 0.0506678 0.0484743 0.0415215 0.0647293 0.0651866 0.0444403 0.0000000 0.0523201 0.0526546 0.0520084 0.0558466 0.0566990 0.0604585 0.0649038 0.0649547 0.0426666 0.0726515 0.0739600 0.0670056 0.0718094 0.1817484 
S0004_G5596_R1_A 0.0592742 0.0504409 0.0580465 0.0537761 0.0659975 0.0669636 0.0526075 0.0523201 0.0000000 0.0536970 0.0491978 0.0639831 0.0620573 0.0614208 0.0666558 0.0677353 0.0490105 0.0688484 0.0803803 0.0673102 0.0761543 0.1846655 
S0030_G5596_R1_A 0.0667289 0.0551813 0.0554760 0.0510970 0.0626457 0.0652020 0.0504713 0.0526546 0.0536970 0.0000000 0.0538465 0.0618309 0.0613145 0.0639177 0.0697731 0.0667085 0.0473769 0.0774835 0.0774907 0.0682310 0.0711674 0.1779425 
S0016_G5596_R1_A 0.0504927 0.0423612 0.0564425 0.0509320 0.0617336 0.0627182 0.0492160 0.0520084 0.0491978 0.0538465 0.0000000 0.0618507 0.0586913 0.0628103 0.0650838 0.0682467 0.0458162 0.0635011 0.0741168 0.0634534 0.0706083 0.1753427 
S0028_G5596_R1_A 0.0721962 0.0598747 0.0621519 0.0573667 0.0681547 0.0680806 0.0540170 0.0558466 0.0639831 0.0618309 0.0618507 0.0000000 0.0646466 0.0650929 0.0688095 0.0735397 0.0536306 0.0819727 0.0792490 0.0721287 0.0684820 0.1823044 
S0046_G5596_R1_A 0.0685348 0.0626056 0.0601517 0.0553361 0.0667960 0.0678516 0.0522367 0.0566990 0.0620573 0.0613145 0.0586913 0.0646466 0.0000000 0.0640764 0.0717243 0.0743331 0.0536425 0.0807634 0.0801834 0.0718248 0.0779923 0.1786596 
S0022_G5596_R1_A 0.0683878 0.0577466 0.0648877 0.0589069 0.0714628 0.0730009 0.0566176 0.0604585 0.0614208 0.0639177 0.0628103 0.0650929 0.0640764 0.0000000 0.0738624 0.0742124 0.0562648 0.0765265 0.0822961 0.0749587 0.0818968 0.1838762 
S0026_G5596_R1_A 0.0746490 0.0637055 0.0648080 0.0661714 0.0771662 0.0770812 0.0649949 0.0649038 0.0666558 0.0697731 0.0650838 0.0688095 0.0717243 0.0738624 0.0000000 0.0763984 0.0596674 0.0830512 0.0862078 0.0765086 0.0714340 0.1797308 
S0013_G5596_R1_A 0.0745153 0.0673425 0.0692001 0.0653868 0.0747199 0.0752103 0.0639401 0.0649547 0.0677353 0.0667085 0.0682467 0.0735397 0.0743331 0.0742124 0.0763984 0.0000000 0.0633759 0.0854263 0.0911340 0.0798119 0.0795423 0.1963876 
S0011_G5596_R1_A 0.0583857 0.0477645 0.0497311 0.0430110 0.0550629 0.0560814 0.0423498 0.0426666 0.0490105 0.0473769 0.0458162 0.0536306 0.0536425 0.0562648 0.0596674 0.0633759 0.0000000 0.0683483 0.0730413 0.0595687 0.0666383 0.1748660 
S0037_G5596_R1_A 0.0649755 0.0545710 0.0786541 0.0702928 0.0832934 0.0821065 0.0705573 0.0726515 0.0688484 0.0774835 0.0635011 0.0819727 0.0807634 0.0765265 0.0830512 0.0854263 0.0683483 0.0000000 0.0907361 0.0846864 0.0869408 0.1974053 
S0012_G5596_R1_A 0.0843264 0.0764468 0.0809066 0.0748893 0.0884685 0.0877754 0.0674560 0.0739600 0.0803803 0.0774907 0.0741168 0.0792490 0.0801834 0.0822961 0.0862078 0.0911340 0.0730413 0.0907361 0.0000000 0.0929733 0.0874251 0.1933913 
S0017_G5596_R1_U 0.0740067 0.0675030 0.0659923 0.0643655 0.0737808 0.0763900 0.0623907 0.0670056 0.0673102 0.0682310 0.0634534 0.0721287 0.0718248 0.0749587 0.0765086 0.0798119 0.0595687 0.0846864 0.0929733 0.0000000 0.0876304 0.2056269 
S0021_G5596_R1_A 0.0816033 0.0696784 0.0749733 0.0713903 0.0822705 0.0793475 0.0673110 0.0718094 0.0761543 0.0711674 0.0706083 0.0684820 0.0779923 0.0818968 0.0714340 0.0795423 0.0666383 0.0869408 0.0874251 0.0876304 0.0000000 0.1652041 
S0005_G5596_R1_A 0.1838137 0.1751352 0.1841278 0.1822112 0.1967320 0.1949020 0.1786847 0.1817484 0.1846655 0.1779425 0.1753427 0.1823044 0.1786596 0.1838762 0.1797308 0.1963876 0.1748660 0.1974053 0.1933913 0.2056269 0.1652041 0.0000000 
