22
S0030_G5702_R1_A 0.0000000 0.1023350 0.0774645 0.0811677 0.0559583 0.0718561 0.0812255 0.0831936 0.0785125 0.0795271 0.0637495 0.0821626 0.0741559 0.2412931 0.1225413 0.1319899 0.0792049 0.1268472 0.0853147 0.1209034 0.0967386 0.1486322 
S0026_G5702_R1_A 0.1023350 0.0000000 0.1085001 0.1295927 0.1036743 0.1132120 0.1220992 0.1196787 0.1091524 0.1136466 0.1161387 0.1225379 0.1126029 0.2544561 0.1322502 0.1631390 0.1066174 0.1365026 0.1021622 0.1507817 0.1339763 0.1533655 
S0013_G5702_R1_A 0.0774645 0.1085001 0.0000000 0.1071180 0.0911483 0.0926862 0.0694874 0.0674027 0.1066136 0.0865333 0.0986428 0.0944440 0.0892120 0.2534251 0.1322392 0.1594126 0.0793189 0.1260248 0.0934632 0.1192054 0.1033503 0.1480708 
S0017_G5702_R1_U 0.0811677 0.1295927 0.1071180 0.0000000 0.0842101 0.0933328 0.1165431 0.1187817 0.1047942 0.1047986 0.0917945 0.1021489 0.1017358 0.2695417 0.1439464 0.1608378 0.1027549 0.1461684 0.1041885 0.1617954 0.1188788 0.1729268 
S0011_G5702_R1_A 0.0559583 0.1036743 0.0911483 0.0842101 0.0000000 0.0744186 0.0941072 0.0909997 0.0714151 0.0819644 0.0645036 0.0825218 0.0804210 0.2548606 0.1208498 0.1254269 0.0808274 0.1243004 0.0793627 0.1375604 0.1003299 0.1450799 
S0021_G5702_R1_A 0.0718561 0.1132120 0.0926862 0.0933328 0.0744186 0.0000000 0.0970511 0.0963705 0.0928585 0.0842623 0.0812284 0.0859946 0.0846501 0.2664202 0.1294650 0.1526877 0.0857298 0.1229917 0.0867733 0.1388160 0.1030490 0.1513072 
S0048_G5702_R1_A 0.0812255 0.1220992 0.0694874 0.1165431 0.0941072 0.0970511 0.0000000 0.0085723 0.1130912 0.0913697 0.1026146 0.1014015 0.0924671 0.2558418 0.1373018 0.1650012 0.0859855 0.1333219 0.1010978 0.1192218 0.1086265 0.1561132 
S0050_G5702_R1_A 0.0831936 0.1196787 0.0674027 0.1187817 0.0909997 0.0963705 0.0085723 0.0000000 0.1099850 0.0908056 0.1040729 0.1021898 0.0919087 0.2503743 0.1324070 0.1598850 0.0866444 0.1286438 0.0960862 0.1123809 0.1101047 0.1527530 
S0022_G5702_R1_A 0.0785125 0.1091524 0.1066136 0.1047942 0.0714151 0.0928585 0.1130912 0.1099850 0.0000000 0.1013353 0.0853959 0.0996762 0.0962976 0.2526106 0.1209598 0.1382109 0.0934363 0.1310410 0.0877610 0.1418026 0.1226560 0.1476796 
S0004_G5702_R1_A 0.0795271 0.1136466 0.0865333 0.1047986 0.0819644 0.0842623 0.0913697 0.0908056 0.1013353 0.0000000 0.0881169 0.0892142 0.0765568 0.2660590 0.1299579 0.1625677 0.0540961 0.1052244 0.0823201 0.1312092 0.0831152 0.1334252 
S0036_G5702_R1_U 0.0637495 0.1161387 0.0986428 0.0917945 0.0645036 0.0812284 0.1026146 0.1040729 0.0853959 0.0881169 0.0000000 0.0683491 0.0656377 0.2583135 0.1106284 0.1430339 0.0898925 0.1332875 0.0916559 0.1450307 0.1075426 0.1568268 
S0020_G5702_R1_U 0.0821626 0.1225379 0.0944440 0.1021489 0.0825218 0.0859946 0.1014015 0.1021898 0.0996762 0.0892142 0.0683491 0.0000000 0.0638414 0.2640647 0.0774822 0.1579546 0.0845970 0.1275376 0.0926194 0.1449796 0.1096926 0.1459061 
S0002_G5702_R1_A 0.0741559 0.1126029 0.0892120 0.1017358 0.0804210 0.0846501 0.0924671 0.0919087 0.0962976 0.0765568 0.0656377 0.0638414 0.0000000 0.2599461 0.0988981 0.1549041 0.0755992 0.1222786 0.0871502 0.1385089 0.0979098 0.1436265 
S0005_G5702_R1_A 0.2412931 0.2544561 0.2534251 0.2695417 0.2548606 0.2664202 0.2558418 0.2503743 0.2526106 0.2660590 0.2583135 0.2640647 0.2599461 0.0000000 0.2477140 0.2751367 0.2263352 0.2812727 0.2283750 0.2881061 0.2639136 0.2689226 
S0019_G5702_R1_A 0.1225413 0.1322502 0.1322392 0.1439464 0.1208498 0.1294650 0.1373018 0.1324070 0.1209598 0.1299579 0.1106284 0.0774822 0.0988981 0.2477140 0.0000000 0.1478018 0.1059927 0.1509160 0.1153427 0.1684666 0.1414653 0.1332886 
S0046_G5702_R1_A 0.1319899 0.1631390 0.1594126 0.1608378 0.1254269 0.1526877 0.1650012 0.1598850 0.1382109 0.1625677 0.1430339 0.1579546 0.1549041 0.2751367 0.1478018 0.0000000 0.1268451 0.1913875 0.1497393 0.1956423 0.1676754 0.1694581 
S0016_G5702_R1_A 0.0792049 0.1066174 0.0793189 0.1027549 0.0808274 0.0857298 0.0859855 0.0866444 0.0934363 0.0540961 0.0898925 0.0845970 0.0755992 0.2263352 0.1059927 0.1268451 0.0000000 0.1053125 0.0854633 0.1336737 0.0734795 0.1029732 
S0037_G5702_R1_A 0.1268472 0.1365026 0.1260248 0.1461684 0.1243004 0.1229917 0.1333219 0.1286438 0.1310410 0.1052244 0.1332875 0.1275376 0.1222786 0.2812727 0.1509160 0.1913875 0.1053125 0.0000000 0.1129793 0.1577465 0.1050088 0.1382518 
S0028_G5702_R1_A 0.0853147 0.1021622 0.0934632 0.1041885 0.0793627 0.0867733 0.1010978 0.0960862 0.0877610 0.0823201 0.0916559 0.0926194 0.0871502 0.2283750 0.1153427 0.1497393 0.0854633 0.1129793 0.0000000 0.1376954 0.1036292 0.1478819 
S0012_G5702_R1_A 0.1209034 0.1507817 0.1192054 0.1617954 0.1375604 0.1388160 0.1192218 0.1123809 0.1418026 0.1312092 0.1450307 0.1449796 0.1385089 0.2881061 0.1684666 0.1956423 0.1336737 0.1577465 0.1376954 0.0000000 0.1512999 0.1880604 
S0018_G5702_R1_U 0.0967386 0.1339763 0.1033503 0.1188788 0.1003299 0.1030490 0.1086265 0.1101047 0.1226560 0.0831152 0.1075426 0.1096926 0.0979098 0.2639136 0.1414653 0.1676754 0.0734795 0.1050088 0.1036292 0.1512999 0.0000000 0.1129316 
S0031_G5702_R1_A 0.1486322 0.1533655 0.1480708 0.1729268 0.1450799 0.1513072 0.1561132 0.1527530 0.1476796 0.1334252 0.1568268 0.1459061 0.1436265 0.2689226 0.1332886 0.1694581 0.1029732 0.1382518 0.1478819 0.1880604 0.1129316 0.0000000 
