22
S0002_G5842_R1_A 0.0000000 0.0693831 0.0764140 0.0791824 0.0718646 0.0781159 0.0858257 0.0879244 0.1224388 0.0971565 0.0884880 0.1035227 0.1038178 0.0996404 0.0810803 0.1126494 0.1081828 0.1262728 0.2365672 0.2418255 0.2794867 1.0242901 
S0026_G5842_R1_A 0.0693831 0.0000000 0.0604817 0.0723430 0.0748055 0.0746905 0.0705516 0.0777919 0.1120413 0.0820983 0.0854239 0.0920117 0.0929738 0.0894890 0.0704423 0.1065283 0.1005652 0.1172864 0.2391751 0.2350343 0.2642593 1.0556746 
S0028_G5842_R1_A 0.0764140 0.0604817 0.0000000 0.0748439 0.0784651 0.0720200 0.0753947 0.0773972 0.1156779 0.0871440 0.0897767 0.0915090 0.0924830 0.0885677 0.0724359 0.1049720 0.1001110 0.1143237 0.2469022 0.2432536 0.2810438 1.0317919 
S0011_G5842_R1_A 0.0791824 0.0723430 0.0748439 0.0000000 0.0742756 0.0813909 0.0870565 0.0874166 0.1203676 0.0959463 0.0921214 0.1006820 0.1058220 0.1004427 0.0775504 0.1159931 0.1119604 0.1246626 0.2381039 0.2389506 0.2859441 1.0696269 
S0020_G5842_R1_A 0.0718646 0.0748055 0.0784651 0.0742756 0.0000000 0.0833141 0.0851013 0.0914983 0.1264527 0.0958434 0.0972755 0.1010511 0.1063167 0.1025326 0.0784616 0.1203921 0.1043586 0.1218648 0.2320380 0.2308339 0.2831165 1.0627960 
S0046_G5842_R1_A 0.0781159 0.0746905 0.0720200 0.0813909 0.0833141 0.0000000 0.0862518 0.0901829 0.1241747 0.0985260 0.0956074 0.1050298 0.1112794 0.1069689 0.0874604 0.1219677 0.1146433 0.1262825 0.2522460 0.2482757 0.2746830 1.0499058 
S0004_G5842_R1_A 0.0858257 0.0705516 0.0753947 0.0870565 0.0851013 0.0862518 0.0000000 0.0674808 0.0985470 0.0717103 0.1043767 0.1046722 0.1080745 0.1043937 0.0850049 0.0948969 0.1119016 0.1256595 0.2422467 0.2404291 0.2826754 1.0560816 
S0016_G5842_R1_A 0.0879244 0.0777919 0.0773972 0.0874166 0.0914983 0.0901829 0.0674808 0.0000000 0.1087374 0.0810835 0.1070446 0.1075942 0.1118699 0.1086435 0.0864015 0.0998401 0.1172828 0.1331139 0.2615330 0.2596291 0.2875398 1.0131739 
S0018_G5842_R1_A 0.1224388 0.1120413 0.1156779 0.1203676 0.1264527 0.1241747 0.0985470 0.1087374 0.0000000 0.0654885 0.1320824 0.1383434 0.1457916 0.1380443 0.1193943 0.1340141 0.1470333 0.1601826 0.2933719 0.2935117 0.3141215 1.0995573 
S0031_G5842_R1_A 0.0971565 0.0820983 0.0871440 0.0959463 0.0958434 0.0985260 0.0717103 0.0810835 0.0654885 0.0000000 0.1071241 0.1106323 0.1169219 0.1092261 0.0944776 0.1054998 0.1183848 0.1381184 0.2686072 0.2665700 0.2983114 1.0809702 
S0017_G5842_R1_A 0.0884880 0.0854239 0.0897767 0.0921214 0.0972755 0.0956074 0.1043767 0.1070446 0.1320824 0.1071241 0.0000000 0.1154017 0.1170766 0.1136931 0.0880081 0.1306550 0.1219815 0.1441714 0.2585730 0.2573831 0.3002276 1.0650182 
S0013_G5842_R1_A 0.1035227 0.0920117 0.0915090 0.1006820 0.1010511 0.1050298 0.1046722 0.1075942 0.1383434 0.1106323 0.1154017 0.0000000 0.1008836 0.0948719 0.1002069 0.1364827 0.1275222 0.1324515 0.2754210 0.2721988 0.3037399 1.1271667 
S0048_G5842_R1_A 0.1038178 0.0929738 0.0924830 0.1058220 0.1063167 0.1112794 0.1080745 0.1118699 0.1457916 0.1169219 0.1170766 0.1008836 0.0000000 0.0617204 0.1024915 0.1367535 0.1327773 0.1264718 0.2774890 0.2759833 0.2968339 1.0660508 
S0050_G5842_R1_A 0.0996404 0.0894890 0.0885677 0.1004427 0.1025326 0.1069689 0.1043937 0.1086435 0.1380443 0.1092261 0.1136931 0.0948719 0.0617204 0.0000000 0.0982303 0.1352151 0.1326772 0.1266189 0.2699595 0.2619045 0.2982695 1.0961906 
S0030_G5842_R1_A 0.0810803 0.0704423 0.0724359 0.0775504 0.0784616 0.0874604 0.0850049 0.0864015 0.1193943 0.0944776 0.0880081 0.1002069 0.1024915 0.0982303 0.0000000 0.1158196 0.1048900 0.1249069 0.2375281 0.2296350 0.2714388 1.0475332 
S0037_G5842_R1_A 0.1126494 0.1065283 0.1049720 0.1159931 0.1203921 0.1219677 0.0948969 0.0998401 0.1340141 0.1054998 0.1306550 0.1364827 0.1367535 0.1352151 0.1158196 0.0000000 0.1447296 0.1615231 0.2835968 0.2869926 0.3117119 1.0657130 
S0022_G5842_R1_A 0.1081828 0.1005652 0.1001110 0.1119604 0.1043586 0.1146433 0.1119016 0.1172828 0.1470333 0.1183848 0.1219815 0.1275222 0.1327773 0.1326772 0.1048900 0.1447296 0.0000000 0.1599491 0.2662740 0.2638152 0.3062927 1.0262098 
S0012_G5842_R1_A 0.1262728 0.1172864 0.1143237 0.1246626 0.1218648 0.1262825 0.1256595 0.1331139 0.1601826 0.1381184 0.1441714 0.1324515 0.1264718 0.1266189 0.1249069 0.1615231 0.1599491 0.0000000 0.2961263 0.2983649 0.3226849 1.1241508 
S0019_G5842_R1_A 0.2365672 0.2391751 0.2469022 0.2381039 0.2320380 0.2522460 0.2422467 0.2615330 0.2933719 0.2686072 0.2585730 0.2754210 0.2774890 0.2699595 0.2375281 0.2835968 0.2662740 0.2961263 0.0000000 0.0605182 0.4722000 1.0882908 
S0036_G5842_R1_U 0.2418255 0.2350343 0.2432536 0.2389506 0.2308339 0.2482757 0.2404291 0.2596291 0.2935117 0.2665700 0.2573831 0.2721988 0.2759833 0.2619045 0.2296350 0.2869926 0.2638152 0.2983649 0.0605182 0.0000000 0.4633847 1.0758943 
S0005_G5842_R1_A 0.2794867 0.2642593 0.2810438 0.2859441 0.2831165 0.2746830 0.2826754 0.2875398 0.3141215 0.2983114 0.3002276 0.3037399 0.2968339 0.2982695 0.2714388 0.3117119 0.3062927 0.3226849 0.4722000 0.4633847 0.0000000 1.1822381 
S0021_G5842_R1_A 1.0242901 1.0556746 1.0317919 1.0696269 1.0627960 1.0499058 1.0560816 1.0131739 1.0995573 1.0809702 1.0650182 1.1271667 1.0660508 1.0961906 1.0475332 1.0657130 1.0262098 1.1241508 1.0882908 1.0758943 1.1822381 0.0000000 
