22
S0030_G5892_R1_A 0.0000000 0.0924915 0.1633498 0.5853535 0.5950626 0.6170280 0.6207215 0.6029695 0.6175675 0.6045283 0.6044240 0.5943478 0.6530299 0.6068252 0.6222122 0.6218508 0.6090823 0.5947009 0.6473538 0.6126577 0.3111571 0.6140409 
S0022_G5892_R1_A 0.0924915 0.0000000 0.1323421 0.5988274 0.5827407 0.6127357 0.6118232 0.5904522 0.6080708 0.6022880 0.6141138 0.6070788 0.6359170 0.5786234 0.5987034 0.6096308 0.5968265 0.5837844 0.6298232 0.6035072 0.2871982 0.6001268 
S0002_G5892_R1_V 0.1633498 0.1323421 0.0000000 0.6011277 0.5589205 0.5899612 0.5927315 0.5597399 0.5888640 0.6043034 0.6004687 0.5904023 0.6255438 0.5609435 0.5843290 0.5907651 0.5884849 0.5649902 0.6080122 0.5757632 0.2361922 0.5883653 
S0012_G5892_R1_A 0.5853535 0.5988274 0.6011277 0.0000000 0.1512542 0.1603179 0.1651428 0.1595388 0.1547858 0.1350263 0.1516559 0.1609204 0.1832694 0.1726506 0.1799451 0.1627689 0.1661938 0.1545439 0.1912699 0.2004598 0.6175351 0.3411080 
S0019_G5892_R1_U 0.5950626 0.5827407 0.5589205 0.1512542 0.0000000 0.0821982 0.0975282 0.0875525 0.0757227 0.0951660 0.0997912 0.1113939 0.1061339 0.0893779 0.0975494 0.0835397 0.1064214 0.0630018 0.1124754 0.1373650 0.5242156 0.2678341 
S0004_G5892_R1_U 0.6170280 0.6127357 0.5899612 0.1603179 0.0821982 0.0000000 0.0849230 0.0880305 0.0713105 0.1042892 0.1076242 0.1193660 0.1183642 0.1054554 0.1067412 0.0983088 0.1143335 0.0831910 0.1157092 0.1436348 0.5298328 0.2801567 
S0018_G5892_R1_A 0.6207215 0.6118232 0.5927315 0.1651428 0.0975282 0.0849230 0.0000000 0.0988609 0.0826960 0.1095336 0.1210136 0.1275249 0.1248379 0.1109112 0.1214626 0.1121180 0.1240421 0.0995746 0.1239557 0.1518138 0.5401380 0.2931122 
S0031_G5892_R1_U 0.6029695 0.5904522 0.5597399 0.1595388 0.0875525 0.0880305 0.0988609 0.0000000 0.0757423 0.1087181 0.1130348 0.1264524 0.1182347 0.1064560 0.1078313 0.1003882 0.1159688 0.0932405 0.0873253 0.1464562 0.5248311 0.2805490 
S0016_G5892_R1_U 0.6175675 0.6080708 0.5888640 0.1547858 0.0757227 0.0713105 0.0826960 0.0757423 0.0000000 0.0912247 0.1046927 0.1129199 0.1063002 0.0969477 0.1004536 0.0913104 0.1068637 0.0827563 0.1017398 0.1398158 0.5354469 0.2684360 
S0013_G5892_R1_A 0.6045283 0.6022880 0.6043034 0.1350263 0.0951660 0.1042892 0.1095336 0.1087181 0.0912247 0.0000000 0.0926591 0.1026617 0.1191343 0.1100556 0.1081532 0.1054108 0.1133311 0.0971003 0.1350965 0.1484354 0.5509749 0.2890463 
S0048_G5892_R1_A 0.6044240 0.6141138 0.6004687 0.1516559 0.0997912 0.1076242 0.1210136 0.1130348 0.1046927 0.0926591 0.0000000 0.0337786 0.1294910 0.1179538 0.1211802 0.1127220 0.1197889 0.1050426 0.1377720 0.1532316 0.5390936 0.2976726 
S0050_G5892_R1_A 0.5943478 0.6070788 0.5904023 0.1609204 0.1113939 0.1193660 0.1275249 0.1264524 0.1129199 0.1026617 0.0337786 0.0000000 0.1389759 0.1249977 0.1251699 0.1188009 0.1257152 0.1145252 0.1493972 0.1713183 0.5473790 0.3108488 
S0046_G5892_R1_U 0.6530299 0.6359170 0.6255438 0.1832694 0.1061339 0.1183642 0.1248379 0.1182347 0.1063002 0.1191343 0.1294910 0.1389759 0.0000000 0.1232859 0.1232032 0.1134071 0.1339372 0.1068599 0.1437688 0.1701435 0.5692697 0.3087500 
S0026_G5892_R1_U 0.6068252 0.5786234 0.5609435 0.1726506 0.0893779 0.1054554 0.1109112 0.1064560 0.0969477 0.1100556 0.1179538 0.1249977 0.1232859 0.0000000 0.1065783 0.1045112 0.1242003 0.0953624 0.1357438 0.1283358 0.5311452 0.2666021 
S0028_G5892_R1_U 0.6222122 0.5987034 0.5843290 0.1799451 0.0975494 0.1067412 0.1214626 0.1078313 0.1004536 0.1081532 0.1211802 0.1251699 0.1232032 0.1065783 0.0000000 0.1068461 0.1229079 0.0982108 0.1375525 0.1393735 0.5312513 0.2892985 
S0011_G5892_R1_A 0.6218508 0.6096308 0.5907651 0.1627689 0.0835397 0.0983088 0.1121180 0.1003882 0.0913104 0.1054108 0.1127220 0.1188009 0.1134071 0.1045112 0.1068461 0.0000000 0.1187685 0.0836515 0.1247222 0.1497334 0.5423015 0.2915289 
S0017_G5892_R1_A 0.6090823 0.5968265 0.5884849 0.1661938 0.1064214 0.1143335 0.1240421 0.1159688 0.1068637 0.1133311 0.1197889 0.1257152 0.1339372 0.1242003 0.1229079 0.1187685 0.0000000 0.1074191 0.1437543 0.1622005 0.5568923 0.2903264 
S0036_G5892_R1_U 0.5947009 0.5837844 0.5649902 0.1545439 0.0630018 0.0831910 0.0995746 0.0932405 0.0827563 0.0971003 0.1050426 0.1145252 0.1068599 0.0953624 0.0982108 0.0836515 0.1074191 0.0000000 0.1172914 0.1422727 0.5262673 0.2681122 
S0037_G5892_R1_U 0.6473538 0.6298232 0.6080122 0.1912699 0.1124754 0.1157092 0.1239557 0.0873253 0.1017398 0.1350965 0.1377720 0.1493972 0.1437688 0.1357438 0.1375525 0.1247222 0.1437543 0.1172914 0.0000000 0.1820480 0.5604139 0.3011906 
S0021_G5892_R1_A 0.6126577 0.6035072 0.5757632 0.2004598 0.1373650 0.1436348 0.1518138 0.1464562 0.1398158 0.1484354 0.1532316 0.1713183 0.1701435 0.1283358 0.1393735 0.1497334 0.1622005 0.1422727 0.1820480 0.0000000 0.5189301 0.2954744 
S0020_G5892_R1_U 0.3111571 0.2871982 0.2361922 0.6175351 0.5242156 0.5298328 0.5401380 0.5248311 0.5354469 0.5509749 0.5390936 0.5473790 0.5692697 0.5311452 0.5312513 0.5423015 0.5568923 0.5262673 0.5604139 0.5189301 0.0000000 0.5360553 
S0005_G5892_R1_U 0.6140409 0.6001268 0.5883653 0.3411080 0.2678341 0.2801567 0.2931122 0.2805490 0.2684360 0.2890463 0.2976726 0.3108488 0.3087500 0.2666021 0.2892985 0.2915289 0.2903264 0.2681122 0.3011906 0.2954744 0.5360553 0.0000000 
