22
S0012_G5933_R1_A 0.0000000 0.0920340 0.0740191 0.0685503 0.0787947 0.0695864 0.1540093 0.1078629 0.1047737 0.1218784 0.1199479 0.1371549 0.1416694 0.1354461 0.1300901 0.1145779 0.1517662 0.1403438 0.1181318 0.3675235 0.4001415 0.2797927 
S0037_G5933_R1_A 0.0920340 0.0000000 0.0714827 0.0609157 0.0652307 0.0772710 0.1641216 0.1309440 0.1274607 0.1421139 0.1419760 0.1683900 0.1550107 0.1603986 0.1546747 0.1441959 0.1742547 0.1592960 0.1303372 0.4090985 0.4344476 0.2922464 
S0016_G5933_R1_A 0.0740191 0.0714827 0.0000000 0.0467144 0.0524532 0.0391171 0.1410884 0.0909890 0.0922466 0.1042216 0.0977994 0.1157248 0.1200938 0.1240195 0.1219834 0.1023552 0.1277678 0.1236544 0.0976996 0.3510986 0.3740306 0.2635564 
S0031_G5933_R1_A 0.0685503 0.0609157 0.0467144 0.0000000 0.0314274 0.0466955 0.1344524 0.0908991 0.0940916 0.1093590 0.1011828 0.1195659 0.1190767 0.1299448 0.1262104 0.1042263 0.1317456 0.1303490 0.1011989 0.3499172 0.3679572 0.2590250 
S0018_G5933_R1_U 0.0787947 0.0652307 0.0524532 0.0314274 0.0000000 0.0538224 0.1395989 0.1015787 0.1032967 0.1109103 0.1105784 0.1308308 0.1255823 0.1246821 0.1242719 0.1104540 0.1402510 0.1403517 0.1137041 0.3588598 0.3903831 0.2621915 
S0004_G5933_R1_A 0.0695864 0.0772710 0.0391171 0.0466955 0.0538224 0.0000000 0.1498720 0.0970165 0.0982725 0.1087970 0.1024438 0.1220302 0.1233562 0.1318541 0.1250405 0.1053386 0.1379305 0.1340072 0.1009286 0.3571176 0.3745608 0.2696059 
S0005_G5933_R1_A 0.1540093 0.1641216 0.1410884 0.1344524 0.1395989 0.1498720 0.0000000 0.1795978 0.1887436 0.2009703 0.1949053 0.2164439 0.2109664 0.2231923 0.2243752 0.2090888 0.2220520 0.2022276 0.1959441 0.4682160 0.4792802 0.3761531 
S0019_G5933_R1_A 0.1078629 0.1309440 0.0909890 0.0908991 0.1015787 0.0970165 0.1795978 0.0000000 0.0964743 0.1111180 0.1047892 0.0635775 0.1100130 0.1494825 0.1488536 0.1255215 0.1454552 0.1064986 0.1139960 0.2076744 0.2674925 0.3351613 
S0030_G5933_R1_A 0.1047737 0.1274607 0.0922466 0.0940916 0.1032967 0.0982725 0.1887436 0.0964743 0.0000000 0.0610257 0.0665169 0.0822627 0.0736305 0.0970328 0.0949956 0.0823995 0.0987475 0.0825721 0.0666970 0.2165292 0.2059483 0.2981189 
S0046_G5933_R1_A 0.1218784 0.1421139 0.1042216 0.1093590 0.1109103 0.1087970 0.2009703 0.1111180 0.0610257 0.0000000 0.0799033 0.0980804 0.0826961 0.1075842 0.1040199 0.0939206 0.1078445 0.0992652 0.0788341 0.2300521 0.2346007 0.3246403 
S0026_G5933_R1_A 0.1199479 0.1419760 0.0977994 0.1011828 0.1105784 0.1024438 0.1949053 0.1047892 0.0665169 0.0799033 0.0000000 0.0898756 0.0703653 0.1129592 0.1137582 0.0912693 0.1011752 0.0881565 0.0702666 0.2115786 0.2185592 0.3201694 
S0020_G5933_R1_U 0.1371549 0.1683900 0.1157248 0.1195659 0.1308308 0.1220302 0.2164439 0.0635775 0.0822627 0.0980804 0.0898756 0.0000000 0.0931327 0.1318001 0.1309645 0.1119945 0.1255899 0.0851605 0.0919500 0.1944875 0.2325431 0.3171968 
S0021_G5933_R1_A 0.1416694 0.1550107 0.1200938 0.1190767 0.1255823 0.1233562 0.2109664 0.1100130 0.0736305 0.0826961 0.0703653 0.0931327 0.0000000 0.1133754 0.1088716 0.0977551 0.1095156 0.0935717 0.0792642 0.2251110 0.2460277 0.3195494 
S0048_G5933_R1_A 0.1354461 0.1603986 0.1240195 0.1299448 0.1246821 0.1318541 0.2231923 0.1494825 0.0970328 0.1075842 0.1129592 0.1318001 0.1133754 0.0000000 0.0304888 0.1112392 0.1410266 0.1275451 0.1062392 0.2498165 0.2670911 0.3671296 
S0050_G5933_R1_A 0.1300901 0.1546747 0.1219834 0.1262104 0.1242719 0.1250405 0.2243752 0.1488536 0.0949956 0.1040199 0.1137582 0.1309645 0.1088716 0.0304888 0.0000000 0.1061729 0.1355468 0.1279368 0.1085450 0.2521453 0.2703754 0.3565566 
S0013_G5933_R1_A 0.1145779 0.1441959 0.1023552 0.1042263 0.1104540 0.1053386 0.2090888 0.1255215 0.0823995 0.0939206 0.0912693 0.1119945 0.0977551 0.1112392 0.1061729 0.0000000 0.1275852 0.1081707 0.0909647 0.2563561 0.2563189 0.3509171 
S0017_G5933_R1_U 0.1517662 0.1742547 0.1277678 0.1317456 0.1402510 0.1379305 0.2220520 0.1454552 0.0987475 0.1078445 0.1011752 0.1255899 0.1095156 0.1410266 0.1355468 0.1275852 0.0000000 0.1211035 0.1147139 0.2485542 0.2530223 0.3358579 
S0036_G5933_R1_A 0.1403438 0.1592960 0.1236544 0.1303490 0.1403517 0.1340072 0.2022276 0.1064986 0.0825721 0.0992652 0.0881565 0.0851605 0.0935717 0.1275451 0.1279368 0.1081707 0.1211035 0.0000000 0.0947332 0.2179332 0.2526451 0.3315368 
S0028_G5933_R1_A 0.1181318 0.1303372 0.0976996 0.1011989 0.1137041 0.1009286 0.1959441 0.1139960 0.0666970 0.0788341 0.0702666 0.0919500 0.0792642 0.1062392 0.1085450 0.0909647 0.1147139 0.0947332 0.0000000 0.2244994 0.2284955 0.3139958 
S0002_G5933_R1_A 0.3675235 0.4090985 0.3510986 0.3499172 0.3588598 0.3571176 0.4682160 0.2076744 0.2165292 0.2300521 0.2115786 0.1944875 0.2251110 0.2498165 0.2521453 0.2563561 0.2485542 0.2179332 0.2244994 0.0000000 0.2602144 0.2706722 
S0022_G5933_R1_A 0.4001415 0.4344476 0.3740306 0.3679572 0.3903831 0.3745608 0.4792802 0.2674925 0.2059483 0.2346007 0.2185592 0.2325431 0.2460277 0.2670911 0.2703754 0.2563189 0.2530223 0.2526451 0.2284955 0.2602144 0.0000000 0.3870499 
S0011_G5933_R1_A 0.2797927 0.2922464 0.2635564 0.2590250 0.2621915 0.2696059 0.3761531 0.3351613 0.2981189 0.3246403 0.3201694 0.3171968 0.3195494 0.3671296 0.3565566 0.3509171 0.3358579 0.3315368 0.3139958 0.2706722 0.3870499 0.0000000 
