22
S0011_G5949_R1_A 0.0000000 0.0694824 0.0671544 0.0825735 0.0894939 0.0861501 0.0634782 0.0895005 0.0950878 0.0789122 0.1644420 0.0777256 0.0927955 0.0840566 0.0854636 0.0818680 0.0840763 0.1078880 0.1119157 0.1472569 0.0689914 0.0688557 
S0002_G5949_R1_A 0.0694824 0.0000000 0.0649566 0.0910136 0.0918222 0.0868178 0.0626722 0.0958724 0.1002353 0.0823701 0.1546564 0.0846279 0.0928817 0.0874532 0.0889334 0.0817477 0.0903207 0.1125297 0.1085141 0.1528013 0.0629723 0.0768324 
S0020_G5949_R1_A 0.0671544 0.0649566 0.0000000 0.0883766 0.0911506 0.0862803 0.0636682 0.0939374 0.0981782 0.0755067 0.1487894 0.0792848 0.0952683 0.0821556 0.0815695 0.0805317 0.0821259 0.1096486 0.1054770 0.1547208 0.0619731 0.0730614 
S0026_G5949_R1_A 0.0825735 0.0910136 0.0883766 0.0000000 0.0679970 0.0858958 0.0791898 0.0977080 0.1004571 0.0711568 0.1304166 0.0802740 0.0890514 0.0920574 0.0914326 0.0843106 0.0888619 0.1061441 0.1139419 0.1589144 0.0831519 0.0830543 
S0021_G5949_R1_A 0.0894939 0.0918222 0.0911506 0.0679970 0.0000000 0.0921940 0.0845144 0.1012438 0.1099542 0.0764560 0.1658579 0.0843441 0.0953838 0.0954675 0.0954658 0.0877973 0.0929144 0.1124055 0.1167877 0.1601600 0.0950458 0.0814332 
S0022_G5949_R1_A 0.0861501 0.0868178 0.0862803 0.0858958 0.0921940 0.0000000 0.0816584 0.0925485 0.0924441 0.0793862 0.1323091 0.0809060 0.0747087 0.0954592 0.0927747 0.0830065 0.0901637 0.0952501 0.1091441 0.1497730 0.0809728 0.0773771 
S0019_G5949_R1_A 0.0634782 0.0626722 0.0636682 0.0791898 0.0845144 0.0816584 0.0000000 0.0879606 0.0929123 0.0700536 0.1425479 0.0706934 0.0871414 0.0768352 0.0748447 0.0690635 0.0804788 0.0982077 0.0976756 0.1460882 0.0564884 0.0672935 
S0031_G5949_R1_A 0.0895005 0.0958724 0.0939374 0.0977080 0.1012438 0.0925485 0.0879606 0.0000000 0.0665246 0.0848925 0.1614926 0.0820114 0.0966183 0.0959640 0.0946397 0.0911507 0.0907696 0.1132030 0.1062291 0.1594127 0.0838738 0.0731499 
S0018_G5949_R1_A 0.0950878 0.1002353 0.0981782 0.1004571 0.1099542 0.0924441 0.0929123 0.0665246 0.0000000 0.0896853 0.1610846 0.0911251 0.1044990 0.0976139 0.0982895 0.0968657 0.0972804 0.1204178 0.1091969 0.1572133 0.0909256 0.0820452 
S0028_G5949_R1_A 0.0789122 0.0823701 0.0755067 0.0711568 0.0764560 0.0793862 0.0700536 0.0848925 0.0896853 0.0000000 0.1450482 0.0691365 0.0831270 0.0785880 0.0780058 0.0736852 0.0771825 0.0902507 0.1068915 0.1404336 0.0809823 0.0704907 
S0005_G5949_R1_A 0.1644420 0.1546564 0.1487894 0.1304166 0.1658579 0.1323091 0.1425479 0.1614926 0.1610846 0.1450482 0.0000000 0.1661433 0.1570130 0.1552862 0.1583789 0.1596881 0.1611133 0.1597425 0.1587399 0.1818563 0.1567937 0.1403889 
S0004_G5949_R1_A 0.0777256 0.0846279 0.0792848 0.0802740 0.0843441 0.0809060 0.0706934 0.0820114 0.0911251 0.0691365 0.1661433 0.0000000 0.0833188 0.0827857 0.0821057 0.0757493 0.0809263 0.0992723 0.1018767 0.1413295 0.0749905 0.0676851 
S0030_G5949_R1_A 0.0927955 0.0928817 0.0952683 0.0890514 0.0953838 0.0747087 0.0871414 0.0966183 0.1044990 0.0831270 0.1570130 0.0833188 0.0000000 0.0967324 0.0953513 0.0862371 0.0940905 0.1049640 0.1113677 0.1515326 0.0911724 0.0800074 
S0048_G5949_R1_A 0.0840566 0.0874532 0.0821556 0.0920574 0.0954675 0.0954592 0.0768352 0.0959640 0.0976139 0.0785880 0.1552862 0.0827857 0.0967324 0.0000000 0.0264468 0.0709379 0.0893085 0.1102071 0.1082839 0.1462616 0.0825227 0.0787256 
S0050_G5949_R1_A 0.0854636 0.0889334 0.0815695 0.0914326 0.0954658 0.0927747 0.0748447 0.0946397 0.0982895 0.0780058 0.1583789 0.0821057 0.0953513 0.0264468 0.0000000 0.0696943 0.0907667 0.1118008 0.1052796 0.1424286 0.0757862 0.0773791 
S0013_G5949_R1_A 0.0818680 0.0817477 0.0805317 0.0843106 0.0877973 0.0830065 0.0690635 0.0911507 0.0968657 0.0736852 0.1596881 0.0757493 0.0862371 0.0709379 0.0696943 0.0000000 0.0823062 0.1044817 0.1077168 0.1375056 0.0717087 0.0683762 
S0046_G5949_R1_A 0.0840763 0.0903207 0.0821259 0.0888619 0.0929144 0.0901637 0.0804788 0.0907696 0.0972804 0.0771825 0.1611133 0.0809263 0.0940905 0.0893085 0.0907667 0.0823062 0.0000000 0.1142219 0.1087708 0.1484686 0.0787035 0.0727561 
S0017_G5949_R1_A 0.1078880 0.1125297 0.1096486 0.1061441 0.1124055 0.0952501 0.0982077 0.1132030 0.1204178 0.0902507 0.1597425 0.0992723 0.1049640 0.1102071 0.1118008 0.1044817 0.1142219 0.0000000 0.1314136 0.1678935 0.1052133 0.0909162 
S0037_G5949_R1_A 0.1119157 0.1085141 0.1054770 0.1139419 0.1167877 0.1091441 0.0976756 0.1062291 0.1091969 0.1068915 0.1587399 0.1018767 0.1113677 0.1082839 0.1052796 0.1077168 0.1087708 0.1314136 0.0000000 0.1638157 0.0918271 0.0942962 
S0012_G5949_R1_A 0.1472569 0.1528013 0.1547208 0.1589144 0.1601600 0.1497730 0.1460882 0.1594127 0.1572133 0.1404336 0.1818563 0.1413295 0.1515326 0.1462616 0.1424286 0.1375056 0.1484686 0.1678935 0.1638157 0.0000000 0.1344603 0.1428947 
S0036_G5949_R1_U 0.0689914 0.0629723 0.0619731 0.0831519 0.0950458 0.0809728 0.0564884 0.0838738 0.0909256 0.0809823 0.1567937 0.0749905 0.0911724 0.0825227 0.0757862 0.0717087 0.0787035 0.1052133 0.0918271 0.1344603 0.0000000 0.0709680 
S0016_G5949_R1_A 0.0688557 0.0768324 0.0730614 0.0830543 0.0814332 0.0773771 0.0672935 0.0731499 0.0820452 0.0704907 0.1403889 0.0676851 0.0800074 0.0787256 0.0773791 0.0683762 0.0727561 0.0909162 0.0942962 0.1428947 0.0709680 0.0000000 
