22
S0002_G5943_R1_A 0.0000000 0.0470802 0.0714384 0.0923654 0.0920004 0.0884006 0.0886077 0.1038451 0.0850810 0.0722146 0.0824303 0.1001285 0.1077109 0.1092951 0.0756942 0.0818174 0.0854566 0.1162509 0.1180448 0.1112032 0.0942201 0.2060926 
S0036_G5943_R1_A 0.0470802 0.0000000 0.0622938 0.0746024 0.0718090 0.0666163 0.0675744 0.0774417 0.0629323 0.0544169 0.0589312 0.0752423 0.0865751 0.0892911 0.0517713 0.0678085 0.0780911 0.1033895 0.1008377 0.0929058 0.0728751 0.1844435 
S0004_G5943_R1_A 0.0714384 0.0622938 0.0000000 0.0912953 0.0948339 0.0877634 0.0873174 0.0809595 0.0821246 0.0847255 0.0950159 0.1082470 0.1098617 0.1144032 0.0700109 0.0829926 0.0899337 0.1218316 0.1167176 0.1102530 0.1086092 0.2045360 
S0011_G5943_R1_A 0.0923654 0.0746024 0.0912953 0.0000000 0.0432126 0.0355932 0.0533256 0.0593329 0.0506363 0.0662765 0.0668139 0.0802816 0.0761629 0.0761304 0.0735799 0.0535677 0.1079872 0.1009264 0.0912667 0.0811300 0.0883445 0.1887399 
S0019_G5943_R1_A 0.0920004 0.0718090 0.0948339 0.0432126 0.0000000 0.0181936 0.0491794 0.0570325 0.0440176 0.0617191 0.0611946 0.0764090 0.0692493 0.0723085 0.0734757 0.0524374 0.1096326 0.1010692 0.0981486 0.0883291 0.0931934 0.1873906 
S0020_G5943_R1_U 0.0884006 0.0666163 0.0877634 0.0355932 0.0181936 0.0000000 0.0407934 0.0488713 0.0375121 0.0565832 0.0541685 0.0720495 0.0631013 0.0666704 0.0665802 0.0436906 0.1013631 0.0937693 0.0907009 0.0780215 0.0860982 0.1886548 
S0028_G5943_R1_A 0.0886077 0.0675744 0.0873174 0.0533256 0.0491794 0.0407934 0.0000000 0.0505879 0.0379406 0.0539576 0.0527933 0.0712569 0.0687174 0.0692273 0.0649182 0.0522167 0.1034941 0.0996831 0.0991818 0.0841209 0.0878304 0.1878942 
S0016_G5943_R1_A 0.1038451 0.0774417 0.0809595 0.0593329 0.0570325 0.0488713 0.0505879 0.0000000 0.0467138 0.0607528 0.0613299 0.0798079 0.0776286 0.0802859 0.0760155 0.0563054 0.1197423 0.1077862 0.1085873 0.0918219 0.0942544 0.1968044 
S0026_G5943_R1_A 0.0850810 0.0629323 0.0821246 0.0506363 0.0440176 0.0375121 0.0379406 0.0467138 0.0000000 0.0525220 0.0513465 0.0685669 0.0654102 0.0664997 0.0630096 0.0454835 0.0991704 0.0915358 0.0920767 0.0806037 0.0810822 0.1834667 
S0018_G5943_R1_U 0.0722146 0.0544169 0.0847255 0.0662765 0.0617191 0.0565832 0.0539576 0.0607528 0.0525220 0.0000000 0.0249923 0.0467803 0.0783506 0.0822567 0.0722117 0.0560754 0.1080537 0.1054590 0.1072192 0.0931549 0.0736926 0.1965367 
S0031_G5943_R1_A 0.0824303 0.0589312 0.0950159 0.0668139 0.0611946 0.0541685 0.0527933 0.0613299 0.0513465 0.0249923 0.0000000 0.0451531 0.0794049 0.0825901 0.0787556 0.0637249 0.1158765 0.1116629 0.1127384 0.1002756 0.0839648 0.2038248 
S0037_G5943_R1_A 0.1001285 0.0752423 0.1082470 0.0802816 0.0764090 0.0720495 0.0712569 0.0798079 0.0685669 0.0467803 0.0451531 0.0000000 0.0952178 0.0988543 0.0900301 0.0793294 0.1330621 0.1274485 0.1304915 0.1182319 0.1045290 0.2156497 
S0048_G5943_R1_A 0.1077109 0.0865751 0.1098617 0.0761629 0.0692493 0.0631013 0.0687174 0.0776286 0.0654102 0.0783506 0.0794049 0.0952178 0.0000000 0.0224168 0.0932906 0.0680589 0.1215523 0.0976978 0.1195622 0.0976106 0.1082013 0.2122488 
S0050_G5943_R1_A 0.1092951 0.0892911 0.1144032 0.0761304 0.0723085 0.0666704 0.0692273 0.0802859 0.0664997 0.0822567 0.0825901 0.0988543 0.0224168 0.0000000 0.0968567 0.0711858 0.1203161 0.1012565 0.1238018 0.1033402 0.1118141 0.2175852 
S0021_G5943_R1_A 0.0756942 0.0517713 0.0700109 0.0735799 0.0734757 0.0665802 0.0649182 0.0760155 0.0630096 0.0722117 0.0787556 0.0900301 0.0932906 0.0968567 0.0000000 0.0677001 0.0856254 0.1066994 0.1062461 0.0940651 0.0897375 0.1856071 
S0030_G5943_R1_A 0.0818174 0.0678085 0.0829926 0.0535677 0.0524374 0.0436906 0.0522167 0.0563054 0.0454835 0.0560754 0.0637249 0.0793294 0.0680589 0.0711858 0.0677001 0.0000000 0.1001324 0.0917565 0.0920683 0.0736639 0.0820559 0.1898426 
S0012_G5943_R1_A 0.0854566 0.0780911 0.0899337 0.1079872 0.1096326 0.1013631 0.1034941 0.1197423 0.0991704 0.1080537 0.1158765 0.1330621 0.1215523 0.1203161 0.0856254 0.1001324 0.0000000 0.1323292 0.1276734 0.1183046 0.1239952 0.2271498 
S0013_G5943_R1_A 0.1162509 0.1033895 0.1218316 0.1009264 0.1010692 0.0937693 0.0996831 0.1077862 0.0915358 0.1054590 0.1116629 0.1274485 0.0976978 0.1012565 0.1066994 0.0917565 0.1323292 0.0000000 0.0993486 0.0855130 0.0971272 0.2089701 
S0017_G5943_R1_U 0.1180448 0.1008377 0.1167176 0.0912667 0.0981486 0.0907009 0.0991818 0.1085873 0.0920767 0.1072192 0.1127384 0.1304915 0.1195622 0.1238018 0.1062461 0.0920683 0.1276734 0.0993486 0.0000000 0.0760740 0.0824469 0.2163940 
S0022_G5943_R1_A 0.1112032 0.0929058 0.1102530 0.0811300 0.0883291 0.0780215 0.0841209 0.0918219 0.0806037 0.0931549 0.1002756 0.1182319 0.0976106 0.1033402 0.0940651 0.0736639 0.1183046 0.0855130 0.0760740 0.0000000 0.0636893 0.1977842 
S0046_G5943_R1_A 0.0942201 0.0728751 0.1086092 0.0883445 0.0931934 0.0860982 0.0878304 0.0942544 0.0810822 0.0736926 0.0839648 0.1045290 0.1082013 0.1118141 0.0897375 0.0820559 0.1239952 0.0971272 0.0824469 0.0636893 0.0000000 0.2004690 
S0005_G5943_R1_A 0.2060926 0.1844435 0.2045360 0.1887399 0.1873906 0.1886548 0.1878942 0.1968044 0.1834667 0.1965367 0.2038248 0.2156497 0.2122488 0.2175852 0.1856071 0.1898426 0.2271498 0.2089701 0.2163940 0.1977842 0.2004690 0.0000000 
