22
S0018_G5981_R1_U 0.0000000 0.0456041 0.0879333 0.0898918 0.0951087 0.0875104 0.0927306 0.0949998 0.0878529 0.0825412 0.0938414 0.1036587 0.0957335 0.0997977 0.1150660 0.1265075 0.1156206 0.0788610 0.1133026 0.1043769 0.2577643 0.1444391 
S0031_G5981_R1_A 0.0456041 0.0000000 0.0744147 0.0800002 0.0832289 0.0771555 0.0789537 0.0825056 0.0749246 0.0716508 0.0832111 0.0931472 0.0849202 0.0880696 0.1030431 0.1137148 0.1032066 0.0740237 0.1013931 0.0945758 0.2462306 0.1319457 
S0036_G5981_R1_U 0.0879333 0.0744147 0.0000000 0.0603836 0.0638503 0.0538512 0.0450735 0.0503203 0.0664719 0.0623670 0.0635045 0.0695443 0.0722030 0.0588076 0.0817877 0.0946021 0.0850291 0.1032706 0.0785309 0.0790979 0.2238271 0.1168106 
S0028_G5981_R1_A 0.0898918 0.0800002 0.0603836 0.0000000 0.0570560 0.0578928 0.0575849 0.0640411 0.0678245 0.0693925 0.0654964 0.0766766 0.0645432 0.0712250 0.0794938 0.0963715 0.0837150 0.1109460 0.0856260 0.0833304 0.2225781 0.1226685 
S0026_G5981_R1_A 0.0951087 0.0832289 0.0638503 0.0570560 0.0000000 0.0608679 0.0640240 0.0687954 0.0737327 0.0735126 0.0725131 0.0753165 0.0675537 0.0714215 0.0895454 0.1028656 0.0929101 0.1143967 0.0857773 0.0822469 0.2177709 0.1229458 
S0002_G5981_R1_A 0.0875104 0.0771555 0.0538512 0.0578928 0.0608679 0.0000000 0.0516760 0.0574412 0.0674415 0.0660978 0.0644584 0.0745239 0.0672247 0.0632423 0.0813682 0.0944712 0.0839049 0.1065419 0.0825156 0.0848664 0.2215882 0.1167896 
S0019_G5981_R1_A 0.0927306 0.0789537 0.0450735 0.0575849 0.0640240 0.0516760 0.0000000 0.0409658 0.0690581 0.0677289 0.0671699 0.0732728 0.0716935 0.0543478 0.0831343 0.0904113 0.0858753 0.1089102 0.0780526 0.0825184 0.2303919 0.1157129 
S0020_G5981_R1_U 0.0949998 0.0825056 0.0503203 0.0640411 0.0687954 0.0574412 0.0409658 0.0000000 0.0731935 0.0718520 0.0723516 0.0775096 0.0764720 0.0596742 0.0915221 0.0992309 0.0938079 0.1109521 0.0859799 0.0908107 0.2358609 0.1236624 
S0004_G5981_R1_A 0.0878529 0.0749246 0.0664719 0.0678245 0.0737327 0.0674415 0.0690581 0.0731935 0.0000000 0.0640130 0.0709610 0.0824517 0.0832002 0.0753761 0.0933132 0.1017453 0.0958014 0.1029593 0.0857591 0.0782916 0.2312364 0.1210648 
S0016_G5981_R1_A 0.0825412 0.0716508 0.0623670 0.0693925 0.0735126 0.0660978 0.0677289 0.0718520 0.0640130 0.0000000 0.0707559 0.0769137 0.0835773 0.0750795 0.0925373 0.0992785 0.0968350 0.1025921 0.0886491 0.0854760 0.2378205 0.1329968 
S0030_G5981_R1_A 0.0938414 0.0832111 0.0635045 0.0654964 0.0725131 0.0644584 0.0671699 0.0723516 0.0709610 0.0707559 0.0000000 0.0735349 0.0802072 0.0786881 0.0907562 0.1003399 0.0949170 0.1103866 0.0855752 0.0832883 0.2313462 0.1156005 
S0022_G5981_R1_A 0.1036587 0.0931472 0.0695443 0.0766766 0.0753165 0.0745239 0.0732728 0.0775096 0.0824517 0.0769137 0.0735349 0.0000000 0.0878665 0.0834371 0.0939936 0.1013200 0.0961442 0.1198517 0.0867728 0.0891676 0.2285054 0.1411971 
S0021_G5981_R1_A 0.0957335 0.0849202 0.0722030 0.0645432 0.0675537 0.0672247 0.0716935 0.0764720 0.0832002 0.0835773 0.0802072 0.0878665 0.0000000 0.0811047 0.0951793 0.1028434 0.0977040 0.1157134 0.0971122 0.0974200 0.2295131 0.1347509 
S0011_G5981_R1_A 0.0997977 0.0880696 0.0588076 0.0712250 0.0714215 0.0632423 0.0543478 0.0596742 0.0753761 0.0750795 0.0786881 0.0834371 0.0811047 0.0000000 0.0934450 0.1023855 0.0979715 0.1188030 0.0871850 0.0949273 0.2293515 0.1281526 
S0048_G5981_R1_A 0.1150660 0.1030431 0.0817877 0.0794938 0.0895454 0.0813682 0.0831343 0.0915221 0.0933132 0.0925373 0.0907562 0.0939936 0.0951793 0.0934450 0.0000000 0.1155391 0.0130522 0.1324810 0.1026985 0.0966614 0.2499087 0.1515645 
S0013_G5981_R1_A 0.1265075 0.1137148 0.0946021 0.0963715 0.1028656 0.0944712 0.0904113 0.0992309 0.1017453 0.0992785 0.1003399 0.1013200 0.1028434 0.1023855 0.1155391 0.0000000 0.1211186 0.1402335 0.1134669 0.1063681 0.2526621 0.1592566 
S0050_G5981_R1_A 0.1156206 0.1032066 0.0850291 0.0837150 0.0929101 0.0839049 0.0858753 0.0938079 0.0958014 0.0968350 0.0949170 0.0961442 0.0977040 0.0979715 0.0130522 0.1211186 0.0000000 0.1383675 0.1073582 0.0970498 0.2661087 0.1637309 
S0037_G5981_R1_A 0.0788610 0.0740237 0.1032706 0.1109460 0.1143967 0.1065419 0.1089102 0.1109521 0.1029593 0.1025921 0.1103866 0.1198517 0.1157134 0.1188030 0.1324810 0.1402335 0.1383675 0.0000000 0.1249765 0.1253731 0.2693971 0.1615490 
S0046_G5981_R1_A 0.1133026 0.1013931 0.0785309 0.0856260 0.0857773 0.0825156 0.0780526 0.0859799 0.0857591 0.0886491 0.0855752 0.0867728 0.0971122 0.0871850 0.1026985 0.1134669 0.1073582 0.1249765 0.0000000 0.0882851 0.2415991 0.1357969 
S0017_G5981_R1_U 0.1043769 0.0945758 0.0790979 0.0833304 0.0822469 0.0848664 0.0825184 0.0908107 0.0782916 0.0854760 0.0832883 0.0891676 0.0974200 0.0949273 0.0966614 0.1063681 0.0970498 0.1253731 0.0882851 0.0000000 0.2380972 0.1393972 
S0005_G5981_R1_A 0.2577643 0.2462306 0.2238271 0.2225781 0.2177709 0.2215882 0.2303919 0.2358609 0.2312364 0.2378205 0.2313462 0.2285054 0.2295131 0.2293515 0.2499087 0.2526621 0.2661087 0.2693971 0.2415991 0.2380972 0.0000000 0.2677891 
S0012_G5981_R1_A 0.1444391 0.1319457 0.1168106 0.1226685 0.1229458 0.1167896 0.1157129 0.1236624 0.1210648 0.1329968 0.1156005 0.1411971 0.1347509 0.1281526 0.1515645 0.1592566 0.1637309 0.1615490 0.1357969 0.1393972 0.2677891 0.0000000 
