22
S0005_G6036_R1_A 0.0000000 0.6041984 0.5819327 0.6155688 0.6015351 0.6027654 0.6238965 0.6325945 0.6056820 0.6407949 0.6363858 0.6626708 0.6472760 0.6262928 0.6558751 0.6197644 0.6423396 0.6472865 0.6351984 0.6266606 0.6466482 0.6123877 
S0021_G6036_R1_A 0.6041984 0.0000000 0.0670186 0.0726582 0.0703118 0.0763820 0.0727022 0.0810397 0.0721054 0.0915420 0.0742290 0.0953361 0.0880820 0.0925365 0.0853531 0.0839520 0.0986674 0.1101677 0.1087001 0.0761488 0.1172416 0.0796668 
S0028_G6036_R1_A 0.5819327 0.0670186 0.0000000 0.0684955 0.0677215 0.0736772 0.0700688 0.0739202 0.0710283 0.0882438 0.0709241 0.0886367 0.0825413 0.0859375 0.0793841 0.0778758 0.0945868 0.1059600 0.1057936 0.0781322 0.1100863 0.0700857 
S0002_G6036_R1_A 0.6155688 0.0726582 0.0684955 0.0000000 0.0495369 0.0551176 0.0557524 0.0642085 0.0724594 0.0787061 0.0755591 0.0951427 0.0845630 0.0874189 0.0797355 0.0795202 0.0955285 0.1008624 0.0988413 0.0813709 0.1138327 0.0805177 
S0019_G6036_R1_A 0.6015351 0.0703118 0.0677215 0.0495369 0.0000000 0.0317248 0.0535712 0.0624761 0.0705989 0.0752011 0.0742923 0.0920631 0.0794047 0.0860075 0.0800087 0.0770052 0.0896855 0.0954597 0.0939891 0.0762184 0.1093634 0.0807433 
S0020_G6036_R1_A 0.6027654 0.0763820 0.0736772 0.0551176 0.0317248 0.0000000 0.0602510 0.0650495 0.0766125 0.0791650 0.0760168 0.0980102 0.0872271 0.0901766 0.0851365 0.0837018 0.0989401 0.1026245 0.1005702 0.0830339 0.1148864 0.0852496 
S0036_G6036_R1_A 0.6238965 0.0727022 0.0700688 0.0557524 0.0535712 0.0602510 0.0000000 0.0657286 0.0703239 0.0742266 0.0740539 0.0943934 0.0824941 0.0869019 0.0788271 0.0785351 0.0923305 0.0983970 0.0974796 0.0829574 0.1116393 0.0805366 
S0011_G6036_R1_A 0.6325945 0.0810397 0.0739202 0.0642085 0.0624761 0.0650495 0.0657286 0.0000000 0.0787118 0.0881207 0.0785621 0.1077567 0.0976293 0.1016383 0.0937736 0.0907051 0.1050326 0.1124519 0.1102834 0.0900143 0.1242164 0.0899393 
S0026_G6036_R1_A 0.6056820 0.0721054 0.0710283 0.0724594 0.0705989 0.0766125 0.0703239 0.0787118 0.0000000 0.0854109 0.0761743 0.0984497 0.0820316 0.0843959 0.0809897 0.0795742 0.0944167 0.1025659 0.0993314 0.0796119 0.1100298 0.0822045 
S0013_G6036_R1_A 0.6407949 0.0915420 0.0882438 0.0787061 0.0752011 0.0791650 0.0742266 0.0881207 0.0854109 0.0000000 0.0952299 0.1163012 0.1059209 0.1094806 0.1031146 0.1004369 0.1122574 0.0930405 0.0948610 0.0986887 0.1282646 0.1029625 
S0030_G6036_R1_A 0.6363858 0.0742290 0.0709241 0.0755591 0.0742923 0.0760168 0.0740539 0.0785621 0.0761743 0.0952299 0.0000000 0.0856702 0.0853936 0.0895530 0.0824408 0.0814896 0.0994836 0.1090517 0.1092120 0.0750798 0.1168967 0.0689220 
S0017_G6036_R1_A 0.6626708 0.0953361 0.0886367 0.0951427 0.0920631 0.0980102 0.0943934 0.1077567 0.0984497 0.1163012 0.0856702 0.0000000 0.1063180 0.1104784 0.1052486 0.1037882 0.1150918 0.1274601 0.1277012 0.0950403 0.1402834 0.0896020 
S0004_G6036_R1_A 0.6472760 0.0880820 0.0825413 0.0845630 0.0794047 0.0872271 0.0824941 0.0976293 0.0820316 0.1059209 0.0853936 0.1063180 0.0000000 0.0714948 0.0630902 0.0632208 0.0760756 0.1197008 0.1192467 0.0938556 0.1292076 0.0934207 
S0018_G6036_R1_A 0.6262928 0.0925365 0.0859375 0.0874189 0.0860075 0.0901766 0.0869019 0.1016383 0.0843959 0.1094806 0.0895530 0.1104784 0.0714948 0.0000000 0.0480355 0.0691299 0.0692984 0.1249347 0.1228580 0.0984934 0.1271869 0.0940874 
S0031_G6036_R1_A 0.6558751 0.0853531 0.0793841 0.0797355 0.0800087 0.0851365 0.0788271 0.0937736 0.0809897 0.1031146 0.0824408 0.1052486 0.0630902 0.0480355 0.0000000 0.0622629 0.0608603 0.1201725 0.1192493 0.0899552 0.1261717 0.0885176 
S0016_G6036_R1_A 0.6197644 0.0839520 0.0778758 0.0795202 0.0770052 0.0837018 0.0785351 0.0907051 0.0795742 0.1004369 0.0814896 0.1037882 0.0632208 0.0691299 0.0622629 0.0000000 0.0714293 0.1160165 0.1150889 0.0886647 0.1186846 0.0919590 
S0037_G6036_R1_U 0.6423396 0.0986674 0.0945868 0.0955285 0.0896855 0.0989401 0.0923305 0.1050326 0.0944167 0.1122574 0.0994836 0.1150918 0.0760756 0.0692984 0.0608603 0.0714293 0.0000000 0.1287045 0.1254286 0.1019768 0.1314772 0.1046208 
S0048_G6036_R1_A 0.6472865 0.1101677 0.1059600 0.1008624 0.0954597 0.1026245 0.0983970 0.1124519 0.1025659 0.0930405 0.1090517 0.1274601 0.1197008 0.1249347 0.1201725 0.1160165 0.1287045 0.0000000 0.0186783 0.1163978 0.1397103 0.1173119 
S0050_G6036_R1_A 0.6351984 0.1087001 0.1057936 0.0988413 0.0939891 0.1005702 0.0974796 0.1102834 0.0993314 0.0948610 0.1092120 0.1277012 0.1192467 0.1228580 0.1192493 0.1150889 0.1254286 0.0186783 0.0000000 0.1160581 0.1374074 0.1145831 
S0022_G6036_R1_A 0.6266606 0.0761488 0.0781322 0.0813709 0.0762184 0.0830339 0.0829574 0.0900143 0.0796119 0.0986887 0.0750798 0.0950403 0.0938556 0.0984934 0.0899552 0.0886647 0.1019768 0.1163978 0.1160581 0.0000000 0.1172843 0.0790056 
S0012_G6036_R1_A 0.6466482 0.1172416 0.1100863 0.1138327 0.1093634 0.1148864 0.1116393 0.1242164 0.1100298 0.1282646 0.1168967 0.1402834 0.1292076 0.1271869 0.1261717 0.1186846 0.1314772 0.1397103 0.1374074 0.1172843 0.0000000 0.1219243 
S0046_G6036_R1_A 0.6123877 0.0796668 0.0700857 0.0805177 0.0807433 0.0852496 0.0805366 0.0899393 0.0822045 0.1029625 0.0689220 0.0896020 0.0934207 0.0940874 0.0885176 0.0919590 0.1046208 0.1173119 0.1145831 0.0790056 0.1219243 0.0000000 
