22
S0005_G6035_R1_A 0.0000000 0.2228188 0.2047647 0.1851489 0.1914903 0.1956517 0.2011001 0.2330312 0.2220625 0.1815619 0.1989349 0.1925085 0.2105194 0.2258191 0.2058853 0.2259409 0.1907759 0.2045411 0.2217984 0.2082589 0.2021114 0.1821364 
S0018_G6035_R1_U 0.2228188 0.0000000 0.0420476 0.0938124 0.0884211 0.0864358 0.1007483 0.1221131 0.1112809 0.0903075 0.0910533 0.0790903 0.1081101 0.0902394 0.0845314 0.1263743 0.0871642 0.1026801 0.1079378 0.1125111 0.0944222 0.0914071 
S0031_G6035_R1_A 0.2047647 0.0420476 0.0000000 0.0808171 0.0756617 0.0724576 0.0850198 0.1151118 0.0956952 0.0758499 0.0800107 0.0673623 0.0954437 0.0774825 0.0737167 0.1065428 0.0731625 0.0861375 0.0942525 0.0967865 0.0835545 0.0764497 
S0026_G6035_R1_A 0.1851489 0.0938124 0.0808171 0.0000000 0.0738709 0.0744409 0.0793914 0.1113364 0.0923895 0.0711824 0.0767271 0.0686726 0.0944125 0.0985644 0.0798647 0.0994530 0.0649633 0.0827891 0.0920203 0.0956027 0.0746227 0.0604677 
S0022_G6035_R1_A 0.1914903 0.0884211 0.0756617 0.0738709 0.0000000 0.0573381 0.0779954 0.1048910 0.0925985 0.0669598 0.0715819 0.0649381 0.0936641 0.0861629 0.0735129 0.1077559 0.0621614 0.0868897 0.0923324 0.0970874 0.0744626 0.0728301 
S0030_G6035_R1_A 0.1956517 0.0864358 0.0724576 0.0744409 0.0573381 0.0000000 0.0813125 0.1048461 0.0943374 0.0692895 0.0741764 0.0605626 0.0933059 0.0878357 0.0690252 0.1042269 0.0649028 0.0850768 0.0915476 0.0917795 0.0776285 0.0713326 
S0020_G6035_R1_U 0.2011001 0.1007483 0.0850198 0.0793914 0.0779954 0.0813125 0.0000000 0.1129905 0.0895538 0.0384537 0.0731211 0.0742143 0.0969442 0.1022059 0.0817833 0.1039349 0.0677788 0.0876422 0.0914915 0.0973962 0.0824423 0.0737049 
S0012_G6035_R1_A 0.2330312 0.1221131 0.1151118 0.1113364 0.1048910 0.1048461 0.1129905 0.0000000 0.1160768 0.0961612 0.1071072 0.1040459 0.1290244 0.1244471 0.1082126 0.1413657 0.0999838 0.1218937 0.1168883 0.1211978 0.1105240 0.1067265 
S0050_G6035_R1_A 0.2220625 0.1112809 0.0956952 0.0923895 0.0925985 0.0943374 0.0895538 0.1160768 0.0000000 0.0842753 0.0917428 0.0841406 0.1092176 0.1091383 0.0919444 0.1233366 0.0801212 0.1081881 0.0200477 0.0970713 0.0991193 0.0884794 
S0019_G6035_R1_A 0.1815619 0.0903075 0.0758499 0.0711824 0.0669598 0.0692895 0.0384537 0.0961612 0.0842753 0.0000000 0.0642106 0.0659280 0.0862269 0.0921370 0.0698683 0.0900118 0.0603414 0.0790908 0.0850692 0.0842191 0.0725341 0.0613271 
S0002_G6035_R1_A 0.1989349 0.0910533 0.0800107 0.0767271 0.0715819 0.0741764 0.0731211 0.1071072 0.0917428 0.0642106 0.0000000 0.0700632 0.0925862 0.1004466 0.0794583 0.0994464 0.0469031 0.0836804 0.0925191 0.0918106 0.0637788 0.0720117 
S0016_G6035_R1_A 0.1925085 0.0790903 0.0673623 0.0686726 0.0649381 0.0605626 0.0742143 0.1040459 0.0841406 0.0659280 0.0700632 0.0000000 0.0930850 0.0738800 0.0596214 0.0984437 0.0602874 0.0827793 0.0844618 0.0852950 0.0756376 0.0676422 
S0017_G6035_R1_U 0.2105194 0.1081101 0.0954437 0.0944125 0.0936641 0.0933059 0.0969442 0.1290244 0.1092176 0.0862269 0.0925862 0.0930850 0.0000000 0.1093430 0.0971332 0.1176651 0.0883067 0.1062569 0.1092720 0.1147702 0.0984787 0.0876131 
S0037_G6035_R1_A 0.2258191 0.0902394 0.0774825 0.0985644 0.0861629 0.0878357 0.1022059 0.1244471 0.1091383 0.0921370 0.1004466 0.0738800 0.1093430 0.0000000 0.0844400 0.1224613 0.0885939 0.1044300 0.1066274 0.1124700 0.0958640 0.0958958 
S0004_G6035_R1_A 0.2058853 0.0845314 0.0737167 0.0798647 0.0735129 0.0690252 0.0817833 0.1082126 0.0919444 0.0698683 0.0794583 0.0596214 0.0971332 0.0844400 0.0000000 0.1113940 0.0716232 0.0884306 0.0902321 0.0964828 0.0842378 0.0787277 
S0028_G6035_R1_A 0.2259409 0.1263743 0.1065428 0.0994530 0.1077559 0.1042269 0.1039349 0.1413657 0.1233366 0.0900118 0.0994464 0.0984437 0.1176651 0.1224613 0.1113940 0.0000000 0.0945029 0.1077923 0.1187018 0.1209019 0.1048612 0.0909810 
S0036_G6035_R1_U 0.1907759 0.0871642 0.0731625 0.0649633 0.0621614 0.0649028 0.0677788 0.0999838 0.0801212 0.0603414 0.0469031 0.0602874 0.0883067 0.0885939 0.0716232 0.0945029 0.0000000 0.0752012 0.0804775 0.0833800 0.0497696 0.0631296 
S0046_G6035_R1_A 0.2045411 0.1026801 0.0861375 0.0827891 0.0868897 0.0850768 0.0876422 0.1218937 0.1081881 0.0790908 0.0836804 0.0827793 0.1062569 0.1044300 0.0884306 0.1077923 0.0752012 0.0000000 0.1050029 0.1048031 0.0875009 0.0795372 
S0048_G6035_R1_A 0.2217984 0.1079378 0.0942525 0.0920203 0.0923324 0.0915476 0.0914915 0.1168883 0.0200477 0.0850692 0.0925191 0.0844618 0.1092720 0.1066274 0.0902321 0.1187018 0.0804775 0.1050029 0.0000000 0.0945610 0.0934155 0.0850548 
S0013_G6035_R1_A 0.2082589 0.1125111 0.0967865 0.0956027 0.0970874 0.0917795 0.0973962 0.1211978 0.0970713 0.0842191 0.0918106 0.0852950 0.1147702 0.1124700 0.0964828 0.1209019 0.0833800 0.1048031 0.0945610 0.0000000 0.0944093 0.0927078 
S0011_G6035_R1_A 0.2021114 0.0944222 0.0835545 0.0746227 0.0744626 0.0776285 0.0824423 0.1105240 0.0991193 0.0725341 0.0637788 0.0756376 0.0984787 0.0958640 0.0842378 0.1048612 0.0497696 0.0875009 0.0934155 0.0944093 0.0000000 0.0769249 
S0021_G6035_R1_A 0.1821364 0.0914071 0.0764497 0.0604677 0.0728301 0.0713326 0.0737049 0.1067265 0.0884794 0.0613271 0.0720117 0.0676422 0.0876131 0.0958958 0.0787277 0.0909810 0.0631296 0.0795372 0.0850548 0.0927078 0.0769249 0.0000000 
