22
S0004_G6226_R1_A 0.0000000 0.0349032 0.0406694 0.0588908 0.0449730 0.0620501 0.0513774 0.0587778 0.0507657 0.0546822 0.0633941 0.0726052 0.0713242 0.0694089 0.0677354 0.0661683 0.0467387 0.1770549 0.0855256 0.0810237 0.0741373 0.0357638 
S0016_G6226_R1_A 0.0349032 0.0000000 0.0324476 0.0484981 0.0376749 0.0551705 0.0433212 0.0505217 0.0432227 0.0460640 0.0529614 0.0644647 0.0609869 0.0582180 0.0575448 0.0593583 0.0408894 0.1734520 0.0789872 0.0744874 0.0660236 0.0298377 
S0022_G6226_R1_A 0.0406694 0.0324476 0.0000000 0.0522252 0.0408163 0.0573356 0.0454234 0.0526362 0.0442621 0.0460231 0.0589147 0.0666551 0.0648913 0.0630476 0.0590896 0.0610203 0.0456549 0.1748134 0.0805325 0.0777989 0.0692877 0.0304405 
S0018_G6226_R1_A 0.0588908 0.0484981 0.0522252 0.0000000 0.0314740 0.0758194 0.0643207 0.0723399 0.0636447 0.0620570 0.0743008 0.0843185 0.0823708 0.0803495 0.0765222 0.0771447 0.0618154 0.1903093 0.1016950 0.0927521 0.0869179 0.0517370 
S0031_G6226_R1_A 0.0449730 0.0376749 0.0408163 0.0314740 0.0000000 0.0634846 0.0519857 0.0603526 0.0518643 0.0508732 0.0639923 0.0723411 0.0688658 0.0694191 0.0648259 0.0649639 0.0489044 0.1815223 0.0924641 0.0825416 0.0739333 0.0353013 
S0002_G6226_R1_A 0.0620501 0.0551705 0.0573356 0.0758194 0.0634846 0.0000000 0.0459732 0.0499554 0.0431917 0.0690540 0.0525063 0.0656653 0.0639787 0.0679259 0.0598842 0.0653274 0.0667436 0.1668518 0.0859147 0.0824826 0.0732721 0.0510565 
S0036_G6226_R1_U 0.0513774 0.0433212 0.0454234 0.0643207 0.0519857 0.0459732 0.0000000 0.0362028 0.0270196 0.0573594 0.0477863 0.0551445 0.0529033 0.0594465 0.0532872 0.0523514 0.0582892 0.1643031 0.0756269 0.0690670 0.0640270 0.0374572 
S0019_G6226_R1_A 0.0587778 0.0505217 0.0526362 0.0723399 0.0603526 0.0499554 0.0362028 0.0000000 0.0257758 0.0646785 0.0506388 0.0569040 0.0590179 0.0641511 0.0534380 0.0592345 0.0634983 0.1602811 0.0810394 0.0771759 0.0692953 0.0414655 
S0020_G6226_R1_A 0.0507657 0.0432227 0.0442621 0.0636447 0.0518643 0.0431917 0.0270196 0.0257758 0.0000000 0.0572269 0.0385441 0.0467063 0.0504813 0.0571886 0.0466114 0.0518199 0.0576172 0.1611772 0.0738680 0.0679252 0.0601493 0.0330061 
S0017_G6226_R1_A 0.0546822 0.0460640 0.0460231 0.0620570 0.0508732 0.0690540 0.0573594 0.0646785 0.0572269 0.0000000 0.0694884 0.0774464 0.0728024 0.0731050 0.0731289 0.0665554 0.0604589 0.1788031 0.0899489 0.0875580 0.0788803 0.0394304 
S0011_G6226_R1_A 0.0633941 0.0529614 0.0589147 0.0743008 0.0639923 0.0525063 0.0477863 0.0506388 0.0385441 0.0694884 0.0000000 0.0657290 0.0655539 0.0678840 0.0620637 0.0658519 0.0688775 0.1720483 0.0896725 0.0799319 0.0719650 0.0491411 
S0028_G6226_R1_A 0.0726052 0.0644647 0.0666551 0.0843185 0.0723411 0.0656653 0.0551445 0.0569040 0.0467063 0.0774464 0.0657290 0.0000000 0.0625199 0.0753412 0.0563028 0.0731221 0.0764571 0.1753477 0.0941594 0.0910173 0.0828282 0.0516669 
S0026_G6226_R1_A 0.0713242 0.0609869 0.0648913 0.0823708 0.0688658 0.0639787 0.0529033 0.0590179 0.0504813 0.0728024 0.0655539 0.0625199 0.0000000 0.0722475 0.0588967 0.0710837 0.0762990 0.1596188 0.0932751 0.0897061 0.0809578 0.0545859 
S0013_G6226_R1_A 0.0694089 0.0582180 0.0630476 0.0803495 0.0694191 0.0679259 0.0594465 0.0641511 0.0571886 0.0731050 0.0678840 0.0753412 0.0722475 0.0000000 0.0698238 0.0751749 0.0743438 0.1849261 0.0861594 0.0775390 0.0696182 0.0513737 
S0021_G6226_R1_A 0.0677354 0.0575448 0.0590896 0.0765222 0.0648259 0.0598842 0.0532872 0.0534380 0.0466114 0.0731289 0.0620637 0.0563028 0.0588967 0.0698238 0.0000000 0.0682923 0.0708018 0.1665921 0.0923858 0.0824732 0.0755719 0.0525501 
S0046_G6226_R1_A 0.0661683 0.0593583 0.0610203 0.0771447 0.0649639 0.0653274 0.0523514 0.0592345 0.0518199 0.0665554 0.0658519 0.0731221 0.0710837 0.0751749 0.0682923 0.0000000 0.0722305 0.1833148 0.0932713 0.0839738 0.0781609 0.0483158 
S0037_G6226_R1_A 0.0467387 0.0408894 0.0456549 0.0618154 0.0489044 0.0667436 0.0582892 0.0634983 0.0576172 0.0604589 0.0688775 0.0764571 0.0762990 0.0743438 0.0708018 0.0722305 0.0000000 0.1797298 0.0938165 0.0861603 0.0773677 0.0421152 
S0005_G6226_R1_A 0.1770549 0.1734520 0.1748134 0.1903093 0.1815223 0.1668518 0.1643031 0.1602811 0.1611772 0.1788031 0.1720483 0.1753477 0.1596188 0.1849261 0.1665921 0.1833148 0.1797298 0.0000000 0.1977659 0.1899629 0.1891084 0.1490320 
S0012_G6226_R1_A 0.0855256 0.0789872 0.0805325 0.1016950 0.0924641 0.0859147 0.0756269 0.0810394 0.0738680 0.0899489 0.0896725 0.0941594 0.0932751 0.0861594 0.0923858 0.0932713 0.0938165 0.1977659 0.0000000 0.0950863 0.0892322 0.0692601 
S0048_G6226_R1_A 0.0810237 0.0744874 0.0777989 0.0927521 0.0825416 0.0824826 0.0690670 0.0771759 0.0679252 0.0875580 0.0799319 0.0910173 0.0897061 0.0775390 0.0824732 0.0839738 0.0861603 0.1899629 0.0950863 0.0000000 0.0196407 0.0691678 
S0050_G6226_R1_A 0.0741373 0.0660236 0.0692877 0.0869179 0.0739333 0.0732721 0.0640270 0.0692953 0.0601493 0.0788803 0.0719650 0.0828282 0.0809578 0.0696182 0.0755719 0.0781609 0.0773677 0.1891084 0.0892322 0.0196407 0.0000000 0.0633493 
S0030_G6226_R1_A 0.0357638 0.0298377 0.0304405 0.0517370 0.0353013 0.0510565 0.0374572 0.0414655 0.0330061 0.0394304 0.0491411 0.0516669 0.0545859 0.0513737 0.0525501 0.0483158 0.0421152 0.1490320 0.0692601 0.0691678 0.0633493 0.0000000 
