20
S0005_G6238_R1_A 0.0000000 0.7043782 0.5993293 0.5897773 0.6196908 0.5811561 0.6849502 0.5652776 0.5564923 0.5616382 0.6767594 0.6794651 0.6656002 0.5151750 0.5919262 0.5965025 0.5477848 0.5575318 0.5763168 0.5259784 
S0050_G6238_R1_A 0.7043782 0.0000000 0.2285790 0.2604260 0.2875331 0.2605602 0.3110901 0.2578576 0.2598393 0.3212374 0.3243216 0.3251304 0.1821955 0.2939783 0.2791578 0.3302111 0.3173313 0.2663435 0.2972513 0.2310729 
S0020_G6238_R1_A 0.5993293 0.2285790 0.0000000 0.2419634 0.2824617 0.2289523 0.2648664 0.2280982 0.2551882 0.2938051 0.2890753 0.3086217 0.2654623 0.2192994 0.2427157 0.2743982 0.2045262 0.2420194 0.2729962 0.1952072 
S0004_G6238_R1_A 0.5897773 0.2604260 0.2419634 0.0000000 0.2299452 0.2381019 0.2930082 0.1781865 0.2606901 0.2606923 0.2466456 0.2873735 0.2592935 0.1958740 0.1788423 0.2528076 0.2235037 0.2691518 0.2563289 0.2131061 
S0030_G6238_R1_A 0.6196908 0.2875331 0.2824617 0.2299452 0.0000000 0.2364556 0.3122810 0.2204580 0.2811586 0.2602553 0.3139913 0.3017120 0.2693450 0.2420468 0.2692319 0.2793568 0.2899459 0.2319878 0.2522529 0.1966641 
S0017_G6238_R1_A 0.5811561 0.2605602 0.2289523 0.2381019 0.2364556 0.0000000 0.2802622 0.1980942 0.2088817 0.2323381 0.2654050 0.3039767 0.2447627 0.2060160 0.2155472 0.2464617 0.2359934 0.2570386 0.2291117 0.1976567 
S0021_G6238_R1_A 0.6849502 0.3110901 0.2648664 0.2930082 0.3122810 0.2802622 0.0000000 0.2506921 0.2551872 0.2763407 0.3380784 0.3402305 0.3414864 0.2975502 0.2868263 0.3513698 0.3013665 0.2778288 0.3123057 0.2347476 
S0031_G6238_R1_A 0.5652776 0.2578576 0.2280982 0.1781865 0.2204580 0.1980942 0.2506921 0.0000000 0.1862464 0.2053205 0.1750444 0.2386466 0.2301644 0.2176303 0.1539220 0.2003630 0.2133558 0.2387719 0.2068650 0.1691003 
S0028_G6238_R1_A 0.5564923 0.2598393 0.2551882 0.2606901 0.2811586 0.2088817 0.2551872 0.1862464 0.0000000 0.2013556 0.2613840 0.2280183 0.2346196 0.2003123 0.2373632 0.2430912 0.2538719 0.2408632 0.2109928 0.1928372 
S0026_G6238_R1_A 0.5616382 0.3212374 0.2938051 0.2606923 0.2602553 0.2323381 0.2763407 0.2053205 0.2013556 0.0000000 0.2767369 0.2387652 0.2652446 0.2239693 0.2342596 0.2733710 0.2695363 0.2833623 0.2534916 0.2001142 
S0018_G6238_R1_A 0.6767594 0.3243216 0.2890753 0.2466456 0.3139913 0.2654050 0.3380784 0.1750444 0.2613840 0.2767369 0.0000000 0.2847710 0.2663347 0.2498333 0.2136463 0.2876660 0.2761522 0.2670239 0.2804992 0.2189486 
S0013_G6238_R1_A 0.6794651 0.3251304 0.3086217 0.2873735 0.3017120 0.3039767 0.3402305 0.2386466 0.2280183 0.2387652 0.2847710 0.0000000 0.2534844 0.2587187 0.2709673 0.3095337 0.2976626 0.2730345 0.2880198 0.2349019 
S0048_G6238_R1_A 0.6656002 0.1821955 0.2654623 0.2592935 0.2693450 0.2447627 0.3414864 0.2301644 0.2346196 0.2652446 0.2663347 0.2534844 0.0000000 0.2085247 0.2234196 0.2641716 0.2436931 0.2592044 0.2555411 0.1970270 
S0011_G6238_R1_A 0.5151750 0.2939783 0.2192994 0.1958740 0.2420468 0.2060160 0.2975502 0.2176303 0.2003123 0.2239693 0.2498333 0.2587187 0.2085247 0.0000000 0.1447947 0.1849257 0.1240527 0.1971360 0.2029563 0.1355943 
S0016_G6238_R1_A 0.5919262 0.2791578 0.2427157 0.1788423 0.2692319 0.2155472 0.2868263 0.1539220 0.2373632 0.2342596 0.2136463 0.2709673 0.2234196 0.1447947 0.0000000 0.1745097 0.1499438 0.2245539 0.2170938 0.1942733 
S0022_G6238_R1_A 0.5965025 0.3302111 0.2743982 0.2528076 0.2793568 0.2464617 0.3513698 0.2003630 0.2430912 0.2733710 0.2876660 0.3095337 0.2641716 0.1849257 0.1745097 0.0000000 0.2097123 0.2630406 0.2334926 0.2003818 
S0019_G6238_R1_A 0.5477848 0.3173313 0.2045262 0.2235037 0.2899459 0.2359934 0.3013665 0.2133558 0.2538719 0.2695363 0.2761522 0.2976626 0.2436931 0.1240527 0.1499438 0.2097123 0.0000000 0.2304127 0.2117448 0.1704147 
S0002_G6238_R1_A 0.5575318 0.2663435 0.2420194 0.2691518 0.2319878 0.2570386 0.2778288 0.2387719 0.2408632 0.2833623 0.2670239 0.2730345 0.2592044 0.1971360 0.2245539 0.2630406 0.2304127 0.0000000 0.2271950 0.1615146 
S0046_G6238_R1_A 0.5763168 0.2972513 0.2729962 0.2563289 0.2522529 0.2291117 0.3123057 0.2068650 0.2109928 0.2534916 0.2804992 0.2880198 0.2555411 0.2029563 0.2170938 0.2334926 0.2117448 0.2271950 0.0000000 0.1897068 
S0036_G6238_R1_U 0.5259784 0.2310729 0.1952072 0.2131061 0.1966641 0.1976567 0.2347476 0.1691003 0.1928372 0.2001142 0.2189486 0.2349019 0.1970270 0.1355943 0.1942733 0.2003818 0.1704147 0.1615146 0.1897068 0.0000000 
