22
S0002_G6237_R1_A 0.0000000 0.0545230 0.0735903 0.0675111 0.0721678 0.0674140 0.0804828 0.0722135 0.0985095 0.0763806 0.0938402 0.0892713 0.0669317 0.0723454 0.0770478 0.0749939 0.0963607 0.0596220 0.1058445 0.1005202 0.1348940 0.1773822 
S0011_G6237_R1_A 0.0545230 0.0000000 0.0732502 0.0677214 0.0688858 0.0692597 0.0832884 0.0712968 0.0999673 0.0765521 0.0924034 0.0876871 0.0595620 0.0677473 0.0659782 0.0680266 0.0966362 0.0570872 0.0972259 0.0932403 0.1330826 0.1754865 
S0021_G6237_R1_A 0.0735903 0.0732502 0.0000000 0.0610649 0.0694849 0.0752797 0.0805091 0.0713042 0.0961157 0.0733231 0.0937357 0.0900892 0.0719331 0.0769513 0.0608680 0.0735524 0.0966909 0.0721626 0.1030122 0.1002164 0.1379748 0.1790901 
S0028_G6237_R1_A 0.0675111 0.0677214 0.0610649 0.0000000 0.0614948 0.0669868 0.0726291 0.0636755 0.0930646 0.0696017 0.0839154 0.0809651 0.0676476 0.0719583 0.0655087 0.0634645 0.0920295 0.0591801 0.0925158 0.0885054 0.1329032 0.1755705 
S0022_G6237_R1_A 0.0721678 0.0688858 0.0694849 0.0614948 0.0000000 0.0679852 0.0744135 0.0652428 0.0981401 0.0770842 0.0884223 0.0812783 0.0730014 0.0772553 0.0675166 0.0597591 0.0893524 0.0670202 0.0966235 0.0944024 0.1229964 0.1803436 
S0046_G6237_R1_A 0.0674140 0.0692597 0.0752797 0.0669868 0.0679852 0.0000000 0.0806054 0.0726101 0.1023472 0.0834116 0.0958276 0.0861298 0.0726709 0.0763506 0.0721142 0.0708299 0.0960200 0.0674450 0.1015219 0.0968594 0.1396954 0.1792917 
S0004_G6237_R1_A 0.0804828 0.0832884 0.0805091 0.0726291 0.0744135 0.0806054 0.0000000 0.0558027 0.0862285 0.0669376 0.1011764 0.0928830 0.0814790 0.0876240 0.0792965 0.0783913 0.0829374 0.0767084 0.1052037 0.1004120 0.1393600 0.1894636 
S0016_G6237_R1_A 0.0722135 0.0712968 0.0713042 0.0636755 0.0652428 0.0726101 0.0558027 0.0000000 0.0792782 0.0586865 0.0861402 0.0874526 0.0718222 0.0778938 0.0677057 0.0662888 0.0744621 0.0652283 0.0954866 0.0914859 0.1266387 0.1763368 
S0018_G6237_R1_U 0.0985095 0.0999673 0.0961157 0.0930646 0.0981401 0.1023472 0.0862285 0.0792782 0.0000000 0.0530069 0.1122905 0.1162164 0.1014904 0.0994460 0.0964771 0.0901113 0.0978047 0.0950246 0.1247474 0.1166500 0.1634391 0.1996437 
S0031_G6237_R1_A 0.0763806 0.0765521 0.0733231 0.0696017 0.0770842 0.0834116 0.0669376 0.0586865 0.0530069 0.0000000 0.0936691 0.0972771 0.0825261 0.0831183 0.0754964 0.0715340 0.0846117 0.0766231 0.1023116 0.0958242 0.1360274 0.1809611 
S0013_G6237_R1_A 0.0938402 0.0924034 0.0937357 0.0839154 0.0884223 0.0958276 0.1011764 0.0861402 0.1122905 0.0936691 0.0000000 0.1053605 0.0960081 0.1015835 0.0918975 0.0892839 0.1146131 0.0855148 0.0921454 0.0904837 0.1299253 0.1965170 
S0017_G6237_R1_U 0.0892713 0.0876871 0.0900892 0.0809651 0.0812783 0.0861298 0.0928830 0.0874526 0.1162164 0.0972771 0.1053605 0.0000000 0.0920442 0.1001416 0.0922175 0.0826159 0.1115031 0.0869195 0.1191624 0.1136432 0.1453682 0.1954109 
S0019_G6237_R1_A 0.0669317 0.0595620 0.0719331 0.0676476 0.0730014 0.0726709 0.0814790 0.0718222 0.1014904 0.0825261 0.0960081 0.0920442 0.0000000 0.0492011 0.0729507 0.0776565 0.1022552 0.0598399 0.1038299 0.1014968 0.1376558 0.1833539 
S0020_G6237_R1_U 0.0723454 0.0677473 0.0769513 0.0719583 0.0772553 0.0763506 0.0876240 0.0778938 0.0994460 0.0831183 0.1015835 0.1001416 0.0492011 0.0000000 0.0762546 0.0788898 0.1053052 0.0666830 0.1112607 0.1077014 0.1474465 0.1854551 
S0026_G6237_R1_A 0.0770478 0.0659782 0.0608680 0.0655087 0.0675166 0.0721142 0.0792965 0.0677057 0.0964771 0.0754964 0.0918975 0.0922175 0.0729507 0.0762546 0.0000000 0.0636630 0.0965044 0.0695879 0.1013390 0.0977987 0.1366989 0.1753041 
S0030_G6237_R1_A 0.0749939 0.0680266 0.0735524 0.0634645 0.0597591 0.0708299 0.0783913 0.0662888 0.0901113 0.0715340 0.0892839 0.0826159 0.0776565 0.0788898 0.0636630 0.0000000 0.0913569 0.0717368 0.1007592 0.0953243 0.1293224 0.1798586 
S0037_G6237_R1_A 0.0963607 0.0966362 0.0966909 0.0920295 0.0893524 0.0960200 0.0829374 0.0744621 0.0978047 0.0846117 0.1146131 0.1115031 0.1022552 0.1053052 0.0965044 0.0913569 0.0000000 0.0934224 0.1209395 0.1128878 0.1572853 0.2040534 
S0036_G6237_R1_U 0.0596220 0.0570872 0.0721626 0.0591801 0.0670202 0.0674450 0.0767084 0.0652283 0.0950246 0.0766231 0.0855148 0.0869195 0.0598399 0.0666830 0.0695879 0.0717368 0.0934224 0.0000000 0.1008123 0.0954136 0.1305106 0.1602383 
S0048_G6237_R1_A 0.1058445 0.0972259 0.1030122 0.0925158 0.0966235 0.1015219 0.1052037 0.0954866 0.1247474 0.1023116 0.0921454 0.1191624 0.1038299 0.1112607 0.1013390 0.1007592 0.1209395 0.1008123 0.0000000 0.0198855 0.1431661 0.2002580 
S0050_G6237_R1_A 0.1005202 0.0932403 0.1002164 0.0885054 0.0944024 0.0968594 0.1004120 0.0914859 0.1166500 0.0958242 0.0904837 0.1136432 0.1014968 0.1077014 0.0977987 0.0953243 0.1128878 0.0954136 0.0198855 0.0000000 0.1388086 0.1974355 
S0012_G6237_R1_A 0.1348940 0.1330826 0.1379748 0.1329032 0.1229964 0.1396954 0.1393600 0.1266387 0.1634391 0.1360274 0.1299253 0.1453682 0.1376558 0.1474465 0.1366989 0.1293224 0.1572853 0.1305106 0.1431661 0.1388086 0.0000000 0.2367185 
S0005_G6237_R1_A 0.1773822 0.1754865 0.1790901 0.1755705 0.1803436 0.1792917 0.1894636 0.1763368 0.1996437 0.1809611 0.1965170 0.1954109 0.1833539 0.1854551 0.1753041 0.1798586 0.2040534 0.1602383 0.2002580 0.1974355 0.2367185 0.0000000 
