21
S0031_G6258_R1_A 0.0000000 0.0775695 0.0872689 0.0737443 0.0908365 0.1066564 0.0831133 0.0803485 0.0823359 0.0982035 0.0871206 0.1297304 0.1417052 0.1004220 0.1339440 0.1093677 0.1488459 0.1481659 0.2118567 0.2066538 0.2583062 
S0046_G6258_R1_A 0.0775695 0.0000000 0.0837344 0.0928109 0.0843806 0.0920744 0.0772148 0.0761077 0.0850116 0.0917160 0.0823732 0.1213231 0.1350268 0.0985573 0.1322504 0.1415320 0.1527488 0.1413343 0.2000453 0.1952515 0.2562741 
S0002_G6258_R1_A 0.0872689 0.0837344 0.0000000 0.1011177 0.0961613 0.1035314 0.0654181 0.0864755 0.0771415 0.0860736 0.0690576 0.1104159 0.1341699 0.0997758 0.1267457 0.1513624 0.1372601 0.1427116 0.1972482 0.1924700 0.2472089 
S0037_G6258_R1_A 0.0737443 0.0928109 0.1011177 0.0000000 0.0898663 0.1038402 0.0961072 0.0929121 0.0956315 0.1169493 0.1027255 0.1471781 0.1452145 0.1083966 0.1508264 0.1451945 0.1628555 0.1532066 0.2182745 0.2058699 0.2589313 
S0004_G6258_R1_A 0.0908365 0.0843806 0.0961613 0.0898663 0.0000000 0.0986156 0.0903251 0.0855188 0.0925892 0.1032645 0.0883686 0.1308648 0.1389931 0.1108950 0.1392857 0.1457090 0.1563346 0.1460834 0.2023714 0.1940306 0.2733604 
S0030_G6258_R1_A 0.1066564 0.0920744 0.1035314 0.1038402 0.0986156 0.0000000 0.0928742 0.1065085 0.1027386 0.1112748 0.1003730 0.1464992 0.1636890 0.1082027 0.1590649 0.1756800 0.1706796 0.1268016 0.2085083 0.2026585 0.2534368 
S0019_G6258_R1_A 0.0831133 0.0772148 0.0654181 0.0961072 0.0903251 0.0928742 0.0000000 0.0791435 0.0656514 0.0868635 0.0534495 0.0969478 0.1312329 0.0899906 0.1218561 0.1596876 0.1227512 0.1278967 0.1843165 0.1761033 0.2579903 
S0016_G6258_R1_A 0.0803485 0.0761077 0.0864755 0.0929121 0.0855188 0.1065085 0.0791435 0.0000000 0.0820518 0.0953888 0.0844554 0.1183603 0.1305704 0.1042596 0.1326881 0.1461438 0.1467654 0.1375686 0.2019757 0.1950478 0.2471319 
S0028_G6258_R1_A 0.0823359 0.0850116 0.0771415 0.0956315 0.0925892 0.1027386 0.0656514 0.0820518 0.0000000 0.0828618 0.0759042 0.1149412 0.1407594 0.0921361 0.1272357 0.1532620 0.1426261 0.1397651 0.1967753 0.1890747 0.2525357 
S0026_G6258_R1_A 0.0982035 0.0917160 0.0860736 0.1169493 0.1032645 0.1112748 0.0868635 0.0953888 0.0828618 0.0000000 0.0937795 0.1136708 0.1328644 0.1057335 0.1189183 0.1494604 0.1413673 0.1472200 0.2013902 0.2059651 0.2367810 
S0020_G6258_R1_U 0.0871206 0.0823732 0.0690576 0.1027255 0.0883686 0.1003730 0.0534495 0.0844554 0.0759042 0.0937795 0.0000000 0.1125748 0.1301046 0.1011213 0.1290927 0.1510855 0.1309762 0.1327194 0.1926567 0.1841274 0.2505700 
S0011_G6258_R1_A 0.1297304 0.1213231 0.1104159 0.1471781 0.1308648 0.1464992 0.0969478 0.1183603 0.1149412 0.1136708 0.1125748 0.0000000 0.1441382 0.1105259 0.1161527 0.1518619 0.1186802 0.1715425 0.1970632 0.1893765 0.2459881 
S0013_G6258_R1_A 0.1417052 0.1350268 0.1341699 0.1452145 0.1389931 0.1636890 0.1312329 0.1305704 0.1407594 0.1328644 0.1301046 0.1441382 0.0000000 0.1207891 0.1453769 0.1647619 0.1569769 0.1984448 0.1941956 0.1967202 0.2826108 
S0017_G6258_R1_U 0.1004220 0.0985573 0.0997758 0.1083966 0.1108950 0.1082027 0.0899906 0.1042596 0.0921361 0.1057335 0.1011213 0.1105259 0.1207891 0.0000000 0.1302230 0.1439236 0.1315822 0.1539468 0.1948806 0.1988663 0.2459585 
S0021_G6258_R1_A 0.1339440 0.1322504 0.1267457 0.1508264 0.1392857 0.1590649 0.1218561 0.1326881 0.1272357 0.1189183 0.1290927 0.1161527 0.1453769 0.1302230 0.0000000 0.1350939 0.1340179 0.1952703 0.1756855 0.1707411 0.2679159 
S0018_G6258_R1_U 0.1093677 0.1415320 0.1513624 0.1451945 0.1457090 0.1756800 0.1596876 0.1461438 0.1532620 0.1494604 0.1510855 0.1518619 0.1647619 0.1439236 0.1350939 0.0000000 0.1674187 0.2194539 0.2305981 0.2259205 0.2757440 
S0036_G6258_R1_A 0.1488459 0.1527488 0.1372601 0.1628555 0.1563346 0.1706796 0.1227512 0.1467654 0.1426261 0.1413673 0.1309762 0.1186802 0.1569769 0.1315822 0.1340179 0.1674187 0.0000000 0.2021357 0.2008694 0.1921750 0.2775108 
S0022_G6258_R1_A 0.1481659 0.1413343 0.1427116 0.1532066 0.1460834 0.1268016 0.1278967 0.1375686 0.1397651 0.1472200 0.1327194 0.1715425 0.1984448 0.1539468 0.1952703 0.2194539 0.2021357 0.0000000 0.2234499 0.2178963 0.2911815 
S0048_G6258_R1_A 0.2118567 0.2000453 0.1972482 0.2182745 0.2023714 0.2085083 0.1843165 0.2019757 0.1967753 0.2013902 0.1926567 0.1970632 0.1941956 0.1948806 0.1756855 0.2305981 0.2008694 0.2234499 0.0000000 0.0259578 0.2919651 
S0050_G6258_R1_A 0.2066538 0.1952515 0.1924700 0.2058699 0.1940306 0.2026585 0.1761033 0.1950478 0.1890747 0.2059651 0.1841274 0.1893765 0.1967202 0.1988663 0.1707411 0.2259205 0.1921750 0.2178963 0.0259578 0.0000000 0.3036596 
S0012_G6258_R1_A 0.2583062 0.2562741 0.2472089 0.2589313 0.2733604 0.2534368 0.2579903 0.2471319 0.2525357 0.2367810 0.2505700 0.2459881 0.2826108 0.2459585 0.2679159 0.2757440 0.2775108 0.2911815 0.2919651 0.3036596 0.0000000 
