22
S0022_G6274_R1_A 0.0000000 0.0530938 0.0689089 0.0596184 0.0582989 0.0542030 0.0772510 0.0851156 0.6414109 0.6375679 0.6359581 0.6206370 0.6222255 0.6463679 0.6176174 0.6322003 0.6191030 0.6324082 0.6857299 0.5599755 0.5903803 0.2514408 
S0004_G6274_R1_A 0.0530938 0.0000000 0.0568866 0.0486654 0.0491339 0.0439175 0.0762997 0.0690992 0.6276925 0.6192331 0.6256783 0.6157175 0.6171014 0.6387562 0.6177661 0.6346301 0.6131031 0.6306109 0.6693578 0.5663106 0.5837365 0.2442077 
S0018_G6274_R1_A 0.0689089 0.0568866 0.0000000 0.0429241 0.0589450 0.0541986 0.0847214 0.0791125 0.6390162 0.6280073 0.6402090 0.6286162 0.6281761 0.6506728 0.6286979 0.6521126 0.6274476 0.6424117 0.6740943 0.5642451 0.5929043 0.2531934 
S0031_G6274_R1_A 0.0596184 0.0486654 0.0429241 0.0000000 0.0509964 0.0445043 0.0785070 0.0705057 0.6189631 0.6127669 0.6196638 0.6126447 0.6110715 0.6349177 0.6093924 0.6335178 0.6115231 0.6267243 0.6666496 0.5487105 0.5798454 0.2386761 
S0016_G6274_R1_A 0.0582989 0.0491339 0.0589450 0.0509964 0.0000000 0.0462163 0.0809210 0.0757539 0.6459006 0.6450225 0.6492404 0.6292977 0.6385540 0.6521489 0.6341013 0.6596372 0.6437853 0.6592020 0.6993849 0.5850084 0.5985750 0.2427357 
S0030_G6274_R1_A 0.0542030 0.0439175 0.0541986 0.0445043 0.0462163 0.0000000 0.0718629 0.0707084 0.6166586 0.6167796 0.6162705 0.6136236 0.6032129 0.6310486 0.6111371 0.6364458 0.6161296 0.6351488 0.6664799 0.5425310 0.5907297 0.2464554 
S0017_G6274_R1_A 0.0772510 0.0762997 0.0847214 0.0785070 0.0809210 0.0718629 0.0000000 0.1006093 0.6274410 0.6214598 0.6142027 0.6131670 0.6163806 0.6445428 0.6143910 0.6318488 0.6174400 0.6391653 0.6841453 0.5566899 0.5742904 0.2511046 
S0037_G6274_R1_A 0.0851156 0.0690992 0.0791125 0.0705057 0.0757539 0.0707084 0.1006093 0.0000000 0.6381087 0.6337614 0.6385818 0.6363430 0.6179208 0.6447460 0.6168626 0.6480372 0.6371082 0.6522928 0.6924372 0.5551160 0.5893955 0.2718033 
S0011_G6274_R1_A 0.6414109 0.6276925 0.6390162 0.6189631 0.6459006 0.6166586 0.6274410 0.6381087 0.0000000 0.0606282 0.0620244 0.0721256 0.0801004 0.0701033 0.0729189 0.0823821 0.0874450 0.0886196 0.1289811 0.0578078 0.1295193 0.6903957 
S0020_G6274_R1_A 0.6375679 0.6192331 0.6280073 0.6127669 0.6450225 0.6167796 0.6214598 0.6337614 0.0606282 0.0000000 0.0532288 0.0624727 0.0627229 0.0609183 0.0732702 0.0752024 0.0754521 0.0772086 0.1161085 0.0447104 0.1092266 0.6954752 
S0036_G6274_R1_U 0.6359581 0.6256783 0.6402090 0.6196638 0.6492404 0.6162705 0.6142027 0.6385818 0.0620244 0.0532288 0.0000000 0.0639551 0.0632019 0.0660739 0.0704876 0.0746392 0.0776744 0.0794612 0.1212812 0.0402653 0.1076654 0.6847327 
S0046_G6274_R1_A 0.6206370 0.6157175 0.6286162 0.6126447 0.6292977 0.6136236 0.6131670 0.6363430 0.0721256 0.0624727 0.0639551 0.0000000 0.0719481 0.0675683 0.0727552 0.0785307 0.0860220 0.0865290 0.1231926 0.0546492 0.1293539 0.6725954 
S0026_G6274_R1_A 0.6222255 0.6171014 0.6281761 0.6110715 0.6385540 0.6032129 0.6163806 0.6179208 0.0801004 0.0627229 0.0632019 0.0719481 0.0000000 0.0719622 0.0693206 0.0736961 0.0888195 0.0887254 0.1255363 0.0538596 0.1266084 0.6877540 
S0013_G6274_R1_A 0.6463679 0.6387562 0.6506728 0.6349177 0.6521489 0.6310486 0.6445428 0.6447460 0.0701033 0.0609183 0.0660739 0.0675683 0.0719622 0.0000000 0.0740704 0.0803628 0.0698616 0.0694603 0.1167931 0.0583299 0.1292098 0.7029827 
S0028_G6274_R1_A 0.6176174 0.6177661 0.6286979 0.6093924 0.6341013 0.6111371 0.6143910 0.6168626 0.0729189 0.0732702 0.0704876 0.0727552 0.0693206 0.0740704 0.0000000 0.0732430 0.0896977 0.0902140 0.1098564 0.0625543 0.1186079 0.6750130 
S0021_G6274_R1_A 0.6322003 0.6346301 0.6521126 0.6335178 0.6596372 0.6364458 0.6318488 0.6480372 0.0823821 0.0752024 0.0746392 0.0785307 0.0736961 0.0803628 0.0732430 0.0000000 0.0922188 0.0951707 0.1333694 0.0612983 0.1356830 0.6963611 
S0048_G6274_R1_A 0.6191030 0.6131031 0.6274476 0.6115231 0.6437853 0.6161296 0.6174400 0.6371082 0.0874450 0.0754521 0.0776744 0.0860220 0.0888195 0.0698616 0.0896977 0.0922188 0.0000000 0.0113096 0.1312617 0.0664224 0.1409007 0.6954759 
S0050_G6274_R1_A 0.6324082 0.6306109 0.6424117 0.6267243 0.6592020 0.6351488 0.6391653 0.6522928 0.0886196 0.0772086 0.0794612 0.0865290 0.0887254 0.0694603 0.0902140 0.0951707 0.0113096 0.0000000 0.1307973 0.0673835 0.1441862 0.7036129 
S0012_G6274_R1_A 0.6857299 0.6693578 0.6740943 0.6666496 0.6993849 0.6664799 0.6841453 0.6924372 0.1289811 0.1161085 0.1212812 0.1231926 0.1255363 0.1167931 0.1098564 0.1333694 0.1312617 0.1307973 0.0000000 0.1100394 0.1733019 0.7184497 
S0019_G6274_R1_A 0.5599755 0.5663106 0.5642451 0.5487105 0.5850084 0.5425310 0.5566899 0.5551160 0.0578078 0.0447104 0.0402653 0.0546492 0.0538596 0.0583299 0.0625543 0.0612983 0.0664224 0.0673835 0.1100394 0.0000000 0.1176101 0.6188183 
S0002_G6274_R1_A 0.5903803 0.5837365 0.5929043 0.5798454 0.5985750 0.5907297 0.5742904 0.5893955 0.1295193 0.1092266 0.1076654 0.1293539 0.1266084 0.1292098 0.1186079 0.1356830 0.1409007 0.1441862 0.1733019 0.1176101 0.0000000 0.5996818 
S0005_G6274_R1_A 0.2514408 0.2442077 0.2531934 0.2386761 0.2427357 0.2464554 0.2511046 0.2718033 0.6903957 0.6954752 0.6847327 0.6725954 0.6877540 0.7029827 0.6750130 0.6963611 0.6954759 0.7036129 0.7184497 0.6188183 0.5996818 0.0000000 
