22
S0021_G6298_R1_A 0.0000000 0.1250686 0.0973056 0.1199764 0.1208848 0.1359827 0.1075113 0.1077073 0.1012998 0.1004268 0.0949311 0.1034197 0.0980039 0.1245514 0.1545485 0.0956069 0.1183484 0.1336437 0.0880208 0.1316418 0.1410859 0.2776684 
S0011_G6298_R1_A 0.1250686 0.0000000 0.1079450 0.1346505 0.1347638 0.1551003 0.1176021 0.1280275 0.0990220 0.0994832 0.1108281 0.1111327 0.1159207 0.1322780 0.1787867 0.1267413 0.1276470 0.1351247 0.1038647 0.1316001 0.1540811 0.2827662 
S0030_G6298_R1_A 0.0973056 0.1079450 0.0000000 0.1023651 0.1024478 0.1197919 0.0894119 0.0942438 0.0843349 0.0824051 0.0788400 0.0848719 0.0870092 0.1019892 0.1520248 0.0983575 0.1038908 0.1163021 0.0791427 0.1115633 0.1242210 0.2599203 
S0004_G6298_R1_A 0.1199764 0.1346505 0.1023651 0.0000000 0.0862779 0.1074383 0.0845443 0.1221463 0.1129468 0.1093947 0.1022651 0.1070479 0.1107964 0.1364863 0.1646303 0.1223289 0.1236876 0.1317003 0.1012786 0.1304396 0.1140743 0.2847625 
S0031_G6298_R1_A 0.1208848 0.1347638 0.1024478 0.0862779 0.0000000 0.0660276 0.0822657 0.1238156 0.1156881 0.1078808 0.1053352 0.1131937 0.1155555 0.1332420 0.1736873 0.1280725 0.1309488 0.1375264 0.1022062 0.1388698 0.1048548 0.2868111 
S0018_G6298_R1_A 0.1359827 0.1551003 0.1197919 0.1074383 0.0660276 0.0000000 0.0995061 0.1396855 0.1327092 0.1269879 0.1178401 0.1278100 0.1309777 0.1507538 0.1832215 0.1398291 0.1502278 0.1572772 0.1161528 0.1570602 0.1173188 0.2961017 
S0016_G6298_R1_A 0.1075113 0.1176021 0.0894119 0.0845443 0.0822657 0.0995061 0.0000000 0.1089036 0.0995978 0.0934491 0.0871900 0.0949473 0.1008298 0.1223919 0.1540387 0.1100847 0.1132298 0.1226310 0.0876133 0.1253494 0.1053460 0.2684286 
S0046_G6298_R1_A 0.1077073 0.1280275 0.0942438 0.1221463 0.1238156 0.1396855 0.1089036 0.0000000 0.1013248 0.0983369 0.0965246 0.1011165 0.1035429 0.1244248 0.1578710 0.1164226 0.1220695 0.1333161 0.0930460 0.1266297 0.1416651 0.2743240 
S0002_G6298_R1_A 0.1012998 0.0990220 0.0843349 0.1129468 0.1156881 0.1327092 0.0995978 0.1013248 0.0000000 0.0756389 0.0903683 0.0912520 0.0956476 0.1161320 0.1516088 0.1092738 0.1131534 0.1248962 0.0850418 0.1245269 0.1348341 0.2717887 
S0036_G6298_R1_A 0.1004268 0.0994832 0.0824051 0.1093947 0.1078808 0.1269879 0.0934491 0.0983369 0.0756389 0.0000000 0.0865260 0.0904213 0.0955262 0.1099286 0.1547759 0.1063749 0.1108142 0.1217798 0.0786446 0.1198362 0.1260705 0.2636045 
S0020_G6298_R1_A 0.0949311 0.1108281 0.0788400 0.1022651 0.1053352 0.1178401 0.0871900 0.0965246 0.0903683 0.0865260 0.0000000 0.0822503 0.0812354 0.1074916 0.1455763 0.0977862 0.0985633 0.1114237 0.0524144 0.1100711 0.1238921 0.2577936 
S0022_G6298_R1_A 0.1034197 0.1111327 0.0848719 0.1070479 0.1131937 0.1278100 0.0949473 0.1011165 0.0912520 0.0904213 0.0822503 0.0000000 0.0859146 0.1053378 0.1490174 0.1008954 0.1033351 0.1148370 0.0818519 0.1118912 0.1313680 0.2630152 
S0028_G6298_R1_A 0.0980039 0.1159207 0.0870092 0.1107964 0.1155555 0.1309777 0.1008298 0.1035429 0.0956476 0.0955262 0.0812354 0.0859146 0.0000000 0.1139755 0.1562954 0.0978812 0.1079267 0.1187256 0.0816782 0.1221085 0.1307957 0.2670888 
S0017_G6298_R1_A 0.1245514 0.1322780 0.1019892 0.1364863 0.1332420 0.1507538 0.1223919 0.1244248 0.1161320 0.1099286 0.1074916 0.1053378 0.1139755 0.0000000 0.1764965 0.1286382 0.1325532 0.1399527 0.1034125 0.1409206 0.1542854 0.2904275 
S0012_G6298_R1_A 0.1545485 0.1787867 0.1520248 0.1646303 0.1736873 0.1832215 0.1540387 0.1578710 0.1516088 0.1547759 0.1455763 0.1490174 0.1562954 0.1764965 0.0000000 0.1614674 0.1511701 0.1567012 0.1399840 0.1628187 0.1859209 0.3327726 
S0026_G6298_R1_A 0.0956069 0.1267413 0.0983575 0.1223289 0.1280725 0.1398291 0.1100847 0.1164226 0.1092738 0.1063749 0.0977862 0.1008954 0.0978812 0.1286382 0.1614674 0.0000000 0.1172578 0.1290525 0.0918126 0.1286421 0.1451466 0.2634802 
S0048_G6298_R1_A 0.1183484 0.1276470 0.1038908 0.1236876 0.1309488 0.1502278 0.1132298 0.1220695 0.1131534 0.1108142 0.0985633 0.1033351 0.1079267 0.1325532 0.1511701 0.1172578 0.0000000 0.0417433 0.0935843 0.1110708 0.1533169 0.2717052 
S0050_G6298_R1_A 0.1336437 0.1351247 0.1163021 0.1317003 0.1375264 0.1572772 0.1226310 0.1333161 0.1248962 0.1217798 0.1114237 0.1148370 0.1187256 0.1399527 0.1567012 0.1290525 0.0417433 0.0000000 0.1076742 0.1160195 0.1636930 0.2885027 
S0019_G6298_R1_A 0.0880208 0.1038647 0.0791427 0.1012786 0.1022062 0.1161528 0.0876133 0.0930460 0.0850418 0.0786446 0.0524144 0.0818519 0.0816782 0.1034125 0.1399840 0.0918126 0.0935843 0.1076742 0.0000000 0.1040300 0.1264042 0.2583400 
S0013_G6298_R1_A 0.1316418 0.1316001 0.1115633 0.1304396 0.1388698 0.1570602 0.1253494 0.1266297 0.1245269 0.1198362 0.1100711 0.1118912 0.1221085 0.1409206 0.1628187 0.1286421 0.1110708 0.1160195 0.1040300 0.0000000 0.1609353 0.2870158 
S0037_G6298_R1_A 0.1410859 0.1540811 0.1242210 0.1140743 0.1048548 0.1173188 0.1053460 0.1416651 0.1348341 0.1260705 0.1238921 0.1313680 0.1307957 0.1542854 0.1859209 0.1451466 0.1533169 0.1636930 0.1264042 0.1609353 0.0000000 0.2891600 
S0005_G6298_R1_A 0.2776684 0.2827662 0.2599203 0.2847625 0.2868111 0.2961017 0.2684286 0.2743240 0.2717887 0.2636045 0.2577936 0.2630152 0.2670888 0.2904275 0.3327726 0.2634802 0.2717052 0.2885027 0.2583400 0.2870158 0.2891600 0.0000000 
