22
S0026_G6363_R1_A 0.0000000 0.0444257 0.0385111 0.0825488 0.1209908 0.1336268 0.1124144 0.1279415 0.1282991 0.1450928 0.1399983 0.1262908 0.1037223 1.6069530 0.1589079 0.1304590 0.1538629 0.1477609 0.1609312 0.1440177 0.2164259 0.1046779 
S0030_G6363_R1_A 0.0444257 0.0000000 0.0434258 0.0799454 0.1355136 0.1517234 0.1257737 0.1487816 0.1449936 0.1619277 0.1565446 0.1473699 0.1152168 1.6020062 0.1780728 0.1497141 0.1720672 0.1636410 0.1804422 0.1573873 0.2321819 0.1063032 
S0011_G6363_R1_A 0.0385111 0.0434258 0.0000000 0.0844429 0.1321884 0.1442768 0.1229926 0.1414396 0.1366045 0.1551543 0.1497789 0.1365271 0.1101579 1.6896045 0.1700266 0.1416143 0.1666565 0.1603045 0.1699301 0.1555563 0.2223439 0.1090463 
S0012_G6363_R1_A 0.0825488 0.0799454 0.0844429 0.0000000 0.1701184 0.1786441 0.1581427 0.1800839 0.1736018 0.1936004 0.1899803 0.1783862 0.1525349 1.8009905 0.1962504 0.1781302 0.2049303 0.1987851 0.2102732 0.1899970 0.2727431 0.1526856 
S0020_G6363_R1_A 0.1209908 0.1355136 0.1321884 0.1701184 0.0000000 0.1167418 0.1060580 0.1312356 0.1238438 0.1360887 0.1331304 0.1195331 0.1601115 1.6844517 0.2064439 0.1002402 0.1185333 0.1104508 0.1266502 0.1097627 0.2265209 0.1564468 
S0004_G6363_R1_A 0.1336268 0.1517234 0.1442768 0.1786441 0.1167418 0.0000000 0.0510541 0.0490597 0.0619770 0.0786470 0.0751003 0.0645103 0.1345869 1.7964879 0.2197482 0.0616036 0.0626522 0.0546961 0.0664762 0.0748901 0.2313959 0.1389002 
S0028_G6363_R1_A 0.1124144 0.1257737 0.1229926 0.1581427 0.1060580 0.0510541 0.0000000 0.0551685 0.0541990 0.0715800 0.0680640 0.0581516 0.1211836 1.6405746 0.1990625 0.0687409 0.0845386 0.0745177 0.0912869 0.0675620 0.2161714 0.1311588 
S0017_G6363_R1_A 0.1279415 0.1487816 0.1414396 0.1800839 0.1312356 0.0490597 0.0551685 0.0000000 0.0694651 0.0846733 0.0810776 0.0652180 0.1334609 1.7829432 0.2139207 0.0673247 0.0802811 0.0737497 0.0878587 0.0816498 0.2280438 0.1405479 
S0013_G6363_R1_A 0.1282991 0.1449936 0.1366045 0.1736018 0.1238438 0.0619770 0.0541990 0.0694651 0.0000000 0.0603357 0.0545570 0.0685564 0.1300351 1.7598650 0.2067641 0.0774779 0.0970110 0.0857721 0.1053082 0.0790337 0.2312832 0.1440579 
S0048_G6363_R1_A 0.1450928 0.1619277 0.1551543 0.1936004 0.1360887 0.0786470 0.0715800 0.0846733 0.0603357 0.0000000 0.0168771 0.0836251 0.1437758 1.7564208 0.2216207 0.0929674 0.1095327 0.0997487 0.1210790 0.0962953 0.2508294 0.1556807 
S0050_G6363_R1_A 0.1399983 0.1565446 0.1497789 0.1899803 0.1331304 0.0751003 0.0680640 0.0810776 0.0545570 0.0168771 0.0000000 0.0791577 0.1377781 1.7588407 0.2128430 0.0866481 0.1048180 0.0969070 0.1162662 0.0917367 0.2408205 0.1504848 
S0046_G6363_R1_A 0.1262908 0.1473699 0.1365271 0.1783862 0.1195331 0.0645103 0.0581516 0.0652180 0.0685564 0.0836251 0.0791577 0.0000000 0.1347123 1.7454978 0.2102681 0.0775379 0.0889794 0.0840835 0.0976761 0.0804730 0.2149238 0.1396790 
S0019_G6363_R1_A 0.1037223 0.1152168 0.1101579 0.1525349 0.1601115 0.1345869 0.1211836 0.1334609 0.1300351 0.1437758 0.1377781 0.1347123 0.0000000 1.7561391 0.1653619 0.1146168 0.1344899 0.1168989 0.1379552 0.1212998 0.2021097 0.0830605 
S0018_G6363_R1_A 1.6069530 1.6020062 1.6896045 1.8009905 1.6844517 1.7964879 1.6405746 1.7829432 1.7598650 1.7564208 1.7588407 1.7454978 1.7561391 0.0000000 0.7885204 1.7173138 1.7779610 1.6590431 1.7661367 1.7154881 1.7143069 1.5612388 
S0036_G6363_R1_A 0.1589079 0.1780728 0.1700266 0.1962504 0.2064439 0.2197482 0.1990625 0.2139207 0.2067641 0.2216207 0.2128430 0.2102681 0.1653619 0.7885204 0.0000000 0.1895929 0.2156157 0.2113591 0.2186901 0.1984992 0.2408371 0.1588181 
S0002_G6363_R1_A 0.1304590 0.1497141 0.1416143 0.1781302 0.1002402 0.0616036 0.0687409 0.0673247 0.0774779 0.0929674 0.0866481 0.0775379 0.1146168 1.7173138 0.1895929 0.0000000 0.0496081 0.0404515 0.0559946 0.0436308 0.1980380 0.1282390 
S0016_G6363_R1_A 0.1538629 0.1720672 0.1666565 0.2049303 0.1185333 0.0626522 0.0845386 0.0802811 0.0970110 0.1095327 0.1048180 0.0889794 0.1344899 1.7779610 0.2156157 0.0496081 0.0000000 0.0471458 0.0610944 0.0626209 0.2251556 0.1342205 
S0031_G6363_R1_A 0.1477609 0.1636410 0.1603045 0.1987851 0.1104508 0.0546961 0.0745177 0.0737497 0.0857721 0.0997487 0.0969070 0.0840835 0.1168989 1.6590431 0.2113591 0.0404515 0.0471458 0.0000000 0.0462070 0.0541998 0.2143910 0.1346348 
S0037_G6363_R1_U 0.1609312 0.1804422 0.1699301 0.2102732 0.1266502 0.0664762 0.0912869 0.0878587 0.1053082 0.1210790 0.1162662 0.0976761 0.1379552 1.7661367 0.2186901 0.0559946 0.0610944 0.0462070 0.0000000 0.0725329 0.2314197 0.1545140 
S0021_G6363_R1_A 0.1440177 0.1573873 0.1555563 0.1899970 0.1097627 0.0748901 0.0675620 0.0816498 0.0790337 0.0962953 0.0917367 0.0804730 0.1212998 1.7154881 0.1984992 0.0436308 0.0626209 0.0541998 0.0725329 0.0000000 0.2110603 0.1279804 
S0005_G6363_R1_A 0.2164259 0.2321819 0.2223439 0.2727431 0.2265209 0.2313959 0.2161714 0.2280438 0.2312832 0.2508294 0.2408205 0.2149238 0.2021097 1.7143069 0.2408371 0.1980380 0.2251556 0.2143910 0.2314197 0.2110603 0.0000000 0.2047922 
S0022_G6363_R1_A 0.1046779 0.1063032 0.1090463 0.1526856 0.1564468 0.1389002 0.1311588 0.1405479 0.1440579 0.1556807 0.1504848 0.1396790 0.0830605 1.5612388 0.1588181 0.1282390 0.1342205 0.1346348 0.1545140 0.1279804 0.2047922 0.0000000 
