21
S0037_G6405_R1_A 0.0000000 0.2436560 0.1090664 0.1012353 0.0900980 0.1318775 0.1120689 0.1359457 0.1392160 0.1279475 0.1522637 0.1117734 0.1087161 0.1231640 0.1235864 0.1248232 0.2307619 0.2417461 0.2414805 0.2442361 0.2325534 
S0005_G6405_R1_A 0.2436560 0.0000000 0.2531247 0.2492489 0.2400781 0.2475757 0.2287820 0.2521120 0.2581094 0.2437401 0.2887606 0.2491584 0.2404051 0.2423204 0.2520960 0.2490374 0.3542386 0.3670273 0.3708495 0.3758028 0.3481434 
S0004_G6405_R1_A 0.1090664 0.2531247 0.0000000 0.0685254 0.0555688 0.0870913 0.0774132 0.1026064 0.1026699 0.1074764 0.1131815 0.0788793 0.0849450 0.0885661 0.0926131 0.0953534 0.1848485 0.1997128 0.1802904 0.1897515 0.1693310 
S0018_G6405_R1_A 0.1012353 0.2492489 0.0685254 0.0000000 0.0399639 0.0932430 0.0737243 0.0986082 0.1033050 0.1122225 0.1076122 0.0772503 0.0811503 0.0911143 0.0921346 0.0971557 0.1911362 0.1925345 0.1870362 0.1867134 0.1742806 
S0031_G6405_R1_A 0.0900980 0.2400781 0.0555688 0.0399639 0.0000000 0.0793245 0.0636351 0.0923794 0.0965843 0.0966286 0.1032858 0.0640635 0.0701976 0.0792091 0.0802213 0.0856760 0.1710350 0.1791111 0.1704004 0.1763830 0.1596243 
S0021_G6405_R1_U 0.1318775 0.2475757 0.0870913 0.0932430 0.0793245 0.0000000 0.0657357 0.1020104 0.1073398 0.0952648 0.1140517 0.0827546 0.0833035 0.0825216 0.0909384 0.0942407 0.1852136 0.1951708 0.1779187 0.1882505 0.1753123 
S0026_G6405_R1_A 0.1120689 0.2287820 0.0774132 0.0737243 0.0636351 0.0657357 0.0000000 0.0884447 0.0925349 0.0907828 0.0983851 0.0727416 0.0664340 0.0691393 0.0778326 0.0795232 0.1739727 0.1832578 0.1714317 0.1733346 0.1622974 
S0048_G6405_R1_A 0.1359457 0.2521120 0.1026064 0.0986082 0.0923794 0.1020104 0.0884447 0.0000000 0.0163837 0.1176247 0.1278546 0.0964656 0.0922861 0.1052119 0.1059485 0.1041552 0.2052982 0.2147345 0.2007365 0.2039289 0.1968456 
S0050_G6405_R1_A 0.1392160 0.2581094 0.1026699 0.1033050 0.0965843 0.1073398 0.0925349 0.0163837 0.0000000 0.1230814 0.1285153 0.1017472 0.0958631 0.1094327 0.1089713 0.1082885 0.2095600 0.2154732 0.2010475 0.2064682 0.1987761 
S0017_G6405_R1_A 0.1279475 0.2437401 0.1074764 0.1122225 0.0966286 0.0952648 0.0907828 0.1176247 0.1230814 0.0000000 0.1306195 0.1006587 0.0979961 0.0997485 0.1075019 0.1073448 0.1926737 0.2084276 0.1928893 0.2018381 0.1865267 
S0012_G6405_R1_A 0.1522637 0.2887606 0.1131815 0.1076122 0.1032858 0.1140517 0.0983851 0.1278546 0.1285153 0.1306195 0.0000000 0.1087454 0.1012914 0.1110167 0.1122794 0.1215537 0.2117894 0.2251202 0.2100511 0.2105555 0.2032494 
S0016_G6405_R1_A 0.1117734 0.2491584 0.0788793 0.0772503 0.0640635 0.0827546 0.0727416 0.0964656 0.1017472 0.1006587 0.1087454 0.0000000 0.0580356 0.0699598 0.0688493 0.0781459 0.1602455 0.1708206 0.1583569 0.1686727 0.1537538 
S0046_G6405_R1_A 0.1087161 0.2404051 0.0849450 0.0811503 0.0701976 0.0833035 0.0664340 0.0922861 0.0958631 0.0979961 0.1012914 0.0580356 0.0000000 0.0642451 0.0673594 0.0741471 0.1673763 0.1753287 0.1563613 0.1634448 0.1552825 
S0028_G6405_R1_A 0.1231640 0.2423204 0.0885661 0.0911143 0.0792091 0.0825216 0.0691393 0.1052119 0.1094327 0.0997485 0.1110167 0.0699598 0.0642451 0.0000000 0.0689533 0.0761642 0.1699729 0.1745147 0.1613902 0.1654320 0.1579678 
S0030_G6405_R1_A 0.1235864 0.2520960 0.0926131 0.0921346 0.0802213 0.0909384 0.0778326 0.1059485 0.1089713 0.1075019 0.1122794 0.0688493 0.0673594 0.0689533 0.0000000 0.0771507 0.1705273 0.1836488 0.1665187 0.1721796 0.1638141 
S0022_G6405_R1_A 0.1248232 0.2490374 0.0953534 0.0971557 0.0856760 0.0942407 0.0795232 0.1041552 0.1082885 0.1073448 0.1215537 0.0781459 0.0741471 0.0761642 0.0771507 0.0000000 0.1752415 0.1831045 0.1690954 0.1752316 0.1622587 
S0002_G6405_R1_A 0.2307619 0.3542386 0.1848485 0.1911362 0.1710350 0.1852136 0.1739727 0.2052982 0.2095600 0.1926737 0.2117894 0.1602455 0.1673763 0.1699729 0.1705273 0.1752415 0.0000000 0.0790575 0.0749857 0.0743146 0.0726918 
S0020_G6405_R1_A 0.2417461 0.3670273 0.1997128 0.1925345 0.1791111 0.1951708 0.1832578 0.2147345 0.2154732 0.2084276 0.2251202 0.1708206 0.1753287 0.1745147 0.1836488 0.1831045 0.0790575 0.0000000 0.0891543 0.0860355 0.0896595 
S0011_G6405_R1_A 0.2414805 0.3708495 0.1802904 0.1870362 0.1704004 0.1779187 0.1714317 0.2007365 0.2010475 0.1928893 0.2100511 0.1583569 0.1563613 0.1613902 0.1665187 0.1690954 0.0749857 0.0891543 0.0000000 0.0783770 0.0770300 
S0019_G6405_R1_A 0.2442361 0.3758028 0.1897515 0.1867134 0.1763830 0.1882505 0.1733346 0.2039289 0.2064682 0.2018381 0.2105555 0.1686727 0.1634448 0.1654320 0.1721796 0.1752316 0.0743146 0.0860355 0.0783770 0.0000000 0.0765290 
S0036_G6405_R1_U 0.2325534 0.3481434 0.1693310 0.1742806 0.1596243 0.1753123 0.1622974 0.1968456 0.1987761 0.1865267 0.2032494 0.1537538 0.1552825 0.1579678 0.1638141 0.1622587 0.0726918 0.0896595 0.0770300 0.0765290 0.0000000 
