22
S0022_G6404_R1_A 0.0000000 0.1085505 0.1090518 0.1104813 0.1012767 0.1078112 0.1177651 0.1543838 0.1264447 0.1568145 0.1406456 0.1486269 0.1383984 0.1424764 0.1370398 0.1631484 0.1596157 0.1829044 0.1926860 0.2296339 0.1079130 0.3295086 
S0026_G6404_R1_A 0.1085505 0.0000000 0.0626559 0.0836365 0.0714378 0.0708426 0.1030426 0.1244171 0.1198777 0.1293112 0.1227945 0.1178868 0.1193162 0.1166691 0.1187386 0.1476641 0.1500222 0.1792571 0.1764110 0.2220669 0.0915003 0.3159406 
S0021_G6404_R1_A 0.1090518 0.0626559 0.0000000 0.0888683 0.0720057 0.0757455 0.0997355 0.1297158 0.1116389 0.1307105 0.1213129 0.1199263 0.1197946 0.1242367 0.1241703 0.1483471 0.1513441 0.1677901 0.1688716 0.2087034 0.0824992 0.2898634 
S0028_G6404_R1_A 0.1104813 0.0836365 0.0888683 0.0000000 0.0819595 0.0920418 0.0996489 0.1425493 0.1238965 0.1339823 0.1294431 0.1187443 0.1244048 0.1227149 0.1210585 0.1547727 0.1437914 0.1687351 0.1690924 0.2177295 0.1000191 0.3115230 
S0019_G6404_R1_A 0.1012767 0.0714378 0.0720057 0.0819595 0.0000000 0.0692200 0.0891352 0.1197064 0.1112954 0.1193681 0.1111655 0.0988635 0.1032483 0.1098550 0.1192141 0.1387724 0.1406145 0.1568806 0.1583503 0.2044841 0.0748826 0.2834636 
S0046_G6404_R1_A 0.1078112 0.0708426 0.0757455 0.0920418 0.0692200 0.0000000 0.0994747 0.1263869 0.1102665 0.1235514 0.1177798 0.1156442 0.1133745 0.1104152 0.1183219 0.1385349 0.1479719 0.1637598 0.1681406 0.2114955 0.0840723 0.3089456 
S0011_G6404_R1_A 0.1177651 0.1030426 0.0997355 0.0996489 0.0891352 0.0994747 0.0000000 0.1464339 0.1200067 0.1280399 0.1232368 0.1039611 0.1269425 0.1072742 0.1257422 0.1470102 0.1543536 0.1690635 0.1787648 0.2435651 0.1043777 0.3080352 
S0017_G6404_R1_A 0.1543838 0.1244171 0.1297158 0.1425493 0.1197064 0.1263869 0.1464339 0.0000000 0.1528069 0.1589408 0.1475965 0.1559950 0.1557780 0.1544449 0.1576889 0.1838122 0.1956363 0.2125514 0.2195207 0.2602983 0.1311009 0.3683101 
S0004_G6404_R1_A 0.1264447 0.1198777 0.1116389 0.1238965 0.1112954 0.1102665 0.1200067 0.1528069 0.0000000 0.0945850 0.0773233 0.1311330 0.1274560 0.1293844 0.1364316 0.1575167 0.1510477 0.1299949 0.1512055 0.2373533 0.1187719 0.3142225 
S0018_G6404_R1_A 0.1568145 0.1293112 0.1307105 0.1339823 0.1193681 0.1235514 0.1280399 0.1589408 0.0945850 0.0000000 0.0527433 0.1452662 0.1412441 0.1362852 0.1524301 0.1639778 0.1699423 0.1497357 0.1515726 0.2598189 0.1286468 0.3231981 
S0031_G6404_R1_A 0.1406456 0.1227945 0.1213129 0.1294431 0.1111655 0.1177798 0.1232368 0.1475965 0.0773233 0.0527433 0.0000000 0.1312373 0.1282023 0.1249213 0.1399023 0.1546632 0.1533964 0.1361998 0.1440871 0.2532403 0.1211913 0.3167388 
S0036_G6404_R1_A 0.1486269 0.1178868 0.1199263 0.1187443 0.0988635 0.1156442 0.1039611 0.1559950 0.1311330 0.1452662 0.1312373 0.0000000 0.1320455 0.1276295 0.1491827 0.1598418 0.1708694 0.1831957 0.1894912 0.2377831 0.1200786 0.3187210 
S0030_G6404_R1_A 0.1383984 0.1193162 0.1197946 0.1244048 0.1032483 0.1133745 0.1269425 0.1557780 0.1274560 0.1412441 0.1282023 0.1320455 0.0000000 0.1328913 0.1424936 0.1556049 0.1628002 0.1804915 0.1955765 0.2433777 0.1239151 0.3028944 
S0002_G6404_R1_A 0.1424764 0.1166691 0.1242367 0.1227149 0.1098550 0.1104152 0.1072742 0.1544449 0.1293844 0.1362852 0.1249213 0.1276295 0.1328913 0.0000000 0.1343750 0.1531995 0.1639485 0.1662665 0.1895262 0.2360350 0.1121531 0.3379026 
S0048_G6404_R1_A 0.1370398 0.1187386 0.1241703 0.1210585 0.1192141 0.1183219 0.1257422 0.1576889 0.1364316 0.1524301 0.1399023 0.1491827 0.1424936 0.1343750 0.0000000 0.0630838 0.1459659 0.1984889 0.1929146 0.2353199 0.1237332 0.3617418 
S0050_G6404_R1_A 0.1631484 0.1476641 0.1483471 0.1547727 0.1387724 0.1385349 0.1470102 0.1838122 0.1575167 0.1639778 0.1546632 0.1598418 0.1556049 0.1531995 0.0630838 0.0000000 0.1705034 0.2178611 0.2117001 0.2679636 0.1712656 0.3650795 
S0013_G6404_R1_A 0.1596157 0.1500222 0.1513441 0.1437914 0.1406145 0.1479719 0.1543536 0.1956363 0.1510477 0.1699423 0.1533964 0.1708694 0.1628002 0.1639485 0.1459659 0.1705034 0.0000000 0.1789658 0.1884647 0.2617406 0.1504457 0.3452496 
S0016_G6404_R1_A 0.1829044 0.1792571 0.1677901 0.1687351 0.1568806 0.1637598 0.1690635 0.2125514 0.1299949 0.1497357 0.1361998 0.1831957 0.1804915 0.1662665 0.1984889 0.2178611 0.1789658 0.0000000 0.1906545 0.2859098 0.1642980 0.3249976 
S0037_G6404_R1_U 0.1926860 0.1764110 0.1688716 0.1690924 0.1583503 0.1681406 0.1787648 0.2195207 0.1512055 0.1515726 0.1440871 0.1894912 0.1955765 0.1895262 0.1929146 0.2117001 0.1884647 0.1906545 0.0000000 0.3127644 0.1652056 0.3327895 
S0012_G6404_R1_A 0.2296339 0.2220669 0.2087034 0.2177295 0.2044841 0.2114955 0.2435651 0.2602983 0.2373533 0.2598189 0.2532403 0.2377831 0.2433777 0.2360350 0.2353199 0.2679636 0.2617406 0.2859098 0.3127644 0.0000000 0.2171526 0.3955931 
S0020_G6404_R1_A 0.1079130 0.0915003 0.0824992 0.1000191 0.0748826 0.0840723 0.1043777 0.1311009 0.1187719 0.1286468 0.1211913 0.1200786 0.1239151 0.1121531 0.1237332 0.1712656 0.1504457 0.1642980 0.1652056 0.2171526 0.0000000 0.2932954 
S0005_G6404_R1_A 0.3295086 0.3159406 0.2898634 0.3115230 0.2834636 0.3089456 0.3080352 0.3683101 0.3142225 0.3231981 0.3167388 0.3187210 0.3028944 0.3379026 0.3617418 0.3650795 0.3452496 0.3249976 0.3327895 0.3955931 0.2932954 0.0000000 
