22
S0002_G6420_R1_A 0.0000000 0.0460955 0.0518395 0.0654107 0.0493799 0.0421634 0.0692232 0.0539253 0.0648188 0.0780957 0.0681957 0.0675448 0.0617113 0.0649238 0.0746274 0.0864818 0.0882940 0.0863984 0.1551315 0.0713735 0.0873840 0.1403491 
S0036_G6420_R1_A 0.0460955 0.0000000 0.0442324 0.0549778 0.0388550 0.0307765 0.0608285 0.0457865 0.0519365 0.0699673 0.0608885 0.0559892 0.0503423 0.0524761 0.0683053 0.0755566 0.0840690 0.0783636 0.1480719 0.0633620 0.0861687 0.1323955 
S0011_G6420_R1_A 0.0518395 0.0442324 0.0000000 0.0639742 0.0510526 0.0433461 0.0641809 0.0504478 0.0618981 0.0765590 0.0673352 0.0607845 0.0551192 0.0609393 0.0722713 0.0845460 0.0870846 0.0829787 0.1508574 0.0657567 0.0880628 0.1378084 
S0004_G6420_R1_A 0.0654107 0.0549778 0.0639742 0.0000000 0.0605101 0.0531980 0.0601614 0.0537197 0.0694543 0.0673047 0.0567153 0.0726540 0.0668462 0.0690818 0.0800662 0.0755678 0.0980208 0.0915247 0.1604311 0.0749898 0.1008878 0.1439505 
S0020_G6420_R1_A 0.0493799 0.0388550 0.0510526 0.0605101 0.0000000 0.0298782 0.0658433 0.0506301 0.0599238 0.0757139 0.0653973 0.0615843 0.0583852 0.0611043 0.0723982 0.0798537 0.0894837 0.0859587 0.1541058 0.0663590 0.0899733 0.1339163 
S0019_G6420_R1_A 0.0421634 0.0307765 0.0433461 0.0531980 0.0298782 0.0000000 0.0569619 0.0459231 0.0511176 0.0618122 0.0570490 0.0547824 0.0505785 0.0521878 0.0666376 0.0739184 0.0825177 0.0778620 0.1413149 0.0600758 0.0834623 0.1261271 
S0016_G6420_R1_A 0.0692232 0.0608285 0.0641809 0.0601614 0.0658433 0.0569619 0.0000000 0.0616581 0.0684490 0.0752619 0.0640514 0.0733645 0.0695374 0.0687032 0.0849585 0.0842715 0.0994568 0.0957696 0.1639864 0.0767728 0.1027674 0.1488246 
S0030_G6420_R1_A 0.0539253 0.0457865 0.0504478 0.0537197 0.0506301 0.0459231 0.0616581 0.0000000 0.0573304 0.0718536 0.0596306 0.0587826 0.0547144 0.0527316 0.0659710 0.0770828 0.0844386 0.0792967 0.1491164 0.0620627 0.0843982 0.1322143 
S0028_G6420_R1_A 0.0648188 0.0519365 0.0618981 0.0694543 0.0599238 0.0511176 0.0684490 0.0573304 0.0000000 0.0801557 0.0712445 0.0694997 0.0552380 0.0595260 0.0761494 0.0880570 0.0941321 0.0893904 0.1554607 0.0748162 0.0983268 0.1436374 
S0018_G6420_R1_A 0.0780957 0.0699673 0.0765590 0.0673047 0.0757139 0.0618122 0.0752619 0.0718536 0.0801557 0.0000000 0.0464969 0.0850881 0.0779272 0.0809401 0.0920617 0.0800365 0.1126813 0.1100445 0.1762908 0.0897511 0.1124001 0.1628071 
S0031_G6420_R1_A 0.0681957 0.0608885 0.0673352 0.0567153 0.0653973 0.0570490 0.0640514 0.0596306 0.0712445 0.0464969 0.0000000 0.0750037 0.0690836 0.0725227 0.0807266 0.0689631 0.0996868 0.0971796 0.1690170 0.0789739 0.0988188 0.1524064 
S0046_G6420_R1_A 0.0675448 0.0559892 0.0607845 0.0726540 0.0615843 0.0547824 0.0733645 0.0587826 0.0694997 0.0850881 0.0750037 0.0000000 0.0663687 0.0659074 0.0804967 0.0931946 0.0912631 0.0883434 0.1600862 0.0771618 0.0905946 0.1406223 
S0021_G6420_R1_A 0.0617113 0.0503423 0.0551192 0.0668462 0.0583852 0.0505785 0.0695374 0.0547144 0.0552380 0.0779272 0.0690836 0.0663687 0.0000000 0.0558658 0.0772968 0.0854223 0.0863539 0.0828619 0.1519173 0.0702076 0.0935162 0.1408652 
S0026_G6420_R1_A 0.0649238 0.0524761 0.0609393 0.0690818 0.0611043 0.0521878 0.0687032 0.0527316 0.0595260 0.0809401 0.0725227 0.0659074 0.0558658 0.0000000 0.0754316 0.0896112 0.0899479 0.0852987 0.1512508 0.0714494 0.0933197 0.1406624 
S0013_G6420_R1_A 0.0746274 0.0683053 0.0722713 0.0800662 0.0723982 0.0666376 0.0849585 0.0659710 0.0761494 0.0920617 0.0807266 0.0804967 0.0772968 0.0754316 0.0000000 0.0986212 0.0900111 0.0847913 0.1767052 0.0834495 0.1107412 0.1510320 
S0037_G6420_R1_U 0.0864818 0.0755566 0.0845460 0.0755678 0.0798537 0.0739184 0.0842715 0.0770828 0.0880570 0.0800365 0.0689631 0.0931946 0.0854223 0.0896112 0.0986212 0.0000000 0.1191948 0.1141030 0.1752011 0.0922896 0.1091136 0.1632858 
S0048_G6420_R1_A 0.0882940 0.0840690 0.0870846 0.0980208 0.0894837 0.0825177 0.0994568 0.0844386 0.0941321 0.1126813 0.0996868 0.0912631 0.0863539 0.0899479 0.0900111 0.1191948 0.0000000 0.0193892 0.1817985 0.0976846 0.1183575 0.1591009 
S0050_G6420_R1_A 0.0863984 0.0783636 0.0829787 0.0915247 0.0859587 0.0778620 0.0957696 0.0792967 0.0893904 0.1100445 0.0971796 0.0883434 0.0828619 0.0852987 0.0847913 0.1141030 0.0193892 0.0000000 0.1759034 0.0933544 0.1138765 0.1485763 
S0005_G6420_R1_A 0.1551315 0.1480719 0.1508574 0.1604311 0.1541058 0.1413149 0.1639864 0.1491164 0.1554607 0.1762908 0.1690170 0.1600862 0.1519173 0.1512508 0.1767052 0.1752011 0.1817985 0.1759034 0.0000000 0.1630206 0.1876134 0.2470878 
S0017_G6420_R1_A 0.0713735 0.0633620 0.0657567 0.0749898 0.0663590 0.0600758 0.0767728 0.0620627 0.0748162 0.0897511 0.0789739 0.0771618 0.0702076 0.0714494 0.0834495 0.0922896 0.0976846 0.0933544 0.1630206 0.0000000 0.0982828 0.1504313 
S0022_G6420_R1_A 0.0873840 0.0861687 0.0880628 0.1008878 0.0899733 0.0834623 0.1027674 0.0843982 0.0983268 0.1124001 0.0988188 0.0905946 0.0935162 0.0933197 0.1107412 0.1091136 0.1183575 0.1138765 0.1876134 0.0982828 0.0000000 0.1417876 
S0012_G6420_R1_A 0.1403491 0.1323955 0.1378084 0.1439505 0.1339163 0.1261271 0.1488246 0.1322143 0.1436374 0.1628071 0.1524064 0.1406223 0.1408652 0.1406624 0.1510320 0.1632858 0.1591009 0.1485763 0.2470878 0.1504313 0.1417876 0.0000000 
