22
S0037_G6451_R1_A 0.0000000 0.0955331 0.0878741 0.0878817 0.0862945 0.0882012 0.0860393 0.0646959 0.0868850 0.1134856 0.0844514 0.0791074 0.0817301 0.0816063 0.0886100 0.0829813 0.0928155 0.0959321 0.0771734 0.0759649 0.0946235 0.1859386 
S0017_G6451_R1_A 0.0955331 0.0000000 0.0605557 0.0632822 0.0682671 0.0775928 0.0755954 0.0633847 0.0707187 0.0999805 0.0660874 0.0571967 0.0624310 0.0632780 0.0773492 0.0492107 0.0620986 0.0792174 0.0725933 0.0744710 0.0760316 0.1725832 
S0016_G6451_R1_A 0.0878741 0.0605557 0.0000000 0.0608181 0.0594539 0.0722526 0.0687722 0.0624733 0.0675227 0.0940179 0.0616010 0.0519742 0.0616468 0.0584069 0.0708602 0.0476526 0.0575304 0.0759908 0.0665179 0.0711735 0.0718835 0.1711082 
S0046_G6451_R1_A 0.0878817 0.0632822 0.0608181 0.0000000 0.0600147 0.0680391 0.0631552 0.0581221 0.0640465 0.0966280 0.0558320 0.0460220 0.0540457 0.0562891 0.0689150 0.0531579 0.0597092 0.0649227 0.0682723 0.0721858 0.0704325 0.1649834 
S0002_G6451_R1_A 0.0862945 0.0682671 0.0594539 0.0600147 0.0000000 0.0659319 0.0635381 0.0573515 0.0649039 0.0930629 0.0550570 0.0479642 0.0536656 0.0544111 0.0661078 0.0527695 0.0612026 0.0706181 0.0697953 0.0689371 0.0664737 0.1658152 
S0048_G6451_R1_A 0.0882012 0.0775928 0.0722526 0.0680391 0.0659319 0.0000000 0.0173333 0.0616078 0.0662551 0.0790773 0.0555141 0.0606430 0.0577085 0.0518916 0.0562296 0.0634237 0.0687547 0.0771222 0.0743365 0.0755643 0.0634985 0.1655158 
S0050_G6451_R1_A 0.0860393 0.0755954 0.0687722 0.0631552 0.0635381 0.0173333 0.0000000 0.0607127 0.0649470 0.0807606 0.0547833 0.0583584 0.0559639 0.0516964 0.0544674 0.0610825 0.0673219 0.0752211 0.0701584 0.0725242 0.0631761 0.1658555 
S0031_G6451_R1_A 0.0646959 0.0633847 0.0624733 0.0581221 0.0573515 0.0616078 0.0607127 0.0000000 0.0570722 0.0834958 0.0520299 0.0494305 0.0494863 0.0497773 0.0603187 0.0527895 0.0629998 0.0652625 0.0547402 0.0321956 0.0601349 0.1597594 
S0026_G6451_R1_A 0.0868850 0.0707187 0.0675227 0.0640465 0.0649039 0.0662551 0.0649470 0.0570722 0.0000000 0.0914613 0.0555709 0.0551361 0.0471510 0.0539066 0.0654518 0.0603853 0.0707538 0.0640617 0.0669214 0.0707932 0.0708711 0.1639663 
S0012_G6451_R1_A 0.1134856 0.0999805 0.0940179 0.0966280 0.0930629 0.0790773 0.0807606 0.0834958 0.0914613 0.0000000 0.0835105 0.0876229 0.0849338 0.0795715 0.0813159 0.0890571 0.0978541 0.1056501 0.0995024 0.0969080 0.0925575 0.1958164 
S0019_G6451_R1_A 0.0844514 0.0660874 0.0616010 0.0558320 0.0550570 0.0555141 0.0547833 0.0520299 0.0555709 0.0835105 0.0000000 0.0487045 0.0447973 0.0277855 0.0558497 0.0514039 0.0620391 0.0620778 0.0643959 0.0640463 0.0507296 0.1564895 
S0011_G6451_R1_A 0.0791074 0.0571967 0.0519742 0.0460220 0.0479642 0.0606430 0.0583584 0.0494305 0.0551361 0.0876229 0.0487045 0.0000000 0.0463682 0.0461147 0.0584033 0.0430338 0.0512518 0.0621436 0.0611317 0.0613615 0.0584302 0.1578726 
S0028_G6451_R1_A 0.0817301 0.0624310 0.0616468 0.0540457 0.0536656 0.0577085 0.0559639 0.0494863 0.0471510 0.0849338 0.0447973 0.0463682 0.0000000 0.0441537 0.0559476 0.0510216 0.0610779 0.0571401 0.0601726 0.0619433 0.0602559 0.1547807 
S0020_G6451_R1_A 0.0816063 0.0632780 0.0584069 0.0562891 0.0544111 0.0518916 0.0516964 0.0497773 0.0539066 0.0795715 0.0277855 0.0461147 0.0441537 0.0000000 0.0536987 0.0482463 0.0592010 0.0604491 0.0631715 0.0607480 0.0481388 0.1569577 
S0013_G6451_R1_A 0.0886100 0.0773492 0.0708602 0.0689150 0.0661078 0.0562296 0.0544674 0.0603187 0.0654518 0.0813159 0.0558497 0.0584033 0.0559476 0.0536987 0.0000000 0.0632007 0.0730988 0.0772913 0.0745478 0.0700679 0.0630499 0.1722843 
S0030_G6451_R1_A 0.0829813 0.0492107 0.0476526 0.0531579 0.0527695 0.0634237 0.0610825 0.0527895 0.0603853 0.0890571 0.0514039 0.0430338 0.0510216 0.0482463 0.0632007 0.0000000 0.0418982 0.0660201 0.0608151 0.0641594 0.0615188 0.1641697 
S0022_G6451_R1_A 0.0928155 0.0620986 0.0575304 0.0597092 0.0612026 0.0687547 0.0673219 0.0629998 0.0707538 0.0978541 0.0620391 0.0512518 0.0610779 0.0592010 0.0730988 0.0418982 0.0000000 0.0740387 0.0742954 0.0767887 0.0695715 0.1747762 
S0021_G6451_R1_U 0.0959321 0.0792174 0.0759908 0.0649227 0.0706181 0.0771222 0.0752211 0.0652625 0.0640617 0.1056501 0.0620778 0.0621436 0.0571401 0.0604491 0.0772913 0.0660201 0.0740387 0.0000000 0.0770861 0.0789019 0.0748663 0.1719784 
S0004_G6451_R1_A 0.0771734 0.0725933 0.0665179 0.0682723 0.0697953 0.0743365 0.0701584 0.0547402 0.0669214 0.0995024 0.0643959 0.0611317 0.0601726 0.0631715 0.0745478 0.0608151 0.0742954 0.0770861 0.0000000 0.0638666 0.0738421 0.1605523 
S0018_G6451_R1_A 0.0759649 0.0744710 0.0711735 0.0721858 0.0689371 0.0755643 0.0725242 0.0321956 0.0707932 0.0969080 0.0640463 0.0613615 0.0619433 0.0607480 0.0700679 0.0641594 0.0767887 0.0789019 0.0638666 0.0000000 0.0727970 0.1699077 
S0036_G6451_R1_U 0.0946235 0.0760316 0.0718835 0.0704325 0.0664737 0.0634985 0.0631761 0.0601349 0.0708711 0.0925575 0.0507296 0.0584302 0.0602559 0.0481388 0.0630499 0.0615188 0.0695715 0.0748663 0.0738421 0.0727970 0.0000000 0.1681190 
S0005_G6451_R1_A 0.1859386 0.1725832 0.1711082 0.1649834 0.1658152 0.1655158 0.1658555 0.1597594 0.1639663 0.1958164 0.1564895 0.1578726 0.1547807 0.1569577 0.1722843 0.1641697 0.1747762 0.1719784 0.1605523 0.1699077 0.1681190 0.0000000 
