22
S0037_G6538_R1_U 0.0000000 0.1134366 0.1138309 0.1063510 0.0965465 0.0946958 0.1050525 0.1602760 0.0922071 0.1012905 0.0968044 0.0974603 0.1011860 0.0906997 0.0953078 0.0992210 0.0791265 0.0907662 0.0855744 0.2473253 0.0982415 0.1100471 
S0017_G6538_R1_A 0.1134366 0.0000000 0.1092033 0.1036411 0.1067049 0.0956428 0.1026486 0.1670564 0.0836280 0.1017197 0.0938888 0.0964184 0.0972271 0.0918836 0.0955975 0.0974023 0.0940086 0.0884401 0.1058628 0.2564454 0.1110064 0.1319521 
S0050_G6538_R1_A 0.1138309 0.1092033 0.0000000 0.0118965 0.1006463 0.0869263 0.0846192 0.1483479 0.0778124 0.0928505 0.0876297 0.0868157 0.0883526 0.0806868 0.0883322 0.0884131 0.0885013 0.0821300 0.1013058 0.2583869 0.0939241 0.1295794 
S0048_G6538_R1_A 0.1063510 0.1036411 0.0118965 0.0000000 0.0938913 0.0809756 0.0786997 0.1436134 0.0710948 0.0854818 0.0816738 0.0815091 0.0816892 0.0760290 0.0815309 0.0837604 0.0825085 0.0762122 0.0961605 0.2525237 0.0857624 0.1250134 
S0016_G6538_R1_A 0.0965465 0.1067049 0.1006463 0.0938913 0.0000000 0.0763661 0.0835757 0.1464110 0.0744371 0.0855845 0.0777270 0.0815182 0.0804122 0.0780204 0.0781180 0.0800411 0.0704251 0.0709928 0.0826206 0.2424428 0.0822838 0.1111167 
S0026_G6538_R1_A 0.0946958 0.0956428 0.0869263 0.0809756 0.0763661 0.0000000 0.0806172 0.1412833 0.0669063 0.0689896 0.0703795 0.0649954 0.0651385 0.0636464 0.0734835 0.0674863 0.0705065 0.0606716 0.0811474 0.2340311 0.0818104 0.1139431 
S0013_G6538_R1_A 0.1050525 0.1026486 0.0846192 0.0786997 0.0835757 0.0806172 0.0000000 0.1411500 0.0740604 0.0859340 0.0813505 0.0778772 0.0806252 0.0717609 0.0779465 0.0781840 0.0808643 0.0695023 0.0889765 0.2462068 0.0851944 0.1233046 
S0012_G6538_R1_A 0.1602760 0.1670564 0.1483479 0.1436134 0.1464110 0.1412833 0.1411500 0.0000000 0.1367243 0.1479988 0.1378223 0.1418176 0.1378057 0.1302370 0.1349477 0.1345300 0.1449662 0.1301181 0.1506394 0.3306811 0.1470510 0.1812266 
S0030_G6538_R1_A 0.0922071 0.0836280 0.0778124 0.0710948 0.0744371 0.0669063 0.0740604 0.1367243 0.0000000 0.0734570 0.0610113 0.0680578 0.0668690 0.0620039 0.0652495 0.0684935 0.0677109 0.0595811 0.0796755 0.2329529 0.0788101 0.1101271 
S0021_G6538_R1_A 0.1012905 0.1017197 0.0928505 0.0854818 0.0855845 0.0689896 0.0859340 0.1479988 0.0734570 0.0000000 0.0749407 0.0714639 0.0690879 0.0628016 0.0714336 0.0712554 0.0755400 0.0643741 0.0809722 0.2295600 0.0838570 0.1146965 
S0022_G6538_R1_A 0.0968044 0.0938888 0.0876297 0.0816738 0.0777270 0.0703795 0.0813505 0.1378223 0.0610113 0.0749407 0.0000000 0.0702026 0.0709460 0.0668273 0.0714596 0.0693229 0.0647242 0.0632093 0.0769138 0.2280652 0.0832698 0.1140555 
S0011_G6538_R1_A 0.0974603 0.0964184 0.0868157 0.0815091 0.0815182 0.0649954 0.0778772 0.1418176 0.0680578 0.0714639 0.0702026 0.0000000 0.0624711 0.0506473 0.0707645 0.0569454 0.0716731 0.0578781 0.0787497 0.2245548 0.0634605 0.1135129 
S0028_G6538_R1_A 0.1011860 0.0972271 0.0883526 0.0816892 0.0804122 0.0651385 0.0806252 0.1378057 0.0668690 0.0690879 0.0709460 0.0624711 0.0000000 0.0590878 0.0689281 0.0667604 0.0698162 0.0586471 0.0784411 0.2289709 0.0766907 0.1108005 
S0020_G6538_R1_A 0.0906997 0.0918836 0.0806868 0.0760290 0.0780204 0.0636464 0.0717609 0.1302370 0.0620039 0.0628016 0.0668273 0.0506473 0.0590878 0.0000000 0.0646024 0.0535835 0.0649809 0.0470922 0.0737017 0.2198868 0.0674431 0.1092207 
S0046_G6538_R1_A 0.0953078 0.0955975 0.0883322 0.0815309 0.0781180 0.0734835 0.0779465 0.1349477 0.0652495 0.0714336 0.0714596 0.0707645 0.0689281 0.0646024 0.0000000 0.0672327 0.0735445 0.0623215 0.0825864 0.2330058 0.0864100 0.1098630 
S0036_G6538_R1_A 0.0992210 0.0974023 0.0884131 0.0837604 0.0800411 0.0674863 0.0781840 0.1345300 0.0684935 0.0712554 0.0693229 0.0569454 0.0667604 0.0535835 0.0672327 0.0000000 0.0746308 0.0489082 0.0821053 0.2268032 0.0665282 0.1178158 
S0004_G6538_R1_A 0.0791265 0.0940086 0.0885013 0.0825085 0.0704251 0.0705065 0.0808643 0.1449662 0.0677109 0.0755400 0.0647242 0.0716731 0.0698162 0.0649809 0.0735445 0.0746308 0.0000000 0.0651959 0.0598792 0.2363543 0.0827046 0.0929264 
S0019_G6538_R1_A 0.0907662 0.0884401 0.0821300 0.0762122 0.0709928 0.0606716 0.0695023 0.1301181 0.0595811 0.0643741 0.0632093 0.0578781 0.0586471 0.0470922 0.0623215 0.0489082 0.0651959 0.0000000 0.0752594 0.2263913 0.0648222 0.1083901 
S0031_G6538_R1_A 0.0855744 0.1058628 0.1013058 0.0961605 0.0826206 0.0811474 0.0889765 0.1506394 0.0796755 0.0809722 0.0769138 0.0787497 0.0784411 0.0737017 0.0825864 0.0821053 0.0598792 0.0752594 0.0000000 0.2325088 0.0805366 0.0602108 
S0005_G6538_R1_A 0.2473253 0.2564454 0.2583869 0.2525237 0.2424428 0.2340311 0.2462068 0.3306811 0.2329529 0.2295600 0.2280652 0.2245548 0.2289709 0.2198868 0.2330058 0.2268032 0.2363543 0.2263913 0.2325088 0.0000000 0.2350919 0.2523088 
S0002_G6538_R1_A 0.0982415 0.1110064 0.0939241 0.0857624 0.0822838 0.0818104 0.0851944 0.1470510 0.0788101 0.0838570 0.0832698 0.0634605 0.0766907 0.0674431 0.0864100 0.0665282 0.0827046 0.0648222 0.0805366 0.2350919 0.0000000 0.1212870 
S0018_G6538_R1_A 0.1100471 0.1319521 0.1295794 0.1250134 0.1111167 0.1139431 0.1233046 0.1812266 0.1101271 0.1146965 0.1140555 0.1135129 0.1108005 0.1092207 0.1098630 0.1178158 0.0929264 0.1083901 0.0602108 0.2523088 0.1212870 0.0000000 
