22
S0050_G6639_R1_A 0.0000000 0.1216687 0.0999894 0.1304553 0.1163401 0.1570160 0.1071993 0.0991028 0.1040639 0.1074630 0.1021755 0.0487572 0.1072002 0.1253958 0.1157950 0.1051271 0.1043871 0.0999731 0.0907286 0.2860601 0.0990442 0.0870228 
S0026_G6639_R1_A 0.1216687 0.0000000 0.0884619 0.1157272 0.1065922 0.1488971 0.0841955 0.0826215 0.0729259 0.0854782 0.0882920 0.1086078 0.0856602 0.0816712 0.0903993 0.0834975 0.0990603 0.0924296 0.0798752 0.2600889 0.0784969 0.0713856 
S0016_G6639_R1_A 0.0999894 0.0884619 0.0000000 0.0992481 0.0867055 0.1406874 0.0782878 0.0748938 0.0772827 0.0800779 0.0771368 0.0869974 0.0779005 0.0988603 0.0817451 0.0790431 0.0824933 0.0713281 0.0642984 0.2602163 0.0736993 0.0643574 
S0037_G6639_R1_A 0.1304553 0.1157272 0.0992481 0.0000000 0.1212934 0.1658695 0.1005800 0.0991750 0.0980537 0.0997968 0.1081982 0.1278304 0.1005337 0.1212699 0.1010563 0.0921141 0.1199361 0.1078225 0.0985620 0.2908446 0.0972725 0.0956303 
S0017_G6639_R1_U 0.1163401 0.1065922 0.0867055 0.1212934 0.0000000 0.1488911 0.0979767 0.0932338 0.0950166 0.1007316 0.0891684 0.1090102 0.0932725 0.1143976 0.0972417 0.0915170 0.1010016 0.0901733 0.0783188 0.2731323 0.0940735 0.0790730 
S0012_G6639_R1_A 0.1570160 0.1488971 0.1406874 0.1658695 0.1488911 0.0000000 0.1388681 0.1334162 0.1328323 0.1461661 0.1371929 0.1471320 0.1412390 0.1556209 0.1467601 0.1379483 0.1439116 0.1329916 0.1257667 0.2965425 0.1350430 0.1221484 
S0011_G6639_R1_A 0.1071993 0.0841955 0.0782878 0.1005800 0.0979767 0.1388681 0.0000000 0.0620521 0.0594589 0.0673083 0.0616542 0.0937343 0.0729557 0.0849618 0.0752045 0.0713008 0.0906591 0.0787030 0.0684573 0.2567681 0.0515000 0.0520807 
S0030_G6639_R1_A 0.0991028 0.0826215 0.0748938 0.0991750 0.0932338 0.1334162 0.0620521 0.0000000 0.0569530 0.0696638 0.0647709 0.0921222 0.0674921 0.0833073 0.0735068 0.0673903 0.0848983 0.0741668 0.0630974 0.2486475 0.0594573 0.0541025 
S0028_G6639_R1_A 0.1040639 0.0729259 0.0772827 0.0980537 0.0950166 0.1328323 0.0594589 0.0569530 0.0000000 0.0642131 0.0649317 0.0944425 0.0654031 0.0769550 0.0732492 0.0671361 0.0819487 0.0714046 0.0633090 0.2505174 0.0547020 0.0520906 
S0046_G6639_R1_A 0.1074630 0.0854782 0.0800779 0.0997968 0.1007316 0.1461661 0.0673083 0.0696638 0.0642131 0.0000000 0.0734691 0.0986444 0.0754644 0.0873997 0.0822197 0.0732498 0.0888377 0.0832232 0.0740109 0.2610858 0.0617649 0.0631698 
S0020_G6639_R1_U 0.1021755 0.0882920 0.0771368 0.1081982 0.0891684 0.1371929 0.0616542 0.0647709 0.0649317 0.0734691 0.0000000 0.0901566 0.0796212 0.0848138 0.0798988 0.0766627 0.0847708 0.0762843 0.0605095 0.2550251 0.0567702 0.0435949 
S0048_G6639_R1_A 0.0487572 0.1086078 0.0869974 0.1278304 0.1090102 0.1471320 0.0937343 0.0921222 0.0944425 0.0986444 0.0901566 0.0000000 0.0974953 0.1115039 0.1010546 0.0890370 0.0906720 0.0905466 0.0820715 0.2787215 0.0865843 0.0759455 
S0004_G6639_R1_A 0.1072002 0.0856602 0.0779005 0.1005337 0.0932725 0.1412390 0.0729557 0.0674921 0.0654031 0.0754644 0.0796212 0.0974953 0.0000000 0.0959692 0.0719966 0.0641903 0.0918598 0.0811256 0.0716827 0.2546246 0.0673692 0.0649519 
S0021_G6639_R1_A 0.1253958 0.0816712 0.0988603 0.1212699 0.1143976 0.1556209 0.0849618 0.0833073 0.0769550 0.0873997 0.0848138 0.1115039 0.0959692 0.0000000 0.0950863 0.0917278 0.1041675 0.0931177 0.0852614 0.2555961 0.0796743 0.0728538 
S0018_G6639_R1_U 0.1157950 0.0903993 0.0817451 0.1010563 0.0972417 0.1467601 0.0752045 0.0735068 0.0732492 0.0822197 0.0798988 0.1010546 0.0719966 0.0950863 0.0000000 0.0377190 0.0954195 0.0863720 0.0746403 0.2689596 0.0706715 0.0666008 
S0031_G6639_R1_A 0.1051271 0.0834975 0.0790431 0.0921141 0.0915170 0.1379483 0.0713008 0.0673903 0.0671361 0.0732498 0.0766627 0.0890370 0.0641903 0.0917278 0.0377190 0.0000000 0.0901251 0.0817488 0.0712480 0.2617738 0.0640124 0.0632327 
S0013_G6639_R1_A 0.1043871 0.0990603 0.0824933 0.1199361 0.1010016 0.1439116 0.0906591 0.0848983 0.0819487 0.0888377 0.0847708 0.0906720 0.0918598 0.1041675 0.0954195 0.0901251 0.0000000 0.0822924 0.0718766 0.2664145 0.0841143 0.0736934 
S0022_G6639_R1_A 0.0999731 0.0924296 0.0713281 0.1078225 0.0901733 0.1329916 0.0787030 0.0741668 0.0714046 0.0832232 0.0762843 0.0905466 0.0811256 0.0931177 0.0863720 0.0817488 0.0822924 0.0000000 0.0629448 0.2533365 0.0729258 0.0636255 
S0036_G6639_R1_A 0.0907286 0.0798752 0.0642984 0.0985620 0.0783188 0.1257667 0.0684573 0.0630974 0.0633090 0.0740109 0.0605095 0.0820715 0.0716827 0.0852614 0.0746403 0.0712480 0.0718766 0.0629448 0.0000000 0.2427197 0.0586447 0.0470220 
S0005_G6639_R1_A 0.2860601 0.2600889 0.2602163 0.2908446 0.2731323 0.2965425 0.2567681 0.2486475 0.2505174 0.2610858 0.2550251 0.2787215 0.2546246 0.2555961 0.2689596 0.2617738 0.2664145 0.2533365 0.2427197 0.0000000 0.2493526 0.2418449 
S0002_G6639_R1_A 0.0990442 0.0784969 0.0736993 0.0972725 0.0940735 0.1350430 0.0515000 0.0594573 0.0547020 0.0617649 0.0567702 0.0865843 0.0673692 0.0796743 0.0706715 0.0640124 0.0841143 0.0729258 0.0586447 0.2493526 0.0000000 0.0484799 
S0019_G6639_R1_A 0.0870228 0.0713856 0.0643574 0.0956303 0.0790730 0.1221484 0.0520807 0.0541025 0.0520906 0.0631698 0.0435949 0.0759455 0.0649519 0.0728538 0.0666008 0.0632327 0.0736934 0.0636255 0.0470220 0.2418449 0.0484799 0.0000000 
