22
S0037_G6854_R1_A 0.0000000 0.1205516 0.0848966 0.0920748 0.0720824 0.0883392 0.0952460 0.0897205 0.0830712 0.0874305 0.1004786 0.1230613 0.0882400 0.0835207 0.1039907 0.1038096 0.2052164 0.1067696 0.0861756 0.1041483 0.0904880 0.1310560 
S0050_G6854_R1_A 0.1205516 0.0000000 0.0994416 0.0874628 0.0981147 0.1134586 0.0922485 0.0851724 0.0844124 0.0863751 0.1012441 0.0390178 0.0968350 0.0924100 0.0911352 0.1041624 0.2061830 0.1061583 0.0879104 0.1097787 0.0965120 0.1402482 
S0030_G6854_R1_A 0.0848966 0.0994416 0.0000000 0.0694041 0.0608584 0.0723441 0.0707398 0.0648995 0.0578244 0.0640634 0.0760996 0.0983795 0.0602271 0.0668678 0.0776710 0.0703789 0.1807139 0.0754160 0.0604370 0.0769759 0.0693566 0.1045397 
S0046_G6854_R1_A 0.0920748 0.0874628 0.0694041 0.0000000 0.0680082 0.0792321 0.0631418 0.0595773 0.0531189 0.0559869 0.0690252 0.0887364 0.0652285 0.0653077 0.0688116 0.0722858 0.1738569 0.0778228 0.0600340 0.0816429 0.0644481 0.1094437 
S0031_G6854_R1_A 0.0720824 0.0981147 0.0608584 0.0680082 0.0000000 0.0402238 0.0680910 0.0623303 0.0552426 0.0631468 0.0706587 0.0981134 0.0631715 0.0567258 0.0755432 0.0734664 0.1850693 0.0784798 0.0623110 0.0783533 0.0640347 0.1058643 
S0018_G6854_R1_A 0.0883392 0.1134586 0.0723441 0.0792321 0.0402238 0.0000000 0.0827960 0.0763170 0.0704668 0.0765584 0.0891499 0.1121521 0.0771010 0.0705197 0.0888230 0.0876871 0.2003706 0.0907339 0.0774173 0.0900734 0.0776052 0.1191759 
S0002_G6854_R1_A 0.0952460 0.0922485 0.0707398 0.0631418 0.0680910 0.0827960 0.0000000 0.0440109 0.0394762 0.0437998 0.0542375 0.0918304 0.0669946 0.0674991 0.0700862 0.0740826 0.1758583 0.0747098 0.0605574 0.0755002 0.0656414 0.1083250 
S0019_G6854_R1_A 0.0897205 0.0851724 0.0648995 0.0595773 0.0623303 0.0763170 0.0440109 0.0000000 0.0323397 0.0350669 0.0485138 0.0829710 0.0623661 0.0635867 0.0643849 0.0665755 0.1722873 0.0716676 0.0543149 0.0706357 0.0621685 0.1010040 
S0036_G6854_R1_U 0.0830712 0.0844124 0.0578244 0.0531189 0.0552426 0.0704668 0.0394762 0.0323397 0.0000000 0.0316648 0.0427945 0.0828030 0.0558451 0.0580864 0.0593229 0.0589599 0.1637087 0.0665656 0.0490112 0.0644582 0.0560734 0.0948417 
S0020_G6854_R1_A 0.0874305 0.0863751 0.0640634 0.0559869 0.0631468 0.0765584 0.0437998 0.0350669 0.0316648 0.0000000 0.0477650 0.0865127 0.0631399 0.0632156 0.0644721 0.0657054 0.1684554 0.0734899 0.0513388 0.0715047 0.0617844 0.1011164 
S0011_G6854_R1_A 0.1004786 0.1012441 0.0760996 0.0690252 0.0706587 0.0891499 0.0542375 0.0485138 0.0427945 0.0477650 0.0000000 0.0989572 0.0757990 0.0741972 0.0795864 0.0784426 0.1843489 0.0847975 0.0653740 0.0834579 0.0745767 0.1144733 
S0048_G6854_R1_A 0.1230613 0.0390178 0.0983795 0.0887364 0.0981134 0.1121521 0.0918304 0.0829710 0.0828030 0.0865127 0.0989572 0.0000000 0.0940644 0.0972085 0.0872959 0.1041947 0.2077070 0.1061265 0.0879655 0.1061574 0.0972005 0.1371589 
S0022_G6854_R1_A 0.0882400 0.0968350 0.0602271 0.0652285 0.0631715 0.0771010 0.0669946 0.0623661 0.0558451 0.0631399 0.0757990 0.0940644 0.0000000 0.0647621 0.0749975 0.0761191 0.1832740 0.0789991 0.0604737 0.0782380 0.0634200 0.1117186 
S0004_G6854_R1_A 0.0835207 0.0924100 0.0668678 0.0653077 0.0567258 0.0705197 0.0674991 0.0635867 0.0580864 0.0632156 0.0741972 0.0972085 0.0647621 0.0000000 0.0790886 0.0752922 0.1780821 0.0734637 0.0612750 0.0812920 0.0529987 0.1066242 
S0013_G6854_R1_A 0.1039907 0.0911352 0.0776710 0.0688116 0.0755432 0.0888230 0.0700862 0.0643849 0.0593229 0.0644721 0.0795864 0.0872959 0.0749975 0.0790886 0.0000000 0.0856303 0.1927984 0.0908834 0.0696619 0.0908552 0.0744195 0.1172682 
S0021_G6854_R1_A 0.1038096 0.1041624 0.0703789 0.0722858 0.0734664 0.0876871 0.0740826 0.0665755 0.0589599 0.0657054 0.0784426 0.1041947 0.0761191 0.0752922 0.0856303 0.0000000 0.1780928 0.0816843 0.0626410 0.0757985 0.0721799 0.1182435 
S0005_G6854_R1_A 0.2052164 0.2061830 0.1807139 0.1738569 0.1850693 0.2003706 0.1758583 0.1722873 0.1637087 0.1684554 0.1843489 0.2077070 0.1832740 0.1780821 0.1927984 0.1780928 0.0000000 0.1870548 0.1668025 0.1855967 0.1835220 0.2179882 
S0017_G6854_R1_A 0.1067696 0.1061583 0.0754160 0.0778228 0.0784798 0.0907339 0.0747098 0.0716676 0.0665656 0.0734899 0.0847975 0.1061265 0.0789991 0.0734637 0.0908834 0.0816843 0.1870548 0.0000000 0.0670595 0.0821982 0.0748266 0.1226622 
S0028_G6854_R1_A 0.0861756 0.0879104 0.0604370 0.0600340 0.0623110 0.0774173 0.0605574 0.0543149 0.0490112 0.0513388 0.0653740 0.0879655 0.0604737 0.0612750 0.0696619 0.0626410 0.1668025 0.0670595 0.0000000 0.0699824 0.0630697 0.1009531 
S0026_G6854_R1_A 0.1041483 0.1097787 0.0769759 0.0816429 0.0783533 0.0900734 0.0755002 0.0706357 0.0644582 0.0715047 0.0834579 0.1061574 0.0782380 0.0812920 0.0908552 0.0757985 0.1855967 0.0821982 0.0699824 0.0000000 0.0776239 0.1159242 
S0016_G6854_R1_A 0.0904880 0.0965120 0.0693566 0.0644481 0.0640347 0.0776052 0.0656414 0.0621685 0.0560734 0.0617844 0.0745767 0.0972005 0.0634200 0.0529987 0.0744195 0.0721799 0.1835220 0.0748266 0.0630697 0.0776239 0.0000000 0.1130575 
S0012_G6854_R1_A 0.1310560 0.1402482 0.1045397 0.1094437 0.1058643 0.1191759 0.1083250 0.1010040 0.0948417 0.1011164 0.1144733 0.1371589 0.1117186 0.1066242 0.1172682 0.1182435 0.2179882 0.1226622 0.1009531 0.1159242 0.1130575 0.0000000 
