22
S0012_G6913_R1_A 0.0000000 0.1085045 0.1102682 0.1342362 0.1092912 0.1317736 0.1229841 0.1176063 0.0997225 0.1029232 0.0985123 0.1086619 0.1097103 0.1290475 0.1342154 0.1084245 0.1020267 0.1088486 0.1386371 0.1343926 0.1250362 0.2812264 
S0028_G6913_R1_A 0.1085045 0.0000000 0.0734527 0.0794562 0.0596642 0.0824338 0.0686774 0.0666258 0.0716818 0.0690526 0.0689595 0.0865983 0.0828375 0.0880944 0.0821225 0.0843696 0.0866278 0.0878254 0.0989352 0.1114809 0.0748330 0.2395356 
S0020_G6913_R1_U 0.1102682 0.0734527 0.0000000 0.0907490 0.0739220 0.0868809 0.0776974 0.0777652 0.0742690 0.0542188 0.0721060 0.0893373 0.0887604 0.0926525 0.0867028 0.0873519 0.0874245 0.0903359 0.1043733 0.1173170 0.0875796 0.2519667 
S0030_G6913_R1_A 0.1342362 0.0794562 0.0907490 0.0000000 0.0849811 0.0775178 0.0610111 0.0946028 0.0901757 0.0844614 0.0865102 0.1115038 0.1065838 0.0774021 0.0788799 0.1087933 0.1055888 0.1116476 0.0954734 0.1369232 0.0733377 0.2604676 
S0026_G6913_R1_A 0.1092912 0.0596642 0.0739220 0.0849811 0.0000000 0.0827793 0.0726299 0.0714892 0.0689969 0.0672215 0.0687829 0.0863774 0.0822317 0.0838151 0.0859725 0.0863526 0.0829099 0.0894710 0.1021673 0.1124567 0.0796829 0.2445080 
S0022_G6913_R1_A 0.1317736 0.0824338 0.0868809 0.0775178 0.0827793 0.0000000 0.0659048 0.0931361 0.0920599 0.0816042 0.0792027 0.1098841 0.1045915 0.0756718 0.0806436 0.1042128 0.0991342 0.1056497 0.0902854 0.1358501 0.0753528 0.2662535 
S0016_G6913_R1_A 0.1229841 0.0686774 0.0776974 0.0610111 0.0726299 0.0659048 0.0000000 0.0787777 0.0811117 0.0734962 0.0728655 0.0952061 0.0898572 0.0659727 0.0579029 0.0952396 0.0918608 0.0953135 0.0852439 0.1208935 0.0634116 0.2533609 
S0021_G6913_R1_A 0.1176063 0.0666258 0.0777652 0.0946028 0.0714892 0.0931361 0.0787777 0.0000000 0.0773828 0.0757738 0.0775026 0.0921126 0.0926888 0.0919443 0.0917209 0.0924187 0.0882380 0.0919510 0.1076515 0.1217257 0.0858992 0.2463973 
S0046_G6913_R1_A 0.0997225 0.0716818 0.0742690 0.0901757 0.0689969 0.0920599 0.0811117 0.0773828 0.0000000 0.0667757 0.0621482 0.0702002 0.0671958 0.0921668 0.0895890 0.0749927 0.0728176 0.0769563 0.1089435 0.0969169 0.0839185 0.2561374 
S0019_G6913_R1_A 0.1029232 0.0690526 0.0542188 0.0844614 0.0672215 0.0816042 0.0734962 0.0757738 0.0667757 0.0000000 0.0538114 0.0822057 0.0758183 0.0878262 0.0801473 0.0799657 0.0739749 0.0806527 0.1047522 0.1084043 0.0767813 0.2478087 
S0036_G6913_R1_U 0.0985123 0.0689595 0.0721060 0.0865102 0.0687829 0.0792027 0.0728655 0.0775026 0.0621482 0.0538114 0.0000000 0.0808807 0.0790738 0.0835576 0.0789798 0.0790683 0.0739699 0.0775615 0.0991967 0.1059534 0.0727239 0.2610781 
S0018_G6913_R1_U 0.1086619 0.0865983 0.0893373 0.1115038 0.0863774 0.1098841 0.0952061 0.0921126 0.0702002 0.0822057 0.0808807 0.0000000 0.0554677 0.1088397 0.1093335 0.0851241 0.0852564 0.0889246 0.1238355 0.0825194 0.1014369 0.2600418 
S0031_G6913_R1_A 0.1097103 0.0828375 0.0887604 0.1065838 0.0822317 0.1045915 0.0898572 0.0926888 0.0671958 0.0758183 0.0790738 0.0554677 0.0000000 0.1055175 0.1038355 0.0816383 0.0793565 0.0842353 0.1258572 0.0799183 0.1008232 0.2723365 
S0002_G6913_R1_A 0.1290475 0.0880944 0.0926525 0.0774021 0.0838151 0.0756718 0.0659727 0.0919443 0.0921668 0.0878262 0.0835576 0.1088397 0.1055175 0.0000000 0.0792805 0.1034915 0.1074703 0.1150342 0.0926569 0.1400710 0.0713944 0.2744082 
S0004_G6913_R1_A 0.1342154 0.0821225 0.0867028 0.0788799 0.0859725 0.0806436 0.0579029 0.0917209 0.0895890 0.0801473 0.0789798 0.1093335 0.1038355 0.0792805 0.0000000 0.1054565 0.1026194 0.1110324 0.0995074 0.1357346 0.0810979 0.2692427 
S0013_G6913_R1_A 0.1084245 0.0843696 0.0873519 0.1087933 0.0863526 0.1042128 0.0952396 0.0924187 0.0749927 0.0799657 0.0790683 0.0851241 0.0816383 0.1034915 0.1054565 0.0000000 0.0714654 0.0750344 0.1239310 0.1122736 0.0966019 0.2515576 
S0048_G6913_R1_A 0.1020267 0.0866278 0.0874245 0.1055888 0.0829099 0.0991342 0.0918608 0.0882380 0.0728176 0.0739749 0.0739699 0.0852564 0.0793565 0.1074703 0.1026194 0.0714654 0.0000000 0.0385325 0.1178214 0.1106087 0.0968143 0.2466197 
S0050_G6913_R1_A 0.1088486 0.0878254 0.0903359 0.1116476 0.0894710 0.1056497 0.0953135 0.0919510 0.0769563 0.0806527 0.0775615 0.0889246 0.0842353 0.1150342 0.1110324 0.0750344 0.0385325 0.0000000 0.1295232 0.1156382 0.1008058 0.2453527 
S0017_G6913_R1_U 0.1386371 0.0989352 0.1043733 0.0954734 0.1021673 0.0902854 0.0852439 0.1076515 0.1089435 0.1047522 0.0991967 0.1238355 0.1258572 0.0926569 0.0995074 0.1239310 0.1178214 0.1295232 0.0000000 0.1531708 0.0930861 0.2761050 
S0037_G6913_R1_A 0.1343926 0.1114809 0.1173170 0.1369232 0.1124567 0.1358501 0.1208935 0.1217257 0.0969169 0.1084043 0.1059534 0.0825194 0.0799183 0.1400710 0.1357346 0.1122736 0.1106087 0.1156382 0.1531708 0.0000000 0.1335803 0.3001730 
S0011_G6913_R1_A 0.1250362 0.0748330 0.0875796 0.0733377 0.0796829 0.0753528 0.0634116 0.0858992 0.0839185 0.0767813 0.0727239 0.1014369 0.1008232 0.0713944 0.0810979 0.0966019 0.0968143 0.1008058 0.0930861 0.1335803 0.0000000 0.2476553 
S0005_G6913_R1_A 0.2812264 0.2395356 0.2519667 0.2604676 0.2445080 0.2662535 0.2533609 0.2463973 0.2561374 0.2478087 0.2610781 0.2600418 0.2723365 0.2744082 0.2692427 0.2515576 0.2466197 0.2453527 0.2761050 0.3001730 0.2476553 0.0000000 
