22
S0037_G6924_R1_A 0.0000000 0.1763474 0.1746500 0.1772543 0.1838002 0.1756494 0.1718658 0.1673415 0.1659991 0.1595410 0.1744980 0.1853077 0.1993652 0.1758994 0.1641732 0.1682563 0.1816849 0.2129036 0.4055616 0.1803658 0.1755733 0.1622861 
S0011_G6924_R1_A 0.1763474 0.0000000 0.0764398 0.0817631 0.0816238 0.0812691 0.0727497 0.0734607 0.0701465 0.0576100 0.0754344 0.0863828 0.0874507 0.0772997 0.0643210 0.0848458 0.0741262 0.1115917 0.3080403 0.0611876 0.0653159 0.0568937 
S0031_G6924_R1_A 0.1746500 0.0764398 0.0000000 0.0425208 0.0856774 0.0795047 0.0750381 0.0672729 0.0672201 0.0660934 0.0776524 0.0864411 0.0982246 0.0845025 0.0732719 0.0815401 0.0792610 0.1137016 0.3164185 0.0730087 0.0772984 0.0608462 
S0018_G6924_R1_A 0.1772543 0.0817631 0.0425208 0.0000000 0.0903415 0.0851313 0.0813899 0.0745043 0.0767279 0.0739135 0.0814414 0.0943071 0.1022637 0.0929003 0.0786792 0.0901183 0.0883617 0.1168406 0.3191631 0.0778170 0.0852970 0.0662724 
S0021_G6924_R1_U 0.1838002 0.0816238 0.0856774 0.0903415 0.0000000 0.0846652 0.0824416 0.0831556 0.0770368 0.0678479 0.0806847 0.0936300 0.1006288 0.0888679 0.0728864 0.0912742 0.0739381 0.1253744 0.3053863 0.0738520 0.0776478 0.0665872 
S0013_G6924_R1_A 0.1756494 0.0812691 0.0795047 0.0851313 0.0846652 0.0000000 0.0734246 0.0790655 0.0708235 0.0627606 0.0782151 0.0849664 0.0966541 0.0868460 0.0708692 0.0798368 0.0846273 0.1163368 0.3014076 0.0777859 0.0790766 0.0687819 
S0030_G6924_R1_A 0.1718658 0.0727497 0.0750381 0.0813899 0.0824416 0.0734246 0.0000000 0.0727019 0.0667109 0.0614514 0.0729989 0.0844279 0.0926127 0.0775996 0.0651523 0.0845170 0.0731407 0.1097207 0.2949540 0.0718678 0.0736238 0.0660030 
S0004_G6924_R1_A 0.1673415 0.0734607 0.0672729 0.0745043 0.0831556 0.0790655 0.0727019 0.0000000 0.0668161 0.0620740 0.0763460 0.0867305 0.0968646 0.0810279 0.0691388 0.0800353 0.0790577 0.1071198 0.3081995 0.0724742 0.0786009 0.0659469 
S0016_G6924_R1_A 0.1659991 0.0701465 0.0672201 0.0767279 0.0770368 0.0708235 0.0667109 0.0668161 0.0000000 0.0582864 0.0730692 0.0761707 0.0878337 0.0777234 0.0651420 0.0751995 0.0734177 0.1052896 0.2975236 0.0682201 0.0706626 0.0576606 
S0028_G6924_R1_A 0.1595410 0.0576100 0.0660934 0.0739135 0.0678479 0.0627606 0.0614514 0.0620740 0.0582864 0.0000000 0.0602527 0.0717708 0.0756167 0.0678240 0.0544257 0.0712710 0.0643656 0.0987723 0.2941031 0.0585942 0.0632348 0.0528336 
S0022_G6924_R1_A 0.1744980 0.0754344 0.0776524 0.0814414 0.0806847 0.0782151 0.0729989 0.0763460 0.0730692 0.0602527 0.0000000 0.0900531 0.0934258 0.0760497 0.0667355 0.0851809 0.0770098 0.1135913 0.3027153 0.0711996 0.0790876 0.0652119 
S0048_G6924_R1_A 0.1853077 0.0863828 0.0864411 0.0943071 0.0936300 0.0849664 0.0844279 0.0867305 0.0761707 0.0717708 0.0900531 0.0000000 0.1037880 0.0960925 0.0769817 0.0285658 0.0891787 0.1235969 0.3197885 0.0798016 0.0861593 0.0713326 
S0046_G6924_R1_A 0.1993652 0.0874507 0.0982246 0.1022637 0.1006288 0.0966541 0.0926127 0.0968646 0.0878337 0.0756167 0.0934258 0.1037880 0.0000000 0.0948576 0.0862084 0.1031869 0.0975415 0.1305214 0.3012770 0.0931175 0.0985197 0.0846038 
S0017_G6924_R1_A 0.1758994 0.0772997 0.0845025 0.0929003 0.0888679 0.0868460 0.0775996 0.0810279 0.0777234 0.0678240 0.0760497 0.0960925 0.0948576 0.0000000 0.0690271 0.0925859 0.0814326 0.1183818 0.2952489 0.0813661 0.0864567 0.0742904 
S0020_G6924_R1_A 0.1641732 0.0643210 0.0732719 0.0786792 0.0728864 0.0708692 0.0651523 0.0691388 0.0651420 0.0544257 0.0667355 0.0769817 0.0862084 0.0690271 0.0000000 0.0759748 0.0697679 0.1031133 0.2860973 0.0601029 0.0669332 0.0306660 
S0050_G6924_R1_A 0.1682563 0.0848458 0.0815401 0.0901183 0.0912742 0.0798368 0.0845170 0.0800353 0.0751995 0.0712710 0.0851809 0.0285658 0.1031869 0.0925859 0.0759748 0.0000000 0.0864734 0.1178208 0.3068482 0.0769487 0.0843655 0.0685286 
S0026_G6924_R1_A 0.1816849 0.0741262 0.0792610 0.0883617 0.0739381 0.0846273 0.0731407 0.0790577 0.0734177 0.0643656 0.0770098 0.0891787 0.0975415 0.0814326 0.0697679 0.0864734 0.0000000 0.1220885 0.2877134 0.0717667 0.0763647 0.0644196 
S0012_G6924_R1_A 0.2129036 0.1115917 0.1137016 0.1168406 0.1253744 0.1163368 0.1097207 0.1071198 0.1052896 0.0987723 0.1135913 0.1235969 0.1305214 0.1183818 0.1031133 0.1178208 0.1220885 0.0000000 0.3349548 0.1053233 0.1061012 0.0936968 
S0005_G6924_R1_A 0.4055616 0.3080403 0.3164185 0.3191631 0.3053863 0.3014076 0.2949540 0.3081995 0.2975236 0.2941031 0.3027153 0.3197885 0.3012770 0.2952489 0.2860973 0.3068482 0.2877134 0.3349548 0.0000000 0.2954051 0.2994611 0.2651969 
S0002_G6924_R1_A 0.1803658 0.0611876 0.0730087 0.0778170 0.0738520 0.0777859 0.0718678 0.0724742 0.0682201 0.0585942 0.0711996 0.0798016 0.0931175 0.0813661 0.0601029 0.0769487 0.0717667 0.1053233 0.2954051 0.0000000 0.0541758 0.0604243 
S0036_G6924_R1_U 0.1755733 0.0653159 0.0772984 0.0852970 0.0776478 0.0790766 0.0736238 0.0786009 0.0706626 0.0632348 0.0790876 0.0861593 0.0985197 0.0864567 0.0669332 0.0843655 0.0763647 0.1061012 0.2994611 0.0541758 0.0000000 0.0582827 
S0019_G6924_R1_A 0.1622861 0.0568937 0.0608462 0.0662724 0.0665872 0.0687819 0.0660030 0.0659469 0.0576606 0.0528336 0.0652119 0.0713326 0.0846038 0.0742904 0.0306660 0.0685286 0.0644196 0.0936968 0.2651969 0.0604243 0.0582827 0.0000000 
