22
S0012_G6933_R1_A 0.0000000 0.1299604 0.1344878 0.1488001 0.1410476 0.1520270 0.1666910 0.1347569 0.1353626 0.1330169 0.1396022 0.1419980 0.1307822 0.1716270 0.1353094 0.1619840 0.1627252 0.1508146 0.1416830 0.2798583 0.1613418 0.1581797 
S0013_G6933_R1_A 0.1299604 0.0000000 0.0908831 0.1130187 0.0974093 0.1116364 0.1233924 0.0948200 0.0920625 0.0939588 0.0978368 0.1023120 0.0978679 0.1205430 0.0953980 0.1257825 0.1126107 0.1217291 0.0997007 0.2429388 0.1126789 0.1042394 
S0002_G6933_R1_A 0.1344878 0.0908831 0.0000000 0.0886591 0.0793867 0.0881585 0.0983897 0.0725385 0.0675906 0.0746180 0.0759183 0.0812152 0.0745519 0.1099992 0.0591365 0.0976675 0.0967458 0.0946129 0.0849793 0.2261565 0.1116188 0.1091617 
S0004_G6933_R1_A 0.1488001 0.1130187 0.0886591 0.0000000 0.0876100 0.0966319 0.1046271 0.0910340 0.0888647 0.0873253 0.0916557 0.0999683 0.0961784 0.1118897 0.0899141 0.1124397 0.1129009 0.1099919 0.1054319 0.2307687 0.1287987 0.1280047 
S0016_G6933_R1_A 0.1410476 0.0974093 0.0793867 0.0876100 0.0000000 0.0848966 0.0986442 0.0823213 0.0746752 0.0808932 0.0837421 0.0833394 0.0789294 0.0942252 0.0782463 0.1062675 0.1060385 0.0962962 0.0914523 0.2255268 0.1219516 0.1194317 
S0031_G6933_R1_A 0.1520270 0.1116364 0.0881585 0.0966319 0.0848966 0.0000000 0.0607287 0.0932660 0.0906253 0.0881856 0.0938934 0.0949022 0.0953990 0.1156116 0.0879782 0.1138397 0.1115197 0.1090995 0.1018182 0.2379149 0.1338203 0.1296242 
S0018_G6933_R1_A 0.1666910 0.1233924 0.0983897 0.1046271 0.0986442 0.0607287 0.0000000 0.1050710 0.1001478 0.0982862 0.1020261 0.1089812 0.1080781 0.1250377 0.0968426 0.1216458 0.1178428 0.1236917 0.1139451 0.2528619 0.1438297 0.1400283 
S0019_G6933_R1_A 0.1347569 0.0948200 0.0725385 0.0910340 0.0823213 0.0932660 0.1050710 0.0000000 0.0424988 0.0613356 0.0731792 0.0820828 0.0806220 0.1091269 0.0720757 0.0924493 0.0915123 0.0944670 0.0864527 0.2304791 0.1175093 0.1144473 
S0020_G6933_R1_A 0.1353626 0.0920625 0.0675906 0.0888647 0.0746752 0.0906253 0.1001478 0.0424988 0.0000000 0.0591227 0.0695907 0.0828325 0.0770739 0.1072631 0.0735001 0.0898164 0.0863809 0.0900928 0.0818659 0.2233023 0.1116636 0.1106717 
S0036_G6933_R1_A 0.1330169 0.0939588 0.0746180 0.0873253 0.0808932 0.0881856 0.0982862 0.0613356 0.0591227 0.0000000 0.0702875 0.0792030 0.0776504 0.1101348 0.0744813 0.0938713 0.0884229 0.0974374 0.0791325 0.2179627 0.1140629 0.1112952 
S0030_G6933_R1_A 0.1396022 0.0978368 0.0759183 0.0916557 0.0837421 0.0938934 0.1020261 0.0731792 0.0695907 0.0702875 0.0000000 0.0854646 0.0810957 0.1190408 0.0783624 0.0967884 0.0712344 0.0944300 0.0878773 0.2228662 0.1214737 0.1151405 
S0026_G6933_R1_A 0.1419980 0.1023120 0.0812152 0.0999683 0.0833394 0.0949022 0.1089812 0.0820828 0.0828325 0.0792030 0.0854646 0.0000000 0.0812405 0.1190221 0.0807834 0.1088605 0.1066315 0.0893097 0.0961337 0.2188178 0.1248059 0.1232482 
S0028_G6933_R1_A 0.1307822 0.0978679 0.0745519 0.0961784 0.0789294 0.0953990 0.1080781 0.0806220 0.0770739 0.0776504 0.0810957 0.0812405 0.0000000 0.1151878 0.0747236 0.1029418 0.0976684 0.0907300 0.0881086 0.2211706 0.1175699 0.1128099 
S0037_G6933_R1_U 0.1716270 0.1205430 0.1099992 0.1118897 0.0942252 0.1156116 0.1250377 0.1091269 0.1072631 0.1101348 0.1190408 0.1190221 0.1151878 0.0000000 0.1088689 0.1309783 0.1296048 0.1348598 0.1181583 0.2674911 0.1478194 0.1466230 
S0011_G6933_R1_A 0.1353094 0.0953980 0.0591365 0.0899141 0.0782463 0.0879782 0.0968426 0.0720757 0.0735001 0.0744813 0.0783624 0.0807834 0.0747236 0.1088689 0.0000000 0.0968754 0.0951390 0.0928695 0.0853488 0.2151643 0.1083380 0.1100692 
S0017_G6933_R1_A 0.1619840 0.1257825 0.0976675 0.1124397 0.1062675 0.1138397 0.1216458 0.0924493 0.0898164 0.0938713 0.0967884 0.1088605 0.1029418 0.1309783 0.0968754 0.0000000 0.1146526 0.1200113 0.1116216 0.2560214 0.1453205 0.1399381 
S0022_G6933_R1_A 0.1627252 0.1126107 0.0967458 0.1129009 0.1060385 0.1115197 0.1178428 0.0915123 0.0863809 0.0884229 0.0712344 0.1066315 0.0976684 0.1296048 0.0951390 0.1146526 0.0000000 0.1146540 0.1055034 0.2382962 0.1461537 0.1374091 
S0021_G6933_R1_A 0.1508146 0.1217291 0.0946129 0.1099919 0.0962962 0.1090995 0.1236917 0.0944670 0.0900928 0.0974374 0.0944300 0.0893097 0.0907300 0.1348598 0.0928695 0.1200113 0.1146540 0.0000000 0.1051401 0.2247744 0.1387100 0.1356864 
S0046_G6933_R1_A 0.1416830 0.0997007 0.0849793 0.1054319 0.0914523 0.1018182 0.1139451 0.0864527 0.0818659 0.0791325 0.0878773 0.0961337 0.0881086 0.1181583 0.0853488 0.1116216 0.1055034 0.1051401 0.0000000 0.2314816 0.1241361 0.1159168 
S0005_G6933_R1_A 0.2798583 0.2429388 0.2261565 0.2307687 0.2255268 0.2379149 0.2528619 0.2304791 0.2233023 0.2179627 0.2228662 0.2188178 0.2211706 0.2674911 0.2151643 0.2560214 0.2382962 0.2247744 0.2314816 0.0000000 0.2743008 0.2652775 
S0048_G6933_R1_A 0.1613418 0.1126789 0.1116188 0.1287987 0.1219516 0.1338203 0.1438297 0.1175093 0.1116636 0.1140629 0.1214737 0.1248059 0.1175699 0.1478194 0.1083380 0.1453205 0.1461537 0.1387100 0.1241361 0.2743008 0.0000000 0.0594722 
S0050_G6933_R1_A 0.1581797 0.1042394 0.1091617 0.1280047 0.1194317 0.1296242 0.1400283 0.1144473 0.1106717 0.1112952 0.1151405 0.1232482 0.1128099 0.1466230 0.1100692 0.1399381 0.1374091 0.1356864 0.1159168 0.2652775 0.0594722 0.0000000 
