22
S0028_G6947_R1_A 0.0000000 0.1961075 0.1838479 0.1889297 0.1823487 0.1886811 0.1847043 0.1674927 0.1830156 0.1728870 0.1866166 0.1828286 0.1911279 0.1865308 0.2257015 0.1789115 0.1825083 0.2931873 0.1783349 0.2013400 0.2035124 0.2239745 
S0050_G6947_R1_A 0.1961075 0.0000000 0.0779514 0.0883411 0.0794472 0.0840975 0.0885638 0.0700039 0.0771708 0.0696147 0.0837677 0.0822529 0.0861926 0.0857158 0.1068091 0.0741003 0.0871549 0.1611473 0.0830709 0.0947187 0.0928337 0.1132649 
S0013_G6947_R1_A 0.1838479 0.0779514 0.0000000 0.0825351 0.0751676 0.0793061 0.0848988 0.0695767 0.0757039 0.0613138 0.0768435 0.0785887 0.0852845 0.0853919 0.1105976 0.0742169 0.0817991 0.1659004 0.0805692 0.0937847 0.0913651 0.1145949 
S0011_G6947_R1_A 0.1889297 0.0883411 0.0825351 0.0000000 0.0470634 0.0472143 0.0542729 0.0686723 0.0752808 0.0652499 0.0840468 0.0787703 0.0538555 0.0458263 0.1131312 0.0765537 0.0484444 0.1595493 0.0751832 0.0926876 0.0904047 0.0813935 
S0030_G6947_R1_A 0.1823487 0.0794472 0.0751676 0.0470634 0.0000000 0.0400566 0.0454265 0.0599979 0.0698178 0.0582664 0.0730530 0.0704889 0.0460158 0.0448351 0.1047076 0.0673863 0.0443123 0.1515419 0.0675331 0.0853753 0.0841814 0.0730143 
S0019_G6947_R1_A 0.1886811 0.0840975 0.0793061 0.0472143 0.0400566 0.0000000 0.0333080 0.0634297 0.0716696 0.0616092 0.0754341 0.0718329 0.0497871 0.0464937 0.1091336 0.0713295 0.0453483 0.1533702 0.0715376 0.0862380 0.0888763 0.0744262 
S0020_G6947_R1_A 0.1847043 0.0885638 0.0848988 0.0542729 0.0454265 0.0333080 0.0000000 0.0697747 0.0775189 0.0684903 0.0847797 0.0782721 0.0558584 0.0514307 0.1106049 0.0778316 0.0519978 0.1584703 0.0730677 0.0885087 0.0917453 0.0820870 
S0026_G6947_R1_A 0.1674927 0.0700039 0.0695767 0.0686723 0.0599979 0.0634297 0.0697747 0.0000000 0.0578959 0.0489221 0.0609256 0.0583735 0.0654898 0.0672853 0.0949778 0.0559110 0.0678157 0.1473057 0.0607577 0.0752176 0.0722962 0.0918127 
S0004_G6947_R1_A 0.1830156 0.0771708 0.0757039 0.0752808 0.0698178 0.0716696 0.0775189 0.0578959 0.0000000 0.0566804 0.0570249 0.0550784 0.0715979 0.0759946 0.1039614 0.0604481 0.0755965 0.1515423 0.0728572 0.0761154 0.0666643 0.1012994 
S0046_G6947_R1_A 0.1728870 0.0696147 0.0613138 0.0652499 0.0582664 0.0616092 0.0684903 0.0489221 0.0566804 0.0000000 0.0586332 0.0561342 0.0642760 0.0633460 0.0945508 0.0546608 0.0659740 0.1452758 0.0626808 0.0716561 0.0711325 0.0924284 
S0018_G6947_R1_A 0.1866166 0.0837677 0.0768435 0.0840468 0.0730530 0.0754341 0.0847797 0.0609256 0.0570249 0.0586332 0.0000000 0.0483366 0.0780808 0.0820378 0.1094510 0.0688481 0.0789588 0.1602533 0.0761261 0.0870641 0.0602642 0.1088098 
S0031_G6947_R1_A 0.1828286 0.0822529 0.0785887 0.0787703 0.0704889 0.0718329 0.0782721 0.0583735 0.0550784 0.0561342 0.0483366 0.0000000 0.0700459 0.0772985 0.1032077 0.0631434 0.0730893 0.1567820 0.0707218 0.0855789 0.0586898 0.1028350 
S0022_G6947_R1_A 0.1911279 0.0861926 0.0852845 0.0538555 0.0460158 0.0497871 0.0558584 0.0654898 0.0715979 0.0642760 0.0780808 0.0700459 0.0000000 0.0531166 0.1108382 0.0750714 0.0522364 0.1604437 0.0730169 0.0911464 0.0864980 0.0835842 
S0002_G6947_R1_A 0.1865308 0.0857158 0.0853919 0.0458263 0.0448351 0.0464937 0.0514307 0.0672853 0.0759946 0.0633460 0.0820378 0.0772985 0.0531166 0.0000000 0.1104444 0.0751393 0.0534668 0.1588406 0.0753705 0.0911153 0.0916711 0.0819575 
S0012_G6947_R1_A 0.2257015 0.1068091 0.1105976 0.1131312 0.1047076 0.1091336 0.1106049 0.0949778 0.1039614 0.0945508 0.1094510 0.1032077 0.1108382 0.1104444 0.0000000 0.1011788 0.1135033 0.1908995 0.1068995 0.1219128 0.1178796 0.1382488 
S0016_G6947_R1_A 0.1789115 0.0741003 0.0742169 0.0765537 0.0673863 0.0713295 0.0778316 0.0559110 0.0604481 0.0546608 0.0688481 0.0631434 0.0750714 0.0751393 0.1011788 0.0000000 0.0736316 0.1606369 0.0724840 0.0814392 0.0771170 0.1041975 
S0036_G6947_R1_A 0.1825083 0.0871549 0.0817991 0.0484444 0.0443123 0.0453483 0.0519978 0.0678157 0.0755965 0.0659740 0.0789588 0.0730893 0.0522364 0.0534668 0.1135033 0.0736316 0.0000000 0.1645995 0.0738346 0.0917481 0.0876046 0.0812042 
S0005_G6947_R1_A 0.2931873 0.1611473 0.1659004 0.1595493 0.1515419 0.1533702 0.1584703 0.1473057 0.1515423 0.1452758 0.1602533 0.1567820 0.1604437 0.1588406 0.1908995 0.1606369 0.1645995 0.0000000 0.1520971 0.1746991 0.1686218 0.1807061 
S0021_G6947_R1_A 0.1783349 0.0830709 0.0805692 0.0751832 0.0675331 0.0715376 0.0730677 0.0607577 0.0728572 0.0626808 0.0761261 0.0707218 0.0730169 0.0753705 0.1068995 0.0724840 0.0738346 0.1520971 0.0000000 0.0875762 0.0838795 0.1059952 
S0017_G6947_R1_A 0.2013400 0.0947187 0.0937847 0.0926876 0.0853753 0.0862380 0.0885087 0.0752176 0.0761154 0.0716561 0.0870641 0.0855789 0.0911464 0.0911153 0.1219128 0.0814392 0.0917481 0.1746991 0.0875762 0.0000000 0.0968536 0.1196721 
S0037_G6947_R1_A 0.2035124 0.0928337 0.0913651 0.0904047 0.0841814 0.0888763 0.0917453 0.0722962 0.0666643 0.0711325 0.0602642 0.0586898 0.0864980 0.0916711 0.1178796 0.0771170 0.0876046 0.1686218 0.0838795 0.0968536 0.0000000 0.1214975 
S0048_G6947_R1_A 0.2239745 0.1132649 0.1145949 0.0813935 0.0730143 0.0744262 0.0820870 0.0918127 0.1012994 0.0924284 0.1088098 0.1028350 0.0835842 0.0819575 0.1382488 0.1041975 0.0812042 0.1807061 0.1059952 0.1196721 0.1214975 0.0000000 
