22
S0013_G6968_R1_A 0.0000000 0.1804390 0.0874386 0.1569907 0.1843676 0.1702642 0.1988263 0.1900205 0.2202039 0.1942211 0.1974863 0.1851515 0.1929422 0.1442569 0.1154193 0.1317743 0.1154913 0.1184484 0.3091112 0.1648522 0.1957959 0.3213132 
S0020_G6968_R1_U 0.1804390 0.0000000 0.1661127 0.1488177 0.0568784 0.0516888 0.0737217 0.0583177 0.0822993 0.0581749 0.0670885 0.0559290 0.0643747 0.2070468 0.1745178 0.1847920 0.1877758 0.1947326 0.1771282 0.1738250 0.2132575 0.1815172 
S0016_G6968_R1_A 0.0874386 0.1661127 0.0000000 0.1453980 0.1661565 0.1562100 0.1920047 0.1791543 0.2096808 0.1815075 0.1795491 0.1710882 0.1717747 0.1396470 0.0924655 0.1208979 0.1075607 0.1090369 0.2943502 0.1614668 0.1851358 0.3004724 
S0019_G6968_R1_A 0.1569907 0.1488177 0.1453980 0.0000000 0.1694047 0.1549418 0.1907856 0.1776856 0.2069361 0.1767298 0.1758058 0.1701314 0.1654773 0.1946266 0.1390847 0.1725525 0.1660836 0.1695167 0.3103183 0.1774715 0.1833842 0.3002151 
S0022_G6968_R1_A 0.1843676 0.0568784 0.1661565 0.1694047 0.0000000 0.0441324 0.0744686 0.0600530 0.0861790 0.0567266 0.0637215 0.0546297 0.0730399 0.2062362 0.1767438 0.1838004 0.1799770 0.1883949 0.1786300 0.1682282 0.2015605 0.1759020 
S0030_G6968_R1_A 0.1702642 0.0516888 0.1562100 0.1549418 0.0441324 0.0000000 0.0713359 0.0561818 0.0819019 0.0529113 0.0562335 0.0488099 0.0695564 0.1970472 0.1604079 0.1699249 0.1746745 0.1789435 0.1763089 0.1611982 0.1975276 0.1669394 
S0018_G6968_R1_U 0.1988263 0.0737217 0.1920047 0.1907856 0.0744686 0.0713359 0.0000000 0.0435455 0.0798475 0.0769879 0.0850355 0.0734078 0.0957656 0.2202094 0.1982030 0.2077320 0.2078410 0.2164996 0.1966073 0.1945604 0.2331403 0.1877670 
S0031_G6968_R1_A 0.1900205 0.0583177 0.1791543 0.1776856 0.0600530 0.0561818 0.0435455 0.0000000 0.0610852 0.0642522 0.0696361 0.0598275 0.0758784 0.2133401 0.1833362 0.1952798 0.1947561 0.2024867 0.1740743 0.1811851 0.2230285 0.1688461 
S0037_G6968_R1_A 0.2202039 0.0822993 0.2096808 0.2069361 0.0861790 0.0819019 0.0798475 0.0610852 0.0000000 0.0892197 0.0968063 0.0848521 0.1048047 0.2458667 0.2195172 0.2169173 0.2295979 0.2374056 0.2001801 0.2115796 0.2464398 0.2104819 
S0026_G6968_R1_A 0.1942211 0.0581749 0.1815075 0.1767298 0.0567266 0.0529113 0.0769879 0.0642522 0.0892197 0.0000000 0.0613907 0.0551858 0.0824083 0.2163140 0.1863656 0.1931951 0.1972585 0.2050136 0.1833823 0.1825732 0.2254025 0.1721358 
S0021_G6968_R1_A 0.1974863 0.0670885 0.1795491 0.1758058 0.0637215 0.0562335 0.0850355 0.0696361 0.0968063 0.0613907 0.0000000 0.0593726 0.0836589 0.2185714 0.1846425 0.1951836 0.2058624 0.2136208 0.1892307 0.1843533 0.2184886 0.1773782 
S0028_G6968_R1_A 0.1851515 0.0559290 0.1710882 0.1701314 0.0546297 0.0488099 0.0734078 0.0598275 0.0848521 0.0551858 0.0593726 0.0000000 0.0765495 0.2126242 0.1810778 0.1880190 0.1865659 0.1942911 0.1780226 0.1512078 0.2110531 0.1620052 
S0002_G6968_R1_A 0.1929422 0.0643747 0.1717747 0.1654773 0.0730399 0.0695564 0.0957656 0.0758784 0.1048047 0.0824083 0.0836589 0.0765495 0.0000000 0.2103436 0.1768346 0.1782200 0.1872621 0.1944147 0.1972899 0.1850480 0.2172900 0.2056248 
S0017_G6968_R1_U 0.1442569 0.2070468 0.1396470 0.1946266 0.2062362 0.1970472 0.2202094 0.2133401 0.2458667 0.2163140 0.2185714 0.2126242 0.2103436 0.0000000 0.1299613 0.1404475 0.1400382 0.1496778 0.3271539 0.2073425 0.2353189 0.3514090 
S0046_G6968_R1_A 0.1154193 0.1745178 0.0924655 0.1390847 0.1767438 0.1604079 0.1982030 0.1833362 0.2195172 0.1863656 0.1846425 0.1810778 0.1768346 0.1299613 0.0000000 0.1091194 0.1030575 0.1033956 0.2992247 0.1647827 0.1821428 0.3063570 
S0011_G6968_R1_A 0.1317743 0.1847920 0.1208979 0.1725525 0.1838004 0.1699249 0.2077320 0.1952798 0.2169173 0.1931951 0.1951836 0.1880190 0.1782200 0.1404475 0.1091194 0.0000000 0.1201681 0.1231244 0.3174479 0.1724898 0.2063891 0.3245794 
S0048_G6968_R1_A 0.1154913 0.1877758 0.1075607 0.1660836 0.1799770 0.1746745 0.2078410 0.1947561 0.2295979 0.1972585 0.2058624 0.1865659 0.1872621 0.1400382 0.1030575 0.1201681 0.0000000 0.0080935 0.3149466 0.1698832 0.1917369 0.3177615 
S0050_G6968_R1_A 0.1184484 0.1947326 0.1090369 0.1695167 0.1883949 0.1789435 0.2164996 0.2024867 0.2374056 0.2050136 0.2136208 0.1942911 0.1944147 0.1496778 0.1033956 0.1231244 0.0080935 0.0000000 0.3222583 0.1810677 0.1937436 0.3259204 
S0004_G6968_R1_A 0.3091112 0.1771282 0.2943502 0.3103183 0.1786300 0.1763089 0.1966073 0.1740743 0.2001801 0.1833823 0.1892307 0.1780226 0.1972899 0.3271539 0.2992247 0.3174479 0.3149466 0.3222583 0.0000000 0.3012848 0.3496747 0.2834175 
S0036_G6968_R1_U 0.1648522 0.1738250 0.1614668 0.1774715 0.1682282 0.1611982 0.1945604 0.1811851 0.2115796 0.1825732 0.1843533 0.1512078 0.1850480 0.2073425 0.1647827 0.1724898 0.1698832 0.1810677 0.3012848 0.0000000 0.2021346 0.2946174 
S0012_G6968_R1_A 0.1957959 0.2132575 0.1851358 0.1833842 0.2015605 0.1975276 0.2331403 0.2230285 0.2464398 0.2254025 0.2184886 0.2110531 0.2172900 0.2353189 0.1821428 0.2063891 0.1917369 0.1937436 0.3496747 0.2021346 0.0000000 0.3379304 
S0005_G6968_R1_A 0.3213132 0.1815172 0.3004724 0.3002151 0.1759020 0.1669394 0.1877670 0.1688461 0.2104819 0.1721358 0.1773782 0.1620052 0.2056248 0.3514090 0.3063570 0.3245794 0.3177615 0.3259204 0.2834175 0.2946174 0.3379304 0.0000000 
