22
S0050_G6995_R1_A 0.0000000 0.1020637 0.0989502 0.1060902 0.0999215 0.0973802 0.1156991 0.1084390 0.1010615 0.0982605 0.1159341 0.0970434 0.1334441 0.1018375 0.1282508 0.0940308 0.0964449 0.0410076 0.1194610 0.1404644 0.1739452 0.2418842 
S0022_G6995_R1_A 0.1020637 0.0000000 0.0728225 0.0693746 0.0551577 0.0682784 0.0886346 0.0810749 0.0741428 0.0729028 0.0927707 0.0850984 0.0848464 0.0697264 0.0993574 0.0630812 0.0831875 0.1028044 0.1053331 0.1226668 0.1613323 0.2057824 
S0016_G6995_R1_A 0.0989502 0.0728225 0.0000000 0.0743326 0.0706783 0.0655055 0.0719561 0.0734447 0.0671392 0.0654165 0.0851069 0.0835207 0.1006448 0.0737983 0.0810514 0.0564056 0.0745556 0.1013799 0.1038646 0.1053185 0.1433183 0.2049492 
S0026_G6995_R1_A 0.1060902 0.0693746 0.0743326 0.0000000 0.0666329 0.0687143 0.0866017 0.0807586 0.0726158 0.0724081 0.0915372 0.0882540 0.0963049 0.0658620 0.0964052 0.0608459 0.0796665 0.1018900 0.1093928 0.1222272 0.1639745 0.2068384 
S0030_G6995_R1_A 0.0999215 0.0551577 0.0706783 0.0666329 0.0000000 0.0676895 0.0804743 0.0750439 0.0685789 0.0664994 0.0865120 0.0828211 0.0788280 0.0636882 0.0956918 0.0567166 0.0791551 0.0995175 0.0999962 0.1188350 0.1538320 0.2005608 
S0028_G6995_R1_A 0.0973802 0.0682784 0.0655055 0.0687143 0.0676895 0.0000000 0.0779239 0.0780546 0.0703040 0.0657380 0.0868038 0.0811076 0.0988384 0.0668070 0.0914429 0.0570808 0.0745701 0.0974006 0.0989985 0.1144262 0.1620719 0.2097451 
S0018_G6995_R1_A 0.1156991 0.0886346 0.0719561 0.0866017 0.0804743 0.0779239 0.0000000 0.0917275 0.0846212 0.0827853 0.1011037 0.1027305 0.1173670 0.0866842 0.0825098 0.0725554 0.0933400 0.1124449 0.1199657 0.1248389 0.1335212 0.2250915 
S0002_G6995_R1_A 0.1084390 0.0810749 0.0734447 0.0807586 0.0750439 0.0780546 0.0917275 0.0000000 0.0606993 0.0614517 0.0742294 0.0908461 0.1091346 0.0762155 0.1014387 0.0498675 0.0915847 0.1093127 0.1132478 0.1221114 0.1647299 0.2100622 
S0011_G6995_R1_A 0.1010615 0.0741428 0.0671392 0.0726158 0.0685789 0.0703040 0.0846212 0.0606993 0.0000000 0.0492308 0.0524589 0.0870502 0.0960299 0.0696410 0.0949475 0.0443774 0.0834831 0.1037420 0.1037456 0.0990804 0.1348186 0.2037574 
S0036_G6995_R1_U 0.0982605 0.0729028 0.0654165 0.0724081 0.0664994 0.0657380 0.0827853 0.0614517 0.0492308 0.0000000 0.0686939 0.0851319 0.0995570 0.0716268 0.0915968 0.0441574 0.0762346 0.1042189 0.1055165 0.1085639 0.1566453 0.2030464 
S0019_G6995_R1_A 0.1159341 0.0927707 0.0851069 0.0915372 0.0865120 0.0868038 0.1011037 0.0742294 0.0524589 0.0686939 0.0000000 0.0979012 0.1156298 0.0923521 0.1111497 0.0531558 0.0687133 0.1144759 0.1100497 0.1021577 0.1468452 0.2075443 
S0013_G6995_R1_A 0.0970434 0.0850984 0.0835207 0.0882540 0.0828211 0.0811076 0.1027305 0.0908461 0.0870502 0.0851319 0.0979012 0.0000000 0.1169918 0.0845422 0.1055120 0.0745867 0.0904836 0.0989275 0.1021090 0.1308812 0.1700924 0.2236443 
S0017_G6995_R1_A 0.1334441 0.0848464 0.1006448 0.0963049 0.0788280 0.0988384 0.1173670 0.1091346 0.0960299 0.0995570 0.1156298 0.1169918 0.0000000 0.0975090 0.1295153 0.0868897 0.1073715 0.1354905 0.1321317 0.1503086 0.1811420 0.2307217 
S0021_G6995_R1_A 0.1018375 0.0697264 0.0737983 0.0658620 0.0636882 0.0668070 0.0866842 0.0762155 0.0696410 0.0716268 0.0923521 0.0845422 0.0975090 0.0000000 0.0993593 0.0637141 0.0789288 0.1037431 0.1067610 0.1191027 0.1654988 0.1991106 
S0037_G6995_R1_A 0.1282508 0.0993574 0.0810514 0.0964052 0.0956918 0.0914429 0.0825098 0.1014387 0.0949475 0.0915968 0.1111497 0.1055120 0.1295153 0.0993593 0.0000000 0.0807727 0.1049781 0.1261365 0.1288329 0.1322250 0.1607679 0.2319792 
S0020_G6995_R1_A 0.0940308 0.0630812 0.0564056 0.0608459 0.0567166 0.0570808 0.0725554 0.0498675 0.0443774 0.0441574 0.0531558 0.0745867 0.0868897 0.0637141 0.0807727 0.0000000 0.0694087 0.0940584 0.0941975 0.0992456 0.1322633 0.1805687 
S0046_G6995_R1_A 0.0964449 0.0831875 0.0745556 0.0796665 0.0791551 0.0745701 0.0933400 0.0915847 0.0834831 0.0762346 0.0687133 0.0904836 0.1073715 0.0789288 0.1049781 0.0694087 0.0000000 0.1003306 0.1007220 0.0831411 0.0966850 0.2071772 
S0048_G6995_R1_A 0.0410076 0.1028044 0.1013799 0.1018900 0.0995175 0.0974006 0.1124449 0.1093127 0.1037420 0.1042189 0.1144759 0.0989275 0.1354905 0.1037431 0.1261365 0.0940584 0.1003306 0.0000000 0.1184240 0.1411913 0.1725824 0.2382312 
S0012_G6995_R1_A 0.1194610 0.1053331 0.1038646 0.1093928 0.0999962 0.0989985 0.1199657 0.1132478 0.1037456 0.1055165 0.1100497 0.1021090 0.1321317 0.1067610 0.1288329 0.0941975 0.1007220 0.1184240 0.0000000 0.1371568 0.1743840 0.2143291 
S0004_G6995_R1_A 0.1404644 0.1226668 0.1053185 0.1222272 0.1188350 0.1144262 0.1248389 0.1221114 0.0990804 0.1085639 0.1021577 0.1308812 0.1503086 0.1191027 0.1322250 0.0992456 0.0831411 0.1411913 0.1371568 0.0000000 0.1480989 0.2370615 
S0031_G6995_R1_A 0.1739452 0.1613323 0.1433183 0.1639745 0.1538320 0.1620719 0.1335212 0.1647299 0.1348186 0.1566453 0.1468452 0.1700924 0.1811420 0.1654988 0.1607679 0.1322633 0.0966850 0.1725824 0.1743840 0.1480989 0.0000000 0.2563603 
S0005_G6995_R1_A 0.2418842 0.2057824 0.2049492 0.2068384 0.2005608 0.2097451 0.2250915 0.2100622 0.2037574 0.2030464 0.2075443 0.2236443 0.2307217 0.1991106 0.2319792 0.1805687 0.2071772 0.2382312 0.2143291 0.2370615 0.2563603 0.0000000 
