22
S0002_G7279_R1_A 0.0000000 0.0374453 0.0410253 0.0565595 0.0591987 0.0684225 0.0446942 0.0483828 0.0654039 0.0588597 0.0543864 0.0835687 0.0638568 0.0607379 0.0340960 0.0633831 0.0608683 0.0725740 0.0928063 0.0610012 0.1828412 0.0899716 
S0036_G7279_R1_U 0.0374453 0.0000000 0.0425486 0.0548398 0.0621886 0.0725602 0.0419766 0.0476842 0.0657387 0.0560109 0.0551187 0.0838843 0.0651720 0.0566394 0.0355485 0.0648161 0.0640008 0.0717385 0.0929691 0.0624992 0.1804329 0.0845776 
S0020_G7279_R1_A 0.0410253 0.0425486 0.0000000 0.0612611 0.0682352 0.0782410 0.0514555 0.0557114 0.0736029 0.0636841 0.0617613 0.0897564 0.0736233 0.0674615 0.0402443 0.0743276 0.0712968 0.0793203 0.1025985 0.0690894 0.1908790 0.0936781 
S0016_G7279_R1_A 0.0565595 0.0548398 0.0612611 0.0000000 0.0655939 0.0688534 0.0574386 0.0661587 0.0637496 0.0577777 0.0688987 0.0906536 0.0765078 0.0753545 0.0542354 0.0772518 0.0783502 0.0684951 0.1017214 0.0766444 0.1859823 0.0953459 
S0013_G7279_R1_A 0.0591987 0.0621886 0.0682352 0.0655939 0.0000000 0.0775689 0.0626885 0.0682845 0.0756735 0.0669112 0.0726215 0.0790429 0.0821082 0.0759514 0.0594700 0.0844893 0.0837644 0.0747126 0.0939601 0.0801477 0.1948120 0.0847041 
S0004_G7279_R1_A 0.0684225 0.0725602 0.0782410 0.0688534 0.0775689 0.0000000 0.0730652 0.0842849 0.0723892 0.0609591 0.0848111 0.1016389 0.0927406 0.0871030 0.0671859 0.0893838 0.0912198 0.0778427 0.1141009 0.0898549 0.2067839 0.1010279 
S0030_G7279_R1_A 0.0446942 0.0419766 0.0514555 0.0574386 0.0626885 0.0730652 0.0000000 0.0572677 0.0668433 0.0575926 0.0510556 0.0850094 0.0613663 0.0605822 0.0407447 0.0690004 0.0681505 0.0706652 0.0956860 0.0648624 0.1863199 0.0906885 
S0011_G7279_R1_A 0.0483828 0.0476842 0.0557114 0.0661587 0.0682845 0.0842849 0.0572677 0.0000000 0.0762386 0.0684386 0.0693367 0.0931508 0.0752307 0.0747036 0.0469968 0.0766643 0.0747294 0.0843427 0.1039669 0.0747514 0.1855612 0.1003540 
S0018_G7279_R1_A 0.0654039 0.0657387 0.0736029 0.0637496 0.0756735 0.0723892 0.0668433 0.0762386 0.0000000 0.0395533 0.0802006 0.0985801 0.0886349 0.0862802 0.0603431 0.0854011 0.0865574 0.0632988 0.1068388 0.0842001 0.2000690 0.1067355 
S0031_G7279_R1_A 0.0588597 0.0560109 0.0636841 0.0577777 0.0669112 0.0609591 0.0575926 0.0684386 0.0395533 0.0000000 0.0696385 0.0893295 0.0783307 0.0780292 0.0543576 0.0781182 0.0768925 0.0556399 0.0990612 0.0762846 0.1953583 0.0954281 
S0022_G7279_R1_A 0.0543864 0.0551187 0.0617613 0.0688987 0.0726215 0.0848111 0.0510556 0.0693367 0.0802006 0.0696385 0.0000000 0.0997255 0.0809862 0.0702158 0.0518586 0.0787079 0.0815151 0.0803285 0.1131766 0.0768142 0.1946300 0.1148841 
S0050_G7279_R1_A 0.0835687 0.0838843 0.0897564 0.0906536 0.0790429 0.1016389 0.0850094 0.0931508 0.0985801 0.0893295 0.0997255 0.0000000 0.1041860 0.0968466 0.0801284 0.1084137 0.1053017 0.1039029 0.1200695 0.1032030 0.2251110 0.0472388 
S0017_G7279_R1_A 0.0638568 0.0651720 0.0736233 0.0765078 0.0821082 0.0927406 0.0613663 0.0752307 0.0886349 0.0783307 0.0809862 0.1041860 0.0000000 0.0836549 0.0630107 0.0918941 0.0876549 0.0918750 0.1145583 0.0897861 0.2040832 0.1071449 
S0046_G7279_R1_A 0.0607379 0.0566394 0.0674615 0.0753545 0.0759514 0.0871030 0.0605822 0.0747036 0.0862802 0.0780292 0.0702158 0.0968466 0.0836549 0.0000000 0.0565581 0.0850201 0.0848020 0.0901040 0.1163980 0.0822885 0.1893881 0.0998307 
S0019_G7279_R1_A 0.0340960 0.0355485 0.0402443 0.0542354 0.0594700 0.0671859 0.0407447 0.0469968 0.0603431 0.0543576 0.0518586 0.0801284 0.0630107 0.0565581 0.0000000 0.0609541 0.0618395 0.0651207 0.0943382 0.0584303 0.1788708 0.0875516 
S0021_G7279_R1_U 0.0633831 0.0648161 0.0743276 0.0772518 0.0844893 0.0893838 0.0690004 0.0766643 0.0854011 0.0781182 0.0787079 0.1084137 0.0918941 0.0850201 0.0609541 0.0000000 0.0672982 0.0923792 0.1229811 0.0644263 0.1895929 0.1095319 
S0026_G7279_R1_A 0.0608683 0.0640008 0.0712968 0.0783502 0.0837644 0.0912198 0.0681505 0.0747294 0.0865574 0.0768925 0.0815151 0.1053017 0.0876549 0.0848020 0.0618395 0.0672982 0.0000000 0.0930263 0.1211465 0.0636533 0.1844127 0.1089773 
S0037_G7279_R1_A 0.0725740 0.0717385 0.0793203 0.0684951 0.0747126 0.0778427 0.0706652 0.0843427 0.0632988 0.0556399 0.0803285 0.1039029 0.0918750 0.0901040 0.0651207 0.0923792 0.0930263 0.0000000 0.1128473 0.0887638 0.1993784 0.1100415 
S0012_G7279_R1_A 0.0928063 0.0929691 0.1025985 0.1017214 0.0939601 0.1141009 0.0956860 0.1039669 0.1068388 0.0990612 0.1131766 0.1200695 0.1145583 0.1163980 0.0943382 0.1229811 0.1211465 0.1128473 0.0000000 0.1202512 0.2305874 0.1105261 
S0028_G7279_R1_A 0.0610012 0.0624992 0.0690894 0.0766444 0.0801477 0.0898549 0.0648624 0.0747514 0.0842001 0.0762846 0.0768142 0.1032030 0.0897861 0.0822885 0.0584303 0.0644263 0.0636533 0.0887638 0.1202512 0.0000000 0.1764787 0.1081824 
S0005_G7279_R1_A 0.1828412 0.1804329 0.1908790 0.1859823 0.1948120 0.2067839 0.1863199 0.1855612 0.2000690 0.1953583 0.1946300 0.2251110 0.2040832 0.1893881 0.1788708 0.1895929 0.1844127 0.1993784 0.2305874 0.1764787 0.0000000 0.2214784 
S0048_G7279_R1_A 0.0899716 0.0845776 0.0936781 0.0953459 0.0847041 0.1010279 0.0906885 0.1003540 0.1067355 0.0954281 0.1148841 0.0472388 0.1071449 0.0998307 0.0875516 0.1095319 0.1089773 0.1100415 0.1105261 0.1081824 0.2214784 0.0000000 
