22
S0017_G7577_R1_A 0.0000000 0.0780669 0.0962543 0.0868324 0.0837761 0.0854977 0.0792908 0.0982811 0.1006682 0.1034725 0.1160243 0.1062337 0.1203618 0.1267345 0.0951712 0.0884929 0.0930364 0.0888664 0.0833636 0.1587806 0.0731856 0.2045370 
S0030_G7577_R1_A 0.0780669 0.0000000 0.0720523 0.0615166 0.0666756 0.0672908 0.0600743 0.0758992 0.0787748 0.0825870 0.0932682 0.0809441 0.1013651 0.1090898 0.0746436 0.0639625 0.0737256 0.0647410 0.0601148 0.1445017 0.0578118 0.2071733 
S0004_G7577_R1_A 0.0962543 0.0720523 0.0000000 0.0552331 0.0720659 0.0755336 0.0694681 0.0874319 0.0943900 0.0993778 0.0892890 0.0728923 0.1007928 0.1141018 0.0868188 0.0746493 0.0823748 0.0758870 0.0724584 0.1508407 0.0701324 0.2066418 
S0016_G7577_R1_A 0.0868324 0.0615166 0.0552331 0.0000000 0.0704199 0.0693396 0.0646683 0.0829874 0.0846229 0.0917277 0.0800245 0.0687907 0.0918633 0.1100385 0.0795193 0.0687879 0.0806913 0.0695735 0.0661622 0.1502552 0.0598232 0.2079282 
S0021_G7577_R1_A 0.0837761 0.0666756 0.0720659 0.0704199 0.0000000 0.0665125 0.0673962 0.0785686 0.0809907 0.0854249 0.0956452 0.0832036 0.1121202 0.1076124 0.0795984 0.0673646 0.0749147 0.0692159 0.0622672 0.1437149 0.0585684 0.1971679 
S0046_G7577_R1_A 0.0854977 0.0672908 0.0755336 0.0693396 0.0665125 0.0000000 0.0680505 0.0804153 0.0826372 0.0866346 0.0953090 0.0821843 0.1093927 0.1136192 0.0773388 0.0684933 0.0748051 0.0692550 0.0628075 0.1467582 0.0634926 0.1959397 
S0022_G7577_R1_A 0.0792908 0.0600743 0.0694681 0.0646683 0.0673962 0.0680505 0.0000000 0.0783444 0.0813277 0.0858145 0.0931325 0.0800290 0.1011875 0.1098042 0.0794303 0.0647628 0.0751584 0.0670511 0.0594750 0.1458203 0.0581493 0.1988299 
S0013_G7577_R1_A 0.0982811 0.0758992 0.0874319 0.0829874 0.0785686 0.0804153 0.0783444 0.0000000 0.0821572 0.0861030 0.1096811 0.0916845 0.1217248 0.1119972 0.0860573 0.0761591 0.0846915 0.0763749 0.0722645 0.1590083 0.0708162 0.2169860 
S0048_G7577_R1_A 0.1006682 0.0787748 0.0943900 0.0846229 0.0809907 0.0826372 0.0813277 0.0821572 0.0000000 0.0132262 0.1123465 0.1001868 0.1284048 0.1178864 0.0929520 0.0764758 0.0866127 0.0817783 0.0729877 0.1622690 0.0728628 0.2216123 
S0050_G7577_R1_A 0.1034725 0.0825870 0.0993778 0.0917277 0.0854249 0.0866346 0.0858145 0.0861030 0.0132262 0.0000000 0.1189724 0.1082551 0.1314872 0.1241067 0.0979796 0.0815351 0.0927450 0.0858407 0.0760006 0.1735907 0.0756922 0.2168088 
S0018_G7577_R1_A 0.1160243 0.0932682 0.0892890 0.0800245 0.0956452 0.0953090 0.0931325 0.1096811 0.1123465 0.1189724 0.0000000 0.0450352 0.0911621 0.1328330 0.1046341 0.0964920 0.1043666 0.0927018 0.0898042 0.1738107 0.0863130 0.2335337 
S0031_G7577_R1_A 0.1062337 0.0809441 0.0728923 0.0687907 0.0832036 0.0821843 0.0800290 0.0916845 0.1001868 0.1082551 0.0450352 0.0000000 0.0796862 0.1182659 0.0934010 0.0801247 0.0947628 0.0828206 0.0779874 0.1557703 0.0787619 0.2227955 
S0037_G7577_R1_U 0.1203618 0.1013651 0.1007928 0.0918633 0.1121202 0.1093927 0.1011875 0.1217248 0.1284048 0.1314872 0.0911621 0.0796862 0.0000000 0.1446513 0.1164767 0.1055082 0.1127253 0.1091529 0.1048986 0.1905108 0.1011438 0.2366951 
S0012_G7577_R1_A 0.1267345 0.1090898 0.1141018 0.1100385 0.1076124 0.1136192 0.1098042 0.1119972 0.1178864 0.1241067 0.1328330 0.1182659 0.1446513 0.0000000 0.1228685 0.1118657 0.1181095 0.1112471 0.1070622 0.1851715 0.1025793 0.2311610 
S0002_G7577_R1_A 0.0951712 0.0746436 0.0868188 0.0795193 0.0795984 0.0773388 0.0794303 0.0860573 0.0929520 0.0979796 0.1046341 0.0934010 0.1164767 0.1228685 0.0000000 0.0670434 0.0674002 0.0591320 0.0546019 0.1515990 0.0551430 0.2168707 
S0028_G7577_R1_A 0.0884929 0.0639625 0.0746493 0.0687879 0.0673646 0.0684933 0.0647628 0.0761591 0.0764758 0.0815351 0.0964920 0.0801247 0.1055082 0.1118657 0.0670434 0.0000000 0.0701014 0.0634248 0.0586971 0.1397505 0.0604485 0.2088601 
S0011_G7577_R1_A 0.0930364 0.0737256 0.0823748 0.0806913 0.0749147 0.0748051 0.0751584 0.0846915 0.0866127 0.0927450 0.1043666 0.0947628 0.1127253 0.1181095 0.0674002 0.0701014 0.0000000 0.0592449 0.0537252 0.1597110 0.0505366 0.1989573 
S0020_G7577_R1_A 0.0888664 0.0647410 0.0758870 0.0695735 0.0692159 0.0692550 0.0670511 0.0763749 0.0817783 0.0858407 0.0927018 0.0828206 0.1091529 0.1112471 0.0591320 0.0634248 0.0592449 0.0000000 0.0384174 0.1501350 0.0260760 0.2029174 
S0036_G7577_R1_A 0.0833636 0.0601148 0.0724584 0.0661622 0.0622672 0.0628075 0.0594750 0.0722645 0.0729877 0.0760006 0.0898042 0.0779874 0.1048986 0.1070622 0.0546019 0.0586971 0.0537252 0.0384174 0.0000000 0.1458238 0.0351818 0.2006475 
S0026_G7577_R1_A 0.1587806 0.1445017 0.1508407 0.1502552 0.1437149 0.1467582 0.1458203 0.1590083 0.1622690 0.1735907 0.1738107 0.1557703 0.1905108 0.1851715 0.1515990 0.1397505 0.1597110 0.1501350 0.1458238 0.0000000 0.1565837 0.2921388 
S0019_G7577_R1_A 0.0731856 0.0578118 0.0701324 0.0598232 0.0585684 0.0634926 0.0581493 0.0708162 0.0728628 0.0756922 0.0863130 0.0787619 0.1011438 0.1025793 0.0551430 0.0604485 0.0505366 0.0260760 0.0351818 0.1565837 0.0000000 0.1913214 
S0005_G7577_R1_A 0.2045370 0.2071733 0.2066418 0.2079282 0.1971679 0.1959397 0.1988299 0.2169860 0.2216123 0.2168088 0.2335337 0.2227955 0.2366951 0.2311610 0.2168707 0.2088601 0.1989573 0.2029174 0.2006475 0.2921388 0.1913214 0.0000000 
