53
S0018_G4471_R1_A 0.0000000 0.0310692 0.0781366 0.0637409 0.0524400 0.0508451 0.0749788 0.0621675 0.0551898 0.0755981 0.0513060 0.0592737 0.0630604 0.0680706 0.0728490 0.0635725 0.0516954 0.0742999 0.0718032 0.2058053 0.1109292 0.0870840 0.0616327 0.1945904 0.4397135 0.4490962 0.3671101 0.3676533 0.4007917 0.1748355 0.1598349 0.3159074 0.2550832 0.3102513 0.3093338 0.3712694 0.8467983 0.7217893 0.8635218 0.6632192 0.6825936 0.7346775 0.7069193 0.7195221 0.6019145 0.6108238 0.6217073 0.6284689 0.6290928 0.6271616 0.6164596 0.6238837 0.6303832 
S0031_G4471_R1_A 0.0310692 0.0000000 0.0710823 0.0606729 0.0487682 0.0465439 0.0721092 0.0532119 0.0520444 0.0731169 0.0463573 0.0570812 0.0555347 0.0624763 0.0671794 0.0596498 0.0486616 0.0721949 0.0631970 0.1942173 0.1009891 0.0825630 0.0567025 0.1913064 0.4371330 0.4465102 0.3633188 0.3661468 0.3912292 0.1691345 0.1593068 0.3050447 0.2482359 0.3036831 0.3017251 0.3548101 0.8540291 0.7159505 0.8662207 0.6705137 0.6852360 0.7343664 0.7094443 0.7246430 0.6086288 0.6176397 0.6263410 0.6329689 0.6360797 0.6337856 0.6233226 0.6274042 0.6366227 
S0026_G4471_R1_A 0.0781366 0.0710823 0.0000000 0.0786504 0.0653770 0.0683331 0.0828711 0.0564740 0.0662487 0.0788962 0.0684916 0.0808948 0.0819765 0.0683482 0.0717960 0.0799149 0.0682194 0.0922439 0.1052368 0.2182732 0.1141826 0.0894447 0.0646590 0.1946741 0.4314466 0.4396046 0.3579103 0.3607090 0.4030755 0.1707304 0.1567359 0.3058260 0.2443413 0.2987612 0.3010112 0.3634588 0.9019700 0.7708207 0.9377947 0.7065015 0.7170973 0.7599184 0.7374928 0.7601175 0.6495160 0.6573545 0.6684756 0.6699476 0.6765306 0.6672260 0.6561744 0.6691323 0.6683653 
S0020_G4471_R1_A 0.0637409 0.0606729 0.0786504 0.0000000 0.0409733 0.0574107 0.0775792 0.0610486 0.0582714 0.0770734 0.0542482 0.0663910 0.0709138 0.0691772 0.0741106 0.0646326 0.0378492 0.0805361 0.0880907 0.2034042 0.1160310 0.0943740 0.0625836 0.1889956 0.4387449 0.4466688 0.3560494 0.3588015 0.4065318 0.1689306 0.1566296 0.2834418 0.2412347 0.2983540 0.2904632 0.3439022 0.8570801 0.7390966 0.8848837 0.6945857 0.7093837 0.7286921 0.7209142 0.7426578 0.6342494 0.6438178 0.6529643 0.6528325 0.6624817 0.6533295 0.6420573 0.6552048 0.6576445 
S0036_G4471_R1_A 0.0524400 0.0487682 0.0653770 0.0409733 0.0000000 0.0425148 0.0656531 0.0477235 0.0392155 0.0606750 0.0423355 0.0522594 0.0580267 0.0568861 0.0594698 0.0552018 0.0276161 0.0645558 0.0774528 0.1911899 0.0962429 0.0764972 0.0491594 0.1814926 0.4359898 0.4440363 0.3518668 0.3525605 0.3844543 0.1596612 0.1462078 0.2857105 0.2384224 0.2885516 0.2872756 0.3455392 0.8479372 0.7299920 0.8745528 0.6909465 0.7014212 0.7315294 0.7086545 0.7365035 0.6287983 0.6381855 0.6471772 0.6512041 0.6485025 0.6455844 0.6363864 0.6478114 0.6517486 
S0030_G4471_R1_A 0.0508451 0.0465439 0.0683331 0.0574107 0.0425148 0.0000000 0.0687075 0.0507869 0.0452623 0.0669671 0.0401041 0.0460151 0.0530687 0.0565817 0.0598200 0.0555562 0.0456015 0.0601526 0.0770282 0.1978699 0.1036849 0.0809585 0.0528693 0.1870579 0.4381732 0.4450806 0.3546240 0.3573841 0.3899943 0.1665284 0.1577008 0.2961037 0.2445478 0.2980795 0.2984616 0.3554804 0.8685334 0.7153762 0.8681907 0.6869059 0.6988431 0.7259544 0.7082215 0.7363246 0.6094555 0.6184771 0.6271862 0.6320894 0.6361509 0.6273637 0.6218452 0.6293254 0.6315146 
S0046_G4471_R1_A 0.0749788 0.0721092 0.0828711 0.0775792 0.0656531 0.0687075 0.0000000 0.0681135 0.0726264 0.0753419 0.0706996 0.0826448 0.0836662 0.0733487 0.0775563 0.0787768 0.0636319 0.0897637 0.1071528 0.2033570 0.1038353 0.0845623 0.0710167 0.2101080 0.4561677 0.4632998 0.3761645 0.3773749 0.4085006 0.1828281 0.1717140 0.3095580 0.2564556 0.3262717 0.3196287 0.3801844 0.8786236 0.7256051 0.8825835 0.7109097 0.7372197 0.7533423 0.7250433 0.7650421 0.6476896 0.6572882 0.6676365 0.6692096 0.6762650 0.6646205 0.6571428 0.6667498 0.6730504 
S0023_G4471_R1_A 0.0621675 0.0532119 0.0564740 0.0610486 0.0477235 0.0507869 0.0681135 0.0000000 0.0465576 0.0617435 0.0499252 0.0607351 0.0659010 0.0491672 0.0550208 0.0589895 0.0496253 0.0704721 0.0816775 0.1908801 0.0906932 0.0720054 0.0481587 0.1746753 0.4314224 0.4391888 0.3525457 0.3584745 0.3858818 0.1576377 0.1502319 0.3007604 0.2440372 0.2966889 0.2956946 0.3554139 0.8570927 0.7368554 0.8979543 0.6936713 0.7021411 0.7467137 0.7217994 0.7445738 0.6331915 0.6408190 0.6522476 0.6536119 0.6608581 0.6549671 0.6440777 0.6482688 0.6535241 
S0002_G4471_R1_A 0.0551898 0.0520444 0.0662487 0.0582714 0.0392155 0.0452623 0.0726264 0.0465576 0.0000000 0.0715185 0.0456855 0.0542415 0.0583595 0.0600363 0.0636252 0.0538422 0.0404538 0.0654342 0.0803161 0.2041914 0.1059365 0.0815345 0.0524106 0.1812102 0.4049632 0.4131460 0.3486433 0.3536496 0.3786192 0.1632004 0.1559605 0.2881751 0.2446987 0.3038542 0.2911769 0.3404561 0.8234677 0.7052308 0.8624795 0.6699946 0.6772677 0.7270923 0.7110966 0.7252514 0.6001444 0.6089498 0.6215396 0.6196901 0.6288992 0.6239229 0.6137876 0.6225292 0.6242058 
S0013_G4471_R1_A 0.0755981 0.0731169 0.0788962 0.0770734 0.0606750 0.0669671 0.0753419 0.0617435 0.0715185 0.0000000 0.0692401 0.0747480 0.0806903 0.0706797 0.0770488 0.0805548 0.0614564 0.0890093 0.1012681 0.2160057 0.0832241 0.0659047 0.0612169 0.1994939 0.3937730 0.4022345 0.3461897 0.3492422 0.4033854 0.1790357 0.1680397 0.3078103 0.2593732 0.3059100 0.2931505 0.3632615 0.7842573 0.7268584 0.8910598 0.6749414 0.6926008 0.7535625 0.7266917 0.7285013 0.6029223 0.6120847 0.6195825 0.6179866 0.6267386 0.6210746 0.6102820 0.6168499 0.6224226 
S0016_G4471_R1_A 0.0513060 0.0463573 0.0684916 0.0542482 0.0423355 0.0401041 0.0706996 0.0499252 0.0456855 0.0692401 0.0000000 0.0524065 0.0554876 0.0563150 0.0602686 0.0533695 0.0441318 0.0640278 0.0762575 0.1948587 0.1056321 0.0848515 0.0540283 0.1872394 0.4348872 0.4442828 0.3475498 0.3503633 0.3960276 0.1649503 0.1557245 0.2936768 0.2433585 0.3005300 0.2964831 0.3540373 0.8711029 0.7232608 0.8845879 0.6906612 0.6991911 0.7275631 0.7135132 0.7331339 0.6047207 0.6137298 0.6229085 0.6308622 0.6329466 0.6257485 0.6168266 0.6261210 0.6282976 
S0022_G4471_R1_A 0.0592737 0.0570812 0.0808948 0.0663910 0.0522594 0.0460151 0.0826448 0.0607351 0.0542415 0.0747480 0.0524065 0.0000000 0.0615397 0.0680104 0.0721828 0.0662783 0.0568733 0.0714335 0.0812338 0.2049838 0.1088022 0.0878512 0.0635494 0.1981868 0.4509583 0.4585180 0.3671870 0.3689573 0.4173284 0.1741735 0.1638694 0.3061228 0.2568601 0.3050472 0.3050273 0.3693725 0.8513364 0.7393590 0.8978666 0.7150966 0.7257718 0.7726375 0.7498298 0.7793214 0.6284427 0.6341397 0.6435260 0.6469864 0.6535841 0.6446234 0.6354494 0.6430188 0.6442660 
S0004_G4471_R1_A 0.0630604 0.0555347 0.0819765 0.0709138 0.0580267 0.0530687 0.0836662 0.0659010 0.0583595 0.0806903 0.0554876 0.0615397 0.0000000 0.0738822 0.0773586 0.0681083 0.0600467 0.0781047 0.0839807 0.2072879 0.1150934 0.0911194 0.0681027 0.2041437 0.4568049 0.4691160 0.3776686 0.3805588 0.4075923 0.1869498 0.1737286 0.3069849 0.2613698 0.3205415 0.3136944 0.3682161 0.8889460 0.7246532 0.8651669 0.6751943 0.6940873 0.7302940 0.7084372 0.7303127 0.6172609 0.6265366 0.6359475 0.6410059 0.6500240 0.6391721 0.6315653 0.6410694 0.6433832 
S0021_G4471_R1_A 0.0680706 0.0624763 0.0683482 0.0691772 0.0568861 0.0565817 0.0733487 0.0491672 0.0600363 0.0706797 0.0563150 0.0680104 0.0738822 0.0000000 0.0147767 0.0682905 0.0595585 0.0798560 0.0935807 0.2029231 0.1024561 0.0831112 0.0551976 0.1935921 0.4354036 0.4460876 0.3611788 0.3616461 0.3969071 0.1678610 0.1632626 0.2968001 0.2487857 0.3034194 0.2966075 0.3622161 0.8806008 0.7230437 0.8689072 0.7045890 0.7068288 0.7627988 0.7383650 0.7504430 0.6442162 0.6592553 0.6657486 0.6606825 0.6730800 0.6689317 0.6559387 0.6656009 0.6700736 
S0021_G4471_R2_A 0.0728490 0.0671794 0.0717960 0.0741106 0.0594698 0.0598200 0.0775563 0.0550208 0.0636252 0.0770488 0.0602686 0.0721828 0.0773586 0.0147767 0.0000000 0.0752234 0.0635678 0.0834580 0.0989799 0.2134974 0.1081219 0.0869250 0.0601610 0.2009799 0.4469909 0.4566723 0.3726568 0.3703799 0.4041880 0.1723052 0.1677494 0.3088635 0.2564669 0.3090794 0.3026008 0.3689646 0.8966813 0.7283099 0.8685930 0.7117520 0.7139663 0.7751998 0.7462725 0.7586231 0.6516267 0.6633595 0.6709463 0.6755438 0.6715646 0.6729255 0.6632631 0.6695371 0.6720903 
S0011_G4471_R1_A 0.0635725 0.0596498 0.0799149 0.0646326 0.0552018 0.0555562 0.0787768 0.0589895 0.0538422 0.0805548 0.0533695 0.0662783 0.0681083 0.0682905 0.0752234 0.0000000 0.0551281 0.0755002 0.0921684 0.2038654 0.1085411 0.0874341 0.0632793 0.2019721 0.4361561 0.4456689 0.3702135 0.3719065 0.3917731 0.1738378 0.1711047 0.3076285 0.2543208 0.3159661 0.3115793 0.3627128 0.8815148 0.7270164 0.8849047 0.7098111 0.7237718 0.7611193 0.7467281 0.7612975 0.6282270 0.6375969 0.6489378 0.6487515 0.6574744 0.6481931 0.6389843 0.6484892 0.6576348 
S0019_G4471_R1_A 0.0516954 0.0486616 0.0682194 0.0378492 0.0276161 0.0456015 0.0636319 0.0496253 0.0404538 0.0614564 0.0441318 0.0568733 0.0600467 0.0595585 0.0635678 0.0551281 0.0000000 0.0673237 0.0769778 0.1907768 0.1024096 0.0786477 0.0511005 0.1796806 0.4427019 0.4506089 0.3499961 0.3529618 0.3889296 0.1637428 0.1480969 0.2884307 0.2426950 0.3051074 0.2958232 0.3537636 0.8684517 0.7191005 0.8781004 0.6872209 0.6957104 0.7375360 0.7155150 0.7347123 0.6230938 0.6324869 0.6415055 0.6457659 0.6526790 0.6369513 0.6244463 0.6417878 0.6455413 
S0017_G4471_R1_A 0.0742999 0.0721949 0.0922439 0.0805361 0.0645558 0.0601526 0.0897637 0.0704721 0.0654342 0.0890093 0.0640278 0.0714335 0.0781047 0.0798560 0.0834580 0.0755002 0.0673237 0.0000000 0.0974309 0.2177209 0.1219626 0.1004797 0.0754480 0.2049971 0.4516807 0.4580758 0.3737891 0.3744789 0.4184555 0.1898784 0.1811185 0.3110777 0.2743521 0.3262452 0.3166020 0.3798033 0.8815299 0.7269975 0.8820034 0.6969858 0.7088270 0.7290292 0.7146303 0.7506687 0.6559744 0.6641110 0.6735320 0.6825521 0.6806493 0.6746913 0.6674631 0.6721411 0.6816567 
S0037_G4471_R1_U 0.0718032 0.0631970 0.1052368 0.0880907 0.0774528 0.0770282 0.1071528 0.0816775 0.0803161 0.1012681 0.0762575 0.0812338 0.0839807 0.0935807 0.0989799 0.0921684 0.0769778 0.0974309 0.0000000 0.2341235 0.1355123 0.1159838 0.0854462 0.2107681 0.4606723 0.4678635 0.3839974 0.3845476 0.4178433 0.1935792 0.1915860 0.3294383 0.2762546 0.3272885 0.3293616 0.3870607 0.8828213 0.7402346 0.9061593 0.6903496 0.7026324 0.7562941 0.7268266 0.7436901 0.6306618 0.6377026 0.6504187 0.6510175 0.6598036 0.6556915 0.6453385 0.6553287 0.6574592 
S0012_G4471_R1_A 0.2058053 0.1942173 0.2182732 0.2034042 0.1911899 0.1978699 0.2033570 0.1908801 0.2041914 0.2160057 0.1948587 0.2049838 0.2072879 0.2029231 0.2134974 0.2038654 0.1907768 0.2177209 0.2341235 0.0000000 0.2225617 0.2207602 0.2032723 0.3358147 0.5588479 0.5618585 0.4769172 0.4782184 0.5348933 0.2970629 0.3070455 0.4459173 0.3820715 0.4266660 0.4477890 0.4935288 1.0016922 0.8882492 1.0658113 0.8609675 0.8856061 0.8487929 0.8342234 0.8971345 0.6859171 0.6853811 0.6944509 0.6752596 0.7084085 0.7112630 0.6986289 0.7007364 0.7060107 
S0050_G4471_R1_A 0.1109292 0.1009891 0.1141826 0.1160310 0.0962429 0.1036849 0.1038353 0.0906932 0.1059365 0.0832241 0.1056321 0.1088022 0.1150934 0.1024561 0.1081219 0.1085411 0.1024096 0.1219626 0.1355123 0.2225617 0.0000000 0.0431719 0.0963619 0.2403979 0.4821972 0.4890442 0.3922349 0.3962070 0.4134730 0.2051621 0.2105350 0.3437542 0.2827670 0.3473438 0.3431843 0.3969340 0.8522717 0.7689636 0.9181347 0.7283984 0.7460109 0.7910257 0.7695600 0.7870423 0.6686266 0.6821085 0.6847928 0.6576960 0.7026860 0.6954973 0.6843407 0.6851817 0.6937156 
S0048_G4471_R1_A 0.0870840 0.0825630 0.0894447 0.0943740 0.0764972 0.0809585 0.0845623 0.0720054 0.0815345 0.0659047 0.0848515 0.0878512 0.0911194 0.0831112 0.0869250 0.0874341 0.0786477 0.1004797 0.1159838 0.2207602 0.0431719 0.0000000 0.0743608 0.2175578 0.4535225 0.4634121 0.3859723 0.3898645 0.4117512 0.1934229 0.1860315 0.3238428 0.2677030 0.3293598 0.3252520 0.3837811 0.8438335 0.7368814 0.8759221 0.7044932 0.7171860 0.7634222 0.7442127 0.7615034 0.6440318 0.6559561 0.6615247 0.6677737 0.6750092 0.6688275 0.6597213 0.6622094 0.6699374 
S0028_G4471_R1_A 0.0616327 0.0567025 0.0646590 0.0625836 0.0491594 0.0528693 0.0710167 0.0481587 0.0524106 0.0612169 0.0540283 0.0635494 0.0681027 0.0551976 0.0601610 0.0632793 0.0511005 0.0754480 0.0854462 0.2032723 0.0963619 0.0743608 0.0000000 0.1869223 0.4394864 0.4463162 0.3543242 0.3570108 0.3965413 0.1681512 0.1535122 0.2978699 0.2463436 0.2949092 0.2944153 0.3565877 0.8867867 0.7435912 0.8897657 0.7079402 0.7193332 0.7525424 0.7284267 0.7641031 0.6266629 0.6360710 0.6474646 0.6548591 0.6560378 0.6463570 0.6390309 0.6526315 0.6512543 
S0035_G4471_R1_A 0.1945904 0.1913064 0.1946741 0.1889956 0.1814926 0.1870579 0.2101080 0.1746753 0.1812102 0.1994939 0.1872394 0.1981868 0.2041437 0.1935921 0.2009799 0.2019721 0.1796806 0.2049971 0.2107681 0.3358147 0.2403979 0.2175578 0.1869223 0.0000000 0.4808571 0.4880971 0.3862347 0.3903742 0.3997980 0.1990212 0.1738891 0.3299565 0.2882417 0.3328642 0.3294577 0.3913273 0.8941103 0.8338627 0.9770439 0.8194220 0.8194294 0.8185762 0.7983262 0.8563912 0.7076369 0.7200937 0.7317890 0.7132188 0.7396456 0.7311538 0.7204421 0.7292697 0.7285963 
S0039_G4471_R1_A 0.4397135 0.4371330 0.4314466 0.4387449 0.4359898 0.4381732 0.4561677 0.4314224 0.4049632 0.3937730 0.4348872 0.4509583 0.4568049 0.4354036 0.4469909 0.4361561 0.4427019 0.4516807 0.4606723 0.5588479 0.4821972 0.4535225 0.4394864 0.4808571 0.0000000 0.0128009 0.2956467 0.2956196 0.5863722 0.3852236 0.3941279 0.3601076 0.3131428 0.3154211 0.3225611 0.3638417 0.9429979 0.9538383 1.1610351 0.9199908 0.9404757 1.0054520 0.9819156 0.9657133 0.8748872 0.8869518 0.8908660 0.8921605 0.8911227 0.8905399 0.8724911 0.8664131 0.8921853 
S0051_G4471_R1_A 0.4490962 0.4465102 0.4396046 0.4466688 0.4440363 0.4450806 0.4632998 0.4391888 0.4131460 0.4022345 0.4442828 0.4585180 0.4691160 0.4460876 0.4566723 0.4456689 0.4506089 0.4580758 0.4678635 0.5618585 0.4890442 0.4634121 0.4463162 0.4880971 0.0128009 0.0000000 0.3005676 0.3005388 0.6050201 0.3922518 0.4023676 0.3658357 0.3194636 0.3240680 0.3292222 0.3711786 0.9512832 0.9658169 1.1777818 0.9404567 0.9589755 1.0313776 1.0072437 0.9810281 0.8774261 0.8895426 0.8934701 0.8907918 0.8937383 0.8931491 0.8750231 0.8689254 0.8948061 
S0010_G4471_R1_A 0.3671101 0.3633188 0.3579103 0.3560494 0.3518668 0.3546240 0.3761645 0.3525457 0.3486433 0.3461897 0.3475498 0.3671870 0.3776686 0.3611788 0.3726568 0.3702135 0.3499961 0.3737891 0.3839974 0.4769172 0.3922349 0.3859723 0.3543242 0.3862347 0.2956467 0.3005676 0.0000000 0.0169809 0.4900478 0.3101959 0.3386098 0.2748280 0.2156253 0.2304678 0.2239873 0.2710604 0.9448127 0.9224563 1.0792361 0.9196259 0.9431905 1.0151560 0.9856965 0.9313364 0.8903905 0.8997231 0.9065283 0.9146670 0.9139687 0.9097635 0.8957326 0.8985596 0.9139438 
S0009_G4471_R1_A 0.3676533 0.3661468 0.3607090 0.3588015 0.3525605 0.3573841 0.3773749 0.3584745 0.3536496 0.3492422 0.3503633 0.3689573 0.3805588 0.3616461 0.3703799 0.3719065 0.3529618 0.3744789 0.3845476 0.4782184 0.3962070 0.3898645 0.3570108 0.3903742 0.2956196 0.3005388 0.0169809 0.0000000 0.4888998 0.3122007 0.3396673 0.2764982 0.2176626 0.2366828 0.2269436 0.2712423 0.9332682 0.9232654 1.0594356 0.9035257 0.9348929 1.0064341 0.9750541 0.9208107 0.9019626 0.9136356 0.9168960 0.9220159 0.9261140 0.9196758 0.9053732 0.9103355 0.9206882 
S0006_G4471_R1_A 0.4007917 0.3912292 0.4030755 0.4065318 0.3844543 0.3899943 0.4085006 0.3858818 0.3786192 0.4033854 0.3960276 0.4173284 0.4075923 0.3969071 0.4041880 0.3917731 0.3889296 0.4184555 0.4178433 0.5348933 0.4134730 0.4117512 0.3965413 0.3997980 0.5863722 0.6050201 0.4900478 0.4888998 0.0000000 0.3525495 0.3656276 0.4175991 0.4006369 0.4523614 0.4555853 0.4805106 0.9746539 0.8941418 1.0136801 0.9038438 0.9061752 0.9544161 0.9079929 0.9456498 0.8893103 0.8916901 0.9036094 0.8766386 0.9149936 0.8982447 0.8876302 0.9162654 0.9136201 
S0033_G4471_R1_A 0.1748355 0.1691345 0.1707304 0.1689306 0.1596612 0.1665284 0.1828281 0.1576377 0.1632004 0.1790357 0.1649503 0.1741735 0.1869498 0.1678610 0.1723052 0.1738378 0.1637428 0.1898784 0.1935792 0.2970629 0.2051621 0.1934229 0.1681512 0.1990212 0.3852236 0.3922518 0.3101959 0.3122007 0.3525495 0.0000000 0.1399778 0.2574921 0.1939889 0.2492340 0.2489760 0.3092131 0.9221271 0.7835059 0.9485147 0.7578213 0.7720134 0.8295625 0.7960008 0.8209507 0.6882899 0.6983940 0.7111555 0.6976602 0.7186087 0.7041883 0.6941178 0.7085539 0.7071505 
S0005_G4471_R1_A 0.1598349 0.1593068 0.1567359 0.1566296 0.1462078 0.1577008 0.1717140 0.1502319 0.1559605 0.1680397 0.1557245 0.1638694 0.1737286 0.1632626 0.1677494 0.1711047 0.1480969 0.1811185 0.1915860 0.3070455 0.2105350 0.1860315 0.1535122 0.1738891 0.3941279 0.4023676 0.3386098 0.3396673 0.3656276 0.1399778 0.0000000 0.2902105 0.2360172 0.2892437 0.2829344 0.3402869 0.8690882 0.7609306 0.9137021 0.7253901 0.7395998 0.7836263 0.7563533 0.7791763 0.6605464 0.6620765 0.6745999 0.6609183 0.6709426 0.6779063 0.6669269 0.6687162 0.6702150 
S0015_G4471_R1_A 0.3159074 0.3050447 0.3058260 0.2834418 0.2857105 0.2961037 0.3095580 0.3007604 0.2881751 0.3078103 0.2936768 0.3061228 0.3069849 0.2968001 0.3088635 0.3076285 0.2884307 0.3110777 0.3294383 0.4459173 0.3437542 0.3238428 0.2978699 0.3299565 0.3601076 0.3658357 0.2748280 0.2764982 0.4175991 0.2574921 0.2902105 0.0000000 0.1511938 0.1977721 0.1814854 0.1745323 0.9453647 0.8338080 0.9300399 0.8413687 0.8764691 0.8742945 0.8594743 0.8859291 0.8303763 0.8447263 0.8619461 0.8486272 0.8514971 0.8457291 0.8383629 0.8493115 0.8561729 
S0008_G4471_R1_A 0.2550832 0.2482359 0.2443413 0.2412347 0.2384224 0.2445478 0.2564556 0.2440372 0.2446987 0.2593732 0.2433585 0.2568601 0.2613698 0.2487857 0.2564669 0.2543208 0.2426950 0.2743521 0.2762546 0.3820715 0.2827670 0.2677030 0.2463436 0.2882417 0.3131428 0.3194636 0.2156253 0.2176626 0.4006369 0.1939889 0.2360172 0.1511938 0.0000000 0.1471085 0.1301679 0.1913207 0.9203734 0.7932968 0.9605185 0.8236800 0.8360866 0.8719552 0.8537496 0.8708016 0.7458553 0.7551233 0.7657619 0.7684629 0.7773800 0.7715677 0.7657617 0.7721922 0.7753516 
S0014_G4471_R1_A 0.3102513 0.3036831 0.2987612 0.2983540 0.2885516 0.2980795 0.3262717 0.2966889 0.3038542 0.3059100 0.3005300 0.3050472 0.3205415 0.3034194 0.3090794 0.3159661 0.3051074 0.3262452 0.3272885 0.4266660 0.3473438 0.3293598 0.2949092 0.3328642 0.3154211 0.3240680 0.2304678 0.2366828 0.4523614 0.2492340 0.2892437 0.1977721 0.1471085 0.0000000 0.1355451 0.2340504 0.9317730 0.8374916 0.9931008 0.8574546 0.8900851 0.9293074 0.9037424 0.8943686 0.7972497 0.8029773 0.8143631 0.8030416 0.8110689 0.8141819 0.8124806 0.8058691 0.8138948 
S0027_G4471_R1_A 0.3093338 0.3017251 0.3010112 0.2904632 0.2872756 0.2984616 0.3196287 0.2956946 0.2911769 0.2931505 0.2964831 0.3050273 0.3136944 0.2966075 0.3026008 0.3115793 0.2958232 0.3166020 0.3293616 0.4477890 0.3431843 0.3252520 0.2944153 0.3294577 0.3225611 0.3292222 0.2239873 0.2269436 0.4555853 0.2489760 0.2829344 0.1814854 0.1301679 0.1355451 0.0000000 0.2178902 0.9702724 0.8052221 0.9416002 0.8435897 0.8708976 0.9123353 0.8868999 0.8737852 0.7886897 0.7984034 0.8096794 0.7922614 0.8085812 0.8021626 0.7949085 0.7961095 0.8050199 
S0034_G4471_R1_A 0.3712694 0.3548101 0.3634588 0.3439022 0.3455392 0.3554804 0.3801844 0.3554139 0.3404561 0.3632615 0.3540373 0.3693725 0.3682161 0.3622161 0.3689646 0.3627128 0.3537636 0.3798033 0.3870607 0.4935288 0.3969340 0.3837811 0.3565877 0.3913273 0.3638417 0.3711786 0.2710604 0.2712423 0.4805106 0.3092131 0.3402869 0.1745323 0.1913207 0.2340504 0.2178902 0.0000000 1.0067175 0.9448072 1.0604331 0.9078143 0.9346098 0.9409615 0.9353797 0.9510519 0.8605715 0.8650091 0.8771514 0.8581804 0.8792067 0.8732526 0.8682766 0.8749102 0.8818963 
S0003_G4471_R1_N 0.8467983 0.8540291 0.9019700 0.8570801 0.8479372 0.8685334 0.8786236 0.8570927 0.8234677 0.7842573 0.8711029 0.8513364 0.8889460 0.8806008 0.8966813 0.8815148 0.8684517 0.8815299 0.8828213 1.0016922 0.8522717 0.8438335 0.8867867 0.8941103 0.9429979 0.9512832 0.9448127 0.9332682 0.9746539 0.9221271 0.8690882 0.9453647 0.9203734 0.9317730 0.9702724 1.0067175 0.0000000 0.7212417 0.7777625 0.9452441 0.9614822 1.0987001 1.0644287 0.9399816 0.8664208 0.8545990 0.8738364 0.8707103 0.8918768 0.8948481 0.9018736 0.8807052 0.8902950 
S0049_G4471_R1_A 0.7217893 0.7159505 0.7708207 0.7390966 0.7299920 0.7153762 0.7256051 0.7368554 0.7052308 0.7268584 0.7232608 0.7393590 0.7246532 0.7230437 0.7283099 0.7270164 0.7191005 0.7269975 0.7402346 0.8882492 0.7689636 0.7368814 0.7435912 0.8338627 0.9538383 0.9658169 0.9224563 0.9232654 0.8941418 0.7835059 0.7609306 0.8338080 0.7932968 0.8374916 0.8052221 0.9448072 0.7212417 0.0000000 0.1841647 0.8118965 0.8437614 1.0025925 0.9572834 0.7876560 0.9784627 0.9923635 1.0003015 0.9851901 1.0128482 1.0082661 1.0146074 1.0071404 1.0137391 
S0049_G4471_R2_A 0.8635218 0.8662207 0.9377947 0.8848837 0.8745528 0.8681907 0.8825835 0.8979543 0.8624795 0.8910598 0.8845879 0.8978666 0.8651669 0.8689072 0.8685930 0.8849047 0.8781004 0.8820034 0.9061593 1.0658113 0.9181347 0.8759221 0.8897657 0.9770439 1.1610351 1.1777818 1.0792361 1.0594356 1.0136801 0.9485147 0.9137021 0.9300399 0.9605185 0.9931008 0.9416002 1.0604331 0.7777625 0.1841647 0.0000000 0.9493323 0.9851104 1.1557541 1.1378808 0.9526308 1.1145950 1.1212286 1.1355896 1.1032900 1.1451715 1.1388810 1.1452014 1.1408699 1.1381126 
S0025_G4471_R1_A 0.6632192 0.6705137 0.7065015 0.6945857 0.6909465 0.6869059 0.7109097 0.6936713 0.6699946 0.6749414 0.6906612 0.7150966 0.6751943 0.7045890 0.7117520 0.7098111 0.6872209 0.6969858 0.6903496 0.8609675 0.7283984 0.7044932 0.7079402 0.8194220 0.9199908 0.9404567 0.9196259 0.9035257 0.9038438 0.7578213 0.7253901 0.8413687 0.8236800 0.8574546 0.8435897 0.9078143 0.9452441 0.8118965 0.9493323 0.0000000 0.0435759 0.1821283 0.1636800 0.1136431 0.9850812 1.0080922 1.0154267 0.9735433 1.0185701 1.0216946 1.0104230 1.0122660 1.0222772 
S0029_G4471_R1_A 0.6825936 0.6852360 0.7170973 0.7093837 0.7014212 0.6988431 0.7372197 0.7021411 0.6772677 0.6926008 0.6991911 0.7257718 0.6940873 0.7068288 0.7139663 0.7237718 0.6957104 0.7088270 0.7026324 0.8856061 0.7460109 0.7171860 0.7193332 0.8194294 0.9404757 0.9589755 0.9431905 0.9348929 0.9061752 0.7720134 0.7395998 0.8764691 0.8360866 0.8900851 0.8708976 0.9346098 0.9614822 0.8437614 0.9851104 0.0435759 0.0000000 0.1827044 0.1677548 0.1256127 0.9901910 1.0169338 1.0206057 0.9921068 1.0194666 1.0268842 1.0155713 1.0174076 1.0199878 
S0024_G4471_R1_A 0.7346775 0.7343664 0.7599184 0.7286921 0.7315294 0.7259544 0.7533423 0.7467137 0.7270923 0.7535625 0.7275631 0.7726375 0.7302940 0.7627988 0.7751998 0.7611193 0.7375360 0.7290292 0.7562941 0.8487929 0.7910257 0.7634222 0.7525424 0.8185762 1.0054520 1.0313776 1.0151560 1.0064341 0.9544161 0.8295625 0.7836263 0.8742945 0.8719552 0.9293074 0.9123353 0.9409615 1.0987001 1.0025925 1.1557541 0.1821283 0.1827044 0.0000000 0.0423472 0.2098784 1.0158813 1.0314872 1.0457637 0.9890736 1.0492828 1.0563702 1.0364967 1.0561795 1.0458902 
S0032_G4471_R1_N 0.7069193 0.7094443 0.7374928 0.7209142 0.7086545 0.7082215 0.7250433 0.7217994 0.7110966 0.7266917 0.7135132 0.7498298 0.7084372 0.7383650 0.7462725 0.7467281 0.7155150 0.7146303 0.7268266 0.8342234 0.7695600 0.7442127 0.7284267 0.7983262 0.9819156 1.0072437 0.9856965 0.9750541 0.9079929 0.7960008 0.7563533 0.8594743 0.8537496 0.9037424 0.8868999 0.9353797 1.0644287 0.9572834 1.1378808 0.1636800 0.1677548 0.0423472 0.0000000 0.1866747 0.9906562 1.0127149 1.0268324 0.9689281 1.0302970 1.0434606 1.0236441 1.0334272 1.0231575 
S0001_G4471_R1_A 0.7195221 0.7246430 0.7601175 0.7426578 0.7365035 0.7363246 0.7650421 0.7445738 0.7252514 0.7285013 0.7331339 0.7793214 0.7303127 0.7504430 0.7586231 0.7612975 0.7347123 0.7506687 0.7436901 0.8971345 0.7870423 0.7615034 0.7641031 0.8563912 0.9657133 0.9810281 0.9313364 0.9208107 0.9456498 0.8209507 0.7791763 0.8859291 0.8708016 0.8943686 0.8737852 0.9510519 0.9399816 0.7876560 0.9526308 0.1136431 0.1256127 0.2098784 0.1866747 0.0000000 0.9949433 1.0137993 1.0269627 0.9709740 1.0255631 1.0187318 1.0068548 1.0152980 1.0327309 
S0041_G4471_R1_N 0.6019145 0.6086288 0.6495160 0.6342494 0.6287983 0.6094555 0.6476896 0.6331915 0.6001444 0.6029223 0.6047207 0.6284427 0.6172609 0.6442162 0.6516267 0.6282270 0.6230938 0.6559744 0.6306618 0.6859171 0.6686266 0.6440318 0.6266629 0.7076369 0.8748872 0.8774261 0.8903905 0.9019626 0.8893103 0.6882899 0.6605464 0.8303763 0.7458553 0.7972497 0.7886897 0.8605715 0.8664208 0.9784627 1.1145950 0.9850812 0.9901910 1.0158813 0.9906562 0.9949433 0.0000000 0.0162619 0.0170538 0.0337786 0.0313947 0.0338549 0.0338692 0.0281225 0.0322531 
S0043_G4471_R1_N 0.6108238 0.6176397 0.6573545 0.6438178 0.6381855 0.6184771 0.6572882 0.6408190 0.6089498 0.6120847 0.6137298 0.6341397 0.6265366 0.6592553 0.6633595 0.6375969 0.6324869 0.6641110 0.6377026 0.6853811 0.6821085 0.6559561 0.6360710 0.7200937 0.8869518 0.8895426 0.8997231 0.9136356 0.8916901 0.6983940 0.6620765 0.8447263 0.7551233 0.8029773 0.7984034 0.8650091 0.8545990 0.9923635 1.1212286 1.0080922 1.0169338 1.0314872 1.0127149 1.0137993 0.0162619 0.0000000 0.0147441 0.0355659 0.0298787 0.0339269 0.0347529 0.0297958 0.0331430 
S0047_G4471_R1_N 0.6217073 0.6263410 0.6684756 0.6529643 0.6471772 0.6271862 0.6676365 0.6522476 0.6215396 0.6195825 0.6229085 0.6435260 0.6359475 0.6657486 0.6709463 0.6489378 0.6415055 0.6735320 0.6504187 0.6944509 0.6847928 0.6615247 0.6474646 0.7317890 0.8908660 0.8934701 0.9065283 0.9168960 0.9036094 0.7111555 0.6745999 0.8619461 0.7657619 0.8143631 0.8096794 0.8771514 0.8738364 1.0003015 1.1355896 1.0154267 1.0206057 1.0457637 1.0268324 1.0269627 0.0170538 0.0147441 0.0000000 0.0347460 0.0323033 0.0363922 0.0364077 0.0297763 0.0347806 
S0040_G4471_R1_N 0.6284689 0.6329689 0.6699476 0.6528325 0.6512041 0.6320894 0.6692096 0.6536119 0.6196901 0.6179866 0.6308622 0.6469864 0.6410059 0.6606825 0.6755438 0.6487515 0.6457659 0.6825521 0.6510175 0.6752596 0.6576960 0.6677737 0.6548591 0.7132188 0.8921605 0.8907918 0.9146670 0.9220159 0.8766386 0.6976602 0.6609183 0.8486272 0.7684629 0.8030416 0.7922614 0.8581804 0.8707103 0.9851901 1.1032900 0.9735433 0.9921068 0.9890736 0.9689281 0.9709740 0.0337786 0.0355659 0.0347460 0.0000000 0.0398352 0.0407840 0.0381999 0.0346340 0.0373336 
S0042_G4471_R1_N 0.6290928 0.6360797 0.6765306 0.6624817 0.6485025 0.6361509 0.6762650 0.6608581 0.6288992 0.6267386 0.6329466 0.6535841 0.6500240 0.6730800 0.6715646 0.6574744 0.6526790 0.6806493 0.6598036 0.7084085 0.7026860 0.6750092 0.6560378 0.7396456 0.8911227 0.8937383 0.9139687 0.9261140 0.9149936 0.7186087 0.6709426 0.8514971 0.7773800 0.8110689 0.8085812 0.8792067 0.8918768 1.0128482 1.1451715 1.0185701 1.0194666 1.0492828 1.0302970 1.0255631 0.0313947 0.0298787 0.0323033 0.0398352 0.0000000 0.0306979 0.0298753 0.0273722 0.0258679 
S0044_G4471_R1_N 0.6271616 0.6337856 0.6672260 0.6533295 0.6455844 0.6273637 0.6646205 0.6549671 0.6239229 0.6210746 0.6257485 0.6446234 0.6391721 0.6689317 0.6729255 0.6481931 0.6369513 0.6746913 0.6556915 0.7112630 0.6954973 0.6688275 0.6463570 0.7311538 0.8905399 0.8931491 0.9097635 0.9196758 0.8982447 0.7041883 0.6779063 0.8457291 0.7715677 0.8141819 0.8021626 0.8732526 0.8948481 1.0082661 1.1388810 1.0216946 1.0268842 1.0563702 1.0434606 1.0187318 0.0338549 0.0339269 0.0363922 0.0407840 0.0306979 0.0000000 0.0131707 0.0298467 0.0274852 
S0045_G4471_R1_A 0.6164596 0.6233226 0.6561744 0.6420573 0.6363864 0.6218452 0.6571428 0.6440777 0.6137876 0.6102820 0.6168266 0.6354494 0.6315653 0.6559387 0.6632631 0.6389843 0.6244463 0.6674631 0.6453385 0.6986289 0.6843407 0.6597213 0.6390309 0.7204421 0.8724911 0.8750231 0.8957326 0.9053732 0.8876302 0.6941178 0.6669269 0.8383629 0.7657617 0.8124806 0.7949085 0.8682766 0.9018736 1.0146074 1.1452014 1.0104230 1.0155713 1.0364967 1.0236441 1.0068548 0.0338692 0.0347529 0.0364077 0.0381999 0.0298753 0.0131707 0.0000000 0.0290268 0.0266682 
S0038_G4471_R1_A 0.6238837 0.6274042 0.6691323 0.6552048 0.6478114 0.6293254 0.6667498 0.6482688 0.6225292 0.6168499 0.6261210 0.6430188 0.6410694 0.6656009 0.6695371 0.6484892 0.6417878 0.6721411 0.6553287 0.7007364 0.6851817 0.6622094 0.6526315 0.7292697 0.8664131 0.8689254 0.8985596 0.9103355 0.9162654 0.7085539 0.6687162 0.8493115 0.7721922 0.8058691 0.7961095 0.8749102 0.8807052 1.0071404 1.1408699 1.0122660 1.0174076 1.0561795 1.0334272 1.0152980 0.0281225 0.0297958 0.0297763 0.0346340 0.0273722 0.0298467 0.0290268 0.0000000 0.0290207 
S0045_G4471_R2_A 0.6303832 0.6366227 0.6683653 0.6576445 0.6517486 0.6315146 0.6730504 0.6535241 0.6242058 0.6224226 0.6282976 0.6442660 0.6433832 0.6700736 0.6720903 0.6576348 0.6455413 0.6816567 0.6574592 0.7060107 0.6937156 0.6699374 0.6512543 0.7285963 0.8921853 0.8948061 0.9139438 0.9206882 0.9136201 0.7071505 0.6702150 0.8561729 0.7753516 0.8138948 0.8050199 0.8818963 0.8902950 1.0137391 1.1381126 1.0222772 1.0199878 1.0458902 1.0231575 1.0327309 0.0322531 0.0331430 0.0347806 0.0373336 0.0258679 0.0274852 0.0266682 0.0290207 0.0000000 
