59
S0038_G4603_R1_U 0.0000000 0.1227697 0.1227697 0.1202407 0.1166863 0.1204540 0.1216103 0.1164683 0.1192412 0.1219770 0.1164683 0.1192412 0.1219770 0.1600353 0.5960880 0.5570001 0.5650047 0.6277654 0.5622106 0.6855651 0.6965861 0.6956978 0.6814850 0.6233031 0.6539164 0.7079729 0.7095167 0.6821808 0.6645880 0.6810339 0.6865457 0.6605096 0.6591046 0.7145735 0.7155015 0.7116318 0.7245478 0.6767012 0.5980604 0.6594805 0.5754733 0.6004742 0.5965169 0.6115124 0.6138308 0.6396594 0.6336011 0.6116273 0.6270361 0.6337329 0.6965443 0.6254973 0.6410121 0.6423824 0.6282037 0.6463864 0.7937778 0.6529125 1.0169206 
S0038_G4603_R2_A 0.1227697 0.0000000 0.0000010 0.0061130 0.0123195 0.0185653 0.0154244 0.0187222 0.0196153 0.0238586 0.0187222 0.0196153 0.0238586 0.2568629 0.5670131 0.5350774 0.5362231 0.6115392 0.5328759 0.6693932 0.6859485 0.6792942 0.6507258 0.6138064 0.6469510 0.6882517 0.6921181 0.6607631 0.6461745 0.6678309 0.6680917 0.6409456 0.6392824 0.6929657 0.6731878 0.6778140 0.6996271 0.6493789 0.5681566 0.6277083 0.5452033 0.5667423 0.5696664 0.5629744 0.5652087 0.6363486 0.6241269 0.5870860 0.5989814 0.6050694 0.6641551 0.5829137 0.5975773 0.6038913 0.6014074 0.6189738 0.7472187 0.6058961 1.0127453 
S0038_G4603_R3_A 0.1227697 0.0000010 0.0000000 0.0061130 0.0123195 0.0185653 0.0154244 0.0187222 0.0196153 0.0238586 0.0187222 0.0196153 0.0238586 0.2568629 0.5670131 0.5350774 0.5362231 0.6115392 0.5328759 0.6693932 0.6859485 0.6792942 0.6507258 0.6138064 0.6469510 0.6882517 0.6921181 0.6607631 0.6461745 0.6678309 0.6680917 0.6409456 0.6392824 0.6929657 0.6731878 0.6778140 0.6996271 0.6493789 0.5681566 0.6277083 0.5452033 0.5667423 0.5696664 0.5629744 0.5652087 0.6363486 0.6241269 0.5870860 0.5989814 0.6050694 0.6641551 0.5829137 0.5975773 0.6038913 0.6014074 0.6189738 0.7472187 0.6058961 1.0127453 
S0042_G4603_R1_N 0.1202407 0.0061130 0.0061130 0.0000000 0.0081778 0.0123050 0.0092010 0.0124084 0.0133431 0.0175318 0.0124084 0.0133431 0.0175318 0.2550651 0.5683590 0.5320195 0.5331815 0.6032990 0.5297952 0.6657214 0.6820620 0.6755444 0.6470640 0.6052958 0.6384786 0.6844833 0.6883291 0.6571329 0.6425830 0.6641629 0.6644090 0.6373649 0.6356402 0.6943159 0.6748604 0.6794924 0.7013921 0.6507797 0.5643566 0.6291533 0.5510083 0.5635256 0.5706778 0.5708248 0.5730748 0.6289540 0.6168568 0.5930947 0.6023163 0.6084597 0.6604849 0.5868897 0.6016556 0.6080115 0.6080852 0.6258318 0.7494545 0.6048079 1.0023738 
S0040_G4603_R1_N 0.1166863 0.0123195 0.0123195 0.0081778 0.0000000 0.0123252 0.0112811 0.0124289 0.0133650 0.0175607 0.0124289 0.0133650 0.0175607 0.2535223 0.5670571 0.5263208 0.5337722 0.6040243 0.5284749 0.6594807 0.6783093 0.6692127 0.6512250 0.6064483 0.6371914 0.6853481 0.6819846 0.6509279 0.6388727 0.6628908 0.6631324 0.6311633 0.6318553 0.6877342 0.6732106 0.6731427 0.6949298 0.6442240 0.5605721 0.6272263 0.5575979 0.5761949 0.5809878 0.5789018 0.5811768 0.6439586 0.6315993 0.5968672 0.6061278 0.6123614 0.6567511 0.5921530 0.6070748 0.6134951 0.6183668 0.6342680 0.7548485 0.6083458 0.9944125 
S0041_G4603_R1_N 0.1204540 0.0185653 0.0185653 0.0123050 0.0123252 0.0000000 0.0050907 0.0145212 0.0154430 0.0196547 0.0145212 0.0154430 0.0196547 0.2589038 0.5790392 0.5353629 0.5433302 0.6122048 0.5376263 0.6726222 0.6921782 0.6825902 0.6589961 0.6144967 0.6451776 0.6937035 0.6924736 0.6639568 0.6518518 0.6760752 0.6742478 0.6440994 0.6450487 0.7017286 0.6845588 0.6865760 0.7087017 0.6579624 0.5732819 0.6424192 0.5621375 0.5762254 0.5788798 0.5859850 0.5882720 0.6423658 0.6300026 0.6020909 0.6134013 0.6197849 0.6699360 0.5929768 0.6079308 0.6143647 0.6115461 0.6294567 0.7639537 0.6205534 0.9915639 
S0047_G4603_R1_N 0.1216103 0.0154244 0.0154244 0.0092010 0.0112811 0.0050907 0.0000000 0.0155617 0.0164760 0.0206934 0.0155617 0.0164760 0.0206934 0.2537506 0.5733700 0.5324273 0.5403825 0.6061988 0.5346519 0.6662405 0.6854074 0.6760763 0.6525915 0.6082904 0.6389774 0.6871484 0.6859181 0.6576447 0.6455845 0.6696667 0.6678254 0.6378661 0.6386896 0.6948791 0.6779868 0.6800279 0.7019487 0.6513169 0.5672778 0.6334024 0.5614612 0.5755121 0.5807558 0.5852569 0.5875394 0.6382718 0.6259914 0.6013246 0.6126130 0.6189705 0.6635379 0.5895112 0.6043764 0.6107739 0.6107285 0.6285930 0.7592196 0.6149518 0.9879735 
S0044_G4603_R2_N 0.1164683 0.0187222 0.0187222 0.0124084 0.0124289 0.0145212 0.0155617 0.0000000 0.0010221 0.0156004 0.0000010 0.0010221 0.0156004 0.2506349 0.5757331 0.5348795 0.5395153 0.6094874 0.5371575 0.6704687 0.6927083 0.6777553 0.6567016 0.6118363 0.6428241 0.6946904 0.6934496 0.6617439 0.6495379 0.6739459 0.6742333 0.6417227 0.6426329 0.6997111 0.6824579 0.6819688 0.7050428 0.6559430 0.5696338 0.6362761 0.5642880 0.5785589 0.5764178 0.5878368 0.5901460 0.6399202 0.6276303 0.5997633 0.6110765 0.6174697 0.6656183 0.6033002 0.6184385 0.6249455 0.6163551 0.6264767 0.7665032 0.6081714 1.0194802 
S0045_G4603_R4_U 0.1192412 0.0196153 0.0196153 0.0133431 0.0133650 0.0154430 0.0164760 0.0010221 0.0000000 0.0165167 0.0010221 0.0000010 0.0165167 0.2530853 0.5767059 0.5331228 0.5410914 0.6141939 0.5353595 0.6672010 0.6890502 0.6770741 0.6535314 0.6091246 0.6398639 0.6911306 0.6898992 0.6585798 0.6464921 0.6706372 0.6709091 0.6387555 0.6395983 0.6959631 0.6789969 0.6810380 0.7052139 0.6526576 0.5708044 0.6384169 0.5622258 0.5763205 0.5764879 0.5882715 0.5905623 0.6428588 0.6305273 0.6006652 0.6110025 0.6173382 0.6623863 0.6029558 0.6180836 0.6245864 0.6188506 0.6369160 0.7660257 0.6109805 1.0189483 
S0045_G4603_R5_A 0.1219770 0.0238586 0.0238586 0.0175318 0.0175607 0.0196547 0.0206934 0.0156004 0.0165167 0.0000000 0.0156004 0.0165167 0.0000010 0.2590956 0.5747598 0.5381143 0.5429992 0.6161609 0.5379541 0.6700212 0.6894178 0.6761818 0.6563857 0.6147290 0.6453927 0.6939939 0.6927649 0.6613842 0.6492974 0.6709984 0.6737459 0.6415588 0.6424567 0.6949857 0.6818799 0.6860499 0.7059481 0.6556226 0.5736252 0.6410866 0.5596355 0.5736472 0.5727674 0.5780534 0.5803222 0.6424795 0.6301691 0.5989487 0.6082097 0.6144791 0.6652171 0.5993938 0.6144844 0.6209733 0.6142752 0.6322433 0.7748668 0.6086215 0.9860482 
S0044_G4603_R1_N 0.1164683 0.0187222 0.0187222 0.0124084 0.0124289 0.0145212 0.0155617 0.0000010 0.0010221 0.0156004 0.0000000 0.0010221 0.0156004 0.2506349 0.5757331 0.5348795 0.5395153 0.6094874 0.5371575 0.6704687 0.6927083 0.6777553 0.6567016 0.6118363 0.6428241 0.6946904 0.6934496 0.6617439 0.6495379 0.6739459 0.6742333 0.6417227 0.6426329 0.6997111 0.6824579 0.6819688 0.7050428 0.6559430 0.5696338 0.6362761 0.5642880 0.5785589 0.5764178 0.5878368 0.5901460 0.6399202 0.6276303 0.5997633 0.6110765 0.6174697 0.6656183 0.6033002 0.6184385 0.6249455 0.6163551 0.6264767 0.7665032 0.6081714 1.0194802 
S0045_G4603_R1_U 0.1192412 0.0196153 0.0196153 0.0133431 0.0133650 0.0154430 0.0164760 0.0010221 0.0000010 0.0165167 0.0010221 0.0000000 0.0165167 0.2530853 0.5767059 0.5331228 0.5410914 0.6141939 0.5353595 0.6672010 0.6890502 0.6770741 0.6535314 0.6091246 0.6398639 0.6911306 0.6898992 0.6585798 0.6464921 0.6706372 0.6709091 0.6387555 0.6395983 0.6959631 0.6789969 0.6810380 0.7052139 0.6526576 0.5708044 0.6384169 0.5622258 0.5763205 0.5764879 0.5882715 0.5905623 0.6428588 0.6305273 0.6006652 0.6110025 0.6173382 0.6623863 0.6029558 0.6180836 0.6245864 0.6188506 0.6369160 0.7660257 0.6109805 1.0189483 
S0045_G4603_R2_A 0.1219770 0.0238586 0.0238586 0.0175318 0.0175607 0.0196547 0.0206934 0.0156004 0.0165167 0.0000010 0.0156004 0.0165167 0.0000000 0.2590956 0.5747598 0.5381143 0.5429992 0.6161609 0.5379541 0.6700212 0.6894178 0.6761818 0.6563857 0.6147290 0.6453927 0.6939939 0.6927649 0.6613842 0.6492974 0.6709984 0.6737459 0.6415588 0.6424567 0.6949857 0.6818799 0.6860499 0.7059481 0.6556226 0.5736252 0.6410866 0.5596355 0.5736472 0.5727674 0.5780534 0.5803222 0.6424795 0.6301691 0.5989487 0.6082097 0.6144791 0.6652171 0.5993938 0.6144844 0.6209733 0.6142752 0.6322433 0.7748668 0.6086215 0.9860482 
S0043_G4603_R1_N 0.1600353 0.2568629 0.2568629 0.2550651 0.2535223 0.2589038 0.2537506 0.2506349 0.2530853 0.2590956 0.2506349 0.2530853 0.2590956 0.0000000 0.8182438 0.7607188 0.7905985 0.8881977 0.7641163 0.8044977 0.7784417 0.8330264 0.8081969 0.7252098 0.7789478 0.8284277 0.8197746 0.8210588 0.7914576 0.8053355 0.8275107 0.7844710 0.8026635 0.8084718 0.8777984 0.8601531 0.8525049 0.7918020 0.7242726 0.8957516 0.8053365 0.8370463 0.8431609 0.8158532 0.8188149 0.8732629 0.8640578 0.8310760 0.8546182 0.8053765 0.8613363 0.8585617 0.8813637 0.8788778 0.8359078 0.8610088 0.9002668 0.8400401 1.2596433 
S0012_G4603_R1_A 0.5960880 0.5670131 0.5670131 0.5683590 0.5670571 0.5790392 0.5733700 0.5757331 0.5767059 0.5747598 0.5757331 0.5767059 0.5747598 0.8182438 0.0000000 0.1015001 0.0973073 0.1319993 0.0655172 0.1220853 0.1157194 0.1250170 0.1131729 0.0918088 0.1167563 0.1371302 0.1305380 0.1177200 0.1121657 0.1275171 0.1272595 0.1066902 0.1103759 0.1289173 0.1312178 0.1338490 0.1434893 0.1010735 0.0634904 0.1886759 0.1852836 0.2100639 0.2147653 0.2261744 0.2276555 0.2696858 0.2696874 0.2219830 0.2255447 0.2321696 0.1324133 0.4850176 0.4999065 0.4946660 0.5160406 0.5312979 0.5982726 0.4600632 1.1745282 
S0033_G4603_R1_A 0.5570001 0.5350774 0.5350774 0.5320195 0.5263208 0.5353629 0.5324273 0.5348795 0.5331228 0.5381143 0.5348795 0.5331228 0.5381143 0.7607188 0.1015001 0.0000000 0.0751236 0.1132864 0.0936109 0.1521940 0.1509919 0.1526868 0.1403025 0.1199726 0.1438007 0.1673615 0.1585322 0.1514990 0.1431573 0.1546649 0.1569972 0.1276877 0.1436620 0.1550396 0.1656998 0.1728796 0.1708490 0.1289829 0.1019185 0.1582507 0.1419596 0.1691970 0.1670722 0.1872778 0.1872778 0.2323538 0.2304553 0.1756764 0.1837342 0.1864205 0.1542233 0.4296870 0.4346674 0.4319256 0.4727538 0.4874164 0.5396892 0.4212252 1.1676662 
S0005_G4603_R1_A 0.5650047 0.5362231 0.5362231 0.5331815 0.5337722 0.5433302 0.5403825 0.5395153 0.5410914 0.5429992 0.5395153 0.5410914 0.5429992 0.7905985 0.0973073 0.0751236 0.0000000 0.1034595 0.0933666 0.1585621 0.1591043 0.1540973 0.1402325 0.1250899 0.1501486 0.1641530 0.1665183 0.1539425 0.1452510 0.1558267 0.1639598 0.1368465 0.1485846 0.1568496 0.1670827 0.1742933 0.1800571 0.1384223 0.1092803 0.1831997 0.1595068 0.1830171 0.1995441 0.2197358 0.2212046 0.2428960 0.2409825 0.1919060 0.2063971 0.2140860 0.1652214 0.4561404 0.4616162 0.4609417 0.4999595 0.5256660 0.5656057 0.4443949 1.1425347 
S0035_G4603_R1_A 0.6277654 0.6115392 0.6115392 0.6032990 0.6040243 0.6122048 0.6061988 0.6094874 0.6141939 0.6161609 0.6094874 0.6141939 0.6161609 0.8881977 0.1319993 0.1132864 0.1034595 0.0000000 0.1202501 0.1915321 0.1913233 0.1920466 0.1822773 0.1553360 0.1839206 0.2018908 0.2016906 0.1879409 0.1848134 0.1961875 0.1908308 0.1679810 0.1786943 0.2115186 0.2038851 0.2050461 0.2068089 0.1625939 0.1276197 0.2060276 0.2084983 0.2316675 0.2306813 0.2622177 0.2637869 0.2861442 0.2821135 0.2421235 0.2237388 0.2340027 0.1992503 0.4724317 0.4760038 0.4729078 0.5176774 0.5330694 0.5863277 0.4756582 1.1934202 
S0026_G4603_R1_A 0.5622106 0.5328759 0.5328759 0.5297952 0.5284749 0.5376263 0.5346519 0.5371575 0.5353595 0.5379541 0.5371575 0.5353595 0.5379541 0.7641163 0.0655172 0.0936109 0.0933666 0.1202501 0.0000000 0.1040490 0.0979692 0.1031164 0.0951542 0.0777627 0.0941291 0.1138133 0.1074084 0.1011200 0.0956585 0.1107108 0.1155483 0.0885438 0.0974729 0.1156944 0.1232435 0.1246450 0.1301210 0.0865557 0.0631363 0.1889067 0.1813751 0.2065131 0.2106754 0.2274228 0.2289215 0.2565295 0.2565322 0.2119035 0.2185377 0.2238803 0.1103109 0.4800377 0.4923082 0.4915687 0.5156246 0.5379459 0.6045011 0.4398134 1.0796703 
S0022_G4603_R1_A 0.6855651 0.6693932 0.6693932 0.6657214 0.6594807 0.6726222 0.6662405 0.6704687 0.6672010 0.6700212 0.6704687 0.6672010 0.6700212 0.8044977 0.1220853 0.1521940 0.1585621 0.1915321 0.1040490 0.0000000 0.0531188 0.0450002 0.0420161 0.0400062 0.0426601 0.0559517 0.0491983 0.0370745 0.0395548 0.0528390 0.0504947 0.0363643 0.0426153 0.0675303 0.0646975 0.0640095 0.0655239 0.0477310 0.0824111 0.2622225 0.2394990 0.2796246 0.2850500 0.2913156 0.2929288 0.3661222 0.3704902 0.2817939 0.2866800 0.2675096 0.1208331 0.5738599 0.5878797 0.5842622 0.6143896 0.6335999 0.6281382 0.5321414 1.1928432 
S0028_G4603_R1_A 0.6965861 0.6859485 0.6859485 0.6820620 0.6783093 0.6921782 0.6854074 0.6927083 0.6890502 0.6894178 0.6927083 0.6890502 0.6894178 0.7784417 0.1157194 0.1509919 0.1591043 0.1913233 0.0979692 0.0531188 0.0000000 0.0450707 0.0494625 0.0435618 0.0427334 0.0600939 0.0542259 0.0564057 0.0488008 0.0614991 0.0613764 0.0489382 0.0484719 0.0696788 0.0724820 0.0716477 0.0696319 0.0521404 0.0812131 0.2666266 0.2495970 0.2808747 0.2869863 0.2898009 0.2914590 0.3640039 0.3595037 0.2998169 0.2991046 0.2738980 0.1153276 0.5992722 0.6142108 0.6103569 0.6524954 0.6729701 0.6505642 0.5559787 1.2220462 
S0021_G4603_R1_A 0.6956978 0.6792942 0.6792942 0.6755444 0.6692127 0.6825902 0.6760763 0.6777553 0.6770741 0.6761818 0.6777553 0.6770741 0.6761818 0.8330264 0.1250170 0.1526868 0.1540973 0.1920466 0.1031164 0.0450002 0.0450707 0.0000000 0.0409569 0.0378321 0.0372534 0.0562418 0.0460961 0.0426554 0.0429652 0.0540056 0.0528515 0.0409646 0.0471857 0.0664580 0.0659348 0.0652028 0.0667129 0.0490069 0.0907745 0.2687632 0.2455761 0.2776055 0.2835711 0.3009519 0.3025960 0.3689518 0.3711857 0.2829549 0.2965867 0.2760547 0.1236693 0.5947662 0.6092187 0.6054907 0.6374472 0.6571436 0.6482630 0.5493897 1.2469871 
S0046_G4603_R1_A 0.6814850 0.6507258 0.6507258 0.6470640 0.6512250 0.6589961 0.6525915 0.6567016 0.6535314 0.6563857 0.6567016 0.6535314 0.6563857 0.8081969 0.1131729 0.1403025 0.1402325 0.1822773 0.0951542 0.0420161 0.0494625 0.0409569 0.0000000 0.0370080 0.0375566 0.0544237 0.0486999 0.0407793 0.0388540 0.0488632 0.0487694 0.0344524 0.0430355 0.0581800 0.0618271 0.0623184 0.0578758 0.0500405 0.0798002 0.2589160 0.2277558 0.2609869 0.2638674 0.2838460 0.2854725 0.3425254 0.3425185 0.2733965 0.2817125 0.2607321 0.1206769 0.5752621 0.5791098 0.5780785 0.6188210 0.6438162 0.6285464 0.5405045 1.1973818 
S0023_G4603_R1_A 0.6233031 0.6138064 0.6138064 0.6052958 0.6064483 0.6144967 0.6082904 0.6118363 0.6091246 0.6147290 0.6118363 0.6091246 0.6147290 0.7252098 0.0918088 0.1199726 0.1250899 0.1553360 0.0777627 0.0400062 0.0435618 0.0378321 0.0370080 0.0000000 0.0000010 0.0528432 0.0480592 0.0376331 0.0353173 0.0459435 0.0458070 0.0309503 0.0396345 0.0607235 0.0600712 0.0586318 0.0601203 0.0442848 0.0800915 0.2355852 0.2055021 0.2343041 0.2403935 0.2692586 0.2709018 0.3132344 0.3132313 0.2480653 0.2563100 0.2591740 0.0930733 0.5442287 0.5582647 0.5546401 0.5870326 0.6115889 0.5979281 0.5113150 1.1139354 
S0023_G4603_R2_A 0.6539164 0.6469510 0.6469510 0.6384786 0.6371914 0.6451776 0.6389774 0.6428241 0.6398639 0.6453927 0.6428241 0.6398639 0.6453927 0.7789478 0.1167563 0.1438007 0.1501486 0.1839206 0.0941291 0.0426601 0.0427334 0.0372534 0.0375566 0.0000010 0.0000000 0.0550002 0.0471070 0.0414713 0.0384203 0.0506078 0.0493950 0.0320426 0.0437186 0.0626863 0.0647199 0.0640314 0.0631443 0.0477791 0.0800915 0.2600430 0.2294787 0.2585925 0.2635288 0.2948251 0.2964530 0.3458058 0.3457986 0.2739211 0.2835077 0.2611991 0.1217314 0.5728861 0.5868669 0.5832594 0.6191786 0.6434824 0.6316830 0.5434964 1.1600581 
S0018_G4603_R1_A 0.7079729 0.6882517 0.6882517 0.6844833 0.6853481 0.6937035 0.6871484 0.6946904 0.6911306 0.6939939 0.6946904 0.6911306 0.6939939 0.8284277 0.1371302 0.1673615 0.1641530 0.2018908 0.1138133 0.0559517 0.0600939 0.0562418 0.0544237 0.0528432 0.0550002 0.0000000 0.0325020 0.0570092 0.0552116 0.0676584 0.0616943 0.0520320 0.0597945 0.0807695 0.0822836 0.0837284 0.0817674 0.0607571 0.0871125 0.2696998 0.2562837 0.2848493 0.2891152 0.3134079 0.3135608 0.3784223 0.3752491 0.3063373 0.3151820 0.2886183 0.1277398 0.6078869 0.6225254 0.6187505 0.6537835 0.6788042 0.6629064 0.5789707 1.2161169 
S0031_G4603_R1_A 0.7095167 0.6921181 0.6921181 0.6883291 0.6819846 0.6924736 0.6859181 0.6934496 0.6898992 0.6927649 0.6934496 0.6898992 0.6927649 0.8197746 0.1305380 0.1585322 0.1665183 0.2016906 0.1074084 0.0491983 0.0542259 0.0460961 0.0486999 0.0480592 0.0471070 0.0325020 0.0000000 0.0480503 0.0483539 0.0629821 0.0593158 0.0441199 0.0551720 0.0734658 0.0774427 0.0754572 0.0746749 0.0571685 0.0807018 0.2705697 0.2533950 0.2824206 0.2877124 0.3051431 0.3052914 0.3763318 0.3763200 0.2988764 0.3035615 0.2789588 0.1211405 0.6197013 0.6346219 0.6307749 0.6677868 0.6880607 0.6741454 0.5589985 1.2031451 
S0030_G4603_R1_A 0.6821808 0.6607631 0.6607631 0.6571329 0.6509279 0.6639568 0.6576447 0.6617439 0.6585798 0.6613842 0.6617439 0.6585798 0.6613842 0.8210588 0.1177200 0.1514990 0.1539425 0.1879409 0.1011200 0.0370745 0.0564057 0.0426554 0.0407793 0.0376331 0.0414713 0.0570092 0.0480503 0.0000000 0.0338835 0.0492690 0.0480369 0.0352804 0.0391203 0.0662429 0.0632758 0.0626633 0.0652564 0.0475824 0.0861831 0.2661391 0.2360021 0.2793216 0.2830883 0.3005175 0.3021501 0.3738197 0.3738082 0.2885631 0.2950485 0.2758429 0.1200189 0.5776499 0.5917028 0.5880771 0.6332962 0.6578578 0.6465011 0.5487843 1.2303709 
S0020_G4603_R1_A 0.6645880 0.6461745 0.6461745 0.6425830 0.6388727 0.6518518 0.6455845 0.6495379 0.6464921 0.6492974 0.6495379 0.6464921 0.6492974 0.7914576 0.1121657 0.1431573 0.1452510 0.1848134 0.0956585 0.0395548 0.0488008 0.0429652 0.0388540 0.0353173 0.0384203 0.0552116 0.0483539 0.0338835 0.0000000 0.0307380 0.0361244 0.0355087 0.0313864 0.0595264 0.0588264 0.0608520 0.0622144 0.0420385 0.0849067 0.2663390 0.2311572 0.2610737 0.2677373 0.2838432 0.2854540 0.3481887 0.3438847 0.2750467 0.2839753 0.2650896 0.1188597 0.5710752 0.5851212 0.5814966 0.6210275 0.6404969 0.6382888 0.5401298 1.1797931 
S0036_G4603_R1_A 0.6810339 0.6678309 0.6678309 0.6641629 0.6628908 0.6760752 0.6696667 0.6739459 0.6706372 0.6709984 0.6739459 0.6706372 0.6709984 0.8053355 0.1275171 0.1546649 0.1558267 0.1961875 0.1107108 0.0528390 0.0614991 0.0540056 0.0488632 0.0459435 0.0506078 0.0676584 0.0629821 0.0492690 0.0307380 0.0000000 0.0413355 0.0477108 0.0461239 0.0676333 0.0705145 0.0745458 0.0761082 0.0475408 0.0945262 0.2737536 0.2374137 0.2693183 0.2827927 0.2955964 0.2972291 0.3500692 0.3457537 0.2730320 0.2865742 0.2660005 0.1309391 0.6135073 0.6283465 0.6245200 0.6571883 0.6773914 0.6722607 0.5639089 1.2540080 
S0011_G4603_R1_A 0.6865457 0.6680917 0.6680917 0.6644090 0.6631324 0.6742478 0.6678254 0.6742333 0.6709091 0.6737459 0.6742333 0.6709091 0.6737459 0.8275107 0.1272595 0.1569972 0.1639598 0.1908308 0.1155483 0.0504947 0.0613764 0.0528515 0.0487694 0.0458070 0.0493950 0.0616943 0.0593158 0.0480369 0.0361244 0.0413355 0.0000000 0.0487710 0.0448869 0.0724006 0.0705661 0.0709631 0.0759384 0.0474326 0.0995538 0.2732658 0.2415723 0.2752570 0.2802154 0.2975553 0.2991843 0.3696035 0.3652100 0.2870883 0.3024174 0.2796776 0.1313660 0.5886972 0.6030037 0.5965734 0.6338077 0.6484444 0.6340542 0.5628256 1.2354553 
S0016_G4603_R1_A 0.6605096 0.6409456 0.6409456 0.6373649 0.6311633 0.6440994 0.6378661 0.6417227 0.6387555 0.6415588 0.6417227 0.6387555 0.6415588 0.7844710 0.1066902 0.1276877 0.1368465 0.1679810 0.0885438 0.0363643 0.0489382 0.0409646 0.0344524 0.0309503 0.0320426 0.0520320 0.0441199 0.0352804 0.0355087 0.0477108 0.0487710 0.0000000 0.0430692 0.0559131 0.0607050 0.0623822 0.0591059 0.0442414 0.0699770 0.2404045 0.2167679 0.2490466 0.2519247 0.2716753 0.2732698 0.3350710 0.3350652 0.2612557 0.2677787 0.2521255 0.1109295 0.5642081 0.5753854 0.5669206 0.6114410 0.6308126 0.6142032 0.5264566 1.1643717 
S0019_G4603_R1_A 0.6591046 0.6392824 0.6392824 0.6356402 0.6318553 0.6450487 0.6386896 0.6426329 0.6395983 0.6424567 0.6426329 0.6395983 0.6424567 0.8026635 0.1103759 0.1436620 0.1485846 0.1786943 0.0974729 0.0426153 0.0484719 0.0471857 0.0430355 0.0396345 0.0437186 0.0597945 0.0551720 0.0391203 0.0313864 0.0461239 0.0448869 0.0430692 0.0000000 0.0707065 0.0684528 0.0680219 0.0669597 0.0458261 0.0828633 0.2586870 0.2294883 0.2663468 0.2679757 0.2810473 0.2826790 0.3543906 0.3500179 0.2774504 0.2791069 0.2580070 0.1204162 0.5793450 0.5938368 0.5900970 0.6337904 0.6539773 0.6567696 0.5334307 1.1264980 
S0017_G4603_R1_A 0.7145735 0.6929657 0.6929657 0.6943159 0.6877342 0.7017286 0.6948791 0.6997111 0.6959631 0.6949857 0.6997111 0.6959631 0.6949857 0.8084718 0.1289173 0.1550396 0.1568496 0.2115186 0.1156944 0.0675303 0.0696788 0.0664580 0.0581800 0.0607235 0.0626863 0.0807695 0.0734658 0.0662429 0.0595264 0.0676333 0.0724006 0.0559131 0.0707065 0.0000000 0.0853670 0.0868703 0.0909013 0.0662777 0.1027486 0.2617363 0.2376075 0.2684530 0.2774761 0.2955864 0.2972666 0.3564150 0.3564058 0.2793315 0.2883214 0.2668208 0.1288024 0.5743318 0.5857015 0.5822014 0.6311084 0.6513149 0.6331142 0.5652652 1.2426748 
S0048_G4603_R1_A 0.7155015 0.6731878 0.6731878 0.6748604 0.6732106 0.6845588 0.6779868 0.6824579 0.6789969 0.6818799 0.6824579 0.6789969 0.6818799 0.8777984 0.1312178 0.1656998 0.1670827 0.2038851 0.1232435 0.0646975 0.0724820 0.0659348 0.0618271 0.0600712 0.0647199 0.0822836 0.0774427 0.0632758 0.0588264 0.0705145 0.0705661 0.0607050 0.0684528 0.0853670 0.0000000 0.0198159 0.0765009 0.0661573 0.1024733 0.2940021 0.2550259 0.2794561 0.2936967 0.3031130 0.3047618 0.3807108 0.3806980 0.3062790 0.3094636 0.2872754 0.1507245 0.5803910 0.5996804 0.5931171 0.6356747 0.6532631 0.6464510 0.5609972 1.2794792 
S0050_G4603_R1_A 0.7116318 0.6778140 0.6778140 0.6794924 0.6731427 0.6865760 0.6800279 0.6819688 0.6810380 0.6860499 0.6819688 0.6810380 0.6860499 0.8601531 0.1338490 0.1728796 0.1742933 0.2050461 0.1246450 0.0640095 0.0716477 0.0652028 0.0623184 0.0586318 0.0640314 0.0837284 0.0754572 0.0626633 0.0608520 0.0745458 0.0709631 0.0623822 0.0680219 0.0868703 0.0198159 0.0000000 0.0745221 0.0692596 0.1006830 0.2989779 0.2615338 0.2861879 0.2988894 0.3098288 0.3114818 0.3936802 0.3982381 0.3130970 0.3178035 0.2905222 0.1511137 0.5928876 0.6123867 0.6057546 0.6464849 0.6612470 0.6519341 0.5672760 1.2515187 
S0013_G4603_R1_A 0.7245478 0.6996271 0.6996271 0.7013921 0.6949298 0.7087017 0.7019487 0.7050428 0.7052139 0.7059481 0.7050428 0.7052139 0.7059481 0.8525049 0.1434893 0.1708490 0.1800571 0.2068089 0.1301210 0.0655239 0.0696319 0.0667129 0.0578758 0.0601203 0.0631443 0.0817674 0.0746749 0.0652564 0.0622144 0.0761082 0.0759384 0.0591059 0.0669597 0.0909013 0.0765009 0.0745221 0.0000000 0.0721082 0.1037882 0.2839783 0.2577918 0.2942967 0.3001478 0.3052708 0.3069188 0.3865949 0.3865813 0.3039726 0.3080692 0.2810379 0.1473399 0.5888799 0.6054059 0.5994071 0.6393832 0.6510285 0.6249288 0.5661591 1.2005068 
S0002_G4603_R1_A 0.6767012 0.6493789 0.6493789 0.6507797 0.6442240 0.6579624 0.6513169 0.6559430 0.6526576 0.6556226 0.6559430 0.6526576 0.6556226 0.7918020 0.1010735 0.1289829 0.1384223 0.1625939 0.0865557 0.0477310 0.0521404 0.0490069 0.0500405 0.0442848 0.0477791 0.0607571 0.0571685 0.0475824 0.0420385 0.0475408 0.0474326 0.0442414 0.0458261 0.0662777 0.0661573 0.0692596 0.0721082 0.0000000 0.0688990 0.2323433 0.2240081 0.2569215 0.2528534 0.2757689 0.2774580 0.3411411 0.3411340 0.2716480 0.2733908 0.2615614 0.0921106 0.5755462 0.5905275 0.5866599 0.6253700 0.6461317 0.6164526 0.5384117 1.1138464 
S0037_G4603_R1_A 0.5980604 0.5681566 0.5681566 0.5643566 0.5605721 0.5732819 0.5672778 0.5696338 0.5708044 0.5736252 0.5696338 0.5708044 0.5736252 0.7242726 0.0634904 0.1019185 0.1092803 0.1276197 0.0631363 0.0824111 0.0812131 0.0907745 0.0798002 0.0800915 0.0800915 0.0871125 0.0807018 0.0861831 0.0849067 0.0945262 0.0995538 0.0699770 0.0828633 0.1027486 0.1024733 0.1006830 0.1037882 0.0688990 0.0000000 0.2024893 0.1927536 0.2145335 0.2135012 0.2309374 0.2325343 0.2750935 0.2750947 0.2193542 0.2248214 0.2281805 0.0913145 0.4883269 0.5016587 0.4932957 0.5217495 0.5430663 0.5786875 0.4579020 1.0819521 
S0006_G4603_R1_A 0.6594805 0.6277083 0.6277083 0.6291533 0.6272263 0.6424192 0.6334024 0.6362761 0.6384169 0.6410866 0.6362761 0.6384169 0.6410866 0.8957516 0.1886759 0.1582507 0.1831997 0.2060276 0.1889067 0.2622225 0.2666266 0.2687632 0.2589160 0.2355852 0.2600430 0.2696998 0.2705697 0.2661391 0.2663390 0.2737536 0.2732658 0.2404045 0.2586870 0.2617363 0.2940021 0.2989779 0.2839783 0.2323433 0.2024893 0.0000000 0.2203782 0.2214931 0.2273829 0.2455796 0.2455796 0.2846374 0.2824329 0.2383922 0.2464477 0.2498417 0.2693311 0.4616282 0.4725708 0.4709229 0.4928630 0.4996050 0.6009136 0.4818628 1.2577379 
S0008_G4603_R1_U 0.5754733 0.5452033 0.5452033 0.5510083 0.5575979 0.5621375 0.5614612 0.5642880 0.5622258 0.5596355 0.5642880 0.5622258 0.5596355 0.8053365 0.1852836 0.1419596 0.1595068 0.2084983 0.1813751 0.2394990 0.2495970 0.2455761 0.2277558 0.2055021 0.2294787 0.2562837 0.2533950 0.2360021 0.2311572 0.2374137 0.2415723 0.2167679 0.2294883 0.2376075 0.2550259 0.2615338 0.2577918 0.2240081 0.1927536 0.2203782 0.0000000 0.0890437 0.1020984 0.1245058 0.1257839 0.1772019 0.1788076 0.0822739 0.0973094 0.1006004 0.2583329 0.4511114 0.4630760 0.4555020 0.4897634 0.4982463 0.5566853 0.4475084 1.2677442 
S0015_G4603_R1_A 0.6004742 0.5667423 0.5667423 0.5635256 0.5761949 0.5762254 0.5755121 0.5785589 0.5763205 0.5736472 0.5785589 0.5763205 0.5736472 0.8370463 0.2100639 0.1691970 0.1830171 0.2316675 0.2065131 0.2796246 0.2808747 0.2776055 0.2609869 0.2343041 0.2585925 0.2848493 0.2824206 0.2793216 0.2610737 0.2693183 0.2752570 0.2490466 0.2663468 0.2684530 0.2794561 0.2861879 0.2942967 0.2569215 0.2145335 0.2214931 0.0890437 0.0000000 0.0803278 0.1485265 0.1498702 0.1912191 0.1928576 0.1179462 0.1219012 0.1238608 0.2890374 0.4742719 0.4854569 0.4862308 0.4947985 0.4954484 0.5803435 0.4745103 1.2349938 
S0034_G4603_R1_A 0.5965169 0.5696664 0.5696664 0.5706778 0.5809878 0.5788798 0.5807558 0.5764178 0.5764879 0.5727674 0.5764178 0.5764879 0.5727674 0.8431609 0.2147653 0.1670722 0.1995441 0.2306813 0.2106754 0.2850500 0.2869863 0.2835711 0.2638674 0.2403935 0.2635288 0.2891152 0.2877124 0.2830883 0.2677373 0.2827927 0.2802154 0.2519247 0.2679757 0.2774761 0.2936967 0.2988894 0.3001478 0.2528534 0.2135012 0.2273829 0.1020984 0.0803278 0.0000000 0.1606821 0.1620665 0.1870843 0.1887605 0.1217584 0.1248588 0.1278001 0.2891267 0.4553178 0.4587668 0.4608824 0.4817237 0.4904852 0.5689985 0.4638841 1.2670464 
S0009_G4603_R1_A 0.6115124 0.5629744 0.5629744 0.5708248 0.5789018 0.5859850 0.5852569 0.5878368 0.5882715 0.5780534 0.5878368 0.5882715 0.5780534 0.8158532 0.2261744 0.1872778 0.2197358 0.2622177 0.2274228 0.2913156 0.2898009 0.3009519 0.2838460 0.2692586 0.2948251 0.3134079 0.3051431 0.3005175 0.2838432 0.2955964 0.2975553 0.2716753 0.2810473 0.2955864 0.3031130 0.3098288 0.3052708 0.2757689 0.2309374 0.2455796 0.1245058 0.1485265 0.1606821 0.0000000 0.0010219 0.1388491 0.1403529 0.1362584 0.1500965 0.1590998 0.3121770 0.4808890 0.4888124 0.4875121 0.4947496 0.5101810 0.5969460 0.4634244 1.2871098 
S0010_G4603_R1_A 0.6138308 0.5652087 0.5652087 0.5730748 0.5811768 0.5882720 0.5875394 0.5901460 0.5905623 0.5803222 0.5901460 0.5905623 0.5803222 0.8188149 0.2276555 0.1872778 0.2212046 0.2637869 0.2289215 0.2929288 0.2914590 0.3025960 0.2854725 0.2709018 0.2964530 0.3135608 0.3052914 0.3021501 0.2854540 0.2972291 0.2991843 0.2732698 0.2826790 0.2972666 0.3047618 0.3114818 0.3069188 0.2774580 0.2325343 0.2455796 0.1257839 0.1498702 0.1620665 0.0010219 0.0000000 0.1403734 0.1418809 0.1375802 0.1514340 0.1604810 0.3123295 0.4830564 0.4910054 0.4896990 0.4968691 0.5123264 0.5995604 0.4655044 1.2879818 
S0051_G4603_R1_A 0.6396594 0.6363486 0.6363486 0.6289540 0.6439586 0.6423658 0.6382718 0.6399202 0.6428588 0.6424795 0.6399202 0.6428588 0.6424795 0.8732629 0.2696858 0.2323538 0.2428960 0.2861442 0.2565295 0.3661222 0.3640039 0.3689518 0.3425254 0.3132344 0.3458058 0.3784223 0.3763318 0.3738197 0.3481887 0.3500692 0.3696035 0.3350710 0.3543906 0.3564150 0.3807108 0.3936802 0.3865949 0.3411411 0.2750935 0.2846374 0.1772019 0.1912191 0.1870843 0.1388491 0.1403734 0.0000000 0.0060553 0.1867102 0.1999598 0.2007169 0.3748144 0.4531748 0.4700616 0.4613102 0.4677111 0.4760538 0.5855295 0.4487130 1.2054151 
S0039_G4603_R1_A 0.6336011 0.6241269 0.6241269 0.6168568 0.6315993 0.6300026 0.6259914 0.6276303 0.6305273 0.6301691 0.6276303 0.6305273 0.6301691 0.8640578 0.2696874 0.2304553 0.2409825 0.2821135 0.2565322 0.3704902 0.3595037 0.3711857 0.3425185 0.3132313 0.3457986 0.3752491 0.3763200 0.3738082 0.3438847 0.3457537 0.3652100 0.3350652 0.3500179 0.3564058 0.3806980 0.3982381 0.3865813 0.3411340 0.2750947 0.2824329 0.1788076 0.1928576 0.1887605 0.1403529 0.1418809 0.0060553 0.0000000 0.1883185 0.2015927 0.2024183 0.3792444 0.4625640 0.4797349 0.4708552 0.4773137 0.4857765 0.5976191 0.4538629 1.2085695 
S0014_G4603_R1_A 0.6116273 0.5870860 0.5870860 0.5930947 0.5968672 0.6020909 0.6013246 0.5997633 0.6006652 0.5989487 0.5997633 0.6006652 0.5989487 0.8310760 0.2219830 0.1756764 0.1919060 0.2421235 0.2119035 0.2817939 0.2998169 0.2829549 0.2733965 0.2480653 0.2739211 0.3063373 0.2988764 0.2885631 0.2750467 0.2730320 0.2870883 0.2612557 0.2774504 0.2793315 0.3062790 0.3130970 0.3039726 0.2716480 0.2193542 0.2383922 0.0822739 0.1179462 0.1217584 0.1362584 0.1375802 0.1867102 0.1883185 0.0000000 0.0858312 0.0878052 0.2960029 0.4685592 0.4771428 0.4717352 0.4840216 0.4965504 0.5616424 0.4655149 1.2425303 
S0027_G4603_R1_A 0.6270361 0.5989814 0.5989814 0.6023163 0.6061278 0.6134013 0.6126130 0.6110765 0.6110025 0.6082097 0.6110765 0.6110025 0.6082097 0.8546182 0.2255447 0.1837342 0.2063971 0.2237388 0.2185377 0.2866800 0.2991046 0.2965867 0.2817125 0.2563100 0.2835077 0.3151820 0.3035615 0.2950485 0.2839753 0.2865742 0.3024174 0.2677787 0.2791069 0.2883214 0.3094636 0.3178035 0.3080692 0.2733908 0.2248214 0.2464477 0.0973094 0.1219012 0.1248588 0.1500965 0.1514340 0.1999598 0.2015927 0.0858312 0.0000000 0.0000010 0.2938253 0.4637650 0.4745662 0.4714507 0.4815483 0.4964711 0.5598632 0.4485246 1.2050509 
S0027_G4603_R2_A 0.6337329 0.6050694 0.6050694 0.6084597 0.6123614 0.6197849 0.6189705 0.6174697 0.6173382 0.6144791 0.6174697 0.6173382 0.6144791 0.8053765 0.2321696 0.1864205 0.2140860 0.2340027 0.2238803 0.2675096 0.2738980 0.2760547 0.2607321 0.2591740 0.2611991 0.2886183 0.2789588 0.2758429 0.2650896 0.2660005 0.2796776 0.2521255 0.2580070 0.2668208 0.2872754 0.2905222 0.2810379 0.2615614 0.2281805 0.2498417 0.1006004 0.1238608 0.1278001 0.1590998 0.1604810 0.2007169 0.2024183 0.0878052 0.0000010 0.0000000 0.2732240 0.4810390 0.4922940 0.4890410 0.5008573 0.5164037 0.5758170 0.4582980 1.2145900 
S0004_G4603_R1_A 0.6965443 0.6641551 0.6641551 0.6604849 0.6567511 0.6699360 0.6635379 0.6656183 0.6623863 0.6652171 0.6656183 0.6623863 0.6652171 0.8613363 0.1324133 0.1542233 0.1652214 0.1992503 0.1103109 0.1208331 0.1153276 0.1236693 0.1206769 0.0930733 0.1217314 0.1277398 0.1211405 0.1200189 0.1188597 0.1309391 0.1313660 0.1109295 0.1204162 0.1288024 0.1507245 0.1511137 0.1473399 0.0921106 0.0913145 0.2693311 0.2583329 0.2890374 0.2891267 0.3121770 0.3123295 0.3748144 0.3792444 0.2960029 0.2938253 0.2732240 0.0000000 0.6156859 0.6306615 0.6240885 0.6594542 0.6770721 0.6901458 0.5518130 1.1341144 
S0032_G4603_R2_N 0.6254973 0.5829137 0.5829137 0.5868897 0.5921530 0.5929768 0.5895112 0.6033002 0.6029558 0.5993938 0.6033002 0.6029558 0.5993938 0.8585617 0.4850176 0.4296870 0.4561404 0.4724317 0.4800377 0.5738599 0.5992722 0.5947662 0.5752621 0.5442287 0.5728861 0.6078869 0.6197013 0.5776499 0.5710752 0.6135073 0.5886972 0.5642081 0.5793450 0.5743318 0.5803910 0.5928876 0.5888799 0.5755462 0.4883269 0.4616282 0.4511114 0.4742719 0.4553178 0.4808890 0.4830564 0.4531748 0.4625640 0.4685592 0.4637650 0.4810390 0.6156859 0.0000000 0.0165459 0.0199167 0.0563648 0.0611662 0.1446991 0.3680781 1.1908739 
S0032_G4603_R1_N 0.6410121 0.5975773 0.5975773 0.6016556 0.6070748 0.6079308 0.6043764 0.6184385 0.6180836 0.6144844 0.6184385 0.6180836 0.6144844 0.8813637 0.4999065 0.4346674 0.4616162 0.4760038 0.4923082 0.5878797 0.6142108 0.6092187 0.5791098 0.5582647 0.5868669 0.6225254 0.6346219 0.5917028 0.5851212 0.6283465 0.6030037 0.5753854 0.5938368 0.5857015 0.5996804 0.6123867 0.6054059 0.5905275 0.5016587 0.4725708 0.4630760 0.4854569 0.4587668 0.4888124 0.4910054 0.4700616 0.4797349 0.4771428 0.4745662 0.4922940 0.6306615 0.0165459 0.0000000 0.0142819 0.0565499 0.0638521 0.1481529 0.3737703 1.2206680 
S0024_G4603_R1_A 0.6423824 0.6038913 0.6038913 0.6080115 0.6134951 0.6143647 0.6107739 0.6249455 0.6245864 0.6209733 0.6249455 0.6245864 0.6209733 0.8788778 0.4946660 0.4319256 0.4609417 0.4729078 0.4915687 0.5842622 0.6103569 0.6054907 0.5780785 0.5546401 0.5832594 0.6187505 0.6307749 0.5880771 0.5814966 0.6245200 0.5965734 0.5669206 0.5900970 0.5822014 0.5931171 0.6057546 0.5994071 0.5866599 0.4932957 0.4709229 0.4555020 0.4862308 0.4608824 0.4875121 0.4896990 0.4613102 0.4708552 0.4717352 0.4714507 0.4890410 0.6240885 0.0199167 0.0142819 0.0000000 0.0553647 0.0602196 0.1482245 0.3757658 1.2212423 
S0025_G4603_R1_U 0.6282037 0.6014074 0.6014074 0.6080852 0.6183668 0.6115461 0.6107285 0.6163551 0.6188506 0.6142752 0.6163551 0.6188506 0.6142752 0.8359078 0.5160406 0.4727538 0.4999595 0.5176774 0.5156246 0.6143896 0.6524954 0.6374472 0.6188210 0.5870326 0.6191786 0.6537835 0.6677868 0.6332962 0.6210275 0.6571883 0.6338077 0.6114410 0.6337904 0.6311084 0.6356747 0.6464849 0.6393832 0.6253700 0.5217495 0.4928630 0.4897634 0.4947985 0.4817237 0.4947496 0.4968691 0.4677111 0.4773137 0.4840216 0.4815483 0.5008573 0.6594542 0.0563648 0.0565499 0.0553647 0.0000000 0.0245745 0.1606219 0.4062231 1.2155530 
S0029_G4603_R1_U 0.6463864 0.6189738 0.6189738 0.6258318 0.6342680 0.6294567 0.6285930 0.6264767 0.6369160 0.6322433 0.6264767 0.6369160 0.6322433 0.8610088 0.5312979 0.4874164 0.5256660 0.5330694 0.5379459 0.6335999 0.6729701 0.6571436 0.6438162 0.6115889 0.6434824 0.6788042 0.6880607 0.6578578 0.6404969 0.6773914 0.6484444 0.6308126 0.6539773 0.6513149 0.6532631 0.6612470 0.6510285 0.6461317 0.5430663 0.4996050 0.4982463 0.4954484 0.4904852 0.5101810 0.5123264 0.4760538 0.4857765 0.4965504 0.4964711 0.5164037 0.6770721 0.0611662 0.0638521 0.0602196 0.0245745 0.0000000 0.1668089 0.4331139 1.2550728 
S0001_G4603_R1_A 0.7937778 0.7472187 0.7472187 0.7494545 0.7548485 0.7639537 0.7592196 0.7665032 0.7660257 0.7748668 0.7665032 0.7660257 0.7748668 0.9002668 0.5982726 0.5396892 0.5656057 0.5863277 0.6045011 0.6281382 0.6505642 0.6482630 0.6285464 0.5979281 0.6316830 0.6629064 0.6741454 0.6465011 0.6382888 0.6722607 0.6340542 0.6142032 0.6567696 0.6331142 0.6464510 0.6519341 0.6249288 0.6164526 0.5786875 0.6009136 0.5566853 0.5803435 0.5689985 0.5969460 0.5995604 0.5855295 0.5976191 0.5616424 0.5598632 0.5758170 0.6901458 0.1446991 0.1481529 0.1482245 0.1606219 0.1668089 0.0000000 0.4841135 1.3109158 
S0049_G4603_R1_A 0.6529125 0.6058961 0.6058961 0.6048079 0.6083458 0.6205534 0.6149518 0.6081714 0.6109805 0.6086215 0.6081714 0.6109805 0.6086215 0.8400401 0.4600632 0.4212252 0.4443949 0.4756582 0.4398134 0.5321414 0.5559787 0.5493897 0.5405045 0.5113150 0.5434964 0.5789707 0.5589985 0.5487843 0.5401298 0.5639089 0.5628256 0.5264566 0.5334307 0.5652652 0.5609972 0.5672760 0.5661591 0.5384117 0.4579020 0.4818628 0.4475084 0.4745103 0.4638841 0.4634244 0.4655044 0.4487130 0.4538629 0.4655149 0.4485246 0.4582980 0.5518130 0.3680781 0.3737703 0.3757658 0.4062231 0.4331139 0.4841135 0.0000000 1.3012451 
S0003_G4603_R1_N 1.0169206 1.0127453 1.0127453 1.0023738 0.9944125 0.9915639 0.9879735 1.0194802 1.0189483 0.9860482 1.0194802 1.0189483 0.9860482 1.2596433 1.1745282 1.1676662 1.1425347 1.1934202 1.0796703 1.1928432 1.2220462 1.2469871 1.1973818 1.1139354 1.1600581 1.2161169 1.2031451 1.2303709 1.1797931 1.2540080 1.2354553 1.1643717 1.1264980 1.2426748 1.2794792 1.2515187 1.2005068 1.1138464 1.0819521 1.2577379 1.2677442 1.2349938 1.2670464 1.2871098 1.2879818 1.2054151 1.2085695 1.2425303 1.2050509 1.2145900 1.1341144 1.1908739 1.2206680 1.2212423 1.2155530 1.2550728 1.3109158 1.3012451 0.0000000 
