58
S0014_G4796_R1_A 0.0000000 0.2532586 0.2549434 0.1671710 0.1988171 0.5484210 0.5476802 0.2436706 0.2410217 0.5279096 0.3614918 0.3608624 0.3392239 0.3945273 0.3590770 0.3667148 0.3695559 0.3722540 0.3750368 0.3777925 0.3699110 0.3576522 0.3398914 0.3672939 0.3566661 0.3698498 0.3698498 0.3573794 0.3671476 0.3772255 0.3741468 0.3929550 0.3883386 0.3551467 0.4070673 0.3337520 0.3853629 0.4984123 0.9526279 1.0337713 1.0852469 1.1478325 1.1378261 1.1217165 1.1699043 0.6769056 0.6618498 0.7340314 0.7490973 0.7215893 0.7305244 0.7218093 0.7393725 0.7552976 0.7305886 0.7131020 0.8022157 0.8192077 
S0015_G4796_R1_A 0.2532586 0.0000000 0.1040764 0.2596025 0.2147320 0.5909682 0.5932261 0.3002965 0.3067955 0.5180422 0.3748841 0.3651693 0.3568395 0.3802964 0.3614982 0.3644145 0.3576835 0.3809063 0.3666843 0.3881263 0.3690373 0.3571189 0.3478165 0.3561151 0.3712324 0.3784832 0.3784832 0.3661706 0.3870036 0.3801239 0.3711526 0.3948022 0.3930973 0.3578272 0.3934731 0.3311891 0.3925668 0.4912837 0.9135495 0.9829311 1.0170484 1.0807152 1.0493113 1.0409765 1.0746490 0.7589351 0.8083032 0.7382795 0.7527920 0.7287054 0.7340001 0.7229033 0.7413088 0.7539233 0.7372936 0.7340338 0.8909447 0.8878678 
S0034_G4796_R1_A 0.2549434 0.1040764 0.0000000 0.2616494 0.2181009 0.5669336 0.5691060 0.3170869 0.3206377 0.5180073 0.3777336 0.3724381 0.3550033 0.3950541 0.3700947 0.3746369 0.3526591 0.3730010 0.3777646 0.3957813 0.3746042 0.3640796 0.3552600 0.3650735 0.3804787 0.3876606 0.3876606 0.3752404 0.3933209 0.3741426 0.3825056 0.3978417 0.3923534 0.3666036 0.4108485 0.3564332 0.4000546 0.4826723 0.8862188 1.0030028 1.0415383 1.1073191 1.0757853 1.0855704 1.0940146 0.7581071 0.7962549 0.7494037 0.7589488 0.7403915 0.7451456 0.7349592 0.7631527 0.7712615 0.7613700 0.7380785 0.8971908 0.8843777 
S0027_G4796_R1_A 0.1671710 0.2596025 0.2616494 0.0000000 0.2146236 0.6118994 0.6070316 0.2603240 0.2613105 0.5232865 0.3709322 0.3584765 0.3464089 0.3778789 0.3684436 0.3535758 0.3655493 0.3598706 0.3660315 0.3867676 0.3692156 0.3524229 0.3388970 0.3661020 0.3589583 0.3675917 0.3675917 0.3630694 0.3643640 0.3818621 0.3674249 0.3878128 0.3830715 0.3593688 0.4063438 0.3489674 0.4009567 0.5105924 0.9575224 0.9859543 1.0279871 1.1190051 1.1118600 1.0966056 1.1880471 0.7063307 0.7035882 0.7176739 0.7327298 0.7154859 0.7198265 0.7111882 0.7301036 0.7440294 0.7189007 0.6959402 0.7914038 0.7926890 
S0008_G4796_R1_A 0.1988171 0.2147320 0.2181009 0.2146236 0.0000000 0.5914623 0.5974970 0.2790929 0.2806456 0.4720792 0.3380287 0.3290777 0.3230009 0.3557746 0.3312524 0.3358585 0.3267852 0.3464373 0.3446719 0.3505096 0.3412616 0.3341926 0.3072915 0.3200057 0.3328274 0.3261240 0.3261240 0.3386540 0.3531438 0.3566214 0.3517774 0.3516578 0.3606204 0.3315568 0.3743717 0.2973830 0.3589636 0.4821034 0.8556679 0.9897012 1.0435109 1.0966744 1.0698622 1.0575834 1.0795441 0.6737497 0.7623380 0.7114839 0.7251415 0.7035250 0.7205136 0.7088891 0.7235375 0.7314833 0.7044016 0.7069447 0.8537640 0.8655787 
S0039_G4796_R1_A 0.5484210 0.5909682 0.5669336 0.6118994 0.5914623 0.0000000 0.0137816 0.5812256 0.5635329 0.8201434 0.5663146 0.5836246 0.5853722 0.5572476 0.5782865 0.5892860 0.5798143 0.5588580 0.5846511 0.5839224 0.5629834 0.5814900 0.5708422 0.5709348 0.5731137 0.5903933 0.5903933 0.5903839 0.5877595 0.5987386 0.5750355 0.5864099 0.5943117 0.5849436 0.5794627 0.6383069 0.5976301 0.6918388 1.2260028 1.2528762 1.2992239 1.2773529 1.2808460 1.2724144 1.2981770 0.8642791 0.8560764 0.8847697 0.8999544 0.8851726 0.8785721 0.8744186 0.8522116 0.8628288 0.8834163 0.7878937 0.9584377 0.9726515 
S0051_G4796_R1_A 0.5476802 0.5932261 0.5691060 0.6070316 0.5974970 0.0137816 0.0000000 0.5822824 0.5645404 0.8068484 0.5621850 0.5775017 0.5846217 0.5562104 0.5756736 0.5855123 0.5771750 0.5541519 0.5824125 0.5812796 0.5589278 0.5792360 0.5700986 0.5720394 0.5728978 0.5876927 0.5876927 0.5896453 0.5870176 0.5926723 0.5776963 0.5837156 0.5901475 0.5842049 0.5746385 0.6434986 0.5981859 0.6879424 1.2030989 1.2374371 1.2832498 1.2567120 1.2602239 1.2518059 1.2849531 0.8495535 0.8607934 0.8682341 0.8829335 0.8687414 0.8620983 0.8580470 0.8360568 0.8465460 0.8667090 0.7809206 0.9460073 0.9600881 
S0010_G4796_R1_A 0.2436706 0.3002965 0.3170869 0.2603240 0.2790929 0.5812256 0.5822824 0.0000000 0.0294548 0.5901748 0.3899212 0.3584002 0.3501151 0.3866495 0.3764178 0.3679941 0.3820332 0.3908622 0.3785650 0.4009399 0.3717413 0.3610770 0.3522306 0.3733270 0.3721909 0.3718123 0.3718123 0.3694266 0.3847009 0.3984839 0.3643647 0.3912710 0.4004634 0.3664100 0.4282321 0.3639460 0.4075631 0.4982566 1.0025864 1.0327623 1.0599841 1.1029501 1.1069211 1.0885008 1.1454294 0.7761081 0.7281228 0.7683319 0.7756789 0.7780067 0.7700462 0.7660366 0.8133976 0.8307664 0.7824816 0.7532736 0.8831768 0.8871602 
S0009_G4796_R1_A 0.2410217 0.3067955 0.3206377 0.2613105 0.2806456 0.5635329 0.5645404 0.0294548 0.0000000 0.5902837 0.3966175 0.3768023 0.3632405 0.4005218 0.3891324 0.3860598 0.3927345 0.4035785 0.3939055 0.4072190 0.3894662 0.3746299 0.3612205 0.3897337 0.3856461 0.3884934 0.3884934 0.3866028 0.3969225 0.4091617 0.3777188 0.4115053 0.4111140 0.3783474 0.4386129 0.3698849 0.4191466 0.5043560 0.9992266 1.0137213 1.0403770 1.0808323 1.0847654 1.0800948 1.1432622 0.7818161 0.7614502 0.7816270 0.7859183 0.7827295 0.7775492 0.7735050 0.8246020 0.8420935 0.7958222 0.7667898 0.8829637 0.8830039 
S0008_G4796_R4_A 0.5279096 0.5180422 0.5180073 0.5232865 0.4720792 0.8201434 0.8068484 0.5901748 0.5902837 0.0000000 0.6077411 0.5729863 0.6138320 0.6438093 0.5808846 0.5980442 0.6050507 0.6013663 0.6166944 0.5921475 0.6296526 0.6146994 0.5767556 0.6160550 0.6089357 0.6060053 0.6060053 0.6011209 0.6171268 0.6268633 0.6478130 0.5990137 0.6275464 0.6031763 0.6776154 0.6045567 0.6314229 0.7547580 0.3859325 1.1139161 1.1227358 1.2240534 1.2060261 1.2071447 1.2419237 0.8022165 0.9056715 0.9423211 0.9427109 0.9362375 0.9575055 0.9442462 0.9867151 0.9793775 0.9498524 0.9170064 1.0445956 1.0415154 
S0031_G4796_R1_A 0.3614918 0.3748841 0.3777336 0.3709322 0.3380287 0.5663146 0.5621850 0.3899212 0.3966175 0.6077411 0.0000000 0.0574876 0.0548456 0.0802743 0.0610581 0.0622461 0.0566179 0.0814673 0.0681769 0.0365969 0.0554321 0.0610285 0.0456100 0.0539219 0.0583176 0.0609443 0.0609443 0.0575797 0.0615429 0.0654168 0.0654767 0.0638472 0.0784032 0.0527131 0.1776016 0.1431408 0.1466608 0.3458999 0.9771561 0.7365044 0.7862923 0.8466670 0.8207216 0.8312206 0.8871908 0.7681654 0.8453978 0.5824072 0.5974830 0.5780052 0.5932195 0.5866249 0.5948516 0.5928259 0.5894684 0.5689112 0.7937072 0.8081044 
S0004_G4796_R1_A 0.3608624 0.3651693 0.3724381 0.3584765 0.3290777 0.5836246 0.5775017 0.3584002 0.3768023 0.5729863 0.0574876 0.0000000 0.0572484 0.0817354 0.0628462 0.0615467 0.0640238 0.0818788 0.0703626 0.0768097 0.0484500 0.0703107 0.0512186 0.0530187 0.0606763 0.0654173 0.0654173 0.0625111 0.0663123 0.0707275 0.0704025 0.0770543 0.0822771 0.0570585 0.1862566 0.1443475 0.1493546 0.3421668 0.9107685 0.7265436 0.7732378 0.8091874 0.7873322 0.7887670 0.8453555 0.7753090 0.8620799 0.5814178 0.5915260 0.5741698 0.5904872 0.5839845 0.5906849 0.5904450 0.5808111 0.5725539 0.7844895 0.7868586 
S0026_G4796_R1_A 0.3392239 0.3568395 0.3550033 0.3464089 0.3230009 0.5853722 0.5846217 0.3501151 0.3632405 0.6138320 0.0548456 0.0572484 0.0000000 0.0722309 0.0595736 0.0533889 0.0576325 0.0736446 0.0559958 0.0717621 0.0525846 0.0477669 0.0419060 0.0457575 0.0481490 0.0573341 0.0573341 0.0533712 0.0574576 0.0648834 0.0608216 0.0672562 0.0730336 0.0371482 0.1641556 0.1334539 0.1338738 0.3237847 0.9208895 0.7091289 0.7592579 0.8137950 0.7926866 0.7888087 0.8559824 0.7505062 0.8329461 0.5773126 0.5917191 0.5730470 0.5864477 0.5777618 0.5783962 0.5742559 0.5773099 0.5628763 0.7901614 0.8039157 
S0012_G4796_R1_A 0.3945273 0.3802964 0.3950541 0.3778789 0.3557746 0.5572476 0.5562104 0.3866495 0.4005218 0.6438093 0.0802743 0.0817354 0.0722309 0.0000000 0.0812344 0.0827350 0.0810503 0.1036317 0.0887494 0.0964571 0.0760825 0.0853117 0.0669055 0.0693497 0.0767474 0.0785345 0.0785345 0.0803252 0.0820103 0.0904325 0.0859373 0.0925068 0.0965724 0.0745018 0.1951633 0.1541421 0.1640093 0.3602365 0.9319773 0.7107164 0.7582741 0.7937702 0.7758163 0.7816809 0.8456553 0.7647294 0.8505841 0.6036011 0.6158431 0.5983726 0.6109443 0.6040361 0.6166053 0.6164198 0.6022255 0.5902011 0.8038392 0.8138676 
S0022_G4796_R1_A 0.3590770 0.3614982 0.3700947 0.3684436 0.3312524 0.5782865 0.5756736 0.3764178 0.3891324 0.5808846 0.0610581 0.0628462 0.0595736 0.0812344 0.0000000 0.0650826 0.0605591 0.0877143 0.0698625 0.0783668 0.0580296 0.0617545 0.0457239 0.0532507 0.0608250 0.0588772 0.0588772 0.0637433 0.0678553 0.0746998 0.0690852 0.0788494 0.0817349 0.0546049 0.1787730 0.1446455 0.1483012 0.3500107 0.9633904 0.7423834 0.7862568 0.8308736 0.8133465 0.8126328 0.8629222 0.7850051 0.8432973 0.5743848 0.5878384 0.5692891 0.5812903 0.5748905 0.5856504 0.5853997 0.5763826 0.5572802 0.7957623 0.8070413 
S0021_G4796_R2_A 0.3667148 0.3644145 0.3746369 0.3535758 0.3358585 0.5892860 0.5855123 0.3679941 0.3860598 0.5980442 0.0622461 0.0615467 0.0533889 0.0827350 0.0650826 0.0000000 0.0652593 0.0816882 0.0271325 0.0799393 0.0621075 0.0617802 0.0488913 0.0600092 0.0609799 0.0622376 0.0622376 0.0603316 0.0663583 0.0759119 0.0723246 0.0819231 0.0825798 0.0505153 0.1737186 0.1444772 0.1523340 0.3556049 0.9206905 0.7554370 0.8080475 0.8446218 0.8293469 0.8265740 0.9041347 0.7800282 0.8611824 0.5776830 0.5977147 0.5779282 0.5896007 0.5831103 0.5964391 0.5944333 0.5911174 0.5648446 0.7986474 0.8108384 
S0013_G4796_R1_A 0.3695559 0.3576835 0.3526591 0.3655493 0.3267852 0.5798143 0.5771750 0.3820332 0.3927345 0.6050507 0.0566179 0.0640238 0.0576325 0.0810503 0.0605591 0.0652593 0.0000000 0.0739180 0.0698681 0.0732508 0.0589496 0.0654890 0.0502187 0.0570500 0.0610044 0.0583109 0.0583109 0.0637080 0.0680593 0.0699564 0.0679750 0.0756490 0.0665867 0.0572142 0.1746510 0.1456809 0.1481070 0.3417556 0.9634434 0.7536501 0.7997936 0.8389032 0.8222024 0.8170316 0.8842882 0.7577660 0.8615448 0.5887877 0.6061803 0.5889673 0.5977600 0.5912973 0.5946940 0.5927142 0.5932122 0.5630101 0.8342938 0.8490798 
S0050_G4796_R1_A 0.3722540 0.3809063 0.3730010 0.3598706 0.3464373 0.5588580 0.5541519 0.3908622 0.4035785 0.6013663 0.0814673 0.0818788 0.0736446 0.1036317 0.0877143 0.0816882 0.0739180 0.0000000 0.0835323 0.0948082 0.0778838 0.0832489 0.0696722 0.0829313 0.0824816 0.0848567 0.0848567 0.0803759 0.0881367 0.0943944 0.0845405 0.0939336 0.0394252 0.0740221 0.1962670 0.1596844 0.1672311 0.3413167 1.0121917 0.7811098 0.8427677 0.8781525 0.8601224 0.8594613 0.9173375 0.8130941 0.8328653 0.5978196 0.6124058 0.5882354 0.6118343 0.5999960 0.6132049 0.6169053 0.5982743 0.5783041 0.7795010 0.7890695 
S0021_G4796_R1_A 0.3750368 0.3666843 0.3777646 0.3660315 0.3446719 0.5846511 0.5824125 0.3785650 0.3939055 0.6166944 0.0681769 0.0703626 0.0559958 0.0887494 0.0698625 0.0271325 0.0698681 0.0835323 0.0000000 0.0828623 0.0666443 0.0643805 0.0513216 0.0638298 0.0655972 0.0670311 0.0670311 0.0628643 0.0682860 0.0793836 0.0757051 0.0848030 0.0833361 0.0549544 0.1655393 0.1439069 0.1495456 0.3579544 0.9556685 0.7541985 0.7998923 0.8464641 0.8286223 0.8304333 0.9019394 0.7673461 0.8548923 0.5989906 0.6202015 0.5963088 0.6094378 0.6026396 0.6142869 0.6087793 0.6090181 0.5741342 0.8094015 0.8240648 
S0018_G4796_R1_A 0.3777925 0.3881263 0.3957813 0.3867676 0.3505096 0.5839224 0.5812796 0.4009399 0.4072190 0.5921475 0.0365969 0.0768097 0.0717621 0.0964571 0.0783668 0.0799393 0.0732508 0.0948082 0.0828623 0.0000000 0.0734820 0.0768486 0.0599783 0.0671271 0.0755452 0.0736227 0.0736227 0.0748236 0.0755201 0.0794551 0.0828985 0.0773919 0.0944562 0.0693164 0.1890654 0.1570547 0.1575721 0.3661463 1.0021861 0.7509287 0.8013178 0.8404129 0.8186445 0.8212368 0.8816655 0.7988018 0.8795054 0.6165463 0.6304182 0.6065005 0.6274771 0.6206106 0.6282081 0.6316060 0.6169092 0.6075510 0.8425012 0.8543229 
S0016_G4796_R1_A 0.3699110 0.3690373 0.3746042 0.3692156 0.3412616 0.5629834 0.5589278 0.3717413 0.3894662 0.6296526 0.0554321 0.0484500 0.0525846 0.0760825 0.0580296 0.0621075 0.0589496 0.0778838 0.0666443 0.0734820 0.0000000 0.0607333 0.0459579 0.0532457 0.0553755 0.0613123 0.0613123 0.0579825 0.0593236 0.0701030 0.0659098 0.0731427 0.0767125 0.0502852 0.1712879 0.1404743 0.1452920 0.3520835 0.9825758 0.7408047 0.7942071 0.8436827 0.8240025 0.8245379 0.8895591 0.7741619 0.8202787 0.5852974 0.6005675 0.5835313 0.5980680 0.5916015 0.5919144 0.5896314 0.5886819 0.5760688 0.8069725 0.8185593 
S0028_G4796_R1_A 0.3576522 0.3571189 0.3640796 0.3524229 0.3341926 0.5814900 0.5792360 0.3610770 0.3746299 0.6146994 0.0610285 0.0703107 0.0477669 0.0853117 0.0617545 0.0617802 0.0654890 0.0832489 0.0643805 0.0768486 0.0607333 0.0000000 0.0436011 0.0606541 0.0610641 0.0679183 0.0679183 0.0657524 0.0664910 0.0714054 0.0695437 0.0802158 0.0795415 0.0511179 0.1791125 0.1474781 0.1479552 0.3588336 0.9558575 0.7239987 0.7723275 0.8276307 0.8079038 0.8133961 0.8735461 0.7961169 0.8386086 0.5865492 0.6068964 0.5867963 0.5964519 0.5879147 0.6022990 0.6022321 0.5944821 0.5758272 0.7963554 0.8105157 
S0030_G4796_R1_A 0.3398914 0.3478165 0.3552600 0.3388970 0.3072915 0.5708422 0.5700986 0.3522306 0.3612205 0.5767556 0.0456100 0.0512186 0.0419060 0.0669055 0.0457239 0.0488913 0.0502187 0.0696722 0.0513216 0.0599783 0.0459579 0.0436011 0.0000000 0.0381748 0.0437329 0.0459417 0.0459417 0.0453839 0.0486079 0.0578360 0.0553325 0.0620568 0.0660860 0.0382746 0.1622904 0.1257036 0.1303137 0.3413573 0.9158175 0.7098159 0.7594691 0.7984607 0.7819151 0.7840013 0.8371411 0.7704701 0.8348460 0.5798565 0.5912576 0.5706479 0.5888548 0.5824152 0.5890464 0.5888047 0.5798432 0.5672245 0.8163681 0.8278272 
S0020_G4796_R1_A 0.3672939 0.3561151 0.3650735 0.3661020 0.3200057 0.5709348 0.5720394 0.3733270 0.3897337 0.6160550 0.0539219 0.0530187 0.0457575 0.0693497 0.0532507 0.0600092 0.0570500 0.0829313 0.0638298 0.0671271 0.0532457 0.0606541 0.0381748 0.0000000 0.0296802 0.0442896 0.0442896 0.0427441 0.0564937 0.0666077 0.0624213 0.0632933 0.0766740 0.0443421 0.1722567 0.1301813 0.1431037 0.3483432 0.9580747 0.7311963 0.7839126 0.8202792 0.8054625 0.8095114 0.8741442 0.7749905 0.8344730 0.5867069 0.5982001 0.5812472 0.5957321 0.5892906 0.5995363 0.6001092 0.5922739 0.5813225 0.8197666 0.8327232 
S0019_G4796_R1_A 0.3566661 0.3712324 0.3804787 0.3589583 0.3328274 0.5731137 0.5728978 0.3721909 0.3856461 0.6089357 0.0583176 0.0606763 0.0481490 0.0767474 0.0608250 0.0609799 0.0610044 0.0824816 0.0655972 0.0755452 0.0553755 0.0610641 0.0437329 0.0296802 0.0000000 0.0519903 0.0519903 0.0483401 0.0541841 0.0719102 0.0635153 0.0719097 0.0786932 0.0481658 0.1786716 0.1364624 0.1405768 0.3463148 0.9508611 0.7178664 0.7703309 0.8252629 0.8052348 0.8010986 0.8713615 0.7736845 0.8581974 0.5818737 0.5932921 0.5763528 0.5908654 0.5844152 0.5910624 0.5891158 0.5818803 0.5652868 0.8098215 0.8211271 
S0036_G4796_R1_A 0.3698498 0.3784832 0.3876606 0.3675917 0.3261240 0.5903933 0.5876927 0.3718123 0.3884934 0.6060053 0.0609443 0.0654173 0.0573341 0.0785345 0.0588772 0.0622376 0.0583109 0.0848567 0.0670311 0.0736227 0.0613123 0.0679183 0.0459417 0.0442896 0.0519903 0.0000000 0.0000010 0.0538300 0.0600963 0.0763123 0.0698477 0.0747948 0.0834713 0.0544267 0.1739036 0.1430943 0.1526636 0.3679747 0.9650431 0.7358445 0.7824111 0.8294514 0.8091113 0.8012611 0.8602171 0.7721627 0.8339409 0.6000788 0.6121205 0.5923388 0.6051921 0.5984203 0.6053787 0.6043530 0.5994406 0.5793154 0.8381239 0.8499992 
S0036_G4796_R2_A 0.3698498 0.3784832 0.3876606 0.3675917 0.3261240 0.5903933 0.5876927 0.3718123 0.3884934 0.6060053 0.0609443 0.0654173 0.0573341 0.0785345 0.0588772 0.0622376 0.0583109 0.0848567 0.0670311 0.0736227 0.0613123 0.0679183 0.0459417 0.0442896 0.0519903 0.0000010 0.0000000 0.0538300 0.0600963 0.0763123 0.0698477 0.0747948 0.0834713 0.0544267 0.1739036 0.1430943 0.1526636 0.3679747 0.9650431 0.7358445 0.7824111 0.8294514 0.8091113 0.8012611 0.8602171 0.7721627 0.8339409 0.6000788 0.6121205 0.5923388 0.6051921 0.5984203 0.6053787 0.6043530 0.5994406 0.5793154 0.8381239 0.8499992 
S0011_G4796_R1_A 0.3573794 0.3661706 0.3752404 0.3630694 0.3386540 0.5903839 0.5896453 0.3694266 0.3866028 0.6011209 0.0575797 0.0625111 0.0533712 0.0803252 0.0637433 0.0603316 0.0637080 0.0803759 0.0628643 0.0748236 0.0579825 0.0657524 0.0453839 0.0427441 0.0483401 0.0538300 0.0538300 0.0000000 0.0560728 0.0733615 0.0662561 0.0703863 0.0809708 0.0519670 0.1800140 0.1428191 0.1426062 0.3467312 0.9568940 0.7271972 0.7683508 0.8276854 0.7990247 0.7996527 0.8790267 0.7608217 0.8572585 0.5731030 0.5825503 0.5676609 0.5821909 0.5757394 0.5805089 0.5776787 0.5691834 0.5564425 0.8115507 0.8231097 
S0002_G4796_R1_A 0.3671476 0.3870036 0.3933209 0.3643640 0.3531438 0.5877595 0.5870176 0.3847009 0.3969225 0.6171268 0.0615429 0.0663123 0.0574576 0.0820103 0.0678553 0.0663583 0.0680593 0.0881367 0.0682860 0.0755201 0.0593236 0.0664910 0.0486079 0.0564937 0.0541841 0.0600963 0.0600963 0.0560728 0.0000000 0.0733343 0.0739901 0.0685762 0.0843444 0.0569515 0.1817040 0.1525951 0.1543046 0.3523517 1.0053988 0.7596603 0.8065455 0.8576823 0.8396769 0.8421993 0.9056857 0.7562019 0.8593361 0.5761689 0.5933552 0.5745207 0.5909270 0.5844753 0.5901379 0.5881379 0.5815314 0.5671084 0.7954630 0.8095301 
S0017_G4796_R1_A 0.3772255 0.3801239 0.3741426 0.3818621 0.3566214 0.5987386 0.5926723 0.3984839 0.4091617 0.6268633 0.0654168 0.0707275 0.0648834 0.0904325 0.0746998 0.0759119 0.0699564 0.0943944 0.0793836 0.0794551 0.0701030 0.0714054 0.0578360 0.0666077 0.0719102 0.0763123 0.0763123 0.0733615 0.0733343 0.0000000 0.0794014 0.0855755 0.0856430 0.0647390 0.1843117 0.1474306 0.1585625 0.3532521 0.9967790 0.7696313 0.8253136 0.8569324 0.8356091 0.8350727 0.8924962 0.7881036 0.8890258 0.5953953 0.6081516 0.5950209 0.6060252 0.5954451 0.6054561 0.6069748 0.5937731 0.5887089 0.8224796 0.8339169 
S0046_G4796_R1_A 0.3741468 0.3711526 0.3825056 0.3674249 0.3517774 0.5750355 0.5776963 0.3643647 0.3777188 0.6478130 0.0654767 0.0704025 0.0608216 0.0859373 0.0690852 0.0723246 0.0679750 0.0845405 0.0757051 0.0828985 0.0659098 0.0695437 0.0553325 0.0624213 0.0635153 0.0698477 0.0698477 0.0662561 0.0739901 0.0794014 0.0000000 0.0842600 0.0876303 0.0576693 0.1820150 0.1505869 0.1550820 0.3550706 1.0009380 0.7455046 0.7931802 0.8516872 0.8341230 0.8257584 0.9047745 0.7630501 0.8545814 0.5714906 0.5943190 0.5773256 0.5878724 0.5854081 0.5853355 0.5833391 0.5839482 0.5766514 0.7892184 0.8033520 
S0037_G4796_R1_A 0.3929550 0.3948022 0.3978417 0.3878128 0.3516578 0.5864099 0.5837156 0.3912710 0.4115053 0.5990137 0.0638472 0.0770543 0.0672562 0.0925068 0.0788494 0.0819231 0.0756490 0.0939336 0.0848030 0.0773919 0.0731427 0.0802158 0.0620568 0.0632933 0.0719097 0.0747948 0.0747948 0.0703863 0.0685762 0.0855755 0.0842600 0.0000000 0.0944289 0.0655269 0.1948821 0.1529158 0.1560368 0.3645010 0.9644398 0.7730044 0.8192693 0.8724387 0.8492721 0.8485685 0.8925830 0.7880343 0.8892116 0.5999979 0.6085789 0.5912381 0.6093956 0.6025069 0.5994340 0.5992081 0.5954728 0.5783621 0.8162733 0.8280639 
S0048_G4796_R1_A 0.3883386 0.3930973 0.3923534 0.3830715 0.3606204 0.5943117 0.5901475 0.4004634 0.4111140 0.6275464 0.0784032 0.0822771 0.0730336 0.0965724 0.0817349 0.0825798 0.0665867 0.0394252 0.0833361 0.0944562 0.0767125 0.0795415 0.0660860 0.0766740 0.0786932 0.0834713 0.0834713 0.0809708 0.0843444 0.0856430 0.0876303 0.0944289 0.0000000 0.0732879 0.1901745 0.1589152 0.1642103 0.3758582 1.0230004 0.7817299 0.8390344 0.8917735 0.8674465 0.8669648 0.9267742 0.8164942 0.8655059 0.6020723 0.6205067 0.6021867 0.6176687 0.6108285 0.6188002 0.6220520 0.6072334 0.5893825 0.8211441 0.8331955 
S0023_G4796_R1_A 0.3551467 0.3578272 0.3666036 0.3593688 0.3315568 0.5849436 0.5842049 0.3664100 0.3783474 0.6031763 0.0527131 0.0570585 0.0371482 0.0745018 0.0546049 0.0505153 0.0572142 0.0740221 0.0549544 0.0693164 0.0502852 0.0511179 0.0382746 0.0443421 0.0481658 0.0544267 0.0544267 0.0519670 0.0569515 0.0647390 0.0576693 0.0655269 0.0732879 0.0000000 0.1596963 0.1316976 0.1359635 0.3388686 0.9618695 0.7393476 0.7934239 0.8449312 0.8241858 0.8202402 0.8957043 0.7822488 0.8396500 0.5792781 0.5925002 0.5759767 0.5900860 0.5836493 0.5882286 0.5879854 0.5811039 0.5687492 0.8170433 0.8285089 
S0035_G4796_R1_A 0.4070673 0.3934731 0.4108485 0.4063438 0.3743717 0.5794627 0.5746385 0.4282321 0.4386129 0.6776154 0.1776016 0.1862566 0.1641556 0.1951633 0.1787730 0.1737186 0.1746510 0.1962670 0.1655393 0.1890654 0.1712879 0.1791125 0.1622904 0.1722567 0.1786716 0.1739036 0.1739036 0.1800140 0.1817040 0.1843117 0.1820150 0.1948821 0.1901745 0.1596963 0.0000000 0.1676248 0.1681999 0.3685759 1.0514950 0.8720074 0.9370954 0.9696403 0.9511454 0.9565297 1.0293204 0.8453213 0.9065688 0.6874362 0.7049055 0.6760685 0.6878656 0.6802269 0.6911764 0.6929570 0.6867764 0.6465385 0.8916237 0.9154055 
S0033_G4796_R1_A 0.3337520 0.3311891 0.3564332 0.3489674 0.2973830 0.6383069 0.6434986 0.3639460 0.3698849 0.6045567 0.1431408 0.1443475 0.1334539 0.1541421 0.1446455 0.1444772 0.1456809 0.1596844 0.1439069 0.1570547 0.1404743 0.1474781 0.1257036 0.1301813 0.1364624 0.1430943 0.1430943 0.1428191 0.1525951 0.1474306 0.1505869 0.1529158 0.1589152 0.1316976 0.1676248 0.0000000 0.1351564 0.3450059 0.9451649 0.8421163 0.8929554 0.9207480 0.8985299 0.8945642 0.9595483 0.7580211 0.8895275 0.6732894 0.6878622 0.6545985 0.6806589 0.6772251 0.6838586 0.6879712 0.6754296 0.6346875 0.8634100 0.8739876 
S0005_G4796_R1_A 0.3853629 0.3925668 0.4000546 0.4009567 0.3589636 0.5976301 0.5981859 0.4075631 0.4191466 0.6314229 0.1466608 0.1493546 0.1338738 0.1640093 0.1483012 0.1523340 0.1481070 0.1672311 0.1495456 0.1575721 0.1452920 0.1479552 0.1303137 0.1431037 0.1405768 0.1526636 0.1526636 0.1426062 0.1543046 0.1585625 0.1550820 0.1560368 0.1642103 0.1359635 0.1681999 0.1351564 0.0000000 0.3334511 0.9699524 0.7970796 0.8566126 0.8905689 0.8710304 0.8795647 0.9378336 0.7950138 0.9166928 0.6437402 0.6575523 0.6428915 0.6581187 0.6509119 0.6644362 0.6602302 0.6501644 0.6254833 0.8556572 0.8709277 
S0006_G4796_R1_A 0.4984123 0.4912837 0.4826723 0.5105924 0.4821034 0.6918388 0.6879424 0.4982566 0.5043560 0.7547580 0.3458999 0.3421668 0.3237847 0.3602365 0.3500107 0.3556049 0.3417556 0.3413167 0.3579544 0.3661463 0.3520835 0.3588336 0.3413573 0.3483432 0.3463148 0.3679747 0.3679747 0.3467312 0.3523517 0.3532521 0.3550706 0.3645010 0.3758582 0.3388686 0.3685759 0.3450059 0.3334511 0.0000000 1.0991099 0.9297656 0.9631125 0.9913055 0.9630094 0.9749976 1.0134137 0.8350482 0.8700397 0.7745789 0.7942752 0.7550769 0.7738643 0.7710007 0.7758951 0.7726095 0.7739903 0.7305009 0.9283970 0.9428202 
S0008_G4796_R3_A 0.9526279 0.9135495 0.8862188 0.9575224 0.8556679 1.2260028 1.2030989 1.0025864 0.9992266 0.3859325 0.9771561 0.9107685 0.9208895 0.9319773 0.9633904 0.9206905 0.9634434 1.0121917 0.9556685 1.0021861 0.9825758 0.9558575 0.9158175 0.9580747 0.9508611 0.9650431 0.9650431 0.9568940 1.0053988 0.9967790 1.0009380 0.9644398 1.0230004 0.9618695 1.0514950 0.9451649 0.9699524 1.0991099 0.0000000 1.2228876 1.2769960 1.3675574 1.3432317 1.3367518 1.3736344 1.0288170 1.0482884 1.1817558 1.1782539 1.1947724 1.1985575 1.1803284 1.2228972 1.2159951 1.2050519 1.1566966 1.3381376 1.3496004 
S0025_G4796_R1_U 1.0337713 0.9829311 1.0030028 0.9859543 0.9897012 1.2528762 1.2374371 1.0327623 1.0137213 1.1139161 0.7365044 0.7265436 0.7091289 0.7107164 0.7423834 0.7554370 0.7536501 0.7811098 0.7541985 0.7509287 0.7408047 0.7239987 0.7098159 0.7311963 0.7178664 0.7358445 0.7358445 0.7271972 0.7596603 0.7696313 0.7455046 0.7730044 0.7817299 0.7393476 0.8720074 0.8421163 0.7970796 0.9297656 1.2228876 0.0000000 0.0374996 0.0965409 0.0863700 0.1015063 0.1873984 1.0561582 1.1857288 1.1328181 1.1558218 1.1070902 1.1293461 1.1156416 1.1419059 1.1310194 1.1467205 1.1180630 1.3559434 1.3457307 
S0029_G4796_R1_U 1.0852469 1.0170484 1.0415383 1.0279871 1.0435109 1.2992239 1.2832498 1.0599841 1.0403770 1.1227358 0.7862923 0.7732378 0.7592579 0.7582741 0.7862568 0.8080475 0.7997936 0.8427677 0.7998923 0.8013178 0.7942071 0.7723275 0.7594691 0.7839126 0.7703309 0.7824111 0.7824111 0.7683508 0.8065455 0.8253136 0.7931802 0.8192693 0.8390344 0.7934239 0.9370954 0.8929554 0.8566126 0.9631125 1.2769960 0.0374996 0.0000000 0.0938305 0.0844823 0.0954327 0.1881990 1.0733802 1.1837362 1.1774564 1.1889370 1.1508825 1.1742408 1.1599795 1.1797857 1.1684944 1.1780463 1.1377481 1.3938289 1.3750805 
S0032_G4796_R1_N 1.1478325 1.0807152 1.1073191 1.1190051 1.0966744 1.2773529 1.2567120 1.1029501 1.0808323 1.2240534 0.8466670 0.8091874 0.8137950 0.7937702 0.8308736 0.8446218 0.8389032 0.8781525 0.8464641 0.8404129 0.8436827 0.8276307 0.7984607 0.8202792 0.8252629 0.8294514 0.8294514 0.8276854 0.8576823 0.8569324 0.8516872 0.8724387 0.8917735 0.8449312 0.9696403 0.9207480 0.8905689 0.9913055 1.3675574 0.0965409 0.0938305 0.0000000 0.0224003 0.0278817 0.1267889 1.0578942 1.2117781 1.2438255 1.2593800 1.2149390 1.2373157 1.2295554 1.2468851 1.2314183 1.2621832 1.2101772 1.4577364 1.4511574 
S0032_G4796_R2_N 1.1378261 1.0493113 1.0757853 1.1118600 1.0698622 1.2808460 1.2602239 1.1069211 1.0847654 1.2060261 0.8207216 0.7873322 0.7926866 0.7758163 0.8133465 0.8293469 0.8222024 0.8601224 0.8286223 0.8186445 0.8240025 0.8079038 0.7819151 0.8054625 0.8052348 0.8091113 0.8091113 0.7990247 0.8396769 0.8356091 0.8341230 0.8492721 0.8674465 0.8241858 0.9511454 0.8985299 0.8710304 0.9630094 1.3432317 0.0863700 0.0844823 0.0224003 0.0000000 0.0308417 0.1200962 1.0535618 1.2317224 1.2122230 1.2270113 1.1841396 1.2056641 1.1981824 1.2155254 1.2005389 1.2298954 1.1798315 1.4398872 1.4333840 
S0024_G4796_R1_A 1.1217165 1.0409765 1.0855704 1.0966056 1.0575834 1.2724144 1.2518059 1.0885008 1.0800948 1.2071447 0.8312206 0.7887670 0.7888087 0.7816809 0.8126328 0.8265740 0.8170316 0.8594613 0.8304333 0.8212368 0.8245379 0.8133961 0.7840013 0.8095114 0.8010986 0.8012611 0.8012611 0.7996527 0.8421993 0.8350727 0.8257584 0.8485685 0.8669648 0.8202402 0.9565297 0.8945642 0.8795647 0.9749976 1.3367518 0.1015063 0.0954327 0.0278817 0.0308417 0.0000000 0.1259450 1.0684851 1.1771294 1.2040433 1.2128436 1.1702551 1.1916070 1.1841770 1.2074382 1.1924364 1.2099901 1.1630650 1.4380890 1.4315428 
S0001_G4796_R1_A 1.1699043 1.0746490 1.0940146 1.1880471 1.0795441 1.2981770 1.2849531 1.1454294 1.1432622 1.2419237 0.8871908 0.8453555 0.8559824 0.8456553 0.8629222 0.9041347 0.8842882 0.9173375 0.9019394 0.8816655 0.8895591 0.8735461 0.8371411 0.8741442 0.8713615 0.8602171 0.8602171 0.8790267 0.9056857 0.8924962 0.9047745 0.8925830 0.9267742 0.8957043 1.0293204 0.9595483 0.9378336 1.0134137 1.3736344 0.1873984 0.1881990 0.1267889 0.1200962 0.1259450 0.0000000 1.1242463 1.1746048 1.1638508 1.1973595 1.1536693 1.1805950 1.1774236 1.1759337 1.1741356 1.1898912 1.1584976 1.4188991 1.4300626 
S0049_G4796_R1_A 0.6769056 0.7589351 0.7581071 0.7063307 0.6737497 0.8642791 0.8495535 0.7761081 0.7818161 0.8022165 0.7681654 0.7753090 0.7505062 0.7647294 0.7850051 0.7800282 0.7577660 0.8130941 0.7673461 0.7988018 0.7741619 0.7961169 0.7704701 0.7749905 0.7736845 0.7721627 0.7721627 0.7608217 0.7562019 0.7881036 0.7630501 0.7880343 0.8164942 0.7822488 0.8453213 0.7580211 0.7950138 0.8350482 1.0288170 1.0561582 1.0733802 1.0578942 1.0535618 1.0684851 1.1242463 0.0000000 0.5410240 0.5505210 0.5631460 0.5411703 0.5554887 0.5616842 0.5414702 0.5390047 0.5518042 0.5391956 0.5706780 0.5724011 
S0003_G4796_R1_N 0.6618498 0.8083032 0.7962549 0.7035882 0.7623380 0.8560764 0.8607934 0.7281228 0.7614502 0.9056715 0.8453978 0.8620799 0.8329461 0.8505841 0.8432973 0.8611824 0.8615448 0.8328653 0.8548923 0.8795054 0.8202787 0.8386086 0.8348460 0.8344730 0.8581974 0.8339409 0.8339409 0.8572585 0.8593361 0.8890258 0.8545814 0.8892116 0.8655059 0.8396500 0.9065688 0.8895275 0.9166928 0.8700397 1.0482884 1.1857288 1.1837362 1.2117781 1.2317224 1.1771294 1.1746048 0.5410240 0.0000000 0.5609619 0.5867639 0.5689352 0.5712086 0.5700977 0.5963349 0.6023393 0.5716478 0.5338761 0.5802198 0.5904881 
S0038_G4796_R1_A 0.7340314 0.7382795 0.7494037 0.7176739 0.7114839 0.8847697 0.8682341 0.7683319 0.7816270 0.9423211 0.5824072 0.5814178 0.5773126 0.6036011 0.5743848 0.5776830 0.5887877 0.5978196 0.5989906 0.6165463 0.5852974 0.5865492 0.5798565 0.5867069 0.5818737 0.6000788 0.6000788 0.5731030 0.5761689 0.5953953 0.5714906 0.5999979 0.6020723 0.5792781 0.6874362 0.6732894 0.6437402 0.7745789 1.1817558 1.1328181 1.1774564 1.2438255 1.2122230 1.2040433 1.1638508 0.5505210 0.5609619 0.0000000 0.0242674 0.0145988 0.0250487 0.0250391 0.0329798 0.0357536 0.0268338 0.0300200 0.2865623 0.2866140 
S0042_G4796_R1_N 0.7490973 0.7527920 0.7589488 0.7327298 0.7251415 0.8999544 0.8829335 0.7756789 0.7859183 0.9427109 0.5974830 0.5915260 0.5917191 0.6158431 0.5878384 0.5977147 0.6061803 0.6124058 0.6202015 0.6304182 0.6005675 0.6068964 0.5912576 0.5982001 0.5932921 0.6121205 0.6121205 0.5825503 0.5933552 0.6081516 0.5943190 0.6085789 0.6205067 0.5925002 0.7049055 0.6878622 0.6575523 0.7942752 1.1782539 1.1558218 1.1889370 1.2593800 1.2270113 1.2128436 1.1973595 0.5631460 0.5867639 0.0242674 0.0000000 0.0234980 0.0305120 0.0322794 0.0370764 0.0399182 0.0325576 0.0357721 0.3054310 0.3060547 
S0040_G4796_R1_N 0.7215893 0.7287054 0.7403915 0.7154859 0.7035250 0.8851726 0.8687414 0.7780067 0.7827295 0.9362375 0.5780052 0.5741698 0.5730470 0.5983726 0.5692891 0.5779282 0.5889673 0.5882354 0.5963088 0.6065005 0.5835313 0.5867963 0.5706479 0.5812472 0.5763528 0.5923388 0.5923388 0.5676609 0.5745207 0.5950209 0.5773256 0.5912381 0.6021867 0.5759767 0.6760685 0.6545985 0.6428915 0.7550769 1.1947724 1.1070902 1.1508825 1.2149390 1.1841396 1.1702551 1.1536693 0.5411703 0.5689352 0.0145988 0.0234980 0.0000000 0.0224617 0.0224335 0.0331210 0.0350084 0.0245684 0.0335826 0.2964495 0.2985263 
S0043_G4796_R1_N 0.7305244 0.7340001 0.7451456 0.7198265 0.7205136 0.8785721 0.8620983 0.7700462 0.7775492 0.9575055 0.5932195 0.5904872 0.5864477 0.6109443 0.5812903 0.5896007 0.5977600 0.6118343 0.6094378 0.6274771 0.5980680 0.5964519 0.5888548 0.5957321 0.5908654 0.6051921 0.6051921 0.5821909 0.5909270 0.6060252 0.5878724 0.6093956 0.6176687 0.5900860 0.6878656 0.6806589 0.6581187 0.7738643 1.1985575 1.1293461 1.1742408 1.2373157 1.2056641 1.1916070 1.1805950 0.5554887 0.5712086 0.0250487 0.0305120 0.0224617 0.0000000 0.0067389 0.0341457 0.0360459 0.0280249 0.0219799 0.2929193 0.2950099 
S0047_G4796_R1_N 0.7218093 0.7229033 0.7349592 0.7111882 0.7088891 0.8744186 0.8580470 0.7660366 0.7735050 0.9442462 0.5866249 0.5839845 0.5777618 0.6040361 0.5748905 0.5831103 0.5912973 0.5999960 0.6026396 0.6206106 0.5916015 0.5879147 0.5824152 0.5892906 0.5844152 0.5984203 0.5984203 0.5757394 0.5844753 0.5954451 0.5854081 0.6025069 0.6108285 0.5836493 0.6802269 0.6772251 0.6509119 0.7710007 1.1803284 1.1156416 1.1599795 1.2295554 1.1981824 1.1841770 1.1774236 0.5616842 0.5700977 0.0250391 0.0322794 0.0224335 0.0067389 0.0000000 0.0367986 0.0387112 0.0289112 0.0240086 0.2956523 0.2977417 
S0044_G4796_R1_N 0.7393725 0.7413088 0.7631527 0.7301036 0.7235375 0.8522116 0.8360568 0.8133976 0.8246020 0.9867151 0.5948516 0.5906849 0.5783962 0.6166053 0.5856504 0.5964391 0.5946940 0.6132049 0.6142869 0.6282081 0.5919144 0.6022990 0.5890464 0.5995363 0.5910624 0.6053787 0.6053787 0.5805089 0.5901379 0.6054561 0.5853355 0.5994340 0.6188002 0.5882286 0.6911764 0.6838586 0.6644362 0.7758951 1.2228972 1.1419059 1.1797857 1.2468851 1.2155254 1.2074382 1.1759337 0.5414702 0.5963349 0.0329798 0.0370764 0.0331210 0.0341457 0.0367986 0.0000000 0.0075064 0.0302324 0.0421557 0.3059810 0.3104962 
S0045_G4796_R1_A 0.7552976 0.7539233 0.7712615 0.7440294 0.7314833 0.8628288 0.8465460 0.8307664 0.8420935 0.9793775 0.5928259 0.5904450 0.5742559 0.6164198 0.5853997 0.5944333 0.5927142 0.6169053 0.6087793 0.6316060 0.5896314 0.6022321 0.5888047 0.6001092 0.5891158 0.6043530 0.6043530 0.5776787 0.5881379 0.6069748 0.5833391 0.5992081 0.6220520 0.5879854 0.6929570 0.6879712 0.6602302 0.7726095 1.2159951 1.1310194 1.1684944 1.2314183 1.2005389 1.1924364 1.1741356 0.5390047 0.6023393 0.0357536 0.0399182 0.0350084 0.0360459 0.0387112 0.0075064 0.0000000 0.0330062 0.0465003 0.3120119 0.3165800 
S0045_G4796_R2_A 0.7305886 0.7372936 0.7613700 0.7189007 0.7044016 0.8834163 0.8667090 0.7824816 0.7958222 0.9498524 0.5894684 0.5808111 0.5773099 0.6022255 0.5763826 0.5911174 0.5932122 0.5982743 0.6090181 0.6169092 0.5886819 0.5944821 0.5798432 0.5922739 0.5818803 0.5994406 0.5994406 0.5691834 0.5815314 0.5937731 0.5839482 0.5954728 0.6072334 0.5811039 0.6867764 0.6754296 0.6501644 0.7739903 1.2050519 1.1467205 1.1780463 1.2621832 1.2298954 1.2099901 1.1898912 0.5518042 0.5716478 0.0268338 0.0325576 0.0245684 0.0280249 0.0289112 0.0302324 0.0330062 0.0000000 0.0371777 0.2927822 0.2939851 
S0041_G4796_R1_N 0.7131020 0.7340338 0.7380785 0.6959402 0.7069447 0.7878937 0.7809206 0.7532736 0.7667898 0.9170064 0.5689112 0.5725539 0.5628763 0.5902011 0.5572802 0.5648446 0.5630101 0.5783041 0.5741342 0.6075510 0.5760688 0.5758272 0.5672245 0.5813225 0.5652868 0.5793154 0.5793154 0.5564425 0.5671084 0.5887089 0.5766514 0.5783621 0.5893825 0.5687492 0.6465385 0.6346875 0.6254833 0.7305009 1.1566966 1.1180630 1.1377481 1.2101772 1.1798315 1.1630650 1.1584976 0.5391956 0.5338761 0.0300200 0.0357721 0.0335826 0.0219799 0.0240086 0.0421557 0.0465003 0.0371777 0.0000000 0.2632815 0.2623919 
S0045_G4796_R3_A 0.8022157 0.8909447 0.8971908 0.7914038 0.8537640 0.9584377 0.9460073 0.8831768 0.8829637 1.0445956 0.7937072 0.7844895 0.7901614 0.8038392 0.7957623 0.7986474 0.8342938 0.7795010 0.8094015 0.8425012 0.8069725 0.7963554 0.8163681 0.8197666 0.8098215 0.8381239 0.8381239 0.8115507 0.7954630 0.8224796 0.7892184 0.8162733 0.8211441 0.8170433 0.8916237 0.8634100 0.8556572 0.9283970 1.3381376 1.3559434 1.3938289 1.4577364 1.4398872 1.4380890 1.4188991 0.5706780 0.5802198 0.2865623 0.3054310 0.2964495 0.2929193 0.2956523 0.3059810 0.3120119 0.2927822 0.2632815 0.0000000 0.0192868 
S0045_G4796_R4_A 0.8192077 0.8878678 0.8843777 0.7926890 0.8655787 0.9726515 0.9600881 0.8871602 0.8830039 1.0415154 0.8081044 0.7868586 0.8039157 0.8138676 0.8070413 0.8108384 0.8490798 0.7890695 0.8240648 0.8543229 0.8185593 0.8105157 0.8278272 0.8327232 0.8211271 0.8499992 0.8499992 0.8231097 0.8095301 0.8339169 0.8033520 0.8280639 0.8331955 0.8285089 0.9154055 0.8739876 0.8709277 0.9428202 1.3496004 1.3457307 1.3750805 1.4511574 1.4333840 1.4315428 1.4300626 0.5724011 0.5904881 0.2866140 0.3060547 0.2985263 0.2950099 0.2977417 0.3104962 0.3165800 0.2939851 0.2623919 0.0192868 0.0000000 
