71
S0006_G4848_R2_A 0.0000000 1.2125120 1.2234162 1.2252695 1.2125120 1.1927954 1.2059592 1.2227461 1.1978290 1.2125120 0.8280193 0.8272230 0.8348359 0.8388060 0.8072310 0.8107600 0.8215491 0.8110343 0.8072310 1.1507434 1.1507434 0.9348477 1.0827216 1.0699515 1.0699515 1.1267772 1.1342853 1.0990211 1.1361841 1.0949427 1.0534505 1.0064940 1.0816927 1.0682586 1.0442266 1.0455928 1.1242219 1.0600341 1.0471915 1.0329432 1.0732532 1.0240879 1.2008949 0.9290848 1.2188764 1.2685959 1.2563384 1.0336314 0.8991376 0.9489084 1.1897951 1.2022258 0.9204997 1.4000018 1.0195926 1.0405792 0.9883058 0.9379288 0.9186538 0.9282473 0.9370349 1.0819577 1.2233824 1.2612531 1.1503582 1.1260470 1.0837917 1.1153604 1.1231371 1.1228572 1.1962765 
S0038_G4848_R2_A 1.2125120 0.0000000 0.0053999 0.0081221 0.0054030 0.0191010 0.0108624 0.0136212 0.0081174 0.0000010 1.0558317 1.0576312 1.0558317 1.0850908 1.0400741 1.0667609 1.0700471 1.0799078 1.0400741 1.2427156 1.2427156 1.1991797 1.3397081 1.1095266 1.1095266 1.1813993 1.0636737 1.0348211 0.4496627 0.5175690 0.4817197 0.4909318 0.4877500 0.5016407 0.4902047 0.4701062 0.4881385 0.4672387 0.5138226 0.5197567 0.5114733 0.5058682 0.3595845 0.4431123 0.5867473 0.6136017 0.5929327 0.4297788 0.4595981 0.4483945 0.6140914 0.6073231 0.4151772 0.4895028 0.4317612 0.4308413 0.4487572 0.4163716 0.4156081 0.4425648 0.4474920 0.3855337 0.4709335 0.4866359 0.4489317 0.4479714 0.4434876 0.4597125 0.4478033 0.4579439 0.3478484 
S0040_G4848_R2_N 1.2234162 0.0053999 0.0000000 0.0135877 0.0108466 0.0246512 0.0163551 0.0191420 0.0135797 0.0053999 1.0762539 1.0780864 1.0762539 1.1059951 1.0601753 1.0873840 1.0907652 1.1008514 1.0601753 1.2186602 1.2186602 1.1742543 1.3119688 1.0884569 1.0884569 1.1586421 1.0423805 1.0141257 0.4499336 0.5179075 0.4820181 0.4912443 0.4880574 0.5019620 0.4905214 0.4703921 0.4884546 0.4675304 0.5141579 0.5201013 0.5118071 0.5061932 0.3598072 0.4433706 0.5871737 0.6140659 0.5933670 0.4300256 0.4598758 0.4486605 0.6270223 0.6201654 0.4154076 0.4898274 0.4320080 0.4310964 0.4490211 0.4166035 0.4158388 0.4428225 0.4477567 0.3954646 0.4818074 0.4976461 0.4595682 0.4587525 0.4541459 0.4705452 0.4584953 0.4687394 0.3590214 
S0041_G4848_R2_N 1.2252695 0.0081221 0.0135877 0.0000000 0.0026957 0.0163367 0.0136076 0.0163812 0.0108466 0.0081221 1.0667609 1.0685784 1.0667609 1.0962841 1.0508283 1.0777999 1.0811375 1.0911210 1.0508283 1.2557618 1.2557618 1.2126841 1.3701786 1.1323418 1.1323418 1.2061474 1.0866935 1.0571557 0.4496627 0.5175690 0.4817197 0.4909318 0.4877500 0.5016407 0.4902047 0.4701062 0.4881385 0.4672387 0.5138226 0.5197567 0.5114733 0.5058682 0.3719872 0.4431123 0.5867473 0.6204198 0.5929327 0.4297788 0.4595981 0.4483945 0.6346941 0.6277763 0.4151772 0.4895028 0.4317612 0.4308413 0.4487572 0.4163716 0.4156081 0.4425648 0.4474920 0.4010923 0.4709335 0.4866359 0.4600637 0.4592541 0.4546378 0.4710594 0.4589925 0.4692503 0.3653061 
S0043_G4848_R2_N 1.2125120 0.0054030 0.0108466 0.0026957 0.0000000 0.0135844 0.0108624 0.0136212 0.0081174 0.0054030 1.0558317 1.0576312 1.0558317 1.0850908 1.0400741 1.0667609 1.0700471 1.0799078 1.0400741 1.2427156 1.2427156 1.1991797 1.3548439 1.1323418 1.1323418 1.2061474 1.0866935 1.0571557 0.4553358 0.5235717 0.4874754 0.4968252 0.4935921 0.5075498 0.4961889 0.4757821 0.4941421 0.4730727 0.5198188 0.5258383 0.5174754 0.5117865 0.3719872 0.4486186 0.5933185 0.6272879 0.5995500 0.4352424 0.4652617 0.4539852 0.6277763 0.6209090 0.4204996 0.4895028 0.4371933 0.4364708 0.4542964 0.4217092 0.4209315 0.4480672 0.4530688 0.3958734 0.4766146 0.4923949 0.4544796 0.4535943 0.4490446 0.4653674 0.4533797 0.4635786 0.3594448 
S0047_G4848_R2_N 1.1927954 0.0191010 0.0246512 0.0163367 0.0135844 0.0000000 0.0191179 0.0219190 0.0163271 0.0191010 1.0251347 1.0268844 1.0251347 1.0536751 1.0098554 1.0357651 1.0389098 1.0484337 1.0098554 1.1846790 1.1846790 1.1391172 1.2871450 1.0804990 1.0804990 1.1500880 1.0343149 1.0062680 0.4399211 0.5074193 0.4719091 0.4809083 0.4778060 0.4916142 0.4800261 0.4604053 0.4833216 0.4625273 0.5036757 0.5094788 0.5013110 0.4958352 0.3675307 0.4336402 0.5874357 0.6283474 0.6005576 0.4203501 0.4498945 0.4387901 0.6216542 0.6148263 0.4158757 0.4891788 0.4324870 0.4315928 0.4495102 0.4170731 0.4163071 0.4433082 0.4482491 0.3870454 0.4717216 0.4874455 0.4438931 0.4428640 0.4384362 0.4545859 0.4427379 0.4528342 0.3655994 
S0044_G4848_R2_N 1.2059592 0.0108624 0.0163551 0.0136076 0.0108624 0.0191179 0.0000000 0.0026975 0.0081245 0.0108624 1.0578366 1.0596407 1.0578366 1.0678254 1.0420354 1.0687939 1.0720919 1.0819823 1.0420354 1.2368608 1.2368608 1.1931996 1.3327515 1.1127210 1.1127210 1.1846638 1.0670242 1.0381555 0.4513253 0.5194992 0.4834861 0.4927631 0.4895577 0.5035029 0.4920625 0.4718201 0.4899971 0.4689932 0.5157417 0.5217176 0.5133887 0.5077435 0.3735961 0.4447100 0.5956341 0.6297888 0.6018965 0.4258792 0.4612826 0.4500298 0.6233768 0.6165257 0.4166534 0.4852792 0.4333094 0.4324435 0.4503784 0.4178551 0.4170857 0.4441600 0.4491210 0.3920652 0.4726511 0.4823899 0.4495336 0.4542132 0.4440850 0.4603371 0.4484071 0.4585645 0.3415490 
S0045_G4848_R4_A 1.2227461 0.0136212 0.0191420 0.0163812 0.0136212 0.0219190 0.0026975 0.0000000 0.0108669 0.0136212 1.0720919 1.0739226 1.0720919 1.0822075 1.0560356 1.0832110 1.0865819 1.0966494 1.0560356 1.2540333 1.2540333 1.2109014 1.3528214 1.1275805 1.1275805 1.2008981 1.0819401 1.0525788 0.4579349 0.5266188 0.4902491 0.4997056 0.4964336 0.5104828 0.4991112 0.4784687 0.4970652 0.4758232 0.5228469 0.5289352 0.5204967 0.5147417 0.3735961 0.4511125 0.5969591 0.6312378 0.6032422 0.4321585 0.4678984 0.4500298 0.6317278 0.6248033 0.4227938 0.4779071 0.4396058 0.4389687 0.4568292 0.4240151 0.4232279 0.4505570 0.4556137 0.3980064 0.4658037 0.4833470 0.4559761 0.4607942 0.4505285 0.4669231 0.4548808 0.4651238 0.3415490 
S0045_G4848_R3_A 1.1978290 0.0081174 0.0135797 0.0108466 0.0081174 0.0163271 0.0081245 0.0108669 0.0000000 0.0081174 1.0432318 1.0450104 1.0432318 1.0721884 1.0276750 1.0540353 1.0572624 1.0669824 1.0276750 1.2314454 1.2314454 1.1991797 1.3267622 1.1076622 1.1076622 1.1793821 1.0617927 1.0329961 0.4432666 0.5060098 0.4706080 0.4795627 0.4764766 0.4902491 0.4786615 0.4591395 0.4765568 0.4559670 0.5022730 0.5080479 0.4999103 0.4944617 0.3649974 0.4324529 0.5857625 0.6193734 0.5919378 0.4236326 0.4486476 0.4375766 0.6198624 0.6130557 0.4048534 0.4716335 0.4212369 0.4199375 0.4380381 0.4060191 0.4052824 0.4319128 0.4367002 0.3848826 0.4599568 0.4861065 0.4484516 0.4531007 0.4430112 0.4592143 0.4473217 0.4574489 0.3529231 
S0042_G4848_R2_N 1.2125120 0.0000010 0.0053999 0.0081221 0.0054030 0.0191010 0.0108624 0.0136212 0.0081174 0.0000000 1.0558317 1.0576312 1.0558317 1.0850908 1.0400741 1.0667609 1.0700471 1.0799078 1.0400741 1.2427156 1.2427156 1.1991797 1.3397081 1.1095266 1.1095266 1.1813993 1.0636737 1.0348211 0.4496627 0.5175690 0.4817197 0.4909318 0.4877500 0.5016407 0.4902047 0.4701062 0.4881385 0.4672387 0.5138226 0.5197567 0.5114733 0.5058682 0.3595845 0.4431123 0.5867473 0.6136017 0.5929327 0.4297788 0.4595981 0.4483945 0.6140914 0.6073231 0.4151772 0.4895028 0.4317612 0.4308413 0.4487572 0.4163716 0.4156081 0.4425648 0.4474920 0.3855337 0.4709335 0.4866359 0.4489317 0.4479714 0.4434876 0.4597125 0.4478033 0.4579439 0.3478484 
S0038_G4848_R1_A 0.8280193 1.0558317 1.0762539 1.0667609 1.0558317 1.0251347 1.0578366 1.0720919 1.0432318 1.0558317 0.0000000 0.0081750 0.0109171 0.0081731 0.0081995 0.0081760 0.0081841 0.0109637 0.0109563 1.2437929 1.2437929 1.1308356 1.2567148 1.0766421 1.0766421 1.1588618 1.0136274 0.9827150 1.1487882 1.1287710 1.0929703 1.0356015 1.1011117 1.0902576 1.0520032 1.0770089 1.1283666 1.1322675 1.0551519 1.0451391 1.0922838 1.0717553 1.1364645 0.9630149 1.1553780 1.3248451 1.2866080 1.0876373 0.9656032 0.9887085 1.0176231 1.0281572 0.9335099 1.1892121 1.0421638 1.0123214 1.0233029 0.9632682 0.9758605 1.0402726 0.9967265 0.9885292 1.1328843 1.1445126 1.0900440 1.0896258 1.0541913 1.0684961 1.0459285 1.0290400 0.9560987 
S0044_G4848_R1_N 0.8272230 1.0576312 1.0780864 1.0685784 1.0576312 1.0268844 1.0596407 1.0739226 1.0450104 1.0576312 0.0081750 0.0000000 0.0081693 0.0164503 0.0054539 0.0054383 0.0054437 0.0137327 0.0137234 1.2071568 1.2071568 1.1168820 1.2174313 1.0978915 1.0978915 1.1573961 1.0345867 1.0030298 1.1473453 1.1274125 1.0916899 1.0344262 1.0998104 1.0889843 1.0507797 1.0757586 1.1269669 1.1308579 1.0539518 1.0439545 1.0910023 1.0705210 1.1364645 0.9548617 1.1539478 1.3229972 1.2848712 1.0783921 0.9645806 0.9802964 1.0164795 1.0269930 0.9325458 1.2041666 1.0409918 1.0218222 1.0221701 0.9622513 0.9748185 1.0390997 0.9956391 0.9800465 1.1465422 1.1582343 1.1030024 1.1025985 1.0667085 1.0811796 1.0583732 1.0412588 0.9678466 
S0045_G4848_R1_A 0.8348359 1.0558317 1.0762539 1.0667609 1.0558317 1.0251347 1.0578366 1.0720919 1.0432318 1.0558317 0.0109171 0.0081693 0.0000000 0.0192222 0.0081937 0.0081702 0.0081784 0.0165053 0.0164941 1.2089995 1.2089995 1.1275750 1.2171793 1.1077124 1.1077124 1.1678147 1.0442752 1.0124190 1.1576754 1.1173601 1.0819391 1.0250302 1.0899656 1.0792658 1.0411375 1.0661097 1.1166080 1.1204573 1.0445180 1.0345627 1.0812374 1.0609549 1.1492942 0.9532604 1.1435810 1.3111261 1.2734220 1.0765699 0.9558615 0.9786418 1.0071890 1.0176231 0.9240610 1.2020384 1.0316751 1.0123214 1.0130137 0.9535611 0.9660212 1.0297607 0.9866361 0.9857638 1.1445961 1.1562796 1.1011548 1.1007489 1.0649238 1.0793711 1.0565989 1.0395171 0.9784624 
S0042_G4848_R1_N 0.8388060 1.0850908 1.1059951 1.0962841 1.0850908 1.0536751 1.0678254 1.0822075 1.0721884 1.0850908 0.0081731 0.0164503 0.0192222 0.0000000 0.0164998 0.0164523 0.0164690 0.0193048 0.0192916 1.2688883 1.2688883 1.1440469 1.2592501 1.0984514 1.0984514 1.1823753 1.0351971 1.0036488 1.1721124 1.1309287 1.0950751 1.0376450 1.1032342 1.0923562 1.0733677 1.0790965 1.1305906 1.1344990 1.0571988 1.0471793 1.0943918 1.0738263 1.1391871 0.9649257 1.1575928 1.3272890 1.2889872 1.0897517 0.9675108 0.9906721 1.0381868 1.0489006 0.9353689 1.1915711 1.0441883 1.0143747 1.0252967 0.9651697 0.9777839 1.0423025 0.9986918 0.9905093 1.1350736 1.1347703 1.1001263 1.0997198 1.0639805 1.0783950 1.0556726 1.0386308 0.9669621 
S0041_G4848_R1_N 0.8072310 1.0400741 1.0601753 1.0508283 1.0400741 1.0098554 1.0420354 1.0560356 1.0276750 1.0400741 0.0081995 0.0054539 0.0081937 0.0164998 0.0000000 0.0054545 0.0054600 0.0137741 0.0137648 1.1992891 1.1992891 1.0881160 1.2089869 1.0826245 1.0826245 1.1292767 1.0086475 0.9779505 1.1194794 1.1008142 1.0659937 1.0098374 1.0738426 1.0633809 1.0254979 1.0503790 1.0995661 1.1033349 1.0292018 1.0193449 1.0652707 1.0453734 1.1153375 0.9393525 1.1264379 1.2909664 1.2540856 1.0605811 0.9419670 0.9642464 1.0024921 1.0128632 0.9106382 1.1831157 1.0165874 0.9970028 0.9982413 0.9397196 0.9519703 1.0146432 0.9721928 0.9638624 1.1273959 1.1389804 1.0849015 1.0844782 1.0492801 1.0634965 1.0410593 1.0242867 0.9625887 
S0043_G4848_R1_N 0.8107600 1.0667609 1.0873840 1.0777999 1.0667609 1.0357651 1.0687939 1.0832110 1.0540353 1.0667609 0.0081760 0.0054383 0.0081702 0.0164523 0.0054545 0.0000000 0.0054443 0.0137344 0.0137251 1.2180150 1.2180150 1.1059889 1.2290613 1.0992142 1.0992142 1.1588618 1.0358276 1.0042007 1.1487882 1.1287710 1.0929703 1.0356015 1.1011117 1.0902576 1.0520032 1.0770089 1.1283666 1.1322675 1.0551519 1.0451391 1.0922838 1.0717553 1.1510601 0.9630149 1.1553780 1.3248451 1.2866080 1.0876373 0.9656032 0.9887085 1.0176231 1.0281572 0.9335099 1.2150118 1.0421638 1.0229975 1.0233029 0.9632682 0.9758605 1.0402726 0.9967265 0.9885292 1.1564307 1.1681701 1.1123793 1.1119853 1.0757630 1.0903551 1.0673750 1.0500967 0.9797252 
S0047_G4848_R1_N 0.8215491 1.0700471 1.0907652 1.0811375 1.0700471 1.0389098 1.0720919 1.0865819 1.0572624 1.0700471 0.0081841 0.0054437 0.0081784 0.0164690 0.0054600 0.0054443 0.0000000 0.0137483 0.0137389 1.2220897 1.2220897 1.1097361 1.2334478 1.0912824 1.0912824 1.1505275 1.0279190 0.9964927 1.1525243 1.1323053 1.0963303 1.0387286 1.1045201 1.0936012 1.0552458 1.0803029 1.1320089 1.1359322 1.0583301 1.0482834 1.0956473 1.0750106 1.1556346 0.9657809 1.1590750 1.3156295 1.2776975 1.0622004 0.9683700 0.9916082 1.0206789 1.0312604 0.9361388 1.2061374 1.0452770 1.0261345 1.0263258 0.9660212 0.9786727 1.0433897 0.9996466 0.9914528 1.1601410 1.1719163 1.1158297 1.1154387 1.0790367 1.0936964 1.0706160 1.0532503 0.9831334 
S0045_G4848_R2_A 0.8110343 1.0799078 1.1008514 1.0911210 1.0799078 1.0484337 1.0819823 1.0966494 1.0669824 1.0799078 0.0109637 0.0137327 0.0165053 0.0193048 0.0137741 0.0137344 0.0137483 0.0000000 0.0165650 1.2569404 1.2569404 1.1436053 1.2708237 1.1180257 1.1180257 1.1789752 1.0542146 1.0219234 1.1634878 1.1510869 1.1063370 1.0481999 1.1146481 1.1035664 1.0650196 1.0901576 1.1427550 1.1228490 1.0678985 1.0577785 1.1056662 1.0847640 1.1690758 0.9743545 1.1588907 1.3423231 1.3032935 1.1010291 0.9769386 1.0080046 1.0283500 1.0389802 0.9252840 1.2273520 1.0546864 1.0261523 1.0355143 0.9745534 0.9873521 1.0528162 0.9955823 1.0004396 1.1480818 1.1717118 1.1044552 1.1040528 1.0681047 1.0825972 1.0597596 1.0426166 0.9866517 
S0040_G4848_R1_N 0.8072310 1.0400741 1.0601753 1.0508283 1.0400741 1.0098554 1.0420354 1.0560356 1.0276750 1.0400741 0.0109563 0.0137234 0.0164941 0.0192916 0.0137648 0.0137251 0.0137389 0.0165650 0.0000000 1.2499779 1.2499779 1.1366558 1.2633730 1.0714676 1.0714676 1.1292767 1.0519260 1.0197116 1.1078537 1.0897060 1.0552483 0.9995336 1.0629874 1.0526731 1.0149125 1.0397602 1.0881282 1.0918475 1.0188368 1.0090343 1.0545100 1.0348484 1.1012218 0.9393525 1.1149587 1.2644985 1.2286211 1.0605811 0.9419670 0.9642464 0.9719568 0.9820405 0.9106382 1.1457476 1.0165874 0.9970028 0.9982413 0.9397196 0.9519703 1.0146432 0.9721928 0.9638624 1.1382826 1.1159553 1.0631490 1.0627003 1.0282575 1.0421984 1.0201571 1.0037584 0.9509236 
S0009_G4848_R1_A 1.1507434 1.2427156 1.2186602 1.2557618 1.2427156 1.1846790 1.2368608 1.2540333 1.2314454 1.2427156 1.2437929 1.2071568 1.2089995 1.2688883 1.1992891 1.2180150 1.2220897 1.2569404 1.2499779 0.0000000 0.0000010 0.1626212 0.1178938 0.4680833 0.4680833 0.4900831 0.4766626 0.4676186 1.2822221 1.2100023 1.1132553 1.0865573 1.1353037 1.1438067 1.1299821 1.1196587 1.1674295 1.1598746 1.1066875 1.1262933 1.1703002 1.0928367 1.1981305 0.9917106 1.2138080 1.2927012 1.2642760 1.1836472 0.9825330 1.0491373 1.3099034 1.3237517 0.9994304 1.2361808 1.0973440 1.1027939 1.0851241 1.0377265 1.0593162 1.1107123 1.0591413 1.0927663 1.1558304 1.2939539 1.5031942 1.5031415 1.4549872 1.4868013 1.4596683 1.4709973 1.3917384 
S0010_G4848_R1_A 1.1507434 1.2427156 1.2186602 1.2557618 1.2427156 1.1846790 1.2368608 1.2540333 1.2314454 1.2427156 1.2437929 1.2071568 1.2089995 1.2688883 1.1992891 1.2180150 1.2220897 1.2569404 1.2499779 0.0000010 0.0000000 0.1626212 0.1178938 0.4680833 0.4680833 0.4900831 0.4766626 0.4676186 1.2822221 1.2100023 1.1132553 1.0865573 1.1353037 1.1438067 1.1299821 1.1196587 1.1674295 1.1598746 1.1066875 1.1262933 1.1703002 1.0928367 1.1981305 0.9917106 1.2138080 1.2927012 1.2642760 1.1836472 0.9825330 1.0491373 1.3099034 1.3237517 0.9994304 1.2361808 1.0973440 1.1027939 1.0851241 1.0377265 1.0593162 1.1107123 1.0591413 1.0927663 1.1558304 1.2939539 1.5031942 1.5031415 1.4549872 1.4868013 1.4596683 1.4709973 1.3917384 
S0015_G4848_R2_A 0.9348477 1.1991797 1.1742543 1.2126841 1.1991797 1.1391172 1.1931996 1.2109014 1.1991797 1.1991797 1.1308356 1.1168820 1.1275750 1.1440469 1.0881160 1.1059889 1.1097361 1.1436053 1.1366558 0.1626212 0.1626212 0.0000000 0.0830361 0.4223751 0.4223751 0.4352602 0.4574551 0.4479896 1.2751876 1.2507065 1.1746363 1.1518685 1.2056808 1.1747948 1.1874720 1.1821292 1.2985126 1.2701074 1.1833191 1.1705380 1.2196603 1.1640868 1.2848255 1.0330571 1.3457604 1.4771561 1.4284230 1.2150080 1.0227964 1.0859482 1.3432134 1.3586243 1.0452091 1.2671588 1.1629999 1.1259001 1.1238294 1.0675176 1.0828636 1.1619764 1.1090629 1.1129573 1.2379016 1.3266927 1.4554258 1.4191973 1.3866835 1.4193337 1.4052051 1.3759462 1.4877898 
S0034_G4848_R4_A 1.0827216 1.3397081 1.3119688 1.3701786 1.3548439 1.2871450 1.3327515 1.3528214 1.3267622 1.3397081 1.2567148 1.2174313 1.2171793 1.2592501 1.2089869 1.2290613 1.2334478 1.2708237 1.2633730 0.1178938 0.1178938 0.0830361 0.0000000 0.4335555 0.4335555 0.4515883 0.4724501 0.4628044 1.4725905 1.3524113 1.2491208 1.2189884 1.2870802 1.2590948 1.2863349 1.2715405 1.3520375 1.3115247 1.2179192 1.2293072 1.3191218 1.2485829 1.4543287 1.1113712 1.4203044 1.5239872 1.4602416 1.4008786 1.1004787 1.1703394 1.4512294 1.4678505 1.1119220 1.4723118 1.2254883 1.2327577 1.2104316 1.1667042 1.1835580 1.2463425 1.1702952 1.2080448 1.2830480 1.4369735 1.5339880 1.5072565 1.4812738 1.5159715 1.4864320 1.4841731 1.5996798 
S0034_G4848_R1_A 1.0699515 1.1095266 1.0884569 1.1323418 1.1323418 1.0804990 1.1127210 1.1275805 1.1076622 1.1095266 1.0766421 1.0978915 1.1077124 1.0984514 1.0826245 1.0992142 1.0912824 1.1180257 1.0714676 0.4680833 0.4680833 0.4223751 0.4335555 0.0000000 0.0000010 0.0774342 0.1501120 0.1502817 1.1965553 1.1269640 1.0672666 1.0413586 1.0958159 1.0943557 1.0805833 1.0844593 1.1633327 1.1170447 1.0577066 1.0903588 1.0952851 1.0474714 1.0832615 0.9592577 1.1687340 1.2022502 1.2250379 1.0897768 0.9672221 1.0033345 1.1415730 1.1533668 0.9740663 1.1908184 1.0268335 1.0557240 1.0455551 1.0105559 1.0135104 1.0513261 0.9745689 1.0286003 1.1572485 1.1813402 1.1399279 1.1537460 1.1422325 1.1427673 1.1422456 1.1949389 1.1561638 
S0034_G4848_R2_A 1.0699515 1.1095266 1.0884569 1.1323418 1.1323418 1.0804990 1.1127210 1.1275805 1.1076622 1.1095266 1.0766421 1.0978915 1.1077124 1.0984514 1.0826245 1.0992142 1.0912824 1.1180257 1.0714676 0.4680833 0.4680833 0.4223751 0.4335555 0.0000010 0.0000000 0.0774342 0.1501120 0.1502817 1.1965553 1.1269640 1.0672666 1.0413586 1.0958159 1.0943557 1.0805833 1.0844593 1.1633327 1.1170447 1.0577066 1.0903588 1.0952851 1.0474714 1.0832615 0.9592577 1.1687340 1.2022502 1.2250379 1.0897768 0.9672221 1.0033345 1.1415730 1.1533668 0.9740663 1.1908184 1.0268335 1.0557240 1.0455551 1.0105559 1.0135104 1.0513261 0.9745689 1.0286003 1.1572485 1.1813402 1.1399279 1.1537460 1.1422325 1.1427673 1.1422456 1.1949389 1.1561638 
S0015_G4848_R1_A 1.1267772 1.1813993 1.1586421 1.2061474 1.2061474 1.1500880 1.1846638 1.2008981 1.1793821 1.1813993 1.1588618 1.1573961 1.1678147 1.1823753 1.1292767 1.1588618 1.1505275 1.1789752 1.1292767 0.4900831 0.4900831 0.4352602 0.4515883 0.0774342 0.0774342 0.0000000 0.1453645 0.1455319 1.2864316 1.2600343 1.1910089 1.1632790 1.2245180 1.2216553 1.2097270 1.2109142 1.2784053 1.2524985 1.1680749 1.2183330 1.2235593 1.1689502 1.2280098 1.0675172 1.2322696 1.3201285 1.2973921 1.1675783 1.0654891 1.1183923 1.2786243 1.2921253 1.0841140 1.2536066 1.1355589 1.1949453 1.1652378 1.1256131 1.1291625 1.1520513 1.0767846 1.0922478 1.2394620 1.2746697 1.2807604 1.2974352 1.2838376 1.2842862 1.3074124 1.3303420 1.3111824 
S0009_G4848_R2_A 1.1342853 1.0636737 1.0423805 1.0866935 1.0866935 1.0343149 1.0670242 1.0819401 1.0617927 1.0636737 1.0136274 1.0345867 1.0442752 1.0351971 1.0086475 1.0358276 1.0279190 1.0542146 1.0519260 0.4766626 0.4766626 0.4574551 0.4724501 0.1501120 0.1501120 0.1453645 0.0000000 0.0112949 1.1867758 1.1616256 1.0761654 1.0485602 1.1068275 1.1280535 1.0906994 1.0945989 1.1667610 1.1299603 1.0545281 1.0891097 1.1182530 1.0635795 1.0822739 0.9429028 1.1138437 1.2310236 1.2358836 1.0486021 0.9693745 1.0017807 1.2257120 1.2392075 0.9662685 1.1013818 1.0359296 1.0641018 1.0444854 1.0155274 1.0296463 1.0718210 0.9666650 1.0434140 1.0574335 1.1760440 1.1567556 1.1844472 1.1719206 1.1724660 1.1719376 1.2154249 1.2581367 
S0010_G4848_R2_A 1.0990211 1.0348211 1.0141257 1.0571557 1.0571557 1.0062680 1.0381555 1.0525788 1.0329961 1.0348211 0.9827150 1.0030298 1.0124190 1.0036488 0.9779505 1.0042007 0.9964927 1.0219234 1.0197116 0.4676186 0.4676186 0.4479896 0.4628044 0.1502817 0.1502817 0.1455319 0.0112949 0.0000000 1.2006674 1.1530923 1.0885104 1.0607869 1.1195969 1.1409822 1.1035507 1.1071713 1.1806207 1.1433452 1.0666534 1.1016936 1.1311147 1.0758225 1.0763320 0.9436029 1.1036878 1.2191433 1.2239276 1.0606693 0.9700757 1.0024914 1.2808660 1.2950530 0.9669691 1.1021148 1.0366338 1.0648360 1.0451903 1.0162319 1.0303520 1.0725276 0.9673655 1.0359649 1.0385482 1.1677611 1.1949689 1.2239094 1.2108163 1.2113375 1.2108382 1.2560281 1.2509620 
S0005_G4848_R1_A 1.1361841 0.4496627 0.4499336 0.4496627 0.4553358 0.4399211 0.4513253 0.4579349 0.4432666 0.4496627 1.1487882 1.1473453 1.1576754 1.1721124 1.1194794 1.1487882 1.1525243 1.1634878 1.1078537 1.2822221 1.2822221 1.2751876 1.4725905 1.1965553 1.1965553 1.2864316 1.1867758 1.2006674 0.0000000 0.1062829 0.0800795 0.0849213 0.0903357 0.0893540 0.0927419 0.0838809 0.1063106 0.1199035 0.1242198 0.1137859 0.1274229 0.1137492 0.0541466 0.1520939 0.2655083 0.2612559 0.2399633 0.1344672 0.1598442 0.1638593 0.4295214 0.4295214 0.1747578 0.3017094 0.1748082 0.1758384 0.1745507 0.1719893 0.1759318 0.2061610 0.2057263 0.2484486 0.3660617 0.3931526 0.4557479 0.4594757 0.4290368 0.4302098 0.4241481 0.4396596 0.3485797 
S0022_G4848_R1_A 1.0949427 0.5175690 0.5179075 0.5175690 0.5235717 0.5074193 0.5194992 0.5266188 0.5060098 0.5175690 1.1287710 1.1274125 1.1173601 1.1309287 1.1008142 1.1287710 1.1323053 1.1510869 1.0897060 1.2100023 1.2100023 1.2507065 1.3524113 1.1269640 1.1269640 1.2600343 1.1616256 1.1530923 0.1062829 0.0000000 0.0304982 0.0279977 0.0365422 0.0391461 0.0341663 0.0307752 0.0558549 0.0588787 0.0538910 0.0511051 0.0567698 0.0509620 0.0998351 0.1072011 0.2961811 0.2922490 0.2790354 0.1964054 0.1110236 0.1215676 0.4204124 0.4257196 0.1313304 0.2966986 0.1178730 0.1225495 0.1145511 0.1114702 0.1148987 0.1640027 0.1453742 0.2500446 0.3736513 0.3866374 0.4187119 0.4319263 0.3987764 0.3998209 0.3941880 0.4036085 0.3703588 
S0023_G4848_R1_A 1.0534505 0.4817197 0.4820181 0.4817197 0.4874754 0.4719091 0.4834861 0.4902491 0.4706080 0.4817197 1.0929703 1.0916899 1.0819391 1.0950751 1.0659937 1.0929703 1.0963303 1.1063370 1.0552483 1.1132553 1.1132553 1.1746363 1.2491208 1.0672666 1.0672666 1.1910089 1.0761654 1.0885104 0.0800795 0.0304982 0.0000000 0.0138807 0.0165407 0.0164190 0.0197593 0.0109768 0.0346042 0.0375404 0.0423515 0.0395663 0.0452088 0.0335718 0.0721854 0.0849937 0.2785818 0.2662683 0.2494291 0.1557925 0.0915917 0.0949911 0.4053077 0.4105220 0.1178249 0.2764827 0.1210536 0.1198001 0.1144232 0.1054320 0.1088371 0.1496950 0.1416283 0.2451617 0.3381860 0.3668093 0.4004339 0.4186267 0.3860403 0.3870524 0.3814895 0.3958108 0.3493443 
S0016_G4848_R1_A 1.0064940 0.4909318 0.4912443 0.4909318 0.4968252 0.4809083 0.4927631 0.4997056 0.4795627 0.4909318 1.0356015 1.0344262 1.0250302 1.0376450 1.0098374 1.0356015 1.0387286 1.0481999 0.9995336 1.0865573 1.0865573 1.1518685 1.2189884 1.0413586 1.0413586 1.1632790 1.0485602 1.0607869 0.0849213 0.0279977 0.0138807 0.0000000 0.0254455 0.0223977 0.0168182 0.0196980 0.0381957 0.0411925 0.0195427 0.0224551 0.0252471 0.0251960 0.0802472 0.0766549 0.2697909 0.2712945 0.2540809 0.1699395 0.0800351 0.0864933 0.3974200 0.4026613 0.1060910 0.2777341 0.1132006 0.1001086 0.1096368 0.0867207 0.0900317 0.1376803 0.1297426 0.2372870 0.3551338 0.3682462 0.3855857 0.4083535 0.3759922 0.3769847 0.3714416 0.3857363 0.3545452 
S0021_G4848_R2_A 1.0816927 0.4877500 0.4880574 0.4877500 0.4935921 0.4778060 0.4895577 0.4964336 0.4764766 0.4877500 1.1011117 1.0998104 1.0899656 1.1032342 1.0738426 1.1011117 1.1045201 1.1146481 1.0629874 1.1353037 1.1353037 1.2056808 1.2870802 1.0958159 1.0958159 1.2245180 1.1068275 1.1195969 0.0903357 0.0365422 0.0165407 0.0254455 0.0000000 0.0278620 0.0286372 0.0165816 0.0439796 0.0469783 0.0546501 0.0518261 0.0575698 0.0455936 0.0720176 0.0951974 0.3040626 0.2901827 0.2726562 0.1750171 0.1019809 0.1054802 0.4023914 0.4076058 0.1221176 0.2808463 0.1253871 0.1169420 0.1186644 0.1095832 0.1130394 0.1544687 0.1462557 0.2345222 0.3593806 0.3791146 0.4135904 0.4323498 0.3988919 0.3999463 0.3942623 0.4088662 0.3515507 
S0026_G4848_R1_A 1.0682586 0.5016407 0.5019620 0.5016407 0.5075498 0.4916142 0.5035029 0.5104828 0.4902491 0.5016407 1.0902576 1.0889843 1.0792658 1.0923562 1.0633809 1.0902576 1.0936012 1.1035664 1.0526731 1.1438067 1.1438067 1.1747948 1.2590948 1.0943557 1.0943557 1.2216553 1.1280535 1.1409822 0.0893540 0.0391461 0.0164190 0.0223977 0.0278620 0.0000000 0.0284712 0.0221863 0.0406401 0.0436046 0.0512622 0.0484622 0.0541507 0.0423249 0.0799587 0.0914586 0.3011632 0.2925693 0.2627545 0.1739255 0.0981550 0.1016078 0.4168514 0.4221491 0.1215997 0.2868541 0.1248549 0.1203020 0.1181627 0.1091186 0.1125587 0.1537971 0.1456268 0.2544378 0.3624609 0.3822066 0.4167428 0.4355561 0.4020338 0.4030940 0.3974052 0.4120145 0.3670080 
S0002_G4848_R1_A 1.0442266 0.4902047 0.4905214 0.4902047 0.4961889 0.4800261 0.4920625 0.4991112 0.4786615 0.4902047 1.0520032 1.0507797 1.0411375 1.0733677 1.0254979 1.0520032 1.0552458 1.0650196 1.0149125 1.1299821 1.1299821 1.1874720 1.2863349 1.0805833 1.0805833 1.2097270 1.0906994 1.1035507 0.0927419 0.0341663 0.0197593 0.0168182 0.0286372 0.0284712 0.0000000 0.0257567 0.0448545 0.0479140 0.0313700 0.0285456 0.0313807 0.0313165 0.0801804 0.0777883 0.2878389 0.2848235 0.2670454 0.1689507 0.0812245 0.0908666 0.3913396 0.3965877 0.1076994 0.2716612 0.1149319 0.1010905 0.1113057 0.0880201 0.0913852 0.1398297 0.1317433 0.2315107 0.3616305 0.3749975 0.3979063 0.4081872 0.3829748 0.3840015 0.3783317 0.3929365 0.3596395 
S0021_G4848_R1_A 1.0455928 0.4701062 0.4703921 0.4701062 0.4757821 0.4604053 0.4718201 0.4784687 0.4591395 0.4701062 1.0770089 1.0757586 1.0661097 1.0790965 1.0503790 1.0770089 1.0803029 1.0901576 1.0397602 1.1196587 1.1196587 1.1821292 1.2715405 1.0844593 1.0844593 1.2109142 1.0945989 1.1071713 0.0838809 0.0307752 0.0109768 0.0196980 0.0165816 0.0221863 0.0257567 0.0000000 0.0379292 0.0409045 0.0486614 0.0458447 0.0515625 0.0397040 0.0801163 0.0887965 0.2949311 0.2813364 0.2640345 0.1677148 0.0954909 0.0989417 0.3863982 0.3915081 0.1154054 0.2747978 0.1186461 0.1172845 0.1119960 0.1029583 0.1063711 0.1473572 0.1392809 0.2431052 0.3408152 0.3691624 0.3980010 0.4161862 0.3835905 0.3845999 0.3790308 0.3933735 0.3520397 
S0013_G4848_R1_A 1.1242219 0.4881385 0.4884546 0.4881385 0.4941421 0.4833216 0.4899971 0.4970652 0.4765568 0.4881385 1.1283666 1.1269669 1.1166080 1.1305906 1.0995661 1.1283666 1.1320089 1.1427550 1.0881282 1.1674295 1.1674295 1.2985126 1.3520375 1.1633327 1.1633327 1.2784053 1.1667610 1.1806207 0.1063106 0.0558549 0.0346042 0.0381957 0.0439796 0.0406401 0.0448545 0.0379292 0.0000000 0.0376088 0.0687938 0.0658740 0.0655965 0.0560423 0.0792142 0.1151265 0.2809762 0.2774228 0.2551375 0.1809517 0.1223997 0.1261598 0.4197593 0.4197593 0.1252879 0.3042734 0.1328035 0.1276774 0.1258124 0.1124209 0.1159775 0.1478989 0.1289728 0.2542300 0.3741521 0.3906317 0.4073008 0.4248123 0.4029974 0.3988748 0.3930417 0.4080331 0.3582105 
S0048_G4848_R1_A 1.0600341 0.4672387 0.4675304 0.4672387 0.4730727 0.4625273 0.4689932 0.4758232 0.4559670 0.4672387 1.1322675 1.1308579 1.1204573 1.1344990 1.1033349 1.1322675 1.1359322 1.1228490 1.0918475 1.1598746 1.1598746 1.2701074 1.3115247 1.1170447 1.1170447 1.2524985 1.1299603 1.1433452 0.1199035 0.0588787 0.0375404 0.0411925 0.0469783 0.0436046 0.0479140 0.0409045 0.0376088 0.0000000 0.0688544 0.0659322 0.0656543 0.0560915 0.0747048 0.1144298 0.2837862 0.2826866 0.2579375 0.1873144 0.1184579 0.1221733 0.4211142 0.4211142 0.1044823 0.3019423 0.1287610 0.1235289 0.1259237 0.1085676 0.1120851 0.1472514 0.0981114 0.2616918 0.3718749 0.3787268 0.4238236 0.4418781 0.4194455 0.4152660 0.4093096 0.4245816 0.3799526 
S0004_G4848_R1_A 1.0471915 0.5138226 0.5141579 0.5138226 0.5198188 0.5036757 0.5157417 0.5228469 0.5022730 0.5138226 1.0551519 1.0539518 1.0445180 1.0571988 1.0292018 1.0551519 1.0583301 1.0678985 1.0188368 1.1066875 1.1066875 1.1833191 1.2179192 1.0577066 1.0577066 1.1680749 1.0545281 1.0666534 0.1242198 0.0538910 0.0423515 0.0195427 0.0546501 0.0512622 0.0313700 0.0486614 0.0687938 0.0688544 0.0000000 0.0249536 0.0305796 0.0420877 0.0879834 0.0943479 0.2898123 0.2783018 0.2695748 0.2085990 0.0783654 0.0985264 0.4242369 0.4295517 0.1075740 0.2971927 0.1141675 0.0979063 0.1072885 0.0848960 0.0881305 0.1346503 0.1269231 0.2363987 0.3793845 0.3853872 0.3754937 0.3973898 0.3662037 0.3671490 0.3617843 0.3756410 0.3641118 
S0020_G4848_R1_A 1.0329432 0.5197567 0.5201013 0.5197567 0.5258383 0.5094788 0.5217176 0.5289352 0.5080479 0.5197567 1.0451391 1.0439545 1.0345627 1.0471793 1.0193449 1.0451391 1.0482834 1.0577785 1.0090343 1.1262933 1.1262933 1.1705380 1.2293072 1.0903588 1.0903588 1.2183330 1.0891097 1.1016936 0.1137859 0.0511051 0.0395663 0.0224551 0.0518261 0.0484622 0.0285456 0.0458447 0.0658740 0.0659322 0.0249536 0.0000000 0.0335395 0.0277577 0.0763768 0.0952246 0.2832067 0.2846230 0.2672860 0.2069084 0.0790815 0.0989644 0.4223539 0.4276872 0.1085876 0.2989183 0.1219089 0.0953354 0.1082964 0.0856787 0.0889460 0.1359515 0.1281339 0.2471156 0.3699349 0.3809098 0.3876155 0.3999033 0.3684627 0.3694183 0.3640150 0.3779662 0.3684812 
S0037_G4848_R1_A 1.0732532 0.5114733 0.5118071 0.5114733 0.5174754 0.5013110 0.5133887 0.5204967 0.4999103 0.5114733 1.0922838 1.0910023 1.0812374 1.0943918 1.0652707 1.0922838 1.0956473 1.1056662 1.0545100 1.1703002 1.1703002 1.2196603 1.3191218 1.0952851 1.0952851 1.2235593 1.1182530 1.1311147 0.1274229 0.0567698 0.0452088 0.0252471 0.0575698 0.0541507 0.0313807 0.0515625 0.0655965 0.0656543 0.0305796 0.0335395 0.0000000 0.0509167 0.0841404 0.0948213 0.2960887 0.2922562 0.2666819 0.2020979 0.0852422 0.1053435 0.4325068 0.4378953 0.1150383 0.3041508 0.1081862 0.1020690 0.1147264 0.0919161 0.0952177 0.1323686 0.1280994 0.2505581 0.3816563 0.3967156 0.3735905 0.3989386 0.3716274 0.3725892 0.3671799 0.3811385 0.3659869 
S0019_G4848_R1_A 1.0240879 0.5058682 0.5061932 0.5058682 0.5117865 0.4958352 0.5077435 0.5147417 0.4944617 0.5058682 1.0717553 1.0705210 1.0609549 1.0738263 1.0453734 1.0717553 1.0750106 1.0847640 1.0348484 1.0928367 1.0928367 1.1640868 1.2485829 1.0474714 1.0474714 1.1689502 1.0635795 1.0758225 0.1137492 0.0509620 0.0335718 0.0251960 0.0455936 0.0423249 0.0313165 0.0397040 0.0560423 0.0560915 0.0420877 0.0277577 0.0509167 0.0000000 0.0804852 0.1045907 0.2696755 0.2807327 0.2541715 0.1979335 0.0978739 0.0981209 0.3966994 0.4018779 0.1283228 0.3105734 0.1420264 0.1189474 0.1279664 0.1047180 0.1080965 0.1565308 0.1483499 0.2621753 0.3756356 0.3640057 0.4070411 0.4180155 0.3855032 0.3865125 0.3902712 0.4046936 0.3547513 
S0033_G4848_R1_A 1.2008949 0.3595845 0.3598072 0.3719872 0.3719872 0.3675307 0.3735961 0.3735961 0.3649974 0.3595845 1.1364645 1.1364645 1.1492942 1.1391871 1.1153375 1.1510601 1.1556346 1.1690758 1.1012218 1.1981305 1.1981305 1.2848255 1.4543287 1.0832615 1.0832615 1.2280098 1.0822739 1.0763320 0.0541466 0.0998351 0.0721854 0.0802472 0.0720176 0.0799587 0.0801804 0.0801163 0.0792142 0.0747048 0.0879834 0.0763768 0.0841404 0.0804852 0.0000000 0.0762522 0.1452842 0.1135077 0.1178685 0.0875274 0.0840543 0.0955679 0.2850983 0.2850983 0.1004665 0.2171752 0.1044091 0.0973903 0.1082444 0.0967316 0.1049261 0.1385009 0.1207355 0.1207412 0.2524446 0.2596220 0.3234859 0.3007939 0.3070540 0.3024269 0.3068636 0.3233254 0.3242337 
S0036_G4848_R1_U 0.9290848 0.4431123 0.4433706 0.4431123 0.4486186 0.4336402 0.4447100 0.4511125 0.4324529 0.4431123 0.9630149 0.9548617 0.9532604 0.9649257 0.9393525 0.9630149 0.9657809 0.9743545 0.9393525 0.9917106 0.9917106 1.0330571 1.1113712 0.9592577 0.9592577 1.0675172 0.9429028 0.9436029 0.1520939 0.1072011 0.0849937 0.0766549 0.0951974 0.0914586 0.0777883 0.0887965 0.1151265 0.1144298 0.0943479 0.0952246 0.0948213 0.1045907 0.0762522 0.0000000 0.2708653 0.2595787 0.2423675 0.1340407 0.0306364 0.0366120 0.3971908 0.4023281 0.0659674 0.2492451 0.0692108 0.0564267 0.0633884 0.0513210 0.0603039 0.0879826 0.0814460 0.1959195 0.2649230 0.3041434 0.3398199 0.3517676 0.3265280 0.3273664 0.3222551 0.3355596 0.3208095 
S0008_G4848_R1_A 1.2188764 0.5867473 0.5871737 0.5867473 0.5933185 0.5874357 0.5956341 0.5969591 0.5857625 0.5867473 1.1553780 1.1539478 1.1435810 1.1575928 1.1264379 1.1553780 1.1590750 1.1588907 1.1149587 1.2138080 1.2138080 1.3457604 1.4203044 1.1687340 1.1687340 1.2322696 1.1138437 1.1036878 0.2655083 0.2961811 0.2785818 0.2697909 0.3040626 0.3011632 0.2878389 0.2949311 0.2809762 0.2837862 0.2898123 0.2832067 0.2960887 0.2696755 0.1452842 0.2708653 0.0000000 0.1344705 0.1231163 0.2661021 0.2850802 0.3095550 0.3687675 0.3639191 0.3122588 0.4141302 0.3004559 0.2871897 0.3135455 0.2995226 0.3006163 0.3252353 0.3129148 0.3474150 0.3877062 0.4243132 0.4826481 0.4810540 0.4808691 0.4765128 0.4597635 0.4850128 0.4099966 
S0027_G4848_R1_A 1.2685959 0.6136017 0.6140659 0.6204198 0.6272879 0.6283474 0.6297888 0.6312378 0.6193734 0.6136017 1.3248451 1.3229972 1.3111261 1.3272890 1.2909664 1.3248451 1.3156295 1.3423231 1.2644985 1.2927012 1.2927012 1.4771561 1.5239872 1.2022502 1.2022502 1.3201285 1.2310236 1.2191433 0.2612559 0.2922490 0.2662683 0.2712945 0.2901827 0.2925693 0.2848235 0.2813364 0.2774228 0.2826866 0.2783018 0.2846230 0.2922562 0.2807327 0.1135077 0.2595787 0.1344705 0.0000000 0.0665047 0.2495421 0.2638487 0.2926525 0.4213617 0.4161195 0.2849763 0.3832423 0.2808869 0.2782681 0.3009336 0.2846057 0.2856291 0.2997596 0.2941088 0.3346177 0.3604874 0.4120054 0.4638559 0.4625960 0.4579551 0.4537139 0.4419031 0.4663275 0.3755708 
S0014_G4848_R1_A 1.2563384 0.5929327 0.5933670 0.5929327 0.5995500 0.6005576 0.6018965 0.6032422 0.5919378 0.5929327 1.2866080 1.2848712 1.2734220 1.2889872 1.2540856 1.2866080 1.2776975 1.3032935 1.2286211 1.2642760 1.2642760 1.4284230 1.4602416 1.2250379 1.2250379 1.2973921 1.2358836 1.2239276 0.2399633 0.2790354 0.2494291 0.2540809 0.2726562 0.2627545 0.2670454 0.2640345 0.2551375 0.2579375 0.2695748 0.2672860 0.2666819 0.2541715 0.1178685 0.2423675 0.1231163 0.0665047 0.0000000 0.2289022 0.2478995 0.2707212 0.4284253 0.4231302 0.2560915 0.3779764 0.2412268 0.2403467 0.2598154 0.2478995 0.2444912 0.2703653 0.2671169 0.3335412 0.3500106 0.3990894 0.4655113 0.4863967 0.4682168 0.4639129 0.4518850 0.4708707 0.3909311 
S0035_G4848_R1_A 1.0336314 0.4297788 0.4300256 0.4297788 0.4352424 0.4203501 0.4258792 0.4321585 0.4236326 0.4297788 1.0876373 1.0783921 1.0765699 1.0897517 1.0605811 1.0876373 1.0622004 1.1010291 1.0605811 1.1836472 1.1836472 1.2150080 1.4008786 1.0897768 1.0897768 1.1675783 1.0486021 1.0606693 0.1344672 0.1964054 0.1557925 0.1699395 0.1750171 0.1739255 0.1689507 0.1677148 0.1809517 0.1873144 0.2085990 0.2069084 0.2020979 0.1979335 0.0875274 0.1340407 0.2661021 0.2495421 0.2289022 0.0000000 0.1452380 0.1561820 0.4581477 0.4581477 0.1630745 0.2785404 0.1526970 0.1561901 0.1671734 0.1534444 0.1641345 0.2053278 0.1764231 0.2294581 0.2824386 0.3141816 0.4075677 0.4051408 0.3928401 0.3888243 0.3831680 0.3977264 0.3424491 
S0028_G4848_R1_A 0.8991376 0.4595981 0.4598758 0.4595981 0.4652617 0.4498945 0.4612826 0.4678984 0.4486476 0.4595981 0.9656032 0.9645806 0.9558615 0.9675108 0.9419670 0.9656032 0.9683700 0.9769386 0.9419670 0.9825330 0.9825330 1.0227964 1.1004787 0.9672221 0.9672221 1.0654891 0.9693745 0.9700757 0.1598442 0.1110236 0.0915917 0.0800351 0.1019809 0.0981550 0.0812245 0.0954909 0.1223997 0.1184579 0.0783654 0.0790815 0.0852422 0.0978739 0.0840543 0.0306364 0.2850802 0.2638487 0.2478995 0.1452380 0.0000000 0.0484258 0.4096628 0.4148483 0.0540440 0.2552485 0.0600870 0.0469551 0.0541165 0.0365097 0.0452518 0.0785564 0.0658748 0.1922326 0.2762379 0.3063030 0.3063776 0.3211800 0.2936832 0.2944270 0.2895681 0.3023106 0.3089696 
S0020_G4848_R2_A 0.9489084 0.4483945 0.4486605 0.4483945 0.4539852 0.4387901 0.4500298 0.4500298 0.4375766 0.4483945 0.9887085 0.9802964 0.9786418 0.9906721 0.9642464 0.9887085 0.9916082 1.0080046 0.9642464 1.0491373 1.0491373 1.0859482 1.1703394 1.0033345 1.0033345 1.1183923 1.0017807 1.0024914 0.1638593 0.1215676 0.0949911 0.0864933 0.1054802 0.1016078 0.0908666 0.0989417 0.1261598 0.1221733 0.0985264 0.0989644 0.1053435 0.0981209 0.0955679 0.0366120 0.3095550 0.2926525 0.2707212 0.1561820 0.0484258 0.0000000 0.4307593 0.4361769 0.0823851 0.2677108 0.0888164 0.0759816 0.0763121 0.0638869 0.0731270 0.1015998 0.0948318 0.2082743 0.3021429 0.3334529 0.3627512 0.3796777 0.3489602 0.3498694 0.3445538 0.3583280 0.3537147 
S0039_G4848_R1_A 1.1897951 0.6140914 0.6270223 0.6346941 0.6277763 0.6216542 0.6233768 0.6317278 0.6198624 0.6140914 1.0176231 1.0164795 1.0071890 1.0381868 1.0024921 1.0176231 1.0206789 1.0283500 0.9719568 1.3099034 1.3099034 1.3432134 1.4512294 1.1415730 1.1415730 1.2786243 1.2257120 1.2808660 0.4295214 0.4204124 0.4053077 0.3974200 0.4023914 0.4168514 0.3913396 0.3863982 0.4197593 0.4211142 0.4242369 0.4223539 0.4325068 0.3966994 0.2850983 0.3971908 0.3687675 0.4213617 0.4284253 0.4581477 0.4096628 0.4307593 0.0000000 0.0027150 0.4289884 0.5601650 0.4187160 0.4052043 0.4220612 0.4186656 0.4303198 0.4755238 0.4162188 0.4386345 0.5471190 0.5103039 0.5616664 0.5530266 0.5473388 0.5488688 0.5358019 0.5457560 0.4559691 
S0051_G4848_R1_A 1.2022258 0.6073231 0.6201654 0.6277763 0.6209090 0.6148263 0.6165257 0.6248033 0.6130557 0.6073231 1.0281572 1.0269930 1.0176231 1.0489006 1.0128632 1.0281572 1.0312604 1.0389802 0.9820405 1.3237517 1.3237517 1.3586243 1.4678505 1.1533668 1.1533668 1.2921253 1.2392075 1.2950530 0.4295214 0.4257196 0.4105220 0.4026613 0.4076058 0.4221491 0.3965877 0.3915081 0.4197593 0.4211142 0.4295517 0.4276872 0.4378953 0.4018779 0.2850983 0.4023281 0.3639191 0.4161195 0.4231302 0.4581477 0.4148483 0.4361769 0.0027150 0.0000000 0.4343309 0.5668103 0.4239464 0.4105308 0.4273331 0.4239424 0.4356792 0.4811922 0.4214641 0.4440756 0.5533866 0.5163124 0.5679287 0.5592928 0.5535283 0.5550771 0.5419217 0.5519733 0.4559691 
S0046_G4848_R1_A 0.9204997 0.4151772 0.4154076 0.4151772 0.4204996 0.4158757 0.4166534 0.4227938 0.4048534 0.4151772 0.9335099 0.9325458 0.9240610 0.9353689 0.9106382 0.9335099 0.9361388 0.9252840 0.9106382 0.9994304 0.9994304 1.0452091 1.1119220 0.9740663 0.9740663 1.0841140 0.9662685 0.9669691 0.1747578 0.1313304 0.1178249 0.1060910 0.1221176 0.1215997 0.1076994 0.1154054 0.1252879 0.1044823 0.1075740 0.1085876 0.1150383 0.1283228 0.1004665 0.0659674 0.3122588 0.2849763 0.2560915 0.1630745 0.0540440 0.0823851 0.4289884 0.4343309 0.0000000 0.2477998 0.0508157 0.0376308 0.0449685 0.0277191 0.0305898 0.0688774 0.0479750 0.1685574 0.2728909 0.3049223 0.3430636 0.3495462 0.3206806 0.3214994 0.3164493 0.3296106 0.3250947 
S0005_G4848_R2_A 1.4000018 0.4895028 0.4898274 0.4895028 0.4895028 0.4891788 0.4852792 0.4779071 0.4716335 0.4895028 1.1892121 1.2041666 1.2020384 1.1915711 1.1831157 1.2150118 1.2061374 1.2273520 1.1457476 1.2361808 1.2361808 1.2671588 1.4723118 1.1908184 1.1908184 1.2536066 1.1013818 1.1021148 0.3017094 0.2966986 0.2764827 0.2777341 0.2808463 0.2868541 0.2716612 0.2747978 0.3042734 0.3019423 0.2971927 0.2989183 0.3041508 0.3105734 0.2171752 0.2492451 0.4141302 0.3832423 0.3779764 0.2785404 0.2552485 0.2677108 0.5601650 0.5668103 0.2477998 0.0000000 0.2393306 0.2365984 0.2527781 0.2327097 0.2377455 0.2585933 0.2520994 0.3135504 0.3157558 0.3479233 0.4129621 0.4383976 0.4153578 0.4057282 0.3932629 0.4068412 0.4259055 
