88
S0048_G4889_R1_A 0.0000000 0.0037713 0.0311488 0.0313508 0.0393218 0.0438163 0.0351319 0.0438058 0.0477672 0.0436358 0.0394188 0.0481006 0.0477655 0.0313542 0.0310567 0.0395287 0.0351158 0.0310567 0.0437167 0.0477445 0.0355553 0.0435409 0.0476005 0.0479315 0.0614053 0.0919061 0.0919061 0.0957957 0.0957957 0.1059705 0.1415804 0.1530327 0.1467328 0.1507840 0.1560017 0.1941456 0.1763313 0.1763313 0.1941456 0.1530327 0.1957704 0.1463059 0.2088083 0.2088083 0.2206449 0.2218518 0.5590407 0.4470229 0.4088480 0.4256714 0.2787998 0.2787998 0.3814450 0.3565176 0.3614378 0.3911192 0.3508309 0.4791913 0.5206439 0.4876934 0.5001277 0.5001277 0.5001277 0.4873782 0.4873782 0.5182502 0.5041635 0.5122397 0.4964368 0.5027764 0.5243928 0.5234427 0.3265769 0.5572601 0.5604413 0.5710708 0.5849405 0.5657400 0.5947272 0.5657377 0.5669080 0.5750770 0.5750770 0.5584104 0.5488427 0.6124135 0.5678129 0.4678079 
S0050_G4889_R1_A 0.0037713 0.0000000 0.0271388 0.0273133 0.0352369 0.0396583 0.0310948 0.0396488 0.0435962 0.0394959 0.0353234 0.0438980 0.0435938 0.0273168 0.0270591 0.0395287 0.0310804 0.0270591 0.0395693 0.0435748 0.0314669 0.0394103 0.0434447 0.0437443 0.0570523 0.0873305 0.0873305 0.0912187 0.0912187 0.1012640 0.1365075 0.1478147 0.1416107 0.1456585 0.1508262 0.1885976 0.1709843 0.1709843 0.1885976 0.1478147 0.1901692 0.1411975 0.2030359 0.2030359 0.2147573 0.2153588 0.5490449 0.4383620 0.4006572 0.4172933 0.2720503 0.2720503 0.3896365 0.3644060 0.3693351 0.3911192 0.3586783 0.4703928 0.5113021 0.4787954 0.4910498 0.4910498 0.4910498 0.4784847 0.4784847 0.5089594 0.4949992 0.5029851 0.4873333 0.4936358 0.5146081 0.5140354 0.3179372 0.5572601 0.5604413 0.5710708 0.5849405 0.5657400 0.5947272 0.5657377 0.5669080 0.5750770 0.5750770 0.5584104 0.5488427 0.6124135 0.5678129 0.4587578 
S0030_G4889_R1_A 0.0311488 0.0271388 0.0000000 0.0153043 0.0075800 0.0115111 0.0037635 0.0115085 0.0153427 0.0114662 0.0075979 0.0154427 0.0231599 0.0192191 0.0037822 0.0153400 0.0192132 0.0037822 0.0153854 0.0231500 0.0192814 0.0114419 0.0270003 0.0232368 0.0356911 0.0647435 0.0647435 0.0601408 0.0601408 0.0875947 0.1067227 0.1364708 0.1161161 0.1204088 0.1253233 0.1559373 0.1442535 0.1442535 0.1559373 0.1364708 0.1625194 0.1408510 0.1795970 0.1795970 0.1908072 0.1890241 0.5308451 0.4224350 0.3855334 0.4166660 0.2593670 0.2593670 0.3959893 0.3706061 0.3755254 0.3974892 0.3648653 0.4527381 0.4925425 0.4698116 0.4728266 0.4728266 0.4818807 0.4695062 0.4695062 0.4903041 0.4766014 0.4936358 0.4690627 0.4752869 0.5047265 0.4951446 0.2938492 0.5190752 0.5219882 0.5424355 0.5452815 0.5268603 0.5546712 0.5272416 0.5283163 0.5358427 0.5358427 0.5302437 0.5209655 0.5713559 0.5393769 0.4250255 
S0013_G4889_R1_A 0.0313508 0.0273133 0.0153043 0.0000000 0.0231807 0.0273881 0.0191793 0.0273817 0.0312848 0.0272782 0.0232368 0.0314960 0.0312814 0.0193407 0.0192770 0.0312814 0.0352615 0.0192770 0.0313759 0.0312678 0.0273448 0.0272197 0.0351641 0.0313871 0.0442097 0.0825750 0.0825750 0.0777116 0.0777116 0.0782311 0.1117959 0.1321596 0.1166622 0.1256161 0.1305919 0.1615962 0.1497216 0.1497216 0.1615962 0.1321596 0.1615204 0.1403126 0.1856325 0.1856325 0.1969886 0.1958065 0.5166774 0.4106134 0.3745377 0.3905194 0.2804499 0.2804499 0.3637371 0.3395309 0.3444173 0.3651234 0.3339478 0.4491737 0.4890442 0.4662841 0.4692937 0.4692937 0.4783668 0.4659794 0.4659794 0.4868089 0.4730606 0.4901337 0.4654937 0.4717466 0.5011027 0.4916392 0.3120286 0.5330030 0.5360289 0.5569257 0.5598798 0.5410822 0.5694604 0.5413234 0.5424383 0.5502387 0.5502387 0.5444325 0.5349593 0.5865952 0.5537499 0.4443204 
S0018_G4889_R1_A 0.0393218 0.0352369 0.0075800 0.0231807 0.0000000 0.0114532 0.0113990 0.0114506 0.0232390 0.0114087 0.0153435 0.0233932 0.0269507 0.0271699 0.0114563 0.0232357 0.0271623 0.0114563 0.0233052 0.0230324 0.0272597 0.0153394 0.0350541 0.0312887 0.0355038 0.0735817 0.0735817 0.0688496 0.0688496 0.0871038 0.1164929 0.1468733 0.1260575 0.1303935 0.1354101 0.1666740 0.1546628 0.1546628 0.1666740 0.1468733 0.1734713 0.1512975 0.1909745 0.1909745 0.2024252 0.2017827 0.5419230 0.4404643 0.4025178 0.4259196 0.2731689 0.2731689 0.4049987 0.3872309 0.3841772 0.4148528 0.3813939 0.4710309 0.5120370 0.4885691 0.4917366 0.4917366 0.5010422 0.4882529 0.4882529 0.5096871 0.4956980 0.5131929 0.4880171 0.4943310 0.5254226 0.5147793 0.3113597 0.5402126 0.5432816 0.5643057 0.5673004 0.5484030 0.5769318 0.5485711 0.5497012 0.5576034 0.5576034 0.5517197 0.5421930 0.5942118 0.5610856 0.4434513 
S0031_G4889_R1_A 0.0438163 0.0396583 0.0115111 0.0273881 0.0114532 0.0000000 0.0153880 0.0154588 0.0274577 0.0154015 0.0194211 0.0276430 0.0311910 0.0314482 0.0154665 0.0274542 0.0314398 0.0154665 0.0275374 0.0272103 0.0315540 0.0194161 0.0394491 0.0273069 0.0399642 0.0787278 0.0787278 0.0738815 0.0738815 0.0925174 0.1225566 0.1535961 0.1323085 0.1367077 0.1418314 0.1737834 0.1614540 0.1614540 0.1737834 0.1535961 0.1807833 0.1527818 0.1909745 0.1909745 0.2024252 0.2017827 0.5495379 0.4463651 0.4163089 0.4403361 0.2833812 0.2833812 0.4189020 0.4006070 0.3973911 0.4162723 0.3946445 0.4864204 0.5287329 0.5044746 0.5077941 0.5077941 0.5173777 0.5041505 0.5041505 0.5262721 0.5119433 0.5299519 0.5040912 0.5105230 0.5432698 0.5316164 0.3038774 0.5219882 0.5249323 0.5455268 0.5484030 0.5298552 0.5578569 0.5302078 0.5312938 0.5388973 0.5388973 0.5332402 0.5238972 0.5746795 0.5424355 0.4587571 
S0019_G4889_R1_A 0.0351319 0.0310948 0.0037635 0.0191793 0.0113990 0.0153880 0.0000000 0.0153845 0.0192274 0.0153277 0.0114261 0.0193535 0.0270889 0.0231216 0.0075838 0.0192243 0.0231148 0.0075838 0.0192814 0.0270773 0.0231971 0.0152952 0.0309352 0.0271793 0.0397611 0.0689654 0.0689654 0.0643125 0.0643125 0.0920032 0.1112758 0.1412359 0.1207239 0.1250253 0.1299738 0.1608018 0.1490012 0.1490012 0.1608018 0.1412359 0.1674628 0.1456245 0.1846836 0.1846836 0.1959695 0.1946935 0.5389362 0.4296260 0.3924050 0.4237555 0.2652806 0.2652806 0.3959893 0.3706061 0.3755254 0.3974892 0.3648653 0.4599556 0.5001341 0.4771697 0.4802376 0.4802376 0.4893682 0.4768605 0.4768605 0.4978572 0.4840754 0.5012495 0.4764989 0.4827435 0.5127512 0.5027837 0.2938492 0.5272416 0.5302078 0.5508299 0.5537265 0.5351647 0.5631876 0.5354629 0.5365564 0.5442100 0.5442100 0.5385145 0.5291623 0.5800630 0.5477163 0.4323661 
S0004_G4889_R1_A 0.0438058 0.0396488 0.0115085 0.0273817 0.0114506 0.0154588 0.0153845 0.0000000 0.0232788 0.0153979 0.0194166 0.0276364 0.0311837 0.0314408 0.0154629 0.0274478 0.0314324 0.0154629 0.0275309 0.0272040 0.0232731 0.0194116 0.0394397 0.0356460 0.0399545 0.0693158 0.0693158 0.0646350 0.0646350 0.0871038 0.1118899 0.1420542 0.1263263 0.1319195 0.1370058 0.1617539 0.1498618 0.1498618 0.1617539 0.1420542 0.1684706 0.1400092 0.1804154 0.1804154 0.1916920 0.1899865 0.5337783 0.4331638 0.3955449 0.4187870 0.2832821 0.2832821 0.3979855 0.3803654 0.3773736 0.3994980 0.3666614 0.4636985 0.5043198 0.4810924 0.4842060 0.4842060 0.4934326 0.4807795 0.4807795 0.5020082 0.4881026 0.5054540 0.4804602 0.4867533 0.5172567 0.5070130 0.2834531 0.5319113 0.5349257 0.5557695 0.5587124 0.5399606 0.5682696 0.5402126 0.5413234 0.5490955 0.5490955 0.5433107 0.5338608 0.5853534 0.5526057 0.4135729 
S0020_G4889_R1_A 0.0477672 0.0435962 0.0153427 0.0312848 0.0232390 0.0274577 0.0192274 0.0232788 0.0000000 0.0273472 0.0232954 0.0232954 0.0313605 0.0353593 0.0193256 0.0313605 0.0353505 0.0193256 0.0314555 0.0394403 0.0354788 0.0272884 0.0433657 0.0395928 0.0485505 0.0691236 0.0691236 0.0729860 0.0729860 0.0975408 0.1115432 0.1269282 0.1161218 0.1205170 0.1254363 0.1712864 0.1493644 0.1493644 0.1712864 0.1269282 0.1678819 0.1396416 0.1693846 0.1693846 0.1804356 0.1783908 0.5145259 0.4090888 0.3874024 0.4035757 0.2626573 0.2626573 0.4040999 0.3928471 0.3833619 0.4056262 0.3726613 0.4531322 0.4929530 0.4702131 0.4732306 0.4732306 0.4822876 0.4699075 0.4699075 0.4907130 0.4770084 0.4940473 0.4694686 0.4756932 0.5051572 0.4955571 0.2819560 0.5113961 0.5142583 0.5345358 0.5373331 0.5190494 0.5466526 0.5195091 0.5205661 0.5279703 0.5279703 0.5224639 0.5132574 0.5631507 0.5315299 0.4113749 
S0016_G4889_R1_A 0.0436358 0.0394959 0.0114662 0.0272782 0.0114087 0.0154015 0.0153277 0.0153979 0.0273472 0.0000000 0.0193440 0.0275309 0.0310660 0.0313211 0.0154055 0.0273437 0.0313128 0.0154055 0.0274263 0.0271018 0.0314260 0.0193391 0.0392884 0.0355089 0.0397992 0.0783847 0.0783847 0.0735633 0.0735633 0.0921059 0.1125113 0.1428828 0.1220821 0.1264353 0.1314512 0.1627183 0.1507331 0.1507331 0.1627183 0.1428828 0.1694917 0.1573141 0.1869869 0.1869869 0.1984496 0.1974035 0.5384414 0.4367581 0.3987347 0.4222056 0.2691031 0.2691031 0.4082883 0.3903332 0.3872309 0.4182468 0.3844458 0.4832724 0.5252376 0.5011875 0.5044686 0.5044686 0.5139772 0.5008649 0.5008649 0.5228040 0.5085716 0.5264416 0.5007690 0.5071648 0.5300844 0.5280869 0.3065940 0.5366541 0.5397176 0.5607856 0.5637757 0.5448310 0.5734301 0.5450364 0.5461648 0.5540564 0.5540564 0.5481816 0.5386327 0.5907243 0.5575709 0.4396858 
S0026_G4889_R1_A 0.0394188 0.0353234 0.0075979 0.0232368 0.0153435 0.0194211 0.0114261 0.0194166 0.0232954 0.0193440 0.0000000 0.0153979 0.0230924 0.0272360 0.0114837 0.0232920 0.0272284 0.0114837 0.0233619 0.0312463 0.0273262 0.0193028 0.0269214 0.0313654 0.0441772 0.0607574 0.0607574 0.0647986 0.0647986 0.0927369 0.1025731 0.1369968 0.1119495 0.1162492 0.1211502 0.1516819 0.1502712 0.1502712 0.1516819 0.1369968 0.1582183 0.1468733 0.1752334 0.1752334 0.1864192 0.1841984 0.5453972 0.4345712 0.3968204 0.4285821 0.2680107 0.2680107 0.4075321 0.3815914 0.3865479 0.4090791 0.3757624 0.4651635 0.5059243 0.4826126 0.4857427 0.4857427 0.4949992 0.4822993 0.4822993 0.5036015 0.4896585 0.5070648 0.4819967 0.4883036 0.5189731 0.5086317 0.2880919 0.5336772 0.5367073 0.5576165 0.5605744 0.5417673 0.5701592 0.5420016 0.5431180 0.5509281 0.5509281 0.5451146 0.5356358 0.5873046 0.5544367 0.4198343 
S0002_G4889_R1_A 0.0481006 0.0438980 0.0154427 0.0314960 0.0233932 0.0276430 0.0193535 0.0276364 0.0232954 0.0275309 0.0153979 0.0000000 0.0312960 0.0356000 0.0194530 0.0315727 0.0355912 0.0194530 0.0316690 0.0397110 0.0357212 0.0274713 0.0351802 0.0398656 0.0531125 0.0790281 0.0790281 0.0741608 0.0741608 0.1029976 0.1230464 0.1539819 0.1328400 0.1310264 0.1360713 0.1744990 0.1621085 0.1621085 0.1744990 0.1539819 0.1815360 0.1468733 0.1919764 0.1919764 0.2034979 0.2038424 0.5255196 0.4173400 0.3805300 0.4116221 0.2745056 0.2745056 0.4294753 0.4025162 0.4075321 0.4311071 0.3965287 0.4711224 0.5125741 0.4888506 0.4920537 0.4920537 0.5014599 0.4885313 0.4885313 0.5101976 0.4960601 0.5137442 0.4882967 0.4946781 0.5261323 0.5153486 0.3050243 0.5612789 0.5645284 0.5863000 0.5894674 0.5699411 0.5994182 0.5698977 0.5710934 0.5794346 0.5794346 0.5732188 0.5633647 0.6174319 0.5828919 0.4374387 
S0021_G4889_R1_A 0.0477655 0.0435938 0.0231599 0.0312814 0.0269507 0.0311910 0.0270889 0.0311837 0.0313605 0.0310660 0.0230924 0.0312960 0.0000000 0.0353560 0.0272286 0.0394546 0.0434860 0.0272286 0.0354625 0.0350517 0.0436447 0.0312526 0.0269418 0.0478215 0.0439312 0.0784528 0.0784528 0.0780288 0.0780288 0.0966266 0.1220942 0.1430154 0.1318032 0.1361846 0.1412847 0.1834203 0.1608186 0.1608186 0.1834203 0.1430154 0.1800424 0.1574603 0.1926661 0.1926661 0.2042397 0.2037739 0.5482056 0.4453941 0.4219564 0.4154379 0.2751561 0.2751561 0.4015939 0.3984285 0.3807327 0.4114755 0.3779105 0.4523819 0.4926071 0.4696366 0.4726839 0.4726839 0.4818336 0.4693283 0.4693283 0.4903443 0.4764978 0.4937119 0.4688784 0.4751696 0.5049249 0.4952365 0.3228379 0.5550617 0.5582496 0.5797396 0.5828475 0.5635608 0.5926765 0.5635799 0.5647528 0.5729415 0.5729415 0.5668408 0.5571107 0.6104218 0.5763967 0.4561006 
S0012_G4889_R1_A 0.0313542 0.0273168 0.0192191 0.0193407 0.0271699 0.0314482 0.0231216 0.0314408 0.0353593 0.0313211 0.0272360 0.0356000 0.0353560 0.0000000 0.0232401 0.0353560 0.0352648 0.0232401 0.0273388 0.0353407 0.0313979 0.0312537 0.0392520 0.0354764 0.0484593 0.0871065 0.0871065 0.0821792 0.0821792 0.0785475 0.1264879 0.1324385 0.1314935 0.1210456 0.1259890 0.1673992 0.1553251 0.1553251 0.1673992 0.1324385 0.1742348 0.1466387 0.1806066 0.1806066 0.1918886 0.1902021 0.5521576 0.4407151 0.4027614 0.4195010 0.2733995 0.2733995 0.3847438 0.3595585 0.3645095 0.3862174 0.3538242 0.4587236 0.4992052 0.4583321 0.4791579 0.4791579 0.4702618 0.4580326 0.4580326 0.4969130 0.4830215 0.4818782 0.4753827 0.4816803 0.5118821 0.5018729 0.3029878 0.5526592 0.5558232 0.5560751 0.5802936 0.5610961 0.5900782 0.5611393 0.5623036 0.5704346 0.5704346 0.5436079 0.5341527 0.6077278 0.5529083 0.4457892 
S0023_G4889_R1_A 0.0310567 0.0270591 0.0037822 0.0192770 0.0114563 0.0154665 0.0075838 0.0154629 0.0193256 0.0154055 0.0114837 0.0194530 0.0272286 0.0232401 0.0000000 0.0154180 0.0232333 0.0000010 0.0193801 0.0272168 0.0233164 0.0153728 0.0271390 0.0273199 0.0399728 0.0693435 0.0693435 0.0646612 0.0646612 0.0925268 0.1119264 0.1420929 0.1214364 0.1257637 0.1307460 0.1617918 0.1451208 0.1451208 0.1617918 0.1420929 0.1685084 0.1352896 0.1858635 0.1858635 0.1972353 0.1960762 0.5181231 0.4117730 0.3755898 0.4061928 0.2516256 0.2516256 0.3858288 0.3609148 0.3658047 0.3872878 0.3552465 0.4418393 0.4808295 0.4585930 0.4615112 0.4615112 0.4703928 0.4582963 0.4582963 0.4786619 0.4651635 0.4818807 0.4577303 0.4638841 0.4922747 0.4833398 0.2839412 0.5063012 0.5091131 0.5291623 0.5319113 0.5138226 0.5411330 0.5143320 0.5153711 0.5226516 0.5226516 0.5172385 0.5081323 0.5574174 0.5262085 0.4141265 
S0036_G4889_R1_A 0.0395287 0.0395287 0.0153400 0.0312814 0.0232357 0.0274542 0.0192243 0.0274478 0.0313605 0.0273437 0.0232920 0.0315727 0.0394546 0.0353560 0.0154180 0.0000000 0.0353473 0.0154180 0.0314520 0.0394374 0.0354755 0.0272849 0.0352494 0.0313895 0.0527347 0.0827950 0.0827950 0.0779158 0.0779158 0.1067582 0.1267819 0.1578986 0.1365477 0.1409379 0.1460735 0.1780953 0.1557095 0.1557095 0.1780953 0.1578986 0.1851381 0.1574603 0.2031350 0.2031350 0.2148663 0.2090507 0.5565098 0.4440274 0.4057030 0.4378805 0.2820008 0.2820008 0.4165884 0.3902756 0.3952476 0.4056949 0.3843923 0.4836806 0.5256563 0.5016001 0.5048833 0.5048833 0.5143937 0.5012774 0.5012774 0.5232215 0.5089888 0.5268611 0.5011862 0.5075814 0.5399442 0.5285073 0.3228379 0.5289287 0.5319113 0.5526057 0.5555178 0.5368945 0.5650099 0.5371760 0.5382753 0.5459688 0.5459688 0.5402432 0.5308591 0.5819533 0.5494752 0.4380368 
S0011_G4889_R1_A 0.0351158 0.0310804 0.0192132 0.0352615 0.0271623 0.0314398 0.0231148 0.0314324 0.0353505 0.0313128 0.0272284 0.0355912 0.0434860 0.0352648 0.0232333 0.0353473 0.0000000 0.0232333 0.0313710 0.0434670 0.0313896 0.0312454 0.0473974 0.0395664 0.0569072 0.0695865 0.0695865 0.0734755 0.0734755 0.0919701 0.1218304 0.1525053 0.1364605 0.1357667 0.1408481 0.1726993 0.1604673 0.1604673 0.1726993 0.1525053 0.1796395 0.1470000 0.1865441 0.1865441 0.1979726 0.1968818 0.5200718 0.4427665 0.3898288 0.4214030 0.2683689 0.2683689 0.4004500 0.3746912 0.3796564 0.4169797 0.3832994 0.4450050 0.4844039 0.4531320 0.4648846 0.4648846 0.4648846 0.4528388 0.4528388 0.4822052 0.4685897 0.4763272 0.4610932 0.4672944 0.4961236 0.4869533 0.3056913 0.5357885 0.5388431 0.5492902 0.5362146 0.5439422 0.5724886 0.5441563 0.5452815 0.5531512 0.5531512 0.5368945 0.5274769 0.5897436 0.5461608 0.4473977 
S0023_G4889_R2_A 0.0310567 0.0270591 0.0037822 0.0192770 0.0114563 0.0154665 0.0075838 0.0154629 0.0193256 0.0154055 0.0114837 0.0194530 0.0272286 0.0232401 0.0000010 0.0154180 0.0232333 0.0000000 0.0193801 0.0272168 0.0233164 0.0153728 0.0271390 0.0273199 0.0399728 0.0693435 0.0693435 0.0646612 0.0646612 0.0925268 0.1119264 0.1420929 0.1214364 0.1257637 0.1307460 0.1617918 0.1451208 0.1451208 0.1617918 0.1420929 0.1685084 0.1352896 0.1858635 0.1858635 0.1972353 0.1960762 0.5181231 0.4117730 0.3755898 0.4061928 0.2516256 0.2516256 0.3858288 0.3609148 0.3658047 0.3872878 0.3552465 0.4418393 0.4808295 0.4585930 0.4615112 0.4615112 0.4703928 0.4582963 0.4582963 0.4786619 0.4651635 0.4818807 0.4577303 0.4638841 0.4922747 0.4833398 0.2839412 0.5063012 0.5091131 0.5291623 0.5319113 0.5138226 0.5411330 0.5143320 0.5153711 0.5226516 0.5226516 0.5172385 0.5081323 0.5574174 0.5262085 0.4141265 
S0028_G4889_R1_A 0.0437167 0.0395693 0.0153854 0.0313759 0.0233052 0.0275374 0.0192814 0.0275309 0.0314555 0.0274263 0.0233619 0.0316690 0.0354625 0.0273388 0.0193801 0.0314520 0.0313710 0.0193801 0.0000000 0.0395576 0.0272231 0.0273671 0.0393703 0.0397110 0.0528999 0.0830589 0.0830589 0.0781619 0.0781619 0.1023178 0.1223143 0.1479052 0.1320423 0.1312901 0.1363451 0.1787108 0.1662720 0.1662720 0.1787108 0.1479052 0.1803829 0.1523594 0.1923688 0.1923688 0.2039147 0.1972712 0.5475826 0.4361677 0.3982270 0.4301368 0.2591242 0.2591242 0.3955516 0.3702041 0.3751189 0.3970489 0.3644701 0.4932865 0.5359126 0.4928830 0.5148216 0.5148216 0.5055090 0.4925642 0.4925642 0.5334183 0.5190272 0.5178113 0.5111494 0.5175925 0.5508644 0.5388399 0.3207906 0.5391370 0.5421930 0.5424355 0.5661340 0.5472930 0.5757365 0.5474717 0.5485971 0.5564666 0.5564666 0.5302437 0.5209655 0.5929557 0.5393769 0.4657755 
S0037_G4889_R1_A 0.0477445 0.0435748 0.0231500 0.0312678 0.0230324 0.0272103 0.0270773 0.0272040 0.0394403 0.0271018 0.0312463 0.0397110 0.0350517 0.0353407 0.0272168 0.0394374 0.0434670 0.0272168 0.0395576 0.0000000 0.0436257 0.0232232 0.0433444 0.0478005 0.0439119 0.0739905 0.0739905 0.0778808 0.0778808 0.0965821 0.1267206 0.1425885 0.1268248 0.1307908 0.1358243 0.1671958 0.1656250 0.1656250 0.1671958 0.1425885 0.1850404 0.1622957 0.2030243 0.2030243 0.2200935 0.2153477 0.5348518 0.4495352 0.4110753 0.4195802 0.2871377 0.2871377 0.3917484 0.3742345 0.3712938 0.4014609 0.3684344 0.4491737 0.4890442 0.4662841 0.4692937 0.4692937 0.4783668 0.4659794 0.4659794 0.4868089 0.4730606 0.4808827 0.4565085 0.4627232 0.4913321 0.4823531 0.3035122 0.5433107 0.5464109 0.5569257 0.5598798 0.5410822 0.5694604 0.5517197 0.5528611 0.5608398 0.5608398 0.5548984 0.5453095 0.5865952 0.5643235 0.4274261 
S0017_G4889_R1_A 0.0355553 0.0314669 0.0192814 0.0273448 0.0272597 0.0315540 0.0231971 0.0232731 0.0354788 0.0314260 0.0273262 0.0357212 0.0436447 0.0313979 0.0233164 0.0354755 0.0313896 0.0233164 0.0272231 0.0436257 0.0000000 0.0313582 0.0475702 0.0355967 0.0571207 0.0785874 0.0785874 0.0824858 0.0824858 0.0923472 0.1270109 0.1428281 0.1320423 0.1411937 0.1463398 0.1784285 0.1660135 0.1660135 0.1784285 0.1428281 0.1799094 0.1462100 0.1851716 0.1851716 0.1964950 0.1952671 0.5585247 0.4455757 0.4070864 0.4393917 0.2760089 0.2760089 0.3896365 0.3644060 0.3693351 0.3830463 0.3509622 0.4848046 0.5269136 0.5027764 0.5060747 0.5060747 0.5156140 0.5024538 0.5024538 0.5244683 0.5101976 0.5281240 0.5023756 0.5087851 0.5413020 0.5297776 0.2834531 0.5391370 0.5421930 0.5631521 0.5661340 0.5472930 0.5757365 0.5474717 0.5485971 0.5564666 0.5564666 0.5506076 0.5411095 0.5929557 0.5599458 0.4338806 
S0022_G4889_R1_A 0.0435409 0.0394103 0.0114419 0.0272197 0.0153394 0.0194161 0.0152952 0.0194116 0.0272884 0.0193391 0.0193028 0.0274713 0.0312526 0.0312537 0.0153728 0.0272849 0.0312454 0.0153728 0.0273671 0.0232232 0.0313582 0.0000000 0.0392037 0.0354319 0.0441681 0.0782090 0.0782090 0.0733998 0.0733998 0.0971963 0.1216969 0.1472400 0.1313719 0.1257601 0.1307437 0.1617999 0.1602862 0.1602862 0.1617999 0.1472400 0.1794291 0.1569351 0.1972021 0.1972021 0.2088083 0.2088050 0.5264715 0.4419906 0.3987237 0.4134085 0.2649025 0.2649025 0.3929060 0.3836118 0.3726538 0.4162723 0.3778326 0.4726359 0.5138198 0.4902468 0.4934326 0.4934326 0.5027764 0.4899293 0.4899293 0.5114567 0.4974185 0.5054540 0.4804602 0.4867533 0.5172567 0.5070130 0.2840500 0.5421930 0.5452815 0.5557695 0.5587124 0.5399606 0.5682696 0.5505826 0.5517197 0.5596695 0.5596695 0.5537499 0.5441849 0.5853534 0.5631521 0.4143686 
S0021_G4889_R2_A 0.0476005 0.0434447 0.0270003 0.0351641 0.0350541 0.0394491 0.0309352 0.0394397 0.0433657 0.0392884 0.0269214 0.0351802 0.0269418 0.0392520 0.0271390 0.0352494 0.0473974 0.0271390 0.0393703 0.0433444 0.0475702 0.0392037 0.0000000 0.0517590 0.0567387 0.0913288 0.0913288 0.0776291 0.0776291 0.1156086 0.1262609 0.1520910 0.1359777 0.1403475 0.1454560 0.1773002 0.1550425 0.1550425 0.1773002 0.1520910 0.1842966 0.1668444 0.2130307 0.2130307 0.2248682 0.2265013 0.5808984 0.4573623 0.4114607 0.4284117 0.2676628 0.2676628 0.4073719 0.3814450 0.3863998 0.4089180 0.3756185 0.4649769 0.5057133 0.4824162 0.4855439 0.4855439 0.4947950 0.4821032 0.4821032 0.5033924 0.4894566 0.5068529 0.4817985 0.4881026 0.5187451 0.4920537 0.3048946 0.5512713 0.5544206 0.5757365 0.5788075 0.5596695 0.5698977 0.5597267 0.5608856 0.5689800 0.5689800 0.5629505 0.5532975 0.6061447 0.5724336 0.4616274 
S0046_G4889_R1_A 0.0479315 0.0437443 0.0232368 0.0313871 0.0312887 0.0273069 0.0271793 0.0356460 0.0395928 0.0355089 0.0313654 0.0398656 0.0478215 0.0354764 0.0273199 0.0313895 0.0395664 0.0273199 0.0397110 0.0478005 0.0355967 0.0354319 0.0517590 0.0000000 0.0614792 0.0742585 0.0742585 0.0781619 0.0781619 0.1026119 0.1223143 0.1581916 0.1261112 0.1301356 0.1351395 0.1734061 0.1611139 0.1611139 0.1734061 0.1581916 0.1699707 0.1475943 0.1961671 0.1961671 0.2076942 0.2012746 0.5475826 0.4523090 0.4066311 0.4388955 0.2724354 0.2724354 0.4188203 0.3923370 0.3973280 0.4362591 0.4016185 0.4600367 0.5006876 0.4774521 0.4805571 0.4805571 0.4897947 0.4771396 0.4771396 0.4983825 0.4844424 0.5018169 0.4767779 0.4830946 0.5134816 0.5033711 0.3134551 0.5179824 0.5209137 0.5415229 0.5443876 0.5258195 0.5538511 0.5262151 0.5272971 0.5348744 0.5348744 0.5292379 0.5198858 0.5706605 0.5384436 0.4395878 
S0023_G4889_R3_A 0.0614053 0.0570523 0.0356911 0.0442097 0.0355038 0.0399642 0.0397611 0.0399545 0.0485505 0.0397992 0.0441772 0.0531125 0.0439312 0.0484593 0.0399728 0.0527347 0.0569072 0.0399728 0.0528999 0.0439119 0.0571207 0.0441681 0.0567387 0.0614792 0.0000000 0.1027395 0.1027395 0.0972734 0.0972734 0.1124489 0.1494643 0.1647390 0.1597591 0.1643034 0.1697494 0.2090484 0.1904093 0.1904093 0.2090484 0.1647390 0.2114300 0.1871381 0.2307247 0.2307247 0.2432047 0.2387886 0.5830627 0.4677202 0.4354162 0.4369140 0.3117210 0.3117210 0.4211547 0.4098339 0.3994669 0.4313800 0.3967177 0.5044591 0.5484274 0.5231690 0.5266773 0.5266773 0.5366145 0.5228361 0.5228361 0.5458287 0.5310586 0.5497230 0.5229878 0.5295724 0.5644046 0.5514859 0.3666424 0.6105507 0.6141876 0.6374469 0.6409820 0.6202128 0.6515724 0.6196784 0.6210167 0.6302824 0.6302824 0.6233637 0.6128559 0.6710983 0.6336397 0.5034533 
S0033_G4889_R1_A 0.0919061 0.0873305 0.0647435 0.0825750 0.0735817 0.0787278 0.0689654 0.0693158 0.0691236 0.0783847 0.0607574 0.0790281 0.0784528 0.0871065 0.0693435 0.0827950 0.0695865 0.0693435 0.0830589 0.0739905 0.0785874 0.0782090 0.0913288 0.0742585 0.1027395 0.0000000 0.0000010 0.0775828 0.0775828 0.1133811 0.0966133 0.1400352 0.1059995 0.1160008 0.1208905 0.1495665 0.1385671 0.1385671 0.1495665 0.1400352 0.1410859 0.1255989 0.1770426 0.1770426 0.1935966 0.1793732 0.4919482 0.4398168 0.3881818 0.3968848 0.2801477 0.2801477 0.3791902 0.3617459 0.3455275 0.4014639 0.3684301 0.4248623 0.4633242 0.4414343 0.4442569 0.4442569 0.4530382 0.4469266 0.4469266 0.4612257 0.4550938 0.4643336 0.4403837 0.4641454 0.4805203 0.4657447 0.2815330 0.5052803 0.5081127 0.5283310 0.5311002 0.5128565 0.5403987 0.5133813 0.5144280 0.5217619 0.5217619 0.5163094 0.5071252 0.5568098 0.5253557 0.3967558 
S0033_G4889_R2_A 0.0919061 0.0873305 0.0647435 0.0825750 0.0735817 0.0787278 0.0689654 0.0693158 0.0691236 0.0783847 0.0607574 0.0790281 0.0784528 0.0871065 0.0693435 0.0827950 0.0695865 0.0693435 0.0830589 0.0739905 0.0785874 0.0782090 0.0913288 0.0742585 0.1027395 0.0000010 0.0000000 0.0775828 0.0775828 0.1133811 0.0966133 0.1400352 0.1059995 0.1160008 0.1208905 0.1495665 0.1385671 0.1385671 0.1495665 0.1400352 0.1410859 0.1255989 0.1770426 0.1770426 0.1935966 0.1793732 0.4919482 0.4398168 0.3881818 0.3968848 0.2801477 0.2801477 0.3791902 0.3617459 0.3455275 0.4014639 0.3684301 0.4248623 0.4633242 0.4414343 0.4442569 0.4442569 0.4530382 0.4469266 0.4469266 0.4612257 0.4550938 0.4643336 0.4403837 0.4641454 0.4805203 0.4657447 0.2815330 0.5052803 0.5081127 0.5283310 0.5311002 0.5128565 0.5403987 0.5133813 0.5144280 0.5217619 0.5217619 0.5163094 0.5071252 0.5568098 0.5253557 0.3967558 
S0005_G4889_R1_A 0.0957957 0.0912187 0.0601408 0.0777116 0.0688496 0.0738815 0.0643125 0.0646350 0.0729860 0.0735633 0.0647986 0.0741608 0.0780288 0.0821792 0.0646612 0.0779158 0.0734755 0.0646612 0.0781619 0.0778808 0.0824858 0.0733998 0.0776291 0.0781619 0.0972734 0.0775828 0.0775828 0.0000000 0.0000010 0.1028826 0.1206530 0.1393794 0.1206455 0.1411066 0.1462508 0.1607538 0.1540602 0.1540602 0.1607538 0.1393794 0.1569071 0.1355134 0.2031350 0.2031350 0.2262194 0.2154794 0.5315797 0.4619944 0.4095234 0.4332424 0.3077243 0.3077243 0.3797517 0.3689772 0.3665101 0.4091522 0.3903115 0.4658019 0.4903559 0.4832892 0.4864286 0.4864286 0.4957053 0.4829751 0.4829751 0.5043259 0.4903559 0.5077997 0.4826797 0.4889974 0.5168671 0.5093712 0.2876655 0.5617555 0.5649812 0.5865759 0.5897192 0.5703515 0.5995897 0.5521253 0.5714906 0.5797676 0.5797676 0.5735995 0.5638252 0.6070909 0.5831943 0.4395962 
S0005_G4889_R2_A 0.0957957 0.0912187 0.0601408 0.0777116 0.0688496 0.0738815 0.0643125 0.0646350 0.0729860 0.0735633 0.0647986 0.0741608 0.0780288 0.0821792 0.0646612 0.0779158 0.0734755 0.0646612 0.0781619 0.0778808 0.0824858 0.0733998 0.0776291 0.0781619 0.0972734 0.0775828 0.0775828 0.0000010 0.0000000 0.1028826 0.1206530 0.1393794 0.1206455 0.1411066 0.1462508 0.1607538 0.1540602 0.1540602 0.1607538 0.1393794 0.1569071 0.1355134 0.2031350 0.2031350 0.2262194 0.2154794 0.5315797 0.4619944 0.4095234 0.4332424 0.3077243 0.3077243 0.3797517 0.3689772 0.3665101 0.4091522 0.3903115 0.4658019 0.4903559 0.4832892 0.4864286 0.4864286 0.4957053 0.4829751 0.4829751 0.5043259 0.4903559 0.5077997 0.4826797 0.4889974 0.5168671 0.5093712 0.2876655 0.5617555 0.5649812 0.5865759 0.5897192 0.5703515 0.5995897 0.5521253 0.5714906 0.5797676 0.5797676 0.5735995 0.5638252 0.6070909 0.5831943 0.4395962 
S0035_G4889_R1_A 0.1059705 0.1012640 0.0875947 0.0782311 0.0871038 0.0925174 0.0920032 0.0871038 0.0975408 0.0921059 0.0927369 0.1029976 0.0966266 0.0785475 0.0925268 0.1067582 0.0919701 0.0925268 0.1023178 0.0965821 0.0923472 0.0971963 0.1156086 0.1026119 0.1124489 0.1133811 0.1133811 0.1028826 0.1028826 0.0000000 0.1506363 0.1651728 0.1505235 0.1398153 0.1450808 0.1781428 0.1654006 0.1654006 0.1781428 0.1651728 0.1778649 0.1320631 0.1934895 0.1934895 0.1994983 0.1974840 0.4903908 0.4182758 0.3932613 0.4016629 0.2826290 0.2826290 0.3747222 0.3717729 0.3545898 0.3909243 0.3580073 0.4719392 0.5139883 0.4805739 0.4931739 0.4931739 0.4931739 0.4802542 0.4802542 0.5115749 0.4972425 0.5054475 0.4893717 0.4958398 0.5194335 0.5168070 0.2789646 0.5601640 0.5634342 0.5743254 0.5885425 0.5688796 0.5985598 0.5688456 0.5700484 0.5784411 0.5784411 0.5613463 0.5515418 0.6166828 0.5709768 0.4515670 
S0008_G4889_R1_A 0.1415804 0.1365075 0.1067227 0.1117959 0.1164929 0.1225566 0.1112758 0.1118899 0.1115432 0.1125113 0.1025731 0.1230464 0.1220942 0.1264879 0.1119264 0.1267819 0.1218304 0.1119264 0.1223143 0.1267206 0.1270109 0.1216969 0.1262609 0.1223143 0.1494643 0.0966133 0.0966133 0.1206530 0.1206530 0.1506363 0.0000000 0.0932194 0.0660239 0.0984472 0.1032370 0.0886173 0.0968350 0.0968350 0.0886173 0.0932194 0.0883645 0.1481660 0.1892732 0.1892732 0.1952644 0.1988762 0.4432568 0.4033111 0.3405042 0.3563594 0.2446591 0.2446591 0.3417483 0.3315518 0.3158223 0.3698063 0.3376881 0.4418314 0.4817596 0.4589863 0.4619761 0.4619761 0.4710710 0.4648156 0.4648156 0.4795378 0.4657193 0.4828388 0.4672283 0.4826380 0.4914189 0.4843345 0.2529139 0.4899280 0.5023325 0.5125669 0.5152428 0.4972485 0.5244168 0.4979328 0.4989455 0.5060436 0.5060436 0.4837299 0.4917153 0.5404849 0.5096938 0.3893305 
S0034_G4889_R2_A 0.1530327 0.1478147 0.1364708 0.1321596 0.1468733 0.1535961 0.1412359 0.1420542 0.1269282 0.1428828 0.1369968 0.1539819 0.1430154 0.1324385 0.1420929 0.1578986 0.1525053 0.1420929 0.1479052 0.1425885 0.1428281 0.1472400 0.1520910 0.1581916 0.1647390 0.1400352 0.1400352 0.1393794 0.1393794 0.1651728 0.0932194 0.0000000 0.0941435 0.1273459 0.1324019 0.1460574 0.1451590 0.1451590 0.1460574 0.0000010 0.1169896 0.1833381 0.1918312 0.1918312 0.2086009 0.2092048 0.4989206 0.4308379 0.3881169 0.3823084 0.2678412 0.2678412 0.3682931 0.3576687 0.3414506 0.3825735 0.3500893 0.4473352 0.4716400 0.4469401 0.4678119 0.4678119 0.4588768 0.4526247 0.4526247 0.4856412 0.4716400 0.4551867 0.4577425 0.4729900 0.4811554 0.4746434 0.2626786 0.5502227 0.5533875 0.5354171 0.5589418 0.5402097 0.5684881 0.5406493 0.5598979 0.5680349 0.5680349 0.5411384 0.5316489 0.5855527 0.5504718 0.4275683 
S0014_G4889_R1_A 0.1467328 0.1416107 0.1161161 0.1166622 0.1260575 0.1323085 0.1207239 0.1263263 0.1161218 0.1220821 0.1119495 0.1328400 0.1318032 0.1314935 0.1214364 0.1365477 0.1364605 0.1214364 0.1320423 0.1268248 0.1320423 0.1313719 0.1359777 0.1261112 0.1597591 0.1059995 0.1059995 0.1206455 0.1206455 0.1505235 0.0660239 0.0941435 0.0000000 0.1175034 0.1224664 0.1272686 0.1215110 0.1215110 0.1272686 0.0941435 0.0988496 0.1688087 0.2073454 0.2073454 0.2135577 0.2191049 0.4963590 0.4434684 0.4008123 0.4014102 0.2669097 0.2669097 0.3817632 0.3709254 0.3544626 0.4034418 0.3702586 0.4304170 0.4537243 0.4472266 0.4501118 0.4501118 0.4590199 0.4528444 0.4528444 0.4673208 0.4537243 0.4705006 0.4551614 0.4703078 0.4782725 0.4719433 0.2818014 0.4940474 0.4968208 0.5169030 0.5196164 0.5190014 0.5288640 0.4850397 0.5031422 0.5103382 0.5103382 0.5224468 0.5131563 0.5450940 0.5139882 0.4489979 
S0010_G4889_R1_A 0.1507840 0.1456585 0.1204088 0.1256161 0.1303935 0.1367077 0.1250253 0.1319195 0.1205170 0.1264353 0.1162492 0.1310264 0.1361846 0.1210456 0.1257637 0.1409379 0.1357667 0.1257637 0.1312901 0.1307908 0.1411937 0.1257601 0.1403475 0.1301356 0.1643034 0.1160008 0.1160008 0.1411066 0.1411066 0.1398153 0.0984472 0.1273459 0.1175034 0.0000000 0.0037859 0.0878593 0.0782703 0.0782703 0.0878593 0.1273459 0.1438505 0.1569147 0.1221124 0.1221124 0.1369562 0.1311124 0.5016149 0.4241823 0.3675853 0.3905992 0.2194506 0.2194506 0.3694007 0.3585635 0.3561228 0.4054843 0.3715974 0.4993398 0.5430662 0.4989275 0.5214363 0.5214363 0.5118924 0.5054345 0.5054345 0.5404935 0.5257746 0.5146880 0.5079326 0.5340258 0.5462204 0.5359613 0.2736966 0.5722564 0.5756164 0.5649637 0.5898692 0.5701652 0.5999085 0.5810485 0.5822841 0.6021835 0.6021835 0.5628668 0.5530366 0.6180825 0.5725221 0.3913448 
S0009_G4889_R1_A 0.1560017 0.1508262 0.1253233 0.1305919 0.1354101 0.1418314 0.1299738 0.1370058 0.1254363 0.1314512 0.1211502 0.1360713 0.1412847 0.1259890 0.1307460 0.1460735 0.1408481 0.1307460 0.1363451 0.1358243 0.1463398 0.1307437 0.1454560 0.1351395 0.1697494 0.1208905 0.1208905 0.1462508 0.1462508 0.1450808 0.1032370 0.1324019 0.1224664 0.0037859 0.0000000 0.0924901 0.0738161 0.0738161 0.0924901 0.1324019 0.1491129 0.1622210 0.1271129 0.1271129 0.1420928 0.1367364 0.5113525 0.4241823 0.3675853 0.3905992 0.2133332 0.2133332 0.3776365 0.3666311 0.3641210 0.4141748 0.3798875 0.5089105 0.5532547 0.5084949 0.5313241 0.5313241 0.5216602 0.5151615 0.5151615 0.5506247 0.5357592 0.5245257 0.5177237 0.5441082 0.5569871 0.5460905 0.2820339 0.5616795 0.5649637 0.5544352 0.5790123 0.5595249 0.5889410 0.5703824 0.5715904 0.5911717 0.5911717 0.5523866 0.5426684 0.6068383 0.5619385 0.3999212 
S0034_G4889_R1_A 0.1941456 0.1885976 0.1559373 0.1615962 0.1666740 0.1737834 0.1608018 0.1617539 0.1712864 0.1627183 0.1516819 0.1744990 0.1834203 0.1673992 0.1617918 0.1780953 0.1726993 0.1617918 0.1787108 0.1671958 0.1784285 0.1617999 0.1773002 0.1734061 0.2090484 0.1495665 0.1495665 0.1607538 0.1607538 0.1781428 0.0886173 0.1460574 0.1272686 0.0878593 0.0924901 0.0000000 0.0645842 0.0645842 0.0000010 0.1460574 0.1423820 0.1855122 0.1578240 0.1578240 0.1633538 0.1706748 0.4975791 0.4708414 0.3807070 0.4189247 0.2744759 0.2744759 0.3917282 0.3663211 0.3780535 0.4373420 0.4025840 0.4391655 0.4788233 0.4562122 0.4591726 0.4591726 0.4682091 0.4619822 0.4619822 0.4766233 0.4628790 0.4706785 0.4553072 0.4704852 0.4784772 0.4721246 0.2566829 0.5219086 0.5248495 0.5350706 0.5378749 0.5195576 0.5472110 0.5301198 0.5312045 0.5492325 0.5492325 0.5156277 0.5238156 0.5637421 0.5423333 0.4054939 
S0015_G4889_R1_U 0.1763313 0.1709843 0.1442535 0.1497216 0.1546628 0.1614540 0.1490012 0.1498618 0.1493644 0.1507331 0.1502712 0.1621085 0.1608186 0.1553251 0.1451208 0.1557095 0.1604673 0.1451208 0.1662720 0.1656250 0.1660135 0.1602862 0.1550425 0.1611139 0.1904093 0.1385671 0.1385671 0.1540602 0.1540602 0.1654006 0.0968350 0.1451590 0.1215110 0.0782703 0.0738161 0.0645842 0.0000000 0.0000010 0.0645842 0.1451590 0.1363854 0.1780225 0.1424922 0.1424922 0.1579040 0.1534626 0.4816914 0.4385948 0.3742554 0.3970880 0.2448650 0.2448650 0.3836282 0.3726988 0.3701823 0.4206357 0.3866072 0.4149113 0.4531799 0.4314266 0.4342011 0.4342011 0.4429503 0.4368205 0.4368205 0.4511157 0.4376754 0.4541669 0.4390335 0.4539825 0.4609676 0.4555546 0.2794026 0.4831269 0.4858254 0.5056542 0.5082967 0.4903570 0.5174431 0.4911140 0.4921148 0.5091854 0.5091854 0.4939191 0.4848953 0.5334058 0.5028163 0.4246615 
S0015_G4889_R2_U 0.1763313 0.1709843 0.1442535 0.1497216 0.1546628 0.1614540 0.1490012 0.1498618 0.1493644 0.1507331 0.1502712 0.1621085 0.1608186 0.1553251 0.1451208 0.1557095 0.1604673 0.1451208 0.1662720 0.1656250 0.1660135 0.1602862 0.1550425 0.1611139 0.1904093 0.1385671 0.1385671 0.1540602 0.1540602 0.1654006 0.0968350 0.1451590 0.1215110 0.0782703 0.0738161 0.0645842 0.0000010 0.0000000 0.0645842 0.1451590 0.1363854 0.1780225 0.1424922 0.1424922 0.1579040 0.1534626 0.4816914 0.4385948 0.3742554 0.3970880 0.2448650 0.2448650 0.3836282 0.3726988 0.3701823 0.4206357 0.3866072 0.4149113 0.4531799 0.4314266 0.4342011 0.4342011 0.4429503 0.4368205 0.4368205 0.4511157 0.4376754 0.4541669 0.4390335 0.4539825 0.4609676 0.4555546 0.2794026 0.4831269 0.4858254 0.5056542 0.5082967 0.4903570 0.5174431 0.4911140 0.4921148 0.5091854 0.5091854 0.4939191 0.4848953 0.5334058 0.5028163 0.4246615 
S0034_G4889_R5_A 0.1941456 0.1885976 0.1559373 0.1615962 0.1666740 0.1737834 0.1608018 0.1617539 0.1712864 0.1627183 0.1516819 0.1744990 0.1834203 0.1673992 0.1617918 0.1780953 0.1726993 0.1617918 0.1787108 0.1671958 0.1784285 0.1617999 0.1773002 0.1734061 0.2090484 0.1495665 0.1495665 0.1607538 0.1607538 0.1781428 0.0886173 0.1460574 0.1272686 0.0878593 0.0924901 0.0000010 0.0645842 0.0645842 0.0000000 0.1460574 0.1423820 0.1855122 0.1578240 0.1578240 0.1633538 0.1706748 0.4975791 0.4708414 0.3807070 0.4189247 0.2744759 0.2744759 0.3917282 0.3663211 0.3780535 0.4373420 0.4025840 0.4391655 0.4788233 0.4562122 0.4591726 0.4591726 0.4682091 0.4619822 0.4619822 0.4766233 0.4628790 0.4706785 0.4553072 0.4704852 0.4784772 0.4721246 0.2566829 0.5219086 0.5248495 0.5350706 0.5378749 0.5195576 0.5472110 0.5301198 0.5312045 0.5492325 0.5492325 0.5156277 0.5238156 0.5637421 0.5423333 0.4054939 
S0034_G4889_R3_A 0.1530327 0.1478147 0.1364708 0.1321596 0.1468733 0.1535961 0.1412359 0.1420542 0.1269282 0.1428828 0.1369968 0.1539819 0.1430154 0.1324385 0.1420929 0.1578986 0.1525053 0.1420929 0.1479052 0.1425885 0.1428281 0.1472400 0.1520910 0.1581916 0.1647390 0.1400352 0.1400352 0.1393794 0.1393794 0.1651728 0.0932194 0.0000010 0.0941435 0.1273459 0.1324019 0.1460574 0.1451590 0.1451590 0.1460574 0.0000000 0.1169896 0.1833381 0.1918312 0.1918312 0.2086009 0.2092048 0.4989206 0.4308379 0.3881169 0.3823084 0.2678412 0.2678412 0.3682931 0.3576687 0.3414506 0.3825735 0.3500893 0.4473352 0.4716400 0.4469401 0.4678119 0.4678119 0.4588768 0.4526247 0.4526247 0.4856412 0.4716400 0.4551867 0.4577425 0.4729900 0.4811554 0.4746434 0.2626786 0.5502227 0.5533875 0.5354171 0.5589418 0.5402097 0.5684881 0.5406493 0.5598979 0.5680349 0.5680349 0.5411384 0.5316489 0.5855527 0.5504718 0.4275683 
S0027_G4889_R1_A 0.1957704 0.1901692 0.1625194 0.1615204 0.1734713 0.1807833 0.1674628 0.1684706 0.1678819 0.1694917 0.1582183 0.1815360 0.1800424 0.1742348 0.1685084 0.1851381 0.1796395 0.1685084 0.1803829 0.1850404 0.1799094 0.1794291 0.1842966 0.1699707 0.2114300 0.1410859 0.1410859 0.1569071 0.1569071 0.1778649 0.0883645 0.1169896 0.0988496 0.1438505 0.1491129 0.1423820 0.1363854 0.1363854 0.1423820 0.1169896 0.0000000 0.1738604 0.2260984 0.2260984 0.2441584 0.2340375 0.5090104 0.4564809 0.3960096 0.4130187 0.2936390 0.2936390 0.3989642 0.3877511 0.3708214 0.4294483 0.3950248 0.5226252 0.5499230 0.5417263 0.5453737 0.5453737 0.5555216 0.5489195 0.5489195 0.5649233 0.5499230 0.5689730 0.5519317 0.5687203 0.5688049 0.5708086 0.2303609 0.5432579 0.5463530 0.5674817 0.5705006 0.5515159 0.5801749 0.5338224 0.5527929 0.5616634 0.5616634 0.5548266 0.5452534 0.5975524 0.5642353 0.4283227 
S0006_G4889_R1_A 0.1463059 0.1411975 0.1408510 0.1403126 0.1512975 0.1527818 0.1456245 0.1400092 0.1396416 0.1573141 0.1468733 0.1468733 0.1574603 0.1466387 0.1352896 0.1574603 0.1470000 0.1352896 0.1523594 0.1622957 0.1462100 0.1569351 0.1668444 0.1475943 0.1871381 0.1255989 0.1255989 0.1355134 0.1355134 0.1320631 0.1481660 0.1833381 0.1688087 0.1569147 0.1622210 0.1855122 0.1780225 0.1780225 0.1855122 0.1833381 0.1738604 0.0000000 0.2074218 0.2074218 0.2134936 0.2277930 0.4314254 0.3981738 0.3658522 0.3741572 0.3114551 0.3114551 0.3485148 0.3455015 0.3297209 0.3759823 0.3441659 0.4928129 0.5357608 0.4924061 0.5145146 0.5145146 0.5051302 0.4987527 0.4987527 0.5332492 0.5266963 0.5175257 0.5108116 0.5367758 0.5588511 0.5387084 0.3311625 0.5908535 0.5943094 0.5945872 0.6201612 0.6000448 0.6304143 0.5997091 0.6009800 0.5921026 0.5921026 0.5813961 0.5714759 0.6383831 0.5911281 0.4246963 
S0039_G4889_R3_A 0.2088083 0.2030359 0.1795970 0.1856325 0.1909745 0.1909745 0.1846836 0.1804154 0.1693846 0.1869869 0.1752334 0.1919764 0.1926661 0.1806066 0.1858635 0.2031350 0.1865441 0.1858635 0.1923688 0.2030243 0.1851716 0.1972021 0.2130307 0.1961671 0.2307247 0.1770426 0.1770426 0.2031350 0.2031350 0.1934895 0.1892732 0.1918312 0.2073454 0.1221124 0.1271129 0.1578240 0.1424922 0.1424922 0.1578240 0.1918312 0.2260984 0.2074218 0.0000000 0.0000010 0.0190173 0.0000010 0.5393891 0.4778136 0.4461865 0.4642063 0.3084932 0.3084932 0.4512487 0.4386382 0.4280734 0.4677919 0.4309997 0.5614165 0.6093949 0.5609815 0.5856903 0.5856903 0.5753173 0.5782600 0.5782600 0.6064382 0.5906765 0.5892995 0.5929743 0.6106083 0.6398971 0.6129179 0.2616050 0.6458863 0.6498017 0.6501213 0.6779367 0.6562662 0.6889913 0.6553866 0.6568313 0.6791138 0.6791138 0.6357444 0.6250352 0.7095930 0.6462022 0.4373097 
S0039_G4889_R1_A 0.2088083 0.2030359 0.1795970 0.1856325 0.1909745 0.1909745 0.1846836 0.1804154 0.1693846 0.1869869 0.1752334 0.1919764 0.1926661 0.1806066 0.1858635 0.2031350 0.1865441 0.1858635 0.1923688 0.2030243 0.1851716 0.1972021 0.2130307 0.1961671 0.2307247 0.1770426 0.1770426 0.2031350 0.2031350 0.1934895 0.1892732 0.1918312 0.2073454 0.1221124 0.1271129 0.1578240 0.1424922 0.1424922 0.1578240 0.1918312 0.2260984 0.2074218 0.0000010 0.0000000 0.0190173 0.0000010 0.5393891 0.4778136 0.4461865 0.4642063 0.3084932 0.3084932 0.4512487 0.4386382 0.4280734 0.4677919 0.4309997 0.5614165 0.6093949 0.5609815 0.5856903 0.5856903 0.5753173 0.5782600 0.5782600 0.6064382 0.5906765 0.5892995 0.5929743 0.6106083 0.6398971 0.6129179 0.2616050 0.6458863 0.6498017 0.6501213 0.6779367 0.6562662 0.6889913 0.6553866 0.6568313 0.6791138 0.6791138 0.6357444 0.6250352 0.7095930 0.6462022 0.4373097 
