64
S0039_G4890_R1_A 0.0000000 0.0082697 0.5710252 0.5528641 0.5546917 0.5884478 0.5819985 0.5892695 0.6031836 0.5591299 0.5780767 0.5637475 0.5616956 0.5581932 0.5649020 0.5863616 0.5502827 0.5507577 0.5411382 0.5601332 0.5632141 0.5595495 0.5640956 0.5983128 0.5834310 0.7696555 0.5373435 0.6612532 0.6884519 0.5729762 0.5706494 0.5857526 0.5834808 0.6883546 0.6020754 0.6013751 0.8059222 0.5826732 0.6440919 0.6807038 0.6400528 0.7270345 0.6269269 0.6976228 0.4999408 0.5070565 0.6985180 0.7869971 0.9988529 1.0557280 1.0060726 1.0092215 1.0366968 0.8201766 0.8869705 0.9376603 0.9774508 0.9681774 0.9532308 0.9474865 0.9516389 0.9333334 0.9681260 0.9395227 
S0051_G4890_R1_A 0.0082697 0.0000000 0.5724457 0.5530889 0.5549176 0.5865823 0.5954573 0.6000732 0.6122171 0.5679673 0.5886033 0.5731595 0.5667078 0.5667715 0.5754632 0.5956097 0.5587779 0.5573167 0.5497829 0.5708341 0.5720362 0.5657337 0.5712723 0.6075194 0.5925263 0.7808751 0.5457408 0.6711071 0.6991304 0.5817880 0.5794602 0.5954307 0.5955174 0.7010558 0.6111777 0.6112792 0.8161858 0.5896275 0.6620424 0.6892367 0.6488140 0.7314508 0.6279497 0.6978554 0.5108832 0.5156745 0.6935941 0.7877045 1.0051099 1.0623882 1.0125269 1.0089835 1.0406462 0.8193324 0.8818723 0.9463584 0.9779095 0.9686036 0.9536054 0.9478381 0.9520193 0.9336424 0.9685513 0.9379646 
S0015_G4890_R1_A 0.5710252 0.5724457 0.0000000 0.2852069 0.2839557 0.2297744 0.3005858 0.6078339 0.6348533 0.5948760 0.5985912 0.5886925 0.5791292 0.6059999 0.5918486 0.6077067 0.5914768 0.6118232 0.5968279 0.5993632 0.6040335 0.6155332 0.6114044 0.6247224 0.6255516 0.7434081 0.5989928 0.6505486 0.6169307 0.6071675 0.6012443 0.6259750 0.6115404 0.6526443 0.6117172 0.6459197 0.7931532 0.5876932 0.6582706 0.6443435 0.6454692 0.7539556 0.5863958 0.6206393 0.7731447 0.7924076 0.4371820 0.6949288 1.0299575 1.0502675 1.0445434 1.0598452 1.1121378 0.8421293 1.0675207 1.0702367 1.0773671 1.0627344 1.0615044 1.0760743 1.0861622 1.0763913 1.0740037 1.0653066 
S0009_G4890_R1_A 0.5528641 0.5530889 0.2852069 0.0000000 0.0007263 0.2762410 0.3338149 0.5308916 0.5677395 0.5381051 0.5405534 0.5096120 0.5236608 0.5257016 0.5188192 0.5615075 0.5043280 0.5482642 0.5206628 0.5073587 0.5282580 0.5317657 0.5196282 0.5461883 0.5431514 0.6622670 0.5180986 0.5851598 0.6007170 0.5425479 0.5435411 0.5681966 0.5510136 0.6279126 0.5302134 0.5641339 0.7547966 0.5383536 0.5931194 0.6234212 0.6121711 0.6476738 0.5783944 0.5907759 0.6881870 0.7286610 0.5579763 0.6826116 0.9764846 1.0187730 0.9906113 0.9951368 1.0357515 0.8556551 0.9467621 0.9413777 0.9488101 0.9391875 0.9580454 0.9453725 0.9549343 0.9628833 0.9667891 0.9168933 
S0010_G4890_R1_A 0.5546917 0.5549176 0.2839557 0.0007263 0.0000000 0.2750379 0.3338149 0.5292079 0.5660222 0.5364077 0.5388902 0.5080097 0.5220353 0.5240755 0.5171895 0.5597678 0.5027525 0.5482642 0.5190219 0.5087559 0.5266082 0.5300990 0.5179813 0.5444441 0.5414173 0.6602581 0.5164796 0.5833038 0.6007170 0.5408617 0.5418550 0.5664415 0.5492221 0.6259615 0.5285321 0.5641339 0.7547966 0.5366828 0.5912637 0.6214190 0.6121711 0.6455929 0.5783944 0.5886679 0.6881870 0.7286610 0.5579763 0.6826116 0.9789552 1.0212813 0.9931865 0.9977386 1.0385175 0.8556551 0.9467621 0.9413777 0.9488101 0.9391875 0.9580454 0.9453725 0.9549343 0.9628833 0.9667891 0.9168933 
S0014_G4890_R1_A 0.5884478 0.5865823 0.2297744 0.2762410 0.2750379 0.0000000 0.2361119 0.5840424 0.6297829 0.5903536 0.5909362 0.5757791 0.5689402 0.5949632 0.5840983 0.6144727 0.5707377 0.5945951 0.5851642 0.5780381 0.5826546 0.6091956 0.5838196 0.6126615 0.6083176 0.7091116 0.5772483 0.6205702 0.5995689 0.5989675 0.5955905 0.6185120 0.5886989 0.6534420 0.5832546 0.6308921 0.8032773 0.5959404 0.6431933 0.6496864 0.6582115 0.7232925 0.5874826 0.6216034 0.7529210 0.8059575 0.5224626 0.6601801 1.0802291 1.1062860 1.0638861 1.0835562 1.1330630 0.8500945 1.0174873 1.0119888 1.0407383 1.0232313 1.0313398 1.0078059 1.0382027 1.0424952 1.0506551 1.0119238 
S0027_G4890_R1_A 0.5819985 0.5954573 0.3005858 0.3338149 0.3338149 0.2361119 0.0000000 0.5625154 0.5764394 0.5448425 0.5566191 0.5495294 0.5309286 0.5617521 0.5445566 0.5475184 0.5399004 0.5468641 0.5597016 0.5436636 0.5542322 0.5515025 0.5532282 0.5680884 0.5688722 0.6246431 0.5380681 0.5660297 0.6074679 0.5623543 0.5439837 0.5638843 0.5163933 0.5963600 0.5376222 0.5730177 0.7544920 0.5591854 0.5852173 0.5814409 0.6053239 0.6715134 0.5428666 0.5402107 0.6739553 0.6636350 0.5203736 0.6514587 1.0027958 1.0258544 1.0162094 1.0355866 1.0481309 0.7463803 0.9373689 0.9674678 0.9558612 0.9479341 0.9654422 0.9532062 0.9449920 0.9773168 0.9678734 0.9229410 
S0046_G4890_R1_A 0.5892695 0.6000732 0.6078339 0.5308916 0.5292079 0.5840424 0.5625154 0.0000000 0.1329722 0.1100908 0.1063260 0.0890777 0.0935965 0.0988401 0.0887001 0.1319858 0.0964828 0.1203958 0.0926451 0.0980963 0.1093464 0.1163180 0.0986917 0.1119644 0.1144474 0.2880977 0.0960101 0.2361567 0.2926445 0.1149090 0.1109016 0.1344753 0.1188537 0.2452744 0.1167385 0.1341006 0.3857918 0.1089027 0.2588337 0.2254460 0.2639072 0.1815225 0.3947941 0.4705566 0.6845633 0.7286901 0.6965917 0.6375935 0.7795994 0.8257729 0.7769160 0.7854071 0.8525576 0.8507828 0.8549269 0.6676223 0.7031215 0.6987885 0.7054035 0.6744035 0.6922591 0.7067767 0.7068987 0.7034608 
S0018_G4890_R1_U 0.6031836 0.6122171 0.6348533 0.5677395 0.5660222 0.6297829 0.5764394 0.1329722 0.0000000 0.0878812 0.0537475 0.1056118 0.1113596 0.0974236 0.1033181 0.1401476 0.1038612 0.1182565 0.0934691 0.1147986 0.0965746 0.1222152 0.1079070 0.1189160 0.1236150 0.3011517 0.0962855 0.2526798 0.2997692 0.1261666 0.1190269 0.0901347 0.1301131 0.2872905 0.1258587 0.1433135 0.4097678 0.1091106 0.2571377 0.2668719 0.2807946 0.2158647 0.4219436 0.4811114 0.6764965 0.7329154 0.6993203 0.6819287 0.8116594 0.8664448 0.8210330 0.8310906 0.8801972 0.8655073 0.8864689 0.7055466 0.7409184 0.7364009 0.7370156 0.7156527 0.7255987 0.7440891 0.7284919 0.7251438 
S0004_G4890_R1_A 0.5591299 0.5679673 0.5948760 0.5381051 0.5364077 0.5903536 0.5448425 0.1100908 0.0878812 0.0000000 0.0654179 0.0871320 0.0905577 0.0825594 0.0860197 0.1168518 0.0860693 0.1091741 0.0791347 0.0939904 0.0744262 0.1072307 0.0902132 0.1052396 0.1108205 0.2753548 0.0792488 0.2359671 0.2735149 0.1022865 0.1006855 0.0858442 0.1092501 0.2747348 0.1118317 0.1215122 0.3863927 0.0899583 0.2375729 0.2593587 0.2643461 0.2004140 0.4051307 0.4601818 0.6754292 0.7337808 0.6700668 0.6388977 0.7587292 0.8063221 0.7719308 0.7808110 0.8285141 0.8299307 0.8314384 0.6668443 0.7038384 0.6994964 0.7012697 0.6842723 0.6892397 0.6976236 0.6875009 0.6924552 
S0031_G4890_R1_A 0.5780767 0.5886033 0.5985912 0.5405534 0.5388902 0.5909362 0.5566191 0.1063260 0.0537475 0.0654179 0.0000000 0.0843541 0.0864643 0.0751550 0.0834213 0.1194383 0.0812847 0.1024238 0.0741330 0.0903811 0.0734595 0.1068514 0.0884565 0.1028449 0.1060557 0.2831041 0.0774854 0.2315262 0.2834718 0.1016951 0.0992545 0.0731381 0.1105766 0.2652148 0.1053670 0.1162486 0.3935636 0.0872694 0.2345976 0.2484798 0.2672454 0.1977473 0.3953122 0.4592741 0.6649828 0.7139831 0.6799014 0.6724231 0.8024393 0.8460228 0.7875035 0.8005713 0.8640160 0.8630826 0.8853085 0.6825712 0.7116024 0.7072450 0.7168365 0.6951118 0.6985576 0.7206000 0.7090687 0.7088076 
S0021_G4890_R1_A 0.5637475 0.5731595 0.5886925 0.5096120 0.5080097 0.5757791 0.5495294 0.0890777 0.1056118 0.0871320 0.0843541 0.0000000 0.0680197 0.0652088 0.0355986 0.1031075 0.0679010 0.0872769 0.0614059 0.0693820 0.0843998 0.0940218 0.0795503 0.0880056 0.0903151 0.2556593 0.0674724 0.2162981 0.2712883 0.0791294 0.0818728 0.0989364 0.0906032 0.2581992 0.0937556 0.1121077 0.3574834 0.0827300 0.2093462 0.2444912 0.2379919 0.1802996 0.3972394 0.4565679 0.6485894 0.7042837 0.6777439 0.6444651 0.7672816 0.8160305 0.7716707 0.7791850 0.8520306 0.8498952 0.8421187 0.6221003 0.6557199 0.6516531 0.6494711 0.6337643 0.6440577 0.6500442 0.6463030 0.6617991 
S0026_G4890_R1_A 0.5616956 0.5667078 0.5791292 0.5236608 0.5220353 0.5689402 0.5309286 0.0935965 0.1113596 0.0905577 0.0864643 0.0680197 0.0000000 0.0712715 0.0668734 0.1073531 0.0760333 0.0950694 0.0668411 0.0819475 0.0884424 0.0981641 0.0884849 0.0979991 0.1011152 0.2664860 0.0728208 0.2305532 0.2796599 0.0952754 0.0894989 0.1069030 0.0979181 0.2617156 0.1004832 0.1193077 0.3770740 0.0833226 0.2234970 0.2426396 0.2577003 0.1875668 0.4054815 0.4595513 0.6569755 0.7066855 0.6497681 0.6218602 0.7789812 0.8265228 0.7869070 0.8019323 0.8560481 0.8669248 0.8341742 0.6476112 0.6699760 0.6711606 0.6776712 0.6590011 0.6711104 0.6785100 0.6764475 0.6834743 
S0036_G4890_R1_U 0.5581932 0.5667715 0.6059999 0.5257016 0.5240755 0.5949632 0.5617521 0.0988401 0.0974236 0.0825594 0.0751550 0.0652088 0.0712715 0.0000000 0.0649080 0.1013641 0.0583024 0.0914866 0.0451369 0.0747428 0.0764845 0.0752940 0.0592654 0.0904496 0.0942298 0.2680860 0.0551436 0.2254833 0.2867265 0.0858772 0.0836619 0.0962590 0.0976973 0.2674448 0.0966659 0.1038241 0.3715692 0.0740287 0.2240884 0.2530149 0.2527037 0.1826502 0.3982890 0.4539887 0.6637937 0.7130343 0.6686770 0.6450143 0.7943731 0.8310256 0.7885679 0.7936331 0.8375650 0.8467847 0.8599470 0.6505488 0.6797504 0.6756060 0.6804410 0.6593927 0.6655795 0.6789152 0.6708631 0.6831476 
S0021_G4890_R2_A 0.5649020 0.5754632 0.5918486 0.5188192 0.5171895 0.5840983 0.5445566 0.0887001 0.1033181 0.0860197 0.0834213 0.0355986 0.0668734 0.0649080 0.0000000 0.1043619 0.0674710 0.0876907 0.0609130 0.0703709 0.0819386 0.0898272 0.0763127 0.0855090 0.0878165 0.2554261 0.0649954 0.2247112 0.2787865 0.0781042 0.0815251 0.0993706 0.0894506 0.2539648 0.0883641 0.1095242 0.3590280 0.0810096 0.2104710 0.2366830 0.2474306 0.1746736 0.3982847 0.4562562 0.6551659 0.7106458 0.6922777 0.6479712 0.7716684 0.8187712 0.7808031 0.7866870 0.8478492 0.8660859 0.8620152 0.6406506 0.6770804 0.6728968 0.6705346 0.6512626 0.6586182 0.6729826 0.6648886 0.6763667 
S0022_G4890_R2_A 0.5863616 0.5956097 0.6077067 0.5615075 0.5597678 0.6144727 0.5475184 0.1319858 0.1401476 0.1168518 0.1194383 0.1031075 0.1073531 0.1013641 0.1043619 0.0000000 0.1060301 0.1103310 0.0986799 0.0864938 0.1135943 0.1289166 0.1154642 0.1187833 0.1221166 0.2815039 0.1029867 0.2494430 0.2996675 0.1217452 0.1076533 0.1338659 0.1107653 0.3057426 0.1239954 0.1358717 0.3915151 0.1198515 0.2356924 0.2855855 0.2704786 0.2082086 0.4199917 0.4749600 0.6781049 0.7156963 0.6928793 0.6933328 0.8368039 0.8655339 0.8282106 0.8380007 0.8838638 0.8690954 0.8875673 0.6936685 0.7214608 0.7169421 0.7222679 0.7027507 0.6909042 0.7106015 0.7108381 0.7060251 
S0020_G4890_R2_U 0.5502827 0.5587779 0.5914768 0.5043280 0.5027525 0.5707377 0.5399004 0.0964828 0.1038612 0.0860693 0.0812847 0.0679010 0.0760333 0.0583024 0.0674710 0.1060301 0.0000000 0.0873923 0.0497460 0.0768794 0.0826716 0.0815348 0.0714988 0.0904172 0.0934358 0.2707352 0.0577662 0.2329187 0.2876598 0.0886625 0.0876079 0.1005719 0.0953697 0.2663140 0.0930238 0.1066099 0.3642202 0.0751328 0.2138865 0.2482966 0.2518829 0.1841499 0.4006760 0.4595279 0.6548720 0.7018869 0.6471984 0.6317474 0.7907746 0.8318059 0.7895516 0.8002979 0.8475176 0.8407754 0.8440924 0.6331250 0.6677782 0.6636796 0.6623558 0.6439902 0.6554169 0.6649008 0.6606209 0.6679824 
S0022_G4890_R1_A 0.5507577 0.5573167 0.6118232 0.5482642 0.5482642 0.5945951 0.5468641 0.1203958 0.1182565 0.1091741 0.1024238 0.0872769 0.0950694 0.0914866 0.0876907 0.1103310 0.0873923 0.0000000 0.0826046 0.0988717 0.0970428 0.1139667 0.0978897 0.1034715 0.1076765 0.2824469 0.0878403 0.2323437 0.2883536 0.1022895 0.0475154 0.1125216 0.0696485 0.2691560 0.0977440 0.1280742 0.3851587 0.0966936 0.2261462 0.2535062 0.2639281 0.2098353 0.3841446 0.4191624 0.6772643 0.7292907 0.6821226 0.6873531 0.7805112 0.8160617 0.8019920 0.8049606 0.8285750 0.8622831 0.8436185 0.6722899 0.7044717 0.7018128 0.6981047 0.6774278 0.6875592 0.6999358 0.7034464 0.7062990 
S0002_G4890_R1_A 0.5411382 0.5497829 0.5968279 0.5206628 0.5190219 0.5851642 0.5597016 0.0926451 0.0934691 0.0791347 0.0741330 0.0614059 0.0668411 0.0451369 0.0609130 0.0986799 0.0497460 0.0826046 0.0000000 0.0716376 0.0690100 0.0729450 0.0583026 0.0829431 0.0859964 0.2581383 0.0466077 0.2196154 0.2731322 0.0818764 0.0754588 0.0941069 0.0886295 0.2578856 0.0827437 0.1005743 0.3622595 0.0639903 0.2129743 0.2448958 0.2470436 0.1742890 0.3893542 0.4495336 0.6591278 0.6982777 0.6784512 0.6436719 0.7912965 0.8284369 0.7851124 0.7979062 0.8444459 0.8513745 0.8585615 0.6350820 0.6677335 0.6635809 0.6642924 0.6437704 0.6529934 0.6648339 0.6564168 0.6713880 
S0023_G4890_R1_A 0.5601332 0.5708341 0.5993632 0.5073587 0.5087559 0.5780381 0.5436636 0.0980963 0.1147986 0.0939904 0.0903811 0.0693820 0.0819475 0.0747428 0.0703709 0.0864938 0.0768794 0.0988717 0.0716376 0.0000000 0.0892226 0.1013326 0.0836684 0.1009567 0.1049462 0.2691206 0.0778696 0.2289758 0.2678959 0.0880266 0.0932847 0.1082865 0.1094114 0.2642937 0.1058343 0.1112887 0.3567732 0.0945576 0.2017259 0.2417460 0.2317688 0.1952625 0.3774266 0.4350085 0.6760218 0.7183758 0.6805816 0.6468764 0.7931312 0.8220338 0.7912692 0.8043792 0.8548794 0.8712754 0.8611527 0.6696172 0.7026413 0.6982540 0.6983269 0.6812397 0.6864373 0.6964342 0.7007677 0.6985987 
S0016_G4890_R1_A 0.5632141 0.5720362 0.6040335 0.5282580 0.5266082 0.5826546 0.5542322 0.1093464 0.0965746 0.0744262 0.0734595 0.0843998 0.0884424 0.0764845 0.0819386 0.1135943 0.0826716 0.0970428 0.0690100 0.0892226 0.0000000 0.1045718 0.0862358 0.1015096 0.1032088 0.2827289 0.0760718 0.2338079 0.2881344 0.1034082 0.0964676 0.0896567 0.1084296 0.2663386 0.1053940 0.1220098 0.3901562 0.0830275 0.2304671 0.2598253 0.2612126 0.1898816 0.3892311 0.4560876 0.6593194 0.7113473 0.6623011 0.6515064 0.7714705 0.8098653 0.7829882 0.7832912 0.8392558 0.8504579 0.8170459 0.6178058 0.6506477 0.6466342 0.6416276 0.6276287 0.6399750 0.6470611 0.6383311 0.6530162 
S0020_G4890_R1_A 0.5595495 0.5657337 0.6155332 0.5317657 0.5300990 0.6091956 0.5515025 0.1163180 0.1222152 0.1072307 0.1068514 0.0940218 0.0981641 0.0752940 0.0898272 0.1289166 0.0815348 0.1139667 0.0729450 0.1013326 0.1045718 0.0000000 0.0422968 0.1133526 0.1188960 0.2909801 0.0767598 0.2487290 0.2959531 0.1070478 0.1122482 0.1200307 0.1272119 0.2838797 0.1179647 0.1260912 0.3950868 0.0963882 0.2536766 0.2650808 0.2667264 0.2043169 0.3966897 0.4602006 0.6790993 0.7086698 0.6741154 0.6514933 0.8190346 0.8521223 0.8223457 0.8261744 0.8710174 0.8814932 0.8749382 0.6691949 0.7008015 0.6964791 0.6981702 0.6776143 0.6883733 0.6938630 0.6899095 0.7025432 
S0019_G4890_R1_A 0.5640956 0.5712723 0.6114044 0.5196282 0.5179813 0.5838196 0.5532282 0.0986917 0.1079070 0.0902132 0.0884565 0.0795503 0.0884849 0.0592654 0.0763127 0.1154642 0.0714988 0.0978897 0.0583026 0.0836684 0.0862358 0.0422968 0.0000000 0.0969151 0.0977623 0.2726041 0.0647749 0.2356311 0.2790543 0.0972820 0.0943642 0.1017256 0.1063121 0.2658215 0.1063283 0.1115218 0.3681221 0.0823640 0.2235634 0.2403297 0.2537970 0.1858686 0.3950876 0.4498059 0.6635267 0.7107503 0.6841965 0.6275417 0.7874763 0.8197297 0.7739419 0.7846772 0.8497183 0.8528155 0.8310167 0.6664789 0.6993905 0.6951114 0.7028639 0.6757187 0.6931506 0.7015396 0.6961133 0.7023386 
S0048_G4890_R1_A 0.5983128 0.6075194 0.6247224 0.5461883 0.5444441 0.6126615 0.5680884 0.1119644 0.1189160 0.1052396 0.1028449 0.0880056 0.0979991 0.0904496 0.0855090 0.1187833 0.0904172 0.1034715 0.0829431 0.1009567 0.1015096 0.1133526 0.0969151 0.0000000 0.0202559 0.2913931 0.0878428 0.2393896 0.2999621 0.1096329 0.0960737 0.1210792 0.1062116 0.2851509 0.0848827 0.1303650 0.3764331 0.0982472 0.2320180 0.2568732 0.2672769 0.1101420 0.4149821 0.4655746 0.6762129 0.7254127 0.7095914 0.6770916 0.7958449 0.8386448 0.7968347 0.8082656 0.8436066 0.8572565 0.8388831 0.6607239 0.6861332 0.6837721 0.6879044 0.6698515 0.6819120 0.6876883 0.6864929 0.6723654 
S0050_G4890_R1_A 0.5834310 0.5925263 0.6255516 0.5431514 0.5414173 0.6083176 0.5688722 0.1144474 0.1236150 0.1108205 0.1060557 0.0903151 0.1011152 0.0942298 0.0878165 0.1221166 0.0934358 0.1076765 0.0859964 0.1049462 0.1032088 0.1188960 0.0977623 0.0202559 0.0000000 0.2887138 0.0908967 0.2446616 0.3040499 0.1128263 0.0962503 0.1243973 0.1070944 0.2769523 0.0879711 0.1353375 0.3807137 0.1035785 0.2319537 0.2602185 0.2722130 0.1142222 0.4207841 0.4717630 0.6701832 0.7197827 0.7053899 0.6843994 0.7898010 0.8374506 0.7936088 0.8090230 0.8440075 0.8920124 0.8111618 0.6579887 0.6794867 0.6790768 0.6812592 0.6632524 0.6751211 0.6827070 0.6837379 0.6692082 
S0035_G4890_R2_A 0.7696555 0.7808751 0.7434081 0.6622670 0.6602581 0.7091116 0.6246431 0.2880977 0.3011517 0.2753548 0.2831041 0.2556593 0.2664860 0.2680860 0.2554261 0.2815039 0.2707352 0.2824469 0.2581383 0.2691206 0.2827289 0.2909801 0.2726041 0.2913931 0.2887138 0.0000000 0.2605013 0.2521584 0.3477519 0.2773750 0.2830651 0.2999635 0.2861382 0.3300488 0.2946929 0.3196656 0.4061742 0.2844685 0.3135016 0.3186333 0.2799800 0.4045889 0.4833639 0.5556605 0.8163600 0.8762383 0.7886400 0.6927055 0.9853098 1.0280693 0.9592455 0.9540548 1.0046665 0.9985130 0.9547839 0.8584085 0.8914670 0.8858363 0.8833365 0.8673700 0.8379188 0.8929378 0.8928496 0.8564981 
S0011_G4890_R1_A 0.5373435 0.5457408 0.5989928 0.5180986 0.5164796 0.5772483 0.5380681 0.0960101 0.0962855 0.0792488 0.0774854 0.0674724 0.0728208 0.0551436 0.0649954 0.1029867 0.0577662 0.0878403 0.0466077 0.0778696 0.0760718 0.0767598 0.0647749 0.0878428 0.0908967 0.2605013 0.0000000 0.2244295 0.2694177 0.0854679 0.0845522 0.0935795 0.0956622 0.2593393 0.0939830 0.1078333 0.3650574 0.0708363 0.2147192 0.2376262 0.2403178 0.1815810 0.3892063 0.4439744 0.6551070 0.7022838 0.6549585 0.6419080 0.7764754 0.8104802 0.7856360 0.7964256 0.8460321 0.8687013 0.8432771 0.6330644 0.6690748 0.6649632 0.6647541 0.6391591 0.6504749 0.6629191 0.6551520 0.6668448 
S0005_G4890_R1_A 0.6612532 0.6711071 0.6505486 0.5851598 0.5833038 0.6205702 0.5660297 0.2361567 0.2526798 0.2359671 0.2315262 0.2162981 0.2305532 0.2254833 0.2247112 0.2494430 0.2329187 0.2323437 0.2196154 0.2289758 0.2338079 0.2487290 0.2356311 0.2393896 0.2446616 0.2521584 0.2244295 0.0000000 0.3001553 0.2394686 0.2323014 0.2556159 0.2410081 0.2848790 0.2452496 0.2748934 0.3703805 0.2436994 0.2867224 0.2645998 0.2564057 0.3448586 0.3945103 0.4651723 0.7208637 0.7494996 0.6730201 0.6391420 0.9185083 0.9695865 0.9287367 0.9473126 0.9942280 0.9274615 0.9032867 0.8252332 0.8400917 0.8348456 0.8527056 0.8361881 0.8368399 0.8502791 0.8405586 0.8471251 
S0033_G4890_R1_A 0.6884519 0.6991304 0.6169307 0.6007170 0.6007170 0.5995689 0.6074679 0.2926445 0.2997692 0.2735149 0.2834718 0.2712883 0.2796599 0.2867265 0.2787865 0.2996675 0.2876598 0.2883536 0.2731322 0.2678959 0.2881344 0.2959531 0.2790543 0.2999621 0.3040499 0.3477519 0.2694177 0.3001553 0.0000000 0.2809347 0.2836951 0.2864082 0.2713212 0.3211823 0.2939671 0.3006213 0.4192417 0.3039427 0.3007212 0.3134615 0.3017170 0.3955276 0.3688004 0.4201855 0.7482786 0.8074398 0.7179527 0.6928194 0.9312450 0.9807656 0.9451683 0.9358186 0.9174083 0.8944840 0.9071695 0.8690487 0.8764281 0.8785601 0.8833873 0.8636631 0.8435882 0.8815350 0.8678812 0.8458387 
S0028_G4890_R1_A 0.5729762 0.5817880 0.6071675 0.5425479 0.5408617 0.5989675 0.5623543 0.1149090 0.1261666 0.1022865 0.1016951 0.0791294 0.0952754 0.0858772 0.0781042 0.1217452 0.0886625 0.1022895 0.0818764 0.0880266 0.1034082 0.1070478 0.0972820 0.1096329 0.1128263 0.2773750 0.0854679 0.2394686 0.2809347 0.0000000 0.1017615 0.1229840 0.1167287 0.2809539 0.1104173 0.1268877 0.3706360 0.1006796 0.2268177 0.2675216 0.2607723 0.2002958 0.4078863 0.4608187 0.6767163 0.7238264 0.6836190 0.6291531 0.8379456 0.8712988 0.8320766 0.8377728 0.8955378 0.8655884 0.8627782 0.6739146 0.7115844 0.7071919 0.7058409 0.6834240 0.6871461 0.7047444 0.7053603 0.6935775 
S0022_G4890_R3_A 0.5706494 0.5794602 0.6012443 0.5435411 0.5418550 0.5955905 0.5439837 0.1109016 0.1190269 0.1006855 0.0992545 0.0818728 0.0894989 0.0836619 0.0815251 0.1076533 0.0876079 0.0475154 0.0754588 0.0932847 0.0964676 0.1122482 0.0943642 0.0960737 0.0962503 0.2830651 0.0845522 0.2323014 0.2836951 0.1017615 0.0000000 0.1173484 0.0472913 0.2796579 0.0976173 0.1245044 0.3803677 0.0924653 0.2330150 0.2604235 0.2668203 0.1888097 0.3888344 0.4615922 0.6625826 0.7036520 0.6830125 0.6611587 0.7765584 0.8120783 0.7885100 0.7961104 0.8570806 0.8606646 0.8466942 0.6797718 0.7126407 0.7102402 0.7104719 0.6838433 0.6941589 0.7118956 0.7082797 0.7055724 
S0037_G4890_R1_A 0.5857526 0.5954307 0.6259750 0.5681966 0.5664415 0.6185120 0.5638843 0.1344753 0.0901347 0.0858442 0.0731381 0.0989364 0.1069030 0.0962590 0.0993706 0.1338659 0.1005719 0.1125216 0.0941069 0.1082865 0.0896567 0.1200307 0.1017256 0.1210792 0.1243973 0.2999635 0.0935795 0.2556159 0.2864082 0.1229840 0.1173484 0.0000000 0.1279362 0.2911413 0.1197007 0.1423611 0.3803740 0.0997889 0.2466056 0.2719301 0.2708790 0.2181669 0.4082681 0.4925172 0.6798720 0.7343350 0.6831092 0.6892330 0.8356425 0.8809749 0.8356861 0.8526962 0.8922531 0.8844298 0.8723176 0.6938526 0.7259323 0.7214873 0.7246293 0.7037267 0.7077706 0.7268436 0.7064675 0.7146711 
S0022_G4890_R4_A 0.5834808 0.5955174 0.6115404 0.5510136 0.5492221 0.5886989 0.5163933 0.1188537 0.1301131 0.1092501 0.1105766 0.0906032 0.0979181 0.0976973 0.0894506 0.1107653 0.0953697 0.0696485 0.0886295 0.1094114 0.1084296 0.1272119 0.1063121 0.1062116 0.1070944 0.2861382 0.0956622 0.2410081 0.2713212 0.1167287 0.0472913 0.1279362 0.0000000 0.2818395 0.1102906 0.1329603 0.3871979 0.1057048 0.2288825 0.2635082 0.2636489 0.2011153 0.3869677 0.4646536 0.6858086 0.7276626 0.6883310 0.6317431 0.7737965 0.8140677 0.8012816 0.8049862 0.8588115 0.8637177 0.8410511 0.6687656 0.7012628 0.6980196 0.6963843 0.6717176 0.6828662 0.7053030 0.6935085 0.6957679 
S0050_G4890_R2_A 0.6883546 0.7010558 0.6526443 0.6279126 0.6259615 0.6534420 0.5963600 0.2452744 0.2872905 0.2747348 0.2652148 0.2581992 0.2617156 0.2674448 0.2539648 0.3057426 0.2663140 0.2691560 0.2578856 0.2642937 0.2663386 0.2838797 0.2658215 0.2851509 0.2769523 0.3300488 0.2593393 0.2848790 0.3211823 0.2809539 0.2796579 0.2911413 0.2818395 0.0000000 0.2760383 0.3088610 0.4269714 0.2761188 0.1908054 0.1265533 0.3204951 0.3819755 0.4359519 0.5240980 0.7683404 0.7946387 0.7387672 0.6572881 0.9247730 0.9644683 0.9283449 0.9456820 0.9717539 0.9556118 0.9454647 0.8423582 0.8902609 0.8815385 0.8760170 0.8454447 0.8604768 0.8782731 0.8723941 0.8597832 
S0013_G4890_R1_A 0.6020754 0.6111777 0.6117172 0.5302134 0.5285321 0.5832546 0.5376222 0.1167385 0.1258587 0.1118317 0.1053670 0.0937556 0.1004832 0.0966659 0.0883641 0.1239954 0.0930238 0.0977440 0.0827437 0.1058343 0.1053940 0.1179647 0.1063283 0.0848827 0.0879711 0.2946929 0.0939830 0.2452496 0.2939671 0.1104173 0.0976173 0.1197007 0.1102906 0.2760383 0.0000000 0.1390985 0.4027454 0.1039047 0.2240526 0.2519679 0.2644696 0.1751644 0.4029510 0.4674059 0.6835166 0.7357914 0.6722175 0.6473126 0.7841299 0.8294771 0.7791763 0.8004838 0.8497215 0.8775957 0.8514596 0.6346419 0.6678597 0.6636476 0.6563823 0.6469814 0.6571589 0.6682982 0.6640959 0.6516688 
S0012_G4890_R1_A 0.6013751 0.6112792 0.6459197 0.5641339 0.5641339 0.6308921 0.5730177 0.1341006 0.1433135 0.1215122 0.1162486 0.1121077 0.1193077 0.1038241 0.1095242 0.1358717 0.1066099 0.1280742 0.1005743 0.1112887 0.1220098 0.1260912 0.1115218 0.1303650 0.1353375 0.3196656 0.1078333 0.2748934 0.3006213 0.1268877 0.1245044 0.1423611 0.1329603 0.3088610 0.1390985 0.0000000 0.4204360 0.1191056 0.2500888 0.2850096 0.2803909 0.2289494 0.4262247 0.5074054 0.6645497 0.7279608 0.6971665 0.6623738 0.8012559 0.8370200 0.8079421 0.8240774 0.8773548 0.8519944 0.8478194 0.6728407 0.6973954 0.6931139 0.7035881 0.6805762 0.6963100 0.6990873 0.6954695 0.7149096 
S0005_G4890_R3_A 0.8059222 0.8161858 0.7931532 0.7547966 0.7547966 0.8032773 0.7544920 0.3857918 0.4097678 0.3863927 0.3935636 0.3574834 0.3770740 0.3715692 0.3590280 0.3915151 0.3642202 0.3851587 0.3622595 0.3567732 0.3901562 0.3950868 0.3681221 0.3764331 0.3807137 0.4061742 0.3650574 0.3703805 0.4192417 0.3706360 0.3803677 0.3803740 0.3871979 0.4269714 0.4027454 0.4204360 0.0000000 0.3887740 0.4084914 0.4140598 0.3999576 0.5110263 0.5638774 0.6249937 0.8976379 0.9410993 0.8337186 0.7834326 1.1028237 1.1332622 1.0574573 1.0589045 1.0768902 1.1390495 1.1181526 0.9495953 1.0019167 1.0009715 1.0041888 0.9717377 0.9603623 0.9963947 0.9969160 0.9209674 
S0017_G4890_R1_U 0.5826732 0.5896275 0.5876932 0.5383536 0.5366828 0.5959404 0.5591854 0.1089027 0.1091106 0.0899583 0.0872694 0.0827300 0.0833226 0.0740287 0.0810096 0.1198515 0.0751328 0.0966936 0.0639903 0.0945576 0.0830275 0.0963882 0.0823640 0.0982472 0.1035785 0.2844685 0.0708363 0.2436994 0.3039427 0.1006796 0.0924653 0.0997889 0.1057048 0.2761188 0.1039047 0.1191056 0.3887740 0.0000000 0.2319908 0.2544530 0.2648610 0.1979721 0.4200213 0.4611461 0.6572727 0.7008389 0.6597985 0.6327785 0.7790612 0.8096441 0.7759397 0.7860730 0.8297951 0.8491582 0.8520551 0.6731658 0.7069153 0.7047034 0.7010514 0.6787700 0.6938195 0.7023680 0.6924154 0.6957532 
S0023_G4890_R2_A 0.6440919 0.6620424 0.6582706 0.5931194 0.5912637 0.6431933 0.5852173 0.2588337 0.2571377 0.2375729 0.2345976 0.2093462 0.2234970 0.2240884 0.2104710 0.2356924 0.2138865 0.2261462 0.2129743 0.2017259 0.2304671 0.2536766 0.2235634 0.2320180 0.2319537 0.3135016 0.2147192 0.2867224 0.3007212 0.2268177 0.2330150 0.2466056 0.2288825 0.1908054 0.2240526 0.2500888 0.4084914 0.2319908 0.0000000 0.1591548 0.2843701 0.3461114 0.4417293 0.4972851 0.7171384 0.7433365 0.7055501 0.6820499 0.8932191 0.9368514 0.9178943 0.9362774 0.9391229 0.9343999 0.9788938 0.8147948 0.8565493 0.8519034 0.8475147 0.8136286 0.8220111 0.8414574 0.8352450 0.8109937 
S0030_G4890_R1_A 0.6807038 0.6892367 0.6443435 0.6234212 0.6214190 0.6496864 0.5814409 0.2254460 0.2668719 0.2593587 0.2484798 0.2444912 0.2426396 0.2530149 0.2366830 0.2855855 0.2482966 0.2535062 0.2448958 0.2417460 0.2598253 0.2650808 0.2403297 0.2568732 0.2602185 0.3186333 0.2376262 0.2645998 0.3134615 0.2675216 0.2604235 0.2719301 0.2635082 0.1265533 0.2519679 0.2850096 0.4140598 0.2544530 0.1591548 0.0000000 0.2811616 0.3384673 0.4323178 0.5090755 0.7389012 0.7792360 0.7326896 0.6394662 0.9201767 0.9737879 0.9347227 0.9503653 0.9634579 0.8821771 0.9662664 0.8123996 0.8542826 0.8494842 0.8443709 0.8101234 0.8195422 0.8498213 0.8420777 0.8361349 
S0035_G4890_R1_A 0.6400528 0.6488140 0.6454692 0.6121711 0.6121711 0.6582115 0.6053239 0.2639072 0.2807946 0.2643461 0.2672454 0.2379919 0.2577003 0.2527037 0.2474306 0.2704786 0.2518829 0.2639281 0.2470436 0.2317688 0.2612126 0.2667264 0.2537970 0.2672769 0.2722130 0.2799800 0.2403178 0.2564057 0.3017170 0.2607723 0.2668203 0.2708790 0.2636489 0.3204951 0.2644696 0.2803909 0.3999576 0.2648610 0.2843701 0.2811616 0.0000000 0.3696454 0.4121380 0.4679412 0.7137112 0.7689209 0.6884448 0.6838886 0.9189013 0.9607766 0.9259668 0.9412771 0.9465692 0.8627111 0.9019264 0.8379143 0.8591074 0.8587192 0.8774807 0.8351603 0.8375217 0.8824237 0.8827418 0.8480466 
S0050_G4890_R4_A 0.7270345 0.7314508 0.7539556 0.6476738 0.6455929 0.7232925 0.6715134 0.1815225 0.2158647 0.2004140 0.1977473 0.1802996 0.1875668 0.1826502 0.1746736 0.2082086 0.1841499 0.2098353 0.1742890 0.1952625 0.1898816 0.2043169 0.1858686 0.1101420 0.1142222 0.4045889 0.1815810 0.3448586 0.3955276 0.2002958 0.1888097 0.2181669 0.2011153 0.3819755 0.1751644 0.2289494 0.5110263 0.1979721 0.3461114 0.3384673 0.3696454 0.0000000 0.5231270 0.5697395 0.8233453 0.8936026 0.7821404 0.7302021 0.8932321 0.9400258 0.8880694 0.9021487 0.9301556 0.9141908 0.8937599 0.7351691 0.7584429 0.7601813 0.7680267 0.7416339 0.7553125 0.7681477 0.7645067 0.7565518 
S0008_G4890_R1_A 0.6269269 0.6279497 0.5863958 0.5783944 0.5783944 0.5874826 0.5428666 0.3947941 0.4219436 0.4051307 0.3953122 0.3972394 0.4054815 0.3982890 0.3982847 0.4199917 0.4006760 0.3841446 0.3893542 0.3774266 0.3892311 0.3966897 0.3950876 0.4149821 0.4207841 0.4833639 0.3892063 0.3945103 0.3688004 0.4078863 0.3888344 0.4082681 0.3869677 0.4359519 0.4029510 0.4262247 0.5638774 0.4200213 0.4417293 0.4323178 0.4121380 0.5231270 0.0000000 0.1813698 0.7586293 0.8093732 0.6814396 0.6558517 0.9318524 0.9613341 0.9468686 0.9255115 0.9363195 0.8477508 0.9178704 0.9617317 0.9742464 0.9765317 0.9793459 0.9622142 0.9483645 0.9843065 0.9783649 0.9548994 
S0015_G4890_R2_A 0.6976228 0.6978554 0.6206393 0.5907759 0.5886679 0.6216034 0.5402107 0.4705566 0.4811114 0.4601818 0.4592741 0.4565679 0.4595513 0.4539887 0.4562562 0.4749600 0.4595279 0.4191624 0.4495336 0.4350085 0.4560876 0.4602006 0.4498059 0.4655746 0.4717630 0.5556605 0.4439744 0.4651723 0.4201855 0.4608187 0.4615922 0.4925172 0.4646536 0.5240980 0.4674059 0.5074054 0.6249937 0.4611461 0.4972851 0.5090755 0.4679412 0.5697395 0.1813698 0.0000000 0.8234032 0.8820404 0.7287465 0.6770750 0.9476275 0.9802388 0.9780849 0.9710391 0.9792509 0.8848197 0.9762320 0.9713486 0.9943297 0.9953037 0.9976096 0.9689866 0.9614142 0.9968313 0.9876385 0.9897914 
S0039_G4890_R2_A 0.4999408 0.5108832 0.7731447 0.6881870 0.6881870 0.7529210 0.6739553 0.6845633 0.6764965 0.6754292 0.6649828 0.6485894 0.6569755 0.6637937 0.6551659 0.6781049 0.6548720 0.6772643 0.6591278 0.6760218 0.6593194 0.6790993 0.6635267 0.6762129 0.6701832 0.8163600 0.6551070 0.7208637 0.7482786 0.6767163 0.6625826 0.6798720 0.6858086 0.7683404 0.6835166 0.6645497 0.8976379 0.6572727 0.7171384 0.7389012 0.7137112 0.8233453 0.7586293 0.8234032 0.0000000 0.0556538 0.6872577 0.6878047 1.0807839 1.0840227 1.0566013 1.1185272 1.0945307 0.9549468 0.8579596 1.0329684 1.0438486 1.0450521 1.0453482 1.0628578 1.0738078 1.0613928 1.0484211 1.0393266 
S0051_G4890_R2_A 0.5070565 0.5156745 0.7924076 0.7286610 0.7286610 0.8059575 0.6636350 0.7286901 0.7329154 0.7337808 0.7139831 0.7042837 0.7066855 0.7130343 0.7106458 0.7156963 0.7018869 0.7292907 0.6982777 0.7183758 0.7113473 0.7086698 0.7107503 0.7254127 0.7197827 0.8762383 0.7022838 0.7494996 0.8074398 0.7238264 0.7036520 0.7343350 0.7276626 0.7946387 0.7357914 0.7279608 0.9410993 0.7008389 0.7433365 0.7792360 0.7689209 0.8936026 0.8093732 0.8820404 0.0556538 0.0000000 0.7252767 0.7030658 1.1766944 1.2005461 1.1441542 1.2176984 1.1802436 0.9594931 0.8897102 1.1550371 1.1624964 1.1600062 1.1657374 1.1747523 1.1759836 1.1842923 1.1678937 1.1535051 
S0034_G4890_R1_A 0.6985180 0.6935941 0.4371820 0.5579763 0.5579763 0.5224626 0.5203736 0.6965917 0.6993203 0.6700668 0.6799014 0.6777439 0.6497681 0.6686770 0.6922777 0.6928793 0.6471984 0.6821226 0.6784512 0.6805816 0.6623011 0.6741154 0.6841965 0.7095914 0.7053899 0.7886400 0.6549585 0.6730201 0.7179527 0.6836190 0.6830125 0.6831092 0.6883310 0.7387672 0.6722175 0.6971665 0.8337186 0.6597985 0.7055501 0.7326896 0.6884448 0.7821404 0.6814396 0.7287465 0.6872577 0.7252767 0.0000000 0.6180384 1.1272063 1.1560845 1.1579722 1.1509439 1.2117411 0.8705142 1.0414337 1.2280267 1.2342527 1.2291679 1.2500584 1.2150508 1.2163122 1.2325826 1.2412529 1.1886587 
S0006_G4890_R1_A 0.7869971 0.7877045 0.6949288 0.6826116 0.6826116 0.6601801 0.6514587 0.6375935 0.6819287 0.6388977 0.6724231 0.6444651 0.6218602 0.6450143 0.6479712 0.6933328 0.6317474 0.6873531 0.6436719 0.6468764 0.6515064 0.6514933 0.6275417 0.6770916 0.6843994 0.6927055 0.6419080 0.6391420 0.6928194 0.6291531 0.6611587 0.6892330 0.6317431 0.6572881 0.6473126 0.6623738 0.7834326 0.6327785 0.6820499 0.6394662 0.6838886 0.7302021 0.6558517 0.6770750 0.6878047 0.7030658 0.6180384 0.0000000 0.9943647 1.0266820 1.0544639 1.0667036 1.0411871 0.9050848 0.8283139 1.0980860 1.1123805 1.1072163 1.0757412 1.0971944 1.0742210 1.1067130 1.1011513 1.0435074 
S0025_G4890_R1_A 0.9988529 1.0051099 1.0299575 0.9764846 0.9789552 1.0802291 1.0027958 0.7795994 0.8116594 0.7587292 0.8024393 0.7672816 0.7789812 0.7943731 0.7716684 0.8368039 0.7907746 0.7805112 0.7912965 0.7931312 0.7714705 0.8190346 0.7874763 0.7958449 0.7898010 0.9853098 0.7764754 0.9185083 0.9312450 0.8379456 0.7765584 0.8356425 0.7737965 0.9247730 0.7841299 0.8012559 1.1028237 0.7790612 0.8932191 0.9201767 0.9189013 0.8932321 0.9318524 0.9476275 1.0807839 1.1766944 1.1272063 0.9943647 0.0000000 0.0471981 0.1392179 0.1467837 0.2137268 0.8198606 1.0323248 1.1850468 1.2195652 1.2224229 1.2309193 1.1843242 1.2173584 1.1931725 1.2235011 1.2252041 
S0029_G4890_R1_A 1.0557280 1.0623882 1.0502675 1.0187730 1.0212813 1.1062860 1.0258544 0.8257729 0.8664448 0.8063221 0.8460228 0.8160305 0.8265228 0.8310256 0.8187712 0.8655339 0.8318059 0.8160617 0.8284369 0.8220338 0.8098653 0.8521223 0.8197297 0.8386448 0.8374506 1.0280693 0.8104802 0.9695865 0.9807656 0.8712988 0.8120783 0.8809749 0.8140677 0.9644683 0.8294771 0.8370200 1.1332622 0.8096441 0.9368514 0.9737879 0.9607766 0.9400258 0.9613341 0.9802388 1.0840227 1.2005461 1.1560845 1.0266820 0.0471981 0.0000000 0.1365394 0.1452069 0.2170432 0.8227912 1.0133369 1.2151891 1.2509883 1.2538757 1.2576664 1.2144156 1.2379985 1.2170471 1.2371163 1.2483973 
S0032_G4890_R1_N 1.0060726 1.0125269 1.0445434 0.9906113 0.9931865 1.0638861 1.0162094 0.7769160 0.8210330 0.7719308 0.7875035 0.7716707 0.7869070 0.7885679 0.7808031 0.8282106 0.7895516 0.8019920 0.7851124 0.7912692 0.7829882 0.8223457 0.7739419 0.7968347 0.7936088 0.9592455 0.7856360 0.9287367 0.9451683 0.8320766 0.7885100 0.8356861 0.8012816 0.9283449 0.7791763 0.8079421 1.0574573 0.7759397 0.9178943 0.9347227 0.9259668 0.8880694 0.9468686 0.9780849 1.0566013 1.1441542 1.1579722 1.0544639 0.1392179 0.1365394 0.0000000 0.0326685 0.1429104 0.8157011 1.0340912 1.1898986 1.2234488 1.2190756 1.2263703 1.1960250 1.2303117 1.1855596 1.2282179 1.2527732 
S0024_G4890_R1_A 1.0092215 1.0089835 1.0598452 0.9951368 0.9977386 1.0835562 1.0355866 0.7854071 0.8310906 0.7808110 0.8005713 0.7791850 0.8019323 0.7936331 0.7866870 0.8380007 0.8002979 0.8049606 0.7979062 0.8043792 0.7832912 0.8261744 0.7846772 0.8082656 0.8090230 0.9540548 0.7964256 0.9473126 0.9358186 0.8377728 0.7961104 0.8526962 0.8049862 0.9456820 0.8004838 0.8240774 1.0589045 0.7860730 0.9362774 0.9503653 0.9412771 0.9021487 0.9255115 0.9710391 1.1185272 1.2176984 1.1509439 1.0667036 0.1467837 0.1452069 0.0326685 0.0000000 0.1466117 0.8213446 1.0579852 1.2076428 1.2398139 1.2284598 1.2395505 1.2141244 1.2547701 1.2003143 1.2448862 1.2774354 
S0001_G4890_R1_A 1.0366968 1.0406462 1.1121378 1.0357515 1.0385175 1.1330630 1.0481309 0.8525576 0.8801972 0.8285141 0.8640160 0.8520306 0.8560481 0.8375650 0.8478492 0.8838638 0.8475176 0.8285750 0.8444459 0.8548794 0.8392558 0.8710174 0.8497183 0.8436066 0.8440075 1.0046665 0.8460321 0.9942280 0.9174083 0.8955378 0.8570806 0.8922531 0.8588115 0.9717539 0.8497215 0.8773548 1.0768902 0.8297951 0.9391229 0.9634579 0.9465692 0.9301556 0.9363195 0.9792509 1.0945307 1.1802436 1.2117411 1.0411871 0.2137268 0.2170432 0.1429104 0.1466117 0.0000000 0.8672961 0.9814703 1.2144591 1.2375630 1.2282597 1.2309683 1.2157608 1.2369962 1.2036733 1.2225276 1.2360637 
S0049_G4890_R1_A 0.8201766 0.8193324 0.8421293 0.8556551 0.8556551 0.8500945 0.7463803 0.8507828 0.8655073 0.8299307 0.8630826 0.8498952 0.8669248 0.8467847 0.8660859 0.8690954 0.8407754 0.8622831 0.8513745 0.8712754 0.8504579 0.8814932 0.8528155 0.8572565 0.8920124 0.9985130 0.8687013 0.9274615 0.8944840 0.8655884 0.8606646 0.8844298 0.8637177 0.9556118 0.8775957 0.8519944 1.1390495 0.8491582 0.9343999 0.8821771 0.8627111 0.9141908 0.8477508 0.8848197 0.9549468 0.9594931 0.8705142 0.9050848 0.8198606 0.8227912 0.8157011 0.8213446 0.8672961 0.0000000 0.8328363 1.0999422 1.0942368 1.0948960 1.1112387 1.1045221 1.1056669 1.0920268 1.0796471 1.1324625 
S0003_G4890_R1_N 0.8869705 0.8818723 1.0675207 0.9467621 0.9467621 1.0174873 0.9373689 0.8549269 0.8864689 0.8314384 0.8853085 0.8421187 0.8341742 0.8599470 0.8620152 0.8875673 0.8440924 0.8436185 0.8585615 0.8611527 0.8170459 0.8749382 0.8310167 0.8388831 0.8111618 0.9547839 0.8432771 0.9032867 0.9071695 0.8627782 0.8466942 0.8723176 0.8410511 0.9454647 0.8514596 0.8478194 1.1181526 0.8520551 0.9788938 0.9662664 0.9019264 0.8937599 0.9178704 0.9762320 0.8579596 0.8897102 1.0414337 0.8283139 1.0323248 1.0133369 1.0340912 1.0579852 0.9814703 0.8328363 0.0000000 0.7824983 0.7853115 0.7917949 0.7727879 0.7824578 0.7875199 0.7807841 0.7954359 0.7539858 
S0038_G4890_R2_A 0.9376603 0.9463584 1.0702367 0.9413777 0.9413777 1.0119888 0.9674678 0.6676223 0.7055466 0.6668443 0.6825712 0.6221003 0.6476112 0.6505488 0.6406506 0.6936685 0.6331250 0.6722899 0.6350820 0.6696172 0.6178058 0.6691949 0.6664789 0.6607239 0.6579887 0.8584085 0.6330644 0.8252332 0.8690487 0.6739146 0.6797718 0.6938526 0.6687656 0.8423582 0.6346419 0.6728407 0.9495953 0.6731658 0.8147948 0.8123996 0.8379143 0.7351691 0.9617317 0.9713486 1.0329684 1.1550371 1.2280267 1.0980860 1.1850468 1.2151891 1.1898986 1.2076428 1.2144591 1.0999422 0.7824983 0.0000000 0.0271491 0.0263563 0.0285330 0.0175836 0.0203742 0.0295115 0.0336259 0.0271503 
S0044_G4890_R1_N 0.9774508 0.9779095 1.0773671 0.9488101 0.9488101 1.0407383 0.9558612 0.7031215 0.7409184 0.7038384 0.7116024 0.6557199 0.6699760 0.6797504 0.6770804 0.7214608 0.6677782 0.7044717 0.6677335 0.7026413 0.6506477 0.7008015 0.6993905 0.6861332 0.6794867 0.8914670 0.6690748 0.8400917 0.8764281 0.7115844 0.7126407 0.7259323 0.7012628 0.8902609 0.6678597 0.6973954 1.0019167 0.7069153 0.8565493 0.8542826 0.8591074 0.7584429 0.9742464 0.9943297 1.0438486 1.1624964 1.2342527 1.1123805 1.2195652 1.2509883 1.2234488 1.2398139 1.2375630 1.0942368 0.7853115 0.0271491 0.0000000 0.0037975 0.0263586 0.0312911 0.0320618 0.0274338 0.0315807 0.0291956 
S0045_G4890_R1_A 0.9681774 0.9686036 1.0627344 0.9391875 0.9391875 1.0232313 0.9479341 0.6987885 0.7364009 0.6994964 0.7072450 0.6516531 0.6711606 0.6756060 0.6728968 0.7169421 0.6636796 0.7018128 0.6635809 0.6982540 0.6466342 0.6964791 0.6951114 0.6837721 0.6790768 0.8858363 0.6649632 0.8348456 0.8785601 0.7071919 0.7102402 0.7214873 0.6980196 0.8815385 0.6636476 0.6931139 1.0009715 0.7047034 0.8519034 0.8494842 0.8587192 0.7601813 0.9765317 0.9953037 1.0450521 1.1600062 1.2291679 1.1072163 1.2224229 1.2538757 1.2190756 1.2284598 1.2282597 1.0948960 0.7917949 0.0263563 0.0037975 0.0000000 0.0255668 0.0304888 0.0312392 0.0266326 0.0307709 0.0274730 
S0042_G4890_R1_N 0.9532308 0.9536054 1.0615044 0.9580454 0.9580454 1.0313398 0.9654422 0.7054035 0.7370156 0.7012697 0.7168365 0.6494711 0.6776712 0.6804410 0.6705346 0.7222679 0.6623558 0.6981047 0.6642924 0.6983269 0.6416276 0.6981702 0.7028639 0.6879044 0.6812592 0.8833365 0.6647541 0.8527056 0.8833873 0.7058409 0.7104719 0.7246293 0.6963843 0.8760170 0.6563823 0.7035881 1.0041888 0.7010514 0.8475147 0.8443709 0.8774807 0.7680267 0.9793459 0.9976096 1.0453482 1.1657374 1.2500584 1.0757412 1.2309193 1.2576664 1.2263703 1.2395505 1.2309683 1.1112387 0.7727879 0.0285330 0.0263586 0.0255668 0.0000000 0.0318735 0.0325328 0.0224767 0.0249212 0.0314399 
S0047_G4890_R1_N 0.9474865 0.9478381 1.0760743 0.9453725 0.9453725 1.0078059 0.9532062 0.6744035 0.7156527 0.6842723 0.6951118 0.6337643 0.6590011 0.6593927 0.6512626 0.7027507 0.6439902 0.6774278 0.6437704 0.6812397 0.6276287 0.6776143 0.6757187 0.6698515 0.6632524 0.8673700 0.6391591 0.8361881 0.8636631 0.6834240 0.6838433 0.7037267 0.6717176 0.8454447 0.6469814 0.6805762 0.9717377 0.6787700 0.8136286 0.8101234 0.8351603 0.7416339 0.9622142 0.9689866 1.0628578 1.1747523 1.2150508 1.0971944 1.1843242 1.2144156 1.1960250 1.2141244 1.2157608 1.1045221 0.7824578 0.0175836 0.0312911 0.0304888 0.0318735 0.0000000 0.0132297 0.0336786 0.0378575 0.0246696 
