65
S0004_G4942_R1_A 0.0000000 0.1282650 0.1282650 0.0446593 0.1143867 0.1152407 0.1884256 0.2240558 0.1274458 0.1324257 0.1749368 0.1749368 0.1933438 0.2023409 0.1398690 0.1408318 0.1441386 0.1646005 0.1694761 0.1760922 0.1624397 0.1536118 0.1542451 0.1453755 0.1809207 0.1791766 0.6229854 0.5893784 0.1876182 0.1854672 0.1469183 0.1457657 0.1418203 0.2085350 0.1784354 0.3420886 0.3519714 0.3751001 0.4594210 0.5730181 0.5121848 0.5040936 0.5240785 0.5917186 0.5989148 0.8259921 0.6875035 0.7055876 0.7017959 0.7184266 0.7052549 0.6909747 0.6664121 0.6801067 0.6037435 0.8744421 0.8651335 0.8166520 0.7881372 0.8203510 0.9429641 0.7801770 0.7903611 0.8575226 1.0692944 
S0018_G4942_R2_A 0.1282650 0.0000000 0.0000010 0.1337508 0.0696760 0.0681435 0.2219392 0.2226002 0.1486249 0.1632928 0.1971203 0.1971203 0.2166513 0.2237114 0.1624222 0.1523575 0.1464815 0.1730756 0.1721174 0.1720326 0.1861233 0.1701925 0.1753016 0.1945582 0.2180475 0.2189802 0.6274142 0.6026128 0.2157872 0.2158967 0.1601741 0.1598327 0.1566714 0.2232191 0.1819195 0.3566068 0.3600809 0.3704741 0.4860938 0.5820298 0.5421314 0.5592045 0.5601021 0.5883631 0.5947942 0.8976998 0.7731941 0.7880436 0.7740839 0.8038212 0.7703000 0.7838117 0.7514994 0.7828688 0.6217983 0.8881631 0.7958875 0.7552016 0.7441495 0.7413964 0.8842112 0.7008855 0.7794209 0.8535487 1.0847879 
S0018_G4942_R3_A 0.1282650 0.0000010 0.0000000 0.1337508 0.0696760 0.0681435 0.2219392 0.2226002 0.1486249 0.1632928 0.1971203 0.1971203 0.2166513 0.2237114 0.1624222 0.1523575 0.1464815 0.1730756 0.1721174 0.1720326 0.1861233 0.1701925 0.1753016 0.1945582 0.2180475 0.2189802 0.6274142 0.6026128 0.2157872 0.2158967 0.1601741 0.1598327 0.1566714 0.2232191 0.1819195 0.3566068 0.3600809 0.3704741 0.4860938 0.5820298 0.5421314 0.5592045 0.5601021 0.5883631 0.5947942 0.8976998 0.7731941 0.7880436 0.7740839 0.8038212 0.7703000 0.7838117 0.7514994 0.7828688 0.6217983 0.8881631 0.7958875 0.7552016 0.7441495 0.7413964 0.8842112 0.7008855 0.7794209 0.8535487 1.0847879 
S0004_G4942_R2_A 0.0446593 0.1337508 0.1337508 0.0000000 0.1270192 0.1230567 0.2235820 0.2278510 0.1483390 0.1527699 0.2006758 0.2006758 0.2027917 0.2119199 0.1479440 0.1285820 0.1272473 0.1832977 0.1692478 0.1768613 0.1864020 0.1675027 0.1681262 0.1822157 0.2209733 0.2223284 0.6590537 0.6407516 0.2000872 0.1979829 0.1719992 0.1709735 0.1697687 0.2251857 0.2011772 0.3772838 0.3804719 0.3792808 0.4880848 0.5944975 0.5420113 0.5431602 0.5627732 0.6102269 0.6198150 0.8802297 0.7454502 0.7612716 0.7485034 0.7774073 0.7518626 0.7598518 0.7303485 0.7572969 0.6307932 0.8678173 0.8915784 0.8441714 0.8089301 0.8040151 0.9539288 0.7908524 0.7931362 0.8649467 1.0840796 
S0031_G4942_R3_A 0.1143867 0.0696760 0.0696760 0.1270192 0.0000000 0.0177609 0.2028301 0.2105201 0.1509255 0.1573993 0.1899131 0.1899131 0.2137265 0.2217326 0.1561175 0.1404843 0.1389624 0.1759184 0.1615415 0.1682373 0.1820223 0.1663062 0.1682017 0.1788000 0.2101953 0.2110446 0.6256043 0.5977540 0.2109561 0.2110631 0.1545779 0.1542454 0.1511046 0.2160185 0.1745594 0.3815261 0.3923546 0.3716378 0.4996752 0.5843994 0.5602752 0.5640173 0.5651960 0.5928206 0.5988135 0.9136401 0.7553138 0.7643715 0.7614121 0.7851104 0.7577984 0.7654163 0.7282062 0.7446985 0.6299059 0.9330198 0.7987209 0.7578718 0.7495924 0.7421860 0.9017983 0.7036084 0.7925851 0.8444253 1.0756313 
S0031_G4942_R2_A 0.1152407 0.0681435 0.0681435 0.1230567 0.0177609 0.0000000 0.2014676 0.2087964 0.1467211 0.1522030 0.1885697 0.1885697 0.2079517 0.2171939 0.1499384 0.1367924 0.1365971 0.1750834 0.1605291 0.1653823 0.1769197 0.1609550 0.1628433 0.1790034 0.2133583 0.2162549 0.6405263 0.6083777 0.2063321 0.2051402 0.1513714 0.1480456 0.1449403 0.2137834 0.1732575 0.3715054 0.3864142 0.3597029 0.4887988 0.5791681 0.5519998 0.5572618 0.5482107 0.5971194 0.6031148 0.9421023 0.7750790 0.7844581 0.7682321 0.8057755 0.7645205 0.7857457 0.7474643 0.7644148 0.6244784 0.9152006 0.8137719 0.7603743 0.7511336 0.7436176 0.9041997 0.7016826 0.7604074 0.8228626 1.0787188 
S0046_G4942_R1_A 0.1884256 0.2219392 0.2219392 0.2235820 0.2028301 0.2014676 0.0000000 0.0460129 0.1539449 0.1601771 0.1889963 0.1889963 0.2694161 0.2828757 0.1839155 0.1775878 0.1774500 0.1934010 0.2027287 0.1960466 0.1964757 0.1844788 0.1871928 0.1822368 0.1921349 0.1872627 0.7052497 0.6818199 0.2464209 0.2463474 0.2123578 0.2052683 0.2010878 0.2933611 0.3127142 0.4394955 0.4351613 0.4289272 0.5301574 0.6147076 0.5753305 0.5905316 0.5562606 0.6240213 0.6301449 0.8518110 0.6475618 0.6812542 0.6609490 0.6741900 0.6500509 0.6590662 0.6158846 0.6426325 0.6419091 0.8992915 0.7918590 0.7557702 0.7323309 0.7544766 0.8378315 0.7152115 0.7854990 0.8141647 1.1607532 
S0046_G4942_R2_A 0.2240558 0.2226002 0.2226002 0.2278510 0.2105201 0.2087964 0.0460129 0.0000000 0.1782843 0.1861224 0.2101711 0.2101711 0.2626465 0.2774740 0.1939316 0.1678438 0.1675906 0.1979286 0.1934000 0.1902181 0.2204967 0.1964816 0.1992382 0.2279251 0.2250895 0.2211195 0.7435560 0.7159842 0.2495638 0.2492425 0.2370491 0.2304836 0.2248308 0.2996109 0.3125013 0.4241043 0.4241809 0.4132631 0.5283467 0.6113892 0.5830095 0.5926346 0.5525354 0.6255690 0.6316882 0.8637067 0.7368144 0.7632098 0.7489639 0.7698513 0.7335019 0.7397789 0.7101238 0.7383610 0.6445724 0.9247830 0.7901287 0.7292134 0.7073277 0.7264945 0.8699640 0.6891156 0.7999579 0.8579107 1.1827704 
S0019_G4942_R1_A 0.1274458 0.1486249 0.1486249 0.1483390 0.1509255 0.1467211 0.1539449 0.1782843 0.0000000 0.0425873 0.1236558 0.1236558 0.1701971 0.1819425 0.0963571 0.0910553 0.0939056 0.1007363 0.1132445 0.1181443 0.1141417 0.1050768 0.1050546 0.1072570 0.1294573 0.1268522 0.6646642 0.6339495 0.1515831 0.1510910 0.1635838 0.1541761 0.1522232 0.1934521 0.2487452 0.3223801 0.3126081 0.3282296 0.4265464 0.5189332 0.4688671 0.4781055 0.4921390 0.5493531 0.5530064 0.8455757 0.6152367 0.6297482 0.6166993 0.6351938 0.6122399 0.6269584 0.5900838 0.6268204 0.5675097 0.8034631 0.7591226 0.6899372 0.6753697 0.7051643 0.8176894 0.6667455 0.7541761 0.8063229 1.1153385 
S0020_G4942_R1_A 0.1324257 0.1632928 0.1632928 0.1527699 0.1573993 0.1522030 0.1601771 0.1861224 0.0425873 0.0000000 0.1306545 0.1306545 0.1780635 0.1871772 0.1065457 0.1020206 0.1058766 0.1091378 0.1175882 0.1177559 0.1175272 0.1148095 0.1128458 0.1146829 0.1461749 0.1418136 0.6477047 0.6199960 0.1552588 0.1547740 0.1697465 0.1591602 0.1571978 0.1921517 0.2573250 0.3237224 0.3176737 0.3291385 0.4341454 0.5248686 0.4817476 0.4954938 0.4920800 0.5438023 0.5474307 0.8414174 0.6358821 0.6473154 0.6337462 0.6613786 0.6339176 0.6440151 0.6124909 0.6485352 0.5570506 0.7998336 0.7209574 0.6852436 0.6422265 0.6868232 0.7953172 0.6526444 0.7580136 0.7922311 1.0713283 
S0017_G4942_R1_A 0.1749368 0.1971203 0.1971203 0.2006758 0.1899131 0.1885697 0.1889963 0.2101711 0.1236558 0.1306545 0.0000000 0.0000010 0.1976850 0.2102388 0.1312318 0.1279339 0.1228754 0.1374250 0.1471348 0.1528165 0.1601205 0.1479114 0.1496345 0.1513920 0.1852024 0.1819402 0.6585733 0.6527427 0.1978055 0.1943562 0.2048036 0.2013684 0.1972659 0.2230456 0.2768712 0.3606872 0.3639548 0.3747350 0.4638380 0.5628420 0.5113747 0.5131103 0.5190670 0.5657559 0.5742310 0.8211454 0.6622581 0.6509855 0.6424138 0.6620730 0.6443201 0.6571659 0.6227877 0.6527026 0.5816461 0.8358429 0.8088189 0.7390282 0.7111096 0.7420888 0.8934030 0.6964214 0.7681959 0.8581885 1.0454487 
S0017_G4942_R2_A 0.1749368 0.1971203 0.1971203 0.2006758 0.1899131 0.1885697 0.1889963 0.2101711 0.1236558 0.1306545 0.0000010 0.0000000 0.1976850 0.2102388 0.1312318 0.1279339 0.1228754 0.1374250 0.1471348 0.1528165 0.1601205 0.1479114 0.1496345 0.1513920 0.1852024 0.1819402 0.6585733 0.6527427 0.1978055 0.1943562 0.2048036 0.2013684 0.1972659 0.2230456 0.2768712 0.3606872 0.3639548 0.3747350 0.4638380 0.5628420 0.5113747 0.5131103 0.5190670 0.5657559 0.5742310 0.8211454 0.6622581 0.6509855 0.6424138 0.6620730 0.6443201 0.6571659 0.6227877 0.6527026 0.5816461 0.8358429 0.8088189 0.7390282 0.7111096 0.7420888 0.8934030 0.6964214 0.7681959 0.8581885 1.0454487 
S0031_G4942_R1_A 0.1933438 0.2166513 0.2166513 0.2027917 0.2137265 0.2079517 0.2694161 0.2626465 0.1701971 0.1780635 0.1976850 0.1976850 0.0000000 0.0524845 0.1666520 0.1614751 0.1531047 0.0913290 0.1780741 0.1807241 0.1888822 0.1919873 0.1957102 0.2573878 0.2797825 0.2822056 0.7511519 0.6975449 0.2126923 0.2141148 0.2471255 0.2404533 0.2404686 0.2319650 0.2776033 0.3288848 0.3011312 0.3317203 0.4162412 0.5075384 0.4808184 0.4545640 0.4871284 0.5290863 0.5298255 1.0513638 0.8130840 0.8161783 0.8146974 0.8170923 0.7951334 0.8273861 0.7634648 0.8048481 0.6135569 0.7260347 0.8121857 0.7735221 0.7267826 0.7222349 0.7359381 0.7448666 0.8373837 0.8232726 0.9955621 
S0018_G4942_R1_U 0.2023409 0.2237114 0.2237114 0.2119199 0.2217326 0.2171939 0.2828757 0.2774740 0.1819425 0.1871772 0.2102388 0.2102388 0.0524845 0.0000000 0.1769257 0.1725813 0.1613348 0.0984963 0.1843500 0.1873666 0.2001938 0.1997216 0.2004208 0.2689535 0.2903977 0.2928017 0.7667314 0.7119825 0.2139019 0.2200202 0.2572836 0.2549428 0.2549588 0.2447730 0.2766029 0.3308393 0.3129913 0.3375450 0.4245426 0.5213765 0.4721909 0.4597141 0.4878265 0.5411497 0.5419312 1.0847929 0.7950102 0.8075724 0.8124854 0.8148912 0.7928935 0.8088644 0.7611743 0.7936687 0.6155504 0.7587925 0.8313716 0.7773456 0.7301607 0.7256045 0.7394324 0.7349216 0.8822340 0.8762503 0.9899128 
S0013_G4942_R1_A 0.1398690 0.1624222 0.1624222 0.1479440 0.1561175 0.1499384 0.1839155 0.1939316 0.0963571 0.1065457 0.1312318 0.1312318 0.1666520 0.1769257 0.0000000 0.0870572 0.0795027 0.1111809 0.1024743 0.1091380 0.1423285 0.1174179 0.1207487 0.1551297 0.1799713 0.1764537 0.6482823 0.6249680 0.1706223 0.1688034 0.1882624 0.1815182 0.1790279 0.2142175 0.2845508 0.3264972 0.3073438 0.3446517 0.4155864 0.5235469 0.4567878 0.4618218 0.4695188 0.4928116 0.4917175 0.8695775 0.6809772 0.7233048 0.6707245 0.6998110 0.6634445 0.6906229 0.6440084 0.6797622 0.5690951 0.7583957 0.7357690 0.7180499 0.6839569 0.6886903 0.6872466 0.6881290 0.7633489 0.7348295 1.0288871 
S0028_G4942_R1_A 0.1408318 0.1523575 0.1523575 0.1285820 0.1404843 0.1367924 0.1775878 0.1678438 0.0910553 0.1020206 0.1279339 0.1279339 0.1614751 0.1725813 0.0870572 0.0000000 0.0534412 0.0996089 0.0712045 0.0804571 0.1353564 0.1118900 0.1127787 0.1571322 0.1846933 0.1799507 0.6707094 0.6461174 0.1733349 0.1713407 0.1829813 0.1754031 0.1717236 0.2043799 0.2680812 0.3118946 0.3042640 0.3151609 0.3903142 0.4863864 0.4292351 0.4384417 0.4536342 0.4917911 0.4906910 0.8453125 0.7078357 0.7302682 0.7069294 0.7324992 0.6990713 0.7180935 0.6783843 0.7200940 0.5604133 0.7142331 0.7152494 0.6786419 0.6432798 0.6709269 0.6419850 0.6461515 0.7365951 0.7134199 0.9886344 
S0023_G4942_R1_A 0.1441386 0.1464815 0.1464815 0.1272473 0.1389624 0.1365971 0.1774500 0.1675906 0.0939056 0.1058766 0.1228754 0.1228754 0.1531047 0.1613348 0.0795027 0.0534412 0.0000000 0.0924435 0.0607150 0.0694840 0.1266499 0.1113042 0.1145674 0.1564020 0.1891976 0.1807983 0.6672184 0.6574811 0.1676093 0.1658757 0.1863218 0.1763347 0.1750420 0.2111753 0.2731304 0.3018932 0.2942157 0.3013062 0.3860488 0.4792976 0.4227490 0.4316332 0.4503419 0.4707672 0.4696697 0.8487476 0.6995985 0.7168655 0.6939129 0.7108434 0.6863221 0.7095960 0.6661227 0.6944622 0.5469268 0.7448140 0.7417695 0.7095985 0.6755068 0.7003867 0.6794515 0.6790904 0.7512710 0.7250328 1.0031775 
S0036_G4942_R1_U 0.1646005 0.1730756 0.1730756 0.1832977 0.1759184 0.1750834 0.1934010 0.1979286 0.1007363 0.1091378 0.1374250 0.1374250 0.0913290 0.0984963 0.1111809 0.0996089 0.0924435 0.0000000 0.1113245 0.1057919 0.1252769 0.1180817 0.1228576 0.1841612 0.2202650 0.2120781 0.6983400 0.6960175 0.1647926 0.1675787 0.1855929 0.1838806 0.1805379 0.1606447 0.2385785 0.2976626 0.2968091 0.3009078 0.4201243 0.5199403 0.4634595 0.4585889 0.4849010 0.5381333 0.5449460 0.9517950 0.7618282 0.7533394 0.7621869 0.7935082 0.7701555 0.7743496 0.7248239 0.7932238 0.5446785 0.8433714 0.8456632 0.7971509 0.7299354 0.7389141 0.8823185 0.7690898 0.7803286 0.8074432 1.0163883 
S0026_G4942_R1_A 0.1694761 0.1721174 0.1721174 0.1692478 0.1615415 0.1605291 0.2027287 0.1934000 0.1132445 0.1175882 0.1471348 0.1471348 0.1780741 0.1843500 0.1024743 0.0712045 0.0607150 0.1113245 0.0000000 0.0839894 0.1456913 0.1243875 0.1251945 0.1697728 0.1997186 0.1962238 0.6992420 0.6758409 0.1869293 0.1855952 0.1965647 0.1869640 0.1838530 0.2007228 0.2652601 0.3115827 0.3065580 0.3154367 0.4157378 0.5104952 0.4606064 0.4671182 0.4870099 0.5098471 0.5147658 0.8796665 0.7299452 0.7562745 0.7312013 0.7457721 0.7309308 0.7472954 0.7064610 0.7284148 0.5790306 0.8529701 0.7225271 0.6993532 0.6546749 0.6891936 0.8200443 0.6498168 0.7462219 0.8331474 1.1268594 
S0021_G4942_R1_A 0.1760922 0.1720326 0.1720326 0.1768613 0.1682373 0.1653823 0.1960466 0.1902181 0.1181443 0.1177559 0.1528165 0.1528165 0.1807241 0.1873666 0.1091380 0.0804571 0.0694840 0.1057919 0.0839894 0.0000000 0.1485773 0.1240544 0.1240068 0.1643198 0.1918458 0.1883184 0.6667355 0.6450175 0.1810868 0.1796212 0.2032388 0.2015906 0.1984387 0.1905591 0.2740308 0.3168362 0.3103983 0.3334589 0.4111305 0.5178589 0.4470255 0.4580784 0.4716855 0.4950108 0.5004814 0.8942737 0.7154327 0.7440702 0.7219671 0.7485805 0.7170413 0.7279139 0.6707219 0.7091407 0.5239455 0.8468346 0.7517214 0.7007301 0.6643011 0.7151080 0.8266144 0.6449021 0.7739597 0.8605216 1.0311632 
S0012_G4942_R1_A 0.1624397 0.1861233 0.1861233 0.1864020 0.1820223 0.1769197 0.1964757 0.2204967 0.1141417 0.1175272 0.1601205 0.1601205 0.1888822 0.2001938 0.1423285 0.1353564 0.1266499 0.1252769 0.1456913 0.1485773 0.0000000 0.1274975 0.1302562 0.1496088 0.1901171 0.1811447 0.6822279 0.6766356 0.1984000 0.2002899 0.1912093 0.1848424 0.1839469 0.2185018 0.2741636 0.3429283 0.3223911 0.3428927 0.4381445 0.5461939 0.5032920 0.5064545 0.5072449 0.5644334 0.5671104 0.8526950 0.6932338 0.7049778 0.6873534 0.7067533 0.6827977 0.6998025 0.6714011 0.7024586 0.5734829 0.8321913 0.7942022 0.7316357 0.7065752 0.7430908 0.8545060 0.6956470 0.8167716 0.8675377 1.0598386 
S0048_G4942_R1_A 0.1536118 0.1701925 0.1701925 0.1675027 0.1663062 0.1609550 0.1844788 0.1964816 0.1050768 0.1148095 0.1479114 0.1479114 0.1919873 0.1997216 0.1174179 0.1118900 0.1113042 0.1180817 0.1243875 0.1240544 0.1274975 0.0000000 0.0096271 0.1604206 0.2097564 0.2002524 0.7092563 0.6694688 0.1829704 0.1839747 0.1864146 0.1830488 0.1799225 0.2032499 0.2523554 0.3495679 0.3376859 0.3525108 0.4381644 0.5407638 0.4662094 0.4651427 0.4928519 0.5286783 0.5336516 0.8967680 0.7507792 0.7494403 0.7520759 0.7693603 0.7512137 0.7669087 0.7248421 0.7499363 0.5820672 0.8553476 0.7438222 0.7041474 0.6635268 0.6926416 0.8018790 0.6522631 0.8196118 0.8790670 1.1286991 
S0050_G4942_R1_A 0.1542451 0.1753016 0.1753016 0.1681262 0.1682017 0.1628433 0.1871928 0.1992382 0.1050546 0.1128458 0.1496345 0.1496345 0.1957102 0.2004208 0.1207487 0.1127787 0.1145674 0.1228576 0.1251945 0.1240068 0.1302562 0.0096271 0.0000000 0.1549448 0.2092079 0.1997358 0.7060634 0.6646288 0.1857045 0.1867237 0.1871113 0.1837502 0.1806256 0.2064454 0.2529246 0.3604832 0.3450697 0.3591272 0.4477473 0.5544975 0.4764317 0.4748493 0.5032023 0.5409893 0.5459293 0.9014212 0.7520658 0.7430852 0.7533779 0.7707063 0.7525023 0.7682547 0.7260866 0.7512490 0.5740307 0.8634053 0.7442215 0.7046632 0.6628942 0.6990265 0.8058338 0.6586904 0.8137654 0.8676796 1.1300608 
S0030_G4942_R1_A 0.1453755 0.1945582 0.1945582 0.1822157 0.1788000 0.1790034 0.1822368 0.2279251 0.1072570 0.1146829 0.1513920 0.1513920 0.2573878 0.2689535 0.1551297 0.1571322 0.1564020 0.1841612 0.1697728 0.1643198 0.1496088 0.1604206 0.1549448 0.0000000 0.1406812 0.1348522 0.6226463 0.5994155 0.2240377 0.2291229 0.1678087 0.1667176 0.1603448 0.3529756 0.3729824 0.4111401 0.4221875 0.4450246 0.4571567 0.5234021 0.4800178 0.4901277 0.5003490 0.5544755 0.5530124 0.8069260 0.6880077 0.7174834 0.6791534 0.7023873 0.6794123 0.6930814 0.6520822 0.6867210 0.5374406 0.7855703 0.8138275 0.7762047 0.7392311 0.7800570 0.7462620 0.7347801 0.7962465 0.7766090 1.1103843 
S0011_G4942_R1_A 0.1809207 0.2180475 0.2180475 0.2209733 0.2101953 0.2133583 0.1921349 0.2250895 0.1294573 0.1461749 0.1852024 0.1852024 0.2797825 0.2903977 0.1799713 0.1846933 0.1891976 0.2202650 0.1997186 0.1918458 0.1901171 0.2097564 0.2092079 0.1406812 0.0000000 0.0099862 0.6577697 0.6201094 0.2393290 0.2294489 0.2076085 0.2150431 0.2075100 0.4071316 0.3947607 0.4364774 0.4363711 0.4471305 0.4451905 0.5282079 0.4846806 0.4913199 0.4829816 0.4982547 0.4998873 0.8616557 0.7346357 0.7528484 0.7340631 0.7503369 0.7194320 0.7321995 0.7083067 0.7243258 0.5464046 0.8045258 0.7525678 0.7270203 0.7067963 0.7179357 0.7028561 0.6694304 0.7629019 0.7452980 1.0770710 
S0011_G4942_R2_A 0.1791766 0.2189802 0.2189802 0.2223284 0.2110446 0.2162549 0.1872627 0.2211195 0.1268522 0.1418136 0.1819402 0.1819402 0.2822056 0.2928017 0.1764537 0.1799507 0.1807983 0.2120781 0.1962238 0.1883184 0.1811447 0.2002524 0.1997358 0.1348522 0.0099862 0.0000000 0.6586926 0.6315273 0.2372239 0.2331626 0.2004046 0.2094681 0.2020525 0.4037369 0.4104710 0.4311736 0.4403402 0.4477480 0.4476086 0.5238276 0.4779756 0.4840943 0.4820715 0.4987784 0.4971959 0.8402161 0.7100901 0.7228980 0.7092138 0.7299125 0.6997907 0.7075726 0.6843640 0.6999064 0.5372393 0.8107396 0.7250411 0.7008231 0.6804078 0.6930636 0.6765754 0.6694304 0.7769084 0.7509773 1.0644529 
S0051_G4942_R1_A 0.6229854 0.6274142 0.6274142 0.6590537 0.6256043 0.6405263 0.7052497 0.7435560 0.6646642 0.6477047 0.6585733 0.6585733 0.7511519 0.7667314 0.6482823 0.6707094 0.6672184 0.6983400 0.6992420 0.6667355 0.6822279 0.7092563 0.7060634 0.6226463 0.6577697 0.6586926 0.0000000 0.0364959 0.7053054 0.7155815 0.7041123 0.6956508 0.6891496 0.7935965 0.8326981 0.7167761 0.6886043 0.7330327 0.6348134 0.6236617 0.6268646 0.5724243 0.5522033 0.5173704 0.5147302 0.9342893 0.9927684 1.0334260 1.0293862 1.0294046 1.0249521 0.9928298 0.9948349 1.0136101 0.6328092 0.9192259 0.7565902 0.8456034 0.7519237 0.8128477 0.7564915 0.7092024 0.9975556 0.9957679 1.1439637 
S0039_G4942_R1_A 0.5893784 0.6026128 0.6026128 0.6407516 0.5977540 0.6083777 0.6818199 0.7159842 0.6339495 0.6199960 0.6527427 0.6527427 0.6975449 0.7119825 0.6249680 0.6461174 0.6574811 0.6960175 0.6758409 0.6450175 0.6766356 0.6694688 0.6646288 0.5994155 0.6201094 0.6315273 0.0364959 0.0000000 0.6805990 0.6916738 0.6828840 0.6876546 0.6739831 0.7818973 0.8099791 0.7126319 0.6756940 0.6801074 0.6225996 0.6230260 0.6197815 0.5725363 0.5419333 0.5315582 0.5337738 0.9686702 0.9737632 0.9861009 1.0090269 1.0089232 1.0121243 0.9795813 0.9828566 0.9997553 0.6536799 0.9167855 0.7659268 0.8570827 0.7685309 0.8184015 0.7730899 0.7116576 1.0449683 1.0354350 1.1535708 
S0002_G4942_R1_A 0.1876182 0.2157872 0.2157872 0.2000872 0.2109561 0.2063321 0.2464209 0.2495638 0.1515831 0.1552588 0.1978055 0.1978055 0.2126923 0.2139019 0.1706223 0.1733349 0.1676093 0.1647926 0.1869293 0.1810868 0.1984000 0.1829704 0.1857045 0.2240377 0.2393290 0.2372239 0.7053054 0.6805990 0.0000000 0.0118065 0.2479894 0.2410956 0.2376644 0.2334698 0.3009952 0.3503641 0.3531804 0.3644801 0.4711760 0.5625698 0.5142993 0.5269980 0.5067917 0.5640661 0.5719797 0.8721793 0.8160186 0.8001127 0.7973711 0.8075538 0.7902564 0.8093778 0.7537855 0.7892564 0.5825191 0.8959759 0.7782387 0.7201549 0.6882234 0.7029849 0.8236452 0.6745524 0.8518693 0.9125647 1.0908961 
S0002_G4942_R2_A 0.1854672 0.2158967 0.2158967 0.1979829 0.2110631 0.2051402 0.2463474 0.2492425 0.1510910 0.1547740 0.1943562 0.1943562 0.2141148 0.2200202 0.1688034 0.1713407 0.1658757 0.1675787 0.1855952 0.1796212 0.2002899 0.1839747 0.1867237 0.2291229 0.2294489 0.2331626 0.7155815 0.6916738 0.0118065 0.0000000 0.2465852 0.2382836 0.2348596 0.2333819 0.3008629 0.3553048 0.3532289 0.3694781 0.4766259 0.5687585 0.5163810 0.5286095 0.5099156 0.5710722 0.5790068 0.8777403 0.8332263 0.8232450 0.8142592 0.8245603 0.8067908 0.8265212 0.7697412 0.8061335 0.5791323 0.9021194 0.7734773 0.7281701 0.6903539 0.6979261 0.8259330 0.6665324 0.8390848 0.9022228 1.0858306 
S0016_G4942_R1_A 0.1469183 0.1601741 0.1601741 0.1719992 0.1545779 0.1513714 0.2123578 0.2370491 0.1635838 0.1697465 0.2048036 0.2048036 0.2471255 0.2572836 0.1882624 0.1829813 0.1863218 0.1855929 0.1965647 0.2032388 0.1912093 0.1864146 0.1871113 0.1678087 0.2076085 0.2004046 0.7041123 0.6828840 0.2479894 0.2465852 0.0000000 0.0680616 0.0648583 0.2734890 0.2434144 0.3787055 0.3940649 0.4095314 0.5027790 0.5951756 0.5492100 0.5665560 0.5737466 0.6058416 0.6112753 0.8690085 0.7069756 0.7213169 0.7047594 0.7227381 0.7091011 0.7012481 0.6756751 0.6979918 0.6295745 0.9245238 0.8062339 0.7619561 0.7202530 0.7657652 0.8856737 0.7372052 0.7831565 0.8854949 1.1483938 
S0016_G4942_R2_A 0.1457657 0.1598327 0.1598327 0.1709735 0.1542454 0.1480456 0.2052683 0.2304836 0.1541761 0.1591602 0.2013684 0.2013684 0.2404533 0.2549428 0.1815182 0.1754031 0.1763347 0.1838806 0.1869640 0.2015906 0.1848424 0.1830488 0.1837502 0.1667176 0.2150431 0.2094681 0.6956508 0.6876546 0.2410956 0.2382836 0.0680616 0.0000000 0.0042485 0.2780461 0.2532266 0.3835168 0.3972596 0.4086835 0.5026000 0.5933444 0.5456980 0.5517520 0.5604462 0.6132666 0.6187254 0.8904383 0.7381273 0.7620352 0.7448976 0.7634005 0.7490486 0.7414751 0.7154422 0.7296598 0.6416497 0.9394609 0.8847805 0.8242065 0.7906628 0.8219482 0.9449022 0.7699660 0.8128323 0.9042366 1.1396555 
S0016_G4942_R3_A 0.1418203 0.1566714 0.1566714 0.1697687 0.1511046 0.1449403 0.2010878 0.2248308 0.1522232 0.1571978 0.1972659 0.1972659 0.2404686 0.2549588 0.1790279 0.1717236 0.1750420 0.1805379 0.1838530 0.1984387 0.1839469 0.1799225 0.1806256 0.1603448 0.2075100 0.2020525 0.6891496 0.6739831 0.2376644 0.2348596 0.0648583 0.0042485 0.0000000 0.2754998 0.2507351 0.3795099 0.3946414 0.4042601 0.4961018 0.5857777 0.5368977 0.5465032 0.5526332 0.6030151 0.6084727 0.8879155 0.7281234 0.7517201 0.7347575 0.7530977 0.7389512 0.7313172 0.7054411 0.7195021 0.6311557 0.9354465 0.8745426 0.8093323 0.7761203 0.8080882 0.9305667 0.7637735 0.8121221 0.9035716 1.1396555 
S0022_G4942_R1_A 0.2085350 0.2232191 0.2232191 0.2251857 0.2160185 0.2137834 0.2933611 0.2996109 0.1934521 0.1921517 0.2230456 0.2230456 0.2319650 0.2447730 0.2142175 0.2043799 0.2111753 0.1606447 0.2007228 0.1905591 0.2185018 0.2032499 0.2064454 0.3529756 0.4071316 0.4037369 0.7935965 0.7818973 0.2334698 0.2333819 0.2734890 0.2780461 0.2754998 0.0000000 0.2677972 0.3335203 0.3215398 0.3342064 0.4421008 0.5430877 0.4942762 0.5203598 0.5159364 0.5464960 0.5541825 0.9973078 0.9259435 0.9209725 0.9300352 0.9217186 0.9117205 0.9030458 0.8732211 0.8988563 0.5896797 0.8571177 0.8363840 0.8076188 0.7658872 0.8414057 0.9035674 0.7680610 0.8190467 0.8941205 1.1113465 
S0037_G4942_R1_A 0.1784354 0.1819195 0.1819195 0.2011772 0.1745594 0.1732575 0.3127142 0.3125013 0.2487452 0.2573250 0.2768712 0.2768712 0.2776033 0.2766029 0.2845508 0.2680812 0.2731304 0.2385785 0.2652601 0.2740308 0.2741636 0.2523554 0.2529246 0.3729824 0.3947607 0.4104710 0.8326981 0.8099791 0.3009952 0.3008629 0.2434144 0.2532266 0.2507351 0.2677972 0.0000000 0.3968046 0.4099098 0.3955009 0.5360756 0.6324477 0.5853824 0.5712679 0.5373903 0.6201240 0.6282870 1.0211544 0.9381706 0.9820312 0.9418096 0.9464270 0.9277764 0.9372029 0.9230403 0.9217406 0.6853436 0.9773312 0.9096501 0.8398194 0.8394089 0.8421276 0.9801880 0.7666596 0.8360260 0.9266561 1.1166757 
S0005_G4942_R1_A 0.3420886 0.3566068 0.3566068 0.3772838 0.3815261 0.3715054 0.4394955 0.4241043 0.3223801 0.3237224 0.3606872 0.3606872 0.3288848 0.3308393 0.3264972 0.3118946 0.3018932 0.2976626 0.3115827 0.3168362 0.3429283 0.3495679 0.3604832 0.4111401 0.4364774 0.4311736 0.7167761 0.7126319 0.3503641 0.3553048 0.3787055 0.3835168 0.3795099 0.3335203 0.3968046 0.0000000 0.1897720 0.2244006 0.3458460 0.4219191 0.4043920 0.4041722 0.4309251 0.4727100 0.4785448 1.0337532 0.9872742 1.0273879 0.9864613 1.0190299 1.0160521 0.9850588 0.9873501 1.0250120 0.5333382 0.7753291 0.9121855 0.8576235 0.8322478 0.8308983 0.9596671 0.7357641 0.8315760 0.8796626 1.0467668 
S0033_G4942_R1_A 0.3519714 0.3600809 0.3600809 0.3804719 0.3923546 0.3864142 0.4351613 0.4241809 0.3126081 0.3176737 0.3639548 0.3639548 0.3011312 0.3129913 0.3073438 0.3042640 0.2942157 0.2968091 0.3065580 0.3103983 0.3223911 0.3376859 0.3450697 0.4221875 0.4363711 0.4403402 0.6886043 0.6756940 0.3531804 0.3532289 0.3940649 0.3972596 0.3946414 0.3215398 0.4099098 0.1897720 0.0000000 0.2445174 0.2730281 0.3639898 0.3573676 0.3412362 0.3578712 0.4180667 0.4235939 1.1120842 1.0389988 1.0599454 1.0108079 1.0440889 1.0267112 1.0229058 1.0019311 1.0333638 0.5253612 0.7403840 0.8548736 0.7660759 0.7667632 0.7582231 0.8582581 0.6785761 0.8431808 0.8743313 0.9856691 
S0035_G4942_R1_A 0.3751001 0.3704741 0.3704741 0.3792808 0.3716378 0.3597029 0.4289272 0.4132631 0.3282296 0.3291385 0.3747350 0.3747350 0.3317203 0.3375450 0.3446517 0.3151609 0.3013062 0.3009078 0.3154367 0.3334589 0.3428927 0.3525108 0.3591272 0.4450246 0.4471305 0.4477480 0.7330327 0.6801074 0.3644801 0.3694781 0.4095314 0.4086835 0.4042601 0.3342064 0.3955009 0.2244006 0.2445174 0.0000000 0.3557837 0.4426371 0.4487306 0.4203029 0.4332752 0.4715618 0.4714787 1.0463448 0.9579815 1.0253583 0.9563475 0.9828326 0.9630464 0.9505219 0.9282745 0.9633592 0.5397175 0.7947695 0.8258131 0.7225495 0.7139987 0.7118798 0.8028392 0.6058154 0.7926452 0.8266871 1.0544530 
S0008_G4942_R1_A 0.4594210 0.4860938 0.4860938 0.4880848 0.4996752 0.4887988 0.5301574 0.5283467 0.4265464 0.4341454 0.4638380 0.4638380 0.4162412 0.4245426 0.4155864 0.3903142 0.3860488 0.4201243 0.4157378 0.4111305 0.4381445 0.4381644 0.4477473 0.4571567 0.4451905 0.4476086 0.6348134 0.6225996 0.4711760 0.4766259 0.5027790 0.5026000 0.4961018 0.4421008 0.5360756 0.3458460 0.2730281 0.3557837 0.0000000 0.1503808 0.1851155 0.1826651 0.1782954 0.2668917 0.2671061 1.1337867 0.9789307 1.0237920 0.9780679 1.0077412 0.9833985 0.9764127 0.9383694 0.9777997 0.5563486 0.7264431 0.8227047 0.7720198 0.7554657 0.7413242 0.8867728 0.7071132 0.8025475 0.8067635 1.0250358 
S0014_G4942_R1_A 0.5730181 0.5820298 0.5820298 0.5944975 0.5843994 0.5791681 0.6147076 0.6113892 0.5189332 0.5248686 0.5628420 0.5628420 0.5075384 0.5213765 0.5235469 0.4863864 0.4792976 0.5199403 0.5104952 0.5178589 0.5461939 0.5407638 0.5544975 0.5234021 0.5282079 0.5238276 0.6236617 0.6230260 0.5625698 0.5687585 0.5951756 0.5933444 0.5857777 0.5430877 0.6324477 0.4219191 0.3639898 0.4426371 0.1503808 0.0000000 0.2648517 0.2606929 0.2026262 0.3000876 0.2985300 1.0562609 1.0204649 1.0756589 1.0055397 1.0718840 1.0470227 1.0288858 0.9978290 1.0402811 0.6436750 0.8111876 0.8783636 0.8577256 0.8404202 0.8256778 0.9611808 0.8080966 0.8230128 0.8180535 1.1784145 
S0015_G4942_R1_A 0.5121848 0.5421314 0.5421314 0.5420113 0.5602752 0.5519998 0.5753305 0.5830095 0.4688671 0.4817476 0.5113747 0.5113747 0.4808184 0.4721909 0.4567878 0.4292351 0.4227490 0.4634595 0.4606064 0.4470255 0.5032920 0.4662094 0.4764317 0.4800178 0.4846806 0.4779756 0.6268646 0.6197815 0.5142993 0.5163810 0.5492100 0.5456980 0.5368977 0.4942762 0.5853824 0.4043920 0.3573676 0.4487306 0.1851155 0.2648517 0.0000000 0.1746756 0.2555549 0.3367148 0.3394767 0.9855652 0.8867382 0.9112897 0.8792135 0.9051699 0.8847647 0.8659231 0.8494164 0.8794102 0.6045330 0.7649113 0.9078123 0.8435564 0.8068089 0.8013123 0.9276438 0.8212352 0.7726594 0.8164782 1.1128674 
S0034_G4942_R1_A 0.5040936 0.5592045 0.5592045 0.5431602 0.5640173 0.5572618 0.5905316 0.5926346 0.4781055 0.4954938 0.5131103 0.5131103 0.4545640 0.4597141 0.4618218 0.4384417 0.4316332 0.4585889 0.4671182 0.4580784 0.5064545 0.4651427 0.4748493 0.4901277 0.4913199 0.4840943 0.5724243 0.5725363 0.5269980 0.5286095 0.5665560 0.5517520 0.5465032 0.5203598 0.5712679 0.4041722 0.3412362 0.4203029 0.1826651 0.2606929 0.1746756 0.0000000 0.2543736 0.3201661 0.3212783 0.9530123 0.9838053 1.0648386 0.9824795 1.0183032 1.0093525 0.9739531 0.9503704 0.9818906 0.6323919 0.7809201 0.7796739 0.7527408 0.7219847 0.7096278 0.8536549 0.7172855 0.8109252 0.8306468 1.1656707 
S0027_G4942_R1_A 0.5240785 0.5601021 0.5601021 0.5627732 0.5651960 0.5482107 0.5562606 0.5525354 0.4921390 0.4920800 0.5190670 0.5190670 0.4871284 0.4878265 0.4695188 0.4536342 0.4503419 0.4849010 0.4870099 0.4716855 0.5072449 0.4928519 0.5032023 0.5003490 0.4829816 0.4820715 0.5522033 0.5419333 0.5067917 0.5099156 0.5737466 0.5604462 0.5526332 0.5159364 0.5373903 0.4309251 0.3578712 0.4332752 0.1782954 0.2026262 0.2555549 0.2543736 0.0000000 0.2626972 0.2662547 1.0902834 0.9287390 0.9751980 0.9157460 0.9575880 0.9360516 0.9398903 0.8897502 0.9159726 0.5761816 0.7688911 0.7284579 0.6978704 0.6911949 0.6713882 0.8573614 0.6359092 0.7657666 0.8075947 1.2513408 
S0009_G4942_R1_A 0.5917186 0.5883631 0.5883631 0.6102269 0.5928206 0.5971194 0.6240213 0.6255690 0.5493531 0.5438023 0.5657559 0.5657559 0.5290863 0.5411497 0.4928116 0.4917911 0.4707672 0.5381333 0.5098471 0.4950108 0.5644334 0.5286783 0.5409893 0.5544755 0.4982547 0.4987784 0.5173704 0.5315582 0.5640661 0.5710722 0.6058416 0.6132666 0.6030151 0.5464960 0.6201240 0.4727100 0.4180667 0.4715618 0.2668917 0.3000876 0.3367148 0.3201661 0.2626972 0.0000000 0.0009185 0.9508237 0.9675179 0.9588696 0.9460437 0.9690282 0.9724935 0.9582002 0.9443142 0.9316386 0.6239680 0.7497890 0.7801475 0.7809123 0.7393950 0.7294031 0.8669951 0.7469259 0.7909945 0.8388435 1.2128770 
S0010_G4942_R1_A 0.5989148 0.5947942 0.5947942 0.6198150 0.5988135 0.6031148 0.6301449 0.6316882 0.5530064 0.5474307 0.5742310 0.5742310 0.5298255 0.5419312 0.4917175 0.4906910 0.4696697 0.5449460 0.5147658 0.5004814 0.5671104 0.5336516 0.5459293 0.5530124 0.4998873 0.4971959 0.5147302 0.5337738 0.5719797 0.5790068 0.6112753 0.6187254 0.6084727 0.5541825 0.6282870 0.4785448 0.4235939 0.4714787 0.2671061 0.2985300 0.3394767 0.3212783 0.2662547 0.0009185 0.0000000 0.9521701 0.9718251 0.9631412 0.9502396 0.9733576 0.9768565 0.9625052 0.9486407 0.9358407 0.6242542 0.7478887 0.7810902 0.7818851 0.7402858 0.7302711 0.8679306 0.7469259 0.8001748 0.8481023 1.2128770 
S0003_G4942_R1_N 0.8259921 0.8976998 0.8976998 0.8802297 0.9136401 0.9421023 0.8518110 0.8637067 0.8455757 0.8414174 0.8211454 0.8211454 1.0513638 1.0847929 0.8695775 0.8453125 0.8487476 0.9517950 0.8796665 0.8942737 0.8526950 0.8967680 0.9014212 0.8069260 0.8616557 0.8402161 0.9342893 0.9686702 0.8721793 0.8777403 0.8690085 0.8904383 0.8879155 0.9973078 1.0211544 1.0337532 1.1120842 1.0463448 1.1337867 1.0562609 0.9855652 0.9530123 1.0902834 0.9508237 0.9521701 0.0000000 0.8593297 0.9021421 0.8652753 0.8646019 0.8689691 0.8415905 0.8330157 0.8305742 0.9623743 1.0151862 0.9386490 0.9277238 0.9150190 0.9442585 0.9831669 0.7937915 1.0842223 1.2221187 2.0575193 
S0038_G4942_R1_A 0.6875035 0.7731941 0.7731941 0.7454502 0.7553138 0.7750790 0.6475618 0.7368144 0.6152367 0.6358821 0.6622581 0.6622581 0.8130840 0.7950102 0.6809772 0.7078357 0.6995985 0.7618282 0.7299452 0.7154327 0.6932338 0.7507792 0.7520658 0.6880077 0.7346357 0.7100901 0.9927684 0.9737632 0.8160186 0.8332263 0.7069756 0.7381273 0.7281234 0.9259435 0.9381706 0.9872742 1.0389988 0.9579815 0.9789307 1.0204649 0.8867382 0.9838053 0.9287390 0.9675179 0.9718251 0.8593297 0.0000000 0.0320405 0.0304417 0.0270717 0.0287372 0.0270854 0.0227543 0.0445375 0.8775775 0.8239597 0.7983929 0.6882380 0.6785351 0.7248717 0.7640454 0.6267897 0.9694529 0.9873306 1.4056783 
S0042_G4942_R1_N 0.7055876 0.7880436 0.7880436 0.7612716 0.7643715 0.7844581 0.6812542 0.7632098 0.6297482 0.6473154 0.6509855 0.6509855 0.8161783 0.8075724 0.7233048 0.7302682 0.7168655 0.7533394 0.7562745 0.7440702 0.7049778 0.7494403 0.7430852 0.7174834 0.7528484 0.7228980 1.0334260 0.9861009 0.8001127 0.8232450 0.7213169 0.7620352 0.7517201 0.9209725 0.9820312 1.0273879 1.0599454 1.0253583 1.0237920 1.0756589 0.9112897 1.0648386 0.9751980 0.9588696 0.9631412 0.9021421 0.0320405 0.0000000 0.0423120 0.0388160 0.0405382 0.0406073 0.0363692 0.0535087 0.8913309 0.8089451 0.7940404 0.6898797 0.6800902 0.7515883 0.7609811 0.6290569 0.9667803 0.9790354 1.4201248 
S0041_G4942_R1_N 0.7017959 0.7740839 0.7740839 0.7485034 0.7614121 0.7682321 0.6609490 0.7489639 0.6166993 0.6337462 0.6424138 0.6424138 0.8146974 0.8124854 0.6707245 0.7069294 0.6939129 0.7621869 0.7312013 0.7219671 0.6873534 0.7520759 0.7533779 0.6791534 0.7340631 0.7092138 1.0293862 1.0090269 0.7973711 0.8142592 0.7047594 0.7448976 0.7347575 0.9300352 0.9418096 0.9864613 1.0108079 0.9563475 0.9780679 1.0055397 0.8792135 0.9824795 0.9157460 0.9460437 0.9502396 0.8652753 0.0304417 0.0423120 0.0000000 0.0157904 0.0157836 0.0323117 0.0262478 0.0482274 0.8827552 0.8055252 0.7720016 0.6644365 0.6545936 0.7014189 0.7523289 0.5888157 0.9838153 1.0025914 1.3938618 
S0047_G4942_R1_N 0.7184266 0.8038212 0.8038212 0.7774073 0.7851104 0.8057755 0.6741900 0.7698513 0.6351938 0.6613786 0.6620730 0.6620730 0.8170923 0.8148912 0.6998110 0.7324992 0.7108434 0.7935082 0.7457721 0.7485805 0.7067533 0.7693603 0.7707063 0.7023873 0.7503369 0.7299125 1.0294046 1.0089232 0.8075538 0.8245603 0.7227381 0.7634005 0.7530977 0.9217186 0.9464270 1.0190299 1.0440889 0.9828326 1.0077412 1.0718840 0.9051699 1.0183032 0.9575880 0.9690282 0.9733576 0.8646019 0.0270717 0.0388160 0.0157904 0.0000000 0.0109458 0.0321853 0.0261436 0.0411653 0.8765513 0.7986733 0.7799375 0.6713706 0.6615485 0.7083275 0.7644798 0.6020182 0.9557246 0.9932666 1.4410894 
S0043_G4942_R1_N 0.7052549 0.7703000 0.7703000 0.7518626 0.7577984 0.7645205 0.6500509 0.7335019 0.6122399 0.6339176 0.6443201 0.6443201 0.7951334 0.7928935 0.6634445 0.6990713 0.6863221 0.7701555 0.7309308 0.7170413 0.6827977 0.7512137 0.7525023 0.6794123 0.7194320 0.6997907 1.0249521 1.0121243 0.7902564 0.8067908 0.7091011 0.7490486 0.7389512 0.9117205 0.9277764 1.0160521 1.0267112 0.9630464 0.9833985 1.0470227 0.8847647 1.0093525 0.9360516 0.9724935 0.9768565 0.8689691 0.0287372 0.0405382 0.0157836 0.0109458 0.0000000 0.0338817 0.0244672 0.0463933 0.8831824 0.8120647 0.7903237 0.6867237 0.6769544 0.7173111 0.7796517 0.6118415 0.9486577 0.9827095 1.4303774 
S0044_G4942_R1_N 0.6909747 0.7838117 0.7838117 0.7598518 0.7654163 0.7857457 0.6590662 0.7397789 0.6269584 0.6440151 0.6571659 0.6571659 0.8273861 0.8088644 0.6906229 0.7180935 0.7095960 0.7743496 0.7472954 0.7279139 0.6998025 0.7669087 0.7682547 0.6930814 0.7321995 0.7075726 0.9928298 0.9795813 0.8093778 0.8265212 0.7012481 0.7414751 0.7313172 0.9030458 0.9372029 0.9850588 1.0229058 0.9505219 0.9764127 1.0288858 0.8659231 0.9739531 0.9398903 0.9582002 0.9625052 0.8415905 0.0270854 0.0406073 0.0323117 0.0321853 0.0338817 0.0000000 0.0296645 0.0378662 0.8764088 0.7932017 0.7808562 0.6715365 0.6616531 0.7087203 0.7513698 0.6003130 0.9749809 0.9887697 1.3682984 
S0040_G4942_R1_N 0.6664121 0.7514994 0.7514994 0.7303485 0.7282062 0.7474643 0.6158846 0.7101238 0.5900838 0.6124909 0.6227877 0.6227877 0.7634648 0.7611743 0.6440084 0.6783843 0.6661227 0.7248239 0.7064610 0.6707219 0.6714011 0.7248421 0.7260866 0.6520822 0.7083067 0.6843640 0.9948349 0.9828566 0.7537855 0.7697412 0.6756751 0.7154422 0.7054411 0.8732211 0.9230403 0.9873501 1.0019311 0.9282745 0.9383694 0.9978290 0.8494164 0.9503704 0.8897502 0.9443142 0.9486407 0.8330157 0.0227543 0.0363692 0.0262478 0.0261436 0.0244672 0.0296645 0.0000000 0.0450459 0.8444798 0.7920413 0.7633023 0.6601287 0.6439164 0.6912881 0.7163023 0.5977316 0.9376933 0.9468941 1.3052098 
S0045_G4942_R1_A 0.6801067 0.7828688 0.7828688 0.7572969 0.7446985 0.7644148 0.6426325 0.7383610 0.6268204 0.6485352 0.6527026 0.6527026 0.8048481 0.7936687 0.6797622 0.7200940 0.6944622 0.7932238 0.7284148 0.7091407 0.7024586 0.7499363 0.7512490 0.6867210 0.7243258 0.6999064 1.0136101 0.9997553 0.7892564 0.8061335 0.6979918 0.7296598 0.7195021 0.8988563 0.9217406 1.0250120 1.0333638 0.9633592 0.9777997 1.0402811 0.8794102 0.9818906 0.9159726 0.9316386 0.9358407 0.8305742 0.0445375 0.0535087 0.0482274 0.0411653 0.0463933 0.0378662 0.0450459 0.0000000 0.8516472 0.7725762 0.7521262 0.6424122 0.6387954 0.6794843 0.6957721 0.5845110 0.9664659 0.9586604 1.3079921 
S0006_G4942_R1_A 0.6037435 0.6217983 0.6217983 0.6307932 0.6299059 0.6244784 0.6419091 0.6445724 0.5675097 0.5570506 0.5816461 0.5816461 0.6135569 0.6155504 0.5690951 0.5604133 0.5469268 0.5446785 0.5790306 0.5239455 0.5734829 0.5820672 0.5740307 0.5374406 0.5464046 0.5372393 0.6328092 0.6536799 0.5825191 0.5791323 0.6295745 0.6416497 0.6311557 0.5896797 0.6853436 0.5333382 0.5253612 0.5397175 0.5563486 0.6436750 0.6045330 0.6323919 0.5761816 0.6239680 0.6242542 0.9623743 0.8775775 0.8913309 0.8827552 0.8765513 0.8831824 0.8764088 0.8444798 0.8516472 0.0000000 0.8399644 0.7138350 0.7113145 0.6974683 0.6575801 0.8112885 0.6361492 0.8774396 0.9135405 1.1818661 
S0049_G4942_R1_A 0.8744421 0.8881631 0.8881631 0.8678173 0.9330198 0.9152006 0.8992915 0.9247830 0.8034631 0.7998336 0.8358429 0.8358429 0.7260347 0.7587925 0.7583957 0.7142331 0.7448140 0.8433714 0.8529701 0.8468346 0.8321913 0.8553476 0.8634053 0.7855703 0.8045258 0.8107396 0.9192259 0.9167855 0.8959759 0.9021194 0.9245238 0.9394609 0.9354465 0.8571177 0.9773312 0.7753291 0.7403840 0.7947695 0.7264431 0.8111876 0.7649113 0.7809201 0.7688911 0.7497890 0.7478887 1.0151862 0.8239597 0.8089451 0.8055252 0.7986733 0.8120647 0.7932017 0.7920413 0.7725762 0.8399644 0.0000000 0.5945304 0.5736823 0.5494696 0.5384636 0.5513132 0.5550061 0.9257521 1.0180260 1.2693588 
S0001_G4942_R1_A 0.8651335 0.7958875 0.7958875 0.8915784 0.7987209 0.8137719 0.7918590 0.7901287 0.7591226 0.7209574 0.8088189 0.8088189 0.8121857 0.8313716 0.7357690 0.7152494 0.7417695 0.8456632 0.7225271 0.7517214 0.7942022 0.7438222 0.7442215 0.8138275 0.7525678 0.7250411 0.7565902 0.7659268 0.7782387 0.7734773 0.8062339 0.8847805 0.8745426 0.8363840 0.9096501 0.9121855 0.8548736 0.8258131 0.8227047 0.8783636 0.9078123 0.7796739 0.7284579 0.7801475 0.7810902 0.9386490 0.7983929 0.7940404 0.7720016 0.7799375 0.7903237 0.7808562 0.7633023 0.7521262 0.7138350 0.5945304 0.0000000 0.1400993 0.0983514 0.0962880 0.0896119 0.1362775 0.8439461 0.7870839 1.2594174 
S0029_G4942_R1_A 0.8166520 0.7552016 0.7552016 0.8441714 0.7578718 0.7603743 0.7557702 0.7292134 0.6899372 0.6852436 0.7390282 0.7390282 0.7735221 0.7773456 0.7180499 0.6786419 0.7095985 0.7971509 0.6993532 0.7007301 0.7316357 0.7041474 0.7046632 0.7762047 0.7270203 0.7008231 0.8456034 0.8570827 0.7201549 0.7281701 0.7619561 0.8242065 0.8093323 0.8076188 0.8398194 0.8576235 0.7660759 0.7225495 0.7720198 0.8577256 0.8435564 0.7527408 0.6978704 0.7809123 0.7818851 0.9277238 0.6882380 0.6898797 0.6644365 0.6713706 0.6867237 0.6715365 0.6601287 0.6424122 0.7113145 0.5736823 0.1400993 0.0000000 0.0630714 0.0615337 0.0608961 0.0483945 0.7801045 0.7899140 1.2788773 
S0032_G4942_R2_N 0.7881372 0.7441495 0.7441495 0.8089301 0.7495924 0.7511336 0.7323309 0.7073277 0.6753697 0.6422265 0.7111096 0.7111096 0.7267826 0.7301607 0.6839569 0.6432798 0.6755068 0.7299354 0.6546749 0.6643011 0.7065752 0.6635268 0.6628942 0.7392311 0.7067963 0.6804078 0.7519237 0.7685309 0.6882234 0.6903539 0.7202530 0.7906628 0.7761203 0.7658872 0.8394089 0.8322478 0.7667632 0.7139987 0.7554657 0.8404202 0.8068089 0.7219847 0.6911949 0.7393950 0.7402858 0.9150190 0.6785351 0.6800902 0.6545936 0.6615485 0.6769544 0.6616531 0.6439164 0.6387954 0.6974683 0.5494696 0.0983514 0.0630714 0.0000000 0.0256510 0.0217139 0.0733987 0.7734767 0.7525662 1.2099652 
