70
S0013_G4951_R1_A 0.0000000 0.0126345 0.0152590 0.0177948 0.0152131 0.0152096 0.0152212 0.0152672 0.0178857 0.0126412 0.0178591 0.0205573 0.0231894 0.0178752 0.0204943 0.0206437 0.0232784 0.0204990 0.0283287 0.0258580 0.0232763 0.0232046 0.0232763 0.0311160 0.0590089 0.0650285 0.0258544 0.0285385 0.0286402 0.0892881 0.0892881 0.0857381 0.1204553 0.1132508 0.1098371 0.1003281 0.1034006 0.1034006 0.1230924 0.1122727 0.1029405 0.1301483 0.1231077 0.1446997 0.1483350 0.1278282 0.1230924 0.1951746 0.1913144 0.5638911 0.5807409 0.5802257 0.6042048 0.6325087 0.6349274 0.4882185 0.2295339 0.2748460 0.3865005 0.2236286 0.2236286 0.2236286 0.2238098 0.2236286 0.2267570 0.2262838 0.2326960 0.3828481 0.8267701 0.8230656 
S0018_G4951_R1_A 0.0126345 0.0000000 0.0126797 0.0152096 0.0126418 0.0126389 0.0126484 0.0126865 0.0152868 0.0100843 0.0101202 0.0179361 0.0101639 0.0204834 0.0178816 0.0286209 0.0312951 0.0231229 0.0256806 0.0127496 0.0259323 0.0258520 0.0259323 0.0337987 0.0561671 0.0679190 0.0232025 0.0258699 0.0313279 0.0892881 0.0892881 0.0795619 0.1071410 0.1001480 0.1032940 0.0938687 0.1034006 0.1034006 0.1230924 0.1122727 0.1029405 0.1233743 0.1164219 0.1377375 0.1413289 0.1278282 0.1230924 0.1990552 0.1951746 0.5558712 0.5736597 0.5731355 0.5959067 0.6249524 0.6272851 0.4810866 0.2459103 0.2796719 0.3935938 0.2278537 0.2278537 0.2278537 0.2280377 0.2278537 0.2309824 0.2305617 0.2369757 0.3892223 0.8480935 0.8443533 
S0023_G4951_R1_A 0.0152590 0.0126797 0.0000000 0.0126864 0.0101225 0.0101202 0.0101278 0.0101583 0.0179507 0.0126864 0.0127319 0.0206326 0.0232748 0.0179402 0.0205692 0.0260457 0.0287173 0.0205740 0.0284337 0.0259539 0.0233624 0.0232902 0.0233624 0.0312324 0.0479376 0.0652904 0.0206447 0.0233063 0.0287475 0.0865400 0.0865400 0.0830048 0.1244183 0.1171183 0.1136634 0.1040635 0.1137849 0.1137849 0.1203048 0.1160966 0.1066794 0.1342031 0.1270779 0.1489344 0.1526129 0.1250129 0.1203048 0.2120141 0.2080459 0.5672104 0.5433031 0.5427420 0.5604549 0.5926776 0.5946692 0.4504838 0.2476290 0.2764839 0.3893956 0.2334347 0.2334347 0.2334347 0.2336233 0.2334347 0.2365781 0.2362249 0.2339791 0.3612013 0.8734927 0.8697279 
S0002_G4951_R1_A 0.0177948 0.0152096 0.0126864 0.0000000 0.0126484 0.0126455 0.0126550 0.0126932 0.0205066 0.0152177 0.0152724 0.0232018 0.0258490 0.0204945 0.0178679 0.0286370 0.0313128 0.0231355 0.0310032 0.0258675 0.0259467 0.0258663 0.0259467 0.0338178 0.0449336 0.0679614 0.0205654 0.0258843 0.0313456 0.0893488 0.0893488 0.0857957 0.1273142 0.1199958 0.1165347 0.1135426 0.1098458 0.1098458 0.1231814 0.1121642 0.1030127 0.1370958 0.1299600 0.1448072 0.1484455 0.1211143 0.1231814 0.2150499 0.2110807 0.5401155 0.5459625 0.5454044 0.5717295 0.5955009 0.5975203 0.4530792 0.2571825 0.2699114 0.3792128 0.2191304 0.2191304 0.2191304 0.2193082 0.2191304 0.2222556 0.2217268 0.2281316 0.3892223 0.8694242 0.8656551 
S0020_G4951_R1_A 0.0152131 0.0126418 0.0101225 0.0126484 0.0000000 0.0100901 0.0100976 0.0101280 0.0178961 0.0126484 0.0126936 0.0205694 0.0232032 0.0178857 0.0152951 0.0259647 0.0286276 0.0178961 0.0283458 0.0258735 0.0206428 0.0205795 0.0206428 0.0311350 0.0477826 0.0650722 0.0205814 0.0232344 0.0259774 0.0862289 0.0862289 0.0827095 0.1239392 0.1166734 0.1099211 0.1102472 0.1133545 0.1133545 0.1198464 0.1090974 0.1062815 0.1336819 0.1265896 0.1448154 0.1484540 0.1245290 0.1198464 0.2110937 0.2071455 0.5483588 0.5669957 0.5664637 0.5880838 0.6177973 0.6200484 0.4744525 0.2572817 0.2702238 0.3796963 0.2323586 0.2323586 0.2323586 0.2325458 0.2323586 0.2354898 0.2351247 0.2415449 0.3896626 0.8480157 0.8442782 
S0028_G4951_R1_A 0.0152096 0.0126389 0.0101202 0.0126455 0.0100901 0.0000000 0.0100953 0.0101257 0.0178920 0.0126455 0.0126908 0.0205647 0.0231978 0.0178816 0.0205017 0.0206239 0.0232559 0.0205064 0.0230598 0.0258675 0.0232848 0.0232131 0.0232848 0.0311278 0.0533727 0.0650565 0.0205766 0.0232290 0.0286509 0.0862069 0.0862069 0.0826885 0.1205425 0.1133318 0.1099151 0.1069347 0.1100309 0.1100309 0.1198148 0.1156297 0.0997679 0.1302433 0.1231967 0.1448072 0.1484455 0.1177256 0.1198148 0.2070862 0.2031602 0.5560413 0.5597019 0.5591606 0.5795764 0.6100700 0.6122392 0.4670283 0.2571825 0.2750017 0.3792128 0.2322883 0.2322883 0.2322883 0.2324754 0.2322883 0.2354188 0.2350529 0.2414715 0.3759749 0.8475866 0.8438511 
S0019_G4951_R1_A 0.0152212 0.0126484 0.0101278 0.0126550 0.0100976 0.0100953 0.0000000 0.0101333 0.0179057 0.0126550 0.0127003 0.0205806 0.0232159 0.0178953 0.0152834 0.0259792 0.0286437 0.0205222 0.0283615 0.0258878 0.0233031 0.0232312 0.0233031 0.0311525 0.0477430 0.0592690 0.0205926 0.0232472 0.0286737 0.0831039 0.0831039 0.0796189 0.1170873 0.1099370 0.1099211 0.1069406 0.1100370 0.1100370 0.1164975 0.1123583 0.1030183 0.1302506 0.1232035 0.1448154 0.1484540 0.1176403 0.1164975 0.2070862 0.2031602 0.5479469 0.5460068 0.5595127 0.5799664 0.5955505 0.5975705 0.4531190 0.2400734 0.2651473 0.3722517 0.2280526 0.2280526 0.2280526 0.2282369 0.2280526 0.2311829 0.2307645 0.2371817 0.3764106 0.8587020 0.8549482 
S0030_G4951_R1_A 0.0152672 0.0126865 0.0101583 0.0126932 0.0101280 0.0101257 0.0101333 0.0000000 0.0179603 0.0126932 0.0127388 0.0206437 0.0232873 0.0179498 0.0205802 0.0260596 0.0287326 0.0205850 0.0284486 0.0259677 0.0233750 0.0233027 0.0233750 0.0312488 0.0535875 0.0595467 0.0206558 0.0233188 0.0287627 0.0865831 0.0865831 0.0830463 0.1244766 0.1171738 0.1137176 0.1107182 0.1138392 0.1138392 0.1203613 0.1161513 0.1034524 0.1342645 0.1271368 0.1490008 0.1526806 0.1171068 0.1203613 0.2121002 0.2081311 0.5674678 0.5699030 0.5693746 0.5797705 0.6208811 0.6231647 0.4634623 0.2421875 0.2699806 0.3793421 0.2335302 0.2335302 0.2335302 0.2337189 0.2335302 0.2366740 0.2250039 0.2427684 0.3701421 0.8520871 0.8483527 
S0012_G4951_R1_A 0.0178857 0.0152868 0.0179507 0.0205066 0.0178961 0.0178920 0.0179057 0.0179603 0.0000000 0.0152950 0.0205815 0.0233228 0.0259846 0.0258944 0.0232504 0.0287496 0.0369331 0.0285824 0.0257942 0.0286865 0.0314767 0.0313777 0.0314767 0.0394469 0.0622431 0.0742337 0.0286825 0.0313999 0.0369722 0.0929968 0.0929968 0.0926143 0.1281588 0.1207817 0.1172939 0.1142819 0.1174209 0.1174209 0.1308034 0.1197200 0.1034965 0.1344368 0.1308199 0.1491980 0.1528839 0.1357092 0.1308034 0.1979559 0.1940987 0.5609511 0.5642642 0.5637288 0.5848950 0.6149078 0.6171290 0.4717541 0.2446935 0.2733579 0.3838039 0.2181086 0.2181086 0.2181086 0.2182850 0.2181086 0.2212218 0.2206823 0.2270623 0.4061026 0.8440178 0.8189134 
S0011_G4951_R1_A 0.0126412 0.0100843 0.0126864 0.0152177 0.0126484 0.0126455 0.0126550 0.0126932 0.0152950 0.0000000 0.0152724 0.0179457 0.0205652 0.0204945 0.0178912 0.0286370 0.0313128 0.0231355 0.0256948 0.0232184 0.0259467 0.0258663 0.0259467 0.0338178 0.0562011 0.0679614 0.0232152 0.0258843 0.0313456 0.0893488 0.0893488 0.0826333 0.1205425 0.1133318 0.1099151 0.1002315 0.1100309 0.1100309 0.1231814 0.1123522 0.1030127 0.1302433 0.1231967 0.1448072 0.1484455 0.1244048 0.1231814 0.1992104 0.1953268 0.5719681 0.5595127 0.5589705 0.5876981 0.6250302 0.6199956 0.4740238 0.2400534 0.2696685 0.3863683 0.2238098 0.2238098 0.2238098 0.2239911 0.2238098 0.2269395 0.2264684 0.2328836 0.3827300 0.8586076 0.8548543 
S0022_G4951_R1_A 0.0178591 0.0101202 0.0127319 0.0152724 0.0126936 0.0126908 0.0127003 0.0127388 0.0205815 0.0152724 0.0000000 0.0232873 0.0206407 0.0205694 0.0232152 0.0287443 0.0314306 0.0232206 0.0311187 0.0180006 0.0260433 0.0259623 0.0260433 0.0339450 0.0564230 0.0682367 0.0233009 0.0259804 0.0314637 0.0897386 0.0897386 0.0799551 0.1211013 0.1138500 0.1104149 0.1074205 0.1071339 0.1071339 0.1237511 0.1194919 0.1100304 0.1308521 0.1168405 0.1454985 0.1491575 0.1285230 0.1237511 0.1981096 0.1942494 0.5673683 0.5766711 0.5761521 0.5993615 0.6280074 0.6303667 0.4842933 0.2531380 0.2631731 0.3688248 0.2243548 0.2243548 0.2243548 0.2245370 0.2243548 0.2274927 0.2270272 0.2334592 0.3804013 0.8405212 0.8368027 
S0026_G4951_R1_A 0.0205573 0.0179361 0.0206326 0.0232018 0.0205694 0.0205647 0.0205806 0.0206437 0.0233228 0.0179457 0.0232873 0.0000000 0.0287487 0.0232777 0.0259828 0.0370639 0.0398040 0.0313614 0.0339592 0.0314766 0.0342997 0.0341909 0.0342997 0.0423229 0.0594732 0.0774516 0.0260445 0.0287496 0.0398464 0.0916813 0.0916813 0.0897703 0.1172499 0.1100866 0.1099635 0.1069812 0.1100794 0.1100794 0.1278617 0.1168124 0.1073317 0.1371633 0.1300222 0.1448807 0.1485218 0.1348624 0.1278617 0.2092825 0.2053098 0.5870628 0.5867889 0.5862836 0.5844522 0.6176265 0.6198751 0.4945765 0.2609507 0.2679707 0.3758617 0.2168142 0.2168142 0.2168142 0.2169891 0.2168142 0.2199132 0.2193600 0.2257097 0.3867347 0.8584666 0.8547138 
S0031_G4951_R1_A 0.0231894 0.0101639 0.0232748 0.0258490 0.0232032 0.0231978 0.0232159 0.0232873 0.0259846 0.0205652 0.0206407 0.0287487 0.0000000 0.0313366 0.0286580 0.0398169 0.0425696 0.0286647 0.0312561 0.0234070 0.0315680 0.0314684 0.0315680 0.0450847 0.0682292 0.0804126 0.0314654 0.0342074 0.0370796 0.0989142 0.0989142 0.0889688 0.1105923 0.1035365 0.1067003 0.1037246 0.1134084 0.1134084 0.1334342 0.1223493 0.1128930 0.1337430 0.1266481 0.1484094 0.1520717 0.1314356 0.1334342 0.2070688 0.2031435 0.5838735 0.5672173 0.5666855 0.6128320 0.6180503 0.6203049 0.4815640 0.2459841 0.2749778 0.3795584 0.2279624 0.2279624 0.2194802 0.2281465 0.2279624 0.2310916 0.2306722 0.2284939 0.4025918 0.8518921 0.8481231 
S0017_G4951_R1_A 0.0178752 0.0204834 0.0179402 0.0204945 0.0178857 0.0178816 0.0178953 0.0179498 0.0258944 0.0204945 0.0205694 0.0232777 0.0313366 0.0000000 0.0285584 0.0312203 0.0338998 0.0232419 0.0365400 0.0340713 0.0314574 0.0313585 0.0314574 0.0394222 0.0564789 0.0683060 0.0232913 0.0259695 0.0369491 0.0929968 0.0929968 0.0893850 0.1314796 0.1240555 0.1205487 0.1130775 0.1161815 0.1161815 0.1202981 0.1229610 0.1134513 0.1413639 0.1305862 0.1563175 0.1600482 0.1250059 0.1202981 0.2084186 0.2044648 0.5644042 0.5504126 0.5498601 0.5683909 0.6002039 0.6022709 0.4577123 0.2631727 0.2816433 0.3893956 0.2176632 0.2176632 0.2176632 0.2178390 0.2176632 0.2207717 0.2202279 0.2265995 0.3851198 0.8808915 0.8771072 
S0004_G4951_R1_A 0.0204943 0.0178816 0.0205692 0.0178679 0.0152951 0.0205017 0.0152834 0.0205802 0.0232504 0.0178912 0.0232152 0.0259828 0.0286580 0.0285584 0.0000000 0.0369438 0.0341925 0.0285749 0.0338511 0.0313765 0.0314681 0.0313692 0.0314681 0.0421847 0.0507697 0.0742191 0.0286589 0.0341055 0.0369615 0.0961543 0.0961543 0.0925093 0.1279960 0.1206313 0.1039047 0.1074950 0.1038382 0.1038382 0.1238349 0.0997152 0.1101060 0.1275344 0.1204887 0.1385851 0.1422017 0.1356631 0.1238349 0.2165260 0.2125279 0.5512288 0.5503141 0.5497609 0.5799648 0.6001631 0.6022324 0.4575107 0.2444781 0.2638918 0.3723783 0.2224143 0.2224143 0.2224143 0.2225938 0.2224143 0.2255281 0.2250426 0.2314261 0.3832528 0.8413446 0.8376300 
S0050_G4951_R1_A 0.0206437 0.0286209 0.0260457 0.0286370 0.0259647 0.0206239 0.0259792 0.0260596 0.0287496 0.0286370 0.0287443 0.0370639 0.0398169 0.0312203 0.0369438 0.0000000 0.0075384 0.0369525 0.0450998 0.0426287 0.0344489 0.0343392 0.0344489 0.0425082 0.0680276 0.0735804 0.0286812 0.0313984 0.0400215 0.0985409 0.0985409 0.0854608 0.1335980 0.1262076 0.1160576 0.1022400 0.1052810 0.1052810 0.1294052 0.1251009 0.1123512 0.1434166 0.1326966 0.1582893 0.1619985 0.1378136 0.1294052 0.2120009 0.2080331 0.5574130 0.5635185 0.5629813 0.5758234 0.6142046 0.6164221 0.4708551 0.2389723 0.2685017 0.3693023 0.2182195 0.2182195 0.2182195 0.2183961 0.2182195 0.2213333 0.2185013 0.2339078 0.3969542 0.8775680 0.8738114 
S0048_G4951_R1_A 0.0232784 0.0312951 0.0287173 0.0313128 0.0286276 0.0232559 0.0286437 0.0287326 0.0369331 0.0313128 0.0314306 0.0398040 0.0425696 0.0338998 0.0341925 0.0075384 0.0000000 0.0396836 0.0478618 0.0453979 0.0371862 0.0370673 0.0371862 0.0452692 0.0709065 0.0764743 0.0313614 0.0340940 0.0427895 0.1016717 0.1016717 0.0823286 0.1369459 0.1295067 0.1126854 0.0989721 0.1020008 0.1020008 0.1259528 0.1216994 0.1155707 0.1398727 0.1292268 0.1475969 0.1512368 0.1411985 0.1259528 0.2202859 0.2162700 0.5496555 0.5567579 0.5562125 0.5679939 0.6070042 0.6091444 0.4640385 0.2444578 0.2685700 0.3694272 0.2224493 0.2224493 0.2224493 0.2226289 0.2224493 0.2255634 0.2227355 0.2382685 0.3901793 0.8667200 0.8629784 
S0036_G4951_R2_A 0.0204990 0.0231229 0.0205740 0.0231355 0.0178961 0.0205064 0.0205222 0.0205850 0.0285824 0.0231355 0.0232206 0.0313614 0.0286647 0.0232419 0.0285749 0.0369525 0.0396836 0.0000000 0.0392838 0.0368190 0.0179385 0.0178840 0.0179385 0.0421947 0.0622358 0.0653356 0.0313794 0.0341136 0.0232181 0.0962457 0.0962457 0.0925964 0.1281243 0.1207509 0.1095321 0.1209810 0.1241395 0.1241395 0.1237450 0.1163480 0.1168512 0.1413230 0.1305581 0.1440243 0.1476395 0.1356708 0.1237450 0.2206097 0.2165886 0.5678174 0.5772367 0.5767181 0.5998389 0.6286480 0.6310163 0.4918115 0.2474836 0.2783394 0.3695126 0.2376780 0.2376780 0.2290543 0.2378694 0.2376780 0.2408214 0.2405208 0.2382302 0.4057105 0.8520028 0.8482641 
S0016_G4951_R1_A 0.0283287 0.0256806 0.0284337 0.0310032 0.0283458 0.0230598 0.0283615 0.0284486 0.0257942 0.0256948 0.0311187 0.0339592 0.0312561 0.0365400 0.0338511 0.0450998 0.0478618 0.0392838 0.0000000 0.0394296 0.0423043 0.0421690 0.0423043 0.0392111 0.0677998 0.0798984 0.0394241 0.0421995 0.0479127 0.0990180 0.0990180 0.0986085 0.1310921 0.1236949 0.1202003 0.1137593 0.1168829 0.1168829 0.1265667 0.1190583 0.1098190 0.1409434 0.1337396 0.1558415 0.1595583 0.1282658 0.1265667 0.2075023 0.2035686 0.5805167 0.5669492 0.5527419 0.5962315 0.6032003 0.6052950 0.4817473 0.2751780 0.2952704 0.3940443 0.2373169 0.2373169 0.2373169 0.2375076 0.2373169 0.2404536 0.2401491 0.2465815 0.4099381 0.8477533 0.8440194 
S0037_G4951_R1_A 0.0258580 0.0127496 0.0259539 0.0258675 0.0258735 0.0258675 0.0258878 0.0259677 0.0286865 0.0232184 0.0180006 0.0314766 0.0234070 0.0340713 0.0313765 0.0426287 0.0453979 0.0368190 0.0394296 0.0000000 0.0398287 0.0397011 0.0398287 0.0422933 0.0682909 0.0835055 0.0369507 0.0397299 0.0454464 0.1063914 0.1063914 0.0961885 0.1217680 0.1144699 0.1177079 0.1080029 0.1178358 0.1178358 0.1417893 0.1303903 0.1207513 0.1385082 0.1242311 0.1498544 0.1535590 0.1433461 0.1417893 0.2174779 0.2134595 0.5836876 0.6027201 0.6022356 0.6299104 0.6405249 0.6430288 0.5106834 0.2648188 0.2664195 0.3731075 0.2302489 0.2302489 0.2302489 0.2304361 0.2302489 0.2334039 0.2330095 0.2394783 0.4218050 0.8736522 0.8698867 
S0036_G4951_R1_A 0.0232763 0.0259323 0.0233624 0.0259467 0.0206428 0.0232848 0.0233031 0.0233750 0.0314767 0.0259467 0.0260433 0.0342997 0.0315680 0.0314574 0.0314681 0.0344489 0.0371862 0.0179385 0.0423043 0.0398287 0.0000000 0.0050320 0.0000010 0.0452650 0.0655885 0.0746591 0.0315677 0.0343194 0.0101614 0.0929189 0.0929189 0.0956253 0.1325637 0.1250659 0.1170823 0.1219972 0.1251843 0.1251843 0.1339979 0.1194984 0.1200163 0.1459320 0.1350004 0.1451425 0.1487913 0.1439153 0.1339979 0.2181821 0.2141478 0.5716206 0.5556201 0.5550738 0.5826798 0.6128790 0.6150765 0.4696599 0.2366626 0.2784028 0.3554516 0.2377319 0.2377319 0.2291060 0.2379233 0.2377319 0.2408758 0.2405757 0.2382843 0.4178526 0.8586244 0.8548665 
S0036_G4951_R3_A 0.0232046 0.0258520 0.0232902 0.0258663 0.0205795 0.0232131 0.0232312 0.0233027 0.0313777 0.0258663 0.0259623 0.0341909 0.0314684 0.0313585 0.0313692 0.0343392 0.0370673 0.0178840 0.0421690 0.0397011 0.0050320 0.0000000 0.0050320 0.0451189 0.0653683 0.0744039 0.0314681 0.0342106 0.0050312 0.0925815 0.0925815 0.0952784 0.1356373 0.1281116 0.1166377 0.1215252 0.1246990 0.1246990 0.1334784 0.1190467 0.1195605 0.1490164 0.1380566 0.1482100 0.1518674 0.1433400 0.1334784 0.2214955 0.2174557 0.5800318 0.5600531 0.5595127 0.5878861 0.6176112 0.6198598 0.4743044 0.2424532 0.2770111 0.3531500 0.2366334 0.2366334 0.2280526 0.2368234 0.2366334 0.2397651 0.2394528 0.2371817 0.4153825 0.8697110 0.8659386 
S0036_G4951_R7_A 0.0232763 0.0259323 0.0233624 0.0259467 0.0206428 0.0232848 0.0233031 0.0233750 0.0314767 0.0259467 0.0260433 0.0342997 0.0315680 0.0314574 0.0314681 0.0344489 0.0371862 0.0179385 0.0423043 0.0398287 0.0000010 0.0050320 0.0000000 0.0452650 0.0655885 0.0746591 0.0315677 0.0343194 0.0101614 0.0929189 0.0929189 0.0956253 0.1325637 0.1250659 0.1170823 0.1219972 0.1251843 0.1251843 0.1339979 0.1194984 0.1200163 0.1459320 0.1350004 0.1451425 0.1487913 0.1439153 0.1339979 0.2181821 0.2141478 0.5716206 0.5556201 0.5550738 0.5826798 0.6128790 0.6150765 0.4696599 0.2366626 0.2784028 0.3554516 0.2377319 0.2377319 0.2291060 0.2379233 0.2377319 0.2408758 0.2405757 0.2382843 0.4178526 0.8586244 0.8548665 
S0046_G4951_R1_A 0.0311160 0.0337987 0.0312324 0.0338178 0.0311350 0.0311278 0.0311525 0.0312488 0.0394469 0.0338178 0.0339450 0.0423229 0.0450847 0.0394222 0.0421847 0.0425082 0.0452692 0.0421947 0.0392111 0.0422933 0.0452650 0.0451189 0.0452650 0.0000000 0.0769028 0.0892983 0.0423469 0.0395631 0.0509326 0.1093002 0.1093002 0.0990660 0.1455523 0.1378977 0.1342957 0.1244165 0.1275865 0.1275865 0.1236793 0.1263367 0.1237072 0.1485185 0.1517314 0.1709709 0.1747964 0.1393495 0.1236793 0.2288284 0.2247620 0.5830197 0.6053981 0.6049175 0.6161835 0.6585950 0.6613127 0.5134503 0.2653352 0.2838596 0.3970368 0.2518438 0.2518438 0.2518438 0.2520443 0.2518438 0.2549964 0.2548685 0.2658002 0.4055114 0.8625912 0.8588484 
S0005_G4951_R1_A 0.0590089 0.0561671 0.0479376 0.0449336 0.0477826 0.0533727 0.0477430 0.0535875 0.0622431 0.0562011 0.0564230 0.0594732 0.0682292 0.0564789 0.0507697 0.0680276 0.0709065 0.0622358 0.0677998 0.0682909 0.0655885 0.0653683 0.0655885 0.0769028 0.0000000 0.0593328 0.0562145 0.0619984 0.0715365 0.0855863 0.0855863 0.0915869 0.1367415 0.1293179 0.1126146 0.1195881 0.1224994 0.1224994 0.1327479 0.1115859 0.1155212 0.1432377 0.1327645 0.1405287 0.1369542 0.1067211 0.1327479 0.2074849 0.2035519 0.5649571 0.5547389 0.5684164 0.6069398 0.5836878 0.5855900 0.4548334 0.2655617 0.2666150 0.3808264 0.2550511 0.2550511 0.2550511 0.2459760 0.2550511 0.2581934 0.2507228 0.2556335 0.4081421 0.8277516 0.8240479 
S0035_G4951_R1_A 0.0650285 0.0679190 0.0652904 0.0679614 0.0650722 0.0650565 0.0592690 0.0595467 0.0742337 0.0679614 0.0682367 0.0774516 0.0804126 0.0683060 0.0742191 0.0735804 0.0764743 0.0653356 0.0798984 0.0835055 0.0746591 0.0744039 0.0746591 0.0892983 0.0593328 0.0000000 0.0709442 0.0739345 0.0807360 0.0860198 0.0860198 0.0983733 0.1442082 0.1366376 0.1265087 0.1301637 0.1299327 0.1299327 0.1287131 0.1321508 0.1028354 0.1471486 0.1295368 0.1443266 0.1479510 0.1127368 0.1287131 0.2044440 0.2005117 0.5609511 0.6131362 0.6278657 0.6421007 0.6151811 0.6174030 0.4991001 0.2635568 0.2937797 0.3985838 0.2702462 0.2702462 0.2793668 0.2795819 0.2702462 0.2734074 0.2748840 0.2871838 0.4459374 0.8490913 0.8453887 
S0021_G4951_R2_A 0.0258544 0.0232025 0.0206447 0.0205654 0.0205814 0.0205766 0.0205926 0.0206558 0.0286825 0.0232152 0.0233009 0.0260445 0.0314654 0.0232913 0.0286589 0.0286812 0.0313614 0.0313794 0.0394241 0.0369507 0.0315677 0.0314681 0.0315677 0.0423469 0.0562145 0.0709442 0.0000000 0.0076023 0.0370798 0.0862244 0.0862244 0.0796836 0.1309682 0.1235793 0.1134196 0.1170853 0.1167745 0.1167745 0.1232963 0.1156536 0.1096346 0.1408096 0.1336136 0.1556914 0.1594042 0.1280502 0.1232963 0.2172593 0.2132447 0.5340336 0.5600074 0.5594669 0.5686628 0.6103461 0.6125162 0.4674167 0.2631727 0.2638248 0.3698298 0.2214383 0.2214383 0.2214383 0.2216192 0.2214383 0.2245903 0.2172696 0.2305465 0.3989316 0.8885496 0.8847786 
S0021_G4951_R1_A 0.0285385 0.0258699 0.0233063 0.0258843 0.0232344 0.0232290 0.0232472 0.0233188 0.0313999 0.0258843 0.0259804 0.0287496 0.0342074 0.0259695 0.0341055 0.0313984 0.0340940 0.0341136 0.0421995 0.0397299 0.0343194 0.0342106 0.0343194 0.0395631 0.0619984 0.0739345 0.0076023 0.0000000 0.0398693 0.0894324 0.0894324 0.0828368 0.1345278 0.1270763 0.1134196 0.1160552 0.1202189 0.1202189 0.1198398 0.1190583 0.1096346 0.1408096 0.1336136 0.1594134 0.1631525 0.1316040 0.1198398 0.2172593 0.2132447 0.5261081 0.5742643 0.5737426 0.5768200 0.6254274 0.6277578 0.4746906 0.2541906 0.2688535 0.3698298 0.2235612 0.2235612 0.2235612 0.2237422 0.2193600 0.2266888 0.2194141 0.2326255 0.3920196 0.8808915 0.8771072 
S0036_G4951_R6_A 0.0286402 0.0313279 0.0287475 0.0313456 0.0259774 0.0286509 0.0286737 0.0287627 0.0369722 0.0313456 0.0314637 0.0398464 0.0370796 0.0369491 0.0369615 0.0400215 0.0427895 0.0232181 0.0479127 0.0454464 0.0101614 0.0050312 0.0101614 0.0509326 0.0715365 0.0807360 0.0370798 0.0398693 0.0000000 0.0994264 0.0994264 0.1021336 0.1433934 0.1357075 0.1239647 0.1290270 0.1322386 0.1322386 0.1410834 0.1263577 0.1269097 0.1483057 0.1457974 0.1561023 0.1598267 0.1512605 0.1410834 0.2203380 0.2163217 0.5836693 0.5769458 0.5764270 0.6078004 0.6356949 0.6381426 0.4915449 0.2554758 0.2885368 0.3697402 0.2353411 0.2353411 0.2268114 0.2355294 0.2353411 0.2384592 0.2381323 0.2358846 0.4221968 0.8443226 0.8405756 
S0033_G4951_R1_A 0.0892881 0.0892881 0.0865400 0.0893488 0.0862289 0.0862069 0.0831039 0.0865831 0.0929968 0.0893488 0.0897386 0.0916813 0.0989142 0.0929968 0.0961543 0.0985409 0.1016717 0.0962457 0.0990180 0.1063914 0.0929189 0.0925815 0.0929189 0.1093002 0.0855863 0.0860198 0.0862244 0.0894324 0.0994264 0.0000000 0.0000010 0.0602160 0.1110859 0.1041859 0.0947543 0.1046203 0.0978328 0.0978328 0.0845330 0.0870739 0.0721819 0.1283882 0.1116132 0.1156337 0.1190385 0.1080866 0.0845330 0.2293993 0.2252626 0.5907839 0.5851385 0.5846294 0.5666419 0.6087177 0.6108770 0.4784027 0.2907535 0.2500529 0.3487336 0.2578406 0.2578406 0.2578406 0.2580430 0.2578406 0.2609697 0.2535165 0.2673371 0.5048209 0.7946446 0.7909701 
S0033_G4951_R2_A 0.0892881 0.0892881 0.0865400 0.0893488 0.0862289 0.0862069 0.0831039 0.0865831 0.0929968 0.0893488 0.0897386 0.0916813 0.0989142 0.0929968 0.0961543 0.0985409 0.1016717 0.0962457 0.0990180 0.1063914 0.0929189 0.0925815 0.0929189 0.1093002 0.0855863 0.0860198 0.0862244 0.0894324 0.0994264 0.0000010 0.0000000 0.0602160 0.1110859 0.1041859 0.0947543 0.1046203 0.0978328 0.0978328 0.0845330 0.0870739 0.0721819 0.1283882 0.1116132 0.1156337 0.1190385 0.1080866 0.0845330 0.2293993 0.2252626 0.5907839 0.5851385 0.5846294 0.5666419 0.6087177 0.6108770 0.4784027 0.2907535 0.2500529 0.3487336 0.2578406 0.2578406 0.2578406 0.2580430 0.2578406 0.2609697 0.2535165 0.2673371 0.5048209 0.7946446 0.7909701 
S0008_G4951_R1_A 0.0857381 0.0795619 0.0830048 0.0857957 0.0827095 0.0826885 0.0796189 0.0830463 0.0926143 0.0826333 0.0799551 0.0897703 0.0889688 0.0893850 0.0925093 0.0854608 0.0823286 0.0925964 0.0986085 0.0961885 0.0956253 0.0952784 0.0956253 0.0990660 0.0915869 0.0983733 0.0796836 0.0828368 0.1021336 0.0602160 0.0602160 0.0000000 0.1027751 0.0959208 0.0770583 0.0897456 0.0927470 0.0927470 0.0661350 0.0685882 0.0543134 0.1221922 0.1098050 0.1094713 0.1128486 0.1067804 0.0661350 0.1972046 0.1932332 0.5397359 0.5538694 0.5533193 0.5697588 0.5901096 0.5920769 0.4512810 0.2613918 0.2663951 0.3779192 0.2572029 0.2572029 0.2572029 0.2574072 0.2572029 0.2603673 0.2575261 0.2667982 0.4788442 0.7790027 0.7753676 
S0009_G4951_R1_A 0.1204553 0.1071410 0.1244183 0.1273142 0.1239392 0.1205425 0.1170873 0.1244766 0.1281588 0.1205425 0.1211013 0.1172499 0.1105923 0.1314796 0.1279960 0.1335980 0.1369459 0.1281243 0.1310921 0.1217680 0.1325637 0.1356373 0.1325637 0.1455523 0.1367415 0.1442082 0.1309682 0.1345278 0.1433934 0.1110859 0.1110859 0.1027751 0.0000000 0.0050424 0.0685563 0.0747792 0.0842590 0.0842590 0.1197291 0.1059072 0.1061803 0.0871057 0.0815962 0.0783380 0.0814265 0.1687123 0.1197291 0.2071703 0.2032422 0.5478741 0.5742382 0.5738923 0.6063012 0.5962867 0.5983159 0.4600515 0.2580270 0.2917088 0.4178530 0.2835530 0.2835530 0.2742817 0.2837725 0.2835530 0.2867550 0.2839008 0.2841902 0.5551698 0.8289707 0.8252983 
S0010_G4951_R1_A 0.1132508 0.1001480 0.1171183 0.1199958 0.1166734 0.1133318 0.1099370 0.1171738 0.1207817 0.1133318 0.1138500 0.1100866 0.1035365 0.1240555 0.1206313 0.1262076 0.1295067 0.1207509 0.1236949 0.1144699 0.1250659 0.1281116 0.1250659 0.1378977 0.1293179 0.1366376 0.1235793 0.1270763 0.1357075 0.1041859 0.1041859 0.0959208 0.0050424 0.0000000 0.0624723 0.0744755 0.0778787 0.0778787 0.1125764 0.0990121 0.0992646 0.0867440 0.0752279 0.0780159 0.0810897 0.1604584 0.1125764 0.2061174 0.2022118 0.5446734 0.5775234 0.5771792 0.6017870 0.5923999 0.5943870 0.4701174 0.2510003 0.2900157 0.4074522 0.2727604 0.2727604 0.2636489 0.2729740 0.2727604 0.2759451 0.2730984 0.2733789 0.5356436 0.8360968 0.8324013 
S0008_G4951_R2_A 0.1098371 0.1032940 0.1136634 0.1165347 0.1099211 0.1099151 0.1099211 0.1137176 0.1172939 0.1099151 0.1104149 0.1099635 0.1067003 0.1205487 0.1039047 0.1160576 0.1126854 0.1095321 0.1202003 0.1177079 0.1170823 0.1166377 0.1170823 0.1342957 0.1126146 0.1265087 0.1134196 0.1134196 0.1239647 0.0947543 0.0947543 0.0770583 0.0685563 0.0624723 0.0000000 0.0750487 0.0689350 0.0689350 0.1027795 0.0988320 0.0897164 0.0718380 0.0605102 0.0686575 0.0716557 0.1570484 0.1027795 0.2003518 0.1964445 0.5533788 0.5641016 0.5566142 0.5650152 0.5786321 0.5804899 0.4638913 0.2754758 0.2686507 0.3545504 0.2554790 0.2554790 0.2466522 0.2556814 0.2554790 0.2493269 0.2557993 0.2560633 0.4775441 0.8428192 0.8391397 
S0015_G4951_R2_A 0.1003281 0.0938687 0.1040635 0.1135426 0.1102472 0.1069347 0.1069406 0.1107182 0.1142819 0.1002315 0.1074205 0.1069812 0.1037246 0.1130775 0.1074950 0.1022400 0.0989721 0.1209810 0.1137593 0.1080029 0.1219972 0.1215252 0.1219972 0.1244165 0.1195881 0.1301637 0.1170853 0.1160552 0.1290270 0.1046203 0.1046203 0.0897456 0.0747792 0.0744755 0.0750487 0.0000000 0.0368577 0.0368577 0.1187747 0.1056316 0.0932006 0.1036881 0.0908696 0.1011202 0.1043891 0.1685633 0.1187747 0.2029334 0.1989670 0.5890249 0.5672084 0.5666738 0.5547954 0.6115843 0.6137755 0.4674683 0.2423967 0.2531456 0.3660475 0.2544935 0.2544935 0.2544935 0.2546947 0.2589565 0.2576325 0.2548119 0.2548728 0.4850401 0.7958805 0.7922304 
S0034_G4951_R2_A 0.1034006 0.1034006 0.1137849 0.1098458 0.1133545 0.1100309 0.1100370 0.1138392 0.1174209 0.1100309 0.1071339 0.1100794 0.1134084 0.1161815 0.1038382 0.1052810 0.1020008 0.1241395 0.1168829 0.1178358 0.1251843 0.1246990 0.1251843 0.1275865 0.1224994 0.1299327 0.1167745 0.1202189 0.1322386 0.0978328 0.0978328 0.0927470 0.0842590 0.0778787 0.0689350 0.0368577 0.0000000 0.0000010 0.1085365 0.0892100 0.0802160 0.1001886 0.0813899 0.0976198 0.1008557 0.1643055 0.1085365 0.2062423 0.2022711 0.5841436 0.5648066 0.5642695 0.5551304 0.5941649 0.5961763 0.4647939 0.2487997 0.2586173 0.3598691 0.2423601 0.2423601 0.2423601 0.2425546 0.2423601 0.2455064 0.2426685 0.2561824 0.4928467 0.7897512 0.7861245 
S0034_G4951_R3_A 0.1034006 0.1034006 0.1137849 0.1098458 0.1133545 0.1100309 0.1100370 0.1138392 0.1174209 0.1100309 0.1071339 0.1100794 0.1134084 0.1161815 0.1038382 0.1052810 0.1020008 0.1241395 0.1168829 0.1178358 0.1251843 0.1246990 0.1251843 0.1275865 0.1224994 0.1299327 0.1167745 0.1202189 0.1322386 0.0978328 0.0978328 0.0927470 0.0842590 0.0778787 0.0689350 0.0368577 0.0000010 0.0000000 0.1085365 0.0892100 0.0802160 0.1001886 0.0813899 0.0976198 0.1008557 0.1643055 0.1085365 0.2062423 0.2022711 0.5841436 0.5648066 0.5642695 0.5551304 0.5941649 0.5961763 0.4647939 0.2487997 0.2586173 0.3598691 0.2423601 0.2423601 0.2423601 0.2425546 0.2423601 0.2455064 0.2426685 0.2561824 0.4928467 0.7897512 0.7861245 
S0034_G4951_R1_A 0.1230924 0.1230924 0.1203048 0.1231814 0.1198464 0.1198148 0.1164975 0.1203613 0.1308034 0.1231814 0.1237511 0.1278617 0.1334342 0.1202981 0.1238349 0.1294052 0.1259528 0.1237450 0.1265667 0.1417893 0.1339979 0.1334784 0.1339979 0.1236793 0.1327479 0.1287131 0.1232963 0.1198398 0.1410834 0.0845330 0.0845330 0.0661350 0.1197291 0.1125764 0.1027795 0.1187747 0.1085365 0.1085365 0.0000000 0.0749658 0.0782638 0.1433071 0.1269706 0.1418837 0.1455165 0.1285149 0.0000010 0.2626830 0.2583267 0.5310623 0.5776531 0.5771355 0.5755853 0.5582330 0.5598969 0.4639000 0.2976878 0.2803782 0.3842093 0.2765509 0.2765509 0.2765509 0.2767657 0.2765509 0.2700931 0.2768918 0.2864214 0.4965641 0.8593297 0.8555842 
S0015_G4951_R1_A 0.1122727 0.1122727 0.1160966 0.1121642 0.1090974 0.1156297 0.1123583 0.1161513 0.1197200 0.1123522 0.1194919 0.1168124 0.1223493 0.1229610 0.0997152 0.1251009 0.1216994 0.1163480 0.1190583 0.1303903 0.1194984 0.1190467 0.1194984 0.1263367 0.1115859 0.1321508 0.1156536 0.1190583 0.1263577 0.0870739 0.0870739 0.0685882 0.1059072 0.0990121 0.0988320 0.1056316 0.0892100 0.0892100 0.0749658 0.0000000 0.0686837 0.1386717 0.1294996 0.1374484 0.1410290 0.1505013 0.0749658 0.2335938 0.2294340 0.5300630 0.5662341 0.5656992 0.5791440 0.6027227 0.6048213 0.4593739 0.2442948 0.2739216 0.3921550 0.2775357 0.2775357 0.2775357 0.2777517 0.2775357 0.2807227 0.2778776 0.2874513 0.5205717 0.7736000 0.7699859 
S0014_G4951_R1_A 0.1029405 0.1029405 0.1066794 0.1030127 0.1062815 0.0997679 0.1030183 0.1034524 0.1034965 0.1030127 0.1100304 0.1073317 0.1128930 0.1134513 0.1101060 0.1123512 0.1155707 0.1168512 0.1098190 0.1207513 0.1200163 0.1195605 0.1200163 0.1237072 0.1155212 0.1028354 0.1096346 0.1096346 0.1269097 0.0721819 0.0721819 0.0543134 0.1061803 0.0992646 0.0897164 0.0932006 0.0802160 0.0802160 0.0782638 0.0686837 0.0000000 0.1188469 0.1097986 0.1241137 0.1276189 0.1297258 0.0782638 0.2180642 0.2139740 0.5718786 0.5841800 0.5836681 0.5997657 0.6066385 0.6087790 0.4772557 0.2608306 0.2917440 0.4256576 0.2576003 0.2576003 0.2576003 0.2578049 0.2576003 0.2607664 0.2579240 0.2717842 0.5475136 0.7698856 0.7561378 
S0027_G4951_R1_A 0.1301483 0.1233743 0.1342031 0.1370958 0.1336819 0.1302433 0.1302506 0.1342645 0.1344368 0.1302433 0.1308521 0.1371633 0.1337430 0.1413639 0.1275344 0.1434166 0.1398727 0.1413230 0.1409434 0.1385082 0.1459320 0.1490164 0.1459320 0.1485185 0.1432377 0.1471486 0.1408096 0.1408096 0.1483057 0.1283882 0.1283882 0.1221922 0.0871057 0.0867440 0.0718380 0.1036881 0.1001886 0.1001886 0.1433071 0.1386717 0.1188469 0.0000000 0.0632617 0.0786559 0.0817584 0.1700504 0.1433071 0.1618256 0.1582002 0.5604660 0.5851977 0.5775404 0.5855623 0.6220790 0.6243876 0.4709044 0.2713522 0.2750303 0.3780335 0.2660995 0.2660995 0.2660995 0.2663062 0.2660995 0.2692294 0.2664265 0.2832112 0.5209593 0.7475966 0.7440587 
S0014_G4951_R2_A 0.1231077 0.1164219 0.1270779 0.1299600 0.1265896 0.1231967 0.1232035 0.1271368 0.1308199 0.1231967 0.1168405 0.1300222 0.1266481 0.1305862 0.1204887 0.1326966 0.1292268 0.1305581 0.1337396 0.1242311 0.1350004 0.1380566 0.1350004 0.1517314 0.1327645 0.1295368 0.1336136 0.1336136 0.1457974 0.1116132 0.1116132 0.1098050 0.0815962 0.0752279 0.0605102 0.0908696 0.0813899 0.0813899 0.1269706 0.1294996 0.1097986 0.0632617 0.0000000 0.0762205 0.0793318 0.1602924 0.1269706 0.1958235 0.1919504 0.6083503 0.6030303 0.5881924 0.5862292 0.6104748 0.6126521 0.4985072 0.2637838 0.2852784 0.3685384 0.2591716 0.2591716 0.2591716 0.2593756 0.2591716 0.2623138 0.2594943 0.2716114 0.4827240 0.8103101 0.8066550 
S0009_G4951_R2_A 0.1446997 0.1377375 0.1489344 0.1448072 0.1448154 0.1448072 0.1448154 0.1490008 0.1491980 0.1448072 0.1454985 0.1448807 0.1484094 0.1563175 0.1385851 0.1582893 0.1475969 0.1440243 0.1558415 0.1498544 0.1451425 0.1482100 0.1451425 0.1709709 0.1405287 0.1443266 0.1556914 0.1594134 0.1561023 0.1156337 0.1156337 0.1094713 0.0783380 0.0780159 0.0686575 0.1011202 0.0976198 0.0976198 0.1418837 0.1374484 0.1241137 0.0786559 0.0762205 0.0000000 0.0025053 0.1729555 0.1418837 0.2093756 0.2054021 0.5541168 0.5959290 0.5882041 0.6013772 0.6243771 0.6266961 0.4770579 0.2951045 0.2679784 0.3324357 0.2622572 0.2622572 0.2713152 0.2715272 0.2622572 0.2654263 0.2716506 0.2811068 0.5976146 0.8152268 0.8116018 
S0010_G4951_R2_A 0.1483350 0.1413289 0.1526129 0.1484455 0.1484540 0.1484455 0.1484540 0.1526806 0.1528839 0.1484455 0.1491575 0.1485218 0.1520717 0.1600482 0.1422017 0.1619985 0.1512368 0.1476395 0.1595583 0.1535590 0.1487913 0.1518674 0.1487913 0.1747964 0.1369542 0.1479510 0.1594042 0.1631525 0.1598267 0.1190385 0.1190385 0.1128486 0.0814265 0.0810897 0.0716557 0.1043891 0.1008557 0.1008557 0.1455165 0.1410290 0.1276189 0.0817584 0.0793318 0.0025053 0.0000000 0.1729555 0.1455165 0.2135865 0.2095878 0.5622568 0.5959290 0.5882041 0.6013772 0.6243771 0.6266961 0.4770579 0.2951045 0.2679784 0.3324357 0.2670151 0.2670151 0.2761315 0.2667228 0.2670151 0.2701869 0.2764708 0.2859912 0.5976146 0.8152268 0.8116018 
S0006_G4951_R1_A 0.1278282 0.1278282 0.1250129 0.1211143 0.1245290 0.1177256 0.1176403 0.1171068 0.1357092 0.1244048 0.1285230 0.1348624 0.1314356 0.1250059 0.1356631 0.1378136 0.1411985 0.1356708 0.1282658 0.1433461 0.1439153 0.1433400 0.1439153 0.1393495 0.1067211 0.1127368 0.1280502 0.1316040 0.1512605 0.1080866 0.1080866 0.1067804 0.1687123 0.1604584 0.1570484 0.1685633 0.1643055 0.1643055 0.1285149 0.1505013 0.1297258 0.1700504 0.1602924 0.1729555 0.1729555 0.0000000 0.1285149 0.2273688 0.2232732 0.6912417 0.6091625 0.6091113 0.6659963 0.6198583 0.6144841 0.5174619 0.3325076 0.2775103 0.3871651 0.2864887 0.2864887 0.2864887 0.2817644 0.2864887 0.2897077 0.2693770 0.2995694 0.4773662 0.8662663 0.8625042 
S0034_G4951_R4_A 0.1230924 0.1230924 0.1203048 0.1231814 0.1198464 0.1198148 0.1164975 0.1203613 0.1308034 0.1231814 0.1237511 0.1278617 0.1334342 0.1202981 0.1238349 0.1294052 0.1259528 0.1237450 0.1265667 0.1417893 0.1339979 0.1334784 0.1339979 0.1236793 0.1327479 0.1287131 0.1232963 0.1198398 0.1410834 0.0845330 0.0845330 0.0661350 0.1197291 0.1125764 0.1027795 0.1187747 0.1085365 0.1085365 0.0000010 0.0749658 0.0782638 0.1433071 0.1269706 0.1418837 0.1455165 0.1285149 0.0000000 0.2626830 0.2583267 0.5310623 0.5776531 0.5771355 0.5755853 0.5582330 0.5598969 0.4639000 0.2976878 0.2803782 0.3842093 0.2765509 0.2765509 0.2765509 0.2767657 0.2765509 0.2700931 0.2768918 0.2864214 0.4965641 0.8593297 0.8555842 
S0051_G4951_R1_A 0.1951746 0.1990552 0.2120141 0.2150499 0.2110937 0.2070862 0.2070862 0.2121002 0.1979559 0.1992104 0.1981096 0.2092825 0.2070688 0.2084186 0.2165260 0.2120009 0.2202859 0.2206097 0.2075023 0.2174779 0.2181821 0.2214955 0.2181821 0.2288284 0.2074849 0.2044440 0.2172593 0.2172593 0.2203380 0.2293993 0.2293993 0.1972046 0.2071703 0.2061174 0.2003518 0.2029334 0.2062423 0.2062423 0.2626830 0.2335938 0.2180642 0.1618256 0.1958235 0.2093756 0.2135865 0.2273688 0.2626830 0.0000000 0.0024941 0.7425002 0.6807958 0.6645559 0.7167677 0.7394793 0.7259914 0.5964299 0.3094090 0.2932256 0.4094252 0.2928280 0.2928280 0.2928280 0.2930487 0.2928280 0.2959976 0.3011216 0.3011216 0.6157540 0.8118713 0.8081923 
S0039_G4951_R1_A 0.1913144 0.1951746 0.2080459 0.2110807 0.2071455 0.2031602 0.2031602 0.2081311 0.1940987 0.1953268 0.1942494 0.2053098 0.2031435 0.2044648 0.2125279 0.2080331 0.2162700 0.2165886 0.2035686 0.2134595 0.2141478 0.2174557 0.2141478 0.2247620 0.2035519 0.2005117 0.2132447 0.2132447 0.2163217 0.2252626 0.2252626 0.1932332 0.2032422 0.2022118 0.1964445 0.1989670 0.2022711 0.2022711 0.2583267 0.2294340 0.2139740 0.1582002 0.1919504 0.2054021 0.2095878 0.2232732 0.2583267 0.0024941 0.0000000 0.7325669 0.6890098 0.6725904 0.7264589 0.7482620 0.7347075 0.5964299 0.3034807 0.2883764 0.4094252 0.2882145 0.2882145 0.2882145 0.2884334 0.2882145 0.2913814 0.2964248 0.2964248 0.6070082 0.8017471 0.7980873 
S0049_G4951_R2_A 0.5638911 0.5558712 0.5672104 0.5401155 0.5483588 0.5560413 0.5479469 0.5674678 0.5609511 0.5719681 0.5673683 0.5870628 0.5838735 0.5644042 0.5512288 0.5574130 0.5496555 0.5678174 0.5805167 0.5836876 0.5716206 0.5800318 0.5716206 0.5830197 0.5649571 0.5609511 0.5340336 0.5261081 0.5836693 0.5907839 0.5907839 0.5397359 0.5478741 0.5446734 0.5533788 0.5890249 0.5841436 0.5841436 0.5310623 0.5300630 0.5718786 0.5604660 0.6083503 0.5541168 0.5622568 0.6912417 0.5310623 0.7425002 0.7325669 0.0000000 1.5759639 1.5540154 1.8639169 1.6443240 1.6697547 1.5117890 0.7565883 0.8305852 1.3803683 0.8554132 0.8554132 0.8784046 0.8781979 0.8443268 0.8398972 0.8672612 0.9026268 1.9862122 1.2167846 1.2127979 
S0032_G4951_R2_N 0.5807409 0.5736597 0.5433031 0.5459625 0.5669957 0.5597019 0.5460068 0.5699030 0.5642642 0.5595127 0.5766711 0.5867889 0.5672173 0.5504126 0.5503141 0.5635185 0.5567579 0.5772367 0.5669492 0.6027201 0.5556201 0.5600531 0.5556201 0.6053981 0.5547389 0.6131362 0.5600074 0.5742643 0.5769458 0.5851385 0.5851385 0.5538694 0.5742382 0.5775234 0.5641016 0.5672084 0.5648066 0.5648066 0.5776531 0.5662341 0.5841800 0.5851977 0.6030303 0.5959290 0.5959290 0.6091625 0.5776531 0.6807958 0.6890098 1.5759639 0.0000000 0.0152502 0.1005306 0.1380490 0.1142869 0.0056933 0.6398889 0.5282300 0.3889353 0.6161667 0.6161667 0.6161667 0.6234809 0.6161667 0.6053888 0.6314542 0.6033123 0.7669444 2.0204782 2.0153272 
S0032_G4951_R1_N 0.5802257 0.5731355 0.5427420 0.5454044 0.5664637 0.5591606 0.5595127 0.5693746 0.5637288 0.5589705 0.5761521 0.5862836 0.5666855 0.5498601 0.5497609 0.5629813 0.5562125 0.5767181 0.5527419 0.6022356 0.5550738 0.5595127 0.5550738 0.6049175 0.5684164 0.6278657 0.5594669 0.5737426 0.5764270 0.5846294 0.5846294 0.5533193 0.5738923 0.5771792 0.5566142 0.5666738 0.5642695 0.5642695 0.5771355 0.5656992 0.5836681 0.5775404 0.5881924 0.5882041 0.5882041 0.6091113 0.5771355 0.6645559 0.6725904 1.5540154 0.0152502 0.0000000 0.1042415 0.1382831 0.1144762 0.0202578 0.6494684 0.5350297 0.3962433 0.5867847 0.5867847 0.5867847 0.5938145 0.5867847 0.5763566 0.6014904 0.5743936 0.7878351 2.0157827 2.0106760 
S0001_G4951_R1_A 0.6042048 0.5959067 0.5604549 0.5717295 0.5880838 0.5795764 0.5799664 0.5797705 0.5848950 0.5876981 0.5993615 0.5844522 0.6128320 0.5683909 0.5799648 0.5758234 0.5679939 0.5998389 0.5962315 0.6299104 0.5826798 0.5878861 0.5826798 0.6161835 0.6069398 0.6421007 0.5686628 0.5768200 0.6078004 0.5666419 0.5666419 0.5697588 0.6063012 0.6017870 0.5650152 0.5547954 0.5551304 0.5551304 0.5755853 0.5791440 0.5997657 0.5855623 0.5862292 0.6013772 0.6013772 0.6659963 0.5755853 0.7167677 0.7264589 1.8639169 0.1005306 0.1042415 0.0000000 0.1755436 0.1675532 0.0790594 0.6134663 0.6124138 0.4597539 0.5618537 0.5618537 0.5696425 0.5696425 0.5618537 0.5648562 0.5665679 0.5397425 0.7405299 2.3105872 2.3032145 
S0025_G4951_R1_U 0.6325087 0.6249524 0.5926776 0.5955009 0.6177973 0.6100700 0.5955505 0.6208811 0.6149078 0.6250302 0.6280074 0.6176265 0.6180503 0.6002039 0.6001631 0.6142046 0.6070042 0.6286480 0.6032003 0.6405249 0.6128790 0.6176112 0.6128790 0.6585950 0.5836878 0.6151811 0.6103461 0.6254274 0.6356949 0.6087177 0.6087177 0.5901096 0.5962867 0.5923999 0.5786321 0.6115843 0.5941649 0.5941649 0.5582330 0.6027227 0.6066385 0.6220790 0.6104748 0.6243771 0.6243771 0.6198583 0.5582330 0.7394793 0.7482620 1.6443240 0.1380490 0.1382831 0.1755436 0.0000000 0.0182036 0.0754762 0.7777551 0.5890964 0.4363075 0.5886494 0.5886494 0.5886494 0.5956828 0.5886494 0.5782164 0.6033594 0.5762487 0.8238931 2.1605024 2.1547625 
S0029_G4951_R1_U 0.6349274 0.6272851 0.5946692 0.5975203 0.6200484 0.6122392 0.5975705 0.6231647 0.6171290 0.6199956 0.6303667 0.6198751 0.6203049 0.6022709 0.6022324 0.6164221 0.6091444 0.6310163 0.6052950 0.6430288 0.6150765 0.6198598 0.6150765 0.6613127 0.5855900 0.6174030 0.6125162 0.6277578 0.6381426 0.6108770 0.6108770 0.5920769 0.5983159 0.5943870 0.5804899 0.6137755 0.5961763 0.5961763 0.5598969 0.6048213 0.6087790 0.6243876 0.6126521 0.6266961 0.6266961 0.6144841 0.5598969 0.7259914 0.7347075 1.6697547 0.1142869 0.1144762 0.1675532 0.0182036 0.0000000 0.0558428 0.7715602 0.5832541 0.4211626 0.5776753 0.5776753 0.5776753 0.5846664 0.5776753 0.5672865 0.5923048 0.5653461 0.8240323 2.1685726 2.1627725 
