63
S0020_G4989_R1_A 0.0000000 0.0112672 0.0194289 0.0261868 0.0211281 0.0297836 0.0194766 0.0178046 0.0162344 0.0262453 0.0211255 0.0179111 0.0330992 0.0407580 0.0302146 0.0280488 0.0229306 0.0177655 0.0332500 0.0351995 0.0211898 0.0246836 0.0548925 0.0262928 0.0743646 0.0691349 0.2028263 0.1835857 0.1835857 0.1380926 0.1409356 0.1543792 0.2515075 0.2532677 0.2032412 0.2001287 0.2213178 0.3790081 0.3756036 0.3717412 0.3701021 0.3773116 0.3780012 0.3604699 0.3699639 0.3684024 0.3645520 0.3703804 0.3684752 0.3734143 0.3698134 0.3771360 0.3734014 0.3771899 0.3661422 0.3150591 0.5037579 0.5559023 0.5539903 0.4232567 0.3713139 0.5834229 0.3379825 
S0016_G4989_R1_A 0.0112672 0.0000000 0.0178005 0.0245366 0.0194927 0.0263825 0.0178441 0.0161774 0.0146030 0.0245915 0.0194903 0.0162742 0.0314286 0.0372302 0.0281144 0.0246631 0.0212815 0.0194557 0.0280053 0.0370257 0.0195495 0.0212128 0.0547373 0.0229278 0.0683878 0.0593785 0.1970200 0.1763730 0.1763730 0.1309175 0.1336914 0.1525836 0.2392125 0.2409871 0.1999284 0.1968531 0.2099879 0.3769669 0.3735565 0.3697048 0.3680548 0.3752748 0.3759637 0.3584185 0.3679168 0.3663602 0.3772654 0.3758729 0.3739687 0.3789303 0.3752949 0.3827305 0.3789172 0.3827427 0.3715895 0.3170020 0.5103273 0.5673872 0.5709524 0.4327214 0.3729155 0.5802834 0.3294636 
S0046_G4989_R1_A 0.0194289 0.0178005 0.0000000 0.0227530 0.0177615 0.0297044 0.0194263 0.0177588 0.0161927 0.0261764 0.0210707 0.0178564 0.0295782 0.0406456 0.0280242 0.0279746 0.0228706 0.0210332 0.0297112 0.0386226 0.0211347 0.0246185 0.0584245 0.0262247 0.0741435 0.0689300 0.2048472 0.1726627 0.1726627 0.1400385 0.1428907 0.1563679 0.2507413 0.2524972 0.2052925 0.2021729 0.2237311 0.3659361 0.3625864 0.3588950 0.3646176 0.3643130 0.3649801 0.3478312 0.3570982 0.3556094 0.3626507 0.3684482 0.3665483 0.3643346 0.3607835 0.3679347 0.3643222 0.3680568 0.3571616 0.3106840 0.5093949 0.5565202 0.5599679 0.4130735 0.3687941 0.5796670 0.3433274 
S0028_G4989_R1_A 0.0261868 0.0245366 0.0227530 0.0000000 0.0244828 0.0315109 0.0228189 0.0211309 0.0195645 0.0330778 0.0211315 0.0229343 0.0331091 0.0425573 0.0365364 0.0297674 0.0195730 0.0244360 0.0367333 0.0369801 0.0211958 0.0246907 0.0549103 0.0280014 0.0743904 0.0653382 0.1874990 0.1760103 0.1760103 0.1313670 0.1341545 0.1616033 0.2428669 0.2446413 0.1930482 0.1922697 0.2306340 0.3639407 0.3605845 0.3569030 0.3626261 0.3623217 0.3629883 0.3458221 0.3550951 0.3536110 0.3601469 0.3694670 0.3675774 0.3653669 0.3618285 0.3689622 0.3653545 0.3690761 0.3582197 0.3055061 0.5254323 0.5739203 0.5775418 0.4443542 0.3876611 0.5977698 0.3481583 
S0022_G4989_R1_A 0.0211281 0.0194927 0.0177615 0.0244828 0.0000000 0.0280507 0.0178050 0.0161421 0.0145711 0.0279193 0.0194474 0.0195641 0.0313571 0.0353968 0.0301952 0.0263247 0.0212341 0.0194129 0.0314991 0.0369393 0.0195063 0.0229742 0.0567044 0.0245817 0.0704699 0.0671611 0.1862217 0.1721496 0.1721496 0.1304271 0.1331861 0.1439478 0.2352854 0.2370581 0.1888285 0.1934520 0.2215026 0.3747771 0.3713891 0.3675808 0.3659331 0.3731038 0.3737864 0.3563727 0.3657965 0.3642580 0.3678624 0.3736961 0.3717974 0.3695404 0.3659575 0.3732135 0.3695277 0.3732966 0.3623041 0.2989397 0.5068340 0.5634508 0.5669727 0.4389262 0.3701482 0.5869050 0.3336169 
S0037_G4989_R1_A 0.0297836 0.0263825 0.0297044 0.0315109 0.0280507 0.0000000 0.0229655 0.0246476 0.0230750 0.0350466 0.0280474 0.0265044 0.0350802 0.0263690 0.0367261 0.0211320 0.0299361 0.0279964 0.0387568 0.0425883 0.0281336 0.0299898 0.0665417 0.0229647 0.0827997 0.0711892 0.2079655 0.1830468 0.1830468 0.1319519 0.1369736 0.1658706 0.2355955 0.2373891 0.2084655 0.2079171 0.2220653 0.3846659 0.3812586 0.3773461 0.3757278 0.3829482 0.3836430 0.3660541 0.3755882 0.3740046 0.3925249 0.3984650 0.3965927 0.3941562 0.3904627 0.3981333 0.3941426 0.3980310 0.3867015 0.3136369 0.5183335 0.5800280 0.5836920 0.4411286 0.3910846 0.6040154 0.3467300 
S0019_G4989_R1_A 0.0194766 0.0178441 0.0194263 0.0228189 0.0178050 0.0229655 0.0000000 0.0145082 0.0129344 0.0228589 0.0178028 0.0179087 0.0296664 0.0336641 0.0281258 0.0246458 0.0195740 0.0144832 0.0298003 0.0352113 0.0178565 0.0213039 0.0549109 0.0229118 0.0666777 0.0653013 0.1926152 0.1785143 0.1785143 0.1313288 0.1341144 0.1473224 0.2429399 0.2447141 0.1928737 0.1949707 0.2156040 0.3787425 0.3753407 0.3714836 0.3698448 0.3770483 0.3777371 0.3602219 0.3697068 0.3681474 0.3866614 0.3925601 0.3906867 0.3882992 0.3846420 0.3921936 0.3882859 0.3921356 0.3733713 0.3181042 0.5115415 0.5739367 0.5775540 0.4490104 0.3750559 0.5977571 0.3441437 
S0002_G4989_R1_A 0.0178046 0.0161774 0.0177588 0.0211309 0.0161421 0.0246476 0.0145082 0.0000000 0.0112864 0.0245327 0.0161400 0.0162359 0.0279410 0.0317559 0.0259666 0.0194954 0.0178932 0.0161117 0.0280665 0.0334403 0.0161885 0.0196105 0.0530458 0.0212166 0.0666920 0.0633532 0.1976917 0.1784990 0.1784990 0.1358193 0.1386430 0.1543748 0.2411979 0.2429631 0.1954421 0.2001211 0.2214981 0.3647441 0.3614080 0.3577414 0.3560798 0.3631318 0.3637952 0.3432659 0.3559476 0.3544690 0.3826896 0.3885738 0.3866954 0.3843357 0.3806946 0.3881830 0.3843225 0.3881547 0.3769845 0.3182813 0.5110978 0.5677931 0.5713403 0.4343648 0.3750532 0.5913069 0.3347868 
S0030_G4989_R1_A 0.0162344 0.0146030 0.0161927 0.0195645 0.0145711 0.0230750 0.0129344 0.0112864 0.0000000 0.0229674 0.0145692 0.0129722 0.0263777 0.0284448 0.0219962 0.0196820 0.0163153 0.0145436 0.0264964 0.0318675 0.0146131 0.0180305 0.0515059 0.0196440 0.0651334 0.0555625 0.1965378 0.1756962 0.1756962 0.1344247 0.1318706 0.1530324 0.2380509 0.2398187 0.1927913 0.1930922 0.2046448 0.3642992 0.3609685 0.3573113 0.3556506 0.3626911 0.3633531 0.3463125 0.3555186 0.3540440 0.3645839 0.3703637 0.3684744 0.3662567 0.3627129 0.3698642 0.3662442 0.3699715 0.3590987 0.3086459 0.4932618 0.5525128 0.5612528 0.4149740 0.3525890 0.5809243 0.3368877 
S0036_G4989_R1_A 0.0262453 0.0245915 0.0261764 0.0330778 0.0279193 0.0350466 0.0228589 0.0245327 0.0229674 0.0000000 0.0279160 0.0280841 0.0314617 0.0462585 0.0366258 0.0350171 0.0279420 0.0278654 0.0367990 0.0423790 0.0280022 0.0315994 0.0661979 0.0332149 0.0784031 0.0770838 0.2019708 0.1880579 0.1880579 0.1375856 0.1404132 0.1537845 0.2504049 0.2521594 0.1970405 0.1992798 0.2235432 0.3623312 0.3589672 0.3552910 0.3536054 0.3607143 0.3613810 0.3514891 0.3605750 0.3590570 0.3626235 0.3684195 0.3665201 0.3643071 0.3607569 0.3679059 0.3642946 0.3680283 0.3498146 0.3040092 0.5273361 0.5913764 0.5951605 0.4319513 0.3937182 0.6158941 0.3322576 
S0023_G4989_R1_A 0.0211255 0.0194903 0.0210707 0.0211315 0.0194474 0.0280474 0.0178028 0.0161400 0.0145692 0.0279160 0.0000000 0.0178909 0.0313535 0.0389435 0.0322817 0.0263216 0.0145821 0.0194105 0.0314955 0.0369352 0.0129000 0.0162773 0.0494246 0.0245787 0.0647770 0.0595861 0.1874186 0.1706193 0.1706193 0.1267547 0.1295003 0.1495508 0.2369102 0.2386926 0.1927233 0.1921731 0.2125689 0.3748527 0.3714632 0.3676524 0.3660042 0.3731784 0.3738613 0.3564389 0.3584462 0.3643281 0.3751483 0.3810080 0.3791190 0.3768109 0.3731988 0.3805705 0.3767980 0.3805988 0.3695168 0.2989782 0.5027326 0.5548168 0.5679083 0.4249923 0.3662063 0.5878719 0.3269826 
S0013_G4989_R1_A 0.0179111 0.0162742 0.0178564 0.0229343 0.0195641 0.0265044 0.0179087 0.0162359 0.0129722 0.0280841 0.0178909 0.0000000 0.0280966 0.0356305 0.0179669 0.0247769 0.0213588 0.0195269 0.0248031 0.0371613 0.0196203 0.0231096 0.0552097 0.0229787 0.0689931 0.0616949 0.1931501 0.1724862 0.1724862 0.1340547 0.1341731 0.1500957 0.2310320 0.2328191 0.1901758 0.2017584 0.2264439 0.3707264 0.3673542 0.3688320 0.3671833 0.3743815 0.3697510 0.3575813 0.3597264 0.3654973 0.3616326 0.3674597 0.3655476 0.3704914 0.3668966 0.3741845 0.3704787 0.3742605 0.3632314 0.2970842 0.4913693 0.5415648 0.5540253 0.4077755 0.3518588 0.5642206 0.3313411 
S0012_G4989_R1_A 0.0330992 0.0314286 0.0295782 0.0331091 0.0313571 0.0350802 0.0296664 0.0279410 0.0263777 0.0314617 0.0313535 0.0280966 0.0000000 0.0499414 0.0364001 0.0385437 0.0332702 0.0312961 0.0366113 0.0406198 0.0314511 0.0351002 0.0680840 0.0367179 0.0798655 0.0732322 0.2087623 0.1947371 0.1947371 0.1409286 0.1438067 0.1694865 0.2304175 0.2322038 0.2040976 0.2062608 0.2246522 0.3661163 0.3702262 0.3664425 0.3647967 0.3719382 0.3726171 0.3552803 0.3646609 0.3631327 0.3771964 0.3903275 0.3811631 0.3860935 0.3824576 0.3899487 0.3860803 0.3823160 0.3787533 0.2949511 0.5050743 0.5617072 0.5652209 0.4299777 0.3719970 0.5851559 0.3159011 
S0018_G4989_R1_A 0.0407580 0.0372302 0.0406456 0.0425573 0.0353968 0.0263690 0.0336641 0.0317559 0.0284448 0.0462585 0.0389435 0.0356305 0.0499414 0.0000000 0.0368761 0.0246844 0.0409760 0.0388696 0.0501853 0.0468304 0.0390687 0.0410517 0.0792107 0.0371812 0.0922537 0.0781744 0.2170682 0.2078354 0.2078354 0.1626446 0.1633307 0.1788399 0.2558085 0.2575873 0.2234154 0.2313991 0.2374551 0.4014287 0.3979588 0.3938370 0.3922536 0.3996215 0.4003426 0.3786887 0.3921076 0.3904340 0.4177803 0.4239108 0.4220391 0.4193858 0.4155285 0.4237287 0.4193711 0.4234340 0.4116071 0.3435517 0.5344181 0.5933684 0.5872169 0.4488466 0.3896672 0.6076797 0.3382588 
S0050_G4989_R1_A 0.0302146 0.0281144 0.0280242 0.0365364 0.0301952 0.0367261 0.0281258 0.0259666 0.0219962 0.0366258 0.0322817 0.0179669 0.0364001 0.0368761 0.0000000 0.0345897 0.0346392 0.0238962 0.0058058 0.0411738 0.0302951 0.0368916 0.0568458 0.0388711 0.0753913 0.0718777 0.1828115 0.1836358 0.1836358 0.1473755 0.1515075 0.1590091 0.2449442 0.2470870 0.2029901 0.2268775 0.2025483 0.3739776 0.3693763 0.3647322 0.3626986 0.3673000 0.3764815 0.3555469 0.3629584 0.3606635 0.3866413 0.3939464 0.3916290 0.3936606 0.3891097 0.3985689 0.3936439 0.3984389 0.3797523 0.3006090 0.3356896 0.3657542 0.3571858 0.3089734 0.3317361 0.3631570 0.3237966 
S0031_G4989_R1_A 0.0280488 0.0246631 0.0279746 0.0297674 0.0263247 0.0211320 0.0246458 0.0194954 0.0196820 0.0350171 0.0263216 0.0247769 0.0385437 0.0246844 0.0345897 0.0000000 0.0281918 0.0262748 0.0369646 0.0425520 0.0264031 0.0282422 0.0646021 0.0246331 0.0749407 0.0634436 0.2049053 0.1825000 0.1825000 0.1339393 0.1367548 0.1581338 0.2360708 0.2378478 0.1973024 0.2049197 0.2280107 0.3879603 0.3845437 0.3805933 0.3789834 0.3862264 0.3869259 0.3657102 0.3788427 0.3772428 0.3919133 0.3978465 0.3959749 0.3935445 0.3898565 0.3975113 0.3935310 0.3974137 0.3861005 0.3253957 0.5128543 0.5737731 0.5676904 0.4481327 0.3768135 0.5875086 0.3197729 
S0026_G4989_R1_A 0.0229306 0.0212815 0.0228706 0.0195730 0.0212341 0.0299361 0.0195740 0.0178932 0.0163153 0.0279420 0.0145821 0.0213588 0.0332702 0.0409760 0.0346392 0.0281918 0.0000000 0.0211935 0.0334226 0.0389332 0.0146260 0.0180468 0.0479005 0.0264271 0.0671094 0.0618756 0.1876537 0.1708345 0.1708345 0.1245339 0.1272609 0.1472063 0.2457995 0.2475694 0.1929694 0.1922569 0.2266747 0.3820520 0.3786157 0.3746921 0.3730495 0.3803290 0.3810275 0.3633100 0.3729094 0.3713223 0.3715410 0.3773890 0.3754949 0.3732116 0.3696132 0.3769291 0.3731988 0.3769845 0.3659446 0.3121603 0.5116030 0.5686349 0.5722056 0.4410306 0.3746242 0.5922792 0.3411849 
S0011_G4989_R1_A 0.0177655 0.0194557 0.0210332 0.0244360 0.0194129 0.0279964 0.0144832 0.0161117 0.0145436 0.0278654 0.0194105 0.0195269 0.0312961 0.0388696 0.0238962 0.0262748 0.0211935 0.0000000 0.0245972 0.0368659 0.0194692 0.0229300 0.0529160 0.0245343 0.0722239 0.0594002 0.1916887 0.1828437 0.1828437 0.1353347 0.1381441 0.1537984 0.2416615 0.2434295 0.1972217 0.1993081 0.2176050 0.3733151 0.3699435 0.3661654 0.3645200 0.3716550 0.3723331 0.3550136 0.3643844 0.3628585 0.3736083 0.3794401 0.3775563 0.3752678 0.3716756 0.3789947 0.3752550 0.3790346 0.3680136 0.3070691 0.5007697 0.5566649 0.5601108 0.4367572 0.3648866 0.5797943 0.3393867 
S0048_G4989_R1_A 0.0332500 0.0280053 0.0297112 0.0367333 0.0314991 0.0387568 0.0298003 0.0280665 0.0264964 0.0367990 0.0314955 0.0248031 0.0366113 0.0501853 0.0058058 0.0369646 0.0334226 0.0245972 0.0000000 0.0442033 0.0315940 0.0352622 0.0568682 0.0368875 0.0780039 0.0673337 0.1998119 0.1937293 0.1937293 0.1471725 0.1529039 0.1648839 0.2584947 0.2602499 0.2081678 0.2226177 0.2262058 0.3915598 0.3880821 0.3840319 0.3824068 0.3897825 0.3939720 0.3800806 0.3822627 0.3806215 0.3841294 0.3900807 0.3881846 0.3857897 0.3821045 0.3896951 0.3857763 0.3896552 0.3783497 0.3064599 0.5319305 0.5910941 0.5948886 0.4529677 0.3883789 0.6045237 0.3352608 
S0017_G4989_R1_A 0.0351995 0.0370257 0.0386226 0.0369801 0.0369393 0.0425883 0.0352113 0.0334403 0.0318675 0.0423790 0.0369352 0.0371613 0.0406198 0.0468304 0.0411738 0.0425520 0.0389332 0.0368659 0.0442033 0.0000000 0.0370527 0.0408242 0.0686034 0.0389045 0.0890408 0.0817105 0.2043736 0.1927508 0.1927508 0.1531625 0.1590443 0.1677583 0.2539484 0.2557192 0.1981393 0.2140370 0.2136390 0.3819856 0.3862186 0.3822058 0.3805823 0.3879163 0.3886258 0.3707336 0.3804394 0.3788138 0.3862977 0.3959493 0.3940681 0.3916417 0.3879473 0.3881887 0.3843288 0.3881603 0.3841843 0.3348163 0.5222766 0.5804716 0.5798200 0.4524683 0.3860490 0.6001680 0.3650986 
S0021_G4989_R1_A 0.0211898 0.0195495 0.0211347 0.0211958 0.0195063 0.0281336 0.0178565 0.0161885 0.0146131 0.0280022 0.0129000 0.0196203 0.0314511 0.0390687 0.0302951 0.0264031 0.0146260 0.0194692 0.0315940 0.0370527 0.0000000 0.0063849 0.0495859 0.0246544 0.0649971 0.0597880 0.1934672 0.1793024 0.1793024 0.1318402 0.1346414 0.1550300 0.2469893 0.2487649 0.1989358 0.1877311 0.2226283 0.3725334 0.3691669 0.3694720 0.3678350 0.3708786 0.3715549 0.3542685 0.3636201 0.3620994 0.3589996 0.3647407 0.3628501 0.3606786 0.3571688 0.3642083 0.3606663 0.3643570 0.3535886 0.3199791 0.5236435 0.5720891 0.5756986 0.4470800 0.3812562 0.5959070 0.3391668 
S0021_G4989_R2_A 0.0246836 0.0212128 0.0246185 0.0246907 0.0229742 0.0299898 0.0213039 0.0196105 0.0180305 0.0315994 0.0162773 0.0231096 0.0351002 0.0410517 0.0368916 0.0282422 0.0180468 0.0229300 0.0352622 0.0408242 0.0063849 0.0000000 0.0535428 0.0264740 0.0692281 0.0582077 0.1950905 0.1741651 0.1741651 0.1328237 0.1356543 0.1562502 0.2551126 0.2568894 0.2006421 0.1826437 0.2254655 0.3688437 0.3654878 0.3658181 0.3641717 0.3672072 0.3678782 0.3506747 0.3599756 0.3584733 0.3553825 0.3611133 0.3592171 0.3570698 0.3535729 0.3605584 0.3570577 0.3607341 0.3500055 0.3230767 0.5335730 0.5818314 0.5903130 0.4519983 0.3895733 0.6109331 0.3357038 
S0005_G4989_R1_A 0.0548925 0.0547373 0.0584245 0.0549103 0.0567044 0.0665417 0.0549109 0.0530458 0.0515059 0.0661979 0.0494246 0.0552097 0.0680840 0.0792107 0.0568458 0.0646021 0.0479005 0.0529160 0.0568682 0.0686034 0.0495859 0.0535428 0.0000000 0.0625851 0.0584520 0.0632851 0.1654794 0.1566821 0.1566821 0.1270128 0.1274642 0.1318284 0.2227947 0.2245764 0.1691424 0.1826983 0.2210388 0.3648110 0.3615245 0.3579107 0.3562746 0.3632222 0.3671597 0.3470561 0.3561442 0.3546867 0.3793431 0.3851362 0.3832787 0.3809738 0.3773951 0.3847299 0.3809609 0.3847272 0.3737481 0.2904577 0.5180322 0.5695075 0.5730735 0.4336179 0.3684764 0.5776444 0.3432701 
S0004_G4989_R1_A 0.0262928 0.0229278 0.0262247 0.0280014 0.0245817 0.0229647 0.0229118 0.0212166 0.0196440 0.0332149 0.0245787 0.0229787 0.0367179 0.0371812 0.0388711 0.0246331 0.0264271 0.0245343 0.0368875 0.0389045 0.0246544 0.0264740 0.0625851 0.0000000 0.0786123 0.0694333 0.2095797 0.1910412 0.1910412 0.1459524 0.1488807 0.1675511 0.2623292 0.2640830 0.2101030 0.2061690 0.1985107 0.3717571 0.3684267 0.3751520 0.3735347 0.3807106 0.3707911 0.3639311 0.3698241 0.3718302 0.3827097 0.3885502 0.3866857 0.3843435 0.3807295 0.3881621 0.3843304 0.3881341 0.3770471 0.3275524 0.5194873 0.5710782 0.5746537 0.4479131 0.3868454 0.5946991 0.3481988 
S0033_G4989_R1_A 0.0743646 0.0683878 0.0741435 0.0743904 0.0704699 0.0827997 0.0666777 0.0666920 0.0651334 0.0784031 0.0647770 0.0689931 0.0798655 0.0922537 0.0753913 0.0749407 0.0671094 0.0722239 0.0780039 0.0890408 0.0649971 0.0692281 0.0584520 0.0786123 0.0000000 0.0876990 0.1931778 0.1748633 0.1748633 0.1202787 0.1229251 0.1478701 0.2352746 0.2370674 0.1864607 0.1939656 0.2325919 0.3725597 0.3691944 0.3654296 0.3637843 0.3709054 0.3715815 0.3543001 0.3636491 0.3621288 0.3871119 0.3929793 0.3911168 0.3887396 0.3851011 0.3926174 0.3887264 0.3925565 0.3738886 0.2712108 0.4896852 0.5442684 0.5521419 0.4064987 0.3564336 0.5566167 0.3152475 
S0035_G4989_R1_A 0.0691349 0.0593785 0.0689300 0.0653382 0.0671611 0.0711892 0.0653013 0.0633532 0.0555625 0.0770838 0.0595861 0.0616949 0.0732322 0.0781744 0.0718777 0.0634436 0.0618756 0.0594002 0.0673337 0.0817105 0.0597880 0.0582077 0.0632851 0.0694333 0.0876990 0.0000000 0.2072870 0.1939973 0.1939973 0.1331095 0.1305463 0.1698033 0.2409136 0.2369017 0.2066267 0.2015246 0.2495413 0.3817586 0.3783542 0.3708862 0.3692491 0.3800525 0.3841458 0.3596533 0.3727018 0.3675583 0.3978051 0.4037801 0.4019095 0.3994297 0.3957051 0.4034799 0.3994159 0.4033377 0.3919133 0.3206934 0.5560568 0.6097747 0.5990939 0.4861796 0.4021823 0.6038625 0.3533501 
S0034_G4989_R1_V 0.2028263 0.1970200 0.2048472 0.1874990 0.1862217 0.2079655 0.1926152 0.1976917 0.1965378 0.2019708 0.1874186 0.1931501 0.2087623 0.2170682 0.1828115 0.2049053 0.1876537 0.1916887 0.1998119 0.2043736 0.1934672 0.1950905 0.1654794 0.2095797 0.1931778 0.2072870 0.0000000 0.1464445 0.1464445 0.1334837 0.1415058 0.1074784 0.2290195 0.2307600 0.0917995 0.1665049 0.3733264 0.4523472 0.4405980 0.4279970 0.4343171 0.4422318 0.4384281 0.4234419 0.4335870 0.4322061 0.4842404 0.4823103 0.4846908 0.4728142 0.4686441 0.4919835 0.4824632 0.4823122 0.4730879 0.3180037 0.7150826 0.7843383 0.8220883 0.5601239 0.5123412 0.8286145 0.4330165 
S0009_G4989_R1_A 0.1835857 0.1763730 0.1726627 0.1760103 0.1721496 0.1830468 0.1785143 0.1784990 0.1756962 0.1880579 0.1706193 0.1724862 0.1947371 0.2078354 0.1836358 0.1825000 0.1708345 0.1828437 0.1937293 0.1927508 0.1793024 0.1741651 0.1566821 0.1910412 0.1748633 0.1939973 0.1464445 0.0000000 0.0000010 0.1137034 0.1240369 0.1006103 0.1957825 0.1975521 0.1415483 0.1427859 0.3117697 0.3989059 0.3879560 0.3914993 0.4052599 0.3973700 0.3903717 0.3948622 0.3891607 0.4033288 0.4438575 0.4421450 0.4442677 0.4332631 0.4293512 0.4544997 0.4460473 0.4502536 0.4335141 0.3097756 0.6357133 0.6720565 0.6865679 0.4687677 0.4651419 0.6864853 0.3738117 
S0010_G4989_R1_A 0.1835857 0.1763730 0.1726627 0.1760103 0.1721496 0.1830468 0.1785143 0.1784990 0.1756962 0.1880579 0.1706193 0.1724862 0.1947371 0.2078354 0.1836358 0.1825000 0.1708345 0.1828437 0.1937293 0.1927508 0.1793024 0.1741651 0.1566821 0.1910412 0.1748633 0.1939973 0.1464445 0.0000010 0.0000000 0.1137034 0.1240369 0.1006103 0.1957825 0.1975521 0.1415483 0.1427859 0.3117697 0.3989059 0.3879560 0.3914993 0.4052599 0.3973700 0.3903717 0.3948622 0.3891607 0.4033288 0.4438575 0.4421450 0.4442677 0.4332631 0.4293512 0.4544997 0.4460473 0.4502536 0.4335141 0.3097756 0.6357133 0.6720565 0.6865679 0.4687677 0.4651419 0.6864853 0.3738117 
S0008_G4989_R1_U 0.1380926 0.1309175 0.1400385 0.1313670 0.1304271 0.1319519 0.1313288 0.1358193 0.1344247 0.1375856 0.1267547 0.1340547 0.1409286 0.1626446 0.1473755 0.1339393 0.1245339 0.1353347 0.1471725 0.1531625 0.1318402 0.1328237 0.1270128 0.1459524 0.1202787 0.1331095 0.1334837 0.1137034 0.1137034 0.0000000 0.0096704 0.1028906 0.1944296 0.1962112 0.1304480 0.1204266 0.3104555 0.3870716 0.3762613 0.3651490 0.3707029 0.3779837 0.3786806 0.3609726 0.3778409 0.3689841 0.4110454 0.4133082 0.4114285 0.4009444 0.3971711 0.4173511 0.4130482 0.4171023 0.4011796 0.3116851 0.5894071 0.6317875 0.6790550 0.4975077 0.4433435 0.6789703 0.3847048 
S0008_G4989_R2_U 0.1409356 0.1336914 0.1428907 0.1341545 0.1331861 0.1369736 0.1341144 0.1386430 0.1318706 0.1404132 0.1295003 0.1341731 0.1438067 0.1633307 0.1515075 0.1367548 0.1272609 0.1381441 0.1529039 0.1590443 0.1346414 0.1356543 0.1274642 0.1488807 0.1229251 0.1305463 0.1415058 0.1240369 0.1240369 0.0096704 0.0000000 0.1126444 0.1971403 0.1989186 0.1389716 0.1258788 0.3069752 0.3816365 0.3708398 0.3597876 0.3653098 0.3725805 0.3732721 0.3556196 0.3724378 0.3636138 0.4055245 0.4077993 0.4059047 0.3954602 0.3916928 0.4117603 0.4075047 0.4115524 0.3956937 0.3129206 0.5823883 0.6289892 0.6761637 0.4981581 0.4368629 0.6760779 0.3868095 
S0014_G4989_R1_A 0.1543792 0.1525836 0.1563679 0.1616033 0.1439478 0.1658706 0.1473224 0.1543748 0.1530324 0.1537845 0.1495508 0.1500957 0.1694865 0.1788399 0.1590091 0.1581338 0.1472063 0.1537984 0.1648839 0.1677583 0.1550300 0.1562502 0.1318284 0.1675511 0.1478701 0.1698033 0.1074784 0.1006103 0.1006103 0.1028906 0.1126444 0.0000000 0.2012711 0.2030365 0.1039190 0.1128290 0.3348112 0.4100363 0.3989263 0.3873167 0.3931264 0.4006120 0.4013452 0.3830141 0.3927340 0.3912744 0.4187758 0.4289874 0.4310447 0.4283264 0.4244276 0.4373167 0.4291011 0.4332426 0.4124244 0.3358917 0.6394749 0.6963476 0.7182142 0.5358504 0.4609537 0.7318609 0.3759031 
S0039_G4989_R1_A 0.2515075 0.2392125 0.2507413 0.2428669 0.2352854 0.2355955 0.2429399 0.2411979 0.2380509 0.2504049 0.2369102 0.2310320 0.2304175 0.2558085 0.2449442 0.2360708 0.2457995 0.2416615 0.2584947 0.2539484 0.2469893 0.2551126 0.2227947 0.2623292 0.2352746 0.2409136 0.2290195 0.1957825 0.1957825 0.1944296 0.1971403 0.2012711 0.0000000 0.0031794 0.2513540 0.1800447 0.3574530 0.4394118 0.4280007 0.4234743 0.4296433 0.4296289 0.4304007 0.4228238 0.4134114 0.4275927 0.5075777 0.5055746 0.5080384 0.4959722 0.4917621 0.5019127 0.4966268 0.5010656 0.5050689 0.3470288 0.7507706 0.7727473 0.7764698 0.5566054 0.5532375 0.7825773 0.3897637 
S0051_G4989_R1_A 0.2532677 0.2409871 0.2524972 0.2446413 0.2370581 0.2373891 0.2447141 0.2429631 0.2398187 0.2521594 0.2386926 0.2328191 0.2322038 0.2575873 0.2470870 0.2378478 0.2475694 0.2434295 0.2602499 0.2557192 0.2487649 0.2568894 0.2245764 0.2640830 0.2370674 0.2369017 0.2307600 0.1975521 0.1975521 0.1962112 0.1989186 0.2030365 0.0031794 0.0000000 0.2504038 0.1818499 0.3671334 0.4409605 0.4295715 0.4250428 0.4312062 0.4311913 0.4319625 0.4243937 0.4149943 0.4291541 0.5090418 0.5070379 0.5095024 0.4974466 0.4932419 0.5033882 0.4981006 0.5025337 0.5065318 0.3486887 0.7523926 0.7744181 0.7781487 0.5583404 0.5548918 0.7842732 0.3838107 
S0015_G4989_R1_A 0.2032412 0.1999284 0.2052925 0.1930482 0.1888285 0.2084655 0.1928737 0.1954421 0.1927913 0.1970405 0.1927233 0.1901758 0.2040976 0.2234154 0.2029901 0.1973024 0.1929694 0.1972217 0.2081678 0.1981393 0.1989358 0.2006421 0.1691424 0.2101030 0.1864607 0.2066267 0.0917995 0.1415483 0.1415483 0.1304480 0.1389716 0.1039190 0.2513540 0.2504038 0.0000000 0.1551189 0.3650439 0.4155612 0.4043896 0.3926754 0.3985388 0.3982058 0.4068057 0.3960954 0.3981027 0.3966570 0.4366756 0.4310747 0.4410501 0.4300692 0.4261613 0.4474921 0.4428186 0.4386960 0.4221921 0.3420459 0.6721521 0.7311175 0.7609410 0.5148725 0.4927822 0.7608817 0.3904617 
S0027_G4989_R1_A 0.2001287 0.1968531 0.2021729 0.1922697 0.1934520 0.2079171 0.1949707 0.2001211 0.1930922 0.1992798 0.1921731 0.2017584 0.2062608 0.2313991 0.2268775 0.2049197 0.1922569 0.1993081 0.2226177 0.2140370 0.1877311 0.1826437 0.1826983 0.2061690 0.1939656 0.2015246 0.1665049 0.1427859 0.1427859 0.1204266 0.1258788 0.1128290 0.1800447 0.1818499 0.1551189 0.0000000 0.3660577 0.4309041 0.4194951 0.4131737 0.4193054 0.4189562 0.4219185 0.4087117 0.4108529 0.4172896 0.4423849 0.4486358 0.4508029 0.4396455 0.4356885 0.4488975 0.4488816 0.4531231 0.4399006 0.3591472 0.6799434 0.7256475 0.7680364 0.5413981 0.4887667 0.7741182 0.3755892 
S0006_G4989_R1_A 0.2213178 0.2099879 0.2237311 0.2306340 0.2215026 0.2220653 0.2156040 0.2214981 0.2046448 0.2235432 0.2125689 0.2264439 0.2246522 0.2374551 0.2025483 0.2280107 0.2266747 0.2176050 0.2262058 0.2136390 0.2226283 0.2254655 0.2210388 0.1985107 0.2325919 0.2495413 0.3733264 0.3117697 0.3117697 0.3104555 0.3069752 0.3348112 0.3574530 0.3671334 0.3650439 0.3660577 0.0000000 0.5248521 0.5207057 0.5219162 0.5204910 0.5294848 0.5232299 0.5179142 0.5212767 0.5280671 0.5327188 0.5350905 0.5332141 0.5296775 0.5251513 0.5210222 0.5153539 0.5111499 0.5247293 0.4145626 0.7476929 0.7951935 0.7804642 0.5967914 0.5563203 0.8059905 0.4478121 
S0038_G4989_R2_A 0.3790081 0.3769669 0.3659361 0.3639407 0.3747771 0.3846659 0.3787425 0.3647441 0.3642992 0.3623312 0.3748527 0.3707264 0.3661163 0.4014287 0.3739776 0.3879603 0.3820520 0.3733151 0.3915598 0.3819856 0.3725334 0.3688437 0.3648110 0.3717571 0.3725597 0.3817586 0.4523472 0.3989059 0.3989059 0.3870716 0.3816365 0.4100363 0.4394118 0.4409605 0.4155612 0.4309041 0.5248521 0.0000000 0.0063500 0.0096104 0.0112680 0.0063635 0.0095881 0.0145095 0.0112686 0.0145095 0.1230849 0.1272025 0.1298480 0.1226511 0.1204349 0.1265394 0.1256981 0.1279960 0.1181982 0.3596469 0.7152772 0.8065467 0.8118586 0.5121044 0.5043689 0.8332006 0.3127595 
S0042_G4989_R2_N 0.3756036 0.3735565 0.3625864 0.3605845 0.3713891 0.3812586 0.3753407 0.3614080 0.3609685 0.3589672 0.3714632 0.3673542 0.3702262 0.3979588 0.3693763 0.3845437 0.3786157 0.3699435 0.3880821 0.3862186 0.3691669 0.3654878 0.3615245 0.3684267 0.3691944 0.3783542 0.4405980 0.3879560 0.3879560 0.3762613 0.3708398 0.3989263 0.4280007 0.4295715 0.4043896 0.4194951 0.5207057 0.0063500 0.0000000 0.0063789 0.0112630 0.0063635 0.0063642 0.0145029 0.0145460 0.0145029 0.1209174 0.1250263 0.1276558 0.1204924 0.1182841 0.1243383 0.1235145 0.1258034 0.1160559 0.3668585 0.7201190 0.8120239 0.8173651 0.5227509 0.5137515 0.8388674 0.3127595 
S0044_G4989_R1_N 0.3717412 0.3697048 0.3588950 0.3569030 0.3675808 0.3773461 0.3714836 0.3577414 0.3573113 0.3552910 0.3676524 0.3688320 0.3664425 0.3938370 0.3647322 0.3805933 0.3746921 0.3661654 0.3840319 0.3822058 0.3694720 0.3658181 0.3579107 0.3751520 0.3654296 0.3708862 0.4279970 0.3914993 0.3914993 0.3651490 0.3597876 0.3873167 0.4234743 0.4250428 0.3926754 0.4131737 0.5219162 0.0096104 0.0063789 0.0000000 0.0047651 0.0063676 0.0096321 0.0112428 0.0162052 0.0112428 0.1224360 0.1265281 0.1291538 0.1220072 0.1198055 0.1258611 0.1250299 0.1273121 0.1175835 0.3524094 0.7006991 0.7966013 0.8018727 0.5105033 0.4974759 0.8229873 0.3188514 
S0045_G4989_R3_A 0.3701021 0.3680548 0.3646176 0.3626261 0.3659331 0.3757278 0.3698448 0.3560798 0.3556506 0.3536054 0.3660042 0.3671833 0.3647967 0.3922536 0.3626986 0.3789834 0.3730495 0.3645200 0.3824068 0.3805823 0.3678350 0.3641717 0.3562746 0.3735347 0.3637843 0.3692491 0.4343171 0.4052599 0.4052599 0.3707029 0.3653098 0.3931264 0.4296433 0.4312062 0.3985388 0.4193054 0.5204910 0.0112680 0.0112630 0.0047651 0.0000000 0.0112428 0.0145786 0.0129133 0.0179160 0.0129133 0.1251718 0.1292935 0.1319517 0.1247298 0.1225082 0.1286552 0.1277979 0.1301021 0.1202655 0.3581330 0.6928738 0.8007502 0.8060402 0.5198081 0.4901934 0.8272550 0.3171698 
S0045_G4989_R4_A 0.3773116 0.3752748 0.3643130 0.3623217 0.3731038 0.3829482 0.3770483 0.3631318 0.3626911 0.3607143 0.3731784 0.3743815 0.3719382 0.3996215 0.3673000 0.3862264 0.3803290 0.3716550 0.3897825 0.3879163 0.3708786 0.3672072 0.3632222 0.3807106 0.3709054 0.3800525 0.4422318 0.3973700 0.3973700 0.3779837 0.3725805 0.4006120 0.4296289 0.4311913 0.3982058 0.4189562 0.5294848 0.0063635 0.0063635 0.0063676 0.0112428 0.0000000 0.0096087 0.0144768 0.0128752 0.0144768 0.1227123 0.1268158 0.1294503 0.1222813 0.1200731 0.1261503 0.1253147 0.1276040 0.1178446 0.3649986 0.7053032 0.8075692 0.8128938 0.5131509 0.5009886 0.8342981 0.3236374 
S0040_G4989_R2_N 0.3780012 0.3759637 0.3649801 0.3629883 0.3737864 0.3836430 0.3777371 0.3637952 0.3633531 0.3613810 0.3738613 0.3697510 0.3726171 0.4003426 0.3764815 0.3869259 0.3810275 0.3723331 0.3939720 0.3886258 0.3715549 0.3678782 0.3671597 0.3707911 0.3715815 0.3841458 0.4384281 0.3903717 0.3903717 0.3786806 0.3732721 0.4013452 0.4304007 0.4319625 0.4068057 0.4219185 0.5232299 0.0095881 0.0063642 0.0096321 0.0145786 0.0096087 0.0000000 0.0178453 0.0178988 0.0178453 0.1281659 0.1323255 0.1350232 0.1277086 0.1254621 0.1317186 0.1308311 0.1331627 0.1231936 0.3727545 0.7304322 0.8235273 0.8289164 0.5321821 0.5225243 0.8507059 0.3150475 
S0041_G4989_R2_N 0.3604699 0.3584185 0.3478312 0.3458221 0.3563727 0.3660541 0.3602219 0.3432659 0.3463125 0.3514891 0.3564389 0.3575813 0.3552803 0.3786887 0.3555469 0.3657102 0.3633100 0.3550136 0.3800806 0.3707336 0.3542685 0.3506747 0.3470561 0.3639311 0.3543001 0.3596533 0.4234419 0.3948622 0.3948622 0.3609726 0.3556196 0.3830141 0.4228238 0.4243937 0.3960954 0.4087117 0.5179142 0.0145095 0.0145029 0.0112428 0.0129133 0.0144768 0.0178453 0.0000000 0.0144735 0.0095641 0.1255177 0.1296527 0.1323214 0.1250729 0.1228436 0.1290167 0.1281540 0.1304665 0.1205931 0.3526406 0.7068114 0.8035264 0.8088345 0.5117815 0.5027576 0.8301445 0.3324994 
S0043_G4989_R2_N 0.3699639 0.3679168 0.3570982 0.3550951 0.3657965 0.3755882 0.3697068 0.3559476 0.3555186 0.3605750 0.3584462 0.3597264 0.3646609 0.3921076 0.3629584 0.3788427 0.3729094 0.3643844 0.3822627 0.3804394 0.3636201 0.3599756 0.3561442 0.3698241 0.3636491 0.3727018 0.4335870 0.3891607 0.3891607 0.3778409 0.3724378 0.3927340 0.4134114 0.4149943 0.3981027 0.4108529 0.5212767 0.0112686 0.0145460 0.0162052 0.0179160 0.0128752 0.0178988 0.0144735 0.0000000 0.0112129 0.1282110 0.1301051 0.1350724 0.1277534 0.1255056 0.1317662 0.1308779 0.1332109 0.1232358 0.3469531 0.7055255 0.7894138 0.7946444 0.5085581 0.4961687 0.8155484 0.3204024 
S0047_G4989_R1_N 0.3684024 0.3663602 0.3556094 0.3536110 0.3642580 0.3740046 0.3681474 0.3544690 0.3540440 0.3590570 0.3643281 0.3654973 0.3631327 0.3904340 0.3606635 0.3772428 0.3713223 0.3628585 0.3806215 0.3788138 0.3620994 0.3584733 0.3546867 0.3718302 0.3621288 0.3675583 0.4322061 0.4033288 0.4033288 0.3689841 0.3636138 0.3912744 0.4275927 0.4291541 0.3966570 0.4172896 0.5280671 0.0145095 0.0145029 0.0112428 0.0129133 0.0144768 0.0178453 0.0095641 0.0112129 0.0000000 0.1278501 0.1319987 0.1346877 0.1273952 0.1251551 0.1313894 0.1305067 0.1328314 0.1228930 0.3564859 0.7071382 0.8038399 0.8091474 0.5272595 0.5031623 0.8304577 0.3324994 
S0040_G4989_R1_N 0.3645520 0.3772654 0.3626507 0.3601469 0.3678624 0.3925249 0.3866614 0.3826896 0.3645839 0.3626235 0.3751483 0.3616326 0.3771964 0.4177803 0.3866413 0.3919133 0.3715410 0.3736083 0.3841294 0.3862977 0.3589996 0.3553825 0.3793431 0.3827097 0.3871119 0.3978051 0.4842404 0.4438575 0.4438575 0.4110454 0.4055245 0.4187758 0.5075777 0.5090418 0.4366756 0.4423849 0.5327188 0.1230849 0.1209174 0.1224360 0.1251718 0.1227123 0.1281659 0.1255177 0.1282110 0.1278501 0.0000000 0.0095774 0.0112208 0.0111985 0.0095798 0.0145901 0.0128856 0.0145286 0.0112014 0.3945684 0.7496699 0.8475199 0.8452904 0.5802193 0.5502049 0.8818146 0.3595330 
S0038_G4989_R1_A 0.3703804 0.3758729 0.3684482 0.3694670 0.3736961 0.3984650 0.3925601 0.3885738 0.3703637 0.3684195 0.3810080 0.3674597 0.3903275 0.4239108 0.3939464 0.3978465 0.3773890 0.3794401 0.3900807 0.3959493 0.3647407 0.3611133 0.3851362 0.3885502 0.3929793 0.4037801 0.4823103 0.4421450 0.4421450 0.4133082 0.4077993 0.4289874 0.5055746 0.5070379 0.4310747 0.4486358 0.5350905 0.1272025 0.1250263 0.1265281 0.1292935 0.1268158 0.1323255 0.1296527 0.1301051 0.1319987 0.0095774 0.0000000 0.0079634 0.0111755 0.0095601 0.0145596 0.0128589 0.0144984 0.0111783 0.3968389 0.7585557 0.8576309 0.8553425 0.5831342 0.5581604 0.8923744 0.3479561 
S0042_G4989_R1_N 0.3684752 0.3739687 0.3665483 0.3675774 0.3717974 0.3965927 0.3906867 0.3866954 0.3684744 0.3665201 0.3791190 0.3655476 0.3811631 0.4220391 0.3916290 0.3959749 0.3754949 0.3775563 0.3881846 0.3940681 0.3628501 0.3592171 0.3832787 0.3866857 0.3911168 0.4019095 0.4846908 0.4442677 0.4442677 0.4114285 0.4059047 0.4310447 0.5080384 0.5095024 0.4410501 0.4508029 0.5332141 0.1298480 0.1276558 0.1291538 0.1319517 0.1294503 0.1350232 0.1323214 0.1350724 0.1346877 0.0112208 0.0079634 0.0000000 0.0128259 0.0112005 0.0162469 0.0145279 0.0161781 0.0128292 0.3987180 0.7623377 0.8618451 0.8595344 0.5866297 0.5613186 0.8967220 0.3529372 
S0044_G4989_R2_N 0.3734143 0.3789303 0.3643346 0.3653669 0.3695404 0.3941562 0.3882992 0.3843357 0.3662567 0.3643071 0.3768109 0.3704914 0.3860935 0.4193858 0.3936606 0.3935445 0.3732116 0.3752678 0.3857897 0.3916417 0.3606786 0.3570698 0.3809738 0.3843435 0.3887396 0.3994297 0.4728142 0.4332631 0.4332631 0.4009444 0.3954602 0.4283264 0.4959722 0.4974466 0.4300692 0.4396455 0.5296775 0.1226511 0.1204924 0.1220072 0.1247298 0.1222813 0.1277086 0.1250729 0.1277534 0.1273952 0.0111985 0.0111755 0.0128259 0.0000000 0.0015768 0.0096466 0.0079877 0.0096065 0.0063490 0.3962323 0.7633469 0.8491090 0.8607932 0.5758259 0.5629931 0.8981139 0.3437499 
S0045_G4989_R2_A 0.3698134 0.3752949 0.3607835 0.3618285 0.3659575 0.3904627 0.3846420 0.3806946 0.3627129 0.3607569 0.3731988 0.3668966 0.3824576 0.4155285 0.3891097 0.3898565 0.3696132 0.3716756 0.3821045 0.3879473 0.3571688 0.3535729 0.3773951 0.3807295 0.3851011 0.3957051 0.4686441 0.4293512 0.4293512 0.3971711 0.3916928 0.4244276 0.4917621 0.4932419 0.4261613 0.4356885 0.5251513 0.1204349 0.1182841 0.1198055 0.1225082 0.1200731 0.1254621 0.1228436 0.1255056 0.1251551 0.0095798 0.0095601 0.0112005 0.0015768 0.0000000 0.0080227 0.0063775 0.0079895 0.0047523 0.3924782 0.7572784 0.8423408 0.8539383 0.5701306 0.5576967 0.8909264 0.3403538 
S0041_G4989_R1_N 0.3771360 0.3827305 0.3679347 0.3689622 0.3732135 0.3981333 0.3921936 0.3881830 0.3698642 0.3679059 0.3805705 0.3741845 0.3899487 0.4237287 0.3985689 0.3975113 0.3769291 0.3789947 0.3896951 0.3881887 0.3642083 0.3605584 0.3847299 0.3881621 0.3926174 0.4034799 0.4919835 0.4544997 0.4544997 0.4173511 0.4117603 0.4373167 0.5019127 0.5033882 0.4474921 0.4488975 0.5210222 0.1265394 0.1243383 0.1258611 0.1286552 0.1261503 0.1317186 0.1290167 0.1317662 0.1313894 0.0145901 0.0145596 0.0162469 0.0096466 0.0080227 0.0000000 0.0047695 0.0063734 0.0096490 0.3967453 0.7608232 0.8532442 0.8509854 0.5791114 0.5602576 0.8877260 0.3577058 
S0043_G4989_R1_N 0.3734014 0.3789172 0.3643222 0.3653545 0.3695277 0.3941426 0.3882859 0.3843225 0.3662442 0.3642946 0.3767980 0.3704787 0.3860803 0.4193711 0.3936439 0.3935310 0.3731988 0.3752550 0.3857763 0.3843288 0.3606663 0.3570577 0.3809609 0.3843304 0.3887264 0.3994159 0.4824632 0.4460473 0.4460473 0.4130482 0.4075047 0.4291011 0.4966268 0.4981006 0.4428186 0.4488816 0.5153539 0.1256981 0.1235145 0.1250299 0.1277979 0.1253147 0.1308311 0.1281540 0.1308779 0.1305067 0.0128856 0.0128589 0.0145279 0.0079877 0.0063775 0.0047695 0.0000000 0.0047500 0.0079897 0.4040901 0.7724116 0.8662768 0.8639413 0.5901651 0.5704782 0.9013068 0.3576937 
S0047_G4989_R2_N 0.3771899 0.3827427 0.3680568 0.3690761 0.3732966 0.3980310 0.3921356 0.3881547 0.3699715 0.3680283 0.3805988 0.3742605 0.3823160 0.4234340 0.3984389 0.3974137 0.3769845 0.3790346 0.3896552 0.3881603 0.3643570 0.3607341 0.3847272 0.3881341 0.3925565 0.4033377 0.4823122 0.4502536 0.4502536 0.4171023 0.4115524 0.4332426 0.5010656 0.5025337 0.4386960 0.4531231 0.5111499 0.1279960 0.1258034 0.1273121 0.1301021 0.1276040 0.1331627 0.1304665 0.1332109 0.1328314 0.0145286 0.0144984 0.0161781 0.0096065 0.0079895 0.0063734 0.0047500 0.0000000 0.0096089 0.4001431 0.7662133 0.8593332 0.8570384 0.5842092 0.5649691 0.8940809 0.3471951 
S0045_G4989_R1_A 0.3661422 0.3715895 0.3571616 0.3582197 0.3623041 0.3867015 0.3733713 0.3769845 0.3590987 0.3498146 0.3695168 0.3632314 0.3787533 0.4116071 0.3797523 0.3861005 0.3659446 0.3680136 0.3783497 0.3841843 0.3535886 0.3500055 0.3737481 0.3770471 0.3738886 0.3919133 0.4730879 0.4335141 0.4335141 0.4011796 0.3956937 0.4124244 0.5050689 0.5065318 0.4221921 0.4399006 0.5247293 0.1181982 0.1160559 0.1175835 0.1202655 0.1178446 0.1231936 0.1205931 0.1232358 0.1228930 0.0112014 0.0111783 0.0128292 0.0063490 0.0047523 0.0096490 0.0079897 0.0096089 0.0000000 0.3921481 0.7567754 0.8635714 0.8612462 0.5820793 0.5578039 0.8985954 0.3400728 
S0049_G4989_R1_A 0.3150591 0.3170020 0.3106840 0.3055061 0.2989397 0.3136369 0.3181042 0.3182813 0.3086459 0.3040092 0.2989782 0.2970842 0.2949511 0.3435517 0.3006090 0.3253957 0.3121603 0.3070691 0.3064599 0.3348163 0.3199791 0.3230767 0.2904577 0.3275524 0.2712108 0.3206934 0.3180037 0.3097756 0.3097756 0.3116851 0.3129206 0.3358917 0.3470288 0.3486887 0.3420459 0.3591472 0.4145626 0.3596469 0.3668585 0.3524094 0.3581330 0.3649986 0.3727545 0.3526406 0.3469531 0.3564859 0.3945684 0.3968389 0.3987180 0.3962323 0.3924782 0.3967453 0.4040901 0.4001431 0.3921481 0.0000000 0.5250767 0.5794804 0.5768299 0.3924158 0.3702835 0.5672669 0.2835516 
S0025_G4989_R1_U 0.5037579 0.5103273 0.5093949 0.5254323 0.5068340 0.5183335 0.5115415 0.5110978 0.4932618 0.5273361 0.5027326 0.4913693 0.5050743 0.5344181 0.3356896 0.5128543 0.5116030 0.5007697 0.5319305 0.5222766 0.5236435 0.5335730 0.5180322 0.5194873 0.4896852 0.5560568 0.7150826 0.6357133 0.6357133 0.5894071 0.5823883 0.6394749 0.7507706 0.7523926 0.6721521 0.6799434 0.7476929 0.7152772 0.7201190 0.7006991 0.6928738 0.7053032 0.7304322 0.7068114 0.7055255 0.7071382 0.7496699 0.7585557 0.7623377 0.7633469 0.7572784 0.7608232 0.7724116 0.7662133 0.7567754 0.5250767 0.0000000 0.0613633 0.0809557 0.1422051 0.0207899 0.0818475 0.5803909 
S0032_G4989_R1_N 0.5559023 0.5673872 0.5565202 0.5739203 0.5634508 0.5800280 0.5739367 0.5677931 0.5525128 0.5913764 0.5548168 0.5415648 0.5617072 0.5933684 0.3657542 0.5737731 0.5686349 0.5566649 0.5910941 0.5804716 0.5720891 0.5818314 0.5695075 0.5710782 0.5442684 0.6097747 0.7843383 0.6720565 0.6720565 0.6317875 0.6289892 0.6963476 0.7727473 0.7744181 0.7311175 0.7256475 0.7951935 0.8065467 0.8120239 0.7966013 0.8007502 0.8075692 0.8235273 0.8035264 0.7894138 0.8038399 0.8475199 0.8576309 0.8618451 0.8491090 0.8423408 0.8532442 0.8662768 0.8593332 0.8635714 0.5794804 0.0613633 0.0000000 0.0370598 0.1203322 0.0324264 0.0391869 0.6487124 
S0032_G4989_R2_N 0.5539903 0.5709524 0.5599679 0.5775418 0.5669727 0.5836920 0.5775540 0.5713403 0.5612528 0.5951605 0.5679083 0.5540253 0.5652209 0.5872169 0.3571858 0.5676904 0.5722056 0.5601108 0.5948886 0.5798200 0.5756986 0.5903130 0.5730735 0.5746537 0.5521419 0.5990939 0.8220883 0.6865679 0.6865679 0.6790550 0.6761637 0.7182142 0.7764698 0.7781487 0.7609410 0.7680364 0.7804642 0.8118586 0.8173651 0.8018727 0.8060402 0.8128938 0.8289164 0.8088345 0.7946444 0.8091474 0.8452904 0.8553425 0.8595344 0.8607932 0.8539383 0.8509854 0.8639413 0.8570384 0.8612462 0.5768299 0.0809557 0.0370598 0.0000000 0.1385991 0.0425317 0.0146130 0.6594775 
S0001_G4989_R1_A 0.4232567 0.4327214 0.4130735 0.4443542 0.4389262 0.4411286 0.4490104 0.4343648 0.4149740 0.4319513 0.4249923 0.4077755 0.4299777 0.4488466 0.3089734 0.4481327 0.4410306 0.4367572 0.4529677 0.4524683 0.4470800 0.4519983 0.4336179 0.4479131 0.4064987 0.4861796 0.5601239 0.4687677 0.4687677 0.4975077 0.4981581 0.5358504 0.5566054 0.5583404 0.5148725 0.5413981 0.5967914 0.5121044 0.5227509 0.5105033 0.5198081 0.5131509 0.5321821 0.5117815 0.5085581 0.5272595 0.5802193 0.5831342 0.5866297 0.5758259 0.5701306 0.5791114 0.5901651 0.5842092 0.5820793 0.3924158 0.1422051 0.1203322 0.1385991 0.0000000 0.0915839 0.1456756 0.4681827 
S0029_G4989_R1_U 0.3713139 0.3729155 0.3687941 0.3876611 0.3701482 0.3910846 0.3750559 0.3750532 0.3525890 0.3937182 0.3662063 0.3518588 0.3719970 0.3896672 0.3317361 0.3768135 0.3746242 0.3648866 0.3883789 0.3860490 0.3812562 0.3895733 0.3684764 0.3868454 0.3564336 0.4021823 0.5123412 0.4651419 0.4651419 0.4433435 0.4368629 0.4609537 0.5532375 0.5548918 0.4927822 0.4887667 0.5563203 0.5043689 0.5137515 0.4974759 0.4901934 0.5009886 0.5225243 0.5027576 0.4961687 0.5031623 0.5502049 0.5581604 0.5613186 0.5629931 0.5576967 0.5602576 0.5704782 0.5649691 0.5578039 0.3702835 0.0207899 0.0324264 0.0425317 0.0915839 0.0000000 0.0449652 0.4248352 
