84
S0008_G4992_R1_A 0.0000000 0.0347109 0.0815183 0.2240815 0.2240815 0.4214675 0.3744908 0.4298138 0.4138413 0.4042407 0.4370660 0.3889560 0.3958336 0.3875115 0.3782452 0.3832642 0.4537485 0.2712851 0.4860378 0.7068891 1.4059002 1.5387151 1.5158020 1.0282813 0.6190769 1.0856064 0.2741978 0.2982987 0.2810691 0.2873016 0.2873016 0.2875158 0.2810691 0.3090901 0.2878125 0.2952488 0.2872974 0.2728559 0.2947027 0.2812906 0.3165512 0.3141771 0.3939356 0.2875701 0.4455675 0.1687477 0.2601547 0.2864736 0.3090901 0.2847358 0.2873016 0.2890569 0.2890569 0.2730519 0.2741924 0.2744266 1.2633061 0.5823862 1.8287375 0.5823862 0.4057848 0.3189476 0.3189476 1.2960448 0.3154943 0.3439484 0.5297604 0.5289244 0.5503654 0.5588306 0.5588306 0.5576726 0.5576726 0.5478850 0.5571288 0.5566574 1.3232077 0.9363510 1.0258185 1.0193036 1.0057622 1.0200848 1.0663159 1.1721227 
S0014_G4992_R1_A 0.0347109 0.0000000 0.0703965 0.1074905 0.1074905 0.2381654 0.2160902 0.2520715 0.2468154 0.2151832 0.2537129 0.2019437 0.2093347 0.2160902 0.2164158 0.2242234 0.2676792 0.1423299 0.3374693 0.6721330 1.3113172 1.3755020 1.3955237 1.0268174 0.5722998 0.9700531 0.1336475 0.1577400 0.1268874 0.1336475 0.1406476 0.1407657 0.1408411 0.1631866 0.1627679 0.1627679 0.1476970 0.1327677 0.1484977 0.1481665 0.1639129 0.1766287 0.1905297 0.1474755 0.3035602 0.1474755 0.2373040 0.1481665 0.1631866 0.1268874 0.1336475 0.1274903 0.1274903 0.1047766 0.1123109 0.1058357 1.2524331 0.4080504 1.8529807 0.4080504 0.2535214 0.1488494 0.1488494 0.0000010 0.2810870 0.3371840 0.3798113 0.3791108 0.3921828 0.4015643 0.4015643 0.4004935 0.4004935 0.3898737 0.4000516 0.4097687 1.3418168 0.7623624 0.8261612 0.7939946 0.8203311 0.7696759 0.8336149 0.8440689 
S0034_G4992_R1_A 0.0815183 0.0703965 0.0000000 0.2403515 0.2403515 0.3978675 0.3919153 0.4258140 0.4096438 0.4029818 0.4305425 0.3848331 0.3917310 0.3833942 0.3950963 0.4001590 0.4737268 0.2905670 0.4648473 0.5687297 1.3683696 1.4947763 1.4558991 1.1056868 0.6108622 1.1036304 0.2730874 0.2820938 0.2799306 0.2861399 0.2861399 0.2863525 0.2799306 0.3078383 0.2866484 0.2940530 0.2861357 0.2717539 0.2935109 0.2801519 0.3057301 0.3129098 0.4050260 0.3008757 0.4502106 0.1975395 0.2816348 0.2852971 0.3078383 0.2835709 0.2861399 0.2736577 0.2736577 0.2632440 0.2787436 0.2789866 1.1476572 0.5386683 1.7655776 0.5386683 0.3925200 0.3236008 0.3236008 0.8910040 0.2935674 0.3392639 0.5324176 0.5315751 0.5530993 0.5615929 0.5615929 0.5604284 0.5604284 0.5506048 0.5598801 0.5672007 1.3359199 0.9114766 0.9954826 0.9876210 0.9782639 0.9933292 1.0378981 1.1402872 
S0039_G4992_R1_A 0.2240815 0.1074905 0.2403515 0.0000000 0.0000010 0.3984171 0.4240890 0.4327144 0.4107870 0.4107429 0.4514372 0.3947488 0.4021321 0.3960897 0.4406838 0.4460973 0.5163171 0.3627229 0.4903918 1.0500934 1.5887535 1.8275387 1.7459849 1.0406312 0.6413228 1.3403045 0.2839383 0.3096206 0.2777713 0.2842910 0.2842910 0.2839383 0.2968912 0.2983356 0.2917745 0.2996236 0.2783184 0.2824874 0.2901471 0.3037783 0.3139239 0.3274039 0.4116554 0.3001265 0.4361174 0.1995680 0.2595002 0.2938200 0.2983356 0.2746209 0.2842910 0.2958207 0.2958207 0.2993401 0.2877224 0.3034653 1.1732176 0.5344721 1.6965269 0.5344721 0.4082359 0.3404523 0.3404523 0.9739950 0.2155659 0.2774375 0.5451838 0.5442738 0.5472123 0.5488714 0.5488714 0.5548298 0.5548298 0.5446352 0.5542660 0.5737890 1.2177457 0.8863927 0.8783857 0.8643712 0.8946063 0.8630723 0.9042831 0.8592314 
S0051_G4992_R1_A 0.2240815 0.1074905 0.2403515 0.0000010 0.0000000 0.3984171 0.4240890 0.4327144 0.4107870 0.4107429 0.4514372 0.3947488 0.4021321 0.3960897 0.4406838 0.4460973 0.5163171 0.3627229 0.4903918 1.0500934 1.5887535 1.8275387 1.7459849 1.0406312 0.6413228 1.3403045 0.2839383 0.3096206 0.2777713 0.2842910 0.2842910 0.2839383 0.2968912 0.2983356 0.2917745 0.2996236 0.2783184 0.2824874 0.2901471 0.3037783 0.3139239 0.3274039 0.4116554 0.3001265 0.4361174 0.1995680 0.2595002 0.2938200 0.2983356 0.2746209 0.2842910 0.2958207 0.2958207 0.2993401 0.2877224 0.3034653 1.1732176 0.5344721 1.6965269 0.5344721 0.4082359 0.3404523 0.3404523 0.9739950 0.2155659 0.2774375 0.5451838 0.5442738 0.5472123 0.5488714 0.5488714 0.5548298 0.5548298 0.5446352 0.5542660 0.5737890 1.2177457 0.8863927 0.8783857 0.8643712 0.8946063 0.8630723 0.9042831 0.8592314 
S0004_G4992_R1_A 0.4214675 0.2381654 0.3978675 0.3984171 0.3984171 0.0000000 0.0851513 0.0759994 0.0737315 0.0618124 0.1021057 0.0716280 0.0762825 0.0578115 0.0819124 0.0863180 0.1260908 0.1322371 0.1950739 0.4921350 1.3969520 1.4692071 1.4155728 1.0496995 0.9131966 1.2161496 0.2388691 0.2613687 0.2504989 0.2564662 0.2322127 0.2514861 0.2576018 0.2521888 0.2530486 0.2464587 0.2513014 0.2527690 0.2638111 0.2688915 0.2466058 0.2587498 0.3474425 0.2706263 0.4163721 0.1791166 0.2701497 0.2594958 0.2521888 0.2473544 0.2564662 0.3421345 0.3421345 0.3114019 0.3127240 0.2974486 1.1406388 0.5319195 1.7024635 0.5319195 0.3563530 0.3009992 0.3009992 0.8662482 0.3048875 0.3005986 0.4908342 0.4972419 0.4925804 0.5004597 0.5004597 0.4994390 0.4994390 0.4903914 0.4989847 0.5237233 1.1057790 0.8951917 0.9751837 0.9666334 0.9371302 0.8992078 0.8772921 0.9174204 
S0011_G4992_R1_A 0.3744908 0.2160902 0.3919153 0.4240890 0.4240890 0.0851513 0.0000000 0.0657941 0.0632625 0.0479061 0.0668209 0.0434172 0.0478695 0.0390353 0.0347750 0.0436367 0.0876601 0.1153817 0.1761636 0.4911302 1.3189787 1.4530239 1.3698391 1.0310022 0.9984323 1.2249018 0.2494724 0.2722680 0.2611813 0.2671865 0.2548952 0.2621982 0.2683580 0.2629383 0.2763095 0.2695471 0.2620053 0.2635307 0.2621982 0.2797048 0.2822781 0.2695431 0.3512638 0.2608074 0.4353864 0.1439923 0.2513487 0.2704928 0.2629383 0.2574452 0.2671865 0.3542286 0.3542286 0.3178400 0.3266250 0.3033959 1.2169609 0.5116749 1.6709130 0.5116749 0.3686239 0.3147710 0.3147710 1.2840663 0.2881336 0.2916381 0.4850111 0.4913469 0.4867267 0.4945032 0.4945032 0.4935022 0.4935022 0.4845788 0.4930589 0.5174676 1.1511880 0.9526776 1.0426770 1.0371932 0.9981263 0.9557558 0.9330785 1.0784067 
S0019_G4992_R1_A 0.4298138 0.2520715 0.4258140 0.4327144 0.4327144 0.0759994 0.0657941 0.0000000 0.0309700 0.0345175 0.0817281 0.0525780 0.0570916 0.0481468 0.0578816 0.0622303 0.0984873 0.1382193 0.1768276 0.5908948 1.4005441 1.4537330 1.4044346 1.1301012 1.1222876 1.1861053 0.2565986 0.2796903 0.2684111 0.2744666 0.2620634 0.2694520 0.2756671 0.2702208 0.2711193 0.2643895 0.2692525 0.2708236 0.2694520 0.2870986 0.2828665 0.2643854 0.3338173 0.2680266 0.4106642 0.1714993 0.2679500 0.2777383 0.2702208 0.2653959 0.2744666 0.3624624 0.3624624 0.3256911 0.3481716 0.3110931 1.1716085 0.5295390 1.7192217 0.5295390 0.3920574 0.3283807 0.3283807 1.0176921 0.3262817 0.3383137 0.5124663 0.5189346 0.5142693 0.5222763 0.5222763 0.5212161 0.5212161 0.5119974 0.5207352 0.5458939 1.1786957 0.9357833 1.0229874 1.0165826 0.9802701 0.9391506 0.9166607 1.0089414 
S0020_G4992_R1_U 0.4138413 0.2468154 0.4096438 0.4107870 0.4107870 0.0737315 0.0632625 0.0309700 0.0000000 0.0311023 0.0796031 0.0496525 0.0542953 0.0450913 0.0596633 0.0641439 0.1018665 0.1249693 0.1772598 0.4835499 1.3608531 1.4139019 1.3647499 1.1170612 1.1393137 1.1953345 0.2403310 0.2635245 0.2523029 0.2584465 0.2458833 0.2469000 0.2596212 0.2540527 0.2549410 0.2481516 0.2531320 0.2546517 0.2533234 0.2712442 0.2609822 0.2481473 0.3134680 0.2519297 0.4019964 0.1500429 0.2627048 0.2615889 0.2540527 0.2490831 0.2584465 0.3546668 0.3546668 0.3171256 0.3400714 0.2874590 1.1955320 0.4971855 1.6878535 0.4971855 0.3776597 0.3129871 0.3129871 1.0315031 0.3048382 0.3184304 0.4785154 0.4849957 0.4802575 0.4881962 0.4881962 0.4871812 0.4871812 0.4780797 0.4867341 0.5116520 1.1375675 0.9180187 1.0087086 0.9949166 0.9645137 0.9169592 0.8717110 0.9380056 
S0036_G4992_R1_A 0.4042407 0.2151832 0.4029818 0.4107429 0.4107429 0.0618124 0.0479061 0.0345175 0.0311023 0.0000000 0.0631069 0.0348082 0.0392485 0.0304274 0.0442123 0.0485526 0.0934096 0.1096001 0.1665770 0.4835499 1.3828942 1.4357667 1.3596928 1.0645073 0.9984323 1.2118798 0.2386561 0.2611244 0.2502716 0.2562314 0.2440452 0.2512570 0.2573649 0.2519582 0.2651994 0.2585149 0.2510728 0.2525374 0.2512570 0.2686405 0.2711233 0.2585108 0.3352331 0.2499116 0.4199939 0.1445842 0.2523123 0.2592546 0.2519582 0.2471288 0.2562314 0.3422264 0.3422264 0.3062639 0.3282518 0.2919872 1.1704925 0.5139336 1.6721291 0.5139336 0.3704008 0.3090578 0.3090578 1.1204577 0.2893716 0.2895744 0.4943292 0.5007074 0.4960739 0.5039252 0.5039252 0.5029045 0.5029045 0.4938849 0.5024489 0.5270996 1.1582717 0.9061891 0.9876408 0.9796920 0.9485897 0.9100149 0.8880468 0.9773371 
S0026_G4992_R1_A 0.4370660 0.2537129 0.4305425 0.4514372 0.4514372 0.1021057 0.0668209 0.0817281 0.0796031 0.0631069 0.0000000 0.0533341 0.0579126 0.0488396 0.0582034 0.0676489 0.1040315 0.1469065 0.1842618 0.4199424 1.3339066 1.4697689 1.4106562 1.1166753 1.0457644 1.3216400 0.2652401 0.2799494 0.2772751 0.2834426 0.2708004 0.2783539 0.2846887 0.2866093 0.3005259 0.2934590 0.2855514 0.2797853 0.2783539 0.2963217 0.2990722 0.2934547 0.3561642 0.2768745 0.4398984 0.1806609 0.2859527 0.2867083 0.2866093 0.2662580 0.2834426 0.3677056 0.3677056 0.3242841 0.3447188 0.3153987 1.1109761 0.5258078 1.5412263 0.5258078 0.3733859 0.3407560 0.3407560 1.0016122 0.3416801 0.3605736 0.4970772 0.5035163 0.4988438 0.5067772 0.5067772 0.5057427 0.5057427 0.4966260 0.5052799 0.5301972 1.1091500 0.8876555 0.9560266 0.9466924 0.9291270 0.8917876 0.8699791 0.9581534 
S0021_G4992_R1_A 0.3889560 0.2019437 0.3848331 0.3947488 0.3947488 0.0716280 0.0434172 0.0525780 0.0496525 0.0348082 0.0533341 0.0000000 0.0042047 0.0214311 0.0348746 0.0391711 0.0772165 0.1157945 0.1652040 0.5181129 1.2409853 1.3839759 1.3686324 0.9896934 1.1600961 1.1838828 0.2247894 0.2466458 0.2243032 0.2300897 0.2300897 0.2371224 0.2431123 0.2377683 0.2507307 0.2442013 0.2369506 0.2383249 0.2371224 0.2542044 0.2565489 0.2441972 0.3137606 0.2358476 0.3986972 0.1445853 0.2524851 0.2523841 0.2377683 0.2210024 0.2300897 0.3127357 0.3127357 0.2908684 0.2992858 0.2769191 1.1232522 0.4773884 1.5615747 0.4773884 0.3398872 0.2972248 0.2972248 0.9118886 0.2614021 0.2727238 0.4711867 0.4774934 0.4728679 0.4805752 0.4805752 0.4795981 0.4795981 0.4707697 0.4791705 0.5033511 1.1282425 0.8489011 0.9199390 0.9091529 0.8875502 0.8535592 0.8325195 0.9164618 
S0021_G4992_R2_A 0.3958336 0.2093347 0.3917310 0.4021321 0.4021321 0.0762825 0.0478695 0.0570916 0.0542953 0.0392485 0.0579126 0.0042047 0.0000000 0.0257764 0.0393250 0.0436243 0.0822463 0.1213778 0.1704842 0.5181129 1.2556378 1.3990557 1.3839483 0.9896934 1.1600961 1.2038654 0.2305824 0.2526309 0.2300897 0.2240379 0.2359045 0.2429919 0.2490141 0.2436588 0.2567007 0.2501253 0.2428155 0.2442233 0.2429919 0.2601517 0.2625466 0.2501212 0.3223580 0.2416914 0.4069856 0.1510549 0.2597684 0.2584086 0.2436588 0.2268294 0.2240379 0.3191437 0.3191437 0.2971107 0.3056024 0.2830646 1.1263216 0.4760439 1.5569534 0.4760439 0.3464716 0.3035024 0.3035024 0.9118886 0.2695500 0.2812688 0.4724977 0.4788147 0.4741842 0.4819072 0.4819072 0.4809267 0.4809267 0.4720788 0.4804970 0.5047275 1.1317761 0.8489011 0.9199390 0.9091529 0.8875502 0.8535592 0.8325195 0.9164618 
S0023_G4992_R1_A 0.3875115 0.2160902 0.3833942 0.3960897 0.3960897 0.0578115 0.0390353 0.0481468 0.0450913 0.0304274 0.0488396 0.0214311 0.0257764 0.0000000 0.0304843 0.0347833 0.0774040 0.1161762 0.1552726 0.3995016 1.2398880 1.3486311 1.3328396 0.9667024 0.9627333 1.1659246 0.2170117 0.2384595 0.2282528 0.2340258 0.2106114 0.2291575 0.2350633 0.2297711 0.2425372 0.2361145 0.2289931 0.2303129 0.2291575 0.2460191 0.2362481 0.2361102 0.3014479 0.2279265 0.3787579 0.1439923 0.2447399 0.2441062 0.2297711 0.2249984 0.2340258 0.3166083 0.3166083 0.2820331 0.2902911 0.2683104 1.0844279 0.4811566 1.5564082 0.4811566 0.3437285 0.3010974 0.3010974 0.8318716 0.2793635 0.2916381 0.4591094 0.4653363 0.4607456 0.4683259 0.4683259 0.4673785 0.4673785 0.4587089 0.4669678 0.4907388 1.0803221 0.8109902 0.8750423 0.8625565 0.8470643 0.8161290 0.7957895 0.8560263 
S0048_G4992_R1_A 0.3782452 0.2164158 0.3950963 0.4406838 0.4406838 0.0819124 0.0347750 0.0578816 0.0596633 0.0442123 0.0582034 0.0348746 0.0393250 0.0304843 0.0000000 0.0042407 0.0425854 0.1211632 0.1668079 0.5927867 1.2147098 1.3186500 1.2777749 0.9517226 1.1222876 1.2079036 0.2259352 0.2479379 0.2373993 0.2432852 0.2312654 0.2383434 0.2443692 0.2389968 0.2520395 0.2454683 0.2381698 0.2270850 0.2259352 0.2555250 0.2578923 0.2454641 0.3160829 0.2370571 0.3833364 0.1433496 0.2350920 0.2568218 0.2389968 0.2373993 0.2432852 0.3278236 0.3278236 0.2924395 0.3140724 0.2783971 1.1391365 0.4966227 1.6266300 0.4966227 0.3555700 0.3119067 0.3119067 1.0052607 0.3133826 0.3179356 0.5081340 0.5146410 0.5099399 0.5179846 0.5179846 0.5169238 0.5169238 0.5076668 0.5164444 0.5417232 1.1787951 0.9425470 0.9669477 0.9580109 0.9295943 0.8921213 0.8702460 0.9813454 
S0050_G4992_R2_A 0.3832642 0.2242234 0.4001590 0.4460973 0.4460973 0.0863180 0.0436367 0.0622303 0.0641439 0.0485526 0.0676489 0.0391711 0.0436243 0.0347833 0.0042407 0.0000000 0.0472317 0.1269087 0.1714104 0.5927867 1.2032913 1.3097679 1.2812870 0.9619211 0.9984323 1.2120594 0.2307284 0.2528048 0.2421972 0.2480843 0.2360564 0.2431525 0.2491818 0.2438206 0.2568785 0.2502948 0.2429758 0.2318973 0.2185012 0.2603324 0.2627315 0.2502907 0.3227181 0.2418499 0.3893090 0.1499573 0.2425271 0.2631438 0.2438206 0.2435630 0.2480843 0.3327795 0.3327795 0.2973423 0.3190084 0.2832767 1.1457124 0.5018522 1.6340039 0.5018522 0.3605577 0.3168205 0.3168205 0.9617997 0.3224670 0.3274080 0.5134249 0.5199265 0.5152389 0.5232899 0.5232899 0.5222228 0.5222228 0.5129526 0.5217383 0.5470413 1.1863978 0.9540483 0.9183444 0.9074811 0.8860737 0.8521591 0.8311250 0.9368125 
S0050_G4992_R3_A 0.4537485 0.2676792 0.4737268 0.5163171 0.5163171 0.1260908 0.0876601 0.0984873 0.1018665 0.0934096 0.1040315 0.0772165 0.0822463 0.0774040 0.0425854 0.0472317 0.0000000 0.1799781 0.2057942 0.5927867 1.2395500 1.3888552 1.3816551 1.0949906 1.2956324 1.2692176 0.3156549 0.3429897 0.3156298 0.3224633 0.3218693 0.3229023 0.3376505 0.3237753 0.3104052 0.3185765 0.3302395 0.3173905 0.3156549 0.3361924 0.3395118 0.3248573 0.4436593 0.3286905 0.4515019 0.1965351 0.2769947 0.3354000 0.3237753 0.3127305 0.3224633 0.4310853 0.4310853 0.3962512 0.4040535 0.3725050 1.3109301 0.5850429 1.7159501 0.5850429 0.4140726 0.4113826 0.4113826 1.4708874 0.3513440 0.3581486 0.5944495 0.6018150 0.5966562 0.6060034 0.6060034 0.6046782 0.6046782 0.5938142 0.6040247 0.6335459 1.2829195 1.0911094 1.1280482 1.1266050 1.0799240 1.0302880 1.0060883 1.1081054 
S0005_G4992_R5_A 0.2712851 0.1423299 0.2905670 0.3627229 0.3627229 0.1322371 0.1153817 0.1382193 0.1249693 0.1096001 0.1469065 0.1157945 0.1213778 0.1161762 0.1211632 0.1269087 0.1799781 0.0000000 0.1821243 0.4426367 1.3241267 1.3401269 1.3620014 1.1939617 1.0495362 1.0952938 0.2272281 0.2517568 0.2416683 0.2482510 0.2348072 0.2410282 0.2477361 0.2434811 0.2366168 0.2354855 0.2275091 0.2423916 0.2545503 0.2601552 0.2701526 0.2354807 0.2818160 0.1872968 0.3938583 0.0654661 0.2128079 0.2601552 0.2434811 0.2416683 0.2482510 0.3058360 0.3058360 0.2741582 0.2892948 0.2579767 1.2250196 0.5611292 2.0332385 0.5611292 0.3921282 0.2876576 0.2876576 2.1390613 0.2922957 0.3126835 0.5400613 0.5475577 0.5530799 0.5625585 0.5625585 0.5612575 0.5612575 0.5502986 0.5606446 0.5704401 1.4283874 1.0613194 1.1351329 1.1825283 1.0972192 1.0627234 1.0317971 1.1966875 
S0035_G4992_R2_U 0.4860378 0.3374693 0.4648473 0.4903918 0.4903918 0.1950739 0.1761636 0.1768276 0.1772598 0.1665770 0.1842618 0.1652040 0.1704842 0.1552726 0.1668079 0.1714104 0.2057942 0.1821243 0.0000000 0.4908548 1.3499823 1.4335020 1.4510786 1.0280151 1.0641681 1.2866208 0.3374847 0.3534932 0.3504542 0.3570621 0.3374614 0.3517512 0.3585797 0.3235824 0.3616632 0.3601237 0.3227755 0.3392258 0.3510496 0.3795465 0.3300610 0.3601169 0.4560637 0.3437543 0.2885519 0.2563314 0.1479870 0.3794271 0.3235824 0.3479968 0.3570621 0.4408439 0.4408439 0.3971667 0.4052960 0.3874416 1.2062915 0.5501499 1.6226198 0.5501499 0.4654152 0.4531416 0.4531416 0.7928521 0.4257847 0.4317545 0.5721297 0.5789471 0.5741362 0.5758014 0.5758014 0.5623835 0.5623835 0.5715684 0.5809542 0.6080341 1.3399295 0.9497149 0.9137007 0.9028779 0.9040015 0.8695549 0.8487082 0.9322163 
S0023_G4992_R3_A 0.7068891 0.6721330 0.5687297 1.0500934 1.0500934 0.4921350 0.4911302 0.5908948 0.4835499 0.4835499 0.4199424 0.5181129 0.5181129 0.3995016 0.5927867 0.5927867 0.5927867 0.4426367 0.4908548 0.0000000 0.8698969 0.9857447 1.0990661 2.0906288 0.7362640 1.0463387 0.4503944 0.4503944 0.4503944 0.4503944 0.4503944 0.4503944 0.4503944 0.5463498 0.5463498 0.5463498 0.6619558 0.4503944 0.5574278 0.5574278 0.4503944 0.4422116 0.3418267 0.3418267 0.4503944 0.2589742 0.3713310 0.5574278 0.5463498 0.4503944 0.4503944 0.4344016 0.4344016 0.4503944 0.4503944 0.3551624 0.5780491 0.5181129 0.5181129 0.5181129 0.5591295 0.3551624 0.3551624 0.6582738 0.7839990 1.7610356 0.4344016 0.4344016 0.4344016 0.4344016 0.4344016 0.4344016 0.4344016 0.4344016 0.4344016 0.4344016 0.5281363 0.3260760 0.3260760 0.3260760 0.3260760 0.3260760 0.4273638 0.4130901 
S0001_G4992_R2_A 1.4059002 1.3113172 1.3683696 1.5887535 1.5887535 1.3969520 1.3189787 1.4005441 1.3608531 1.3828942 1.3339066 1.2409853 1.2556378 1.2398880 1.2147098 1.2032913 1.2395500 1.3241267 1.3499823 0.8698969 0.0000000 0.1253319 0.1415491 1.3523638 1.1183460 2.0325650 1.1087239 1.1488549 1.0924876 1.1061691 1.0926937 1.1225554 1.1228320 1.0852370 1.1863833 1.1650568 1.1421432 1.1120058 1.1087239 1.1177844 1.1602055 1.1534815 1.0885377 1.0771318 1.0926704 1.1196505 1.1527465 1.1364043 1.0852370 1.0990386 1.1061691 1.0970741 1.0970741 1.1438407 1.1262996 1.1472380 1.5808907 1.3348178 1.7317807 1.3348178 1.1397153 1.3014012 1.3014012 1.0244720 1.2540152 1.3565290 1.2819727 1.2582266 1.2558841 1.2458597 1.2806621 1.2936249 1.2936249 1.2699971 1.2895402 1.3037985 1.5767227 1.2244435 1.1110210 1.1564587 1.1623232 1.2255126 1.1306991 1.1932249 
S0032_G4992_R3_N 1.5387151 1.3755020 1.4947763 1.8275387 1.8275387 1.4692071 1.4530239 1.4537330 1.4139019 1.4357667 1.4697689 1.3839759 1.3990557 1.3486311 1.3186500 1.3097679 1.3888552 1.3401269 1.4335020 0.9857447 0.1253319 0.0000000 0.0264167 1.5199854 2.0485102 2.0861097 1.2620586 1.3074849 1.2762196 1.2905360 1.2443970 1.2620586 1.2762196 1.2036342 1.3127252 1.2896689 1.2639949 1.2626240 1.2620586 1.2721903 1.3136270 1.2764019 1.2582850 1.2118421 1.2601806 1.2220119 1.2507725 1.2954861 1.2036342 1.2857530 1.2905360 1.2854327 1.2854327 1.3028841 1.3125007 1.2980538 1.7591073 1.4146185 1.9494442 1.4146185 1.2546890 1.5150664 1.5150664 1.2170613 1.3792456 1.3803434 1.3795365 1.3554626 1.3527584 1.3429689 1.3776151 1.3921683 1.3921683 1.3678561 1.3874196 1.4020432 1.7671467 1.5132286 1.4133282 1.4065018 1.4469892 1.5028625 1.4005784 1.4550828 
S0032_G4992_R4_N 1.5158020 1.3955237 1.4558991 1.7459849 1.7459849 1.4155728 1.3698391 1.4044346 1.3647499 1.3596928 1.4106562 1.3686324 1.3839483 1.3328396 1.2777749 1.2812870 1.3816551 1.3620014 1.4510786 1.0990661 0.1415491 0.0264167 0.0000000 1.5241894 1.6398351 2.1379871 1.1984761 1.2422463 1.2128425 1.2271604 1.1812815 1.1984761 1.2128425 1.1416516 1.2478287 1.2253942 1.2008739 1.1988841 1.2095000 1.2193802 1.2493758 1.2128638 1.2453164 1.2011396 1.1822328 1.2636060 1.2442386 1.2193802 1.1416516 1.2128425 1.2271604 1.2727334 1.2727334 1.2905148 1.3004286 1.2745544 1.7519482 1.3787673 1.9723849 1.3787673 1.1905405 1.4584960 1.4584960 0.9246006 1.3525537 1.3523428 1.2878637 1.2647507 1.2588793 1.2491606 1.2829182 1.2955189 1.2955189 1.2725955 1.2915468 1.3091190 1.6793500 1.4229632 1.3210404 1.3101252 1.3612923 1.4161939 1.3133206 1.3962788 
S0049_G4992_R1_A 1.0282813 1.0268174 1.1056868 1.0406312 1.0406312 1.0496995 1.0310022 1.1301012 1.1170612 1.0645073 1.1166753 0.9896934 0.9896934 0.9667024 0.9517226 0.9619211 1.0949906 1.1939617 1.0280151 2.0906288 1.3523638 1.5199854 1.5241894 0.0000000 2.0181408 1.4621338 0.9946957 1.0049908 0.9984684 0.9984684 0.9750448 0.9904975 0.9875914 0.9148905 1.0673719 1.0383845 0.9795442 0.9714777 0.9713983 1.0426692 0.9905612 1.0344209 1.1241729 1.0502185 1.0638809 1.1326038 1.0235135 1.0927153 0.9148905 1.0305219 0.9984684 1.0015778 1.0015778 0.9667267 1.0092649 1.0056145 1.7218319 1.0160703 1.9442794 1.0160703 0.9094519 1.0303283 1.0303283 0.7248131 1.0190106 1.0621942 1.0175821 0.9889602 1.0424671 1.0424671 1.0677590 1.0379306 1.0379306 1.0424671 1.0677590 1.0301571 1.4729524 1.4163044 1.2360199 1.1638682 1.4841640 1.5715698 1.4286516 1.4879127 
S0003_G4992_R3_N 0.6190769 0.5722998 0.6108622 0.6413228 0.6413228 0.9131966 0.9984323 1.1222876 1.1393137 0.9984323 1.0457644 1.1600961 1.1600961 0.9627333 1.1222876 0.9984323 1.2956324 1.0495362 1.0641681 0.7362640 1.1183460 2.0485102 1.6398351 2.0181408 0.0000000 1.4451613 0.6954196 0.6954196 0.7769774 0.7769774 0.6954196 0.6954196 0.6954196 0.7660362 0.7479330 0.8516207 0.6805013 0.7843843 0.7660362 0.6964791 0.7843843 0.7660362 0.5563912 0.5563912 0.6848635 0.4743976 0.5922355 0.6964791 0.7660362 0.7769774 0.7769774 0.6954196 0.6954196 0.8116747 0.6954196 0.7769774 0.9318249 0.8013602 1.6523263 0.8013602 0.8123403 0.6204280 0.6204280 1.1548546 0.4956266 0.7371768 0.7386263 0.7386263 0.7386263 0.7386263 0.7386263 0.7386263 0.7386263 0.7386263 0.7386263 0.7386263 0.9454379 1.1062585 1.1678716 1.1678716 1.1678716 1.1678716 1.1678716 1.3458137 
S0006_G4992_R1_A 1.0856064 0.9700531 1.1036304 1.3403045 1.3403045 1.2161496 1.2249018 1.1861053 1.1953345 1.2118798 1.3216400 1.1838828 1.2038654 1.1659246 1.2079036 1.2120594 1.2692176 1.0952938 1.2866208 1.0463387 2.0325650 2.0861097 2.1379871 1.4621338 1.4451613 0.0000000 1.0823707 1.1351889 1.0610956 1.0791544 1.0574715 1.0613983 1.1046978 1.1061243 1.1559939 1.1716410 1.1093188 1.1165240 1.1229654 1.1043058 1.0968595 1.1445991 0.9603623 0.9372304 1.1483051 0.9688287 0.9726955 1.1061678 1.1061243 1.0729587 1.0791544 1.0374278 1.0374278 1.1254238 1.0225390 1.0803760 1.3878890 1.0904382 1.5839667 1.0904382 1.0886190 1.1009655 1.1009655 1.0267207 1.2569664 1.1452734 1.1469152 1.1469152 1.1513418 1.1227765 1.1227765 1.1469152 1.1469152 1.1513418 1.1513418 1.1035552 1.4572676 1.2523689 1.2544515 1.1870101 1.3579894 1.3528201 1.2441866 1.4749073 
S0002_G4992_R1_A 0.2741978 0.1336475 0.2730874 0.2839383 0.2839383 0.2388691 0.2494724 0.2565986 0.2403310 0.2386561 0.2652401 0.2247894 0.2305824 0.2170117 0.2259352 0.2307284 0.3156549 0.2272281 0.3374847 0.4503944 1.1087239 1.2620586 1.1984761 0.9946957 0.6954196 1.0823707 0.0000000 0.0131245 0.0129462 0.0173004 0.0086036 0.0086081 0.0129462 0.0218262 0.0262621 0.0217985 0.0172981 0.0086501 0.0173096 0.0261059 0.0307302 0.0306795 0.0537457 0.0534311 0.0877720 0.0385306 0.0919792 0.0264924 0.0218262 0.0130842 0.0173004 0.0980020 0.0980020 0.0872608 0.0875735 0.0630520 0.6006051 0.2442992 0.9053385 0.2442992 0.1496912 0.0980736 0.0980736 0.0909855 0.2445004 0.2830810 0.2520647 0.2573029 0.2529966 0.2589078 0.2589078 0.2584139 0.2584139 0.2518824 0.2582261 0.2709857 0.6735277 0.2604012 0.2368375 0.2092406 0.2545477 0.2561920 0.2704659 0.2967568 
S0016_G4992_R1_A 0.2982987 0.1577400 0.2820938 0.3096206 0.3096206 0.2613687 0.2722680 0.2796903 0.2635245 0.2611244 0.2799494 0.2466458 0.2526309 0.2384595 0.2479379 0.2528048 0.3429897 0.2517568 0.3534932 0.4503944 1.1488549 1.3074849 1.2422463 1.0049908 0.6954196 1.1351889 0.0131245 0.0000000 0.0264995 0.0309855 0.0220128 0.0220247 0.0264995 0.0357449 0.0308308 0.0263213 0.0309818 0.0221333 0.0310024 0.0400784 0.0399979 0.0352821 0.0739500 0.0683689 0.1002179 0.0566702 0.1050924 0.0406848 0.0357449 0.0267875 0.0309855 0.1147019 0.1147019 0.0877750 0.1038324 0.0783886 0.6136887 0.2429570 0.9232217 0.2429570 0.1621739 0.1033551 0.1033551 0.0909855 0.2675923 0.2858454 0.2663378 0.2716458 0.2673205 0.2733458 0.2733458 0.2728209 0.2728209 0.2661423 0.2726198 0.2856486 0.7066204 0.2758529 0.2531685 0.2255650 0.2701867 0.2713150 0.2860838 0.3131348 
S0021_G4992_R3_A 0.2810691 0.1268874 0.2799306 0.2777713 0.2777713 0.2504989 0.2611813 0.2684111 0.2523029 0.2502716 0.2772751 0.2243032 0.2300897 0.2282528 0.2373993 0.2421972 0.3156298 0.2416683 0.3504542 0.4503944 1.0924876 1.2762196 1.2128425 0.9984684 0.7769774 1.0610956 0.0129462 0.0264995 0.0000000 0.0042900 0.0129394 0.0217255 0.0261397 0.0262609 0.0307647 0.0262650 0.0305614 0.0218312 0.0305816 0.0305821 0.0443229 0.0442479 0.0599314 0.0580381 0.1054766 0.0442110 0.0981340 0.0310365 0.0262609 0.0000010 0.0042900 0.0930672 0.0930672 0.0921001 0.0827271 0.0583814 0.5982734 0.2382319 0.8919950 0.2382319 0.1444262 0.0931335 0.0931335 0.0907206 0.2365135 0.2744869 0.2458879 0.2511069 0.2467996 0.2526740 0.2526740 0.2521925 0.2521925 0.2457109 0.2520100 0.2646799 0.6726231 0.2600349 0.2364784 0.2089156 0.2541835 0.2558378 0.2700847 0.2963280 
S0021_G4992_R4_A 0.2873016 0.1336475 0.2861399 0.2842910 0.2842910 0.2564662 0.2671865 0.2744666 0.2584465 0.2562314 0.2834426 0.2300897 0.2240379 0.2340258 0.2432852 0.2480843 0.3224633 0.2482510 0.3570621 0.4503944 1.1061691 1.2905360 1.2271604 0.9984684 0.7769774 1.0791544 0.0173004 0.0309855 0.0042900 0.0000000 0.0172912 0.0261294 0.0305651 0.0307069 0.0352391 0.0307112 0.0350062 0.0262565 0.0350294 0.0350299 0.0488659 0.0487824 0.0661267 0.0626445 0.1113372 0.0498772 0.1042080 0.0355515 0.0307069 0.0043355 0.0000010 0.0979431 0.0979431 0.0969252 0.0875218 0.0630162 0.5999564 0.2374652 0.8895380 0.2374652 0.1495961 0.0980147 0.0980147 0.0907206 0.2445004 0.2830810 0.2466620 0.2518918 0.2475777 0.2534662 0.2534662 0.2529823 0.2529823 0.2464840 0.2527989 0.2655000 0.6747308 0.2600349 0.2364784 0.2089156 0.2541835 0.2558378 0.2700847 0.2963280 
S0023_G4992_R2_A 0.2873016 0.1406476 0.2861399 0.2842910 0.2842910 0.2322127 0.2548952 0.2620634 0.2458833 0.2440452 0.2708004 0.2300897 0.2359045 0.2106114 0.2312654 0.2360564 0.3218693 0.2348072 0.3374614 0.4503944 1.0926937 1.2443970 1.1812815 0.9750448 0.6954196 1.0574715 0.0086036 0.0220128 0.0129394 0.0172912 0.0000000 0.0173253 0.0217139 0.0218146 0.0352391 0.0307112 0.0261121 0.0174097 0.0261294 0.0350299 0.0307583 0.0396962 0.0537051 0.0534014 0.0940211 0.0442110 0.0923859 0.0355515 0.0218146 0.0130772 0.0172912 0.0979431 0.0979431 0.0872095 0.0778765 0.0630162 0.5806810 0.2441252 0.9038285 0.2441252 0.1495961 0.0980147 0.0980147 0.0669529 0.2365135 0.2744869 0.2396315 0.2448286 0.2405222 0.2463567 0.2463567 0.2458879 0.2458879 0.2394598 0.2457109 0.2582838 0.6491637 0.2477906 0.2234226 0.1956929 0.2417637 0.2438258 0.2577641 0.2835543 
S0028_G4992_R1_A 0.2875158 0.1407657 0.2863525 0.2839383 0.2839383 0.2514861 0.2621982 0.2694520 0.2469000 0.2512570 0.2783539 0.2371224 0.2429919 0.2291575 0.2383434 0.2431525 0.3229023 0.2410282 0.3517512 0.4503944 1.1225554 1.2620586 1.1984761 0.9904975 0.6954196 1.0613983 0.0086081 0.0220247 0.0217255 0.0261294 0.0173253 0.0000000 0.0217255 0.0307681 0.0352582 0.0307278 0.0261262 0.0174188 0.0261435 0.0350490 0.0397846 0.0397178 0.0663118 0.0627745 0.0995986 0.0499706 0.1044155 0.0355711 0.0307681 0.0219581 0.0261294 0.1081107 0.1081107 0.0971363 0.0974866 0.0725726 0.6219210 0.2318256 0.8763773 0.2318256 0.1496912 0.1081940 0.1081940 0.0909855 0.2361491 0.2740390 0.2393562 0.2445472 0.2402451 0.2460720 0.2460720 0.2456043 0.2456043 0.2391849 0.2454277 0.2579839 0.6601218 0.2477906 0.2234226 0.1956929 0.2417637 0.2438258 0.2577641 0.2835543 
S0046_G4992_R1_A 0.2810691 0.1408411 0.2799306 0.2968912 0.2968912 0.2576018 0.2683580 0.2756671 0.2596212 0.2573649 0.2846887 0.2431123 0.2490141 0.2350633 0.2443692 0.2491818 0.3376505 0.2477361 0.3585797 0.4503944 1.1228320 1.2762196 1.2128425 0.9875914 0.6954196 1.1046978 0.0129462 0.0264995 0.0261397 0.0305651 0.0217139 0.0217255 0.0000000 0.0352571 0.0397708 0.0352102 0.0305614 0.0218312 0.0305816 0.0305821 0.0443229 0.0442479 0.0662610 0.0674388 0.1054766 0.0557076 0.1105948 0.0310365 0.0352571 0.0264202 0.0305651 0.0977620 0.0977620 0.0922452 0.0925770 0.0678416 0.6119222 0.2559999 0.9048586 0.2559999 0.1658915 0.0932820 0.0932820 0.0909855 0.2615020 0.3015194 0.2712393 0.2765459 0.2722347 0.2782702 0.2656300 0.2777372 0.2777372 0.2710403 0.2649282 0.2905911 0.6637132 0.2728099 0.2500933 0.2226805 0.2671395 0.2683627 0.2829499 0.3096968 
S0030_G4992_R1_A 0.3090901 0.1631866 0.3078383 0.2983356 0.2983356 0.2521888 0.2629383 0.2702208 0.2540527 0.2519582 0.2866093 0.2377683 0.2436588 0.2297711 0.2389968 0.2438206 0.3237753 0.2434811 0.3235824 0.5463498 1.0852370 1.2036342 1.1416516 0.9148905 0.7660362 1.1061243 0.0218262 0.0357449 0.0262609 0.0307069 0.0218146 0.0307681 0.0352571 0.0000000 0.0400156 0.0354264 0.0217577 0.0309188 0.0397760 0.0488833 0.0538102 0.0445198 0.0662822 0.0677524 0.0937276 0.0619272 0.0921670 0.0496206 0.0000010 0.0265435 0.0307069 0.1136510 0.1136510 0.1025138 0.1028860 0.0776782 0.6264920 0.2465321 0.8696384 0.2465321 0.1666742 0.1137411 0.1137411 0.0669529 0.2545924 0.2842218 0.2725689 0.2778977 0.2735720 0.2796360 0.2796360 0.2790985 0.2790985 0.2723681 0.2788918 0.2920141 0.6671425 0.2599737 0.2364066 0.2088369 0.2541198 0.2557766 0.2700260 0.2962755 
S0018_G4992_R1_U 0.2878125 0.1627679 0.2866484 0.2917745 0.2917745 0.2530486 0.2763095 0.2711193 0.2549410 0.2651994 0.3005259 0.2507307 0.2567007 0.2425372 0.2520395 0.2568785 0.3104052 0.2366168 0.3616632 0.5463498 1.1863833 1.3127252 1.2478287 1.0673719 0.7479330 1.1559939 0.0262621 0.0308308 0.0307647 0.0352391 0.0352391 0.0352582 0.0397708 0.0400156 0.0000000 0.0042954 0.0352351 0.0354306 0.0443140 0.0443147 0.0491868 0.0217077 0.0795881 0.0725715 0.0997995 0.0502307 0.1174241 0.0449812 0.0400156 0.0310968 0.0352391 0.1291245 0.1291245 0.1176399 0.1180705 0.0825945 0.6482811 0.2710163 0.9594033 0.2710163 0.1832526 0.1292345 0.1292345 0.1417811 0.2800224 0.2911885 0.2921759 0.2975731 0.2932428 0.2994330 0.2994330 0.2988556 0.2988556 0.2919575 0.2986311 0.3120556 0.7055090 0.3292473 0.2968277 0.2697877 0.3115994 0.3236325 0.3398267 0.3689472 
S0031_G4992_R1_A 0.2952488 0.1627679 0.2940530 0.2996236 0.2996236 0.2464587 0.2695471 0.2643895 0.2481516 0.2585149 0.2934590 0.2442013 0.2501253 0.2361145 0.2454683 0.2502948 0.3185765 0.2354855 0.3601237 0.5463498 1.1650568 1.2896689 1.2253942 1.0383845 0.8516207 1.1716410 0.0217985 0.0263213 0.0262650 0.0307112 0.0307112 0.0307278 0.0352102 0.0354264 0.0042954 0.0000000 0.0307076 0.0308779 0.0397222 0.0397229 0.0445343 0.0172975 0.0730572 0.0677551 0.1060591 0.0502307 0.1174241 0.0403182 0.0354264 0.0265476 0.0307112 0.1238040 0.1238040 0.1124518 0.1128618 0.0776793 0.6363844 0.2642859 0.9424345 0.2642859 0.1774837 0.1239069 0.1239069 0.1156156 0.2800224 0.2911885 0.2851904 0.2905553 0.2862331 0.2923692 0.2923692 0.2918069 0.2918069 0.2849786 0.2915891 0.3048859 0.6910238 0.3150563 0.2818658 0.2546606 0.2974026 0.3097450 0.3255183 0.3540124 
S0022_G4992_R1_A 0.2872974 0.1476970 0.2861357 0.2783184 0.2783184 0.2513014 0.2620053 0.2692525 0.2531320 0.2510728 0.2855514 0.2369506 0.2428155 0.2289931 0.2381698 0.2429758 0.3302395 0.2275091 0.3227755 0.6619558 1.1421432 1.2639949 1.2008739 0.9795442 0.6805013 1.1093188 0.0172981 0.0309818 0.0305614 0.0350062 0.0261121 0.0261262 0.0305614 0.0217577 0.0352351 0.0307076 0.0000000 0.0262533 0.0350253 0.0440222 0.0488609 0.0396917 0.0725928 0.0627334 0.0932545 0.0499294 0.0915966 0.0446811 0.0217577 0.0308899 0.0350062 0.1080383 0.1080383 0.0970718 0.0974216 0.0820476 0.6125988 0.2567859 0.8834583 0.2567859 0.1711759 0.1181902 0.1181902 0.0909855 0.2533417 0.2827841 0.2720714 0.2773884 0.2730709 0.2791204 0.2791204 0.2785849 0.2785849 0.2718713 0.2783791 0.2914688 0.6994869 0.2968078 0.2629075 0.2357383 0.2915210 0.2919099 0.3070570 0.3345920 
S0013_G4992_R1_A 0.2728559 0.1327677 0.2717539 0.2824874 0.2824874 0.2527690 0.2635307 0.2708236 0.2546517 0.2525374 0.2797853 0.2383249 0.2442233 0.2303129 0.2270850 0.2318973 0.3173905 0.2423916 0.3392258 0.4503944 1.1120058 1.2626240 1.1988841 0.9714777 0.7843843 1.1165240 0.0086501 0.0221333 0.0218312 0.0262565 0.0174097 0.0174188 0.0218312 0.0309188 0.0354306 0.0308779 0.0262533 0.0000000 0.0173940 0.0352192 0.0308804 0.0399113 0.0667445 0.0630797 0.0882841 0.0502746 0.0925399 0.0357458 0.0309188 0.0220657 0.0262565 0.0975091 0.0975091 0.0868233 0.0871330 0.0627326 0.6163215 0.2384281 0.8937745 0.2384281 0.1383027 0.0975799 0.0975799 0.0909855 0.2519591 0.3039634 0.2508250 0.2560434 0.2517500 0.2576357 0.2576357 0.2571458 0.2571458 0.2506443 0.2569597 0.2696626 0.6674689 0.2732414 0.2237868 0.1960153 0.2421390 0.2441921 0.2581614 0.2840077 
S0050_G4992_R1_A 0.2947027 0.1484977 0.2935109 0.2901471 0.2901471 0.2638111 0.2621982 0.2694520 0.2533234 0.2512570 0.2783539 0.2371224 0.2429919 0.2291575 0.2259352 0.2185012 0.3156549 0.2545503 0.3510496 0.5574278 1.1087239 1.2620586 1.2095000 0.9713983 0.7660362 1.1229654 0.0173096 0.0310024 0.0305816 0.0350294 0.0261294 0.0261435 0.0305816 0.0397760 0.0443140 0.0397222 0.0350253 0.0173940 0.0000000 0.0350490 0.0397262 0.0488094 0.0789539 0.0721401 0.0994101 0.0557467 0.0981340 0.0355711 0.0397760 0.0309105 0.0350294 0.1081107 0.1081107 0.0919747 0.0974866 0.0821019 0.6125699 0.2564948 0.9314481 0.2564948 0.1602842 0.1182696 0.1182696 0.1150311 0.2617314 0.3017949 0.2775924 0.2829197 0.2786083 0.2846828 0.2846828 0.2841370 0.2841370 0.2773878 0.2839266 0.2970794 0.7080811 0.3109896 0.2359043 0.2083935 0.2536029 0.2552733 0.2694786 0.2956492 
S0017_G4992_R1_U 0.2812906 0.1481665 0.2801519 0.3037783 0.3037783 0.2688915 0.2797048 0.2870986 0.2712442 0.2686405 0.2963217 0.2542044 0.2601517 0.2460191 0.2555250 0.2603324 0.3361924 0.2601552 0.3795465 0.5574278 1.1177844 1.2721903 1.2193802 1.0426692 0.6964791 1.1043058 0.0261059 0.0400784 0.0305821 0.0350299 0.0350299 0.0350490 0.0305821 0.0488833 0.0443147 0.0397229 0.0440222 0.0352192 0.0350490 0.0000000 0.0581021 0.0580011 0.0789558 0.0816107 0.1234006 0.0613785 0.1166092 0.0000010 0.0488833 0.0309110 0.0350299 0.1126900 0.1126900 0.1069856 0.0974886 0.0821034 0.5740278 0.2621959 0.9352522 0.2621959 0.1654541 0.0980757 0.0980757 0.1415112 0.2692306 0.2917338 0.2776155 0.2829438 0.2786316 0.2847074 0.2719812 0.2841615 0.2841615 0.2774108 0.2712611 0.2971067 0.7037795 0.2728954 0.2778201 0.2507469 0.2934776 0.2938009 0.3090937 0.3368840 
S0012_G4992_R1_A 0.3165512 0.1639129 0.3057301 0.3139239 0.3139239 0.2466058 0.2822781 0.2828665 0.2609822 0.2711233 0.2990722 0.2565489 0.2625466 0.2362481 0.2578923 0.2627315 0.3395118 0.2701526 0.3300610 0.4503944 1.1602055 1.3136270 1.2493758 0.9905612 0.7843843 1.0968595 0.0307302 0.0399979 0.0443229 0.0488659 0.0307583 0.0397846 0.0443229 0.0538102 0.0491868 0.0445343 0.0488609 0.0308804 0.0397262 0.0581021 0.0000000 0.0445295 0.0795718 0.0869284 0.0821085 0.0797031 0.0981831 0.0589831 0.0538102 0.0448055 0.0488659 0.1343450 0.1343450 0.1067577 0.1130750 0.0926013 0.6191028 0.2486702 0.8783588 0.2486702 0.1664226 0.1344620 0.1344620 0.0909855 0.2619599 0.3020928 0.2446753 0.2498744 0.2455802 0.2514292 0.2514292 0.2509516 0.2509516 0.2444999 0.2507708 0.2633842 0.6619208 0.2738617 0.2120932 0.1840973 0.2427637 0.2447957 0.2587750 0.2846264 
S0037_G4992_R1_A 0.3141771 0.1766287 0.3129098 0.3274039 0.3274039 0.2587498 0.2695431 0.2643854 0.2481473 0.2585108 0.2934547 0.2441972 0.2501212 0.2361102 0.2454641 0.2502907 0.3248573 0.2354807 0.3601169 0.4422116 1.1534815 1.2764019 1.2128638 1.0344209 0.7660362 1.1445991 0.0306795 0.0352821 0.0442479 0.0487824 0.0396962 0.0397178 0.0442479 0.0445198 0.0217077 0.0172975 0.0396917 0.0399113 0.0488094 0.0580011 0.0445295 0.0000000 0.0603546 0.0677491 0.1120788 0.0560295 0.1365633 0.0588793 0.0445198 0.0447280 0.0487824 0.1190299 0.1190299 0.1124451 0.1128550 0.0872964 0.6251227 0.2587264 0.8824502 0.2587264 0.1834180 0.1239002 0.1239002 0.0909855 0.2900398 0.3016672 0.2923175 0.2977107 0.2900959 0.2995699 0.2995699 0.2989926 0.2989926 0.2920991 0.2987682 0.3121828 0.6853088 0.3011509 0.2542441 0.2266239 0.2834948 0.2961319 0.3114993 0.3660432 
S0005_G4992_R1_A 0.3939356 0.1905297 0.4050260 0.4116554 0.4116554 0.3474425 0.3512638 0.3338173 0.3134680 0.3352331 0.3561642 0.3137606 0.3223580 0.3014479 0.3160829 0.3227181 0.4436593 0.2818160 0.4560637 0.3418267 1.0885377 1.2582850 1.2453164 1.1241729 0.5563912 0.9603623 0.0537457 0.0739500 0.0599314 0.0661267 0.0537051 0.0663118 0.0662610 0.0662822 0.0795881 0.0730572 0.0725928 0.0667445 0.0789539 0.0789558 0.0795718 0.0603546 0.0000000 0.0000010 0.1271467 0.0000010 0.1286198 0.0805914 0.0662822 0.0608150 0.0661267 0.1066535 0.1066535 0.1005525 0.1074907 0.0862598 0.4894474 0.2406272 0.6734722 0.2406272 0.1723175 0.1077822 0.1077822 0.1158222 0.3554131 0.4005121 0.2245643 0.2327363 0.2243532 0.2333244 0.2251307 0.2327363 0.2327363 0.2243532 0.2243532 0.2489943 0.4389576 0.2198625 0.2163219 0.2163219 0.2163219 0.2168835 0.2322736 0.2915329 
S0005_G4992_R4_A 0.2875701 0.1474755 0.3008757 0.3001265 0.3001265 0.2706263 0.2608074 0.2680266 0.2519297 0.2499116 0.2768745 0.2358476 0.2416914 0.2279265 0.2370571 0.2418499 0.3286905 0.1872968 0.3437543 0.3418267 1.0771318 1.2118421 1.2011396 1.0502185 0.5563912 0.9372304 0.0534311 0.0683689 0.0580381 0.0626445 0.0534014 0.0627745 0.0674388 0.0677524 0.0725715 0.0677551 0.0627334 0.0630797 0.0721401 0.0816107 0.0869284 0.0677491 0.0000010 0.0000000 0.1231571 0.0000010 0.1166565 0.0828648 0.0677524 0.0586723 0.0626445 0.1083377 0.1083377 0.0928588 0.1030829 0.0874768 0.5976430 0.2697931 0.9251865 0.2697931 0.1828096 0.1241451 0.1241451 0.1158222 0.2957490 0.3400435 0.2713294 0.2766255 0.2723230 0.2783468 0.2783468 0.2778147 0.2778147 0.2711306 0.2776103 0.2906422 0.6495123 0.2985911 0.2517807 0.2380217 0.2809974 0.2936418 0.3088847 0.3630661 
S0035_G4992_R1_U 0.4455675 0.3035602 0.4502106 0.4361174 0.4361174 0.4163721 0.4353864 0.4106642 0.4019964 0.4199939 0.4398984 0.3986972 0.4069856 0.3787579 0.3833364 0.3893090 0.4515019 0.3938583 0.2885519 0.4503944 1.0926704 1.2601806 1.1822328 1.0638809 0.6848635 1.1483051 0.0877720 0.1002179 0.1054766 0.1113372 0.0940211 0.0995986 0.1054766 0.0937276 0.0997995 0.1060591 0.0932545 0.0882841 0.0994101 0.1234006 0.0821085 0.1120788 0.1271467 0.1231571 0.0000000 0.1255249 0.0000010 0.1257506 0.0937276 0.1069043 0.1113372 0.2121286 0.2121286 0.1827837 0.1694264 0.1559480 0.6354278 0.3169460 0.8791034 0.3169460 0.2422631 0.2124715 0.2124715 0.1424960 0.3874689 0.4458266 0.3036283 0.3100929 0.3049410 0.3058898 0.3058898 0.2954220 0.2954220 0.3033564 0.3113984 0.3276129 0.6806892 0.2340727 0.2022390 0.2022390 0.2022390 0.2027600 0.2178333 0.2472290 
S0005_G4992_R2_A 0.1687477 0.1474755 0.1975395 0.1995680 0.1995680 0.1791166 0.1439923 0.1714993 0.1500429 0.1445842 0.1806609 0.1445853 0.1510549 0.1439923 0.1433496 0.1499573 0.1965351 0.0654661 0.2563314 0.2589742 1.1196505 1.2220119 1.2636060 1.1326038 0.4743976 0.9688287 0.0385306 0.0566702 0.0442110 0.0498772 0.0442110 0.0499706 0.0557076 0.0619272 0.0502307 0.0502307 0.0499294 0.0502746 0.0557467 0.0613785 0.0797031 0.0560295 0.0000010 0.0000010 0.1255249 0.0000000 0.1183988 0.0613785 0.0619272 0.0442110 0.0498772 0.1129557 0.1129557 0.0801114 0.1056522 0.0681477 0.8138394 0.3230854 1.3899860 0.3230854 0.2009371 0.1058067 0.1058067 0.0000010 0.2967887 0.3400435 0.3243774 0.3312966 0.3349109 0.3430436 0.3430436 0.3422072 0.3422072 0.3330813 0.3418742 0.3503043 1.0025694 0.4185438 0.3749636 0.3571072 0.4160719 0.4074295 0.4384753 0.4905117 
