53
S0039_G5032_R1_A 0.0000000 0.0160712 0.3469807 0.3250230 0.3594279 0.3519426 0.3967693 0.3424436 0.4772587 0.4830035 0.3385932 0.3309949 0.3495513 0.3360829 0.3484298 0.3366260 0.3700042 0.3447599 0.3539206 0.3267984 0.3413270 0.3546352 0.3399421 0.3393945 0.3281706 0.3683120 0.3478982 0.3571791 0.3267989 0.3402254 0.3553100 0.3457086 0.3676317 0.3945236 0.3437455 0.4381278 0.7416036 0.6831082 0.6331488 0.6558059 0.6241907 0.6138298 0.6286808 0.6755264 0.8473872 0.8190938 0.8118457 0.8175555 0.8056294 0.8247398 0.8367089 0.8129824 0.8547686 
S0051_G5032_R1_A 0.0160712 0.0000000 0.3401597 0.3232259 0.3624937 0.3525325 0.4101916 0.3384205 0.4810436 0.4867992 0.3532051 0.3431857 0.3645194 0.3505477 0.3583495 0.3512257 0.3853284 0.3594625 0.3689883 0.3411908 0.3514826 0.3696015 0.3545607 0.3540550 0.3476916 0.3835319 0.3626888 0.3671869 0.3457110 0.3501248 0.3703247 0.3555166 0.3829932 0.4053868 0.3513156 0.4482888 0.7493203 0.7042875 0.6487654 0.6758014 0.6469066 0.6359078 0.6541223 0.6791165 0.8300225 0.8022436 0.7950332 0.8006641 0.7889002 0.8079563 0.8197779 0.8032421 0.8439680 
S0027_G5032_R1_A 0.3469807 0.3401597 0.0000000 0.1166537 0.1662554 0.1042963 0.2440779 0.1488958 0.5074767 0.5055963 0.2532052 0.2573054 0.2657264 0.2557324 0.2513906 0.2740558 0.2962121 0.2512292 0.2743623 0.2520559 0.2655950 0.2488906 0.2633974 0.2488394 0.2521902 0.2987896 0.2635856 0.2677170 0.2754822 0.2575956 0.2539907 0.2544482 0.2951738 0.2991740 0.2517692 0.3961946 0.7103078 0.6215371 0.5900202 0.6137432 0.5931504 0.5689186 0.5804785 0.6354907 0.8024809 0.8084473 0.7659995 0.7780264 0.7691766 0.7610002 0.7778892 0.7854659 0.7988627 
S0008_G5032_R1_A 0.3250230 0.3232259 0.1166537 0.0000000 0.1452585 0.0944803 0.1962618 0.1262094 0.4768738 0.4752057 0.2126170 0.2169072 0.2270808 0.2169126 0.2291774 0.2414572 0.2500156 0.2109820 0.2345615 0.2064035 0.2211984 0.2133853 0.2261323 0.2162502 0.2205953 0.2509433 0.2189159 0.2206791 0.2280842 0.2216164 0.2307606 0.2102507 0.2654012 0.2499971 0.2110274 0.3238198 0.6603360 0.5674281 0.5620828 0.5701912 0.5581635 0.5271107 0.5403031 0.6232891 0.7215774 0.7201208 0.6914997 0.6977273 0.6819725 0.6899452 0.7053563 0.6911070 0.7027973 
S0034_G5032_R1_A 0.3594279 0.3624937 0.1662554 0.1452585 0.0000000 0.1614908 0.2638797 0.1402142 0.5693804 0.5634247 0.2736423 0.2771910 0.2931775 0.2771977 0.2999569 0.3020742 0.3118141 0.2671084 0.3037737 0.2645339 0.2801981 0.2763181 0.2869615 0.2731373 0.2760131 0.3140440 0.2773478 0.2813626 0.2918588 0.2839129 0.2925142 0.2733383 0.3315840 0.3006181 0.2824351 0.3886371 0.7410511 0.6263853 0.6136488 0.6136107 0.6015447 0.5944605 0.6012389 0.6784071 0.8003276 0.8066886 0.7754808 0.7773894 0.7685308 0.7720189 0.7891372 0.7636555 0.7889914 
S0014_G5032_R1_A 0.3519426 0.3525325 0.1042963 0.0944803 0.1614908 0.0000000 0.2212029 0.1479447 0.5005770 0.4987540 0.2463740 0.2404617 0.2518652 0.2504134 0.2606612 0.2663046 0.2840731 0.2406471 0.2673686 0.2357183 0.2533956 0.2393890 0.2525274 0.2479558 0.2433511 0.2846489 0.2454648 0.2482431 0.2670063 0.2475467 0.2544144 0.2436332 0.2979955 0.2870964 0.2522990 0.3734425 0.6951224 0.6223838 0.6103702 0.6220377 0.6049808 0.5825651 0.5673115 0.6823099 0.7822417 0.7843595 0.7434830 0.7487798 0.7436487 0.7416973 0.7579604 0.7481645 0.7687177 
S0033_G5032_R1_A 0.3967693 0.4101916 0.2440779 0.1962618 0.2638797 0.2212029 0.0000000 0.2375689 0.5145718 0.5126606 0.1900085 0.1916844 0.1965687 0.1969292 0.2106753 0.2186352 0.2302245 0.1852447 0.2187128 0.1916280 0.1909583 0.1911557 0.2067477 0.1922778 0.1994475 0.2290918 0.1881188 0.1947007 0.2032350 0.1884485 0.2089655 0.1933032 0.2422036 0.2115531 0.1707272 0.3152447 0.6666647 0.5893197 0.5779420 0.5932504 0.5816065 0.5491913 0.5541398 0.6161850 0.7774650 0.7930101 0.7566232 0.7662871 0.7534122 0.7445380 0.7607400 0.7575624 0.7671851 
S0015_G5032_R1_A 0.3424436 0.3384205 0.1488958 0.1262094 0.1402142 0.1479447 0.2375689 0.0000000 0.5181705 0.5124873 0.2611865 0.2645987 0.2825601 0.2648387 0.2730985 0.2954684 0.3034177 0.2648720 0.2874304 0.2593226 0.2742460 0.2703615 0.2758435 0.2629509 0.2697351 0.3031816 0.2719654 0.2762971 0.2938566 0.2628333 0.2849304 0.2702070 0.3083087 0.3051419 0.2690159 0.3946254 0.7456581 0.6016449 0.6043568 0.6043276 0.5979091 0.5839307 0.5965264 0.6493838 0.7163388 0.7320618 0.6991390 0.7050240 0.6847831 0.6944831 0.7102073 0.6982085 0.7223192 
S0009_G5032_R1_A 0.4772587 0.4810436 0.5074767 0.4768738 0.5693804 0.5005770 0.5145718 0.5181705 0.0000000 0.0063336 0.4244130 0.4338310 0.4485717 0.4592828 0.4493030 0.4542053 0.4447786 0.4348211 0.4540608 0.4363081 0.4496556 0.4352085 0.4374136 0.4486987 0.4447559 0.4483392 0.4404672 0.4550198 0.4227344 0.4413442 0.4359354 0.4386600 0.5098892 0.5303401 0.4755998 0.5955523 0.8233337 0.8780583 0.8015836 0.8329622 0.8235826 0.7989267 0.8169527 0.8082816 0.9855457 0.9835702 0.9474580 0.9811300 0.9822854 0.9664094 0.9836165 0.9735646 0.9651701 
S0010_G5032_R1_A 0.4830035 0.4867992 0.5055963 0.4752057 0.5634247 0.4987540 0.5126606 0.5124873 0.0063336 0.0000000 0.4229947 0.4323725 0.4470325 0.4577017 0.4546486 0.4526344 0.4371886 0.4333728 0.4524927 0.4348463 0.4481240 0.4337563 0.4392165 0.4443384 0.4432149 0.4407657 0.4389810 0.4534624 0.4268665 0.4398624 0.4344773 0.4371791 0.5079659 0.5283120 0.4747319 0.5855133 0.8263583 0.8772087 0.8005067 0.8319771 0.8225641 0.8063847 0.8246175 0.8112461 1.0022832 1.0001376 0.9633740 0.9977666 0.9988851 0.9826474 1.0001854 0.9899181 0.9832159 
S0002_G5032_R1_A 0.3385932 0.3532051 0.2532052 0.2126170 0.2736423 0.2463740 0.1900085 0.2611865 0.4244130 0.4229947 0.0000000 0.0303068 0.0397470 0.0381528 0.0521126 0.0490743 0.0530712 0.0328161 0.0518149 0.0329592 0.0381813 0.0384017 0.0426221 0.0370126 0.0418317 0.0542670 0.0381057 0.0380336 0.0439206 0.0397770 0.0489787 0.0408703 0.0661458 0.1583869 0.1293724 0.2798924 0.6999000 0.5776376 0.5415291 0.5547419 0.5395351 0.4966914 0.5375153 0.5912202 0.6475202 0.6511805 0.6237043 0.6289261 0.6213337 0.6172781 0.6243874 0.6366014 0.6621323 
S0020_G5032_R1_A 0.3309949 0.3431857 0.2573054 0.2169072 0.2771910 0.2404617 0.1916844 0.2645987 0.4338310 0.4323725 0.0303068 0.0000000 0.0367854 0.0365791 0.0544913 0.0567756 0.0567128 0.0325992 0.0528178 0.0352599 0.0392313 0.0407985 0.0410388 0.0328513 0.0403404 0.0578965 0.0391375 0.0377610 0.0435626 0.0329578 0.0459899 0.0406291 0.0698797 0.1521311 0.1251140 0.2747585 0.7023835 0.5820447 0.5487177 0.5651601 0.5467285 0.5013570 0.5406356 0.6209704 0.6287540 0.6367341 0.6057276 0.6195147 0.6170483 0.6050808 0.6182631 0.6238516 0.6574470 
S0019_G5032_R1_A 0.3495513 0.3645194 0.2657264 0.2270808 0.2931775 0.2518652 0.1965687 0.2825601 0.4485717 0.4470325 0.0397470 0.0367854 0.0000000 0.0432904 0.0603104 0.0625785 0.0638203 0.0393032 0.0584576 0.0406415 0.0434172 0.0490504 0.0493085 0.0449054 0.0446558 0.0663466 0.0446647 0.0445583 0.0437197 0.0450287 0.0570131 0.0501713 0.0758711 0.1704680 0.1352367 0.2904424 0.7199675 0.6010810 0.5551330 0.5781701 0.5593307 0.5220617 0.5593621 0.6067255 0.6449220 0.6471788 0.6236944 0.6289342 0.6264182 0.6172468 0.6308081 0.6366365 0.6605147 
S0026_G5032_R1_A 0.3360829 0.3505477 0.2557324 0.2169126 0.2771977 0.2504134 0.1969292 0.2648387 0.4592828 0.4577017 0.0381528 0.0365791 0.0432904 0.0000000 0.0542479 0.0619464 0.0632694 0.0363447 0.0552477 0.0403192 0.0404061 0.0472991 0.0461535 0.0392390 0.0455778 0.0617526 0.0390270 0.0402367 0.0474274 0.0461243 0.0539105 0.0470412 0.0752376 0.1653294 0.1325469 0.2965860 0.7057778 0.5728516 0.5305379 0.5465201 0.5361354 0.4836651 0.5265602 0.5966406 0.6343510 0.6366246 0.6113854 0.6164162 0.6139773 0.6052540 0.6183207 0.6214638 0.6478196 
S0046_G5032_R1_A 0.3484298 0.3583495 0.2513906 0.2291774 0.2999569 0.2606612 0.2106753 0.2730985 0.4493030 0.4546486 0.0521126 0.0544913 0.0603104 0.0542479 0.0000000 0.0738842 0.0767360 0.0487755 0.0642879 0.0570671 0.0500333 0.0602597 0.0529916 0.0503249 0.0572924 0.0751295 0.0569488 0.0554825 0.0647060 0.0575723 0.0669562 0.0599248 0.0831967 0.1773715 0.1443113 0.3087901 0.6987929 0.5751895 0.5457104 0.5647167 0.5491322 0.4942874 0.5319911 0.6342134 0.6370439 0.6326136 0.6137556 0.6188573 0.6133785 0.6075267 0.6207677 0.6342665 0.6527750 
S0013_G5032_R1_A 0.3366260 0.3512257 0.2740558 0.2414572 0.3020742 0.2663046 0.2186352 0.2954684 0.4542053 0.4526344 0.0490743 0.0567756 0.0625785 0.0619464 0.0738842 0.0000000 0.0759342 0.0550324 0.0692313 0.0593023 0.0620235 0.0625338 0.0654979 0.0608803 0.0610474 0.0770970 0.0577289 0.0590711 0.0626038 0.0640717 0.0679852 0.0635034 0.0869318 0.1843657 0.1525107 0.2957847 0.7149789 0.5899070 0.5539493 0.5676574 0.5491029 0.5033207 0.5429731 0.5998389 0.6627879 0.6483489 0.6419684 0.6336373 0.6415221 0.6321729 0.6457859 0.6517255 0.6790974 
S0050_G5032_R1_A 0.3700042 0.3853284 0.2962121 0.2500156 0.3118141 0.2840731 0.2302245 0.3034177 0.4447786 0.4371886 0.0530712 0.0567128 0.0638203 0.0632694 0.0767360 0.0759342 0.0000000 0.0536813 0.0747137 0.0579367 0.0565663 0.0679516 0.0683040 0.0608707 0.0665877 0.0134132 0.0645560 0.0617061 0.0738800 0.0639137 0.0734032 0.0635175 0.0899997 0.1865626 0.1478527 0.2997098 0.7166083 0.5872575 0.5603732 0.5744717 0.5583830 0.5135177 0.5558156 0.6299881 0.6479411 0.6466368 0.6244737 0.6328123 0.6271508 0.6214968 0.6348773 0.6403965 0.6675227 
S0023_G5032_R1_A 0.3447599 0.3594625 0.2512292 0.2109820 0.2671084 0.2406471 0.1852447 0.2648720 0.4348211 0.4333728 0.0328161 0.0325992 0.0393032 0.0363447 0.0487755 0.0550324 0.0536813 0.0000000 0.0484665 0.0350961 0.0363836 0.0379499 0.0407712 0.0352146 0.0387379 0.0548610 0.0375944 0.0348805 0.0460615 0.0406868 0.0510929 0.0403499 0.0694079 0.1544225 0.1211468 0.2935890 0.7028059 0.5724780 0.5436154 0.5598341 0.5416466 0.4923802 0.5356267 0.6153228 0.6411384 0.6371255 0.6148069 0.6198679 0.6174209 0.6086212 0.6217545 0.6273421 0.6463917 
S0037_G5032_R1_U 0.3539206 0.3689883 0.2743623 0.2345615 0.3037737 0.2673686 0.2187128 0.2874304 0.4540608 0.4524927 0.0518149 0.0528178 0.0584576 0.0552477 0.0642879 0.0692313 0.0747137 0.0484665 0.0000000 0.0553761 0.0567234 0.0543340 0.0573506 0.0555703 0.0540918 0.0788442 0.0459429 0.0511333 0.0614133 0.0599894 0.0735844 0.0553904 0.0872198 0.1731471 0.1464672 0.3212651 0.7172679 0.6066957 0.5691132 0.5860435 0.5670919 0.5288972 0.5667754 0.6254676 0.6503580 0.6486977 0.6388491 0.6441784 0.6416491 0.6322128 0.6459514 0.6545921 0.6794314 
S0022_G5032_R1_A 0.3267984 0.3411908 0.2520559 0.2064035 0.2645339 0.2357183 0.1916280 0.2593226 0.4363081 0.4348463 0.0329592 0.0352599 0.0406415 0.0403192 0.0570671 0.0593023 0.0579367 0.0350961 0.0553761 0.0000000 0.0377440 0.0406971 0.0422828 0.0405835 0.0442821 0.0564438 0.0429633 0.0415740 0.0476269 0.0447436 0.0566495 0.0418580 0.0711166 0.1572912 0.1264905 0.2898161 0.7271822 0.5866163 0.5529700 0.5665736 0.5509833 0.5031506 0.5420724 0.5900681 0.6285344 0.6308592 0.6056157 0.6106326 0.6081893 0.5995313 0.6125813 0.6095198 0.6360632 
S0030_G5032_R1_A 0.3413270 0.3514826 0.2655950 0.2211984 0.2801981 0.2533956 0.1909583 0.2742460 0.4496556 0.4481240 0.0381813 0.0392313 0.0434172 0.0404061 0.0500333 0.0620235 0.0565663 0.0363836 0.0567234 0.0377440 0.0000000 0.0420531 0.0449169 0.0391690 0.0429244 0.0590916 0.0442701 0.0428753 0.0529630 0.0447831 0.0593602 0.0457754 0.0752942 0.1613818 0.1293821 0.2828965 0.7001616 0.5728618 0.5439356 0.5601838 0.5419637 0.4920881 0.5354523 0.6022081 0.6285272 0.6274010 0.6054704 0.6171042 0.6080589 0.5993518 0.6124780 0.6065950 0.6449784 
S0031_G5032_R1_A 0.3546352 0.3696015 0.2488906 0.2133853 0.2763181 0.2393890 0.1911557 0.2703615 0.4352085 0.4337563 0.0384017 0.0407985 0.0490504 0.0472991 0.0602597 0.0625338 0.0679516 0.0379499 0.0543340 0.0406971 0.0420531 0.0000000 0.0451867 0.0434445 0.0458372 0.0691288 0.0446032 0.0444970 0.0533203 0.0504882 0.0610380 0.0314624 0.0801764 0.1566313 0.1210472 0.3002110 0.7033396 0.5836900 0.5579345 0.5746777 0.5527195 0.5063112 0.5456690 0.5897563 0.6248570 0.6370894 0.6054480 0.6104538 0.6050421 0.5993775 0.6123997 0.6178844 0.6497518 
S0004_G5032_R1_A 0.3399421 0.3545607 0.2633974 0.2261323 0.2869615 0.2525274 0.2067477 0.2758435 0.4374136 0.4392165 0.0426221 0.0410388 0.0493085 0.0461535 0.0529916 0.0654979 0.0683040 0.0407712 0.0573506 0.0422828 0.0449169 0.0451867 0.0000000 0.0450422 0.0460816 0.0694868 0.0488172 0.0473867 0.0550205 0.0494197 0.0558986 0.0489295 0.0731713 0.1654265 0.1360528 0.3053277 0.6935880 0.5946652 0.5462878 0.5565046 0.5467502 0.4913618 0.5405436 0.6239069 0.6214986 0.6238949 0.5985503 0.6035692 0.6011112 0.5925011 0.6055796 0.6130304 0.6374411 
S0028_G5032_R1_A 0.3393945 0.3540550 0.2488394 0.2162502 0.2731373 0.2479558 0.1922778 0.2629509 0.4486987 0.4443384 0.0370126 0.0328513 0.0449054 0.0392390 0.0503249 0.0608803 0.0608707 0.0352146 0.0555703 0.0405835 0.0391690 0.0434445 0.0450422 0.0000000 0.0417313 0.0579416 0.0405012 0.0391170 0.0517319 0.0396987 0.0501249 0.0419403 0.0699774 0.1542818 0.1223825 0.2838712 0.7275841 0.5847972 0.5462765 0.5627682 0.5442784 0.4936154 0.5349397 0.6116404 0.6331003 0.6336455 0.6092392 0.6198935 0.6174259 0.6106905 0.6239464 0.6274307 0.6589920 
S0016_G5032_R1_A 0.3281706 0.3476916 0.2521902 0.2205953 0.2760131 0.2433511 0.1994475 0.2697351 0.4447559 0.4432149 0.0418317 0.0403404 0.0446558 0.0455778 0.0572924 0.0610474 0.0665877 0.0387379 0.0540918 0.0442821 0.0429244 0.0458372 0.0460816 0.0417313 0.0000000 0.0677904 0.0468759 0.0441042 0.0544986 0.0474771 0.0596229 0.0442268 0.0744098 0.1634898 0.1299475 0.2888727 0.7024977 0.5705557 0.5431224 0.5560148 0.5352260 0.4939681 0.5240769 0.5746748 0.6152666 0.6267355 0.5967283 0.6037753 0.6056307 0.5981334 0.6114001 0.6195985 0.6397233 
S0048_G5032_R1_A 0.3683120 0.3835319 0.2987896 0.2509433 0.3140440 0.2846489 0.2290918 0.3031816 0.4483392 0.4407657 0.0542670 0.0578965 0.0663466 0.0617526 0.0751295 0.0770970 0.0134132 0.0548610 0.0788442 0.0564438 0.0590916 0.0691288 0.0694868 0.0579416 0.0677904 0.0000000 0.0630343 0.0602017 0.0735756 0.0637523 0.0718246 0.0631689 0.0911628 0.1858503 0.1474316 0.3029191 0.7180505 0.5867240 0.5572328 0.5711405 0.5552648 0.5157738 0.5579212 0.6182530 0.6470408 0.6457467 0.6236271 0.6319477 0.6262962 0.6173068 0.6305997 0.6395174 0.6665077 
S0021_G5032_R2_A 0.3478982 0.3626888 0.2635856 0.2189159 0.2773478 0.2454648 0.1881188 0.2719654 0.4404672 0.4389810 0.0381057 0.0391375 0.0446647 0.0390270 0.0569488 0.0577289 0.0645560 0.0375944 0.0459429 0.0429633 0.0442701 0.0446032 0.0488172 0.0405012 0.0468759 0.0630343 0.0000000 0.0234052 0.0460638 0.0474015 0.0565447 0.0456835 0.0720337 0.1549036 0.1260507 0.3044736 0.7028275 0.5893924 0.5504250 0.5668744 0.5537125 0.5034651 0.5423448 0.6131041 0.6329167 0.6418924 0.6164163 0.6215065 0.6190485 0.6101872 0.6233899 0.6290174 0.6622696 
S0021_G5032_R1_A 0.3571791 0.3671869 0.2677170 0.2206791 0.2813626 0.2482431 0.1947007 0.2762971 0.4550198 0.4534624 0.0380336 0.0377610 0.0445583 0.0402367 0.0554825 0.0590711 0.0617061 0.0348805 0.0511333 0.0415740 0.0428753 0.0444970 0.0473867 0.0391170 0.0441042 0.0602017 0.0234052 0.0000000 0.0527326 0.0459793 0.0537735 0.0468945 0.0736018 0.1648698 0.1292286 0.2994463 0.7044668 0.5889931 0.5501319 0.5664887 0.5481548 0.5034269 0.5420957 0.6139187 0.6387978 0.6534320 0.6221539 0.6272855 0.6248186 0.6158449 0.6291348 0.6348341 0.6693084 
S0011_G5032_R1_A 0.3267989 0.3457110 0.2754822 0.2280842 0.2918588 0.2670063 0.2032350 0.2938566 0.4227344 0.4268665 0.0439206 0.0435626 0.0437197 0.0474274 0.0647060 0.0626038 0.0738800 0.0460615 0.0614133 0.0476269 0.0529630 0.0533203 0.0550205 0.0517319 0.0544986 0.0735756 0.0460638 0.0527326 0.0000000 0.0532957 0.0654789 0.0530005 0.0817406 0.1630498 0.1371950 0.2903828 0.6698933 0.5658045 0.5312806 0.5473275 0.5293169 0.4756283 0.5186475 0.5782661 0.6215916 0.6186254 0.6001522 0.6051193 0.6026898 0.5908769 0.6008177 0.6125136 0.6541311 
S0036_G5032_R1_A 0.3402254 0.3501248 0.2575956 0.2216164 0.2839129 0.2475467 0.1884485 0.2628333 0.4413442 0.4398624 0.0397770 0.0329578 0.0450287 0.0461243 0.0575723 0.0640717 0.0639137 0.0406868 0.0599894 0.0447436 0.0447831 0.0504882 0.0494197 0.0396987 0.0474771 0.0637523 0.0474015 0.0459793 0.0532957 0.0000000 0.0544694 0.0489373 0.0788290 0.1640088 0.1362337 0.2893141 0.6974401 0.5815668 0.5551276 0.5663807 0.5478102 0.5081120 0.5461711 0.6046012 0.6312282 0.6392622 0.6079494 0.6218735 0.6161851 0.6072731 0.6205923 0.6262540 0.6598248 
S0017_G5032_R1_A 0.3553100 0.3703247 0.2539907 0.2307606 0.2925142 0.2544144 0.2089655 0.2849304 0.4359354 0.4344773 0.0489787 0.0459899 0.0570131 0.0539105 0.0669562 0.0679852 0.0734032 0.0510929 0.0735844 0.0566495 0.0593602 0.0610380 0.0558986 0.0501249 0.0596229 0.0718246 0.0565447 0.0537735 0.0654789 0.0544694 0.0000000 0.0608525 0.0800223 0.1760913 0.1448650 0.3151175 0.7102348 0.5820847 0.5381462 0.5679335 0.5494686 0.5035898 0.5260623 0.6116116 0.6347042 0.6379672 0.6070163 0.6242027 0.6217347 0.6063572 0.6195215 0.6319462 0.6693281 
S0018_G5032_R1_A 0.3457086 0.3555166 0.2544482 0.2102507 0.2733383 0.2436332 0.1933032 0.2702070 0.4386600 0.4371791 0.0408703 0.0406291 0.0501713 0.0470412 0.0599248 0.0635034 0.0635175 0.0403499 0.0553904 0.0418580 0.0457754 0.0314624 0.0489295 0.0419403 0.0442268 0.0631689 0.0456835 0.0468945 0.0530005 0.0489373 0.0608525 0.0000000 0.0783036 0.1534657 0.1205946 0.2907266 0.7186985 0.5923599 0.5674077 0.5841826 0.5593646 0.5165547 0.5592193 0.6082558 0.6160248 0.6303459 0.5935771 0.6039714 0.5986003 0.5898026 0.6026261 0.6113339 0.6370225 
S0012_G5032_R1_A 0.3676317 0.3829932 0.2951738 0.2654012 0.3315840 0.2979955 0.2422036 0.3083087 0.5098892 0.5079659 0.0661458 0.0698797 0.0758711 0.0752376 0.0831967 0.0869318 0.0899997 0.0694079 0.0872198 0.0711166 0.0752942 0.0801764 0.0731713 0.0699774 0.0744098 0.0911628 0.0720337 0.0736018 0.0817406 0.0788290 0.0800223 0.0783036 0.0000000 0.2006536 0.1613527 0.3383869 0.7271458 0.5870918 0.5648413 0.5754177 0.5567829 0.5191234 0.5556851 0.6321956 0.6613707 0.6657483 0.6426181 0.6480345 0.6454712 0.6301825 0.6440524 0.6559161 0.6917795 
S0035_G5032_R1_A 0.3945236 0.4053868 0.2991740 0.2499971 0.3006181 0.2870964 0.2115531 0.3051419 0.5303401 0.5283120 0.1583869 0.1521311 0.1704680 0.1653294 0.1773715 0.1843657 0.1865626 0.1544225 0.1731471 0.1572912 0.1613818 0.1566313 0.1654265 0.1542818 0.1634898 0.1858503 0.1549036 0.1648698 0.1630498 0.1640088 0.1760913 0.1534657 0.2006536 0.0000000 0.1403099 0.3184849 0.7100908 0.6334325 0.6100080 0.6021422 0.5994787 0.5725046 0.5856221 0.6517466 0.7433586 0.7465105 0.7080603 0.7252915 0.7160775 0.6990675 0.7144889 0.7184420 0.7452693 
S0005_G5032_R1_A 0.3437455 0.3513156 0.2517692 0.2110274 0.2824351 0.2522990 0.1707272 0.2690159 0.4755998 0.4747319 0.1293724 0.1251140 0.1352367 0.1325469 0.1443113 0.1525107 0.1478527 0.1211468 0.1464672 0.1264905 0.1293821 0.1210472 0.1360528 0.1223825 0.1299475 0.1474316 0.1260507 0.1292286 0.1371950 0.1362337 0.1448650 0.1205946 0.1613527 0.1403099 0.0000000 0.2511801 0.6815634 0.5664215 0.5265077 0.5395918 0.5260933 0.5102795 0.5426961 0.6453152 0.7273395 0.7273860 0.6971363 0.7085736 0.6976057 0.6931082 0.7084729 0.7074592 0.7279238 
S0006_G5032_R1_A 0.4381278 0.4482888 0.3961946 0.3238198 0.3886371 0.3734425 0.3152447 0.3946254 0.5955523 0.5855133 0.2798924 0.2747585 0.2904424 0.2965860 0.3087901 0.2957847 0.2997098 0.2935890 0.3212651 0.2898161 0.2828965 0.3002110 0.3053277 0.2838712 0.2888727 0.3029191 0.3044736 0.2994463 0.2903828 0.2893141 0.3151175 0.2907266 0.3383869 0.3184849 0.2511801 0.0000000 0.7250534 0.6572853 0.6367442 0.6303635 0.6155074 0.6093172 0.6342552 0.6817379 0.8404921 0.8409341 0.8062605 0.8388298 0.8149641 0.8169526 0.8149515 0.8056389 0.8130478 
S0003_G5032_R1_N 0.7416036 0.7493203 0.7103078 0.6603360 0.7410511 0.6951224 0.6666647 0.7456581 0.8233337 0.8263583 0.6999000 0.7023835 0.7199675 0.7057778 0.6987929 0.7149789 0.7166083 0.7028059 0.7172679 0.7271822 0.7001616 0.7033396 0.6935880 0.7275841 0.7024977 0.7180505 0.7028275 0.7044668 0.6698933 0.6974401 0.7102348 0.7186985 0.7271458 0.7100908 0.6815634 0.7250534 0.0000000 0.5134197 0.5247467 0.5514568 0.5157411 0.5245281 0.5344066 0.6057399 0.8195157 0.7911738 0.7989510 0.7894039 0.7854632 0.8123223 0.8273781 0.8100037 0.8166432 
S0001_G5032_R1_A 0.6831082 0.7042875 0.6215371 0.5674281 0.6263853 0.6223838 0.5893197 0.6016449 0.8780583 0.8772087 0.5776376 0.5820447 0.6010810 0.5728516 0.5751895 0.5899070 0.5872575 0.5724780 0.6066957 0.5866163 0.5728618 0.5836900 0.5946652 0.5847972 0.5705557 0.5867240 0.5893924 0.5889931 0.5658045 0.5815668 0.5820847 0.5923599 0.5870918 0.6334325 0.5664215 0.6572853 0.5134197 0.0000000 0.0695889 0.0827584 0.0754235 0.1289185 0.1107549 0.5538979 0.9687509 0.9775582 0.9461990 0.9651015 0.9471989 0.9571335 0.9632134 0.9459043 0.9851748 
S0032_G5032_R1_N 0.6331488 0.6487654 0.5900202 0.5620828 0.6136488 0.6103702 0.5779420 0.6043568 0.8015836 0.8005067 0.5415291 0.5487177 0.5551330 0.5305379 0.5457104 0.5539493 0.5603732 0.5436154 0.5691132 0.5529700 0.5439356 0.5579345 0.5462878 0.5462765 0.5431224 0.5572328 0.5504250 0.5501319 0.5312806 0.5551276 0.5381462 0.5674077 0.5648413 0.6100080 0.5265077 0.6367442 0.5247467 0.0695889 0.0000000 0.0274113 0.0274392 0.0855561 0.0662523 0.5789146 0.9798298 0.9883138 0.9530562 0.9753775 0.9578819 0.9716973 0.9776500 0.9614320 1.0148153 
S0024_G5032_R1_A 0.6558059 0.6758014 0.6137432 0.5701912 0.6136107 0.6220377 0.5932504 0.6043276 0.8329622 0.8319771 0.5547419 0.5651601 0.5781701 0.5465201 0.5647167 0.5676574 0.5744717 0.5598341 0.5860435 0.5665736 0.5601838 0.5746777 0.5565046 0.5627682 0.5560148 0.5711405 0.5668744 0.5664887 0.5473275 0.5663807 0.5679335 0.5841826 0.5754177 0.6021422 0.5395918 0.6303635 0.5514568 0.0827584 0.0274113 0.0000000 0.0250085 0.1006450 0.0820688 0.6093061 1.0007793 1.0091172 0.9733561 0.9960211 0.9783274 0.9921249 0.9981661 0.9802329 1.0263627 
S0032_G5032_R2_N 0.6241907 0.6469066 0.5931504 0.5581635 0.6015447 0.6049808 0.5816065 0.5979091 0.8235826 0.8225641 0.5395351 0.5467285 0.5593307 0.5361354 0.5491322 0.5491029 0.5583830 0.5416466 0.5670919 0.5509833 0.5419637 0.5527195 0.5467502 0.5442784 0.5352260 0.5552648 0.5537125 0.5481548 0.5293169 0.5478102 0.5494686 0.5593646 0.5567829 0.5994787 0.5260933 0.6155074 0.5157411 0.0754235 0.0274392 0.0250085 0.0000000 0.0962633 0.0780656 0.5985826 0.9870268 0.9954389 0.9600969 0.9866877 0.9691235 0.9787355 0.9847036 0.9684815 0.9982269 
S0025_G5032_R1_A 0.6138298 0.6359078 0.5689186 0.5271107 0.5944605 0.5825651 0.5491913 0.5839307 0.7989267 0.8063847 0.4966914 0.5013570 0.5220617 0.4836651 0.4942874 0.5033207 0.5135177 0.4923802 0.5288972 0.5031506 0.4920881 0.5063112 0.4913618 0.4936154 0.4939681 0.5157738 0.5034651 0.5034269 0.4756283 0.5081120 0.5035898 0.5165547 0.5191234 0.5725046 0.5102795 0.6093172 0.5245281 0.1289185 0.0855561 0.1006450 0.0962633 0.0000000 0.0464619 0.5412613 0.8923894 0.9090172 0.8758638 0.9004087 0.8839621 0.8936963 0.8952949 0.8823168 0.9332396 
S0029_G5032_R1_A 0.6286808 0.6541223 0.5804785 0.5403031 0.6012389 0.5673115 0.5541398 0.5965264 0.8169527 0.8246175 0.5375153 0.5406356 0.5593621 0.5265602 0.5319911 0.5429731 0.5558156 0.5356267 0.5667754 0.5420724 0.5354523 0.5456690 0.5405436 0.5349397 0.5240769 0.5579212 0.5423448 0.5420957 0.5186475 0.5461711 0.5260623 0.5592193 0.5556851 0.5856221 0.5426961 0.6342552 0.5344066 0.1107549 0.0662523 0.0820688 0.0780656 0.0464619 0.0000000 0.5586124 0.9550190 0.9765930 0.9367288 0.9628810 0.9455391 0.9552311 0.9569829 0.9327332 1.0093141 
S0049_G5032_R1_A 0.6755264 0.6791165 0.6354907 0.6232891 0.6784071 0.6823099 0.6161850 0.6493838 0.8082816 0.8112461 0.5912202 0.6209704 0.6067255 0.5966406 0.6342134 0.5998389 0.6299881 0.6153228 0.6254676 0.5900681 0.6022081 0.5897563 0.6239069 0.6116404 0.5746748 0.6182530 0.6131041 0.6139187 0.5782661 0.6046012 0.6116116 0.6082558 0.6321956 0.6517466 0.6453152 0.6817379 0.6057399 0.5538979 0.5789146 0.6093061 0.5985826 0.5412613 0.5586124 0.0000000 0.7349624 0.7599055 0.7365939 0.7479361 0.7294856 0.7330459 0.7374803 0.7294181 0.7822618 
S0038_G5032_R1_A 0.8473872 0.8300225 0.8024809 0.7215774 0.8003276 0.7822417 0.7774650 0.7163388 0.9855457 1.0022832 0.6475202 0.6287540 0.6449220 0.6343510 0.6370439 0.6627879 0.6479411 0.6411384 0.6503580 0.6285344 0.6285272 0.6248570 0.6214986 0.6331003 0.6152666 0.6470408 0.6329167 0.6387978 0.6215916 0.6312282 0.6347042 0.6160248 0.6613707 0.7433586 0.7273395 0.8404921 0.8195157 0.9687509 0.9798298 1.0007793 0.9870268 0.8923894 0.9550190 0.7349624 0.0000000 0.0264023 0.0111196 0.0250871 0.0276635 0.0250462 0.0289845 0.0315299 0.0299859 
S0040_G5032_R1_N 0.8190938 0.8022436 0.8084473 0.7201208 0.8066886 0.7843595 0.7930101 0.7320618 0.9835702 1.0001376 0.6511805 0.6367341 0.6471788 0.6366246 0.6326136 0.6483489 0.6466368 0.6371255 0.6486977 0.6308592 0.6274010 0.6370894 0.6238949 0.6336455 0.6267355 0.6457467 0.6418924 0.6534320 0.6186254 0.6392622 0.6379672 0.6303459 0.6657483 0.7465105 0.7273860 0.8409341 0.7911738 0.9775582 0.9883138 1.0091172 0.9954389 0.9090172 0.9765930 0.7599055 0.0264023 0.0000000 0.0235771 0.0287020 0.0287207 0.0261173 0.0300349 0.0325634 0.0325086 
S0042_G5032_R1_N 0.8118457 0.7950332 0.7659995 0.6914997 0.7754808 0.7434830 0.7566232 0.6991390 0.9474580 0.9633740 0.6237043 0.6057276 0.6236944 0.6113854 0.6137556 0.6419684 0.6244737 0.6148069 0.6388491 0.6056157 0.6054704 0.6054480 0.5985503 0.6092392 0.5967283 0.6236271 0.6164163 0.6221539 0.6001522 0.6079494 0.6070163 0.5935771 0.6426181 0.7080603 0.6971363 0.8062605 0.7989510 0.9461990 0.9530562 0.9733561 0.9600969 0.8758638 0.9367288 0.7365939 0.0111196 0.0235771 0.0000000 0.0222852 0.0248215 0.0222496 0.0261190 0.0286289 0.0255046 
S0041_G5032_R1_N 0.8175555 0.8006641 0.7780264 0.6977273 0.7773894 0.7487798 0.7662871 0.7050240 0.9811300 0.9977666 0.6289261 0.6195147 0.6289342 0.6164162 0.6188573 0.6336373 0.6328123 0.6198679 0.6441784 0.6106326 0.6171042 0.6104538 0.6035692 0.6198935 0.6037753 0.6319477 0.6215065 0.6272855 0.6051193 0.6218735 0.6242027 0.6039714 0.6480345 0.7252915 0.7085736 0.8388298 0.7894039 0.9651015 0.9753775 0.9960211 0.9866877 0.9004087 0.9628810 0.7479361 0.0250871 0.0287020 0.0222852 0.0000000 0.0172576 0.0248071 0.0287061 0.0286778 0.0213104 
S0043_G5032_R1_N 0.8056294 0.7889002 0.7691766 0.6819725 0.7685308 0.7436487 0.7534122 0.6847831 0.9822854 0.9988851 0.6213337 0.6170483 0.6264182 0.6139773 0.6133785 0.6415221 0.6271508 0.6174209 0.6416491 0.6081893 0.6080589 0.6050421 0.6011112 0.6174259 0.6056307 0.6262962 0.6190485 0.6248186 0.6026898 0.6161851 0.6217347 0.5986003 0.6454712 0.7160775 0.6976057 0.8149641 0.7854632 0.9471989 0.9578819 0.9783274 0.9691235 0.8839621 0.9455391 0.7294856 0.0276635 0.0287207 0.0248215 0.0172576 0.0000000 0.0248234 0.0287249 0.0286966 0.0268663 
S0044_G5032_R1_N 0.8247398 0.8079563 0.7610002 0.6899452 0.7720189 0.7416973 0.7445380 0.6944831 0.9664094 0.9826474 0.6172781 0.6050808 0.6172468 0.6052540 0.6075267 0.6321729 0.6214968 0.6086212 0.6322128 0.5995313 0.5993518 0.5993775 0.5925011 0.6106905 0.5981334 0.6173068 0.6101872 0.6158449 0.5908769 0.6072731 0.6063572 0.5898026 0.6301825 0.6990675 0.6931082 0.8169526 0.8123223 0.9571335 0.9716973 0.9921249 0.9787355 0.8936963 0.9552311 0.7330459 0.0250462 0.0261173 0.0222496 0.0248071 0.0248234 0.0000000 0.0036441 0.0286312 0.0282559 
S0045_G5032_R2_A 0.8367089 0.8197779 0.7778892 0.7053563 0.7891372 0.7579604 0.7607400 0.7102073 0.9836165 1.0001854 0.6243874 0.6182631 0.6308081 0.6183207 0.6207677 0.6457859 0.6348773 0.6217545 0.6459514 0.6125813 0.6124780 0.6123997 0.6055796 0.6239464 0.6114001 0.6305997 0.6233899 0.6291348 0.6008177 0.6205923 0.6195215 0.6026261 0.6440524 0.7144889 0.7084729 0.8149515 0.8273781 0.9632134 0.9776500 0.9981661 0.9847036 0.8952949 0.9569829 0.7374803 0.0289845 0.0300349 0.0261190 0.0287061 0.0287249 0.0036441 0.0000000 0.0325682 0.0325114 
S0045_G5032_R1_A 0.8129824 0.8032421 0.7854659 0.6911070 0.7636555 0.7481645 0.7575624 0.6982085 0.9735646 0.9899181 0.6366014 0.6238516 0.6366365 0.6214638 0.6342665 0.6517255 0.6403965 0.6273421 0.6545921 0.6095198 0.6065950 0.6178844 0.6130304 0.6274307 0.6195985 0.6395174 0.6290174 0.6348341 0.6125136 0.6262540 0.6319462 0.6113339 0.6559161 0.7184420 0.7074592 0.8056389 0.8100037 0.9459043 0.9614320 0.9802329 0.9684815 0.8823168 0.9327332 0.7294181 0.0315299 0.0325634 0.0286289 0.0286778 0.0286966 0.0286312 0.0325682 0.0000000 0.0380384 
S0047_G5032_R1_N 0.8547686 0.8439680 0.7988627 0.7027973 0.7889914 0.7687177 0.7671851 0.7223192 0.9651701 0.9832159 0.6621323 0.6574470 0.6605147 0.6478196 0.6527750 0.6790974 0.6675227 0.6463917 0.6794314 0.6360632 0.6449784 0.6497518 0.6374411 0.6589920 0.6397233 0.6665077 0.6622696 0.6693084 0.6541311 0.6598248 0.6693281 0.6370225 0.6917795 0.7452693 0.7279238 0.8130478 0.8166432 0.9851748 1.0148153 1.0263627 0.9982269 0.9332396 1.0093141 0.7822618 0.0299859 0.0325086 0.0255046 0.0213104 0.0268663 0.0282559 0.0325114 0.0380384 0.0000000 
