56
S0051_G5090_R1_A 0.0000000 0.0058181 0.3091658 0.3082115 0.3156155 0.3269183 0.3629810 0.3135195 0.3058254 0.3269264 0.2885741 0.3026011 0.3189451 0.3164324 0.3023840 0.3052401 0.3234140 0.3282409 0.3163894 0.3229641 0.2993274 0.3045694 0.3304937 0.3244783 0.3159347 0.3634687 0.3116558 0.2863025 0.3224696 0.7895611 0.7691976 0.7877510 0.2727450 0.3202882 0.2406923 0.2593323 0.2707746 0.3532773 0.8608843 0.5021921 1.5453100 1.2705048 1.0829626 0.8555154 1.1605388 0.4637516 0.4254561 0.6230156 0.6230545 0.6376548 0.6377971 0.6415709 0.6401041 0.6233640 0.6320677 0.6265139 
S0039_G5090_R1_A 0.0058181 0.0000000 0.3207072 0.3197069 0.3272354 0.3387731 0.3821300 0.3251137 0.3172826 0.3389324 0.2968252 0.3139791 0.3306483 0.3280924 0.3139086 0.3166665 0.3351733 0.3401548 0.3280478 0.3309062 0.3107062 0.3161283 0.3358500 0.3362937 0.3276475 0.3764299 0.3184002 0.2974320 0.3318396 0.8129872 0.7922668 0.8111673 0.2810927 0.3294548 0.2488037 0.2676375 0.2792932 0.3633341 0.8732388 0.5111886 1.5453069 1.3104010 1.0913559 0.8645331 1.1698478 0.4684824 0.4232490 0.6309076 0.6309467 0.6418380 0.6457974 0.6495995 0.6481377 0.6236354 0.6285476 0.6230244 
S0002_G5090_R1_A 0.3091658 0.3207072 0.0000000 0.0275076 0.0403035 0.0359464 0.0309792 0.0461508 0.0273252 0.0513037 0.0357037 0.0289132 0.0302942 0.0346373 0.0236478 0.0288557 0.0468938 0.0470669 0.0569011 0.0422207 0.0331360 0.0434002 0.0539067 0.0521982 0.1577875 0.1480021 0.2479787 0.1393448 0.0302214 0.3496678 0.3363578 0.3602716 0.2455117 0.2073403 0.2466061 0.2322981 0.2442311 0.2705938 0.7492904 0.4558896 1.4135415 0.9629767 0.8268108 0.7081770 0.8468666 0.4460634 0.4317467 0.5179860 0.5208700 0.5137930 0.5310433 0.5319009 0.5276392 0.5076855 0.5146556 0.5223208 
S0011_G5090_R1_A 0.3082115 0.3197069 0.0275076 0.0000000 0.0418435 0.0360773 0.0268532 0.0477819 0.0330652 0.0590857 0.0432736 0.0347119 0.0332477 0.0375726 0.0352461 0.0317942 0.0515358 0.0470837 0.0571140 0.0453130 0.0361146 0.0464836 0.0555966 0.0508485 0.1684186 0.1583221 0.2577906 0.1439673 0.0360173 0.3565994 0.3406419 0.3621446 0.2524407 0.2238111 0.2530303 0.2431152 0.2575691 0.2779880 0.7427911 0.4559452 1.3995392 0.9443028 0.8291399 0.7100021 0.8324357 0.4380159 0.4278384 0.5266701 0.5295990 0.5319100 0.5399092 0.5395987 0.5364825 0.5193074 0.5264279 0.5284534 
S0004_G5090_R1_A 0.3156155 0.3272354 0.0403035 0.0418435 0.0000000 0.0345361 0.0393829 0.0461699 0.0430524 0.0558784 0.0551777 0.0360271 0.0359886 0.0375136 0.0425395 0.0389246 0.0528607 0.0499386 0.0659512 0.0451644 0.0402798 0.0507076 0.0689678 0.0506209 0.1725945 0.1575704 0.2531094 0.1416110 0.0489951 0.3510090 0.3377186 0.3667609 0.2533063 0.2327204 0.2549948 0.2400829 0.2521489 0.2879247 0.7213133 0.4478122 1.3886749 0.9353446 0.8193202 0.6830390 0.8503485 0.4509405 0.4057757 0.5186155 0.5215045 0.5088146 0.5316939 0.5325539 0.5282861 0.5082933 0.5152766 0.5229566 
S0016_G5090_R1_A 0.3269183 0.3387731 0.0359464 0.0360773 0.0345361 0.0000000 0.0349781 0.0345160 0.0386844 0.0407342 0.0475812 0.0260766 0.0302706 0.0346102 0.0380823 0.0345734 0.0468564 0.0470292 0.0583491 0.0392789 0.0373674 0.0446902 0.0613534 0.0448349 0.1773055 0.1425326 0.2468739 0.1464176 0.0445615 0.3452914 0.3347458 0.3585262 0.2587520 0.2277575 0.2504526 0.2519929 0.2643626 0.2736069 0.7327040 0.4475108 1.4019583 0.9248219 0.8049346 0.6945842 0.8349372 0.4805199 0.4262415 0.5268684 0.5234955 0.5079809 0.5336813 0.5345443 0.5334359 0.5102701 0.5172581 0.5164334 
S0019_G5090_R1_A 0.3629810 0.3821300 0.0309792 0.0268532 0.0393829 0.0349781 0.0000000 0.0328019 0.0266352 0.0489538 0.0437940 0.0331388 0.0287934 0.0395762 0.0274115 0.0353113 0.0513961 0.0563471 0.0760190 0.0377130 0.0351402 0.0438897 0.0463696 0.0481255 0.1950605 0.1513917 0.2544406 0.1542611 0.0266842 0.1038809 0.0934263 0.1210105 0.2906982 0.2410958 0.2601393 0.2523579 0.2645901 0.2991228 0.8473640 0.5534375 1.0733386 0.7778514 0.7142988 0.4623447 0.7069049 0.5610446 0.5626725 0.5509213 0.5583632 0.5564575 0.5666829 0.5632461 0.5758819 0.5442161 0.5460152 0.5632934 
S0031_G5090_R1_A 0.3135195 0.3251137 0.0461508 0.0477819 0.0461699 0.0345160 0.0328019 0.0000000 0.0460065 0.0392277 0.0583405 0.0360939 0.0373958 0.0389270 0.0454401 0.0447651 0.0574693 0.0576850 0.0721809 0.0496744 0.0461426 0.0552383 0.0690713 0.0434073 0.1849050 0.1539729 0.2604195 0.1445763 0.0519956 0.3557511 0.3372789 0.3664631 0.2665046 0.2298373 0.2613406 0.2552254 0.2696845 0.2882444 0.7247878 0.4701852 1.3913749 0.9150301 0.7889051 0.6872381 0.8179383 0.4511773 0.4411460 0.5296101 0.5325216 0.5168359 0.5427635 0.5436464 0.5393669 0.5191379 0.5261965 0.5339634 
S0020_G5090_R1_A 0.3058254 0.3172826 0.0273252 0.0330652 0.0430524 0.0386844 0.0266352 0.0460065 0.0000000 0.0556748 0.0429722 0.0316454 0.0358632 0.0373822 0.0321277 0.0344104 0.0438043 0.0498830 0.0567197 0.0420878 0.0387241 0.0490836 0.0507826 0.0491014 0.1725478 0.1473223 0.2558743 0.1335081 0.0329460 0.3505952 0.3273558 0.3635619 0.2516552 0.2091633 0.2461192 0.2364270 0.2441664 0.2700403 0.7323373 0.4705284 1.4220646 0.9238454 0.8102073 0.7151751 0.8404697 0.4473335 0.4314068 0.5238334 0.5267314 0.5196086 0.5369402 0.5378106 0.5335396 0.5134456 0.5204608 0.5219242 
S0018_G5090_R1_A 0.3269264 0.3389324 0.0513037 0.0590857 0.0558784 0.0407342 0.0489538 0.0392277 0.0556748 0.0000000 0.0640434 0.0484472 0.0453210 0.0483996 0.0492125 0.0544383 0.0644484 0.0664247 0.0765458 0.0596126 0.0543446 0.0590395 0.0795244 0.0590874 0.1875801 0.1573132 0.2376557 0.1562254 0.0634057 0.3771022 0.3626801 0.3966559 0.2591819 0.2274929 0.2512222 0.2475421 0.2663883 0.2835671 0.7137947 0.4692574 1.4196912 0.9752227 0.8239991 0.7147530 0.8618670 0.4658153 0.4398339 0.5326524 0.5356088 0.5196655 0.5460014 0.5469027 0.5457961 0.5220010 0.5260046 0.5370667 
S0022_G5090_R1_A 0.2885741 0.2968252 0.0357037 0.0432736 0.0551777 0.0475812 0.0437940 0.0583405 0.0429722 0.0640434 0.0000000 0.0399970 0.0384761 0.0475638 0.0391765 0.0399602 0.0529306 0.0546824 0.0585242 0.0434491 0.0474288 0.0583263 0.0537964 0.0631010 0.1608653 0.1499180 0.2356213 0.1429508 0.0446001 0.3548070 0.3358687 0.3657894 0.2326047 0.2015983 0.2257988 0.2350321 0.2474309 0.2716663 0.6874073 0.4376863 1.2746505 0.8962084 0.8171546 0.6884162 0.8392203 0.4139572 0.4225098 0.5551715 0.5548798 0.5382882 0.5655754 0.5665367 0.5587515 0.5342023 0.5350885 0.5563484 
S0023_G5090_R1_A 0.3026011 0.3139791 0.0289132 0.0347119 0.0360271 0.0260766 0.0331388 0.0360939 0.0316454 0.0484472 0.0399970 0.0000000 0.0232193 0.0274837 0.0279288 0.0260510 0.0423784 0.0425335 0.0567729 0.0348927 0.0274103 0.0375187 0.0523060 0.0420093 0.1610621 0.1329038 0.2383662 0.1336576 0.0374425 0.3462496 0.3280197 0.3567877 0.2533739 0.2147918 0.2456054 0.2379310 0.2522172 0.2695834 0.7065555 0.4548881 1.3869011 0.9489163 0.8202348 0.6974316 0.8575623 0.4601655 0.4320909 0.5395947 0.5425576 0.5265378 0.5529555 0.5538689 0.5495337 0.5288752 0.5360769 0.5440052 
S0026_G5090_R1_A 0.3189451 0.3306483 0.0302942 0.0332477 0.0359886 0.0302706 0.0287934 0.0373958 0.0358632 0.0453210 0.0384761 0.0232193 0.0000000 0.0231980 0.0249475 0.0260236 0.0408217 0.0424172 0.0596914 0.0362933 0.0287848 0.0389134 0.0522483 0.0404162 0.1712422 0.1350356 0.2397812 0.1405931 0.0359739 0.3504936 0.3322287 0.3610662 0.2538418 0.2231771 0.2365076 0.2468192 0.2590419 0.2809488 0.7075525 0.4518481 1.3839059 0.9304155 0.8097500 0.6939746 0.8463007 0.4698832 0.4378401 0.5236982 0.5265953 0.5110208 0.5368012 0.5376710 0.5334011 0.5133145 0.5141300 0.5280415 
S0028_G5090_R1_A 0.3164324 0.3280924 0.0346373 0.0375726 0.0375136 0.0346102 0.0395762 0.0389270 0.0373822 0.0483996 0.0475638 0.0274837 0.0231980 0.0000000 0.0337290 0.0331528 0.0453837 0.0424739 0.0583531 0.0378325 0.0330984 0.0403568 0.0583350 0.0477965 0.1674348 0.1501111 0.2377135 0.1443390 0.0432618 0.3639402 0.3453191 0.3747670 0.2478597 0.2137292 0.2361457 0.2369757 0.2489331 0.2778320 0.7212666 0.4656365 1.4253792 0.9210742 0.7914419 0.6846820 0.8266022 0.4471035 0.4242320 0.5115758 0.5144429 0.4990994 0.5245726 0.5254158 0.5211662 0.5013759 0.5082933 0.5158979 
S0030_G5090_R1_A 0.3023840 0.3139086 0.0236478 0.0352461 0.0425395 0.0380823 0.0274115 0.0454401 0.0321277 0.0492125 0.0391765 0.0279288 0.0249475 0.0337290 0.0000000 0.0264580 0.0441107 0.0488420 0.0593378 0.0414090 0.0307715 0.0411390 0.0515370 0.0532057 0.1589059 0.1268137 0.2334884 0.1398442 0.0380181 0.3545519 0.3358375 0.3654019 0.2508480 0.2157113 0.2410935 0.2400270 0.2546994 0.2696951 0.7264823 0.4434251 1.4948663 0.9758213 0.8453635 0.7175430 0.8763733 0.4464537 0.4326694 0.5298433 0.5360490 0.5331007 0.5412895 0.5421896 0.5475640 0.5266616 0.5339486 0.5419712 
S0046_G5090_R1_A 0.3052401 0.3166665 0.0288557 0.0317942 0.0389246 0.0345734 0.0353113 0.0447651 0.0344104 0.0544383 0.0399602 0.0260510 0.0260236 0.0331528 0.0264580 0.0000000 0.0482858 0.0484640 0.0611272 0.0406899 0.0316611 0.0418739 0.0552919 0.0508023 0.1709516 0.1447002 0.2499808 0.1480414 0.0373671 0.3516324 0.3333049 0.3622454 0.2629014 0.2257284 0.2498197 0.2453156 0.2598320 0.2821885 0.7374644 0.4634935 1.3895192 0.8988991 0.7968601 0.6913355 0.8324077 0.4603232 0.4333735 0.5323958 0.5353225 0.5281126 0.5456110 0.5465026 0.5422063 0.5218513 0.5289520 0.5367663 
S0050_G5090_R1_A 0.3234140 0.3351733 0.0468938 0.0515358 0.0528607 0.0468564 0.0513961 0.0574693 0.0438043 0.0644484 0.0529306 0.0423784 0.0408217 0.0453837 0.0441107 0.0482858 0.0000000 0.0235182 0.0591665 0.0442323 0.0467286 0.0559497 0.0651051 0.0635952 0.1758683 0.1533443 0.2638607 0.1452156 0.0528374 0.3613340 0.3375649 0.3774640 0.2677889 0.2317205 0.2689505 0.2654425 0.2784259 0.2903132 0.7324214 0.4616114 1.4400942 0.9651293 0.8264672 0.7163084 0.8700285 0.4597832 0.4480434 0.5469324 0.5499293 0.5444983 0.5645462 0.5594766 0.5615354 0.5474435 0.5548515 0.5564522 
S0048_G5090_R1_A 0.3282409 0.3401548 0.0470669 0.0470837 0.0499386 0.0470292 0.0563471 0.0576850 0.0498830 0.0664247 0.0546824 0.0425335 0.0424172 0.0424739 0.0488420 0.0484640 0.0235182 0.0000000 0.0593894 0.0443959 0.0424976 0.0501702 0.0701853 0.0608343 0.1763256 0.1555532 0.2546394 0.1452831 0.0560399 0.3756588 0.3532717 0.3867976 0.2715097 0.2300110 0.2665364 0.2632084 0.2750303 0.2942400 0.7401107 0.4596055 1.4161480 0.9075340 0.7938587 0.7051899 0.8347012 0.4540107 0.4492076 0.5633512 0.5664163 0.5572192 0.5814154 0.5663162 0.5783356 0.5566388 0.5641834 0.5725002 
S0012_G5090_R1_A 0.3163894 0.3280478 0.0569011 0.0571140 0.0659512 0.0583491 0.0760190 0.0721809 0.0567197 0.0765458 0.0585242 0.0567729 0.0596914 0.0583531 0.0593378 0.0611272 0.0591665 0.0593894 0.0000000 0.0541411 0.0611766 0.0691055 0.0803016 0.0771091 0.1884772 0.1653934 0.2613880 0.1531325 0.0659211 0.3831953 0.3641167 0.3914644 0.2745489 0.2340399 0.2628905 0.2511947 0.2617871 0.3032794 0.7555518 0.4588022 1.3805610 0.9240099 0.8522647 0.7163998 0.8737547 0.4745985 0.4210869 0.5726415 0.5690772 0.5525187 0.5664655 0.5644197 0.5729308 0.5519507 0.5561014 0.5609590 
S0013_G5090_R1_A 0.3229641 0.3309062 0.0422207 0.0453130 0.0451644 0.0392789 0.0377130 0.0496744 0.0420878 0.0596126 0.0434491 0.0348927 0.0362933 0.0378325 0.0414090 0.0406899 0.0442323 0.0443959 0.0541411 0.0000000 0.0377289 0.0466536 0.0587631 0.0573476 0.1671502 0.1469917 0.2437624 0.1480862 0.0481047 0.3631539 0.3404606 0.3723932 0.2683277 0.2262447 0.2601623 0.2595573 0.2745949 0.2945937 0.7450786 0.4638546 1.3909421 0.9542251 0.7997452 0.7279246 0.8346458 0.4516234 0.4235061 0.5228295 0.5257334 0.5101281 0.5359654 0.5276331 0.5293911 0.5064970 0.5134771 0.5243155 
S0021_G5090_R2_A 0.2993274 0.3107062 0.0331360 0.0361146 0.0402798 0.0373674 0.0351402 0.0461426 0.0387241 0.0543446 0.0474288 0.0274103 0.0287848 0.0330984 0.0307715 0.0316611 0.0467286 0.0424976 0.0611766 0.0377289 0.0000000 0.0121513 0.0581705 0.0492479 0.1655679 0.1405094 0.2423320 0.1405604 0.0402798 0.3616285 0.3431452 0.3723664 0.2601538 0.2251291 0.2502179 0.2382975 0.2548895 0.2791841 0.7148852 0.4540024 1.4078302 0.9412235 0.8081217 0.6989306 0.8446379 0.4458637 0.4176041 0.5188981 0.5217883 0.5090912 0.5319817 0.5328425 0.5285733 0.5085695 0.5155564 0.5232405 
S0021_G5090_R1_A 0.3045694 0.3161283 0.0434002 0.0464836 0.0507076 0.0446902 0.0438897 0.0552383 0.0490836 0.0590395 0.0583263 0.0375187 0.0389134 0.0403568 0.0411390 0.0418739 0.0559497 0.0501702 0.0691055 0.0466536 0.0121513 0.0000000 0.0673592 0.0584431 0.1702873 0.1555459 0.2424681 0.1487912 0.0477734 0.3761289 0.3573437 0.3870936 0.2676854 0.2362052 0.2487371 0.2442984 0.2611652 0.2926229 0.7190963 0.4701467 1.4242365 0.9635774 0.8051609 0.7120471 0.8413939 0.4797132 0.4152658 0.5138715 0.5167403 0.5041662 0.5237492 0.5245894 0.5266019 0.5036509 0.5105768 0.5181917 
S0017_G5090_R1_A 0.3304937 0.3358500 0.0539067 0.0555966 0.0689678 0.0613534 0.0463696 0.0690713 0.0507826 0.0795244 0.0537964 0.0523060 0.0522483 0.0583350 0.0515370 0.0552919 0.0651051 0.0701853 0.0803016 0.0587631 0.0581705 0.0673592 0.0000000 0.0646609 0.1888116 0.1699487 0.2645495 0.1509421 0.0524454 0.3788690 0.3521631 0.3953084 0.2655694 0.2300147 0.2539475 0.2600595 0.2750270 0.2869259 0.7385634 0.4884576 1.4249915 0.9980577 0.8652008 0.7613052 0.8969856 0.4689208 0.4656033 0.5638508 0.5702040 0.5535496 0.5741862 0.5751528 0.5774138 0.5559424 0.5601322 0.5716405 
S0037_G5090_R1_U 0.3244783 0.3362937 0.0521982 0.0508485 0.0506209 0.0448349 0.0481255 0.0434073 0.0491014 0.0590874 0.0631010 0.0420093 0.0404162 0.0477965 0.0532057 0.0508023 0.0635952 0.0608343 0.0771091 0.0573476 0.0492479 0.0584431 0.0646609 0.0000000 0.1868395 0.1664790 0.2602140 0.1481417 0.0551536 0.3618496 0.3406968 0.3726635 0.2638207 0.2335739 0.2701934 0.2518426 0.2665255 0.2801178 0.7254982 0.4710340 1.3584285 0.9416319 0.8330113 0.7182990 0.8557936 0.4565442 0.4532629 0.5214243 0.5243311 0.5087177 0.5345768 0.5354464 0.5311577 0.5110204 0.5180522 0.5257867 
S0033_G5090_R1_A 0.3159347 0.3276475 0.1577875 0.1684186 0.1725945 0.1773055 0.1950605 0.1849050 0.1725478 0.1875801 0.1608653 0.1610621 0.1712422 0.1674348 0.1589059 0.1709516 0.1758683 0.1763256 0.1884772 0.1671502 0.1655679 0.1702873 0.1888116 0.1868395 0.0000000 0.1973403 0.2631964 0.1730462 0.1788893 0.5298281 0.5092263 0.5370959 0.2377911 0.2105114 0.2530643 0.2314157 0.2495456 0.2734862 0.8293576 0.4626434 1.3784742 1.1195784 0.9924401 0.8088620 1.0179234 0.5051962 0.4260396 0.6057460 0.5988013 0.6044050 0.6162619 0.6159028 0.6060626 0.5968381 0.5982093 0.5996561 
S0035_G5090_R1_A 0.3634687 0.3764299 0.1480021 0.1583221 0.1575704 0.1425326 0.1513917 0.1539729 0.1473223 0.1573132 0.1499180 0.1329038 0.1350356 0.1501111 0.1268137 0.1447002 0.1533443 0.1555532 0.1653934 0.1469917 0.1405094 0.1555459 0.1699487 0.1664790 0.1973403 0.0000000 0.2882246 0.1827324 0.1617909 0.3499821 0.3223573 0.3552404 0.3295295 0.2884093 0.2938396 0.3042967 0.3146578 0.3350301 0.9317923 0.5049303 1.2482029 0.9916359 0.8796273 0.6752004 0.9209163 0.6023327 0.5503693 0.6888625 0.6862386 0.6965085 0.7109581 0.7077165 0.7064262 0.6712369 0.6776861 0.6857424 
S0006_G5090_R1_A 0.3116558 0.3184002 0.2479787 0.2577906 0.2531094 0.2468739 0.2544406 0.2604195 0.2558743 0.2376557 0.2356213 0.2383662 0.2397812 0.2377135 0.2334884 0.2499808 0.2638607 0.2546394 0.2613880 0.2437624 0.2423320 0.2424681 0.2645495 0.2602140 0.2631964 0.2882246 0.0000000 0.2359411 0.2592622 0.6736389 0.6493572 0.6913315 0.3077804 0.3089476 0.3001971 0.3159026 0.3263217 0.3580715 0.9328663 0.4948244 1.6558542 1.2678774 1.1231013 0.9230714 1.1779833 0.5624066 0.4799959 0.6738540 0.6778576 0.6626034 0.6814157 0.6827408 0.6879588 0.6778576 0.6753046 0.6930330 
S0005_G5090_R1_A 0.2863025 0.2974320 0.1393448 0.1439673 0.1416110 0.1464176 0.1542611 0.1445763 0.1335081 0.1562254 0.1429508 0.1336576 0.1405931 0.1443390 0.1398442 0.1480414 0.1452156 0.1452831 0.1531325 0.1480862 0.1405604 0.1487912 0.1509421 0.1481417 0.1730462 0.1827324 0.2359411 0.0000000 0.1519889 0.5223222 0.5110916 0.5364135 0.2214624 0.1935622 0.2393912 0.2191423 0.2375224 0.2764909 0.8036895 0.4722937 1.4284510 1.1217253 0.9505738 0.7726465 0.9934174 0.4674319 0.4010907 0.6062000 0.6062368 0.5984092 0.6207457 0.6203800 0.6172146 0.6009995 0.5988815 0.6003538 
S0036_G5090_R1_A 0.3224696 0.3318396 0.0302214 0.0360173 0.0489951 0.0445615 0.0266842 0.0519956 0.0329460 0.0634057 0.0446001 0.0374425 0.0359739 0.0432618 0.0380181 0.0373671 0.0528374 0.0560399 0.0659211 0.0481047 0.0402798 0.0477734 0.0524454 0.0551536 0.1788893 0.1617909 0.2592622 0.1519889 0.0000000 0.3454421 0.3223211 0.3610678 0.2612439 0.2260292 0.2537256 0.2480296 0.2603288 0.2874439 0.7535180 0.4667856 1.4266352 0.9565879 0.8375592 0.7352319 0.8582391 0.4679041 0.4634960 0.5151845 0.5180506 0.5110228 0.5191321 0.5199574 0.5247752 0.5049649 0.5057597 0.5194980 
S0019_G5090_R2_A 0.7895611 0.8129872 0.3496678 0.3565994 0.3510090 0.3452914 0.1038809 0.3557511 0.3505952 0.3771022 0.3548070 0.3462496 0.3504936 0.3639402 0.3545519 0.3516324 0.3613340 0.3756588 0.3831953 0.3631539 0.3616285 0.3761289 0.3788690 0.3618496 0.5298281 0.3499821 0.6736389 0.5223222 0.3454421 0.0000000 0.0342062 0.0518378 0.6485414 0.5882531 0.6031472 0.6090812 0.6309165 0.6391640 1.1926480 0.9511964 1.8084022 1.3241979 1.2238309 1.2234802 1.2241519 1.1196544 0.9817018 1.0468541 1.0353886 1.0218398 1.0172789 1.0189916 1.0295085 1.0176918 1.0307493 1.0299529 
S0019_G5090_R3_A 0.7691976 0.7922668 0.3363578 0.3406419 0.3377186 0.3347458 0.0934263 0.3372789 0.3273558 0.3626801 0.3358687 0.3280197 0.3322287 0.3453191 0.3358375 0.3333049 0.3375649 0.3532717 0.3641167 0.3404606 0.3431452 0.3573437 0.3521631 0.3406968 0.5092263 0.3223573 0.6493572 0.5110916 0.3223211 0.0342062 0.0000000 0.0474633 0.6332160 0.5721621 0.5925959 0.5936550 0.6151355 0.6186056 1.2228767 0.9663870 1.8448636 1.3157292 1.2073829 1.2362009 1.2232887 1.1368172 0.9606439 1.0394906 1.0389773 1.0198831 1.0207285 1.0224563 1.0330496 1.0211507 1.0343022 1.0335035 
S0019_G5090_R4_A 0.7877510 0.8111673 0.3602716 0.3621446 0.3667609 0.3585262 0.1210105 0.3664631 0.3635619 0.3966559 0.3657894 0.3567877 0.3610662 0.3747670 0.3654019 0.3622454 0.3774640 0.3867976 0.3914644 0.3723932 0.3723664 0.3870936 0.3953084 0.3726635 0.5370959 0.3552404 0.6913315 0.5364135 0.3610678 0.0518378 0.0474633 0.0000000 0.6689071 0.6033051 0.6116022 0.6251698 0.6474848 0.6558726 1.2135156 1.0075064 1.8314446 1.2976548 1.2165789 1.1906614 1.1889035 1.1377182 0.9902790 1.0324868 1.0163473 1.0078370 0.9928391 0.9944914 1.0153929 1.0037296 1.0166052 1.0217169 
S0034_G5090_R1_A 0.2727450 0.2810927 0.2455117 0.2524407 0.2533063 0.2587520 0.2906982 0.2665046 0.2516552 0.2591819 0.2326047 0.2533739 0.2538418 0.2478597 0.2508480 0.2629014 0.2677889 0.2715097 0.2745489 0.2683277 0.2601538 0.2676854 0.2655694 0.2638207 0.2377911 0.3295295 0.3077804 0.2214624 0.2612439 0.6485414 0.6332160 0.6689071 0.0000000 0.1106099 0.1622452 0.1330834 0.1390281 0.2652561 0.8164811 0.4812872 1.5064634 1.1847319 1.0465055 0.8669288 1.1051554 0.4719890 0.4175759 0.6265497 0.6230031 0.6046545 0.6367756 0.6379060 0.6197553 0.6245071 0.6291795 0.6346618 
S0008_G5090_R1_A 0.3202882 0.3294548 0.2073403 0.2238111 0.2327204 0.2277575 0.2410958 0.2298373 0.2091633 0.2274929 0.2015983 0.2147918 0.2231771 0.2137292 0.2157113 0.2257284 0.2317205 0.2300110 0.2340399 0.2262447 0.2251291 0.2362052 0.2300147 0.2335739 0.2105114 0.2884093 0.3089476 0.1935622 0.2260292 0.5882531 0.5721621 0.6033051 0.1106099 0.0000000 0.1508610 0.1567953 0.1707379 0.1790300 0.8072445 0.4992199 1.4709933 1.1353412 1.0396788 0.9078053 1.1039785 0.4776264 0.4444767 0.6301310 0.6230546 0.6047802 0.6367701 0.6378959 0.6163079 0.6210204 0.6256538 0.6310897 
S0027_G5090_R1_A 0.2406923 0.2488037 0.2466061 0.2530303 0.2549948 0.2504526 0.2601393 0.2613406 0.2461192 0.2512222 0.2257988 0.2456054 0.2365076 0.2361457 0.2410935 0.2498197 0.2689505 0.2665364 0.2628905 0.2601623 0.2502179 0.2487371 0.2539475 0.2701934 0.2530643 0.2938396 0.3001971 0.2393912 0.2537256 0.6031472 0.5925959 0.6116022 0.1622452 0.1508610 0.0000000 0.1598305 0.1779778 0.2364931 0.8431111 0.4761936 1.7175344 1.2614799 1.1329528 0.8847222 1.1953548 0.4922625 0.4415278 0.6140354 0.6104755 0.5904904 0.6075270 0.6086168 0.6216069 0.6155538 0.6202993 0.6203745 
S0010_G5090_R1_A 0.2593323 0.2676375 0.2322981 0.2431152 0.2400829 0.2519929 0.2523579 0.2552254 0.2364270 0.2475421 0.2350321 0.2379310 0.2468192 0.2369757 0.2400270 0.2453156 0.2654425 0.2632084 0.2511947 0.2595573 0.2382975 0.2442984 0.2600595 0.2518426 0.2314157 0.3042967 0.3159026 0.2191423 0.2480296 0.6090812 0.5936550 0.6251698 0.1330834 0.1567953 0.1598305 0.0000000 0.0224026 0.2399844 0.8055786 0.4669971 1.5638158 1.1526392 1.0722349 0.8916786 1.1113959 0.5074511 0.4349614 0.6356437 0.6244460 0.6071405 0.6246636 0.6257869 0.6250731 0.6226931 0.6310899 0.6130389 
S0009_G5090_R1_A 0.2707746 0.2792932 0.2442311 0.2575691 0.2521489 0.2643626 0.2645901 0.2696845 0.2441664 0.2663883 0.2474309 0.2522172 0.2590419 0.2489331 0.2546994 0.2598320 0.2784259 0.2750303 0.2617871 0.2745949 0.2548895 0.2611652 0.2750270 0.2665255 0.2495456 0.3146578 0.3263217 0.2375224 0.2603288 0.6309165 0.6151355 0.6474848 0.1390281 0.1707379 0.1779778 0.0224026 0.0000000 0.2517421 0.8378934 0.4559378 1.5788295 1.1825069 1.0990381 0.9165048 1.1248905 0.5070754 0.4342742 0.6588210 0.6473727 0.6295374 0.6475187 0.6486988 0.6480221 0.6530370 0.6617180 0.6431499 
S0014_G5090_R1_A 0.3532773 0.3633341 0.2705938 0.2779880 0.2879247 0.2736069 0.2991228 0.2882444 0.2700403 0.2835671 0.2716663 0.2695834 0.2809488 0.2778320 0.2696951 0.2821885 0.2903132 0.2942400 0.3032794 0.2945937 0.2791841 0.2926229 0.2869259 0.2801178 0.2734862 0.3350301 0.3580715 0.2764909 0.2874439 0.6391640 0.6186056 0.6558726 0.2652561 0.1790300 0.2364931 0.2399844 0.2517421 0.0000000 0.8663942 0.4934942 1.7563997 1.2682824 1.2056196 0.9903945 1.2318261 0.5753608 0.4601717 0.6769873 0.6766161 0.6632854 0.6823155 0.6879621 0.6751990 0.6809227 0.6823155 0.6748705 
S0014_G5090_R2_A 0.8608843 0.8732388 0.7492904 0.7427911 0.7213133 0.7327040 0.8473640 0.7247878 0.7323373 0.7137947 0.6874073 0.7065555 0.7075525 0.7212666 0.7264823 0.7374644 0.7324214 0.7401107 0.7555518 0.7450786 0.7148852 0.7190963 0.7385634 0.7254982 0.8293576 0.9317923 0.9328663 0.8036895 0.7535180 1.1926480 1.2228767 1.2135156 0.8164811 0.8072445 0.8431111 0.8055786 0.8378934 0.8663942 0.0000000 1.0888801 1.9649508 1.6473584 1.6318810 1.2303583 1.6940256 0.7916937 1.0431172 1.2720109 1.2946633 1.2771528 1.2771036 1.2978927 1.2883494 1.3273028 1.3229621 1.2953706 
S0049_G5090_R1_A 0.5021921 0.5111886 0.4558896 0.4559452 0.4478122 0.4475108 0.5534375 0.4701852 0.4705284 0.4692574 0.4376863 0.4548881 0.4518481 0.4656365 0.4434251 0.4634935 0.4616114 0.4596055 0.4588022 0.4638546 0.4540024 0.4701467 0.4884576 0.4710340 0.4626434 0.5049303 0.4948244 0.4722937 0.4667856 0.9511964 0.9663870 1.0075064 0.4812872 0.4992199 0.4761936 0.4669971 0.4559378 0.4934942 1.0888801 0.0000000 1.5746253 1.3413992 1.1410271 0.8647503 1.1681604 0.5382038 0.4248943 0.6564670 0.6414763 0.6242731 0.6520869 0.6647444 0.6402080 0.6491346 0.6466367 0.6451305 
S0025_G5090_R1_A 1.5453100 1.5453069 1.4135415 1.3995392 1.3886749 1.4019583 1.0733386 1.3913749 1.4220646 1.4196912 1.2746505 1.3869011 1.3839059 1.4253792 1.4948663 1.3895192 1.4400942 1.4161480 1.3805610 1.3909421 1.4078302 1.4242365 1.4249915 1.3584285 1.3784742 1.2482029 1.6558542 1.4284510 1.4266352 1.8084022 1.8448636 1.8314446 1.5064634 1.4709933 1.7175344 1.5638158 1.5788295 1.7563997 1.9649508 1.5746253 0.0000000 0.4617919 0.5042205 0.3972675 0.5287736 0.7216444 1.6815624 1.7215867 1.7060607 1.6632803 1.6689824 1.6407160 1.7181918 1.7254090 1.7157698 1.8083096 
S0029_G5090_R1_A 1.2705048 1.3104010 0.9629767 0.9443028 0.9353446 0.9248219 0.7778514 0.9150301 0.9238454 0.9752227 0.8962084 0.9489163 0.9304155 0.9210742 0.9758213 0.8988991 0.9651293 0.9075340 0.9240099 0.9542251 0.9412235 0.9635774 0.9980577 0.9416319 1.1195784 0.9916359 1.2678774 1.1217253 0.9565879 1.3241979 1.3157292 1.2976548 1.1847319 1.1353412 1.2614799 1.1526392 1.1825069 1.2682824 1.6473584 1.3413992 0.4617919 0.0000000 0.1085377 0.1366911 0.1340251 0.5466432 1.2536817 1.2734626 1.2555984 1.2566370 1.2181190 1.1984217 1.2639106 1.2609378 1.2740891 1.3193549 
S0032_G5090_R2_N 1.0829626 1.0913559 0.8268108 0.8291399 0.8193202 0.8049346 0.7142988 0.7889051 0.8102073 0.8239991 0.8171546 0.8202348 0.8097500 0.7914419 0.8453635 0.7968601 0.8264672 0.7938587 0.8522647 0.7997452 0.8081217 0.8051609 0.8652008 0.8330113 0.9924401 0.8796273 1.1231013 0.9505738 0.8375592 1.2238309 1.2073829 1.2165789 1.0465055 1.0396788 1.1329528 1.0722349 1.0990381 1.2056196 1.6318810 1.1410271 0.5042205 0.1085377 0.0000000 0.0351412 0.0430791 0.3877377 1.0892198 1.1411521 1.1396973 1.1404152 1.1212462 1.1037316 1.1324087 1.1444451 1.1705959 1.1949234 
S0032_G5090_R1_N 0.8555154 0.8645331 0.7081770 0.7100021 0.6830390 0.6945842 0.4623447 0.6872381 0.7151751 0.7147530 0.6884162 0.6974316 0.6939746 0.6846820 0.7175430 0.6913355 0.7163084 0.7051899 0.7163998 0.7279246 0.6989306 0.7120471 0.7613052 0.7182990 0.8088620 0.6752004 0.9230714 0.7726465 0.7352319 1.2234802 1.2362009 1.1906614 0.8669288 0.9078053 0.8847222 0.8916786 0.9165048 0.9903945 1.2303583 0.8647503 0.3972675 0.1366911 0.0351412 0.0000000 0.0340655 0.4619044 0.8452032 0.9430765 0.9471692 0.9483640 0.9263177 0.9141506 0.9607185 0.9691765 0.9862758 1.0070756 
S0024_G5090_R1_A 1.1605388 1.1698478 0.8468666 0.8324357 0.8503485 0.8349372 0.7069049 0.8179383 0.8404697 0.8618670 0.8392203 0.8575623 0.8463007 0.8266022 0.8763733 0.8324077 0.8700285 0.8347012 0.8737547 0.8346458 0.8446379 0.8413939 0.8969856 0.8557936 1.0179234 0.9209163 1.1779833 0.9934174 0.8582391 1.2241519 1.2232887 1.1889035 1.1051554 1.1039785 1.1953548 1.1113959 1.1248905 1.2318261 1.6940256 1.1681604 0.5287736 0.1340251 0.0430791 0.0340655 0.0000000 0.3814923 1.1493735 1.1551165 1.1628261 1.1543443 1.1342212 1.1307346 1.1527399 1.1738873 1.2016997 1.2123410 
S0001_G5090_R1_A 0.4637516 0.4684824 0.4460634 0.4380159 0.4509405 0.4805199 0.5610446 0.4511773 0.4473335 0.4658153 0.4139572 0.4601655 0.4698832 0.4471035 0.4464537 0.4603232 0.4597832 0.4540107 0.4745985 0.4516234 0.4458637 0.4797132 0.4689208 0.4565442 0.5051962 0.6023327 0.5624066 0.4674319 0.4679041 1.1196544 1.1368172 1.1377182 0.4719890 0.4776264 0.4922625 0.5074511 0.5070754 0.5753608 0.7916937 0.5382038 0.7216444 0.5466432 0.3877377 0.4619044 0.3814923 0.0000000 0.5388430 0.6873043 0.6922050 0.6927171 0.6863290 0.6832918 0.6767983 0.6914415 0.7094047 0.7204726 
S0003_G5090_R1_N 0.4254561 0.4232490 0.4317467 0.4278384 0.4057757 0.4262415 0.5626725 0.4411460 0.4314068 0.4398339 0.4225098 0.4320909 0.4378401 0.4242320 0.4326694 0.4333735 0.4480434 0.4492076 0.4210869 0.4235061 0.4176041 0.4152658 0.4656033 0.4532629 0.4260396 0.5503693 0.4799959 0.4010907 0.4634960 0.9817018 0.9606439 0.9902790 0.4175759 0.4444767 0.4415278 0.4349614 0.4342742 0.4601717 1.0431172 0.4248943 1.6815624 1.2536817 1.0892198 0.8452032 1.1493735 0.5388430 0.0000000 0.5028586 0.5051794 0.5064157 0.5169808 0.5249817 0.5074669 0.4893864 0.4922514 0.4859774 
S0038_G5090_R1_A 0.6230156 0.6309076 0.5179860 0.5266701 0.5186155 0.5268684 0.5509213 0.5296101 0.5238334 0.5326524 0.5551715 0.5395947 0.5236982 0.5115758 0.5298433 0.5323958 0.5469324 0.5633512 0.5726415 0.5228295 0.5188981 0.5138715 0.5638508 0.5214243 0.6057460 0.6888625 0.6738540 0.6062000 0.5151845 1.0468541 1.0394906 1.0324868 0.6265497 0.6301310 0.6140354 0.6356437 0.6588210 0.6769873 1.2720109 0.6564670 1.7215867 1.2734626 1.1411521 0.9430765 1.1551165 0.6873043 0.5028586 0.0000000 0.0107406 0.0203857 0.0203598 0.0273487 0.0176109 0.0260388 0.0317068 0.0361513 
S0042_G5090_R1_N 0.6230545 0.6309467 0.5208700 0.5295990 0.5215045 0.5234955 0.5583632 0.5325216 0.5267314 0.5356088 0.5548798 0.5425576 0.5265953 0.5144429 0.5360490 0.5353225 0.5499293 0.5664163 0.5690772 0.5257334 0.5217883 0.5167403 0.5702040 0.5243311 0.5988013 0.6862386 0.6778576 0.6062368 0.5180506 1.0353886 1.0389773 1.0163473 0.6230031 0.6230546 0.6104755 0.6244460 0.6473727 0.6766161 1.2946633 0.6414763 1.7060607 1.2555984 1.1396973 0.9471692 1.1628261 0.6922050 0.5051794 0.0107406 0.0000000 0.0148737 0.0175974 0.0245469 0.0094127 0.0176831 0.0232598 0.0275985 
S0044_G5090_R1_N 0.6376548 0.6418380 0.5137930 0.5319100 0.5088146 0.5079809 0.5564575 0.5168359 0.5196086 0.5196655 0.5382882 0.5265378 0.5110208 0.4990994 0.5331007 0.5281126 0.5444983 0.5572192 0.5525187 0.5101281 0.5090912 0.5041662 0.5535496 0.5087177 0.6044050 0.6965085 0.6626034 0.5984092 0.5110228 1.0218398 1.0198831 1.0078370 0.6046545 0.6047802 0.5904904 0.6071405 0.6295374 0.6632854 1.2771528 0.6242731 1.6632803 1.2566370 1.1404152 0.9483640 1.1543443 0.6927171 0.5064157 0.0203857 0.0148737 0.0000000 0.0190040 0.0245767 0.0190119 0.0246705 0.0303311 0.0347642 
S0045_G5090_R1_A 0.6377971 0.6457974 0.5310433 0.5399092 0.5316939 0.5336813 0.5666829 0.5427635 0.5369402 0.5460014 0.5655754 0.5529555 0.5368012 0.5245726 0.5412895 0.5456110 0.5645462 0.5814154 0.5664655 0.5359654 0.5319817 0.5237492 0.5741862 0.5345768 0.6162619 0.7109581 0.6814157 0.6207457 0.5191321 1.0172789 1.0207285 0.9928391 0.6367756 0.6367701 0.6075270 0.6246636 0.6475187 0.6823155 1.2771036 0.6520869 1.6689824 1.2181190 1.1212462 0.9263177 1.1342212 0.6863290 0.5169808 0.0203598 0.0175974 0.0190040 0.0000000 0.0066806 0.0217517 0.0302581 0.0331249 0.0375870 
S0045_G5090_R2_A 0.6415709 0.6495995 0.5319009 0.5395987 0.5325539 0.5345443 0.5632461 0.5436464 0.5378106 0.5469027 0.5665367 0.5538689 0.5376710 0.5254158 0.5421896 0.5465026 0.5594766 0.5663162 0.5644197 0.5276331 0.5328425 0.5245894 0.5751528 0.5354464 0.6159028 0.7077165 0.6827408 0.6203800 0.5199574 1.0189916 1.0224563 0.9944914 0.6379060 0.6378959 0.6086168 0.6257869 0.6486988 0.6879621 1.2978927 0.6647444 1.6407160 1.1984217 1.1037316 0.9141506 1.1307346 0.6832918 0.5249817 0.0273487 0.0245469 0.0245767 0.0066806 0.0000000 0.0287621 0.0331248 0.0360119 0.0405149 
S0040_G5090_R1_N 0.6401041 0.6481377 0.5276392 0.5364825 0.5282861 0.5334359 0.5758819 0.5393669 0.5335396 0.5457961 0.5587515 0.5495337 0.5334011 0.5211662 0.5475640 0.5422063 0.5615354 0.5783356 0.5729308 0.5293911 0.5285733 0.5266019 0.5774138 0.5311577 0.6060626 0.7064262 0.6879588 0.6172146 0.5247752 1.0295085 1.0330496 1.0153929 0.6197553 0.6163079 0.6216069 0.6250731 0.6480221 0.6751990 1.2883494 0.6402080 1.7181918 1.2639106 1.1324087 0.9607185 1.1527399 0.6767983 0.5074669 0.0176109 0.0094127 0.0190119 0.0217517 0.0287621 0.0000000 0.0218582 0.0274837 0.0318776 
S0043_G5090_R1_N 0.6233640 0.6236354 0.5076855 0.5193074 0.5082933 0.5102701 0.5442161 0.5191379 0.5134456 0.5220010 0.5342023 0.5288752 0.5133145 0.5013759 0.5266616 0.5218513 0.5474435 0.5566388 0.5519507 0.5064970 0.5085695 0.5036509 0.5559424 0.5110204 0.5968381 0.6712369 0.6778576 0.6009995 0.5049649 1.0176918 1.0211507 1.0037296 0.6245071 0.6210204 0.6155538 0.6226931 0.6530370 0.6809227 1.3273028 0.6491346 1.7254090 1.2609378 1.1444451 0.9691765 1.1738873 0.6914415 0.4893864 0.0260388 0.0176831 0.0246705 0.0302581 0.0331248 0.0218582 0.0000000 0.0066791 0.0135013 
S0041_G5090_R1_N 0.6320677 0.6285476 0.5146556 0.5264279 0.5152766 0.5172581 0.5460152 0.5261965 0.5204608 0.5260046 0.5350885 0.5360769 0.5141300 0.5082933 0.5339486 0.5289520 0.5548515 0.5641834 0.5561014 0.5134771 0.5155564 0.5105768 0.5601322 0.5180522 0.5982093 0.6776861 0.6753046 0.5988815 0.5057597 1.0307493 1.0343022 1.0166052 0.6291795 0.6256538 0.6202993 0.6310899 0.6617180 0.6823155 1.3229621 0.6466367 1.7157698 1.2740891 1.1705959 0.9862758 1.2016997 0.7094047 0.4922514 0.0317068 0.0232598 0.0303311 0.0331249 0.0360119 0.0274837 0.0066791 0.0000000 0.0148851 
S0047_G5090_R1_N 0.6265139 0.6230244 0.5223208 0.5284534 0.5229566 0.5164334 0.5632934 0.5339634 0.5219242 0.5370667 0.5563484 0.5440052 0.5280415 0.5158979 0.5419712 0.5367663 0.5564522 0.5725002 0.5609590 0.5243155 0.5232405 0.5181917 0.5716405 0.5257867 0.5996561 0.6857424 0.6930330 0.6003538 0.5194980 1.0299529 1.0335035 1.0217169 0.6346618 0.6310897 0.6203745 0.6130389 0.6431499 0.6748705 1.2953706 0.6451305 1.8083096 1.3193549 1.1949234 1.0070756 1.2123410 0.7204726 0.4859774 0.0361513 0.0275985 0.0347642 0.0375870 0.0405149 0.0318776 0.0135013 0.0148851 0.0000000 
