55
S0039_G5138_R1_A 0.0000000 0.0134363 0.3545815 0.3553625 0.3515702 0.3543468 0.3814214 0.3741098 0.3538083 0.3628569 0.3551439 0.3712842 0.3563887 0.3930813 0.3714898 0.3744379 0.4023946 0.3966835 0.3812861 0.3706548 0.3698615 0.3542358 0.3733411 0.3659949 0.3672189 0.4079399 0.4150965 0.4426256 0.3680755 0.3690430 0.3470477 0.3990614 0.3096701 0.3095839 0.3303135 0.3540285 0.3354033 0.4888339 0.6589909 0.6411173 0.6072695 0.6164481 0.6243885 0.6260520 0.5646021 0.6582533 0.6446477 0.6280648 0.6629367 0.6434438 0.6506671 0.6613388 0.6491406 0.6458123 0.6146419 
S0051_G5138_R1_A 0.0134363 0.0000000 0.3539380 0.3546937 0.3522217 0.3528186 0.3810384 0.3736545 0.3586212 0.3622943 0.3558344 0.3708027 0.3543523 0.3930446 0.3711366 0.3741155 0.4023609 0.3965896 0.3821275 0.3699165 0.3693637 0.3523528 0.3716474 0.3654583 0.3641483 0.4081055 0.4084495 0.4419518 0.3688962 0.3697496 0.3504473 0.4018686 0.3034987 0.3034143 0.3318757 0.3624636 0.3330050 0.4884413 0.6531858 0.6375919 0.6111090 0.6180875 0.6259986 0.6149593 0.5598590 0.6431676 0.6369411 0.6178209 0.6552891 0.6357404 0.6430006 0.6558495 0.6414614 0.6380794 0.6002844 
S0004_G5138_R1_A 0.3545815 0.3539380 0.0000000 0.0499157 0.0489641 0.0526311 0.0491837 0.0521072 0.0583961 0.0531130 0.0579725 0.0512128 0.0457640 0.0907589 0.0650622 0.0685770 0.0793226 0.0773766 0.0580891 0.0457192 0.0566299 0.0570596 0.0558898 0.0486671 0.0516134 0.1531626 0.1688966 0.1736033 0.0698498 0.0477837 0.2599286 0.2993903 0.3190690 0.3179677 0.2554004 0.2829246 0.2875482 0.3789158 0.5550902 0.5288830 0.4743730 0.4874896 0.5034459 0.5478389 0.4708756 0.5179096 0.5268201 0.5153742 0.5450780 0.5198946 0.5257166 0.5181424 0.5091312 0.5094963 0.5443085 
S0030_G5138_R1_A 0.3553625 0.3546937 0.0499157 0.0000000 0.0461432 0.0493268 0.0485537 0.0494629 0.0564742 0.0491447 0.0553700 0.0483789 0.0470721 0.0811041 0.0638865 0.0659948 0.0783077 0.0748912 0.0719546 0.0606783 0.0581771 0.0515898 0.0699605 0.0481796 0.0517333 0.1490678 0.1691582 0.1798975 0.0636425 0.0451131 0.2700936 0.3119448 0.3267764 0.3256540 0.2653596 0.2947133 0.2943345 0.3754062 0.5508270 0.5272242 0.4909795 0.4961608 0.5094751 0.5510674 0.4672982 0.5140761 0.5228668 0.5144157 0.5373405 0.5175643 0.5233643 0.5155876 0.5019415 0.5072014 0.5461311 
S0036_G5138_R1_A 0.3515702 0.3522217 0.0489641 0.0461432 0.0000000 0.0330161 0.0423768 0.0425430 0.0488412 0.0460785 0.0355567 0.0438361 0.0379528 0.0745071 0.0580579 0.0607866 0.0717596 0.0697619 0.0579724 0.0473218 0.0498389 0.0500177 0.0625828 0.0400168 0.0430293 0.1482307 0.1710995 0.1662181 0.0585204 0.0389870 0.2672087 0.3084646 0.3070467 0.3059265 0.2574963 0.2770803 0.2912480 0.3943722 0.5154250 0.4919270 0.4373554 0.4521354 0.4669349 0.5056610 0.4767828 0.4914406 0.4966869 0.4917366 0.5072424 0.4886478 0.4941601 0.4853726 0.4721283 0.4770526 0.4960976 
S0020_G5138_R1_A 0.3543468 0.3528186 0.0526311 0.0493268 0.0330161 0.0000000 0.0490105 0.0498222 0.0486175 0.0515730 0.0432960 0.0496079 0.0372089 0.0860502 0.0560672 0.0579773 0.0693501 0.0666362 0.0641897 0.0531121 0.0524866 0.0523166 0.0650275 0.0439120 0.0494041 0.1516773 0.1691240 0.1690930 0.0606067 0.0455696 0.2689030 0.3043478 0.3196281 0.3185281 0.2599216 0.2829797 0.2901054 0.3878918 0.5646425 0.5400319 0.4744513 0.4875122 0.5092286 0.5469365 0.4718521 0.4967661 0.5029661 0.4971711 0.5152573 0.4963552 0.5019425 0.4892347 0.4763874 0.4813753 0.5397824 
S0021_G5138_R1_A 0.3814214 0.3810384 0.0491837 0.0485537 0.0423768 0.0490105 0.0000000 0.0141310 0.0542696 0.0508835 0.0530426 0.0394106 0.0482209 0.0850923 0.0587607 0.0629414 0.0730067 0.0702129 0.0687263 0.0581029 0.0468768 0.0537489 0.0686263 0.0401843 0.0487967 0.1414568 0.1694985 0.1615424 0.0658611 0.0406762 0.2681785 0.3030424 0.3257718 0.3246530 0.2632383 0.2785388 0.2861248 0.3893324 0.5640798 0.5398355 0.4803392 0.4932290 0.5081775 0.5572275 0.4793256 0.5024400 0.5035491 0.4984293 0.5169029 0.5021246 0.5058646 0.4942739 0.4811977 0.4847704 0.5307019 
S0021_G5138_R2_A 0.3741098 0.3736545 0.0521072 0.0494629 0.0425430 0.0498222 0.0141310 0.0000000 0.0537010 0.0503579 0.0532800 0.0388642 0.0470111 0.0869820 0.0596991 0.0638152 0.0739270 0.0711215 0.0696557 0.0575938 0.0456503 0.0525319 0.0681421 0.0402926 0.0482605 0.1441622 0.1669385 0.1602518 0.0674326 0.0394684 0.2670309 0.3045246 0.3231186 0.3220029 0.2633632 0.2813125 0.2907350 0.3885836 0.5765347 0.5535843 0.4783370 0.4935760 0.5101150 0.5582888 0.4785732 0.5020377 0.5031385 0.4952273 0.5130657 0.5017166 0.5054521 0.4972596 0.4825624 0.4877016 0.5430363 
S0011_G5138_R1_A 0.3538083 0.3586212 0.0583961 0.0564742 0.0488412 0.0486175 0.0542696 0.0537010 0.0000000 0.0555362 0.0511874 0.0528293 0.0488328 0.0929522 0.0686618 0.0714474 0.0811958 0.0784754 0.0723051 0.0636035 0.0625768 0.0596391 0.0726361 0.0482536 0.0573802 0.1515212 0.1705052 0.1797752 0.0698868 0.0521185 0.2613160 0.3068729 0.3142888 0.3131618 0.2571729 0.2713777 0.2853370 0.3906158 0.5398043 0.5136679 0.4403766 0.4521728 0.4683566 0.5218486 0.4629401 0.5076809 0.5078745 0.4985133 0.5203120 0.4978981 0.5035246 0.4978862 0.4841251 0.4891895 0.5140577 
S0016_G5138_R1_A 0.3628569 0.3622943 0.0531130 0.0491447 0.0460785 0.0515730 0.0508835 0.0503579 0.0555362 0.0000000 0.0543158 0.0495600 0.0515676 0.0871600 0.0662043 0.0689341 0.0783157 0.0770123 0.0690163 0.0605915 0.0570850 0.0542042 0.0676997 0.0477697 0.0519830 0.1490323 0.1745144 0.1735045 0.0682715 0.0475324 0.2512321 0.3056354 0.3247253 0.3236199 0.2601906 0.2818562 0.2853444 0.3937565 0.5592563 0.5364237 0.4792772 0.4829864 0.5088636 0.5528219 0.4722913 0.5073156 0.5158025 0.5079377 0.5283694 0.5090616 0.5147424 0.5080397 0.4920301 0.4971516 0.5371526 
S0002_G5138_R1_A 0.3551439 0.3558344 0.0579725 0.0553700 0.0355567 0.0432960 0.0530426 0.0532800 0.0511874 0.0543158 0.0000000 0.0537738 0.0449666 0.0905414 0.0609574 0.0636693 0.0739710 0.0719876 0.0685142 0.0579016 0.0563932 0.0583418 0.0666249 0.0491725 0.0561049 0.1568168 0.1789074 0.1853354 0.0669630 0.0481428 0.2685820 0.3106090 0.3192726 0.3181509 0.2519825 0.2833167 0.2860072 0.3937486 0.5245417 0.5006557 0.4423981 0.4594658 0.4665379 0.5105413 0.4558990 0.5232266 0.5311089 0.5208121 0.5451246 0.5253007 0.5310993 0.5224908 0.5043287 0.5095521 0.5182435 
S0028_G5138_R1_A 0.3712842 0.3708027 0.0512128 0.0483789 0.0438361 0.0496079 0.0394106 0.0388642 0.0528293 0.0495600 0.0537738 0.0000000 0.0474356 0.0881835 0.0585882 0.0606015 0.0727077 0.0685114 0.0650674 0.0574436 0.0433534 0.0523274 0.0656473 0.0381034 0.0458940 0.1427470 0.1701750 0.1679613 0.0664374 0.0393235 0.2601432 0.2985736 0.3265327 0.3277547 0.2603544 0.2796084 0.2813675 0.3850602 0.5681660 0.5418077 0.4885645 0.4992022 0.5124177 0.5631567 0.4826024 0.5085250 0.5123529 0.5096118 0.5243921 0.5129134 0.5166817 0.5123971 0.4988351 0.5040864 0.5414569 
S0019_G5138_R1_A 0.3563887 0.3543523 0.0457640 0.0470721 0.0379528 0.0372089 0.0482209 0.0470111 0.0488328 0.0515676 0.0449666 0.0474356 0.0000000 0.0795389 0.0614671 0.0634464 0.0750449 0.0730871 0.0642274 0.0543455 0.0545039 0.0514369 0.0659311 0.0403428 0.0472434 0.1512715 0.1773267 0.1759113 0.0641594 0.0440677 0.2568879 0.2952433 0.3234556 0.3223423 0.2508153 0.2805737 0.2820913 0.3826048 0.5488905 0.5266171 0.4612857 0.4736395 0.4921489 0.5328900 0.4624571 0.5029569 0.5113708 0.5001703 0.5239342 0.5046262 0.5103156 0.5015201 0.4875718 0.4926901 0.5211876 
S0012_G5138_R1_A 0.3930813 0.3930446 0.0907589 0.0811041 0.0745071 0.0860502 0.0850923 0.0869820 0.0929522 0.0871600 0.0905414 0.0881835 0.0795389 0.0000000 0.0928104 0.0965504 0.1060085 0.1031792 0.1051343 0.0912416 0.0933576 0.0843223 0.1037569 0.0758200 0.0831849 0.1692056 0.2094439 0.1944701 0.0976841 0.0850058 0.2943790 0.3468594 0.3344796 0.3333210 0.2963880 0.3049019 0.3254424 0.4142893 0.5396081 0.5108066 0.4617269 0.4800803 0.4948281 0.5411036 0.4829214 0.5321084 0.5441696 0.5304719 0.5568845 0.5401597 0.5460387 0.5384387 0.5195505 0.5247279 0.5339237 
S0048_G5138_R1_A 0.3714898 0.3711366 0.0650622 0.0638865 0.0580579 0.0560672 0.0587607 0.0596991 0.0686618 0.0662043 0.0609574 0.0585882 0.0614671 0.0928104 0.0000000 0.0139888 0.0234062 0.0215659 0.0814868 0.0688211 0.0686349 0.0607632 0.0797387 0.0549290 0.0633969 0.1520292 0.1664131 0.1751839 0.0766079 0.0524017 0.2646424 0.3027132 0.3395185 0.3383968 0.2641590 0.2873857 0.2976937 0.3921801 0.5778680 0.5479578 0.4866864 0.5032964 0.5206256 0.5694516 0.4815922 0.5240760 0.5322194 0.5277135 0.5433660 0.5236889 0.5295122 0.5188798 0.5044544 0.5117288 0.5504199 
S0050_G5138_R1_A 0.3744379 0.3741155 0.0685770 0.0659948 0.0607866 0.0579773 0.0629414 0.0638152 0.0714474 0.0689341 0.0636693 0.0606015 0.0634464 0.0965504 0.0139888 0.0000000 0.0278248 0.0253298 0.0844118 0.0724120 0.0721584 0.0621089 0.0811445 0.0576125 0.0667351 0.1570924 0.1723715 0.1776766 0.0795301 0.0585885 0.2703178 0.3090457 0.3452627 0.3441372 0.2669820 0.2881332 0.2999135 0.4014184 0.5820589 0.5551139 0.4888576 0.5024614 0.5184803 0.5669101 0.4892313 0.5202330 0.5300510 0.5255640 0.5411224 0.5231499 0.5289472 0.5174711 0.5024420 0.5096713 0.5547715 
S0050_G5138_R4_A 0.4023946 0.4023609 0.0793226 0.0783077 0.0717596 0.0693501 0.0730067 0.0739270 0.0811958 0.0783157 0.0739710 0.0727077 0.0750449 0.1060085 0.0234062 0.0278248 0.0000000 0.0139917 0.0955309 0.0826622 0.0831846 0.0751417 0.0954905 0.0667800 0.0769329 0.1684727 0.1857764 0.1902416 0.0913372 0.0685353 0.2804513 0.3231300 0.3618032 0.3606560 0.2799291 0.3036565 0.3105464 0.4177269 0.6096748 0.5785350 0.5196712 0.5327979 0.5529939 0.5991152 0.5077259 0.5492447 0.5663839 0.5597294 0.5780826 0.5591684 0.5651828 0.5531717 0.5376946 0.5452888 0.5750587 
S0050_G5138_R5_A 0.3966835 0.3965896 0.0773766 0.0748912 0.0697619 0.0666362 0.0702129 0.0711215 0.0784754 0.0770123 0.0719876 0.0685114 0.0730871 0.1031792 0.0215659 0.0253298 0.0139917 0.0000000 0.0935605 0.0814172 0.0795468 0.0731641 0.0910524 0.0606001 0.0749786 0.1659387 0.1821446 0.1857742 0.0864341 0.0643642 0.2838235 0.3172236 0.3641582 0.3630061 0.2764632 0.3018494 0.3102758 0.4175707 0.5894881 0.5627808 0.5007090 0.5132514 0.5328953 0.5818545 0.4970929 0.5442587 0.5571172 0.5504712 0.5687064 0.5499511 0.5559360 0.5361429 0.5285818 0.5361139 0.5651856 
S0018_G5138_R1_A 0.3812861 0.3821275 0.0580891 0.0719546 0.0579724 0.0641897 0.0687263 0.0696557 0.0723051 0.0690163 0.0685142 0.0650674 0.0642274 0.1051343 0.0814868 0.0844118 0.0955309 0.0935605 0.0000000 0.0267009 0.0727949 0.0707539 0.0625029 0.0610009 0.0674620 0.1717460 0.1838761 0.1969921 0.0814614 0.0602077 0.2723986 0.3225920 0.3442701 0.3431366 0.2794384 0.2940401 0.3078891 0.3928553 0.5839080 0.5576345 0.4813217 0.4917224 0.5106508 0.5497857 0.4956582 0.5423780 0.5501773 0.5327431 0.5560825 0.5410014 0.5469640 0.5369341 0.5285199 0.5305739 0.5567845 
S0031_G5138_R1_A 0.3706548 0.3699165 0.0457192 0.0606783 0.0473218 0.0531121 0.0581029 0.0575938 0.0636035 0.0605915 0.0579016 0.0574436 0.0543455 0.0912416 0.0688211 0.0724120 0.0826622 0.0814172 0.0267009 0.0000000 0.0637276 0.0620620 0.0513383 0.0513563 0.0556886 0.1657741 0.1785622 0.1836104 0.0713240 0.0525531 0.2752380 0.3198392 0.3289506 0.3278224 0.2726159 0.2945296 0.3016931 0.3838175 0.5774955 0.5513050 0.4830055 0.4925050 0.5092358 0.5453120 0.4888902 0.5281555 0.5355268 0.5238208 0.5446942 0.5245066 0.5303475 0.5228219 0.5136991 0.5140822 0.5503643 
S0022_G5138_R1_A 0.3698615 0.3693637 0.0566299 0.0581771 0.0498389 0.0524866 0.0468768 0.0456503 0.0625768 0.0570850 0.0563932 0.0433534 0.0545039 0.0933576 0.0686349 0.0721584 0.0831846 0.0795468 0.0727949 0.0637276 0.0000000 0.0592583 0.0629310 0.0499011 0.0563140 0.1562627 0.1605105 0.1649233 0.0696433 0.0393441 0.2710610 0.3170231 0.3335799 0.3324589 0.2648909 0.2882253 0.2965824 0.3982982 0.5534187 0.5336997 0.4672316 0.4814253 0.4985254 0.5352941 0.4798731 0.5314629 0.5355592 0.5291779 0.5458973 0.5264893 0.5323580 0.5202752 0.5138356 0.5191986 0.5541946 
S0013_G5138_R1_A 0.3542358 0.3523528 0.0570596 0.0515898 0.0500177 0.0523166 0.0537489 0.0525319 0.0596391 0.0542042 0.0583418 0.0523274 0.0514369 0.0843223 0.0607632 0.0621089 0.0751417 0.0731641 0.0707539 0.0620620 0.0592583 0.0000000 0.0724507 0.0470279 0.0576699 0.1535930 0.1702475 0.1717427 0.0707394 0.0495548 0.2580950 0.3079182 0.3191925 0.3180673 0.2524387 0.2750355 0.2917853 0.3834176 0.5589333 0.5371508 0.4661396 0.4856161 0.4981587 0.5373641 0.4940952 0.5141927 0.5201401 0.5107180 0.5328166 0.5148218 0.5206451 0.5104735 0.4924382 0.4996389 0.5510677 
S0037_G5138_R1_A 0.3733411 0.3716474 0.0558898 0.0699605 0.0625828 0.0650275 0.0686263 0.0681421 0.0726361 0.0676997 0.0666249 0.0656473 0.0659311 0.1037569 0.0797387 0.0811445 0.0954905 0.0910524 0.0625029 0.0513383 0.0629310 0.0724507 0.0000000 0.0652538 0.0673294 0.1668372 0.1891752 0.1885557 0.0833918 0.0628158 0.2823110 0.3246874 0.3482740 0.3471197 0.2860573 0.3025026 0.3103303 0.4193671 0.5752413 0.5497400 0.4827217 0.4919394 0.5079637 0.5493285 0.4943216 0.5317593 0.5432918 0.5250549 0.5503986 0.5340661 0.5400684 0.5292217 0.5195005 0.5215341 0.5670052 
S0026_G5138_R1_A 0.3659949 0.3654583 0.0486671 0.0481796 0.0400168 0.0439120 0.0401843 0.0402926 0.0482536 0.0477697 0.0491725 0.0381034 0.0403428 0.0758200 0.0549290 0.0576125 0.0667800 0.0606001 0.0610009 0.0513563 0.0499011 0.0470279 0.0652538 0.0000000 0.0469540 0.1377210 0.1578824 0.1641443 0.0631714 0.0367926 0.2604795 0.3037580 0.3220660 0.3209639 0.2596124 0.2835669 0.2821401 0.3896824 0.5433294 0.5196008 0.4606132 0.4745353 0.4920203 0.5394924 0.4795139 0.5157490 0.5200510 0.5149805 0.5342571 0.5201603 0.5238842 0.5144122 0.4994925 0.5046568 0.5339311 
S0046_G5138_R1_A 0.3672189 0.3641483 0.0516134 0.0517333 0.0430293 0.0494041 0.0487967 0.0482605 0.0573802 0.0519830 0.0561049 0.0458940 0.0472434 0.0831849 0.0633969 0.0667351 0.0769329 0.0749786 0.0674620 0.0556886 0.0563140 0.0576699 0.0673294 0.0469540 0.0000000 0.1518731 0.1596376 0.1748529 0.0645063 0.0445625 0.2668928 0.3060782 0.3340182 0.3329024 0.2563763 0.2801227 0.2886500 0.3816703 0.5620839 0.5377848 0.4718959 0.4770914 0.4938217 0.5455661 0.4771779 0.5153349 0.5316105 0.5214942 0.5381661 0.5224658 0.5282781 0.5195999 0.5030549 0.5083092 0.5459216 
S0005_G5138_R1_A 0.4079399 0.4081055 0.1531626 0.1490678 0.1482307 0.1516773 0.1414568 0.1441622 0.1515212 0.1490323 0.1568168 0.1427470 0.1512715 0.1692056 0.1520292 0.1570924 0.1684727 0.1659387 0.1717460 0.1657741 0.1562627 0.1535930 0.1668372 0.1377210 0.1518731 0.0000000 0.1582882 0.1726869 0.1615793 0.1433746 0.2618279 0.3037737 0.3259586 0.3248108 0.2592018 0.2803918 0.2881142 0.3793780 0.6023955 0.5795771 0.5398299 0.5381672 0.5557074 0.5901051 0.4898075 0.5960488 0.5900431 0.5958958 0.6038373 0.5919255 0.5960687 0.5855373 0.5761680 0.5743362 0.5481933 
S0033_G5138_R1_A 0.4150965 0.4084495 0.1688966 0.1691582 0.1710995 0.1691240 0.1694985 0.1669385 0.1705052 0.1745144 0.1789074 0.1701750 0.1773267 0.2094439 0.1664131 0.1723715 0.1857764 0.1821446 0.1838761 0.1785622 0.1605105 0.1702475 0.1891752 0.1578824 0.1596376 0.1582882 0.0000000 0.2068287 0.1753779 0.1593673 0.2717827 0.2859985 0.3222424 0.3208080 0.2415901 0.2545876 0.2679716 0.3867717 0.5321359 0.5073898 0.4844085 0.4827696 0.4851372 0.5129166 0.4202153 0.4842288 0.4767925 0.4631448 0.4826573 0.4703625 0.4775891 0.4753702 0.4655409 0.4665630 0.4840626 
S0035_G5138_R1_A 0.4426256 0.4419518 0.1736033 0.1798975 0.1662181 0.1690930 0.1615424 0.1602518 0.1797752 0.1735045 0.1853354 0.1679613 0.1759113 0.1944701 0.1751839 0.1776766 0.1902416 0.1857742 0.1969921 0.1836104 0.1649233 0.1717427 0.1885557 0.1641443 0.1748529 0.1726869 0.2068287 0.0000000 0.1853783 0.1583372 0.3161876 0.3550716 0.3883437 0.3871158 0.3043750 0.3342304 0.3464663 0.3983499 0.6284159 0.6009799 0.5199818 0.5247684 0.5494021 0.5991332 0.5058123 0.6464482 0.6241767 0.6286645 0.6442781 0.6327294 0.6371069 0.6084163 0.6050362 0.6101753 0.5928007 
S0017_G5138_R1_A 0.3680755 0.3688962 0.0698498 0.0636425 0.0585204 0.0606067 0.0658611 0.0674326 0.0698868 0.0682715 0.0669630 0.0664374 0.0641594 0.0976841 0.0766079 0.0795301 0.0913372 0.0864341 0.0814614 0.0713240 0.0696433 0.0707394 0.0833918 0.0631714 0.0645063 0.1615793 0.1753779 0.1853783 0.0000000 0.0615120 0.2754500 0.3210433 0.3319424 0.3308274 0.2734281 0.2867720 0.2957047 0.4066777 0.5585876 0.5304515 0.4873789 0.4963888 0.5119459 0.5497953 0.4825347 0.5048635 0.5173212 0.5073673 0.5285425 0.5125503 0.5182461 0.5082140 0.4922007 0.4973229 0.5441236 
S0023_G5138_R1_A 0.3690430 0.3697496 0.0477837 0.0451131 0.0389870 0.0455696 0.0406762 0.0394684 0.0521185 0.0475324 0.0481428 0.0393235 0.0440677 0.0850058 0.0524017 0.0585885 0.0685353 0.0643642 0.0602077 0.0525531 0.0393441 0.0495548 0.0628158 0.0367926 0.0445625 0.1433746 0.1593673 0.1583372 0.0615120 0.0000000 0.2660176 0.3054249 0.3313900 0.3302634 0.2644969 0.2844146 0.2907198 0.3899243 0.5501553 0.5280744 0.4664705 0.4791637 0.4947946 0.5489724 0.4757218 0.5130944 0.5190344 0.5122549 0.5292115 0.5175523 0.5213534 0.5153159 0.5000290 0.5053164 0.5361071 
S0015_G5138_R1_A 0.3470477 0.3504473 0.2599286 0.2700936 0.2672087 0.2689030 0.2681785 0.2670309 0.2613160 0.2512321 0.2685820 0.2601432 0.2568879 0.2943790 0.2646424 0.2703178 0.2804513 0.2838235 0.2723986 0.2752380 0.2710610 0.2580950 0.2823110 0.2604795 0.2668928 0.2618279 0.2717827 0.3161876 0.2754500 0.2660176 0.0000000 0.1737851 0.2866146 0.2867633 0.1690669 0.2266699 0.2089906 0.4107072 0.6774234 0.6563010 0.5969636 0.5899370 0.5950335 0.6073915 0.4659403 0.6061061 0.6086827 0.5912714 0.6170921 0.6097400 0.6164054 0.6205822 0.5959283 0.5933680 0.5756242 
S0034_G5138_R1_V 0.3990614 0.4018686 0.2993903 0.3119448 0.3084646 0.3043478 0.3030424 0.3045246 0.3068729 0.3056354 0.3106090 0.2985736 0.2952433 0.3468594 0.3027132 0.3090457 0.3231300 0.3172236 0.3225920 0.3198392 0.3170231 0.3079182 0.3246874 0.3037580 0.3060782 0.3037737 0.2859985 0.3550716 0.3210433 0.3054249 0.1737851 0.0000000 0.3018149 0.3019749 0.1928535 0.2331100 0.2150715 0.4670998 0.6675906 0.6570281 0.6232802 0.6213540 0.6267988 0.6295541 0.4825521 0.6284511 0.6408835 0.6172566 0.6500877 0.6475306 0.6480848 0.6657505 0.6348185 0.6322395 0.6009732 
S0009_G5138_R1_A 0.3096701 0.3034987 0.3190690 0.3267764 0.3070467 0.3196281 0.3257718 0.3231186 0.3142888 0.3247253 0.3192726 0.3265327 0.3234556 0.3344796 0.3395185 0.3452627 0.3618032 0.3641582 0.3442701 0.3289506 0.3335799 0.3191925 0.3482740 0.3220660 0.3340182 0.3259586 0.3222424 0.3883437 0.3319424 0.3313900 0.2866146 0.3018149 0.0000000 0.0013232 0.2358431 0.2460622 0.2211119 0.4634975 0.7141060 0.6857980 0.6347663 0.6306551 0.6423124 0.6616815 0.5665172 0.6809169 0.7004152 0.6564647 0.7222350 0.7008208 0.7004389 0.7097591 0.6849799 0.6830726 0.6523012 
S0010_G5138_R1_A 0.3095839 0.3034143 0.3179677 0.3256540 0.3059265 0.3185281 0.3246530 0.3220029 0.3131618 0.3236199 0.3181509 0.3277547 0.3223423 0.3333210 0.3383968 0.3441372 0.3606560 0.3630061 0.3431366 0.3278224 0.3324589 0.3180673 0.3471197 0.3209639 0.3329024 0.3248108 0.3208080 0.3871158 0.3308274 0.3302634 0.2867633 0.3019749 0.0013232 0.0000000 0.2359554 0.2448869 0.2212179 0.4601492 0.7162045 0.6878472 0.6367523 0.6326507 0.6443237 0.6637207 0.5707508 0.6854602 0.7051224 0.6610056 0.7270605 0.7055398 0.7051540 0.7146189 0.6896295 0.6877312 0.6528539 
S0008_G5138_R1_U 0.3303135 0.3318757 0.2554004 0.2653596 0.2574963 0.2599216 0.2632383 0.2633632 0.2571729 0.2601906 0.2519825 0.2603544 0.2508153 0.2963880 0.2641590 0.2669820 0.2799291 0.2764632 0.2794384 0.2726159 0.2648909 0.2524387 0.2860573 0.2596124 0.2563763 0.2592018 0.2415901 0.3043750 0.2734281 0.2644969 0.1690669 0.1928535 0.2358431 0.2359554 0.0000000 0.1662368 0.1644696 0.4118391 0.6153911 0.5958097 0.5471562 0.5444412 0.5516351 0.5905912 0.4794958 0.6037097 0.6094252 0.5852788 0.6177635 0.6084100 0.6127451 0.6189199 0.5944334 0.5918836 0.5397118 
S0014_G5138_R1_A 0.3540285 0.3624636 0.2829246 0.2947133 0.2770803 0.2829797 0.2785388 0.2813125 0.2713777 0.2818562 0.2833167 0.2796084 0.2805737 0.3049019 0.2873857 0.2881332 0.3036565 0.3018494 0.2940401 0.2945296 0.2882253 0.2750355 0.3025026 0.2835669 0.2801227 0.2803918 0.2545876 0.3342304 0.2867720 0.2844146 0.2266699 0.2331100 0.2460622 0.2448869 0.1662368 0.0000000 0.1262403 0.4043965 0.6322663 0.6041502 0.5551762 0.5653816 0.5666020 0.5808968 0.4836520 0.5797707 0.5819285 0.5653984 0.5986340 0.5826654 0.5898053 0.5979642 0.5831223 0.5753223 0.5785935 
S0027_G5138_R1_A 0.3354033 0.3330050 0.2875482 0.2943345 0.2912480 0.2901054 0.2861248 0.2907350 0.2853370 0.2853444 0.2860072 0.2813675 0.2820913 0.3254424 0.2976937 0.2999135 0.3105464 0.3102758 0.3078891 0.3016931 0.2965824 0.2917853 0.3103303 0.2821401 0.2886500 0.2881142 0.2679716 0.3464663 0.2957047 0.2907198 0.2089906 0.2150715 0.2211119 0.2212179 0.1644696 0.1262403 0.0000000 0.4453370 0.6749001 0.6512393 0.6013719 0.5974431 0.5994488 0.6462359 0.5167233 0.5974129 0.6133161 0.5911280 0.6285910 0.6139913 0.6136796 0.6240428 0.5968768 0.5945404 0.5954901 
S0006_G5138_R1_A 0.4888339 0.4884413 0.3789158 0.3754062 0.3943722 0.3878918 0.3893324 0.3885836 0.3906158 0.3937565 0.3937486 0.3850602 0.3826048 0.4142893 0.3921801 0.4014184 0.4177269 0.4175707 0.3928553 0.3838175 0.3982982 0.3834176 0.4193671 0.3896824 0.3816703 0.3793780 0.3867717 0.3983499 0.4066777 0.3899243 0.4107072 0.4670998 0.4634975 0.4601492 0.4118391 0.4043965 0.4453370 0.0000000 0.6477315 0.6321913 0.5736525 0.5684816 0.5695393 0.5870861 0.5187670 0.6681629 0.6555427 0.6423281 0.6746696 0.6481405 0.6526913 0.6554321 0.6608278 0.6587117 0.5129795 
S0025_G5138_R1_U 0.6589909 0.6531858 0.5550902 0.5508270 0.5154250 0.5646425 0.5640798 0.5765347 0.5398043 0.5592563 0.5245417 0.5681660 0.5488905 0.5396081 0.5778680 0.5820589 0.6096748 0.5894881 0.5839080 0.5774955 0.5534187 0.5589333 0.5752413 0.5433294 0.5620839 0.6023955 0.5321359 0.6284159 0.5585876 0.5501553 0.6774234 0.6675906 0.7141060 0.7162045 0.6153911 0.6322663 0.6749001 0.6477315 0.0000000 0.0235070 0.1422513 0.1279649 0.1240047 0.1764320 0.5036888 0.6783769 0.6843342 0.6595971 0.6967252 0.6725976 0.6748376 0.6774375 0.6913987 0.6829468 0.5408940 
S0029_G5138_R1_U 0.6411173 0.6375919 0.5288830 0.5272242 0.4919270 0.5400319 0.5398355 0.5535843 0.5136679 0.5364237 0.5006557 0.5418077 0.5266171 0.5108066 0.5479578 0.5551139 0.5785350 0.5627808 0.5576345 0.5513050 0.5336997 0.5371508 0.5497400 0.5196008 0.5377848 0.5795771 0.5073898 0.6009799 0.5304515 0.5280744 0.6563010 0.6570281 0.6857980 0.6878472 0.5958097 0.6041502 0.6512393 0.6321913 0.0235070 0.0000000 0.1365968 0.1245730 0.1168434 0.1651164 0.4967593 0.6627978 0.6684978 0.6443906 0.6833964 0.6570524 0.6592482 0.6615164 0.6734684 0.6671603 0.5381905 
S0024_G5138_R1_A 0.6072695 0.6111090 0.4743730 0.4909795 0.4373554 0.4744513 0.4803392 0.4783370 0.4403766 0.4792772 0.4423981 0.4885645 0.4612857 0.4617269 0.4866864 0.4888576 0.5196712 0.5007090 0.4813217 0.4830055 0.4672316 0.4661396 0.4827217 0.4606132 0.4718959 0.5398299 0.4844085 0.5199818 0.4873789 0.4664705 0.5969636 0.6232802 0.6347663 0.6367523 0.5471562 0.5551762 0.6013719 0.5736525 0.1422513 0.1365968 0.0000000 0.0246259 0.0363665 0.0779255 0.4244139 0.6221317 0.6133568 0.6221103 0.6333444 0.6145196 0.6166437 0.6121625 0.6294572 0.6245861 0.5094770 
S0032_G5138_R1_N 0.6164481 0.6180875 0.4874896 0.4961608 0.4521354 0.4875122 0.4932290 0.4935760 0.4521728 0.4829864 0.4594658 0.4992022 0.4736395 0.4800803 0.5032964 0.5024614 0.5327979 0.5132514 0.4917224 0.4925050 0.4814253 0.4856161 0.4919394 0.4745353 0.4770914 0.5381672 0.4827696 0.5247684 0.4963888 0.4791637 0.5899370 0.6213540 0.6306551 0.6326507 0.5444412 0.5653816 0.5974431 0.5684816 0.1279649 0.1245730 0.0246259 0.0000000 0.0232234 0.0699240 0.4125567 0.6224630 0.6177614 0.6291414 0.6337809 0.6147847 0.6169274 0.6166296 0.6340767 0.6291468 0.4853089 
S0032_G5138_R2_N 0.6243885 0.6259986 0.5034459 0.5094751 0.4669349 0.5092286 0.5081775 0.5101150 0.4683566 0.5088636 0.4665379 0.5124177 0.4921489 0.4948281 0.5206256 0.5184803 0.5529939 0.5328953 0.5106508 0.5092358 0.4985254 0.4981587 0.5079637 0.4920203 0.4938217 0.5557074 0.4851372 0.5494021 0.5119459 0.4947946 0.5950335 0.6267988 0.6423124 0.6443237 0.5516351 0.5666020 0.5994488 0.5695393 0.1240047 0.1168434 0.0363665 0.0232234 0.0000000 0.0632068 0.4192074 0.6531641 0.6485252 0.6470154 0.6632764 0.6453284 0.6475356 0.6479012 0.6602043 0.6551324 0.4903087 
S0001_G5138_R1_A 0.6260520 0.6149593 0.5478389 0.5510674 0.5056610 0.5469365 0.5572275 0.5582888 0.5218486 0.5528219 0.5105413 0.5631567 0.5328900 0.5411036 0.5694516 0.5669101 0.5991152 0.5818545 0.5497857 0.5453120 0.5352941 0.5373641 0.5493285 0.5394924 0.5455661 0.5901051 0.5129166 0.5991332 0.5497953 0.5489724 0.6073915 0.6295541 0.6616815 0.6637207 0.5905912 0.5808968 0.6462359 0.5870861 0.1764320 0.1651164 0.0779255 0.0699240 0.0632068 0.0000000 0.4673076 0.6882536 0.6773589 0.6807578 0.6965305 0.6782877 0.6804804 0.6737603 0.6770514 0.6794255 0.5549970 
S0049_G5138_R1_A 0.5646021 0.5598590 0.4708756 0.4672982 0.4767828 0.4718521 0.4793256 0.4785732 0.4629401 0.4722913 0.4558990 0.4826024 0.4624571 0.4829214 0.4815922 0.4892313 0.5077259 0.4970929 0.4956582 0.4888902 0.4798731 0.4940952 0.4943216 0.4795139 0.4771779 0.4898075 0.4202153 0.5058123 0.4825347 0.4757218 0.4659403 0.4825521 0.5665172 0.5707508 0.4794958 0.4836520 0.5167233 0.5187670 0.5036888 0.4967593 0.4244139 0.4125567 0.4192074 0.4673076 0.0000000 0.5810442 0.5749705 0.5634282 0.5899168 0.5762513 0.5761937 0.5732113 0.5624903 0.5705211 0.4736684 
S0038_G5138_R1_A 0.6582533 0.6431676 0.5179096 0.5140761 0.4914406 0.4967661 0.5024400 0.5020377 0.5076809 0.5073156 0.5232266 0.5085250 0.5029569 0.5321084 0.5240760 0.5202330 0.5492447 0.5442587 0.5423780 0.5281555 0.5314629 0.5141927 0.5317593 0.5157490 0.5153349 0.5960488 0.4842288 0.6464482 0.5048635 0.5130944 0.6061061 0.6284511 0.6809169 0.6854602 0.6037097 0.5797707 0.5974129 0.6681629 0.6783769 0.6627978 0.6221317 0.6224630 0.6531641 0.6882536 0.5810442 0.0000000 0.0169603 0.0216943 0.0257855 0.0256804 0.0256767 0.0327042 0.0379668 0.0305781 0.5385705 
S0042_G5138_R1_N 0.6446477 0.6369411 0.5268201 0.5228668 0.4966869 0.5029661 0.5035491 0.5031385 0.5078745 0.5158025 0.5311089 0.5123529 0.5113708 0.5441696 0.5322194 0.5300510 0.5663839 0.5571172 0.5501773 0.5355268 0.5355592 0.5201401 0.5432918 0.5200510 0.5316105 0.5900431 0.4767925 0.6241767 0.5173212 0.5190344 0.6086827 0.6408835 0.7004152 0.7051224 0.6094252 0.5819285 0.6133161 0.6555427 0.6843342 0.6684978 0.6133568 0.6177614 0.6485252 0.6773589 0.5749705 0.0169603 0.0000000 0.0210355 0.0234229 0.0193335 0.0193308 0.0245489 0.0314517 0.0265763 0.5251388 
S0040_G5138_R1_N 0.6280648 0.6178209 0.5153742 0.5144157 0.4917366 0.4971711 0.4984293 0.4952273 0.4985133 0.5079377 0.5208121 0.5096118 0.5001703 0.5304719 0.5277135 0.5255640 0.5597294 0.5504712 0.5327431 0.5238208 0.5291779 0.5107180 0.5250549 0.5149805 0.5214942 0.5958958 0.4631448 0.6286645 0.5073673 0.5122549 0.5912714 0.6172566 0.6564647 0.6610056 0.5852788 0.5653984 0.5911280 0.6423281 0.6595971 0.6443906 0.6221103 0.6291414 0.6470154 0.6807578 0.5634282 0.0216943 0.0210355 0.0000000 0.0291220 0.0225660 0.0225628 0.0262709 0.0323810 0.0242585 0.5260116 
S0045_G5138_R2_A 0.6629367 0.6552891 0.5450780 0.5373405 0.5072424 0.5152573 0.5169029 0.5130657 0.5203120 0.5283694 0.5451246 0.5243921 0.5239342 0.5568845 0.5433660 0.5411224 0.5780826 0.5687064 0.5560825 0.5446942 0.5458973 0.5328166 0.5503986 0.5342571 0.5381661 0.6038373 0.4826573 0.6442781 0.5285425 0.5292115 0.6170921 0.6500877 0.7222350 0.7270605 0.6177635 0.5986340 0.6285910 0.6746696 0.6967252 0.6833964 0.6333444 0.6337809 0.6632764 0.6965305 0.5899168 0.0257855 0.0234229 0.0291220 0.0000000 0.0257044 0.0273030 0.0343744 0.0388124 0.0338425 0.5486011 
S0044_G5138_R1_N 0.6434438 0.6357404 0.5198946 0.5175643 0.4886478 0.4963552 0.5021246 0.5017166 0.4978981 0.5090616 0.5253007 0.5129134 0.5046262 0.5401597 0.5236889 0.5231499 0.5591684 0.5499511 0.5410014 0.5245066 0.5264893 0.5148218 0.5340661 0.5201603 0.5224658 0.5919255 0.4703625 0.6327294 0.5125503 0.5175523 0.6097400 0.6475306 0.7008208 0.7055398 0.6084100 0.5826654 0.6139913 0.6481405 0.6725976 0.6570524 0.6145196 0.6147847 0.6453284 0.6782877 0.5762513 0.0256804 0.0193335 0.0225660 0.0257044 0.0000000 0.0045524 0.0236434 0.0305183 0.0264617 0.5417270 
S0045_G5138_R1_A 0.6506671 0.6430006 0.5257166 0.5233643 0.4941601 0.5019425 0.5058646 0.5054521 0.5035246 0.5147424 0.5310993 0.5166817 0.5103156 0.5460387 0.5295122 0.5289472 0.5651828 0.5559360 0.5469640 0.5303475 0.5323580 0.5206451 0.5400684 0.5238842 0.5282781 0.5960687 0.4775891 0.6371069 0.5182461 0.5213534 0.6164054 0.6480848 0.7004389 0.7051540 0.6127451 0.5898053 0.6136796 0.6526913 0.6748376 0.6592482 0.6166437 0.6169274 0.6475356 0.6804804 0.5761937 0.0256767 0.0193308 0.0225628 0.0273030 0.0045524 0.0000000 0.0236400 0.0305138 0.0264579 0.5436350 
S0047_G5138_R1_N 0.6613388 0.6558495 0.5181424 0.5155876 0.4853726 0.4892347 0.4942739 0.4972596 0.4978862 0.5080397 0.5224908 0.5123971 0.5015201 0.5384387 0.5188798 0.5174711 0.5531717 0.5361429 0.5369341 0.5228219 0.5202752 0.5104735 0.5292217 0.5144122 0.5195999 0.5855373 0.4753702 0.6084163 0.5082140 0.5153159 0.6205822 0.6657505 0.7097591 0.7146189 0.6189199 0.5979642 0.6240428 0.6554321 0.6774375 0.6615164 0.6121625 0.6166296 0.6479012 0.6737603 0.5732113 0.0327042 0.0245489 0.0262709 0.0343744 0.0236434 0.0236400 0.0000000 0.0101182 0.0093085 0.5271331 
S0043_G5138_R1_N 0.6491406 0.6414614 0.5091312 0.5019415 0.4721283 0.4763874 0.4811977 0.4825624 0.4841251 0.4920301 0.5043287 0.4988351 0.4875718 0.5195505 0.5044544 0.5024420 0.5376946 0.5285818 0.5285199 0.5136991 0.5138356 0.4924382 0.5195005 0.4994925 0.5030549 0.5761680 0.4655409 0.6050362 0.4922007 0.5000290 0.5959283 0.6348185 0.6849799 0.6896295 0.5944334 0.5831223 0.5968768 0.6608278 0.6913987 0.6734684 0.6294572 0.6340767 0.6602043 0.6770514 0.5624903 0.0379668 0.0314517 0.0323810 0.0388124 0.0305183 0.0305138 0.0101182 0.0000000 0.0114981 0.5322496 
S0041_G5138_R1_N 0.6458123 0.6380794 0.5094963 0.5072014 0.4770526 0.4813753 0.4847704 0.4877016 0.4891895 0.4971516 0.5095521 0.5040864 0.4926901 0.5247279 0.5117288 0.5096713 0.5452888 0.5361139 0.5305739 0.5140822 0.5191986 0.4996389 0.5215341 0.5046568 0.5083092 0.5743362 0.4665630 0.6101753 0.4973229 0.5053164 0.5933680 0.6322395 0.6830726 0.6877312 0.5918836 0.5753223 0.5945404 0.6587117 0.6829468 0.6671603 0.6245861 0.6291468 0.6551324 0.6794255 0.5705211 0.0305781 0.0265763 0.0242585 0.0338425 0.0264617 0.0264579 0.0093085 0.0114981 0.0000000 0.5262066 
S0003_G5138_R1_N 0.6146419 0.6002844 0.5443085 0.5461311 0.4960976 0.5397824 0.5307019 0.5430363 0.5140577 0.5371526 0.5182435 0.5414569 0.5211876 0.5339237 0.5504199 0.5547715 0.5750587 0.5651856 0.5567845 0.5503643 0.5541946 0.5510677 0.5670052 0.5339311 0.5459216 0.5481933 0.4840626 0.5928007 0.5441236 0.5361071 0.5756242 0.6009732 0.6523012 0.6528539 0.5397118 0.5785935 0.5954901 0.5129795 0.5408940 0.5381905 0.5094770 0.4853089 0.4903087 0.5549970 0.4736684 0.5385705 0.5251388 0.5260116 0.5486011 0.5417270 0.5436350 0.5271331 0.5322496 0.5262066 0.0000000 
