63
S0051_G5280_R1_A 0.0000000 0.0227193 0.0426268 0.4285667 0.4331681 0.4237855 0.4281643 0.4388676 0.4381650 0.4283754 0.4393280 0.4561684 0.4333350 0.4456816 0.4377911 0.4389872 0.4445049 0.3811552 0.4177132 0.3779984 0.4402788 0.4185834 0.4624926 0.4328392 0.3534173 0.4322508 0.4428963 0.4364665 0.4656998 0.4426321 0.3578238 0.4772167 0.8078987 0.4082747 0.4413121 0.3960531 0.3997477 0.4359931 0.3960664 0.3924599 0.3814855 0.3567955 0.4184509 0.5922586 0.5922586 0.5124469 0.6906691 0.6835614 0.7096901 0.7123050 0.6648312 0.5407188 0.7218856 0.5494143 0.4595810 0.4764595 0.4887040 0.4832632 0.4896363 0.4750695 0.4814939 0.4792089 0.4699070 
S0039_G5280_R1_A 0.0227193 0.0000000 0.0323839 0.4299346 0.4267407 0.4186966 0.4226665 0.4329758 0.4342917 0.4216853 0.4372991 0.4513644 0.4298803 0.4419600 0.4351896 0.4352149 0.4397944 0.3870420 0.4076991 0.3812228 0.4406379 0.4154055 0.4593730 0.4335904 0.3647981 0.4362752 0.4451156 0.4330619 0.4567507 0.4372408 0.3664299 0.4688632 0.7822714 0.4143602 0.4070343 0.3947877 0.3892223 0.4324295 0.4041368 0.3808412 0.3762784 0.3560598 0.4218360 0.5895675 0.5895675 0.5110589 0.6786766 0.6731616 0.7042304 0.7040522 0.6384966 0.5529362 0.7106786 0.5538356 0.4479056 0.4721998 0.4707087 0.4809650 0.4856721 0.4677690 0.4776276 0.4770258 0.4599661 
S0039_G5280_R2_A 0.0426268 0.0323839 0.0000000 0.4330274 0.4296746 0.4231146 0.4235357 0.4360963 0.4378285 0.4278991 0.4373502 0.4525258 0.4287062 0.4470151 0.4325517 0.4354620 0.4439163 0.3875223 0.4152483 0.3771782 0.4341753 0.4096462 0.4594806 0.4343253 0.3598755 0.4364137 0.4552179 0.4343837 0.4535708 0.4429020 0.3661300 0.4594480 0.7904679 0.4108728 0.4189303 0.4006813 0.4000383 0.4237550 0.3951322 0.4000342 0.3713221 0.3549789 0.4061193 0.6077054 0.6077054 0.5052145 0.7144521 0.6993714 0.7191494 0.7247683 0.6680216 0.5384431 0.7380612 0.5565342 0.4657187 0.4885177 0.4950596 0.4912321 0.4959621 0.4801127 0.4901156 0.4935170 0.4780453 
S0031_G5280_R1_A 0.4285667 0.4299346 0.4330274 0.0000000 0.0441712 0.0374906 0.0452702 0.0432986 0.0349297 0.0500819 0.0391595 0.0411902 0.0438370 0.0498518 0.0469095 0.0537851 0.0577194 0.0551731 0.0529653 0.0418610 0.0461426 0.0409390 0.0508943 0.0405702 0.0410117 0.0285100 0.0817214 0.0450689 0.1387491 0.0676417 0.0662491 0.1683595 0.4041384 0.0614978 0.2629539 0.2349078 0.2560801 0.2838366 0.2303219 0.2907131 0.2622554 0.2384055 0.3171311 0.4185633 0.4185633 0.4228457 0.5014797 0.5027255 0.5013740 0.5097914 0.4801449 0.4423704 0.5233710 0.4403944 0.3530083 0.3553554 0.3601484 0.3489299 0.3519341 0.3384233 0.3480057 0.3594327 0.3487837 
S0023_G5280_R1_A 0.4331681 0.4267407 0.4296746 0.0441712 0.0000000 0.0476558 0.0356462 0.0342937 0.0389973 0.0522562 0.0405231 0.0418435 0.0445191 0.0511918 0.0364217 0.0553402 0.0599110 0.0618348 0.0524082 0.0341854 0.0377327 0.0402617 0.0573806 0.0446569 0.0356655 0.0483174 0.0852401 0.0471508 0.1361245 0.0617004 0.0640387 0.1669841 0.4014033 0.0701663 0.2594538 0.2280033 0.2586912 0.2819933 0.2343550 0.2968004 0.2662002 0.2334545 0.3217735 0.4144184 0.4144184 0.4143928 0.5029199 0.5035323 0.5033614 0.5231317 0.4702282 0.4275623 0.5306191 0.4281141 0.3587068 0.3554580 0.3618728 0.3490563 0.3553183 0.3385764 0.3513845 0.3605338 0.3505371 
S0004_G5280_R1_A 0.4237855 0.4186966 0.4231146 0.0374906 0.0476558 0.0000000 0.0500558 0.0473097 0.0393147 0.0533317 0.0436456 0.0465926 0.0471101 0.0532613 0.0524456 0.0566231 0.0583475 0.0549787 0.0551392 0.0486911 0.0530599 0.0449429 0.0534615 0.0434283 0.0472728 0.0446350 0.0880188 0.0486467 0.1460892 0.0681233 0.0661313 0.1702839 0.4105072 0.0631591 0.2702587 0.2402387 0.2531047 0.2825728 0.2329165 0.2919299 0.2642100 0.2376080 0.3102149 0.4378362 0.4378362 0.3953437 0.4914233 0.4942903 0.4985675 0.5069991 0.4631435 0.4234461 0.5204279 0.4235907 0.3506869 0.3446078 0.3535159 0.3409515 0.3438202 0.3356730 0.3432526 0.3486722 0.3409207 
S0026_G5280_R1_A 0.4281643 0.4226665 0.4235357 0.0452702 0.0356462 0.0500558 0.0000000 0.0371440 0.0402109 0.0524879 0.0416839 0.0449208 0.0447128 0.0548749 0.0404127 0.0599643 0.0608278 0.0596286 0.0557774 0.0354626 0.0416567 0.0412068 0.0627068 0.0467613 0.0366603 0.0526676 0.0873581 0.0472054 0.1405511 0.0664961 0.0648793 0.1806899 0.4073002 0.0687770 0.2605795 0.2333474 0.2675555 0.2901137 0.2393726 0.3134637 0.2825983 0.2267369 0.3291365 0.4540390 0.4540390 0.4153532 0.5041482 0.5057743 0.5122950 0.5243803 0.4727186 0.4335969 0.5333775 0.4389873 0.3623401 0.3638682 0.3689420 0.3574475 0.3653056 0.3418725 0.3581187 0.3639804 0.3588791 
S0028_G5280_R1_A 0.4388676 0.4329758 0.4360963 0.0432986 0.0342937 0.0473097 0.0371440 0.0000000 0.0390594 0.0551266 0.0423473 0.0456084 0.0479451 0.0543206 0.0417226 0.0620270 0.0635435 0.0668054 0.0582215 0.0408034 0.0436317 0.0421183 0.0588641 0.0474578 0.0392301 0.0534974 0.0923403 0.0484726 0.1426828 0.0646545 0.0670433 0.1825329 0.4193916 0.0735886 0.2711384 0.2397488 0.2630037 0.2925461 0.2419631 0.3047470 0.2768351 0.2260184 0.3277190 0.4443743 0.4443743 0.4186726 0.5126136 0.5133906 0.5192044 0.5352063 0.4837073 0.4350532 0.5351478 0.4310381 0.3632063 0.3615166 0.3676460 0.3537402 0.3615359 0.3459106 0.3599186 0.3659353 0.3544111 
S0016_G5280_R1_A 0.4381650 0.4342917 0.4378285 0.0349297 0.0389973 0.0393147 0.0402109 0.0390594 0.0000000 0.0457730 0.0333547 0.0364363 0.0376095 0.0450322 0.0461041 0.0486507 0.0476345 0.0469887 0.0496378 0.0453352 0.0473318 0.0330476 0.0550459 0.0382823 0.0446994 0.0415444 0.0821856 0.0386161 0.1466685 0.0602347 0.0622427 0.1888156 0.4022152 0.0582674 0.2678835 0.2314787 0.2585195 0.2849573 0.2334078 0.2993797 0.2719818 0.2329947 0.3216915 0.4430652 0.4430652 0.4151860 0.5038934 0.5055127 0.5083557 0.5250347 0.4778696 0.4323860 0.5371245 0.4252412 0.3646240 0.3636346 0.3697438 0.3572621 0.3650632 0.3484724 0.3611422 0.3671399 0.3586842 
S0046_G5280_R1_A 0.4283754 0.4216853 0.4278991 0.0500819 0.0522562 0.0533317 0.0524879 0.0551266 0.0457730 0.0000000 0.0504939 0.0540116 0.0536457 0.0601239 0.0578846 0.0632461 0.0666887 0.0674005 0.0621958 0.0581685 0.0578712 0.0490823 0.0693299 0.0517309 0.0564176 0.0596837 0.0978840 0.0502858 0.1595846 0.0698722 0.0713605 0.2031453 0.4339976 0.0734141 0.2794451 0.2432682 0.2810163 0.3074593 0.2588571 0.3227729 0.2996315 0.2499331 0.3360868 0.4553027 0.4553027 0.4349684 0.5300117 0.5350601 0.5518653 0.5581175 0.5031506 0.4540460 0.5671380 0.4383697 0.3664028 0.3647854 0.3697891 0.3599026 0.3651285 0.3520630 0.3638132 0.3680888 0.3581289 
S0030_G5280_R1_A 0.4393280 0.4372991 0.4373502 0.0391595 0.0405231 0.0436456 0.0416839 0.0423473 0.0333547 0.0504939 0.0000000 0.0385136 0.0402989 0.0497341 0.0456725 0.0540532 0.0555893 0.0560431 0.0471514 0.0455565 0.0475266 0.0351445 0.0578123 0.0391452 0.0449621 0.0468872 0.0866130 0.0401435 0.1480536 0.0612014 0.0617288 0.1873386 0.4126999 0.0618537 0.2655414 0.2301004 0.2676985 0.2874489 0.2418381 0.3054236 0.2778315 0.2377825 0.3219316 0.4662441 0.4662441 0.4378747 0.5099572 0.5158619 0.5178930 0.5339467 0.4826273 0.4484865 0.5402766 0.4314800 0.3543035 0.3517221 0.3599668 0.3455220 0.3532123 0.3370322 0.3509524 0.3566831 0.3469788 
S0022_G5280_R1_A 0.4561684 0.4513644 0.4525258 0.0411902 0.0418435 0.0465926 0.0449208 0.0456084 0.0364363 0.0540116 0.0385136 0.0000000 0.0429080 0.0519014 0.0497359 0.0589275 0.0611954 0.0642012 0.0563136 0.0483957 0.0503787 0.0388843 0.0624290 0.0449598 0.0478988 0.0516951 0.0860666 0.0460620 0.1498656 0.0664567 0.0714772 0.1999318 0.4275710 0.0702811 0.2760338 0.2419018 0.2759686 0.3022054 0.2465912 0.3085834 0.2833038 0.2474559 0.3386304 0.4534598 0.4534598 0.4317607 0.4868177 0.4886442 0.4954314 0.5096454 0.4659217 0.4425097 0.5231724 0.4419127 0.3736246 0.3698986 0.3784799 0.3632372 0.3679288 0.3524568 0.3672525 0.3749944 0.3646848 
S0011_G5280_R1_A 0.4333350 0.4298803 0.4287062 0.0438370 0.0445191 0.0471101 0.0447128 0.0479451 0.0376095 0.0536457 0.0402989 0.0429080 0.0000000 0.0400735 0.0513091 0.0551765 0.0573738 0.0617515 0.0538236 0.0535019 0.0513066 0.0350332 0.0617680 0.0397367 0.0512878 0.0487947 0.0864691 0.0400379 0.1535627 0.0665234 0.0700666 0.1886882 0.4052728 0.0684391 0.2693814 0.2364515 0.2761668 0.3016758 0.2529155 0.3102449 0.2849884 0.2475682 0.3301577 0.4466118 0.4466118 0.4137412 0.4877285 0.4913271 0.5007521 0.5124002 0.4645454 0.4211605 0.5258014 0.4273227 0.3536951 0.3474199 0.3557595 0.3443639 0.3489529 0.3335624 0.3482611 0.3588685 0.3426867 
S0002_G5280_R1_A 0.4456816 0.4419600 0.4470151 0.0498518 0.0511918 0.0532613 0.0548749 0.0543206 0.0450322 0.0601239 0.0497341 0.0519014 0.0400735 0.0000000 0.0584071 0.0698921 0.0686440 0.0693391 0.0619444 0.0566424 0.0590538 0.0463303 0.0685927 0.0517334 0.0539414 0.0584661 0.0929725 0.0508314 0.1591888 0.0775372 0.0751208 0.1932868 0.4171784 0.0770711 0.2607877 0.2392105 0.2758225 0.3060387 0.2533316 0.3224325 0.2886538 0.2463994 0.3301830 0.4650494 0.4650494 0.4157389 0.5150417 0.5181138 0.5220930 0.5380746 0.4914921 0.4264963 0.5430581 0.4320524 0.3705722 0.3638256 0.3754102 0.3638376 0.3717209 0.3533374 0.3645273 0.3720331 0.3620424 
S0021_G5280_R1_A 0.4377911 0.4351896 0.4325517 0.0469095 0.0364217 0.0524456 0.0404127 0.0417226 0.0461041 0.0578846 0.0456725 0.0497359 0.0513091 0.0584071 0.0000000 0.0655439 0.0663826 0.0668992 0.0602149 0.0007044 0.0193353 0.0460820 0.0676990 0.0489275 0.0194766 0.0548212 0.0919064 0.0533094 0.1503755 0.0743475 0.0757812 0.1919846 0.4252977 0.0761827 0.2739977 0.2427757 0.2837398 0.3075984 0.2506507 0.3252451 0.2918085 0.2399754 0.3369694 0.4606564 0.4606564 0.4223984 0.5237628 0.5246523 0.5265657 0.5465738 0.4921905 0.4396348 0.5580774 0.4286747 0.3671068 0.3669471 0.3720235 0.3578534 0.3640794 0.3425303 0.3642250 0.3719311 0.3586682 
S0050_G5280_R1_A 0.4389872 0.4352149 0.4354620 0.0537851 0.0553402 0.0566231 0.0599643 0.0620270 0.0486507 0.0632461 0.0540532 0.0589275 0.0551765 0.0698921 0.0655439 0.0000000 0.0260641 0.0271817 0.0600130 0.0665393 0.0642889 0.0532312 0.0758005 0.0586786 0.0634846 0.0635343 0.0932068 0.0551079 0.1680941 0.0779664 0.0804261 0.2200333 0.4060308 0.0242078 0.2715141 0.2436100 0.2827094 0.3154984 0.2539662 0.3203255 0.2946819 0.2517720 0.3523291 0.4630299 0.4630299 0.4433856 0.5457926 0.5465781 0.5528649 0.5732689 0.5063687 0.4646339 0.5652828 0.4382977 0.3631146 0.3636068 0.3728397 0.3562180 0.3640831 0.3468429 0.3633829 0.3705598 0.3594471 
S0048_G5280_R1_A 0.4445049 0.4397944 0.4439163 0.0577194 0.0599110 0.0583475 0.0608278 0.0635435 0.0476345 0.0666887 0.0555893 0.0611954 0.0573738 0.0686440 0.0663826 0.0260641 0.0000000 0.0000010 0.0626499 0.0671511 0.0684062 0.0521879 0.0738571 0.0595506 0.0674623 0.0636743 0.0947192 0.0567198 0.1686478 0.0787055 0.0837456 0.2203200 0.4241176 0.0354806 0.2808713 0.2421168 0.2984085 0.3286427 0.2635217 0.3321361 0.2974603 0.2606308 0.3613214 0.4582179 0.4582179 0.4306968 0.5307360 0.5354925 0.5419003 0.5581241 0.4950995 0.4538374 0.5653060 0.4400151 0.3698204 0.3665101 0.3788761 0.3607775 0.3654150 0.3497764 0.3679348 0.3723355 0.3639879 
S0048_G5280_R3_A 0.3811552 0.3870420 0.3875223 0.0551731 0.0618348 0.0549787 0.0596286 0.0668054 0.0469887 0.0674005 0.0560431 0.0642012 0.0617515 0.0693391 0.0668992 0.0271817 0.0000010 0.0000000 0.0625222 0.0656688 0.0701509 0.0528349 0.0695943 0.0621790 0.0670569 0.0633083 0.0938551 0.0576406 0.1718151 0.0839438 0.0820869 0.2225525 0.4088260 0.0350780 0.2649504 0.2686089 0.2811383 0.3004982 0.2543164 0.3264142 0.2855404 0.2468686 0.3257880 0.4712586 0.4712586 0.4259145 0.4336217 0.4374515 0.4439266 0.4539874 0.3963089 0.4480912 0.4506564 0.4241588 0.3577851 0.3516711 0.3586575 0.3420878 0.3476575 0.3317187 0.3498839 0.3547070 0.3436825 
S0013_G5280_R1_A 0.4177132 0.4076991 0.4152483 0.0529653 0.0524082 0.0551392 0.0557774 0.0582215 0.0496378 0.0621958 0.0471514 0.0563136 0.0538236 0.0619444 0.0602149 0.0600130 0.0626499 0.0625222 0.0000000 0.0585203 0.0581787 0.0503996 0.0718056 0.0547197 0.0565139 0.0596166 0.0911284 0.0551082 0.1557146 0.0755899 0.0776210 0.1957079 0.3986132 0.0690569 0.2523806 0.2374089 0.2578605 0.2851761 0.2381847 0.2887345 0.2786443 0.2373995 0.3118063 0.4508944 0.4508944 0.4422213 0.5181204 0.5180918 0.5253569 0.5363649 0.4923966 0.4595737 0.5455802 0.4429160 0.3724340 0.3690570 0.3745916 0.3591377 0.3673135 0.3488399 0.3647028 0.3737357 0.3622909 
S0021_G5280_R3_A 0.3779984 0.3812228 0.3771782 0.0418610 0.0341854 0.0486911 0.0354626 0.0408034 0.0453352 0.0581685 0.0455565 0.0483957 0.0535019 0.0566424 0.0007044 0.0665393 0.0671511 0.0656688 0.0585203 0.0000000 0.0201763 0.0439039 0.0645425 0.0523939 0.0198900 0.0537118 0.0875378 0.0527709 0.1503418 0.0758332 0.0742898 0.1910350 0.4122801 0.0747661 0.2526910 0.2630456 0.2664445 0.2799275 0.2447714 0.3114747 0.2795194 0.2267157 0.3059289 0.4710393 0.4710393 0.4177784 0.4311711 0.4285622 0.4280544 0.4399242 0.3969170 0.4342327 0.4468408 0.4247552 0.3558484 0.3538570 0.3555062 0.3469000 0.3543887 0.3314115 0.3471085 0.3575113 0.3388375 
S0021_G5280_R2_A 0.4402788 0.4406379 0.4341753 0.0461426 0.0377327 0.0530599 0.0416567 0.0436317 0.0473318 0.0578712 0.0475266 0.0503787 0.0513066 0.0590538 0.0193353 0.0642889 0.0684062 0.0701509 0.0581787 0.0201763 0.0000000 0.0460798 0.0703687 0.0508023 0.0000010 0.0573595 0.0933737 0.0545591 0.1492353 0.0741888 0.0763677 0.1940098 0.4270064 0.0770135 0.2722102 0.2397114 0.2810630 0.2996967 0.2451358 0.3106741 0.2826666 0.2342566 0.3269093 0.4562741 0.4562741 0.4238123 0.5176434 0.5239830 0.5280257 0.5441491 0.4942444 0.4397267 0.5564855 0.4373157 0.3674790 0.3672776 0.3756263 0.3574536 0.3670675 0.3460894 0.3631153 0.3722452 0.3622427 
S0020_G5280_R1_A 0.4185834 0.4154055 0.4096462 0.0409390 0.0402617 0.0449429 0.0412068 0.0421183 0.0330476 0.0490823 0.0351445 0.0388843 0.0350332 0.0463303 0.0460820 0.0532312 0.0521879 0.0528349 0.0503996 0.0439039 0.0460798 0.0000000 0.0592319 0.0326448 0.0441897 0.0467873 0.0840454 0.0348617 0.1438359 0.0632690 0.0652326 0.1871936 0.3830847 0.0620668 0.2593828 0.2310810 0.2625489 0.2880497 0.2346229 0.2998230 0.2758898 0.2433019 0.3192156 0.4471367 0.4471367 0.4365501 0.5222378 0.5255363 0.5252307 0.5454381 0.4931190 0.4542406 0.5523786 0.4294346 0.3708326 0.3655243 0.3740514 0.3571591 0.3651666 0.3510039 0.3629430 0.3687824 0.3586190 
S0037_G5280_R1_A 0.4624926 0.4593730 0.4594806 0.0508943 0.0573806 0.0534615 0.0627068 0.0588641 0.0550459 0.0693299 0.0578123 0.0624290 0.0617680 0.0685927 0.0676990 0.0758005 0.0738571 0.0695943 0.0718056 0.0645425 0.0703687 0.0592319 0.0000000 0.0592823 0.0628635 0.0600621 0.1069405 0.0638251 0.1700667 0.0867609 0.0840543 0.2066793 0.4257641 0.0790684 0.2868883 0.2480773 0.2794350 0.3097377 0.2613239 0.3071647 0.3012382 0.2541999 0.3202559 0.4745085 0.4745085 0.4268813 0.5305714 0.5341528 0.5344792 0.5507744 0.5054567 0.4420470 0.5658872 0.4254394 0.3692909 0.3662976 0.3681965 0.3613262 0.3677051 0.3500590 0.3653380 0.3697031 0.3591239 
S0019_G5280_R1_A 0.4328392 0.4335904 0.4343253 0.0405702 0.0446569 0.0434283 0.0467613 0.0474578 0.0382823 0.0517309 0.0391452 0.0449598 0.0397367 0.0517334 0.0489275 0.0586786 0.0595506 0.0621790 0.0547197 0.0523939 0.0508023 0.0326448 0.0592823 0.0000000 0.0520218 0.0479006 0.0902816 0.0417863 0.1511286 0.0690714 0.0735047 0.1908093 0.4252692 0.0688021 0.2665239 0.2389166 0.2736528 0.3006567 0.2524564 0.3094242 0.2822823 0.2345427 0.3218841 0.4516887 0.4516887 0.4160652 0.5087106 0.5100132 0.5194220 0.5355550 0.4763310 0.4320908 0.5396534 0.4290617 0.3581104 0.3549760 0.3631797 0.3519033 0.3595957 0.3411851 0.3573223 0.3599009 0.3533307 
S0021_G5280_R4_A 0.3534173 0.3647981 0.3598755 0.0410117 0.0356655 0.0472728 0.0366603 0.0392301 0.0446994 0.0564176 0.0449621 0.0478988 0.0512878 0.0539414 0.0194766 0.0634846 0.0674623 0.0670569 0.0565139 0.0198900 0.0000010 0.0441897 0.0628635 0.0520218 0.0000000 0.0558930 0.0878221 0.0532592 0.1415033 0.0753797 0.0758477 0.1830531 0.3968278 0.0744882 0.2326767 0.2538766 0.2487281 0.2634148 0.2276389 0.2891315 0.2619295 0.2200831 0.2844674 0.4546987 0.4546987 0.4222275 0.4148764 0.4205030 0.4155667 0.4234025 0.3910409 0.4377022 0.4332764 0.4258503 0.3512439 0.3491500 0.3541356 0.3389113 0.3508584 0.3309968 0.3433033 0.3541055 0.3387270 
S0018_G5280_R1_A 0.4322508 0.4362752 0.4364137 0.0285100 0.0483174 0.0446350 0.0526676 0.0534974 0.0415444 0.0596837 0.0468872 0.0516951 0.0487947 0.0584661 0.0548212 0.0635343 0.0636743 0.0633083 0.0596166 0.0537118 0.0573595 0.0467873 0.0600621 0.0479006 0.0558930 0.0000000 0.0920166 0.0514948 0.1526354 0.0741105 0.0739335 0.1958741 0.4112597 0.0725053 0.2703345 0.2483423 0.2648115 0.2948848 0.2415956 0.3115632 0.2781814 0.2334967 0.3353637 0.4624110 0.4624110 0.4102069 0.5117637 0.5174574 0.5212988 0.5294806 0.4877544 0.4260169 0.5483798 0.4273101 0.3577207 0.3578703 0.3643098 0.3548092 0.3625002 0.3461629 0.3586399 0.3576669 0.3515678 
S0012_G5280_R1_A 0.4428963 0.4451156 0.4552179 0.0817214 0.0852401 0.0880188 0.0873581 0.0923403 0.0821856 0.0978840 0.0866130 0.0860666 0.0864691 0.0929725 0.0919064 0.0932068 0.0947192 0.0938551 0.0911284 0.0875378 0.0933737 0.0840454 0.1069405 0.0902816 0.0878221 0.0920166 0.0000000 0.0890741 0.1912266 0.1106039 0.1123038 0.2388193 0.4417775 0.0982257 0.2804379 0.2788123 0.3123774 0.3431481 0.2778270 0.3395280 0.3174608 0.2714079 0.3603443 0.4768603 0.4768603 0.4504136 0.5521338 0.5505545 0.5545359 0.5640945 0.5217844 0.4566198 0.5852004 0.4592451 0.3926598 0.3879094 0.3992879 0.3855696 0.3903926 0.3745908 0.3876920 0.3911939 0.3803918 
S0036_G5280_R1_A 0.4364665 0.4330619 0.4343837 0.0450689 0.0471508 0.0486467 0.0472054 0.0484726 0.0386161 0.0502858 0.0401435 0.0460620 0.0400379 0.0508314 0.0533094 0.0551079 0.0567198 0.0576406 0.0551082 0.0527709 0.0545591 0.0348617 0.0638251 0.0417863 0.0532592 0.0514948 0.0890741 0.0000000 0.1537775 0.0704174 0.0750081 0.1916104 0.3994860 0.0658463 0.2636417 0.2363678 0.2708833 0.3005523 0.2512822 0.3148724 0.2895292 0.2451230 0.3303602 0.4548634 0.4548634 0.4231613 0.5104810 0.5120493 0.5163179 0.5328591 0.4878439 0.4378416 0.5406753 0.4300667 0.3656294 0.3628125 0.3711264 0.3532254 0.3610116 0.3423722 0.3603242 0.3688052 0.3579665 
S0005_G5280_R1_A 0.4656998 0.4567507 0.4535708 0.1387491 0.1361245 0.1460892 0.1405511 0.1426828 0.1466685 0.1595846 0.1480536 0.1498656 0.1535627 0.1591888 0.1503755 0.1680941 0.1686478 0.1718151 0.1557146 0.1503418 0.1492353 0.1438359 0.1700667 0.1511286 0.1415033 0.1526354 0.1912266 0.1537775 0.0000000 0.1649502 0.1619664 0.1931651 0.5298744 0.1855906 0.2930895 0.2422168 0.2656563 0.3002363 0.2345607 0.3070542 0.2813247 0.2427964 0.3115459 0.4790575 0.4790575 0.4755763 0.6050037 0.6158024 0.6440663 0.6460240 0.5724176 0.4988996 0.6290608 0.4859707 0.3910178 0.4058695 0.4050800 0.3978825 0.4063833 0.3841007 0.3922908 0.4016399 0.3939801 
S0017_G5280_R1_A 0.4426321 0.4372408 0.4429020 0.0676417 0.0617004 0.0681233 0.0664961 0.0646545 0.0602347 0.0698722 0.0612014 0.0664567 0.0665234 0.0775372 0.0743475 0.0779664 0.0787055 0.0839438 0.0755899 0.0758332 0.0741888 0.0632690 0.0867609 0.0690714 0.0753797 0.0741105 0.1106039 0.0704174 0.1649502 0.0000000 0.0000010 0.2077208 0.4731892 0.0903541 0.2695565 0.2483137 0.2830585 0.3127030 0.2524966 0.3156837 0.2865249 0.2403075 0.3338809 0.4605166 0.4605166 0.4054075 0.5322828 0.5335438 0.5280459 0.5520539 0.4994434 0.4196255 0.5674765 0.4361938 0.3627690 0.3626183 0.3676259 0.3579014 0.3656591 0.3475866 0.3587286 0.3612737 0.3531262 
S0017_G5280_R4_A 0.3578238 0.3664299 0.3661300 0.0662491 0.0640387 0.0661313 0.0648793 0.0670433 0.0622427 0.0713605 0.0617288 0.0714772 0.0700666 0.0751208 0.0757812 0.0804261 0.0837456 0.0820869 0.0776210 0.0742898 0.0763677 0.0652326 0.0840543 0.0735047 0.0758477 0.0739335 0.1123038 0.0750081 0.1619664 0.0000010 0.0000000 0.1989528 0.4408680 0.0892967 0.2359793 0.2686339 0.2578349 0.2729802 0.2342282 0.3021133 0.2668210 0.2215005 0.2881965 0.4562222 0.4562222 0.4057270 0.4339899 0.4359845 0.4218427 0.4411486 0.4010178 0.4197829 0.4581872 0.4174585 0.3495763 0.3434890 0.3484290 0.3374797 0.3472168 0.3274307 0.3376738 0.3444408 0.3331337 
S0035_G5280_R1_A 0.4772167 0.4688632 0.4594480 0.1683595 0.1669841 0.1702839 0.1806899 0.1825329 0.1888156 0.2031453 0.1873386 0.1999318 0.1886882 0.1932868 0.1919846 0.2200333 0.2203200 0.2225525 0.1957079 0.1910350 0.1940098 0.1871936 0.2066793 0.1908093 0.1830531 0.1958741 0.2388193 0.1916104 0.1931651 0.2077208 0.1989528 0.0000000 0.5576218 0.2365108 0.2834833 0.2644849 0.2764115 0.3143848 0.2543590 0.3209833 0.2968077 0.2496922 0.3310134 0.5299779 0.5299779 0.4754858 0.6152384 0.6236725 0.6334607 0.6481539 0.5797776 0.4982351 0.6535464 0.4853575 0.4197923 0.4281690 0.4310132 0.4254251 0.4322645 0.4078177 0.4262112 0.4322179 0.4115452 
S0048_G5280_R2_A 0.8078987 0.7822714 0.7904679 0.4041384 0.4014033 0.4105072 0.4073002 0.4193916 0.4022152 0.4339976 0.4126999 0.4275710 0.4052728 0.4171784 0.4252977 0.4060308 0.4241176 0.4088260 0.3986132 0.4122801 0.4270064 0.3830847 0.4257641 0.4252692 0.3968278 0.4112597 0.4417775 0.3994860 0.5298744 0.4731892 0.4408680 0.5576218 0.0000000 0.4082756 0.5860773 0.6219040 0.5592937 0.6061260 0.5897690 0.6895363 0.6329641 0.5626467 0.6718794 0.9450674 0.9450674 0.8276627 1.1026811 1.0919712 1.1173661 1.1214746 0.9704553 0.8605524 1.0855507 0.8852557 0.8469661 0.8370396 0.8422131 0.8351769 0.8487926 0.8088158 0.8271851 0.8450779 0.8110633 
S0017_G5280_R3_A 0.4082747 0.4143602 0.4108728 0.0614978 0.0701663 0.0631591 0.0687770 0.0735886 0.0582674 0.0734141 0.0618537 0.0702811 0.0684391 0.0770711 0.0761827 0.0242078 0.0354806 0.0350780 0.0690569 0.0747661 0.0770135 0.0620668 0.0790684 0.0688021 0.0744882 0.0725053 0.0982257 0.0658463 0.1855906 0.0903541 0.0892967 0.2365108 0.4082756 0.0000000 0.2676595 0.2836032 0.2885434 0.3032673 0.2576231 0.3450962 0.3009476 0.2578336 0.3425137 0.4916009 0.4916009 0.4620955 0.4677480 0.4626336 0.4672774 0.4773502 0.4273386 0.4792477 0.4772187 0.4482343 0.3739387 0.3714230 0.3747859 0.3575884 0.3672795 0.3468975 0.3655983 0.3745062 0.3592119 
S0006_G5280_R1_A 0.4413121 0.4070343 0.4189303 0.2629539 0.2594538 0.2702587 0.2605795 0.2711384 0.2678835 0.2794451 0.2655414 0.2760338 0.2693814 0.2607877 0.2739977 0.2715141 0.2808713 0.2649504 0.2523806 0.2526910 0.2722102 0.2593828 0.2868883 0.2665239 0.2326767 0.2703345 0.2804379 0.2636417 0.2930895 0.2695565 0.2359793 0.2834833 0.5860773 0.2676595 0.0000000 0.2779315 0.2997765 0.3090973 0.2717185 0.3132036 0.2842496 0.2606014 0.3030223 0.4997502 0.4997502 0.4732470 0.5820009 0.5862593 0.5642673 0.5814279 0.5801969 0.4557105 0.5882588 0.3842992 0.3972192 0.3968346 0.3951607 0.3964649 0.4018713 0.3819265 0.3886617 0.4001877 0.3925606 
S0033_G5280_R1_A 0.3960531 0.3947877 0.4006813 0.2349078 0.2280033 0.2402387 0.2333474 0.2397488 0.2314787 0.2432682 0.2301004 0.2419018 0.2364515 0.2392105 0.2427757 0.2436100 0.2421168 0.2686089 0.2374089 0.2630456 0.2397114 0.2310810 0.2480773 0.2389166 0.2538766 0.2483423 0.2788123 0.2363678 0.2422168 0.2483137 0.2686339 0.2644849 0.6219040 0.2836032 0.2779315 0.0000000 0.2281403 0.2821470 0.2483964 0.2979594 0.2785544 0.2416766 0.3051713 0.4431939 0.4431939 0.4907173 0.5983665 0.5987012 0.6127033 0.6179568 0.5505140 0.5346889 0.6300797 0.4380120 0.4504777 0.4436977 0.4526064 0.4302968 0.4339014 0.4091422 0.4428231 0.4401800 0.4364697 
S0034_G5280_R1_A 0.3997477 0.3892223 0.4000383 0.2560801 0.2586912 0.2531047 0.2675555 0.2630037 0.2585195 0.2810163 0.2676985 0.2759686 0.2761668 0.2758225 0.2837398 0.2827094 0.2984085 0.2811383 0.2578605 0.2664445 0.2810630 0.2625489 0.2794350 0.2736528 0.2487281 0.2648115 0.3123774 0.2708833 0.2656563 0.2830585 0.2578349 0.2764115 0.5592937 0.2885434 0.2997765 0.2281403 0.0000000 0.1045003 0.1463285 0.2104743 0.1811989 0.1762363 0.2030150 0.4297326 0.4297326 0.4692435 0.6348953 0.6428868 0.6238271 0.6277370 0.6087441 0.4671141 0.6621069 0.4207247 0.3707309 0.3754320 0.3764594 0.3737660 0.3859095 0.3715532 0.3779032 0.3879672 0.3634400 
S0015_G5280_R1_A 0.4359931 0.4324295 0.4237550 0.2838366 0.2819933 0.2825728 0.2901137 0.2925461 0.2849573 0.3074593 0.2874489 0.3022054 0.3016758 0.3060387 0.3075984 0.3154984 0.3286427 0.3004982 0.2851761 0.2799275 0.2996967 0.2880497 0.3097377 0.3006567 0.2634148 0.2948848 0.3431481 0.3005523 0.3002363 0.3127030 0.2729802 0.3143848 0.6061260 0.3032673 0.3090973 0.2821470 0.1045003 0.0000000 0.1429219 0.2110010 0.1828035 0.1644073 0.2054026 0.4344163 0.4344163 0.4987352 0.7269485 0.7296259 0.7161479 0.7236598 0.6896082 0.5011573 0.7233761 0.4213511 0.3908702 0.3914269 0.3944948 0.3803900 0.3869624 0.3806482 0.3880651 0.4000189 0.3777099 
S0008_G5280_R1_A 0.3960664 0.4041368 0.3951322 0.2303219 0.2343550 0.2329165 0.2393726 0.2419631 0.2334078 0.2588571 0.2418381 0.2465912 0.2529155 0.2533316 0.2506507 0.2539662 0.2635217 0.2543164 0.2381847 0.2447714 0.2451358 0.2346229 0.2613239 0.2524564 0.2276389 0.2415956 0.2778270 0.2512822 0.2345607 0.2524966 0.2342282 0.2543590 0.5897690 0.2576231 0.2717185 0.2483964 0.1463285 0.1429219 0.0000000 0.1854300 0.1352245 0.1354483 0.1716640 0.4315883 0.4315883 0.4408679 0.6276605 0.6370704 0.6277046 0.6258573 0.5838019 0.4490340 0.6259076 0.4114641 0.3749414 0.3754777 0.3829061 0.3720154 0.3754133 0.3640612 0.3795067 0.3922476 0.3710108 
S0010_G5280_R1_V 0.3924599 0.3808412 0.4000342 0.2907131 0.2968004 0.2919299 0.3134637 0.3047470 0.2993797 0.3227729 0.3054236 0.3085834 0.3102449 0.3224325 0.3252451 0.3203255 0.3321361 0.3264142 0.2887345 0.3114747 0.3106741 0.2998230 0.3071647 0.3094242 0.2891315 0.3115632 0.3395280 0.3148724 0.3070542 0.3156837 0.3021133 0.3209833 0.6895363 0.3450962 0.3132036 0.2979594 0.2104743 0.2110010 0.1854300 0.0000000 0.1701617 0.1744836 0.1341494 0.4702732 0.4702732 0.4586713 0.6159368 0.6255723 0.6182234 0.6188871 0.5749333 0.4803726 0.6124781 0.4031517 0.4152597 0.4233614 0.4262900 0.4220604 0.4331822 0.4213536 0.4158166 0.4268196 0.4057423 
S0014_G5280_R1_A 0.3814855 0.3762784 0.3713221 0.2622554 0.2662002 0.2642100 0.2825983 0.2768351 0.2719818 0.2996315 0.2778315 0.2833038 0.2849884 0.2886538 0.2918085 0.2946819 0.2974603 0.2855404 0.2786443 0.2795194 0.2826666 0.2758898 0.3012382 0.2822823 0.2619295 0.2781814 0.3174608 0.2895292 0.2813247 0.2865249 0.2668210 0.2968077 0.6329641 0.3009476 0.2842496 0.2785544 0.1811989 0.1828035 0.1352245 0.1701617 0.0000000 0.1328048 0.1603805 0.4607385 0.4607385 0.4559148 0.6418846 0.6441568 0.6567163 0.6443885 0.5958912 0.4674599 0.6373886 0.4443203 0.3905188 0.3961957 0.3990016 0.3936405 0.4022207 0.3858889 0.3850836 0.4081747 0.3764602 
S0027_G5280_R1_A 0.3567955 0.3560598 0.3549789 0.2384055 0.2334545 0.2376080 0.2267369 0.2260184 0.2329947 0.2499331 0.2377825 0.2474559 0.2475682 0.2463994 0.2399754 0.2517720 0.2606308 0.2468686 0.2373995 0.2267157 0.2342566 0.2433019 0.2541999 0.2345427 0.2200831 0.2334967 0.2714079 0.2451230 0.2427964 0.2403075 0.2215005 0.2496922 0.5626467 0.2578336 0.2606014 0.2416766 0.1762363 0.1644073 0.1354483 0.1744836 0.1328048 0.0000000 0.1779078 0.4505618 0.4505618 0.4283155 0.5691028 0.5769439 0.5880738 0.5900588 0.5561121 0.4157758 0.5669296 0.4416135 0.4052523 0.4031430 0.4111636 0.3976198 0.4064875 0.3897134 0.4001318 0.4149123 0.3923898 
S0009_G5280_R1_U 0.4184509 0.4218360 0.4061193 0.3171311 0.3217735 0.3102149 0.3291365 0.3277190 0.3216915 0.3360868 0.3219316 0.3386304 0.3301577 0.3301830 0.3369694 0.3523291 0.3613214 0.3257880 0.3118063 0.3059289 0.3269093 0.3192156 0.3202559 0.3218841 0.2844674 0.3353637 0.3603443 0.3303602 0.3115459 0.3338809 0.2881965 0.3310134 0.6718794 0.3425137 0.3030223 0.3051713 0.2030150 0.2054026 0.1716640 0.1341494 0.1603805 0.1779078 0.0000000 0.4872933 0.4872933 0.4533713 0.6570515 0.6659364 0.6558165 0.6562881 0.6058743 0.4648325 0.6601208 0.4553200 0.4473608 0.4519300 0.4557988 0.4446160 0.4500465 0.4420749 0.4458158 0.4583991 0.4332199 
S0049_G5280_R1_A 0.5922586 0.5895675 0.6077054 0.4185633 0.4144184 0.4378362 0.4540390 0.4443743 0.4430652 0.4553027 0.4662441 0.4534598 0.4466118 0.4650494 0.4606564 0.4630299 0.4582179 0.4712586 0.4508944 0.4710393 0.4562741 0.4471367 0.4745085 0.4516887 0.4546987 0.4624110 0.4768603 0.4548634 0.4790575 0.4605166 0.4562222 0.5299779 0.9450674 0.4916009 0.4997502 0.4431939 0.4297326 0.4344163 0.4315883 0.4702732 0.4607385 0.4505618 0.4872933 0.0000000 0.0000010 0.4756573 0.4668156 0.4846407 0.4664434 0.4791647 0.4610529 0.4560947 0.4672391 0.4535092 0.5184381 0.5219352 0.5285732 0.5109224 0.5130153 0.5110207 0.5080549 0.5293025 0.5000256 
S0049_G5280_R2_A 0.5922586 0.5895675 0.6077054 0.4185633 0.4144184 0.4378362 0.4540390 0.4443743 0.4430652 0.4553027 0.4662441 0.4534598 0.4466118 0.4650494 0.4606564 0.4630299 0.4582179 0.4712586 0.4508944 0.4710393 0.4562741 0.4471367 0.4745085 0.4516887 0.4546987 0.4624110 0.4768603 0.4548634 0.4790575 0.4605166 0.4562222 0.5299779 0.9450674 0.4916009 0.4997502 0.4431939 0.4297326 0.4344163 0.4315883 0.4702732 0.4607385 0.4505618 0.4872933 0.0000010 0.0000000 0.4756573 0.4668156 0.4846407 0.4664434 0.4791647 0.4610529 0.4560947 0.4672391 0.4535092 0.5184381 0.5219352 0.5285732 0.5109224 0.5130153 0.5110207 0.5080549 0.5293025 0.5000256 
S0032_G5280_R4_N 0.5124469 0.5110589 0.5052145 0.4228457 0.4143928 0.3953437 0.4153532 0.4186726 0.4151860 0.4349684 0.4378747 0.4317607 0.4137412 0.4157389 0.4223984 0.4433856 0.4306968 0.4259145 0.4422213 0.4177784 0.4238123 0.4365501 0.4268813 0.4160652 0.4222275 0.4102069 0.4504136 0.4231613 0.4755763 0.4054075 0.4057270 0.4754858 0.8276627 0.4620955 0.4732470 0.4907173 0.4692435 0.4987352 0.4408679 0.4586713 0.4559148 0.4283155 0.4533713 0.4756573 0.4756573 0.0000000 0.0124050 0.0061230 0.0474483 0.0445728 0.0000010 0.0060806 0.0644651 0.3743835 0.3679651 0.3656561 0.3724396 0.3653738 0.3697636 0.3610945 0.3585411 0.3701802 0.3513642 
S0024_G5280_R1_A 0.6906691 0.6786766 0.7144521 0.5014797 0.5029199 0.4914233 0.5041482 0.5126136 0.5038934 0.5300117 0.5099572 0.4868177 0.4877285 0.5150417 0.5237628 0.5457926 0.5307360 0.4336217 0.5181204 0.4311711 0.5176434 0.5222378 0.5305714 0.5087106 0.4148764 0.5117637 0.5521338 0.5104810 0.6050037 0.5322828 0.4339899 0.6152384 1.1026811 0.4677480 0.5820009 0.5983665 0.6348953 0.7269485 0.6276605 0.6159368 0.6418846 0.5691028 0.6570515 0.4668156 0.4668156 0.0124050 0.0000000 0.0240677 0.0781045 0.0749571 0.0214540 0.0162781 0.0946900 0.4225051 0.5847905 0.5747063 0.5980978 0.5719489 0.5789585 0.5716926 0.5861239 0.5785880 0.5723358 
S0032_G5280_R1_N 0.6835614 0.6731616 0.6993714 0.5027255 0.5035323 0.4942903 0.5057743 0.5133906 0.5055127 0.5350601 0.5158619 0.4886442 0.4913271 0.5181138 0.5246523 0.5465781 0.5354925 0.4374515 0.5180918 0.4285622 0.5239830 0.5255363 0.5341528 0.5100132 0.4205030 0.5174574 0.5505545 0.5120493 0.6158024 0.5335438 0.4359845 0.6236725 1.0919712 0.4626336 0.5862593 0.5987012 0.6428868 0.7296259 0.6370704 0.6255723 0.6441568 0.5769439 0.6659364 0.4846407 0.4846407 0.0061230 0.0240677 0.0000000 0.0663293 0.0633192 0.0104975 0.0000010 0.0843704 0.4117048 0.5778125 0.5817826 0.6048254 0.5790624 0.5859857 0.5787673 0.5930592 0.5856325 0.5794439 
S0025_G5280_R1_A 0.7096901 0.7042304 0.7191494 0.5013740 0.5033614 0.4985675 0.5122950 0.5192044 0.5083557 0.5518653 0.5178930 0.4954314 0.5007521 0.5220930 0.5265657 0.5528649 0.5419003 0.4439266 0.5253569 0.4280544 0.5280257 0.5252307 0.5344792 0.5194220 0.4155667 0.5212988 0.5545359 0.5163179 0.6440663 0.5280459 0.4218427 0.6334607 1.1173661 0.4672774 0.5642673 0.6127033 0.6238271 0.7161479 0.6277046 0.6182234 0.6567163 0.5880738 0.6558165 0.4664434 0.4664434 0.0474483 0.0781045 0.0663293 0.0000000 0.0293497 0.0664521 0.0503668 0.1215592 0.4201244 0.5682559 0.5682729 0.5955923 0.5626498 0.5695089 0.5738724 0.5706628 0.5778396 0.5683977 
S0029_G5280_R1_A 0.7123050 0.7040522 0.7247683 0.5097914 0.5231317 0.5069991 0.5243803 0.5352063 0.5250347 0.5581175 0.5339467 0.5096454 0.5124002 0.5380746 0.5465738 0.5732689 0.5581241 0.4539874 0.5363649 0.4399242 0.5441491 0.5454381 0.5507744 0.5355550 0.4234025 0.5294806 0.5640945 0.5328591 0.6460240 0.5520539 0.4411486 0.6481539 1.1214746 0.4773502 0.5814279 0.6179568 0.6277370 0.7236598 0.6258573 0.6188871 0.6443885 0.5900588 0.6562881 0.4791647 0.4791647 0.0445728 0.0749571 0.0633192 0.0293497 0.0000000 0.0632502 0.0487693 0.1245957 0.4157311 0.5790538 0.5830226 0.6063182 0.5773206 0.5842995 0.5857973 0.5854935 0.5927634 0.5831361 
S0032_G5280_R2_N 0.6648312 0.6384966 0.6680216 0.4801449 0.4702282 0.4631435 0.4727186 0.4837073 0.4778696 0.5031506 0.4826273 0.4659217 0.4645454 0.4914921 0.4921905 0.5063687 0.4950995 0.3963089 0.4923966 0.3969170 0.4942444 0.4931190 0.5054567 0.4763310 0.3910409 0.4877544 0.5217844 0.4878439 0.5724176 0.4994434 0.4010178 0.5797776 0.9704553 0.4273386 0.5801969 0.5505140 0.6087441 0.6896082 0.5838019 0.5749333 0.5958912 0.5561121 0.6058743 0.4610529 0.4610529 0.0000010 0.0214540 0.0104975 0.0664521 0.0632502 0.0000000 0.0040335 0.0829094 0.3857051 0.5176248 0.5286700 0.5452334 0.5302086 0.5367065 0.5274416 0.5363730 0.5321444 0.5235897 
S0032_G5280_R3_N 0.5407188 0.5529362 0.5384431 0.4423704 0.4275623 0.4234461 0.4335969 0.4350532 0.4323860 0.4540460 0.4484865 0.4425097 0.4211605 0.4264963 0.4396348 0.4646339 0.4538374 0.4480912 0.4595737 0.4342327 0.4397267 0.4542406 0.4420470 0.4320908 0.4377022 0.4260169 0.4566198 0.4378416 0.4988996 0.4196255 0.4197829 0.4982351 0.8605524 0.4792477 0.4557105 0.5346889 0.4671141 0.5011573 0.4490340 0.4803726 0.4674599 0.4157758 0.4648325 0.4560947 0.4560947 0.0060806 0.0162781 0.0000010 0.0503668 0.0487693 0.0040335 0.0000000 0.0553910 0.4048302 0.4114836 0.4012915 0.4138559 0.3953972 0.4001965 0.3931673 0.3928240 0.4042031 0.3912901 
S0001_G5280_R1_A 0.7218856 0.7106786 0.7380612 0.5233710 0.5306191 0.5204279 0.5333775 0.5351478 0.5371245 0.5671380 0.5402766 0.5231724 0.5258014 0.5430581 0.5580774 0.5652828 0.5653060 0.4506564 0.5455802 0.4468408 0.5564855 0.5523786 0.5658872 0.5396534 0.4332764 0.5483798 0.5852004 0.5406753 0.6290608 0.5674765 0.4581872 0.6535464 1.0855507 0.4772187 0.5882588 0.6300797 0.6621069 0.7233761 0.6259076 0.6124781 0.6373886 0.5669296 0.6601208 0.4672391 0.4672391 0.0644651 0.0946900 0.0843704 0.1215592 0.1245957 0.0829094 0.0553910 0.0000000 0.4098000 0.5372280 0.5505488 0.5698804 0.5473073 0.5539530 0.5528160 0.5664835 0.5677717 0.5583721 
S0003_G5280_R1_N 0.5494143 0.5538356 0.5565342 0.4403944 0.4281141 0.4235907 0.4389873 0.4310381 0.4252412 0.4383697 0.4314800 0.4419127 0.4273227 0.4320524 0.4286747 0.4382977 0.4400151 0.4241588 0.4429160 0.4247552 0.4373157 0.4294346 0.4254394 0.4290617 0.4258503 0.4273101 0.4592451 0.4300667 0.4859707 0.4361938 0.4174585 0.4853575 0.8852557 0.4482343 0.3842992 0.4380120 0.4207247 0.4213511 0.4114641 0.4031517 0.4443203 0.4416135 0.4553200 0.4535092 0.4535092 0.3743835 0.4225051 0.4117048 0.4201244 0.4157311 0.3857051 0.4048302 0.4098000 0.0000000 0.3575734 0.3718495 0.3656092 0.3660134 0.3656224 0.3592005 0.3686542 0.3766776 0.3514585 
S0041_G5280_R1_N 0.4595810 0.4479056 0.4657187 0.3530083 0.3587068 0.3506869 0.3623401 0.3632063 0.3646240 0.3664028 0.3543035 0.3736246 0.3536951 0.3705722 0.3671068 0.3631146 0.3698204 0.3577851 0.3724340 0.3558484 0.3674790 0.3708326 0.3692909 0.3581104 0.3512439 0.3577207 0.3926598 0.3656294 0.3910178 0.3627690 0.3495763 0.4197923 0.8469661 0.3739387 0.3972192 0.4504777 0.3707309 0.3908702 0.3749414 0.4152597 0.3905188 0.4052523 0.4473608 0.5184381 0.5184381 0.3679651 0.5847905 0.5778125 0.5682559 0.5790538 0.5176248 0.4114836 0.5372280 0.3575734 0.0000000 0.0236219 0.0107447 0.0282502 0.0310464 0.0283696 0.0310553 0.0320213 0.0189861 
S0042_G5280_R1_N 0.4764595 0.4721998 0.4885177 0.3553554 0.3554580 0.3446078 0.3638682 0.3615166 0.3636346 0.3647854 0.3517221 0.3698986 0.3474199 0.3638256 0.3669471 0.3636068 0.3665101 0.3516711 0.3690570 0.3538570 0.3672776 0.3655243 0.3662976 0.3549760 0.3491500 0.3578703 0.3879094 0.3628125 0.4058695 0.3626183 0.3434890 0.4281690 0.8370396 0.3714230 0.3968346 0.4436977 0.3754320 0.3914269 0.3754777 0.4233614 0.3961957 0.4031430 0.4519300 0.5219352 0.5219352 0.3656561 0.5747063 0.5817826 0.5682729 0.5830226 0.5286700 0.4012915 0.5505488 0.3718495 0.0236219 0.0000000 0.0203869 0.0239697 0.0248639 0.0258799 0.0212072 0.0141184 0.0257734 
S0047_G5280_R1_N 0.4887040 0.4707087 0.4950596 0.3601484 0.3618728 0.3535159 0.3689420 0.3676460 0.3697438 0.3697891 0.3599668 0.3784799 0.3557595 0.3754102 0.3720235 0.3728397 0.3788761 0.3586575 0.3745916 0.3555062 0.3756263 0.3740514 0.3681965 0.3631797 0.3541356 0.3643098 0.3992879 0.3711264 0.4050800 0.3676259 0.3484290 0.4310132 0.8422131 0.3747859 0.3951607 0.4526064 0.3764594 0.3944948 0.3829061 0.4262900 0.3990016 0.4111636 0.4557988 0.5285732 0.5285732 0.3724396 0.5980978 0.6048254 0.5955923 0.6063182 0.5452334 0.4138559 0.5698804 0.3656092 0.0107447 0.0203869 0.0000000 0.0273891 0.0291837 0.0274928 0.0337812 0.0321339 0.0219885 
S0044_G5280_R1_N 0.4832632 0.4809650 0.4912321 0.3489299 0.3490563 0.3409515 0.3574475 0.3537402 0.3572621 0.3599026 0.3455220 0.3632372 0.3443639 0.3638376 0.3578534 0.3562180 0.3607775 0.3420878 0.3591377 0.3469000 0.3574536 0.3571591 0.3613262 0.3519033 0.3389113 0.3548092 0.3855696 0.3532254 0.3978825 0.3579014 0.3374797 0.4254251 0.8351769 0.3575884 0.3964649 0.4302968 0.3737660 0.3803900 0.3720154 0.4220604 0.3936405 0.3976198 0.4446160 0.5109224 0.5109224 0.3653738 0.5719489 0.5790624 0.5626498 0.5773206 0.5302086 0.3953972 0.5473073 0.3660134 0.0282502 0.0239697 0.0273891 0.0000000 0.0077867 0.0166525 0.0300840 0.0293483 0.0282408 
S0045_G5280_R1_A 0.4896363 0.4856721 0.4959621 0.3519341 0.3553183 0.3438202 0.3653056 0.3615359 0.3650632 0.3651285 0.3532123 0.3679288 0.3489529 0.3717209 0.3640794 0.3640831 0.3654150 0.3476575 0.3673135 0.3543887 0.3670675 0.3651666 0.3677051 0.3595957 0.3508584 0.3625002 0.3903926 0.3610116 0.4063833 0.3656591 0.3472168 0.4322645 0.8487926 0.3672795 0.4018713 0.4339014 0.3859095 0.3869624 0.3754133 0.4331822 0.4022207 0.4064875 0.4500465 0.5130153 0.5130153 0.3697636 0.5789585 0.5859857 0.5695089 0.5842995 0.5367065 0.4001965 0.5539530 0.3656224 0.0310464 0.0248639 0.0291837 0.0077867 0.0000000 0.0193133 0.0327921 0.0302456 0.0309389 
S0045_G5280_R2_A 0.4750695 0.4677690 0.4801127 0.3384233 0.3385764 0.3356730 0.3418725 0.3459106 0.3484724 0.3520630 0.3370322 0.3524568 0.3335624 0.3533374 0.3425303 0.3468429 0.3497764 0.3317187 0.3488399 0.3314115 0.3460894 0.3510039 0.3500590 0.3411851 0.3309968 0.3461629 0.3745908 0.3423722 0.3841007 0.3475866 0.3274307 0.4078177 0.8088158 0.3468975 0.3819265 0.4091422 0.3715532 0.3806482 0.3640612 0.4213536 0.3858889 0.3897134 0.4420749 0.5110207 0.5110207 0.3610945 0.5716926 0.5787673 0.5738724 0.5857973 0.5274416 0.3931673 0.5528160 0.3592005 0.0283696 0.0258799 0.0274928 0.0166525 0.0193133 0.0000000 0.0320310 0.0303156 0.0283476 
S0038_G5280_R1_A 0.4814939 0.4776276 0.4901156 0.3480057 0.3513845 0.3432526 0.3581187 0.3599186 0.3611422 0.3638132 0.3509524 0.3672525 0.3482611 0.3645273 0.3642250 0.3633829 0.3679348 0.3498839 0.3647028 0.3471085 0.3631153 0.3629430 0.3653380 0.3573223 0.3433033 0.3586399 0.3876920 0.3603242 0.3922908 0.3587286 0.3376738 0.4262112 0.8271851 0.3655983 0.3886617 0.4428231 0.3779032 0.3880651 0.3795067 0.4158166 0.3850836 0.4001318 0.4458158 0.5080549 0.5080549 0.3585411 0.5861239 0.5930592 0.5706628 0.5854935 0.5363730 0.3928240 0.5664835 0.3686542 0.0310553 0.0212072 0.0337812 0.0300840 0.0327921 0.0320310 0.0000000 0.0256161 0.0273378 
