56
S0051_G5299_R1_A 0.0000000 0.0331555 0.7235892 0.7462767 0.7249103 0.5415433 0.6149551 0.6159724 0.7319788 0.6500826 0.6444939 0.6529519 0.6515031 0.6459810 0.6505223 0.6583257 0.6722448 0.6384471 0.6531572 0.8673880 0.6534861 0.5874230 0.6584799 0.6432302 0.6476671 0.6415686 0.6882701 0.6344196 0.6203945 0.8463506 0.7336948 0.6338043 0.6572790 0.6665555 0.6681079 0.6836309 0.6870396 0.6823030 0.7797455 0.6835873 0.6957786 0.6646140 0.6584481 0.6582052 0.7041315 0.8113937 1.0810210 1.0946877 1.1012573 1.0992432 1.0925605 1.0797284 1.1086221 1.0726365 1.0886714 1.0852765 
S0039_G5299_R1_A 0.0331555 0.0000000 0.7167888 0.7497047 0.7411644 0.5577421 0.6112115 0.6122392 0.7435322 0.6712364 0.6629397 0.6603889 0.6764951 0.6670632 0.6743979 0.6758726 0.6916116 0.6636834 0.6771892 0.9017966 0.6726522 0.6130322 0.6886703 0.6644213 0.6705464 0.6585230 0.7070171 0.6518749 0.6295149 0.8535017 0.7430114 0.6554724 0.6767336 0.6835117 0.6860859 0.6981289 0.7069497 0.7102188 0.7867248 0.7066860 0.7176120 0.6977744 0.6914434 0.6911879 0.7407660 0.8249038 1.0900125 1.1177859 1.1101842 1.1081033 1.0970448 1.0922129 1.1176944 1.0806334 1.0930369 1.0895573 
S0015_G5299_R1_A 0.7235892 0.7167888 0.0000000 0.3528645 0.3057023 0.3299664 0.4706472 0.4716949 0.3505092 0.4722322 0.4699070 0.4716824 0.4815333 0.4583156 0.4698421 0.4641890 0.4814252 0.4670025 0.4763468 0.6175055 0.4854624 0.5012506 0.4803839 0.4719689 0.4804341 0.4804102 0.4905340 0.4574244 0.4214624 0.6392688 0.4585772 0.4874804 0.5007212 0.5074704 0.4839067 0.4879916 0.5582464 0.4883558 0.5806656 0.7163019 0.6937526 0.7181677 0.7234789 0.7286720 0.7746018 0.7693735 1.0347183 1.1028899 1.0901725 1.0933497 1.0892207 1.0616827 1.0877831 1.0407604 1.0472929 1.0552209 
S0014_G5299_R1_A 0.7462767 0.7497047 0.3528645 0.0000000 0.1369190 0.1484567 0.3632323 0.3638224 0.1846305 0.3910815 0.4045064 0.3996323 0.4035290 0.3914100 0.3768892 0.4057530 0.4063601 0.3829043 0.3972952 0.5863056 0.4066491 0.4060871 0.4129653 0.3865047 0.3994881 0.3999311 0.4401838 0.3662409 0.3348085 0.6341930 0.4176034 0.4012663 0.4272780 0.4203001 0.4101842 0.4325155 0.4849148 0.4071717 0.5351228 0.6924524 0.6918797 0.7008619 0.7057713 0.6995053 0.7293282 0.7529306 0.9455853 1.0080567 0.9925591 1.0112325 1.0003816 0.9715753 0.9979738 0.9580297 0.9924264 0.9951985 
S0008_G5299_R1_A 0.7249103 0.7411644 0.3057023 0.1369190 0.0000000 0.1425439 0.3234649 0.3260699 0.1666264 0.3274761 0.3463864 0.3502435 0.3637540 0.3251133 0.3384357 0.3524161 0.3450633 0.3260123 0.3327243 0.5013912 0.3458263 0.3692800 0.3620961 0.3313768 0.3393781 0.3485618 0.3924418 0.3058578 0.2882955 0.5939177 0.3582355 0.3378296 0.3683702 0.3660396 0.3559443 0.3579694 0.4357869 0.3404419 0.5130192 0.6561515 0.6573994 0.6501381 0.6551639 0.6430730 0.6783655 0.7556450 0.8930695 0.9459412 0.9357562 0.9360369 0.9361265 0.9070713 0.9333675 0.8857885 0.9134824 0.9185098 
S0027_G5299_R1_A 0.5415433 0.5577421 0.3299664 0.1484567 0.1425439 0.0000000 0.3131120 0.3130717 0.1773661 0.3155912 0.3254551 0.3250913 0.3368557 0.3184277 0.3083521 0.3338920 0.3352465 0.3178507 0.3255116 0.4632256 0.3296224 0.3391014 0.3585061 0.3254234 0.3294128 0.3356085 0.3651653 0.3256858 0.3011840 0.5767659 0.3487507 0.3247434 0.3641810 0.3486209 0.3297577 0.3420729 0.4113310 0.3329731 0.4652689 0.6375778 0.6274015 0.6281038 0.6372045 0.6367820 0.6677779 0.7224801 0.9351039 0.9698210 0.9716659 0.9829119 0.9818365 0.9548312 0.9807021 0.9333041 0.9725193 0.9660079 
S0009_G5299_R1_A 0.6149551 0.6112115 0.4706472 0.3632323 0.3234649 0.3131120 0.0000000 0.0062904 0.3868105 0.4081063 0.4486501 0.4308033 0.4456307 0.4242355 0.4244247 0.4305677 0.4446029 0.4168486 0.4221578 0.6008172 0.4292968 0.4732966 0.4487179 0.4198074 0.4305135 0.4240902 0.4621018 0.3912509 0.3722476 0.6899112 0.4467960 0.4178397 0.4515333 0.4514212 0.4395393 0.4328990 0.5345560 0.4341222 0.5211385 0.6424726 0.6283973 0.6631303 0.6675102 0.6645215 0.7229365 0.7694864 0.9493338 1.0030671 0.9956001 1.0010916 1.0065122 0.9776736 0.9852868 0.9610704 0.9910832 0.9876442 
S0010_G5299_R1_A 0.6159724 0.6122392 0.4716949 0.3638224 0.3260699 0.3130717 0.0062904 0.0000000 0.3861640 0.4107593 0.4519599 0.4323863 0.4505689 0.4259943 0.4261489 0.4339201 0.4480475 0.4200840 0.4254371 0.6085786 0.4356811 0.4793849 0.4506421 0.4275002 0.4383112 0.4273541 0.4652451 0.3943997 0.3751459 0.6864837 0.4480650 0.4187194 0.4550535 0.4535332 0.4461005 0.4363275 0.5388876 0.4389539 0.5261680 0.6421871 0.6280716 0.6629130 0.6673059 0.6643081 0.7229078 0.7765897 0.9526281 1.0066377 0.9991344 1.0046392 1.0100716 0.9811191 0.9887343 0.9644660 0.9945947 0.9911330 
S0034_G5299_R1_A 0.7319788 0.7435322 0.3505092 0.1846305 0.1666264 0.1773661 0.3868105 0.3861640 0.0000000 0.3808326 0.4061365 0.4100062 0.4126355 0.3806684 0.3973291 0.3958086 0.3958438 0.3948807 0.3926947 0.5491145 0.3978782 0.4266507 0.4152064 0.3925539 0.3941317 0.4005607 0.4455025 0.3676150 0.3291081 0.6375806 0.4069196 0.4045624 0.4122921 0.4216147 0.4067919 0.4111442 0.5092784 0.3690831 0.5207492 0.6839357 0.6877638 0.6807461 0.6784957 0.6656524 0.7088875 0.7753096 0.9563223 1.0218438 1.0069585 1.0253029 1.0259407 0.9746046 1.0040095 0.9535737 0.9871934 0.9908590 
S0023_G5299_R1_A 0.6500826 0.6712364 0.4722322 0.3910815 0.3274761 0.3155912 0.4081063 0.4107593 0.3808326 0.0000000 0.0838023 0.0745488 0.0637120 0.0475803 0.0656740 0.0584986 0.0547886 0.0510000 0.0507741 0.2471752 0.0667283 0.0886119 0.0768130 0.0495342 0.0512070 0.0605048 0.1024055 0.0478921 0.2164235 0.4776250 0.2609652 0.0563993 0.0973325 0.0629509 0.0586336 0.0933922 0.1187963 0.1894877 0.4417593 0.5730735 0.5748842 0.5166274 0.5416932 0.5436649 0.6007733 0.7572567 0.6083578 0.6339037 0.6221437 0.6380751 0.6335293 0.6266073 0.6297726 0.6052142 0.6200528 0.6167383 
S0018_G5299_R1_U 0.6444939 0.6629397 0.4699070 0.4045064 0.3463864 0.3254551 0.4486501 0.4519599 0.4061365 0.0838023 0.0000000 0.0545050 0.1002586 0.0801987 0.0969691 0.0994943 0.0974140 0.0851939 0.0808145 0.2709044 0.1040872 0.1273659 0.1193845 0.0944707 0.0982473 0.1037352 0.1454676 0.0849972 0.2587189 0.5147006 0.3042430 0.0952563 0.1167142 0.1064765 0.0980654 0.1378415 0.1685912 0.2312041 0.4725031 0.5998175 0.6005209 0.5449584 0.5758509 0.5853773 0.6401117 0.7553396 0.6495207 0.6745059 0.6684503 0.6840659 0.6831971 0.6733098 0.6780206 0.6553029 0.6651817 0.6579526 
S0031_G5299_R1_A 0.6529519 0.6603889 0.4716824 0.3996323 0.3502435 0.3250913 0.4308033 0.4323863 0.4100062 0.0745488 0.0545050 0.0000000 0.0887546 0.0681831 0.0838082 0.0866803 0.0840134 0.0706694 0.0679644 0.2815115 0.0974523 0.1145033 0.1105236 0.0823522 0.0838105 0.0930096 0.1290376 0.0715859 0.2468218 0.4754580 0.2859023 0.0853980 0.1051332 0.0944681 0.0867588 0.1131677 0.1537567 0.2130813 0.4629163 0.5740370 0.5701444 0.5310111 0.5502433 0.5626397 0.6051079 0.7403617 0.6444183 0.6799063 0.6659526 0.6837450 0.6724964 0.6709306 0.6766312 0.6492834 0.6507781 0.6493602 
S0022_G5299_R1_A 0.6515031 0.6764951 0.4815333 0.4035290 0.3637540 0.3368557 0.4456307 0.4505689 0.4126355 0.0637120 0.1002586 0.0887546 0.0000000 0.0659267 0.0752797 0.0674679 0.0703709 0.0718688 0.0653855 0.2636773 0.0800974 0.1120394 0.0965571 0.0717852 0.0736266 0.0759860 0.1252292 0.0619284 0.2475479 0.4889489 0.2835611 0.0676851 0.1110927 0.0774454 0.0784338 0.1085667 0.1340494 0.2163053 0.4533351 0.5932159 0.6004849 0.5350522 0.5593543 0.5624537 0.6177011 0.7801577 0.6326108 0.6596227 0.6469711 0.6634219 0.6586305 0.6513623 0.6506801 0.6311397 0.6447546 0.6359186 
S0016_G5299_R1_A 0.6459810 0.6670632 0.4583156 0.3914100 0.3251133 0.3184277 0.4242355 0.4259943 0.3806684 0.0475803 0.0801987 0.0681831 0.0659267 0.0000000 0.0638124 0.0656360 0.0611095 0.0516807 0.0477406 0.2555354 0.0753120 0.0972851 0.0826385 0.0574172 0.0606344 0.0686428 0.1073573 0.0524413 0.2222601 0.4999801 0.2662904 0.0609424 0.0881834 0.0665400 0.0602556 0.0984853 0.1327029 0.2053052 0.4500922 0.5831328 0.5830012 0.5273874 0.5524798 0.5506000 0.6119805 0.7669079 0.5977422 0.6254568 0.6129759 0.6310964 0.6226156 0.6119358 0.6199972 0.5944194 0.6091742 0.6058948 
S0018_G5299_R2_A 0.6505223 0.6743979 0.4698421 0.3768892 0.3384357 0.3083521 0.4244247 0.4261489 0.3973291 0.0656740 0.0969691 0.0838082 0.0752797 0.0638124 0.0000000 0.0829167 0.0785727 0.0480352 0.0676193 0.2703454 0.0859709 0.0997041 0.0917497 0.0721491 0.0787331 0.0811098 0.1277100 0.0669982 0.2457861 0.5102720 0.2809259 0.0761059 0.1074635 0.0817323 0.0770643 0.1143101 0.1531316 0.2157030 0.4597957 0.5849704 0.5849201 0.5386123 0.5610983 0.5634716 0.6190662 0.7287397 0.6241771 0.6542401 0.6350162 0.6472240 0.6402817 0.6474672 0.6495260 0.6220772 0.6363561 0.6301218 
S0030_G5299_R1_A 0.6583257 0.6758726 0.4641890 0.4057530 0.3524161 0.3338920 0.4305677 0.4339201 0.3958086 0.0584986 0.0994943 0.0866803 0.0674679 0.0656360 0.0829167 0.0000000 0.0658799 0.0686491 0.0644850 0.2583942 0.0753819 0.1062830 0.0928854 0.0654982 0.0652116 0.0676911 0.1041513 0.0598865 0.2334431 0.4809799 0.2697908 0.0614817 0.1076793 0.0673556 0.0752290 0.1023350 0.1257338 0.2079627 0.4569345 0.5907444 0.5974180 0.5444107 0.5662887 0.5751005 0.6378822 0.7528373 0.6271251 0.6492398 0.6363517 0.6508592 0.6461625 0.6403840 0.6457550 0.6206964 0.6359847 0.6325445 
S0026_G5299_R1_A 0.6722448 0.6916116 0.4814252 0.4063601 0.3450633 0.3352465 0.4446029 0.4480475 0.3958438 0.0547886 0.0974140 0.0840134 0.0703709 0.0611095 0.0785727 0.0658799 0.0000000 0.0634028 0.0628558 0.2479933 0.0806588 0.1016519 0.0892435 0.0605406 0.0617416 0.0703537 0.1153420 0.0589226 0.2274522 0.4995242 0.2691428 0.0639303 0.1050586 0.0727151 0.0702115 0.1026491 0.1321442 0.1998217 0.4440969 0.5985058 0.6030997 0.5451068 0.5665961 0.5737061 0.6277122 0.7716734 0.6274326 0.6526380 0.6397511 0.6542451 0.6495407 0.6401709 0.6455083 0.6166601 0.6357993 0.6323807 
S0031_G5299_R2_A 0.6384471 0.6636834 0.4670025 0.3829043 0.3260123 0.3178507 0.4168486 0.4200840 0.3948807 0.0510000 0.0851939 0.0706694 0.0718688 0.0516807 0.0480352 0.0686491 0.0634028 0.0000000 0.0552599 0.2539417 0.0736137 0.0913500 0.0831871 0.0604225 0.0637361 0.0696323 0.1152951 0.0566330 0.2251801 0.5038807 0.2687546 0.0639420 0.0961515 0.0682721 0.0625523 0.0955687 0.1306572 0.1989920 0.4451544 0.5800356 0.5916023 0.5380953 0.5635869 0.5648232 0.6193116 0.7788582 0.6234430 0.6437297 0.6311684 0.6486733 0.6421578 0.6373433 0.6469457 0.6164881 0.6358420 0.6306015 
S0004_G5299_R1_A 0.6531572 0.6771892 0.4763468 0.3972952 0.3327243 0.3255116 0.4221578 0.4254371 0.3926947 0.0507741 0.0808145 0.0679644 0.0653855 0.0477406 0.0676193 0.0644850 0.0628558 0.0552599 0.0000000 0.2510254 0.0737546 0.0989509 0.0815024 0.0618244 0.0623593 0.0681955 0.1061060 0.0554446 0.2240103 0.4782445 0.2634290 0.0597995 0.0923367 0.0689595 0.0646727 0.1011400 0.1304002 0.2029073 0.4619466 0.5750899 0.5813155 0.5128297 0.5405082 0.5472421 0.6012373 0.7377877 0.6072289 0.6375657 0.6249147 0.6391943 0.6346141 0.6253311 0.6306349 0.6054124 0.6210497 0.6177115 
S0028_G5299_R1_A 0.8673880 0.9017966 0.6175055 0.5863056 0.5013912 0.4632256 0.6008172 0.6085786 0.5491145 0.2471752 0.2709044 0.2815115 0.2636773 0.2555354 0.2703454 0.2583942 0.2479933 0.2539417 0.2510254 0.0000000 0.2669857 0.3400437 0.2788016 0.2530929 0.2558481 0.2633377 0.3116513 0.2446931 0.3725818 0.7498402 0.4166986 0.2638607 0.3074749 0.2737888 0.2574398 0.2755519 0.3443175 0.4047129 0.6055990 0.8447054 0.8398259 0.7876993 0.8086121 0.8250670 0.8830650 0.9074521 0.8551677 0.8990980 0.8820879 0.8885687 0.8894624 0.8762581 0.8870070 0.8630448 0.8829025 0.8693659 
S0013_G5299_R1_A 0.6534861 0.6726522 0.4854624 0.4066491 0.3458263 0.3296224 0.4292968 0.4356811 0.3978782 0.0667283 0.1040872 0.0974523 0.0800974 0.0753120 0.0859709 0.0753819 0.0806588 0.0736137 0.0737546 0.2669857 0.0000000 0.1142395 0.0946090 0.0812625 0.0775675 0.0784848 0.1264757 0.0656898 0.2358669 0.5118451 0.2779018 0.0739010 0.1155921 0.0790162 0.0891712 0.1144961 0.1437222 0.2158121 0.4743601 0.5940688 0.5987517 0.5415452 0.5674178 0.5743404 0.6334944 0.7919007 0.6274262 0.6657177 0.6524441 0.6615959 0.6606190 0.6541492 0.6595745 0.6327371 0.6483625 0.6448266 
S0050_G5299_R1_A 0.5874230 0.6130322 0.5012506 0.4060871 0.3692800 0.3391014 0.4732966 0.4793849 0.4266507 0.0886119 0.1273659 0.1145033 0.1120394 0.0972851 0.0997041 0.1062830 0.1016519 0.0913500 0.0989509 0.3400437 0.1142395 0.0000000 0.0638040 0.1026414 0.1010246 0.1089259 0.1508582 0.0871529 0.2720034 0.5050773 0.3434218 0.0990067 0.1434073 0.1019519 0.1050646 0.1471329 0.1276980 0.2423698 0.5032356 0.5924659 0.6002812 0.5389692 0.5580918 0.5659093 0.6029424 0.7040870 0.6468263 0.6592708 0.6475034 0.6564708 0.6496696 0.6525782 0.6645074 0.6436874 0.6488405 0.6408361 
S0048_G5299_R1_A 0.6584799 0.6886703 0.4803839 0.4129653 0.3620961 0.3585061 0.4487179 0.4506421 0.4152064 0.0768130 0.1193845 0.1105236 0.0965571 0.0826385 0.0917497 0.0928854 0.0892435 0.0831871 0.0815024 0.2788016 0.0946090 0.0638040 0.0000000 0.0923085 0.0917089 0.0958047 0.1341532 0.0783853 0.2532994 0.5286200 0.3084468 0.0877965 0.1292359 0.0960970 0.0925001 0.1334982 0.1433900 0.2257032 0.4676048 0.5885713 0.5930323 0.5327164 0.5542795 0.5609288 0.6168805 0.7786857 0.6705701 0.7013204 0.6875810 0.6943552 0.6911017 0.6860262 0.6934232 0.6711032 0.6893049 0.6855365 
S0021_G5299_R2_A 0.6432302 0.6644213 0.4719689 0.3865047 0.3313768 0.3254234 0.4198074 0.4275002 0.3925539 0.0495342 0.0944707 0.0823522 0.0717852 0.0574172 0.0721491 0.0654982 0.0605406 0.0604225 0.0618244 0.2530929 0.0812625 0.1026414 0.0923085 0.0000000 0.0354096 0.0684601 0.1096268 0.0582354 0.2194380 0.4907153 0.2593694 0.0648910 0.1053290 0.0704815 0.0717755 0.0995180 0.1241276 0.2043399 0.4483619 0.5693002 0.5807020 0.5284316 0.5515246 0.5537919 0.6011084 0.7557673 0.6359813 0.6627382 0.6508732 0.6673331 0.6625242 0.6504806 0.6558331 0.6372448 0.6458209 0.6451609 
S0021_G5299_R1_A 0.6476671 0.6705464 0.4804341 0.3994881 0.3393781 0.3294128 0.4305135 0.4383112 0.3941317 0.0512070 0.0982473 0.0838105 0.0736266 0.0606344 0.0787331 0.0652116 0.0617416 0.0637361 0.0623593 0.2558481 0.0775675 0.1010246 0.0917089 0.0354096 0.0000000 0.0703131 0.1118794 0.0624826 0.2289947 0.4929167 0.2617928 0.0668405 0.1082433 0.0723241 0.0716220 0.1057091 0.1254540 0.1984224 0.4640416 0.5862161 0.5944106 0.5459463 0.5662383 0.5718703 0.6252592 0.7705598 0.6388642 0.6683379 0.6552190 0.6717402 0.6668962 0.6596265 0.6628109 0.6375049 0.6529739 0.6494665 
S0011_G5299_R1_A 0.6415686 0.6585230 0.4804102 0.3999311 0.3485618 0.3356085 0.4240902 0.4273541 0.4005607 0.0605048 0.1037352 0.0930096 0.0759860 0.0686428 0.0811098 0.0676911 0.0703537 0.0696323 0.0681955 0.2633377 0.0784848 0.1089259 0.0958047 0.0684601 0.0703131 0.0000000 0.1119609 0.0577468 0.2378895 0.5054505 0.2715974 0.0622462 0.1144031 0.0696841 0.0771018 0.1093270 0.1296393 0.2055350 0.4540926 0.5774570 0.5780233 0.5240079 0.5490477 0.5538925 0.6168168 0.7686380 0.6394186 0.6690101 0.6541474 0.6705848 0.6657693 0.6544861 0.6578118 0.6365259 0.6519160 0.6484283 
S0012_G5299_R1_A 0.6882701 0.7070171 0.4905340 0.4401838 0.3924418 0.3651653 0.4621018 0.4652451 0.4455025 0.1024055 0.1454676 0.1290376 0.1252292 0.1073573 0.1277100 0.1041513 0.1153420 0.1152951 0.1061060 0.3116513 0.1264757 0.1508582 0.1341532 0.1096268 0.1118794 0.1119609 0.0000000 0.1028129 0.2713545 0.5184273 0.2967704 0.1089960 0.1572968 0.1073298 0.1206534 0.1478793 0.1748509 0.2451582 0.4780368 0.6196504 0.6216862 0.5699400 0.5986791 0.6007657 0.6717957 0.7994128 0.6604897 0.6951653 0.6880254 0.7010877 0.6896841 0.6824968 0.6811169 0.6583703 0.6766725 0.6729510 
S0020_G5299_R1_U 0.6344196 0.6518749 0.4574244 0.3662409 0.3058578 0.3256858 0.3912509 0.3943997 0.3676150 0.0478921 0.0849972 0.0715859 0.0619284 0.0524413 0.0669982 0.0598865 0.0589226 0.0566330 0.0554446 0.2446931 0.0656898 0.0871529 0.0783853 0.0582354 0.0624826 0.0577468 0.1028129 0.0000000 0.2212825 0.4744366 0.2464833 0.0478898 0.0969019 0.0342201 0.0637192 0.0805115 0.1021016 0.2023259 0.4220330 0.5659543 0.5727062 0.5213930 0.5487844 0.5553163 0.5984282 0.7564629 0.6173020 0.6443665 0.6321796 0.6438072 0.6412836 0.6380611 0.6323174 0.6082129 0.6270449 0.6263854 
S0033_G5299_R1_A 0.6203945 0.6295149 0.4214624 0.3348085 0.2882955 0.3011840 0.3722476 0.3751459 0.3291081 0.2164235 0.2587189 0.2468218 0.2475479 0.2222601 0.2457861 0.2334431 0.2274522 0.2251801 0.2240103 0.3725818 0.2358669 0.2720034 0.2532994 0.2194380 0.2289947 0.2378895 0.2713545 0.2212825 0.0000000 0.5035205 0.2388100 0.2275560 0.2640730 0.2236413 0.2365961 0.2473533 0.3035273 0.2635526 0.4089758 0.6713845 0.6866574 0.6298762 0.6555223 0.6618487 0.7063391 0.8032010 0.7529985 0.7915190 0.7759788 0.7867551 0.7843137 0.7783617 0.7787441 0.7550473 0.7695901 0.7712984 
S0005_G5299_R1_A 0.8463506 0.8535017 0.6392688 0.6341930 0.5939177 0.5767659 0.6899112 0.6864837 0.6375806 0.4776250 0.5147006 0.4754580 0.4889489 0.4999801 0.5102720 0.4809799 0.4995242 0.5038807 0.4782445 0.7498402 0.5118451 0.5050773 0.5286200 0.4907153 0.4929167 0.5054505 0.5184273 0.4744366 0.5035205 0.0000000 0.3005923 0.4980540 0.5278747 0.4807761 0.5104707 0.5289230 0.5179513 0.5400039 0.7182838 0.9280814 0.9571747 0.8677227 0.8758042 0.9024632 0.9557698 1.0403978 1.0490656 1.0507475 1.0444006 1.0622334 1.0448186 1.0534416 1.0469767 1.0293066 1.0288754 1.0413464 
S0005_G5299_R2_A 0.7336948 0.7430114 0.4585772 0.4176034 0.3582355 0.3487507 0.4467960 0.4480650 0.4069196 0.2609652 0.3042430 0.2859023 0.2835611 0.2662904 0.2809259 0.2697908 0.2691428 0.2687546 0.2634290 0.4166986 0.2779018 0.3434218 0.3084468 0.2593694 0.2617928 0.2715974 0.2967704 0.2464833 0.2388100 0.3005923 0.0000000 0.2713643 0.3101809 0.2700590 0.2781535 0.2923360 0.3422340 0.3071829 0.4421187 0.7311111 0.7358859 0.6899644 0.6998597 0.7173320 0.7763517 0.8537049 0.7932339 0.8260942 0.8079616 0.8168452 0.8181002 0.8109977 0.8220668 0.7800878 0.8057481 0.8034976 
S0036_G5299_R1_A 0.6338043 0.6554724 0.4874804 0.4012663 0.3378296 0.3247434 0.4178397 0.4187194 0.4045624 0.0563993 0.0952563 0.0853980 0.0676851 0.0609424 0.0761059 0.0614817 0.0639303 0.0639420 0.0597995 0.2638607 0.0739010 0.0990067 0.0877965 0.0648910 0.0668405 0.0622462 0.1089960 0.0478898 0.2275560 0.4980540 0.2713643 0.0000000 0.1017571 0.0591056 0.0713265 0.0973907 0.1229194 0.2064927 0.4510867 0.5927149 0.5966374 0.5376868 0.5594465 0.5662522 0.6140253 0.7727657 0.6262226 0.6443816 0.6316066 0.6477935 0.6431382 0.6399605 0.6351119 0.6126207 0.6316902 0.6282909 
S0037_G5299_R1_A 0.6572790 0.6767336 0.5007212 0.4272780 0.3683702 0.3641810 0.4515333 0.4550535 0.4122921 0.0973325 0.1167142 0.1051332 0.1110927 0.0881834 0.1074635 0.1076793 0.1050586 0.0961515 0.0923367 0.3074749 0.1155921 0.1434073 0.1292359 0.1053290 0.1082433 0.1144031 0.1572968 0.0969019 0.2640730 0.5278747 0.3101809 0.1017571 0.0000000 0.1137293 0.1096318 0.1418746 0.1826527 0.2348364 0.4809858 0.6168853 0.6282298 0.5522598 0.5734337 0.5837434 0.6427808 0.7769547 0.6458011 0.6747208 0.6658368 0.6851619 0.6651725 0.6657952 0.6633443 0.6384899 0.6507599 0.6513656 
S0019_G5299_R1_A 0.6665555 0.6835117 0.5074704 0.4203001 0.3660396 0.3486209 0.4514212 0.4535332 0.4216147 0.0629509 0.1064765 0.0944681 0.0774454 0.0665400 0.0817323 0.0673556 0.0727151 0.0682721 0.0689595 0.2737888 0.0790162 0.1019519 0.0960970 0.0704815 0.0723241 0.0696841 0.1073298 0.0342201 0.2236413 0.4807761 0.2700590 0.0591056 0.1137293 0.0000000 0.0758975 0.1084829 0.1232684 0.2136827 0.4653683 0.5851078 0.5878306 0.5358982 0.5555903 0.5640440 0.6156888 0.7577019 0.6199306 0.6468564 0.6359846 0.6485219 0.6437241 0.6342091 0.6374966 0.6162465 0.6275615 0.6240852 
S0046_G5299_R1_A 0.6681079 0.6860859 0.4839067 0.4101842 0.3559443 0.3297577 0.4395393 0.4461005 0.4067919 0.0586336 0.0980654 0.0867588 0.0784338 0.0602556 0.0770643 0.0752290 0.0702115 0.0625523 0.0646727 0.2574398 0.0891712 0.1050646 0.0925001 0.0717755 0.0716220 0.0771018 0.1206534 0.0637192 0.2365961 0.5104707 0.2781535 0.0713265 0.1096318 0.0758975 0.0000000 0.1100674 0.1387153 0.2038979 0.4426973 0.6133180 0.6042481 0.5496007 0.5735701 0.5774800 0.6361037 0.7856101 0.6175294 0.6464697 0.6336036 0.6480958 0.6434142 0.6340243 0.6393800 0.6166907 0.6319060 0.6284885 
S0017_G5299_R1_U 0.6836309 0.6981289 0.4879916 0.4325155 0.3579694 0.3420729 0.4328990 0.4363275 0.4111442 0.0933922 0.1378415 0.1131677 0.1085667 0.0984853 0.1143101 0.1023350 0.1026491 0.0955687 0.1011400 0.2755519 0.1144961 0.1471329 0.1334982 0.0995180 0.1057091 0.1093270 0.1478793 0.0805115 0.2473533 0.5289230 0.2923360 0.0973907 0.1418746 0.1084829 0.1100674 0.0000000 0.1532396 0.2439833 0.4878583 0.6288810 0.6375018 0.5867151 0.6128546 0.6145896 0.6666835 0.8014339 0.6942796 0.7214680 0.7113676 0.7250926 0.7194924 0.7139399 0.7107146 0.6864875 0.7100645 0.7083494 
S0002_G5299_R1_A 0.6870396 0.7069497 0.5582464 0.4849148 0.4357869 0.4113310 0.5345560 0.5388876 0.5092784 0.1187963 0.1685912 0.1537567 0.1340494 0.1327029 0.1531316 0.1257338 0.1321442 0.1306572 0.1304002 0.3443175 0.1437222 0.1276980 0.1433900 0.1241276 0.1254540 0.1296393 0.1748509 0.1021016 0.3035273 0.5179513 0.3422340 0.1229194 0.1826527 0.1232684 0.1387153 0.1532396 0.0000000 0.2796972 0.5471638 0.5798200 0.5860001 0.5314082 0.5582898 0.5662577 0.6025073 0.7196338 0.6572164 0.6630123 0.6581158 0.6686048 0.6658222 0.6592182 0.6630205 0.6379959 0.6525785 0.6476634 
S0035_G5299_R1_A 0.6823030 0.7102188 0.4883558 0.4071717 0.3404419 0.3329731 0.4341222 0.4389539 0.3690831 0.1894877 0.2312041 0.2130813 0.2163053 0.2053052 0.2157030 0.2079627 0.1998217 0.1989920 0.2029073 0.4047129 0.2158121 0.2423698 0.2257032 0.2043399 0.1984224 0.2055350 0.2451582 0.2023259 0.2635526 0.5400039 0.3071829 0.2064927 0.2348364 0.2136827 0.2038979 0.2439833 0.2796972 0.0000000 0.4670402 0.6839627 0.6821139 0.6381698 0.6542140 0.6663228 0.7184130 0.8330989 0.8125996 0.8529854 0.8360674 0.8561853 0.8561774 0.8421649 0.8480814 0.8181814 0.8405156 0.8382469 
S0006_G5299_R1_A 0.7797455 0.7867248 0.5806656 0.5351228 0.5130192 0.4652689 0.5211385 0.5261680 0.5207492 0.4417593 0.4725031 0.4629163 0.4533351 0.4500922 0.4597957 0.4569345 0.4440969 0.4451544 0.4619466 0.6055990 0.4743601 0.5032356 0.4676048 0.4483619 0.4640416 0.4540926 0.4780368 0.4220330 0.4089758 0.7182838 0.4421187 0.4510867 0.4809858 0.4653683 0.4426973 0.4878583 0.5471638 0.4670402 0.0000000 0.7889629 0.7873736 0.7365051 0.7448254 0.7584337 0.8048528 0.8797840 0.9883739 1.0392951 1.0349326 1.0623371 1.0469532 1.0266512 1.0502239 1.0053806 1.0346335 1.0377383 
S0025_G5299_R1_A 0.6835873 0.7066860 0.7163019 0.6924524 0.6561515 0.6375778 0.6424726 0.6421871 0.6839357 0.5730735 0.5998175 0.5740370 0.5932159 0.5831328 0.5849704 0.5907444 0.5985058 0.5800356 0.5750899 0.8447054 0.5940688 0.5924659 0.5885713 0.5693002 0.5862161 0.5774570 0.6196504 0.5659543 0.6713845 0.9280814 0.7311111 0.5927149 0.6168853 0.5851078 0.6133180 0.6288810 0.5798200 0.6839627 0.7889629 0.0000000 0.0436636 0.0956358 0.0809331 0.0810306 0.1588691 0.5720542 0.8858826 0.9070069 0.9114411 0.9187229 0.9196037 0.8925457 0.9208718 0.8956681 0.9316511 0.9201405 
S0029_G5299_R1_A 0.6957786 0.7176120 0.6937526 0.6918797 0.6573994 0.6274015 0.6283973 0.6280716 0.6877638 0.5748842 0.6005209 0.5701444 0.6004849 0.5830012 0.5849201 0.5974180 0.6030997 0.5916023 0.5813155 0.8398259 0.5987517 0.6002812 0.5930323 0.5807020 0.5944106 0.5780233 0.6216862 0.5727062 0.6866574 0.9571747 0.7358859 0.5966374 0.6282298 0.5878306 0.6042481 0.6375018 0.5860001 0.6821139 0.7873736 0.0436636 0.0000000 0.0844311 0.0698762 0.0670807 0.1330837 0.5714396 0.8830848 0.9039743 0.9084859 0.9121544 0.9202442 0.8774752 0.9157707 0.8896364 0.9194476 0.9150171 
S0024_G5299_R1_A 0.6646140 0.6977744 0.7181677 0.7008619 0.6501381 0.6281038 0.6631303 0.6629130 0.6807461 0.5166274 0.5449584 0.5310111 0.5350522 0.5273874 0.5386123 0.5444107 0.5451068 0.5380953 0.5128297 0.7876993 0.5415452 0.5389692 0.5327164 0.5284316 0.5459463 0.5240079 0.5699400 0.5213930 0.6298762 0.8677227 0.6899644 0.5376868 0.5522598 0.5358982 0.5496007 0.5867151 0.5314082 0.6381698 0.7365051 0.0956358 0.0844311 0.0000000 0.0206611 0.0291400 0.1014107 0.5485703 0.7993055 0.8262232 0.8304752 0.8365858 0.8326773 0.8100605 0.8363077 0.8234327 0.8516723 0.8412098 
S0032_G5299_R1_N 0.6584481 0.6914434 0.7234789 0.7057713 0.6551639 0.6372045 0.6675102 0.6673059 0.6784957 0.5416932 0.5758509 0.5502433 0.5593543 0.5524798 0.5610983 0.5662887 0.5665961 0.5635869 0.5405082 0.8086121 0.5674178 0.5580918 0.5542795 0.5515246 0.5662383 0.5490477 0.5986791 0.5487844 0.6555223 0.8758042 0.6998597 0.5594465 0.5734337 0.5555903 0.5735701 0.6128546 0.5582898 0.6542140 0.7448254 0.0809331 0.0698762 0.0206611 0.0000000 0.0189468 0.0875376 0.5403187 0.8354424 0.8597847 0.8640929 0.8706395 0.8664412 0.8432607 0.8702105 0.8568864 0.8829053 0.8720904 
S0032_G5299_R2_N 0.6582052 0.6911879 0.7286720 0.6995053 0.6430730 0.6367820 0.6645215 0.6643081 0.6656524 0.5436649 0.5853773 0.5626397 0.5624537 0.5506000 0.5634716 0.5751005 0.5737061 0.5648232 0.5472421 0.8250670 0.5743404 0.5659093 0.5609288 0.5537919 0.5718703 0.5538925 0.6007657 0.5553163 0.6618487 0.9024632 0.7173320 0.5662522 0.5837434 0.5640440 0.5774800 0.6145896 0.5662577 0.6663228 0.7584337 0.0810306 0.0670807 0.0291400 0.0189468 0.0000000 0.0846740 0.5409861 0.8324845 0.8585013 0.8628033 0.8660944 0.8651437 0.8420066 0.8689040 0.8556099 0.8815667 0.8707773 
S0001_G5299_R1_A 0.7041315 0.7407660 0.7746018 0.7293282 0.6783655 0.6677779 0.7229365 0.7229078 0.7088875 0.6007733 0.6401117 0.6051079 0.6177011 0.6119805 0.6190662 0.6378822 0.6277122 0.6193116 0.6012373 0.8830650 0.6334944 0.6029424 0.6168805 0.6011084 0.6252592 0.6168168 0.6717957 0.5984282 0.7063391 0.9557698 0.7763517 0.6140253 0.6427808 0.6156888 0.6361037 0.6666835 0.6025073 0.7184130 0.8048528 0.1588691 0.1330837 0.1014107 0.0875376 0.0846740 0.0000000 0.5701120 0.8873474 0.9097204 0.9141697 0.9215091 0.9101580 0.8892929 0.9250357 0.8909028 0.9183628 0.9176443 
S0003_G5299_R1_N 0.8113937 0.8249038 0.7693735 0.7529306 0.7556450 0.7224801 0.7694864 0.7765897 0.7753096 0.7572567 0.7553396 0.7403617 0.7801577 0.7669079 0.7287397 0.7528373 0.7716734 0.7788582 0.7377877 0.9074521 0.7919007 0.7040870 0.7786857 0.7557673 0.7705598 0.7686380 0.7994128 0.7564629 0.8032010 1.0403978 0.8537049 0.7727657 0.7769547 0.7577019 0.7856101 0.8014339 0.7196338 0.8330989 0.8797840 0.5720542 0.5714396 0.5485703 0.5403187 0.5409861 0.5701120 0.0000000 0.8003103 0.7970383 0.7953386 0.8112152 0.8082540 0.7950559 0.7914411 0.7904221 0.8130016 0.8010227 
S0042_G5299_R1_N 1.0810210 1.0900125 1.0347183 0.9455853 0.8930695 0.9351039 0.9493338 0.9526281 0.9563223 0.6083578 0.6495207 0.6444183 0.6326108 0.5977422 0.6241771 0.6271251 0.6274326 0.6234430 0.6072289 0.8551677 0.6274262 0.6468263 0.6705701 0.6359813 0.6388642 0.6394186 0.6604897 0.6173020 0.7529985 1.0490656 0.7932339 0.6262226 0.6458011 0.6199306 0.6175294 0.6942796 0.6572164 0.8125996 0.9883739 0.8858826 0.8830848 0.7993055 0.8354424 0.8324845 0.8873474 0.8003103 0.0000000 0.0348154 0.0364427 0.0407421 0.0407201 0.0253727 0.0312506 0.0346377 0.0388840 0.0346058 
S0041_G5299_R1_N 1.0946877 1.1177859 1.1028899 1.0080567 0.9459412 0.9698210 1.0030671 1.0066377 1.0218438 0.6339037 0.6745059 0.6799063 0.6596227 0.6254568 0.6542401 0.6492398 0.6526380 0.6437297 0.6375657 0.8990980 0.6657177 0.6592708 0.7013204 0.6627382 0.6683379 0.6690101 0.6951653 0.6443665 0.7915190 1.0507475 0.8260942 0.6443816 0.6747208 0.6468564 0.6464697 0.7214680 0.6630123 0.8529854 1.0392951 0.9070069 0.9039743 0.8262232 0.8597847 0.8585013 0.9097204 0.7970383 0.0348154 0.0000000 0.0145567 0.0203491 0.0203384 0.0263546 0.0305821 0.0296771 0.0330577 0.0271302 
S0043_G5299_R1_N 1.1012573 1.1101842 1.0901725 0.9925591 0.9357562 0.9716659 0.9956001 0.9991344 1.0069585 0.6221437 0.6684503 0.6659526 0.6469711 0.6129759 0.6350162 0.6363517 0.6397511 0.6311684 0.6249147 0.8820879 0.6524441 0.6475034 0.6875810 0.6508732 0.6552190 0.6541474 0.6880254 0.6321796 0.7759788 1.0444006 0.8079616 0.6316066 0.6658368 0.6359846 0.6336036 0.7113676 0.6581158 0.8360674 1.0349326 0.9114411 0.9084859 0.8304752 0.8640929 0.8628033 0.9141697 0.7953386 0.0364427 0.0145567 0.0000000 0.0186602 0.0186504 0.0279769 0.0339010 0.0329851 0.0363751 0.0304284 
S0047_G5299_R1_N 1.0992432 1.1081033 1.0933497 1.0112325 0.9360369 0.9829119 1.0010916 1.0046392 1.0253029 0.6380751 0.6840659 0.6837450 0.6634219 0.6310964 0.6472240 0.6508592 0.6542451 0.6486733 0.6391943 0.8885687 0.6615959 0.6564708 0.6943552 0.6673331 0.6717402 0.6705848 0.7010877 0.6438072 0.7867551 1.0622334 0.8168452 0.6477935 0.6851619 0.6485219 0.6480958 0.7250926 0.6686048 0.8561853 1.0623371 0.9187229 0.9121544 0.8365858 0.8706395 0.8660944 0.9215091 0.8112152 0.0407421 0.0203491 0.0186602 0.0000000 0.0129021 0.0305280 0.0381835 0.0355555 0.0389613 0.0329848 
S0043_G5299_R2_N 1.0925605 1.0970448 1.0892207 1.0003816 0.9361265 0.9818365 1.0065122 1.0100716 1.0259407 0.6335293 0.6831971 0.6724964 0.6586305 0.6226156 0.6402817 0.6461625 0.6495407 0.6421578 0.6346141 0.8894624 0.6606190 0.6496696 0.6911017 0.6625242 0.6668962 0.6657693 0.6896841 0.6412836 0.7843137 1.0448186 0.8181002 0.6431382 0.6651725 0.6437241 0.6434142 0.7194924 0.6658222 0.8561774 1.0469532 0.9196037 0.9202442 0.8326773 0.8664412 0.8651437 0.9101580 0.8082540 0.0407201 0.0203384 0.0186504 0.0129021 0.0000000 0.0305117 0.0381629 0.0338444 0.0372401 0.0312827 
S0038_G5299_R1_A 1.0797284 1.0922129 1.0616827 0.9715753 0.9070713 0.9548312 0.9776736 0.9811191 0.9746046 0.6266073 0.6733098 0.6709306 0.6513623 0.6119358 0.6474672 0.6403840 0.6401709 0.6373433 0.6253311 0.8762581 0.6541492 0.6525782 0.6860262 0.6504806 0.6596265 0.6544861 0.6824968 0.6380611 0.7783617 1.0534416 0.8109977 0.6399605 0.6657952 0.6342091 0.6340243 0.7139399 0.6592182 0.8421649 1.0266512 0.8925457 0.8774752 0.8100605 0.8432607 0.8420066 0.8892929 0.7950559 0.0253727 0.0263546 0.0279769 0.0305280 0.0305117 0.0000000 0.0236499 0.0253855 0.0278959 0.0236974 
S0040_G5299_R1_N 1.1086221 1.1176944 1.0877831 0.9979738 0.9333675 0.9807021 0.9852868 0.9887343 1.0040095 0.6297726 0.6780206 0.6766312 0.6506801 0.6199972 0.6495260 0.6457550 0.6455083 0.6469457 0.6306349 0.8870070 0.6595745 0.6645074 0.6934232 0.6558331 0.6628109 0.6578118 0.6811169 0.6323174 0.7787441 1.0469767 0.8220668 0.6351119 0.6633443 0.6374966 0.6393800 0.7107146 0.6630205 0.8480814 1.0502239 0.9208718 0.9157707 0.8363077 0.8702105 0.8689040 0.9250357 0.7914411 0.0312506 0.0305821 0.0339010 0.0381835 0.0381629 0.0236499 0.0000000 0.0295868 0.0329549 0.0295579 
S0045_G5299_R2_A 1.0726365 1.0806334 1.0407604 0.9580297 0.8857885 0.9333041 0.9610704 0.9644660 0.9535737 0.6052142 0.6553029 0.6492834 0.6311397 0.5944194 0.6220772 0.6206964 0.6166601 0.6164881 0.6054124 0.8630448 0.6327371 0.6436874 0.6711032 0.6372448 0.6375049 0.6365259 0.6583703 0.6082129 0.7550473 1.0293066 0.7800878 0.6126207 0.6384899 0.6162465 0.6166907 0.6864875 0.6379959 0.8181814 1.0053806 0.8956681 0.8896364 0.8234327 0.8568864 0.8556099 0.8909028 0.7904221 0.0346377 0.0296771 0.0329851 0.0355555 0.0338444 0.0253855 0.0295868 0.0000000 0.0236667 0.0195075 
S0044_G5299_R1_N 1.0886714 1.0930369 1.0472929 0.9924264 0.9134824 0.9725193 0.9910832 0.9945947 0.9871934 0.6200528 0.6651817 0.6507781 0.6447546 0.6091742 0.6363561 0.6359847 0.6357993 0.6358420 0.6210497 0.8829025 0.6483625 0.6488405 0.6893049 0.6458209 0.6529739 0.6519160 0.6766725 0.6270449 0.7695901 1.0288754 0.8057481 0.6316902 0.6507599 0.6275615 0.6319060 0.7100645 0.6525785 0.8405156 1.0346335 0.9316511 0.9194476 0.8516723 0.8829053 0.8815667 0.9183628 0.8130016 0.0388840 0.0330577 0.0363751 0.0389613 0.0372401 0.0278959 0.0329549 0.0236667 0.0000000 0.0137298 
S0045_G5299_R1_A 1.0852765 1.0895573 1.0552209 0.9951985 0.9185098 0.9660079 0.9876442 0.9911330 0.9908590 0.6167383 0.6579526 0.6493602 0.6359186 0.6058948 0.6301218 0.6325445 0.6323807 0.6306015 0.6177115 0.8693659 0.6448266 0.6408361 0.6855365 0.6451609 0.6494665 0.6484283 0.6729510 0.6263854 0.7712984 1.0413464 0.8034976 0.6282909 0.6513656 0.6240852 0.6284885 0.7083494 0.6476634 0.8382469 1.0377383 0.9201405 0.9150171 0.8412098 0.8720904 0.8707773 0.9176443 0.8010227 0.0346058 0.0271302 0.0304284 0.0329848 0.0312827 0.0236974 0.0295579 0.0195075 0.0137298 0.0000000 
