67
S0021_G5339_R4_A 0.0000000 0.0213116 0.0000010 0.1189609 0.0851064 0.1381878 0.1273347 0.1049690 0.1974147 0.2317372 0.3881987 0.3848981 0.1504488 0.1504488 0.1541267 0.1510173 0.1258260 0.1258260 0.1475946 0.1622613 0.1476631 0.1366407 0.1478798 0.1475946 0.1589374 0.1586264 0.1605557 0.1590297 0.1586264 0.1856191 0.1740242 0.1608748 0.1604998 0.1366407 0.1366407 0.1586635 0.1476288 0.2389652 0.2007755 0.1958516 0.2179531 0.2179531 0.2499955 0.2127650 0.2127650 0.2037945 0.5414784 0.4512738 0.5078186 0.5287661 0.5287661 0.5695158 0.5486172 0.5201051 0.5009556 0.5287661 0.5092341 1.0186299 1.0978259 1.0748464 1.0748464 0.9855346 0.9831649 1.0186299 1.0186299 0.6052163 0.4891649 
S0023_G5339_R2_A 0.0213116 0.0000000 0.0213116 0.0680113 0.0926966 0.1213108 0.0951968 0.1214925 0.1481462 0.5848901 1.5217199 1.1892363 0.1768032 0.1768032 0.4461865 0.4599183 0.4454760 0.4454760 0.4454760 0.3511516 0.4044336 0.4454760 0.4454760 0.4454760 0.4044336 0.4044336 0.4454760 0.4454760 0.4881931 0.4916198 0.5079561 0.4628358 0.5079561 0.4454760 0.4454760 0.4454760 0.4885588 0.5550486 0.5110091 0.4532596 0.2800269 0.2800269 0.3466306 0.2382636 0.2382636 0.2556797 0.9288700 0.7797556 1.1789557 1.1908085 1.1908085 1.2854594 1.1314330 1.1314330 1.1314330 1.1908085 1.1908085 0.5087565 0.4576946 0.4385669 0.4385669 0.5087565 0.5633508 0.5633508 0.5087565 0.2609110 0.3222330 
S0021_G5339_R3_A 0.0000010 0.0213116 0.0000000 0.1014995 0.0635022 0.1359932 0.1235771 0.1100682 0.1877196 0.2291770 0.4150854 0.4033426 0.1500464 0.1500464 0.1677708 0.1638397 0.1488819 0.1488819 0.1750973 0.1935999 0.1751937 0.1618938 0.1755050 0.1750973 0.1888565 0.1884108 0.1774950 0.1889817 0.1884108 0.2221033 0.2079497 0.1916085 0.1910749 0.1618938 0.1618938 0.1884631 0.1751455 0.2885538 0.2413534 0.2367499 0.2636382 0.2636382 0.2900537 0.2618468 0.2618468 0.2517434 0.6547989 0.4935279 0.5629218 0.5648153 0.5648153 0.6144165 0.5889232 0.5538083 0.5538083 0.5648153 0.5648153 1.0052851 1.0972717 1.0704935 1.0704935 1.0052851 1.0025402 1.0446079 0.9670069 0.4812550 0.4072353 
S0027_G5339_R1_A 0.1189609 0.0680113 0.1014995 0.0000000 0.0760608 0.0824558 0.0825700 0.1264024 0.2143987 0.1677734 0.2000777 0.2143505 0.1255672 0.1220420 0.2048273 0.2170624 0.2175164 0.2175164 0.2250961 0.2439747 0.2327852 0.2250961 0.2330228 0.2582735 0.2250183 0.2247232 0.2352002 0.2565205 0.2660432 0.2698634 0.2534567 0.2442684 0.2422032 0.2250961 0.2250961 0.2403581 0.2327497 0.2222508 0.2239029 0.2353394 0.2791606 0.2791606 0.2923326 0.2878159 0.2878159 0.2742760 0.4429337 0.3388645 0.4649628 0.4764152 0.4764152 0.4985300 0.4882812 0.4730080 0.4623745 0.4882812 0.4666724 1.0898641 1.0498736 1.0371240 1.0698618 0.9980072 0.9781998 0.9987313 1.0565647 0.8824743 0.7011565 
S0014_G5339_R1_A 0.0851064 0.0926966 0.0635022 0.0760608 0.0000000 0.0699287 0.0700232 0.1061689 0.1993100 0.1163056 0.1823826 0.1816584 0.1255972 0.1072505 0.1729210 0.1637440 0.1640440 0.1640440 0.1779989 0.1876340 0.1780505 0.1710004 0.1782173 0.2010470 0.1851631 0.1849343 0.1968637 0.1923672 0.2082091 0.2109905 0.2110382 0.1951012 0.1863610 0.1710004 0.1710004 0.1850257 0.1780247 0.1758510 0.1632186 0.1897051 0.2505263 0.2505263 0.2620131 0.2573961 0.2573961 0.2441671 0.4506475 0.3539040 0.4853033 0.4860813 0.4860813 0.5202679 0.4982621 0.4825324 0.4825324 0.4982621 0.4871340 1.2707336 1.2245219 1.2091173 1.2476097 1.1641501 1.1418224 1.1650393 1.2316165 0.8442204 0.7509426 
S0051_G5339_R1_A 0.1381878 0.1213108 0.1359932 0.0824558 0.0699287 0.0000000 0.0100587 0.0807603 0.1767615 0.1521500 0.2215359 0.2054549 0.1050175 0.0977908 0.1863458 0.1768806 0.1985532 0.1985532 0.1985532 0.2086875 0.1986114 0.1840686 0.1988021 0.2223012 0.1840048 0.1981687 0.2183361 0.2134434 0.2296169 0.2327402 0.2327820 0.2013776 0.2072481 0.1913911 0.1913911 0.2057416 0.1985823 0.1723868 0.1761295 0.2107317 0.2570243 0.2570243 0.2687811 0.2642261 0.2642261 0.2510444 0.4447092 0.3510506 0.4603739 0.4716881 0.4716881 0.5046359 0.4834085 0.4683470 0.4578358 0.4834085 0.4620502 1.1799507 1.1370980 1.1230928 1.1585106 1.0813033 1.0603437 1.0821062 1.1439395 0.7855083 0.7259001 
S0039_G5339_R1_A 0.1273347 0.0951968 0.1235771 0.0825700 0.0700232 0.0100587 0.0000000 0.0694085 0.1630519 0.1523970 0.2219093 0.2057957 0.1051645 0.1050152 0.1723011 0.1771578 0.1844232 0.1844232 0.1844232 0.1941920 0.1844768 0.1702132 0.1846506 0.2076378 0.1701536 0.1840686 0.2035304 0.1990223 0.2148314 0.2177115 0.2177574 0.1870128 0.1928705 0.1773886 0.1773886 0.1914853 0.1844500 0.1590737 0.1624780 0.1961047 0.2415080 0.2415080 0.2524772 0.2478325 0.2478325 0.2347074 0.4456232 0.3510506 0.4498895 0.4610853 0.4610853 0.4937201 0.4726796 0.4578358 0.4474216 0.4726796 0.4515195 1.1587615 1.1165639 1.1028459 1.1376505 1.0616676 1.0409661 1.0624525 1.1233706 0.7707648 0.7440070 
S0009_G5339_R1_U 0.1049690 0.1214925 0.1100682 0.1264024 0.1061689 0.0807603 0.0694085 0.0000000 0.1688116 0.1987604 0.2724961 0.2387915 0.1107454 0.1043503 0.1999575 0.1903421 0.1835102 0.1835102 0.1977205 0.1930617 0.1835632 0.1833123 0.1836002 0.2136631 0.1832489 0.1973393 0.2172022 0.1977205 0.2137261 0.2317010 0.2317429 0.2005188 0.2136079 0.1905959 0.1905959 0.2048707 0.1977493 0.1881756 0.1995106 0.2054785 0.2125239 0.2125239 0.2381389 0.2014617 0.2014617 0.2041844 0.4397840 0.3456122 0.4883145 0.5000645 0.5000645 0.5112311 0.5122478 0.4964408 0.4855605 0.5122478 0.4901339 1.1676673 1.1253209 1.1115235 1.1674156 1.0702172 1.0494745 1.0710073 1.1321210 0.8114145 0.7036666 
S0006_G5339_R1_A 0.1974147 0.1481462 0.1877196 0.2143987 0.1993100 0.1767615 0.1630519 0.1688116 0.0000000 0.2868622 0.3709412 0.3345403 0.2209059 0.2133406 0.2082337 0.2129151 0.2205812 0.2205812 0.2058828 0.2086994 0.2206468 0.2056535 0.2059838 0.2189698 0.2204311 0.2054824 0.2225817 0.2131091 0.2527024 0.2484549 0.2562517 0.2239649 0.2484913 0.2132134 0.2132134 0.2279735 0.2206140 0.2239283 0.2412397 0.2449694 0.2369226 0.2369226 0.2728694 0.2430640 0.2430640 0.2297939 0.4614656 0.3968246 0.4406510 0.4517649 0.4517649 0.4623801 0.4832306 0.4679174 0.4572306 0.4632716 0.4422435 1.1979324 1.1547003 1.1405132 1.1476086 1.1402521 1.1185947 1.1411058 1.1615430 0.8659742 0.8125372 
S0015_G5339_R1_A 0.2317372 0.5848901 0.2291770 0.1677734 0.1163056 0.1521500 0.1523970 0.1987604 0.2868622 0.0000000 0.0892003 0.1110096 0.2083194 0.1905799 0.2248646 0.2300154 0.2305501 0.2305501 0.2473072 0.2778725 0.2558805 0.2389053 0.2476682 0.2756989 0.2645657 0.2641739 0.2719242 0.2646630 0.2842931 0.2705431 0.2797570 0.2602750 0.2492858 0.2389053 0.2389053 0.2557432 0.2305882 0.2192129 0.2110240 0.2369818 0.3337691 0.3337691 0.3311473 0.3005020 0.3005020 0.2755749 0.5267468 0.4604481 0.5017173 0.4891727 0.4891727 0.5268883 0.5026097 0.4852450 0.4732491 0.4891727 0.4650693 1.6206005 1.5569330 1.5347830 1.5887033 1.5345409 1.5342827 1.5663040 1.5657684 1.2554944 1.0819444 
S0008_G5339_R1_A 0.3881987 1.5217199 0.4150854 0.2000777 0.1823826 0.2215359 0.2219093 0.2724961 0.3709412 0.0892003 0.0000000 0.0834844 0.2834316 0.3160460 0.2392579 0.2479082 0.2484907 0.2484907 0.2652559 0.2961013 0.2824567 0.2568520 0.2656416 0.2763208 0.2912467 0.2908139 0.2814581 0.3004012 0.3023800 0.2888742 0.2840096 0.2736455 0.2544246 0.2568520 0.2568520 0.2736909 0.2485313 0.2369172 0.2226981 0.2362374 0.4022310 0.4022310 0.3984628 0.3628740 0.3628740 0.3253913 0.5843116 0.5034925 0.6068814 0.6068814 0.6068814 0.6471559 0.6214190 0.6019616 0.5891721 0.6214190 0.5953971 1.7014276 1.6755772 1.6156792 1.6696414 1.5545003 1.5256742 1.5557755 1.6466237 1.4426616 1.2085284 
S0034_G5339_R1_A 0.3848981 1.1892363 0.4033426 0.2143505 0.1816584 0.2054549 0.2057957 0.2387915 0.3345403 0.1110096 0.0834844 0.0000000 0.2489564 0.2726945 0.2444227 0.2271297 0.2356360 0.2356360 0.2518436 0.2557427 0.2519247 0.2437190 0.2357580 0.2793064 0.2602328 0.2598637 0.2757212 0.2686214 0.2876000 0.2743745 0.2698943 0.2681427 0.2414806 0.2437190 0.2437190 0.2599977 0.2356736 0.2013483 0.2104968 0.2417672 0.3598778 0.3598778 0.3418590 0.3245379 0.3245379 0.3001227 0.5443243 0.4791456 0.6034297 0.6034297 0.6034297 0.6428697 0.6176599 0.5986305 0.5861054 0.6176599 0.5921780 1.7163841 1.6202069 1.5981901 1.6515883 1.5677383 1.5386620 1.5690272 1.6608929 1.4302219 1.1968086 
S0010_G5339_R1_V 0.1504488 0.1768032 0.1500464 0.1255672 0.1255972 0.1050175 0.1051645 0.1107454 0.2209059 0.2083194 0.2834316 0.2489564 0.0000000 0.0000010 0.2313380 0.2360991 0.2288716 0.2288716 0.2364455 0.2554515 0.2441283 0.2439720 0.2443769 0.2696634 0.2438898 0.2435685 0.2661746 0.2757593 0.2774111 0.2813723 0.2569943 0.2557580 0.2536071 0.2364455 0.2364455 0.2516867 0.2440913 0.2487702 0.2543809 0.2623357 0.3214191 0.3214191 0.3368706 0.3143276 0.3143276 0.3189618 0.4895169 0.4333431 0.4831118 0.4949061 0.4949061 0.5176442 0.5071334 0.4912965 0.4803693 0.5071334 0.4849237 1.0999800 1.0600931 1.0473366 1.0800277 1.0083457 0.9886281 1.0090711 1.0667271 0.8717888 0.7995304 
S0010_G5339_R2_V 0.1504488 0.1768032 0.1500464 0.1220420 0.1072505 0.0977908 0.1050152 0.1043503 0.2133406 0.1905799 0.3160460 0.2726945 0.0000010 0.0000000 0.2366149 0.2241604 0.2244106 0.2244106 0.2333084 0.2557083 0.2423497 0.2421667 0.2426406 0.2513603 0.2515105 0.2511160 0.2466431 0.2607753 0.2607753 0.2745456 0.2558347 0.2448174 0.2424258 0.2333084 0.2333084 0.2512607 0.2423065 0.2591741 0.2542076 0.2445761 0.2809262 0.2809262 0.2938862 0.2808841 0.2808841 0.2752329 0.4581190 0.4187576 0.4861539 0.5002455 0.5002455 0.5137834 0.5283999 0.5090753 0.4958996 0.5002455 0.4870774 1.0912294 1.0444873 1.0296770 1.0526298 0.9843122 0.9826962 1.0067887 1.0293526 0.8217952 0.7594184 
S0012_G5339_R1_A 0.1541267 0.4461865 0.1677708 0.2048273 0.1729210 0.1863458 0.1723011 0.1999575 0.2082337 0.2248646 0.2392579 0.2444227 0.2313380 0.2366149 0.0000000 0.0424040 0.0424350 0.0424350 0.0424350 0.0598724 0.0535520 0.0424195 0.0424756 0.0595538 0.0591207 0.0590626 0.0661419 0.0535909 0.0652145 0.0600736 0.0487273 0.0598648 0.0544504 0.0369611 0.0369611 0.0479470 0.0424402 0.1216615 0.1033125 0.1275238 0.2905187 0.2905187 0.2818695 0.2750633 0.2750633 0.2576036 0.4346222 0.3490964 0.4046316 0.4046316 0.4046316 0.4359164 0.4156653 0.4018364 0.3918430 0.4156653 0.3953621 1.3113690 1.2632549 1.2471051 1.2872875 1.2003749 1.1772910 1.2013082 1.2232387 1.0203540 0.8895390 
S0013_G5339_R1_A 0.1510173 0.4599183 0.1638397 0.2170624 0.1637440 0.1768806 0.1771578 0.1903421 0.2129151 0.2300154 0.2479082 0.2271297 0.2360991 0.2241604 0.0424040 0.0000000 0.0153788 0.0153788 0.0153788 0.0315339 0.0258721 0.0153732 0.0153926 0.0313748 0.0419430 0.0419035 0.0372393 0.0365775 0.0367398 0.0371121 0.0371321 0.0424338 0.0316922 0.0102066 0.0102066 0.0205923 0.0153806 0.0893649 0.0838050 0.1193950 0.2950499 0.2950499 0.2845522 0.2798307 0.2798307 0.2662880 0.4240866 0.3405481 0.4191735 0.4295216 0.4295216 0.4611850 0.4407264 0.4265464 0.4164344 0.4407264 0.4201835 1.3540981 1.3050444 1.2884590 1.3295457 1.2408527 1.2174592 1.2418130 1.2641441 1.0732609 0.8483580 
S0021_G5339_R1_A 0.1258260 0.4454760 0.1488819 0.2175164 0.1640440 0.1985532 0.1844232 0.1835102 0.2205812 0.2305501 0.2484907 0.2356360 0.2288716 0.2244106 0.0424350 0.0153788 0.0000000 0.0000010 0.0100955 0.0258645 0.0203776 0.0100919 0.0101044 0.0257365 0.0361244 0.0360910 0.0314102 0.0308619 0.0309964 0.0313043 0.0313212 0.0365393 0.0259920 0.0050255 0.0050255 0.0152066 0.0100967 0.0823735 0.0769029 0.0986719 0.2653189 0.2653189 0.2566055 0.2517840 0.2517840 0.2384593 0.4204142 0.3281890 0.3818320 0.3916639 0.3916639 0.4217411 0.4022553 0.3890486 0.3794314 0.4022553 0.3827253 1.2972583 1.2505551 1.2349110 1.2738855 1.1895151 1.1670549 1.1904192 1.2117282 1.0556436 0.8484895 
S0021_G5339_R2_A 0.1258260 0.4454760 0.1488819 0.2175164 0.1640440 0.1985532 0.1844232 0.1835102 0.2205812 0.2305501 0.2484907 0.2356360 0.2288716 0.2244106 0.0424350 0.0153788 0.0000010 0.0000000 0.0100955 0.0258645 0.0203776 0.0100919 0.0101044 0.0257365 0.0361244 0.0360910 0.0314102 0.0308619 0.0309964 0.0313043 0.0313212 0.0365393 0.0259920 0.0050255 0.0050255 0.0152066 0.0100967 0.0823735 0.0769029 0.0986719 0.2653189 0.2653189 0.2566055 0.2517840 0.2517840 0.2384593 0.4204142 0.3281890 0.3818320 0.3916639 0.3916639 0.4217411 0.4022553 0.3890486 0.3794314 0.4022553 0.3827253 1.2972583 1.2505551 1.2349110 1.2738855 1.1895151 1.1670549 1.1904192 1.2117282 1.0556436 0.8484895 
S0022_G5339_R1_A 0.1475946 0.4454760 0.1750973 0.2250961 0.1779989 0.1985532 0.1844232 0.1977205 0.2058828 0.2473072 0.2652559 0.2518436 0.2364455 0.2333084 0.0424350 0.0153788 0.0100955 0.0100955 0.0000000 0.0258645 0.0203776 0.0100919 0.0101044 0.0257365 0.0361244 0.0360910 0.0314102 0.0308619 0.0309964 0.0313043 0.0313212 0.0258614 0.0259920 0.0050255 0.0050255 0.0152066 0.0100967 0.0707197 0.0769029 0.1113867 0.2819563 0.2819563 0.2734618 0.2687239 0.2687239 0.2553333 0.4101334 0.3376315 0.4016644 0.4116919 0.4116919 0.4217411 0.4225229 0.4089093 0.3991054 0.4225229 0.4026117 1.2972583 1.2505551 1.2349110 1.2738855 1.1895151 1.1670549 1.1904192 1.2117282 1.0362967 0.8664652 
S0023_G5339_R1_A 0.1622613 0.3511516 0.1935999 0.2439747 0.1876340 0.2086875 0.1941920 0.1930617 0.2086994 0.2778725 0.2961013 0.2557427 0.2554515 0.2557083 0.0598724 0.0315339 0.0258645 0.0258645 0.0258645 0.0000000 0.0365526 0.0258551 0.0153849 0.0422213 0.0529145 0.0528636 0.0483337 0.0365603 0.0476768 0.0421520 0.0481930 0.0535422 0.0426548 0.0205984 0.0205984 0.0311705 0.0258676 0.0893294 0.0959223 0.1327191 0.2693906 0.2693906 0.2608517 0.2561182 0.2561182 0.2429651 0.4211284 0.3833761 0.4017367 0.4223743 0.4223743 0.4640377 0.4437922 0.4297323 0.4197210 0.4437922 0.4234570 1.3492967 1.2226325 1.2074604 1.2453851 1.2371290 1.2139467 1.2380793 1.2602005 1.0157676 0.8682479 
S0028_G5339_R1_A 0.1476631 0.4044336 0.1751937 0.2327852 0.1780505 0.1986114 0.1844768 0.1835632 0.2206468 0.2558805 0.2824567 0.2519247 0.2441283 0.2423497 0.0535520 0.0258721 0.0203776 0.0203776 0.0203776 0.0365526 0.0000000 0.0203702 0.0203959 0.0363687 0.0361330 0.0360997 0.0422807 0.0415329 0.0417163 0.0421376 0.0421596 0.0474243 0.0367351 0.0152157 0.0152157 0.0152102 0.0203800 0.0942678 0.0887541 0.1243826 0.2490825 0.2490825 0.2401597 0.2352579 0.2352579 0.2220001 0.4000264 0.3283045 0.4118408 0.4219707 0.4219707 0.4529598 0.4329271 0.4191009 0.4091993 0.4329271 0.4128163 1.2976275 1.2509049 1.2352533 1.2742449 1.1898394 1.1673713 1.1907439 1.2120612 1.0368134 0.8309928 
S0030_G5339_R1_A 0.1366407 0.4454760 0.1618938 0.2250961 0.1710004 0.1840686 0.1702132 0.1833123 0.2056535 0.2389053 0.2568520 0.2437190 0.2439720 0.2421667 0.0424195 0.0153732 0.0100919 0.0100919 0.0100919 0.0258551 0.0203702 0.0000000 0.0101008 0.0257272 0.0255514 0.0255283 0.0313987 0.0308508 0.0309852 0.0312929 0.0313098 0.0365261 0.0259825 0.0050237 0.0050237 0.0152011 0.0100931 0.0706577 0.0652353 0.0985770 0.2818585 0.2818585 0.2733643 0.2686269 0.2686269 0.2552393 0.4101334 0.3376315 0.4015230 0.4115472 0.4115472 0.4422121 0.4223743 0.4087663 0.3989656 0.4223743 0.4024698 1.3207655 1.2732598 1.2572822 1.2969897 1.2111370 1.1883717 1.2120612 1.2337153 1.0340419 0.8660506 
S0026_G5339_R1_A 0.1478798 0.4454760 0.1755050 0.2330228 0.1782173 0.1988021 0.1846506 0.1836002 0.2059838 0.2476682 0.2656416 0.2357580 0.2443769 0.2426406 0.0424756 0.0153926 0.0101044 0.0101044 0.0101044 0.0153849 0.0203959 0.0101008 0.0000000 0.0257600 0.0361578 0.0361244 0.0314395 0.0203996 0.0310249 0.0313334 0.0313504 0.0365735 0.0260160 0.0050299 0.0050299 0.0152202 0.0101056 0.0707541 0.0769815 0.1115117 0.2654544 0.2654544 0.2567398 0.2519173 0.2519173 0.2385873 0.4211284 0.3476678 0.4023278 0.4123762 0.4123762 0.4431158 0.4232307 0.4095838 0.3997599 0.4232307 0.4032783 1.3252459 1.2774919 1.2614201 1.3013450 1.2150452 1.1921799 1.2159749 1.2377352 1.0370315 0.8311749 
S0036_G5339_R1_A 0.1475946 0.4454760 0.1750973 0.2582735 0.2010470 0.2223012 0.2076378 0.2136631 0.2189698 0.2756989 0.2763208 0.2793064 0.2696634 0.2513603 0.0595538 0.0313748 0.0257365 0.0257365 0.0257365 0.0422213 0.0363687 0.0257272 0.0257600 0.0000000 0.0526419 0.0416913 0.0425011 0.0417454 0.0365534 0.0479177 0.0479425 0.0532629 0.0424347 0.0204973 0.0204973 0.0310150 0.0257396 0.1009536 0.0833523 0.1251381 0.2797324 0.2797324 0.2712688 0.2665530 0.2665530 0.2532662 0.4348170 0.3696203 0.4256704 0.4360103 0.4360103 0.4463697 0.4472149 0.4330003 0.4228973 0.4472149 0.4266915 1.3633825 1.3142619 1.2976275 1.2814039 1.2499564 1.2265573 1.2509200 1.2266910 1.1106733 0.8232869 
S0048_G5339_R1_A 0.1589374 0.4044336 0.1888565 0.2250183 0.1851631 0.1840048 0.1701536 0.1832489 0.2204311 0.2645657 0.2912467 0.2602328 0.2438898 0.2515105 0.0591207 0.0419430 0.0361244 0.0361244 0.0361244 0.0529145 0.0361330 0.0255514 0.0361578 0.0526419 0.0000000 0.0100669 0.0589209 0.0578590 0.0470973 0.0475762 0.0366650 0.0528826 0.0421341 0.0308262 0.0308262 0.0308017 0.0361287 0.0941766 0.0768067 0.1112367 0.2989972 0.2989972 0.2907286 0.2860760 0.2860760 0.2726156 0.4312245 0.3570045 0.4215214 0.4317392 0.4317392 0.4629971 0.4326170 0.4287888 0.4188035 0.4428045 0.4225229 1.3446874 1.2963522 1.2800324 1.3204951 1.2331125 1.2100333 1.2340572 1.2560684 1.0551565 0.9046538 
S0050_G5339_R1_A 0.1586264 0.4044336 0.1884108 0.2247232 0.1849343 0.1981687 0.1840686 0.1973393 0.2054824 0.2641739 0.2908139 0.2598637 0.2435685 0.2511160 0.0590626 0.0419035 0.0360910 0.0360910 0.0360910 0.0528636 0.0360997 0.0255283 0.0361244 0.0416913 0.0100669 0.0000000 0.0588632 0.0578035 0.0470527 0.0475307 0.0366307 0.0640161 0.0420941 0.0307981 0.0307981 0.0307736 0.0360954 0.0940784 0.0767285 0.1111124 0.2985621 0.2985621 0.2902986 0.2856504 0.2856504 0.2722101 0.4304893 0.3564286 0.4208194 0.4310159 0.4310159 0.4622080 0.4318908 0.4280758 0.4181110 0.4420570 0.4218176 1.3407701 1.2926657 1.2764320 1.3166942 1.2297232 1.2067354 1.2306630 1.2525768 1.0525766 0.8654144 
S0046_G5339_R1_A 0.1605557 0.4454760 0.1774950 0.2352002 0.1968637 0.2183361 0.2035304 0.2172022 0.2225817 0.2719242 0.2814581 0.2757212 0.2661746 0.2466431 0.0661419 0.0372393 0.0314102 0.0314102 0.0314102 0.0483337 0.0422807 0.0313987 0.0314395 0.0425011 0.0589209 0.0588632 0.0000000 0.0422900 0.0536266 0.0541882 0.0542159 0.0596301 0.0485829 0.0260559 0.0260559 0.0368042 0.0314140 0.1085731 0.0954235 0.1270620 0.3156622 0.3156622 0.2895155 0.3027746 0.3027746 0.2889479 0.4441893 0.3319527 0.3603333 0.3699022 0.3699022 0.3991738 0.3801794 0.3674793 0.3581138 0.3801794 0.3611645 1.2167469 1.1727673 1.1582711 1.2164874 1.1154356 1.0940431 1.1162691 1.1363985 1.1617179 0.8414973 
S0017_G5339_R1_A 0.1590297 0.4454760 0.1889817 0.2565205 0.1923672 0.2134434 0.1990223 0.1977205 0.2131091 0.2646630 0.3004012 0.2686214 0.2757593 0.2607753 0.0535909 0.0365775 0.0308619 0.0308619 0.0308619 0.0365603 0.0415329 0.0308508 0.0203996 0.0417454 0.0578590 0.0578035 0.0422900 0.0000000 0.0526607 0.0532015 0.0532284 0.0585423 0.0477033 0.0256040 0.0256040 0.0361578 0.0308656 0.0942962 0.1008962 0.1179186 0.2567818 0.2567818 0.2479699 0.2431130 0.2431130 0.2298417 0.4101334 0.3474810 0.4023278 0.4123762 0.4123762 0.4431158 0.4232307 0.4095838 0.3997599 0.4232307 0.4032783 1.2741520 1.2282251 1.2129060 1.2738855 1.1682349 1.1460714 1.1691192 1.1900946 1.0769196 0.8311749 
S0004_G5339_R1_A 0.1586264 0.4881931 0.1884108 0.2660432 0.2082091 0.2296169 0.2148314 0.2137261 0.2527024 0.2842931 0.3023800 0.2876000 0.2774111 0.2607753 0.0652145 0.0367398 0.0309964 0.0309964 0.0309964 0.0476768 0.0417163 0.0309852 0.0310249 0.0365534 0.0470973 0.0470527 0.0536266 0.0526607 0.0000000 0.0364771 0.0311379 0.0471530 0.0258408 0.0257148 0.0257148 0.0256945 0.0310001 0.1069764 0.0892073 0.1185278 0.2929665 0.2929665 0.2799802 0.2798307 0.2798307 0.2662880 0.4565149 0.3499153 0.4254419 0.4357761 0.4357761 0.4252862 0.4366705 0.4327691 0.4226716 0.4469740 0.4264620 1.3881348 1.3381372 1.3211447 1.3631091 1.2726544 1.2489267 1.2736391 1.2489940 1.0871217 0.8770071 
S0016_G5339_R1_A 0.1856191 0.4916198 0.2221033 0.2698634 0.2109905 0.2327402 0.2177115 0.2317010 0.2484549 0.2705431 0.2888742 0.2743745 0.2813723 0.2745456 0.0600736 0.0371121 0.0313043 0.0313043 0.0313043 0.0421520 0.0421376 0.0312929 0.0313334 0.0479177 0.0475762 0.0475307 0.0541882 0.0532015 0.0364771 0.0000000 0.0368637 0.0531758 0.0314640 0.0259682 0.0259682 0.0259475 0.0313081 0.1081903 0.0902002 0.1265926 0.2927416 0.2927416 0.2713064 0.2796063 0.2796063 0.2570540 0.4060418 0.3965076 0.4047782 0.4251362 0.4251362 0.4458974 0.4157504 0.4120780 0.4021761 0.4258535 0.4057408 1.4171384 1.3659694 1.3485125 1.3915237 1.2989351 1.2747654 1.2999466 1.3231864 1.1501385 0.9790040 
S0031_G5339_R1_A 0.1740242 0.5079561 0.2079497 0.2534567 0.2110382 0.2327820 0.2177574 0.2317429 0.2562517 0.2797570 0.2840096 0.2698943 0.2569943 0.2558347 0.0487273 0.0371321 0.0313212 0.0313212 0.0313212 0.0481930 0.0421596 0.0313098 0.0313504 0.0479425 0.0366650 0.0366307 0.0542159 0.0532284 0.0311379 0.0368637 0.0000000 0.0362851 0.0153407 0.0259825 0.0259825 0.0259617 0.0313250 0.1082355 0.0902411 0.1191707 0.3150185 0.3150185 0.2904498 0.2905664 0.2905664 0.2769063 0.4756941 0.3792349 0.3868234 0.4071409 0.4071409 0.4374009 0.3973864 0.3939725 0.3844082 0.4071409 0.3877208 1.3295756 1.2818346 1.2657504 1.3056836 1.2193660 1.1965020 1.2202971 1.2420629 1.1273459 0.9579908 
S0037_G5339_R1_A 0.1608748 0.4628358 0.1916085 0.2442684 0.1951012 0.2013776 0.1870128 0.2005188 0.2239649 0.2602750 0.2736455 0.2681427 0.2557580 0.2448174 0.0598648 0.0424338 0.0365393 0.0365393 0.0258614 0.0535422 0.0474243 0.0365261 0.0365735 0.0532629 0.0528826 0.0640161 0.0596301 0.0585423 0.0471530 0.0531758 0.0362851 0.0000000 0.0309737 0.0311780 0.0311780 0.0419388 0.0365438 0.1015137 0.1082434 0.1318377 0.3130049 0.3130049 0.2886241 0.2799322 0.2799322 0.2663863 0.4395149 0.3635487 0.4326170 0.4222976 0.4222976 0.4324592 0.4332667 0.4194227 0.4095102 0.4332667 0.4131335 1.3843569 1.3342879 1.3172814 1.3592955 1.2687191 1.2449432 1.2697044 1.2924771 1.1029825 0.9681050 
S0018_G5339_R1_A 0.1604998 0.5079561 0.1910749 0.2422032 0.1863610 0.2072481 0.1928705 0.2136079 0.2484913 0.2492858 0.2544246 0.2414806 0.2536071 0.2424258 0.0544504 0.0316922 0.0259920 0.0259920 0.0259920 0.0426548 0.0367351 0.0259825 0.0260160 0.0424347 0.0421341 0.0420941 0.0485829 0.0477033 0.0258408 0.0314640 0.0153407 0.0309737 0.0000000 0.0206993 0.0206993 0.0206829 0.0259951 0.0959392 0.0782210 0.1126877 0.2927099 0.2927099 0.2690449 0.2686269 0.2686269 0.2552393 0.4452619 0.3695029 0.4078095 0.4178194 0.4178194 0.4484372 0.4186572 0.4150069 0.4052211 0.4286392 0.4087663 1.3876864 1.3377176 1.3207363 1.3626750 1.2722759 1.2485622 1.2732598 1.2959836 1.1076096 0.9380366 
S0002_G5339_R1_A 0.1366407 0.4454760 0.1618938 0.2250961 0.1710004 0.1913911 0.1773886 0.1905959 0.2132134 0.2389053 0.2568520 0.2437190 0.2364455 0.2333084 0.0369611 0.0102066 0.0050255 0.0050255 0.0050255 0.0205984 0.0152157 0.0050237 0.0050299 0.0204973 0.0308262 0.0307981 0.0260559 0.0256040 0.0257148 0.0259682 0.0259825 0.0311780 0.0206993 0.0000000 0.0000010 0.0100931 0.0050261 0.0765247 0.0710752 0.1050059 0.2736192 0.2736192 0.2650136 0.2602331 0.2602331 0.2468738 0.4101334 0.3376315 0.3917341 0.4016644 0.4016644 0.4320424 0.4123762 0.3989656 0.3892544 0.4123762 0.3926544 1.2972583 1.2505551 1.2349110 1.2738855 1.1895151 1.1670549 1.1904192 1.2117282 1.0556436 0.8484895 
S0011_G5339_R1_A 0.1366407 0.4454760 0.1618938 0.2250961 0.1710004 0.1913911 0.1773886 0.1905959 0.2132134 0.2389053 0.2568520 0.2437190 0.2364455 0.2333084 0.0369611 0.0102066 0.0050255 0.0050255 0.0050255 0.0205984 0.0152157 0.0050237 0.0050299 0.0204973 0.0308262 0.0307981 0.0260559 0.0256040 0.0257148 0.0259682 0.0259825 0.0311780 0.0206993 0.0000010 0.0000000 0.0100931 0.0050261 0.0765247 0.0710752 0.1050059 0.2736192 0.2736192 0.2650136 0.2602331 0.2602331 0.2468738 0.4101334 0.3376315 0.3917341 0.4016644 0.4016644 0.4320424 0.4123762 0.3989656 0.3892544 0.4123762 0.3926544 1.2972583 1.2505551 1.2349110 1.2738855 1.1895151 1.1670549 1.1904192 1.2117282 1.0556436 0.8484895 
S0019_G5339_R1_A 0.1586635 0.4454760 0.1884631 0.2403581 0.1850257 0.2057416 0.1914853 0.2048707 0.2279735 0.2557432 0.2736909 0.2599977 0.2516867 0.2512607 0.0479470 0.0205923 0.0152066 0.0152066 0.0152066 0.0311705 0.0152102 0.0152011 0.0152202 0.0310150 0.0308017 0.0307736 0.0368042 0.0361578 0.0256945 0.0259475 0.0259617 0.0419388 0.0206829 0.0100931 0.0100931 0.0000000 0.0152084 0.0882556 0.0710124 0.1049039 0.2735239 0.2735239 0.2649187 0.2601387 0.2601387 0.2467826 0.4307226 0.3566199 0.4116216 0.4217459 0.4217459 0.4527178 0.4225997 0.4188790 0.4089827 0.4326959 0.4125961 1.3207655 1.2732598 1.2572822 1.2969897 1.2111370 1.1883717 1.2120612 1.2337153 1.0944775 0.8845208 
S0020_G5339_R1_A 0.1476288 0.4885588 0.1751455 0.2327497 0.1780247 0.1985823 0.1844500 0.1977493 0.2206140 0.2305882 0.2485313 0.2356736 0.2440913 0.2423065 0.0424402 0.0153806 0.0100967 0.0100967 0.0100967 0.0258676 0.0203800 0.0100931 0.0101056 0.0257396 0.0361287 0.0360954 0.0314140 0.0308656 0.0310001 0.0313081 0.0313250 0.0365438 0.0259951 0.0050261 0.0050261 0.0152084 0.0000000 0.0707287 0.0769128 0.1050059 0.2820021 0.2820021 0.2650136 0.2602331 0.2602331 0.2468738 0.4101334 0.3471721 0.4017367 0.4117664 0.4117664 0.4424482 0.4225997 0.4089827 0.3991768 0.4225997 0.4026844 1.2972583 1.2505551 1.2349110 1.2738855 1.1895151 1.1670549 1.1904192 1.2117282 1.0752968 0.8666876 
S0033_G5339_R1_A 0.2389652 0.5550486 0.2885538 0.2222508 0.1758510 0.1723868 0.1590737 0.1881756 0.2239283 0.2192129 0.2369172 0.2013483 0.2487702 0.2591741 0.1216615 0.0893649 0.0823735 0.0823735 0.0707197 0.0893294 0.0942678 0.0706577 0.0707541 0.1009536 0.0941766 0.0940784 0.1085731 0.0942962 0.1069764 0.1081903 0.1082355 0.1015137 0.0959392 0.0765247 0.0765247 0.0882556 0.0707287 0.0000000 0.0645982 0.1037175 0.2777113 0.2777113 0.2523773 0.2316208 0.2316208 0.2347961 0.4035764 0.3356133 0.4423739 0.4528009 0.4528009 0.4632449 0.4641233 0.4496700 0.4394853 0.4641233 0.4434340 1.3636157 1.3141829 1.2974452 1.3388732 1.2494812 1.2259386 1.2504505 1.3215205 1.0952661 0.9619590 
S0005_G5339_R1_A 0.2007755 0.5110091 0.2413534 0.2239029 0.1632186 0.1761295 0.1624780 0.1995106 0.2412397 0.2110240 0.2226981 0.2104968 0.2543809 0.2542076 0.1033125 0.0838050 0.0769029 0.0769029 0.0769029 0.0959223 0.0887541 0.0652353 0.0769815 0.0833523 0.0768067 0.0767285 0.0954235 0.1008962 0.0892073 0.0902002 0.0902411 0.1082434 0.0782210 0.0710752 0.0710752 0.0710124 0.0769128 0.0645982 0.0000000 0.0918171 0.2802706 0.2802706 0.2887220 0.2670277 0.2670277 0.2537118 0.4281439 0.3545525 0.4665998 0.4775274 0.4775274 0.5109721 0.4785434 0.4741032 0.4634372 0.4894323 0.4677563 1.5033866 1.4483492 1.4293791 1.4758318 1.3761532 1.3504736 1.3772511 1.4561961 1.1405461 0.9111961 
S0035_G5339_R1_A 0.1958516 0.4532596 0.2367499 0.2353394 0.1897051 0.2107317 0.1961047 0.2054785 0.2449694 0.2369818 0.2362374 0.2417672 0.2623357 0.2445761 0.1275238 0.1193950 0.0986719 0.0986719 0.1113867 0.1327191 0.1243826 0.0985770 0.1115117 0.1251381 0.1112367 0.1111124 0.1270620 0.1179186 0.1185278 0.1265926 0.1191707 0.1318377 0.1126877 0.1050059 0.1050059 0.1049039 0.1050059 0.1037175 0.0918171 0.0000000 0.2779413 0.2779413 0.3169339 0.2855481 0.2855481 0.2721108 0.3599017 0.3603278 0.3887368 0.3989794 0.3989794 0.4197762 0.4212291 0.4173921 0.4071610 0.4100282 0.4108833 1.3313535 1.3104725 1.2652076 1.3310732 1.2171878 1.1935230 1.2181508 1.2892954 1.1963956 0.9162199 
S0024_G5339_R1_A 0.2179531 0.2800269 0.2636382 0.2791606 0.2505263 0.2570243 0.2415080 0.2125239 0.2369226 0.3337691 0.4022310 0.3598778 0.3214191 0.2809262 0.2905187 0.2950499 0.2653189 0.2653189 0.2819563 0.2693906 0.2490825 0.2818585 0.2654544 0.2797324 0.2989972 0.2985621 0.3156622 0.2567818 0.2929665 0.2927416 0.3150185 0.3130049 0.2927099 0.2736192 0.2736192 0.2735239 0.2820021 0.2777113 0.2802706 0.2779413 0.0000000 0.0000010 0.0440404 0.0106883 0.0106883 0.0000010 0.3344969 0.3504182 0.4440143 0.4654717 0.4654717 0.4654717 0.4864424 0.4709906 0.4602239 0.4662869 0.4451027 1.2291632 1.1346826 1.1208902 1.1073686 1.1273615 1.1079454 1.1303076 1.1701292 0.9944548 0.8331439 
S0032_G5339_R2_N 0.2179531 0.2800269 0.2636382 0.2791606 0.2505263 0.2570243 0.2415080 0.2125239 0.2369226 0.3337691 0.4022310 0.3598778 0.3214191 0.2809262 0.2905187 0.2950499 0.2653189 0.2653189 0.2819563 0.2693906 0.2490825 0.2818585 0.2654544 0.2797324 0.2989972 0.2985621 0.3156622 0.2567818 0.2929665 0.2927416 0.3150185 0.3130049 0.2927099 0.2736192 0.2736192 0.2735239 0.2820021 0.2777113 0.2802706 0.2779413 0.0000010 0.0000000 0.0440404 0.0106883 0.0106883 0.0000010 0.3344969 0.3504182 0.4440143 0.4654717 0.4654717 0.4654717 0.4864424 0.4709906 0.4602239 0.4662869 0.4451027 1.2291632 1.1346826 1.1208902 1.1073686 1.1273615 1.1079454 1.1303076 1.1701292 0.9944548 0.8331439 
S0001_G5339_R1_A 0.2499955 0.3466306 0.2900537 0.2923326 0.2620131 0.2687811 0.2524772 0.2381389 0.2728694 0.3311473 0.3984628 0.3418590 0.3368706 0.2938862 0.2818695 0.2845522 0.2566055 0.2566055 0.2734618 0.2608517 0.2401597 0.2733643 0.2567398 0.2712688 0.2907286 0.2902986 0.2895155 0.2479699 0.2799802 0.2713064 0.2904498 0.2886241 0.2690449 0.2650136 0.2650136 0.2649187 0.2650136 0.2523773 0.2887220 0.3169339 0.0440404 0.0440404 0.0000000 0.0565586 0.0565586 0.0453016 0.3586263 0.3226881 0.4383377 0.4602528 0.4602528 0.4602528 0.4701873 0.4546723 0.4437789 0.4610780 0.4394383 1.3668387 1.2570578 1.2407882 1.2249083 1.2490825 1.2273778 1.2527054 1.2982658 1.0685946 0.9334385 
S0025_G5339_R1_A 0.2127650 0.2382636 0.2618468 0.2878159 0.2573961 0.2642261 0.2478325 0.2014617 0.2430640 0.3005020 0.3628740 0.3245379 0.3143276 0.2808841 0.2750633 0.2798307 0.2517840 0.2517840 0.2687239 0.2561182 0.2352579 0.2686269 0.2519173 0.2665530 0.2860760 0.2856504 0.3027746 0.2431130 0.2798307 0.2796063 0.2905664 0.2799322 0.2686269 0.2602331 0.2602331 0.2601387 0.2602331 0.2316208 0.2670277 0.2855481 0.0106883 0.0106883 0.0565586 0.0000000 0.0000010 0.0108023 0.3064205 0.3278353 0.4443631 0.4554294 0.4554294 0.4554294 0.4768074 0.4610038 0.4499454 0.4562515 0.4345065 1.2679794 1.1650652 1.1500108 1.1352802 1.1572438 1.1363406 1.1604926 1.2036398 1.0721572 0.9316970 
S0029_G5339_R1_A 0.2127650 0.2382636 0.2618468 0.2878159 0.2573961 0.2642261 0.2478325 0.2014617 0.2430640 0.3005020 0.3628740 0.3245379 0.3143276 0.2808841 0.2750633 0.2798307 0.2517840 0.2517840 0.2687239 0.2561182 0.2352579 0.2686269 0.2519173 0.2665530 0.2860760 0.2856504 0.3027746 0.2431130 0.2798307 0.2796063 0.2905664 0.2799322 0.2686269 0.2602331 0.2602331 0.2601387 0.2602331 0.2316208 0.2670277 0.2855481 0.0106883 0.0106883 0.0565586 0.0000010 0.0000000 0.0108023 0.3064205 0.3278353 0.4443631 0.4554294 0.4554294 0.4554294 0.4768074 0.4610038 0.4499454 0.4562515 0.4345065 1.2679794 1.1650652 1.1500108 1.1352802 1.1572438 1.1363406 1.1604926 1.2036398 1.0721572 0.9316970 
S0032_G5339_R1_N 0.2037945 0.2556797 0.2517434 0.2742760 0.2441671 0.2510444 0.2347074 0.2041844 0.2297939 0.2755749 0.3253913 0.3001227 0.3189618 0.2752329 0.2576036 0.2662880 0.2384593 0.2384593 0.2553333 0.2429651 0.2220001 0.2552393 0.2385873 0.2532662 0.2726156 0.2722101 0.2889479 0.2298417 0.2662880 0.2570540 0.2769063 0.2663863 0.2552393 0.2468738 0.2468738 0.2467826 0.2468738 0.2347961 0.2537118 0.2721108 0.0000010 0.0000010 0.0453016 0.0108023 0.0108023 0.0000000 0.3012413 0.3133054 0.4178713 0.4287914 0.4287914 0.4287914 0.4494327 0.4340413 0.4231229 0.4295629 0.4080955 1.3288600 1.2195281 1.2034221 1.1876920 1.2114537 1.1896212 1.2149943 1.2605229 1.0561247 0.9347634 
S0049_G5339_R1_A 0.5414784 0.9288700 0.6547989 0.4429337 0.4506475 0.4447092 0.4456232 0.4397840 0.4614656 0.5267468 0.5843116 0.5443243 0.4895169 0.4581190 0.4346222 0.4240866 0.4204142 0.4204142 0.4101334 0.4211284 0.4000264 0.4101334 0.4211284 0.4348170 0.4312245 0.4304893 0.4441893 0.4101334 0.4565149 0.4060418 0.4756941 0.4395149 0.4452619 0.4101334 0.4101334 0.4307226 0.4101334 0.4035764 0.4281439 0.3599017 0.3344969 0.3344969 0.3586263 0.3064205 0.3064205 0.3012413 0.0000000 0.3700831 0.4873542 0.4869818 0.4869818 0.5101710 0.4750161 0.4595476 0.4487092 0.4872584 0.4649607 1.3344809 1.2864699 1.2702833 1.3342095 1.2236490 1.2030367 1.2270218 1.2700369 1.5481240 1.3500944 
S0003_G5339_R1_N 0.4512738 0.7797556 0.4935279 0.3388645 0.3539040 0.3510506 0.3510506 0.3456122 0.3968246 0.4604481 0.5034925 0.4791456 0.4333431 0.4187576 0.3490964 0.3405481 0.3281890 0.3281890 0.3376315 0.3833761 0.3283045 0.3376315 0.3476678 0.3696203 0.3570045 0.3564286 0.3319527 0.3474810 0.3499153 0.3965076 0.3792349 0.3635487 0.3695029 0.3376315 0.3376315 0.3566199 0.3471721 0.3356133 0.3545525 0.3603278 0.3504182 0.3504182 0.3226881 0.3278353 0.3278353 0.3133054 0.3700831 0.0000000 0.3458834 0.3284197 0.3190731 0.3190199 0.3243905 0.3130268 0.3043585 0.3372578 0.3196613 1.3791745 1.3293891 1.3124946 1.3789001 1.2642220 1.2837116 1.2652005 1.2878366 1.1498894 1.1836774 
S0038_G5339_R1_A 0.5078186 1.1789557 0.5629218 0.4649628 0.4853033 0.4603739 0.4498895 0.4883145 0.4406510 0.5017173 0.6068814 0.6034297 0.4831118 0.4861539 0.4046316 0.4191735 0.3818320 0.3818320 0.4016644 0.4017367 0.4118408 0.4015230 0.4023278 0.4256704 0.4215214 0.4208194 0.3603333 0.4023278 0.4254419 0.4047782 0.3868234 0.4326170 0.4078095 0.3917341 0.3917341 0.4116216 0.4017367 0.4423739 0.4665998 0.3887368 0.4440143 0.4440143 0.4383377 0.4443631 0.4443631 0.4178713 0.4873542 0.3458834 0.0000000 0.0359444 0.0306457 0.0412233 0.0417062 0.0361499 0.0308589 0.0254258 0.0254579 0.8968493 0.8448207 0.8543890 0.8966681 0.8541043 0.8647235 0.8546653 0.8379407 1.2138596 0.9430079 
S0044_G5339_R1_N 0.5287661 1.1908085 0.5648153 0.4764152 0.4860813 0.4716881 0.4610853 0.5000645 0.4517649 0.4891727 0.6068814 0.6034297 0.4949061 0.5002455 0.4046316 0.4295216 0.3916639 0.3916639 0.4116919 0.4223743 0.4219707 0.4115472 0.4123762 0.4360103 0.4317392 0.4310159 0.3699022 0.4123762 0.4357761 0.4251362 0.4071409 0.4222976 0.4178194 0.4016644 0.4016644 0.4217459 0.4117664 0.4528009 0.4775274 0.3989794 0.4654717 0.4654717 0.4602528 0.4554294 0.4554294 0.4287914 0.4869818 0.3284197 0.0359444 0.0000000 0.0049985 0.0254381 0.0363672 0.0308798 0.0362211 0.0202719 0.0307333 0.9004889 0.8481383 0.8577751 0.9003063 0.8574899 0.8499768 0.8580553 0.8412389 1.1734611 0.9869823 
S0045_G5339_R2_A 0.5287661 1.1908085 0.5648153 0.4764152 0.4860813 0.4716881 0.4610853 0.5000645 0.4517649 0.4891727 0.6068814 0.6034297 0.4949061 0.5002455 0.4046316 0.4295216 0.3916639 0.3916639 0.4116919 0.4223743 0.4219707 0.4115472 0.4123762 0.4360103 0.4317392 0.4310159 0.3699022 0.4123762 0.4357761 0.4251362 0.4071409 0.4222976 0.4178194 0.4016644 0.4016644 0.4217459 0.4117664 0.4528009 0.4775274 0.3989794 0.4654717 0.4654717 0.4602528 0.4554294 0.4554294 0.4287914 0.4869818 0.3190731 0.0306457 0.0049985 0.0000000 0.0202431 0.0310033 0.0255954 0.0308798 0.0151238 0.0254748 0.8818009 0.8304781 0.8398729 0.8816234 0.8395865 0.8499768 0.8401358 0.8235940 1.1734611 1.0076731 
S0045_G5339_R1_A 0.5695158 1.2854594 0.6144165 0.4985300 0.5202679 0.5046359 0.4937201 0.5112311 0.4623801 0.5268883 0.6471559 0.6428697 0.5176442 0.5137834 0.4359164 0.4611850 0.4217411 0.4217411 0.4217411 0.4640377 0.4529598 0.4422121 0.4431158 0.4463697 0.4629971 0.4622080 0.3991738 0.4431158 0.4252862 0.4458974 0.4374009 0.4324592 0.4484372 0.4320424 0.4320424 0.4527178 0.4424482 0.4632449 0.5109721 0.4197762 0.4654717 0.4654717 0.4602528 0.4554294 0.4554294 0.4287914 0.5101710 0.3190199 0.0412233 0.0254381 0.0202431 0.0000000 0.0417111 0.0361542 0.0415425 0.0254290 0.0359817 0.9326745 0.8787252 0.8887466 0.9324839 0.8884651 0.8996826 0.8890566 0.8393950 1.1731480 1.0292355 
S0041_G5339_R1_N 0.5486172 1.1314330 0.5889232 0.4882812 0.4982621 0.4834085 0.4726796 0.5122478 0.4832306 0.5026097 0.6214190 0.6176599 0.5071334 0.5283999 0.4156653 0.4407264 0.4022553 0.4022553 0.4225229 0.4437922 0.4329271 0.4223743 0.4232307 0.4472149 0.4326170 0.4318908 0.3801794 0.4232307 0.4366705 0.4157504 0.3973864 0.4332667 0.4186572 0.4123762 0.4123762 0.4225997 0.4225997 0.4641233 0.4785434 0.4212291 0.4864424 0.4864424 0.4701873 0.4768074 0.4768074 0.4494327 0.4750161 0.3243905 0.0417062 0.0363672 0.0310033 0.0417111 0.0000000 0.0050221 0.0100975 0.0257203 0.0257531 0.9368934 0.8822116 0.8923801 0.9366999 0.8920961 0.9034892 0.8926967 0.8752333 1.2478977 1.0076731 
S0047_G5339_R1_N 0.5201051 1.1314330 0.5538083 0.4730080 0.4825324 0.4683470 0.4578358 0.4964408 0.4679174 0.4852450 0.6019616 0.5986305 0.4912965 0.5090753 0.4018364 0.4265464 0.3890486 0.3890486 0.4089093 0.4297323 0.4191009 0.4087663 0.4095838 0.4330003 0.4287888 0.4280758 0.3674793 0.4095838 0.4327691 0.4120780 0.3939725 0.4194227 0.4150069 0.3989656 0.3989656 0.4188790 0.4089827 0.4496700 0.4741032 0.4173921 0.4709906 0.4709906 0.4546723 0.4610038 0.4610038 0.4340413 0.4595476 0.3130268 0.0361499 0.0308798 0.0255954 0.0361542 0.0050221 0.0000000 0.0050030 0.0203855 0.0204112 0.9094478 0.8564452 0.8662278 0.9092622 0.8659424 0.8768316 0.8665173 0.8495152 1.2107480 0.9737789 
S0043_G5339_R1_N 0.5009556 1.1314330 0.5538083 0.4623745 0.4825324 0.4578358 0.4474216 0.4855605 0.4572306 0.4732491 0.5891721 0.5861054 0.4803693 0.4958996 0.3918430 0.4164344 0.3794314 0.3794314 0.3991054 0.4197210 0.4091993 0.3989656 0.3997599 0.4228973 0.4188035 0.4181110 0.3581138 0.3997599 0.4226716 0.4021761 0.3844082 0.4095102 0.4052211 0.3892544 0.3892544 0.4089827 0.3991768 0.4394853 0.4634372 0.4071610 0.4602239 0.4602239 0.4437789 0.4499454 0.4499454 0.4231229 0.4487092 0.3043585 0.0308589 0.0362211 0.0308798 0.0415425 0.0100975 0.0050030 0.0000000 0.0256187 0.0152460 0.8929523 0.8407803 0.8503630 0.8927710 0.8500759 0.8607012 0.8506373 0.8338535 1.2107480 0.9537131 
S0042_G5339_R1_N 0.5287661 1.1908085 0.5648153 0.4882812 0.4982621 0.4834085 0.4726796 0.5122478 0.4632716 0.4891727 0.6214190 0.6176599 0.5071334 0.5002455 0.4156653 0.4407264 0.4022553 0.4022553 0.4225229 0.4437922 0.4329271 0.4223743 0.4232307 0.4472149 0.4428045 0.4420570 0.3801794 0.4232307 0.4469740 0.4258535 0.4071409 0.4332667 0.4286392 0.4123762 0.4123762 0.4326959 0.4225997 0.4641233 0.4894323 0.4100282 0.4662869 0.4662869 0.4610780 0.4562515 0.4562515 0.4295629 0.4872584 0.3372578 0.0254258 0.0202719 0.0151238 0.0254290 0.0257203 0.0203855 0.0256187 0.0000000 0.0100508 0.8640169 0.8136425 0.8228118 0.8638442 0.8225241 0.8326233 0.8230585 0.8067681 1.2425462 1.0076731 
S0040_G5339_R1_N 0.5092341 1.1908085 0.5648153 0.4666724 0.4871340 0.4620502 0.4515195 0.4901339 0.4422435 0.4650693 0.5953971 0.5921780 0.4849237 0.4870774 0.3953621 0.4201835 0.3827253 0.3827253 0.4026117 0.4234570 0.4128163 0.4024698 0.4032783 0.4266915 0.4225229 0.4218176 0.3611645 0.4032783 0.4264620 0.4057408 0.3877208 0.4131335 0.4087663 0.3926544 0.3926544 0.4125961 0.4026844 0.4434340 0.4677563 0.4108833 0.4451027 0.4451027 0.4394383 0.4345065 0.4345065 0.4080955 0.4649607 0.3196613 0.0254579 0.0307333 0.0254748 0.0359817 0.0257531 0.0204112 0.0152460 0.0100508 0.0000000 0.8325684 0.7837283 0.7925214 0.8324038 0.7922312 0.8018483 0.7927407 0.7768484 1.2206823 0.9869823 
S0040_G5339_R2_N 1.0186299 0.5087565 1.0052851 1.0898641 1.2707336 1.1799507 1.1587615 1.1676673 1.1979324 1.6206005 1.7014276 1.7163841 1.0999800 1.0912294 1.3113690 1.3540981 1.2972583 1.2972583 1.2972583 1.3492967 1.2976275 1.3207655 1.3252459 1.3633825 1.3446874 1.3407701 1.2167469 1.2741520 1.3881348 1.4171384 1.3295756 1.3843569 1.3876864 1.2972583 1.2972583 1.3207655 1.2972583 1.3636157 1.5033866 1.3313535 1.2291632 1.2291632 1.3668387 1.2679794 1.2679794 1.3288600 1.3344809 1.3791745 0.8968493 0.9004889 0.8818009 0.9326745 0.9368934 0.9094478 0.8929523 0.8640169 0.8325684 0.0000000 0.0318199 0.0262302 0.0372441 0.0206475 0.0314628 0.0312802 0.0366222 1.3353167 1.2886927 
