58
S0003_G5357_R1_N 0.0000000 0.8389683 0.8397722 0.7929972 0.7872634 0.7679720 0.7556351 0.8031089 0.8943400 0.8943400 0.7306853 0.7314756 0.7442028 0.7550476 0.7149771 0.7197146 0.7487353 0.7158155 0.7428115 0.7144979 0.7460687 0.7627083 0.7674834 0.7573979 0.7404308 0.7238723 0.7228168 0.7183476 0.6857612 0.8107731 0.7257733 0.7376526 0.7254843 1.1403227 0.6793326 0.7409450 0.7660680 0.7933157 0.7727216 0.7856411 0.6860773 0.6678462 0.7576483 0.7475989 0.7106993 0.7554042 0.9174383 0.9195503 1.1237590 0.8313996 0.8825924 0.8314069 0.8682355 0.8602435 0.8586456 0.8430890 0.8502089 0.8564808 
S0025_G5357_R1_A 0.8389683 0.0000000 0.0314687 0.1012955 0.0898728 0.1555279 0.7894975 1.0027800 0.8369042 0.8393645 0.6133578 0.6108756 0.5877259 0.6241889 0.6122142 0.6027389 0.6146621 0.6147995 0.6137336 0.6018557 0.6367811 0.6289010 0.6339305 0.6200967 0.6010327 0.6190146 0.6247859 0.6122843 0.5969230 0.6721361 0.6175064 0.6273253 0.6326159 0.9550821 0.7034471 0.6886951 0.7387400 0.8013993 0.8133540 0.7443243 0.6839629 0.7697466 0.7982535 0.7848580 0.7200682 0.7193671 0.9428060 1.0817188 1.2228878 0.8621695 0.8648484 0.8922829 0.8782979 0.8793049 0.8566062 0.8427687 0.8506251 0.8903975 
S0029_G5357_R1_A 0.8397722 0.0314687 0.0000000 0.0885847 0.0809317 0.1470478 0.8017093 1.0086024 0.8413558 0.8438432 0.6403873 0.6362557 0.6091999 0.6387922 0.6358445 0.6265366 0.6365799 0.6402311 0.6390662 0.6267040 0.6630695 0.6513424 0.6634419 0.6387984 0.6224570 0.6407867 0.6468832 0.6341234 0.6109483 0.6951349 0.6433009 0.6515165 0.6570946 0.9889275 0.7025674 0.7133266 0.7541355 0.8121034 0.8213273 0.7614849 0.6998573 0.7827628 0.7939178 0.7834087 0.7402158 0.7251908 0.9893747 1.1062815 1.2462802 0.9004674 0.9060916 0.9292245 0.9169095 0.9184776 0.8941470 0.8820061 0.8881965 0.9263998 
S0024_G5357_R1_A 0.7929972 0.1012955 0.0885847 0.0000000 0.0282777 0.1091873 0.7672490 0.9774688 0.8607806 0.8633561 0.7013357 0.6812572 0.6556198 0.6799201 0.6672878 0.6680886 0.6829099 0.6860278 0.6883704 0.6696984 0.7149863 0.6861302 0.6864721 0.6925098 0.6778577 0.6860911 0.6948739 0.6769829 0.6604608 0.7501904 0.6891025 0.6800581 0.6798716 1.0395331 0.7650503 0.7667065 0.7860839 0.8217920 0.8458854 0.7704310 0.6894420 0.7801788 0.8205998 0.8064468 0.7334835 0.7221942 1.0360776 1.1207338 1.2440796 0.8769583 0.8986594 0.9043449 0.9003703 0.8937663 0.8788372 0.8701019 0.8719801 0.9004060 
S0032_G5357_R1_N 0.7872634 0.0898728 0.0809317 0.0282777 0.0000000 0.0973147 0.7878792 0.9976916 0.8581384 0.8606994 0.6937387 0.6724499 0.6461620 0.6704643 0.6588548 0.6639598 0.6725025 0.6811079 0.6815147 0.6627717 0.7114559 0.6842190 0.6870978 0.6855437 0.6732615 0.6819536 0.6905970 0.6723789 0.6536191 0.7460176 0.6858152 0.6715948 0.6769518 1.0347790 0.7698567 0.7508236 0.7744644 0.8382885 0.8643167 0.7499863 0.7112614 0.7780863 0.8100453 0.7967986 0.7302049 0.7256523 1.0249729 1.0999111 1.2018548 0.8743035 0.9056099 0.9062205 0.8993856 0.8943159 0.8865007 0.8723172 0.8765597 0.9125375 
S0001_G5357_R1_A 0.7679720 0.1555279 0.1470478 0.1091873 0.0973147 0.0000000 0.7713756 0.9155576 0.8280460 0.8309699 0.6842922 0.6639183 0.6460169 0.6591434 0.6687737 0.6847469 0.6749694 0.6829005 0.7018389 0.6633325 0.7339235 0.6919136 0.6986872 0.6864866 0.7008857 0.6953505 0.6970930 0.6838453 0.6377487 0.7076001 0.6877220 0.6686569 0.6881061 1.0356007 0.7199420 0.7460684 0.7780404 0.7624444 0.8041560 0.7491640 0.6543996 0.7032619 0.7179415 0.7163998 0.6967894 0.7111987 0.9872942 0.9828492 1.0951324 0.8390031 0.8664572 0.8670198 0.8659711 0.8548768 0.8419911 0.8331780 0.8522354 0.8551136 
S0049_G5357_R1_A 0.7556351 0.7894975 0.8017093 0.7672490 0.7878792 0.7713756 0.0000000 0.2228661 0.8425989 0.8387791 0.5641913 0.5360620 0.5680554 0.5766130 0.5540290 0.5650445 0.5518519 0.5458922 0.5548463 0.5422904 0.5667446 0.5674068 0.5924494 0.5597373 0.5714806 0.5564304 0.5598432 0.5605381 0.5316491 0.6817248 0.5372708 0.5509060 0.5580607 1.1030236 0.5944867 0.6002465 0.6373734 0.6864568 0.7363346 0.6730688 0.6595409 0.6765476 0.6572980 0.6633302 0.6798605 0.6793624 0.9791168 1.1872432 1.2974253 0.8620957 0.8553612 0.8675315 0.9048190 0.8961576 0.8552292 0.8525442 0.8558008 0.9071399 
S0049_G5357_R2_A 0.8031089 1.0027800 1.0086024 0.9774688 0.9976916 0.9155576 0.2228661 0.0000000 1.0500908 1.0421279 0.7870268 0.7601703 0.7971792 0.7920404 0.7600277 0.7712443 0.7774063 0.7679718 0.7916437 0.7852815 0.7998656 0.7964699 0.8325436 0.7939944 0.7954241 0.7823323 0.7785803 0.7691801 0.7833770 0.8619535 0.7541551 0.7864346 0.7968007 1.3127315 0.8182643 0.7671646 0.8449389 0.9090520 0.9461749 0.8555083 0.8364741 0.8675201 0.7916945 0.7924637 0.8724652 0.8572239 1.1273981 1.2162236 1.3130867 1.0486319 1.0082287 1.0124757 1.0927734 1.0880292 1.0259263 0.9953449 1.0005513 1.0669731 
S0039_G5357_R1_A 0.8943400 0.8369042 0.8413558 0.8607806 0.8581384 0.8280460 0.8425989 1.0500908 0.0000000 0.0034848 0.4898060 0.4916280 0.4866849 0.4884527 0.4785906 0.4993404 0.4964149 0.4821700 0.4864598 0.5036522 0.4887315 0.4818856 0.4933980 0.4739719 0.4820911 0.5169392 0.5176098 0.4985089 0.4771210 0.6076740 0.4920645 0.5075163 0.5063402 0.9635624 0.4792837 0.4954994 0.5415489 0.5525864 0.5920653 0.5923265 0.5513093 0.5444003 0.4976439 0.4987321 0.5918584 0.6994544 0.8324629 1.0477204 1.2165784 0.8200004 0.8666251 0.8741297 0.8540625 0.8394521 0.8715043 0.8313759 0.8500675 0.8672366 
S0051_G5357_R1_A 0.8943400 0.8393645 0.8438432 0.8633561 0.8606994 0.8309699 0.8387791 1.0421279 0.0034848 0.0000000 0.4902840 0.4920941 0.4871410 0.4889241 0.4790514 0.4998220 0.4968867 0.4826229 0.4869162 0.5041411 0.4891957 0.4838696 0.4938691 0.4744102 0.4825439 0.5174423 0.5181202 0.4989890 0.4776036 0.6083699 0.4925362 0.5080137 0.5068392 0.9678145 0.4819624 0.4972757 0.5421931 0.5574259 0.5992599 0.5980143 0.5520086 0.5451050 0.5004123 0.5015141 0.5918584 0.6994544 0.8338878 1.0436886 1.2118315 0.8231233 0.8724605 0.8800701 0.8572654 0.8426399 0.8773103 0.8346606 0.8558191 0.8763970 
S0013_G5357_R1_A 0.7306853 0.6133578 0.6403873 0.7013357 0.6937387 0.6842922 0.5641913 0.7870268 0.4898060 0.4902840 0.0000000 0.0637826 0.0627319 0.0926635 0.0774985 0.0783808 0.0779820 0.0627455 0.0687153 0.0803858 0.0744539 0.0712714 0.0985853 0.0727153 0.0746041 0.0858659 0.0933413 0.0901586 0.0589535 0.1659534 0.0678727 0.0832108 0.0828829 0.4470689 0.2415504 0.2463071 0.2673086 0.4035424 0.4450795 0.4319078 0.3737988 0.4163147 0.4658795 0.4593583 0.4374662 0.5560426 0.3700444 0.8323275 1.0207615 0.5247056 0.5316299 0.5435516 0.5666597 0.5551807 0.5324603 0.5231603 0.5274666 0.5638723 
S0023_G5357_R1_A 0.7314756 0.6108756 0.6362557 0.6812572 0.6724499 0.6639183 0.5360620 0.7601703 0.4916280 0.4920941 0.0637826 0.0000000 0.0557205 0.0751546 0.0658507 0.0633570 0.0636276 0.0454659 0.0576164 0.0649413 0.0640391 0.0639731 0.0849518 0.0608467 0.0618167 0.0802771 0.0873719 0.0788043 0.0491924 0.1616436 0.0566766 0.0628771 0.0686506 0.4208654 0.2186844 0.2123760 0.2588880 0.3724049 0.4324974 0.4243409 0.3527285 0.3983055 0.4312279 0.4295956 0.4273092 0.5358435 0.3565592 0.8735134 1.0384518 0.5586741 0.5628020 0.5686677 0.5926736 0.5781350 0.5629350 0.5545662 0.5624424 0.6095474 
S0030_G5357_R1_A 0.7442028 0.5877259 0.6091999 0.6556198 0.6461620 0.6460169 0.5680554 0.7971792 0.4866849 0.4871410 0.0627319 0.0557205 0.0000000 0.0749904 0.0622521 0.0635040 0.0604002 0.0584949 0.0545091 0.0650292 0.0652923 0.0629076 0.0840310 0.0597522 0.0592459 0.0777570 0.0864104 0.0786903 0.0425606 0.1691453 0.0634442 0.0757731 0.0817512 0.3775190 0.2231296 0.2284682 0.2652461 0.3874052 0.4393520 0.4276134 0.3679818 0.4281604 0.4345561 0.4261605 0.4551298 0.5706102 0.3309236 0.8478733 1.0329859 0.5366625 0.5399695 0.5496378 0.5722826 0.5647340 0.5436076 0.5300414 0.5423860 0.5851517 
S0018_G5357_R1_U 0.7550476 0.6241889 0.6387922 0.6799201 0.6704643 0.6591434 0.5766130 0.7920404 0.4884527 0.4889241 0.0926635 0.0751546 0.0749904 0.0000000 0.0494158 0.0719774 0.0858366 0.0723417 0.0750858 0.0825040 0.0769473 0.0796703 0.0942861 0.0768983 0.0793204 0.0938153 0.0964696 0.0825896 0.0698543 0.1887129 0.0804316 0.0837120 0.0878493 0.4812396 0.2360088 0.2307346 0.2716664 0.4020127 0.4566760 0.4160273 0.3671084 0.4246901 0.4627521 0.4593770 0.4457878 0.5302698 0.4156570 0.8425443 1.0263572 0.5702726 0.5730907 0.5799031 0.5954697 0.5867019 0.5644714 0.5542040 0.5721612 0.6155769 
S0031_G5357_R1_A 0.7149771 0.6122142 0.6358445 0.6672878 0.6588548 0.6687737 0.5540290 0.7600277 0.4785906 0.4790514 0.0774985 0.0658507 0.0622521 0.0494158 0.0000000 0.0617786 0.0724100 0.0606569 0.0601843 0.0678262 0.0660344 0.0661731 0.0847683 0.0660856 0.0659468 0.0833862 0.0894250 0.0740574 0.0545683 0.1679337 0.0668669 0.0734174 0.0773725 0.4504965 0.2191984 0.2183647 0.2681299 0.3806373 0.4443775 0.4229862 0.3637994 0.4180062 0.4379290 0.4341898 0.4454196 0.5229212 0.3874342 0.8272601 1.0346633 0.5470807 0.5470161 0.5560263 0.5708208 0.5678132 0.5401031 0.5317075 0.5491235 0.5924814 
S0004_G5357_R1_A 0.7197146 0.6027389 0.6265366 0.6680886 0.6639598 0.6847469 0.5650445 0.7712443 0.4993404 0.4998220 0.0783808 0.0633570 0.0635040 0.0719774 0.0617786 0.0000000 0.0711540 0.0664235 0.0638484 0.0737280 0.0702353 0.0731645 0.0906205 0.0684361 0.0664063 0.0868264 0.0956175 0.0797582 0.0550319 0.1664217 0.0691960 0.0847229 0.0908962 0.4359662 0.2406637 0.2298426 0.2766938 0.3929192 0.4486726 0.4393944 0.3516343 0.4133853 0.4459690 0.4408536 0.4438484 0.5500990 0.3638987 0.8543687 1.0215266 0.5540884 0.5580519 0.5638810 0.5861002 0.5753060 0.5591234 0.5417956 0.5642690 0.6016640 
S0046_G5357_R1_A 0.7487353 0.6146621 0.6365799 0.6829099 0.6725025 0.6749694 0.5518519 0.7774063 0.4964149 0.4968867 0.0779820 0.0636276 0.0604002 0.0858366 0.0724100 0.0711540 0.0000000 0.0670251 0.0586267 0.0683266 0.0714502 0.0691975 0.0948996 0.0630292 0.0669613 0.0885906 0.0981905 0.0800865 0.0502231 0.1710640 0.0697691 0.0782555 0.0880464 0.4149936 0.2258083 0.2403657 0.2665833 0.4025127 0.4522613 0.4582846 0.3799124 0.4331524 0.4681817 0.4650313 0.4725522 0.5776286 0.3799332 0.8774556 1.0447752 0.5655222 0.5679404 0.5783212 0.6069963 0.5961870 0.5699512 0.5582789 0.5723459 0.6079910 
S0026_G5357_R1_A 0.7158155 0.6147995 0.6402311 0.6860278 0.6811079 0.6829005 0.5458922 0.7679718 0.4821700 0.4826229 0.0627455 0.0454659 0.0584949 0.0723417 0.0606569 0.0664235 0.0670251 0.0000000 0.0574395 0.0656881 0.0675062 0.0629332 0.0877310 0.0635182 0.0652434 0.0752557 0.0838050 0.0777282 0.0482647 0.1663193 0.0528181 0.0609509 0.0644227 0.4232203 0.2150356 0.2169177 0.2508947 0.3829562 0.4323472 0.4170809 0.3616439 0.4022636 0.4333771 0.4296672 0.4317283 0.5367192 0.3597673 0.8774778 1.0452400 0.5482029 0.5481755 0.5543428 0.5858310 0.5787673 0.5466238 0.5389279 0.5442535 0.5910179 
S0020_G5357_R1_U 0.7428115 0.6137336 0.6390662 0.6883704 0.6815147 0.7018389 0.5548463 0.7916437 0.4864598 0.4869162 0.0687153 0.0576164 0.0545091 0.0750858 0.0601843 0.0638484 0.0586267 0.0574395 0.0000000 0.0598571 0.0597120 0.0625301 0.0802131 0.0571484 0.0566882 0.0787180 0.0888029 0.0733810 0.0423249 0.1700631 0.0614022 0.0721537 0.0764890 0.4113590 0.2377444 0.2288569 0.2678262 0.3839821 0.4439464 0.4339651 0.3643029 0.4239300 0.4624002 0.4577184 0.4482622 0.5583712 0.3602881 0.8671395 1.0378936 0.5373286 0.5401477 0.5549055 0.5707487 0.5602051 0.5377821 0.5311922 0.5441905 0.5853095 
S0011_G5357_R1_A 0.7144979 0.6018557 0.6267040 0.6696984 0.6627717 0.6633325 0.5422904 0.7852815 0.5036522 0.5041411 0.0803858 0.0649413 0.0650292 0.0825040 0.0678262 0.0737280 0.0683266 0.0656881 0.0598571 0.0000000 0.0735732 0.0708971 0.0945500 0.0645071 0.0662482 0.0937714 0.1004998 0.0872208 0.0488898 0.1814341 0.0694432 0.0838086 0.0900318 0.4520260 0.2449092 0.2444236 0.2907925 0.3948386 0.4484442 0.4529439 0.3539689 0.4170834 0.4556265 0.4506638 0.4443580 0.5688145 0.3938210 0.8883709 1.0456347 0.5507550 0.5582525 0.5729759 0.5917521 0.5782955 0.5647375 0.5492611 0.5610169 0.5958923 
S0016_G5357_R1_A 0.7460687 0.6367811 0.6630695 0.7149863 0.7114559 0.7339235 0.5667446 0.7998656 0.4887315 0.4891957 0.0744539 0.0640391 0.0652923 0.0769473 0.0660344 0.0702353 0.0714502 0.0675062 0.0597120 0.0735732 0.0000000 0.0703508 0.0894928 0.0679923 0.0651767 0.0884315 0.0932827 0.0810908 0.0561457 0.1768791 0.0701997 0.0824312 0.0853369 0.4327403 0.2385535 0.2464787 0.2745282 0.3996281 0.4490533 0.4325855 0.3807801 0.4323779 0.4600943 0.4548271 0.4594489 0.5771416 0.3799204 0.8546562 1.0418733 0.5352707 0.5376275 0.5576266 0.5672288 0.5529024 0.5481124 0.5290776 0.5495220 0.5884067 
S0022_G5357_R1_A 0.7627083 0.6289010 0.6513424 0.6861302 0.6842190 0.6919136 0.5674068 0.7964699 0.4818856 0.4838696 0.0712714 0.0639731 0.0629076 0.0796703 0.0661731 0.0731645 0.0691975 0.0629332 0.0625301 0.0708971 0.0703508 0.0000000 0.0907110 0.0663063 0.0665911 0.0850512 0.0929103 0.0868150 0.0528827 0.1768747 0.0670869 0.0792868 0.0821522 0.4188572 0.2302142 0.2288830 0.2698321 0.3937896 0.4445135 0.4223298 0.3662166 0.4217757 0.4451131 0.4436003 0.4662283 0.5639446 0.3611874 0.8687487 1.0754484 0.5376775 0.5414552 0.5465385 0.5747391 0.5621940 0.5418927 0.5379742 0.5381459 0.5831656 
S0017_G5357_R1_U 0.7674834 0.6339305 0.6634419 0.6864721 0.6870978 0.6986872 0.5924494 0.8325436 0.4933980 0.4938691 0.0985853 0.0849518 0.0840310 0.0942861 0.0847683 0.0906205 0.0948996 0.0877310 0.0802131 0.0945500 0.0894928 0.0907110 0.0000000 0.0896788 0.0853898 0.1048216 0.1122494 0.1014293 0.0756977 0.1958049 0.0906862 0.1030057 0.1061817 0.4565234 0.2617622 0.2357859 0.2958693 0.4198003 0.4664744 0.4142645 0.3799671 0.4292133 0.4458892 0.4461617 0.4648051 0.5733113 0.3993527 0.9018410 1.0878958 0.5990419 0.6048053 0.6063532 0.6282335 0.6170741 0.6026500 0.5840575 0.5971298 0.6455188 
S0002_G5357_R1_A 0.7573979 0.6200967 0.6387984 0.6925098 0.6855437 0.6864866 0.5597373 0.7939944 0.4739719 0.4744102 0.0727153 0.0608467 0.0597522 0.0768983 0.0660856 0.0684361 0.0630292 0.0635182 0.0571484 0.0645071 0.0679923 0.0663063 0.0896788 0.0000000 0.0551925 0.0833744 0.0902636 0.0857998 0.0447888 0.1689606 0.0617426 0.0753552 0.0781759 0.4226737 0.2434011 0.2301011 0.2742370 0.3883157 0.4484147 0.4340581 0.3768715 0.4296176 0.4635202 0.4623431 0.4691711 0.5697037 0.3662852 0.8744791 1.0572317 0.5429475 0.5459683 0.5557563 0.5802557 0.5659386 0.5480246 0.5327789 0.5521546 0.5859733 
S0036_G5357_R1_U 0.7404308 0.6010327 0.6224570 0.6778577 0.6732615 0.7008857 0.5714806 0.7954241 0.4820911 0.4825439 0.0746041 0.0618167 0.0592459 0.0793204 0.0659468 0.0664063 0.0669613 0.0652434 0.0566882 0.0662482 0.0651767 0.0665911 0.0853898 0.0551925 0.0000000 0.0828968 0.0884721 0.0821559 0.0481751 0.1686900 0.0679553 0.0802084 0.0838605 0.4259464 0.2274450 0.2377438 0.2772293 0.4082140 0.4629094 0.4445993 0.3732662 0.4396803 0.4728812 0.4718444 0.4566779 0.5601108 0.3653188 0.8620340 1.0481943 0.5525465 0.5710197 0.5765457 0.5950000 0.5805632 0.5756628 0.5514076 0.5726802 0.6079060 
S0048_G5357_R1_A 0.7238723 0.6190146 0.6407867 0.6860911 0.6819536 0.6953505 0.5564304 0.7823323 0.5169392 0.5174423 0.0858659 0.0802771 0.0777570 0.0938153 0.0833862 0.0868264 0.0885906 0.0752557 0.0787180 0.0937714 0.0884315 0.0850512 0.1048216 0.0833744 0.0828968 0.0000000 0.0277443 0.1024276 0.0708663 0.1893081 0.0849425 0.0938885 0.0945539 0.4463215 0.2765944 0.2665115 0.2992665 0.3901882 0.4489435 0.4589351 0.3911562 0.4314201 0.4577288 0.4522328 0.4724979 0.5647492 0.3873564 0.8486380 1.0261182 0.5587667 0.5805187 0.5832183 0.6075087 0.5925586 0.5726626 0.5543899 0.5648735 0.6078807 
S0050_G5357_R1_A 0.7228168 0.6247859 0.6468832 0.6948739 0.6905970 0.6970930 0.5598432 0.7785803 0.5176098 0.5181202 0.0933413 0.0873719 0.0864104 0.0964696 0.0894250 0.0956175 0.0981905 0.0838050 0.0888029 0.1004998 0.0932827 0.0929103 0.1122494 0.0902636 0.0884721 0.0277443 0.0000000 0.1059929 0.0781521 0.1970784 0.0921281 0.1005951 0.1021354 0.4251593 0.2787529 0.2665243 0.3070525 0.3933692 0.4462100 0.4775455 0.3897587 0.4346056 0.4511773 0.4456268 0.4815799 0.5849784 0.3909121 0.8716882 1.0322581 0.5688150 0.5836778 0.5864667 0.6129324 0.5978681 0.5720087 0.5579765 0.5738485 0.6126675 
S0037_G5357_R1_A 0.7183476 0.6122843 0.6341234 0.6769829 0.6723789 0.6838453 0.5605381 0.7691801 0.4985089 0.4989890 0.0901586 0.0788043 0.0786903 0.0825896 0.0740574 0.0797582 0.0800865 0.0777282 0.0733810 0.0872208 0.0810908 0.0868150 0.1014293 0.0857998 0.0821559 0.1024276 0.1059929 0.0000000 0.0644565 0.1891357 0.0819754 0.0988896 0.1028066 0.4370988 0.2486465 0.2378097 0.2778656 0.4086479 0.4525134 0.4451223 0.3742741 0.4253549 0.4529432 0.4490880 0.4507459 0.5651464 0.3926819 0.8607481 1.0685555 0.5649501 0.5725841 0.5875586 0.6054224 0.5945784 0.5778218 0.5635604 0.5748897 0.6133802 
S0019_G5357_R1_A 0.6857612 0.5969230 0.6109483 0.6604608 0.6536191 0.6377487 0.5316491 0.7833770 0.4771210 0.4776036 0.0589535 0.0491924 0.0425606 0.0698543 0.0545683 0.0550319 0.0502231 0.0482647 0.0423249 0.0488898 0.0561457 0.0528827 0.0756977 0.0447888 0.0481751 0.0708663 0.0781521 0.0644565 0.0000000 0.1646027 0.0492379 0.0652074 0.0688751 0.3994308 0.2250620 0.2150425 0.2640211 0.3845672 0.4322457 0.3718191 0.3498550 0.4050296 0.4424333 0.4416275 0.4202080 0.5230059 0.3205831 0.8318626 0.9915047 0.5308985 0.5332416 0.5290403 0.5611550 0.5611062 0.5270199 0.5166503 0.5314057 0.5745738 
S0012_G5357_R1_A 0.8107731 0.6721361 0.6951349 0.7501904 0.7460176 0.7076001 0.6817248 0.8619535 0.6076740 0.6083699 0.1659534 0.1616436 0.1691453 0.1887129 0.1679337 0.1664217 0.1710640 0.1663193 0.1700631 0.1814341 0.1768791 0.1768747 0.1958049 0.1689606 0.1686900 0.1893081 0.1970784 0.1891357 0.1646027 0.0000000 0.1696212 0.1791720 0.1821149 0.5050665 0.3432435 0.3367175 0.3784732 0.5141914 0.5622108 0.5487188 0.4626263 0.5230877 0.5306639 0.5229057 0.5663229 0.6479537 0.4719851 0.9999633 1.1884844 0.6161069 0.6096935 0.6232029 0.6635448 0.6546371 0.6101085 0.5894399 0.6153835 0.6605480 
S0028_G5357_R1_A 0.7257733 0.6175064 0.6433009 0.6891025 0.6858152 0.6877220 0.5372708 0.7541551 0.4920645 0.4925362 0.0678727 0.0566766 0.0634442 0.0804316 0.0668669 0.0691960 0.0697691 0.0528181 0.0614022 0.0694432 0.0701997 0.0670869 0.0906862 0.0617426 0.0679553 0.0849425 0.0921281 0.0819754 0.0492379 0.1696212 0.0000000 0.0603213 0.0645227 0.4249124 0.2243350 0.2275926 0.2704796 0.3917474 0.4393020 0.4227838 0.3783993 0.4290628 0.4352076 0.4331247 0.4437848 0.5420855 0.3555439 0.8662199 1.0369571 0.5417184 0.5491529 0.5606947 0.5813305 0.5719064 0.5504530 0.5406525 0.5486202 0.5949675 
S0021_G5357_R1_A 0.7376526 0.6273253 0.6515165 0.6800581 0.6715948 0.6686569 0.5509060 0.7864346 0.5075163 0.5080137 0.0832108 0.0628771 0.0757731 0.0837120 0.0734174 0.0847229 0.0782555 0.0609509 0.0721537 0.0838086 0.0824312 0.0792868 0.1030057 0.0753552 0.0802084 0.0938885 0.1005951 0.0988896 0.0652074 0.1791720 0.0603213 0.0000000 0.0291349 0.4390608 0.2430359 0.2327582 0.2749002 0.4067652 0.4611271 0.4354055 0.3683050 0.4373953 0.4716417 0.4641409 0.4461133 0.5358428 0.3852042 0.8929981 1.0570754 0.5742819 0.5586437 0.5626467 0.6100687 0.5988471 0.5627775 0.5535761 0.5588147 0.6105981 
S0021_G5357_R2_A 0.7254843 0.6326159 0.6570946 0.6798716 0.6769518 0.6881061 0.5580607 0.7968007 0.5063402 0.5068392 0.0828829 0.0686506 0.0817512 0.0878493 0.0773725 0.0908962 0.0880464 0.0644227 0.0764890 0.0900318 0.0853369 0.0821522 0.1061817 0.0781759 0.0838605 0.0945539 0.1021354 0.1028066 0.0688751 0.1821149 0.0645227 0.0291349 0.0000000 0.4487140 0.2533684 0.2402095 0.2802145 0.4126968 0.4617282 0.4279823 0.3666681 0.4300052 0.4789621 0.4693355 0.4481809 0.5609874 0.3947091 0.9076638 1.0497059 0.5600746 0.5579528 0.5528772 0.6007855 0.5838575 0.5546130 0.5545275 0.5532942 0.5993837 
S0017_G5357_R3_A 1.1403227 0.9550821 0.9889275 1.0395331 1.0347790 1.0356007 1.1030236 1.3127315 0.9635624 0.9678145 0.4470689 0.4208654 0.3775190 0.4812396 0.4504965 0.4359662 0.4149936 0.4232203 0.4113590 0.4520260 0.4327403 0.4188572 0.4565234 0.4226737 0.4259464 0.4463215 0.4251593 0.4370988 0.3994308 0.5050665 0.4249124 0.4390608 0.4487140 0.0000000 0.6062494 0.6529010 0.6445479 0.7864998 0.8550635 0.9230827 0.8259041 0.8358027 0.8984552 0.8749630 0.9136879 1.1570692 0.3184733 1.0414101 1.3011844 0.8898107 0.9479921 0.9391947 0.9546681 0.9329862 0.9362617 0.9231177 0.9488767 0.9556771 
S0005_G5357_R1_A 0.6793326 0.7034471 0.7025674 0.7650503 0.7698567 0.7199420 0.5944867 0.8182643 0.4792837 0.4819624 0.2415504 0.2186844 0.2231296 0.2360088 0.2191984 0.2406637 0.2258083 0.2150356 0.2377444 0.2449092 0.2385535 0.2302142 0.2617622 0.2434011 0.2274450 0.2765944 0.2787529 0.2486465 0.2250620 0.3432435 0.2243350 0.2430359 0.2533684 0.6062494 0.0000000 0.2076028 0.2275517 0.4077340 0.4662749 0.4041288 0.3647203 0.4007242 0.4810987 0.4734575 0.3913116 0.4223867 0.5706772 1.0042923 1.2371315 0.6709618 0.6792955 0.6748542 0.6963098 0.6996614 0.6781790 0.6641983 0.6887594 0.7143066 
S0033_G5357_R1_A 0.7409450 0.6886951 0.7133266 0.7667065 0.7508236 0.7460684 0.6002465 0.7671646 0.4954994 0.4972757 0.2463071 0.2123760 0.2284682 0.2307346 0.2183647 0.2298426 0.2403657 0.2169177 0.2288569 0.2444236 0.2464787 0.2288830 0.2357859 0.2301011 0.2377438 0.2665115 0.2665243 0.2378097 0.2150425 0.3367175 0.2275926 0.2327582 0.2402095 0.6529010 0.2076028 0.0000000 0.2220128 0.3417163 0.3740625 0.3945442 0.3335905 0.4077024 0.4439131 0.4418067 0.4538785 0.5649875 0.5847407 0.9045964 1.1076330 0.6465303 0.6352590 0.6455852 0.6736705 0.6756312 0.6503707 0.6380330 0.6384448 0.6927509 
S0035_G5357_R1_U 0.7660680 0.7387400 0.7541355 0.7860839 0.7744644 0.7780404 0.6373734 0.8449389 0.5415489 0.5421931 0.2673086 0.2588880 0.2652461 0.2716664 0.2681299 0.2766938 0.2665833 0.2508947 0.2678262 0.2907925 0.2745282 0.2698321 0.2958693 0.2742370 0.2772293 0.2992665 0.3070525 0.2778656 0.2640211 0.3784732 0.2704796 0.2749002 0.2802145 0.6445479 0.2275517 0.2220128 0.0000000 0.4325632 0.4831940 0.4500635 0.3966364 0.4289550 0.4970675 0.5015621 0.4444684 0.5247589 0.5822718 0.9672258 1.1734197 0.6931157 0.6886196 0.6921424 0.7261566 0.7212253 0.6969288 0.6858230 0.6882675 0.7247953 
S0034_G5357_R1_A 0.7933157 0.8013993 0.8121034 0.8217920 0.8382885 0.7624444 0.6864568 0.9090520 0.5525864 0.5574259 0.4035424 0.3724049 0.3874052 0.4020127 0.3806373 0.3929192 0.4025127 0.3829562 0.3839821 0.3948386 0.3996281 0.3937896 0.4198003 0.3883157 0.4082140 0.3901882 0.3933692 0.4086479 0.3845672 0.5141914 0.3917474 0.4067652 0.4126968 0.7864998 0.4077340 0.3417163 0.4325632 0.0000000 0.1689546 0.5448048 0.4392278 0.4633762 0.4119552 0.4171762 0.5344419 0.6538572 0.7227522 1.1194207 1.2936944 0.7999389 0.7764293 0.7683931 0.8230302 0.8241241 0.7682376 0.7513031 0.7838372 0.7869692 
S0015_G5357_R1_A 0.7727216 0.8133540 0.8213273 0.8458854 0.8643167 0.8041560 0.7363346 0.9461749 0.5920653 0.5992599 0.4450795 0.4324974 0.4393520 0.4566760 0.4443775 0.4486726 0.4522613 0.4323472 0.4439464 0.4484442 0.4490533 0.4445135 0.4664744 0.4484147 0.4629094 0.4489435 0.4462100 0.4525134 0.4322457 0.5622108 0.4393020 0.4611271 0.4617282 0.8550635 0.4662749 0.3740625 0.4831940 0.1689546 0.0000000 0.5823857 0.4450145 0.4923270 0.4535525 0.4596479 0.5408465 0.6413029 0.7939140 1.1156242 1.3228797 0.8888273 0.8530463 0.8386923 0.9177617 0.9096665 0.8555158 0.8320636 0.8615169 0.8626595 
S0006_G5357_R1_A 0.7856411 0.7443243 0.7614849 0.7704310 0.7499863 0.7491640 0.6730688 0.8555083 0.5923265 0.5980143 0.4319078 0.4243409 0.4276134 0.4160273 0.4229862 0.4393944 0.4582846 0.4170809 0.4339651 0.4529439 0.4325855 0.4223298 0.4142645 0.4340581 0.4445993 0.4589351 0.4775455 0.4451223 0.3718191 0.5487188 0.4227838 0.4354055 0.4279823 0.9230827 0.4041288 0.3945442 0.4500635 0.5448048 0.5823857 0.0000000 0.5208719 0.5432922 0.5621126 0.5479704 0.5487750 0.5878461 0.7857380 1.1288476 1.2682204 0.7357193 0.7329918 0.7437011 0.7506673 0.7499716 0.7473391 0.7206121 0.7313413 0.7729742 
S0008_G5357_R1_A 0.6860773 0.6839629 0.6998573 0.6894420 0.7112614 0.6543996 0.6595409 0.8364741 0.5513093 0.5520086 0.3737988 0.3527285 0.3679818 0.3671084 0.3637994 0.3516343 0.3799124 0.3616439 0.3643029 0.3539689 0.3807801 0.3662166 0.3799671 0.3768715 0.3732662 0.3911562 0.3897587 0.3742741 0.3498550 0.4626263 0.3783993 0.3683050 0.3666681 0.8259041 0.3647203 0.3335905 0.3966364 0.4392278 0.4450145 0.5208719 0.0000000 0.2378450 0.3365671 0.3458228 0.3286196 0.4743795 0.7183896 1.0664604 1.1630150 0.7999064 0.7733252 0.7798252 0.8385616 0.8266896 0.7836549 0.7660509 0.7559971 0.7937510 
S0015_G5357_R2_A 0.6678462 0.7697466 0.7827628 0.7801788 0.7780863 0.7032619 0.6765476 0.8675201 0.5444003 0.5451050 0.4163147 0.3983055 0.4281604 0.4246901 0.4180062 0.4133853 0.4331524 0.4022636 0.4239300 0.4170834 0.4323779 0.4217757 0.4292133 0.4296176 0.4396803 0.4314201 0.4346056 0.4253549 0.4050296 0.5230877 0.4290628 0.4373953 0.4300052 0.8358027 0.4007242 0.4077024 0.4289550 0.4633762 0.4923270 0.5432922 0.2378450 0.0000000 0.4096892 0.4187701 0.3502289 0.4685410 0.7483657 1.0852564 1.2613270 0.8122504 0.7661094 0.7667335 0.8086983 0.8039373 0.7899994 0.7788405 0.7604607 0.8094778 
S0009_G5357_R1_A 0.7576483 0.7982535 0.7939178 0.8205998 0.8100453 0.7179415 0.6572980 0.7916945 0.4976439 0.5004123 0.4658795 0.4312279 0.4345561 0.4627521 0.4379290 0.4459690 0.4681817 0.4333771 0.4624002 0.4556265 0.4600943 0.4451131 0.4458892 0.4635202 0.4728812 0.4577288 0.4511773 0.4529432 0.4424333 0.5306639 0.4352076 0.4716417 0.4789621 0.8984552 0.4810987 0.4439131 0.4970675 0.4119552 0.4535525 0.5621126 0.3365671 0.4096892 0.0000000 0.0059469 0.4627653 0.5272949 0.7977875 1.1256997 1.2005609 0.8240871 0.8369428 0.8463976 0.8277700 0.8150372 0.8357262 0.8099985 0.8220904 0.8398822 
S0010_G5357_R1_A 0.7475989 0.7848580 0.7834087 0.8064468 0.7967986 0.7163998 0.6633302 0.7924637 0.4987321 0.5015141 0.4593583 0.4295956 0.4261605 0.4593770 0.4341898 0.4408536 0.4650313 0.4296672 0.4577184 0.4506638 0.4548271 0.4436003 0.4461617 0.4623431 0.4718444 0.4522328 0.4456268 0.4490880 0.4416275 0.5229057 0.4331247 0.4641409 0.4693355 0.8749630 0.4734575 0.4418067 0.5015621 0.4171762 0.4596479 0.5479704 0.3458228 0.4187701 0.0059469 0.0000000 0.4515407 0.5117274 0.7740627 1.1104086 1.1684155 0.8254752 0.8472118 0.8570825 0.8292197 0.8167042 0.8415418 0.8198713 0.8231705 0.8248320 
S0014_G5357_R1_A 0.7106993 0.7200682 0.7402158 0.7334835 0.7302049 0.6967894 0.6798605 0.8724652 0.5918584 0.5918584 0.4374662 0.4273092 0.4551298 0.4457878 0.4454196 0.4438484 0.4725522 0.4317283 0.4482622 0.4443580 0.4594489 0.4662283 0.4648051 0.4691711 0.4566779 0.4724979 0.4815799 0.4507459 0.4202080 0.5663229 0.4437848 0.4461133 0.4481809 0.9136879 0.3913116 0.4538785 0.4444684 0.5344419 0.5408465 0.5487750 0.3286196 0.3502289 0.4627653 0.4515407 0.0000000 0.3374953 0.8348206 1.0401584 1.2211785 0.7138681 0.7037883 0.7280202 0.7434073 0.7285709 0.7128145 0.7055916 0.7076990 0.7270179 
S0027_G5357_R1_A 0.7554042 0.7193671 0.7251908 0.7221942 0.7256523 0.7111987 0.6793624 0.8572239 0.6994544 0.6994544 0.5560426 0.5358435 0.5706102 0.5302698 0.5229212 0.5500990 0.5776286 0.5367192 0.5583712 0.5688145 0.5771416 0.5639446 0.5733113 0.5697037 0.5601108 0.5647492 0.5849784 0.5651464 0.5230059 0.6479537 0.5420855 0.5358428 0.5609874 1.1570692 0.4223867 0.5649875 0.5247589 0.6538572 0.6413029 0.5878461 0.4743795 0.4685410 0.5272949 0.5117274 0.3374953 0.0000000 0.9559422 1.1205230 1.1787297 0.8396365 0.8093782 0.8467591 0.8827114 0.8714143 0.8220001 0.8334902 0.7857996 0.8578001 
S0017_G5357_R4_A 0.9174383 0.9428060 0.9893747 1.0360776 1.0249729 0.9872942 0.9791168 1.1273981 0.8324629 0.8338878 0.3700444 0.3565592 0.3309236 0.4156570 0.3874342 0.3638987 0.3799332 0.3597673 0.3602881 0.3938210 0.3799204 0.3611874 0.3993527 0.3662852 0.3653188 0.3873564 0.3909121 0.3926819 0.3205831 0.4719851 0.3555439 0.3852042 0.3947091 0.3184733 0.5706772 0.5847407 0.5822718 0.7227522 0.7939140 0.7857380 0.7183896 0.7483657 0.7977875 0.7740627 0.8348206 0.9559422 0.0000000 0.9578167 1.0911775 0.8329285 0.8521472 0.8378448 0.8807438 0.8743671 0.8415726 0.8480759 0.8605746 0.8722693 
S0001_G5357_R2_A 0.9195503 1.0817188 1.1062815 1.1207338 1.0999111 0.9828492 1.1872432 1.2162236 1.0477204 1.0436886 0.8323275 0.8735134 0.8478733 0.8425443 0.8272601 0.8543687 0.8774556 0.8774778 0.8671395 0.8883709 0.8546562 0.8687487 0.9018410 0.8744791 0.8620340 0.8486380 0.8716882 0.8607481 0.8318626 0.9999633 0.8662199 0.8929981 0.9076638 1.0414101 1.0042923 0.9045964 0.9672258 1.1194207 1.1156242 1.1288476 1.0664604 1.0852564 1.1256997 1.1104086 1.0401584 1.1205230 0.9578167 0.0000000 0.3514259 1.1573597 1.1032032 1.0913708 1.1836987 1.1773964 1.0981772 1.0870013 1.1126099 1.1319035 
S0001_G5357_R3_A 1.1237590 1.2228878 1.2462802 1.2440796 1.2018548 1.0951324 1.2974253 1.3130867 1.2165784 1.2118315 1.0207615 1.0384518 1.0329859 1.0263572 1.0346633 1.0215266 1.0447752 1.0452400 1.0378936 1.0456347 1.0418733 1.0754484 1.0878958 1.0572317 1.0481943 1.0261182 1.0322581 1.0685555 0.9915047 1.1884844 1.0369571 1.0570754 1.0497059 1.3011844 1.2371315 1.1076330 1.1734197 1.2936944 1.3228797 1.2682204 1.1630150 1.2613270 1.2005609 1.1684155 1.2211785 1.1787297 1.0911775 0.3514259 0.0000000 1.2830023 1.2546666 1.2805218 1.3543559 1.3210763 1.2888887 1.2287005 1.2771638 1.2857793 
S0042_G5357_R1_N 0.8313996 0.8621695 0.9004674 0.8769583 0.8743035 0.8390031 0.8620957 1.0486319 0.8200004 0.8231233 0.5247056 0.5586741 0.5366625 0.5702726 0.5470807 0.5540884 0.5655222 0.5482029 0.5373286 0.5507550 0.5352707 0.5376775 0.5990419 0.5429475 0.5525465 0.5587667 0.5688150 0.5649501 0.5308985 0.6161069 0.5417184 0.5742819 0.5600746 0.8898107 0.6709618 0.6465303 0.6931157 0.7999389 0.8888273 0.7357193 0.7999064 0.8122504 0.8240871 0.8254752 0.7138681 0.8396365 0.8329285 1.1573597 1.2830023 0.0000000 0.0595925 0.0780903 0.0450091 0.0453422 0.0694449 0.0615987 0.0836970 0.0590948 
S0038_G5357_R1_A 0.8825924 0.8648484 0.9060916 0.8986594 0.9056099 0.8664572 0.8553612 1.0082287 0.8666251 0.8724605 0.5316299 0.5628020 0.5399695 0.5730907 0.5470161 0.5580519 0.5679404 0.5481755 0.5401477 0.5582525 0.5376275 0.5414552 0.6048053 0.5459683 0.5710197 0.5805187 0.5836778 0.5725841 0.5332416 0.6096935 0.5491529 0.5586437 0.5579528 0.9479921 0.6792955 0.6352590 0.6886196 0.7764293 0.8530463 0.7329918 0.7733252 0.7661094 0.8369428 0.8472118 0.7037883 0.8093782 0.8521472 1.1032032 1.2546666 0.0595925 0.0000000 0.0443039 0.0863684 0.0849796 0.0412643 0.0348734 0.0486410 0.0841021 
S0045_G5357_R2_A 0.8314069 0.8922829 0.9292245 0.9043449 0.9062205 0.8670198 0.8675315 1.0124757 0.8741297 0.8800701 0.5435516 0.5686677 0.5496378 0.5799031 0.5560263 0.5638810 0.5783212 0.5543428 0.5549055 0.5729759 0.5576266 0.5465385 0.6063532 0.5557563 0.5765457 0.5832183 0.5864667 0.5875586 0.5290403 0.6232029 0.5606947 0.5626467 0.5528772 0.9391947 0.6748542 0.6455852 0.6921424 0.7683931 0.8386923 0.7437011 0.7798252 0.7667335 0.8463976 0.8570825 0.7280202 0.8467591 0.8378448 1.0913708 1.2805218 0.0780903 0.0443039 0.0000000 0.0869280 0.0875595 0.0470093 0.0390424 0.0536735 0.0938105 
S0045_G5357_R1_A 0.8682355 0.8782979 0.9169095 0.9003703 0.8993856 0.8659711 0.9048190 1.0927734 0.8540625 0.8572654 0.5666597 0.5926736 0.5722826 0.5954697 0.5708208 0.5861002 0.6069963 0.5858310 0.5707487 0.5917521 0.5672288 0.5747391 0.6282335 0.5802557 0.5950000 0.6075087 0.6129324 0.6054224 0.5611550 0.6635448 0.5813305 0.6100687 0.6007855 0.9546681 0.6963098 0.6736705 0.7261566 0.8230302 0.9177617 0.7506673 0.8385616 0.8086983 0.8277700 0.8292197 0.7434073 0.8827114 0.8807438 1.1836987 1.3543559 0.0450091 0.0863684 0.0869280 0.0000000 0.0137309 0.0842993 0.0683209 0.0935139 0.0697111 
S0044_G5357_R1_N 0.8602435 0.8793049 0.9184776 0.8937663 0.8943159 0.8548768 0.8961576 1.0880292 0.8394521 0.8426399 0.5551807 0.5781350 0.5647340 0.5867019 0.5678132 0.5753060 0.5961870 0.5787673 0.5602051 0.5782955 0.5529024 0.5621940 0.6170741 0.5659386 0.5805632 0.5925586 0.5978681 0.5945784 0.5611062 0.6546371 0.5719064 0.5988471 0.5838575 0.9329862 0.6996614 0.6756312 0.7212253 0.8241241 0.9096665 0.7499716 0.8266896 0.8039373 0.8150372 0.8167042 0.7285709 0.8714143 0.8743671 1.1773964 1.3210763 0.0453422 0.0849796 0.0875595 0.0137309 0.0000000 0.0828122 0.0688149 0.0921045 0.0721998 
S0041_G5357_R1_N 0.8586456 0.8566062 0.8941470 0.8788372 0.8865007 0.8419911 0.8552292 1.0259263 0.8715043 0.8773103 0.5324603 0.5629350 0.5436076 0.5644714 0.5401031 0.5591234 0.5699512 0.5466238 0.5377821 0.5647375 0.5481124 0.5418927 0.6026500 0.5480246 0.5756628 0.5726626 0.5720087 0.5778218 0.5270199 0.6101085 0.5504530 0.5627775 0.5546130 0.9362617 0.6781790 0.6503707 0.6969288 0.7682376 0.8555158 0.7473391 0.7836549 0.7899994 0.8357262 0.8415418 0.7128145 0.8220001 0.8415726 1.0981772 1.2888887 0.0694449 0.0412643 0.0470093 0.0842993 0.0828122 0.0000000 0.0308956 0.0395305 0.0909569 
S0043_G5357_R1_N 0.8430890 0.8427687 0.8820061 0.8701019 0.8723172 0.8331780 0.8525442 0.9953449 0.8313759 0.8346606 0.5231603 0.5545662 0.5300414 0.5542040 0.5317075 0.5417956 0.5582789 0.5389279 0.5311922 0.5492611 0.5290776 0.5379742 0.5840575 0.5327789 0.5514076 0.5543899 0.5579765 0.5635604 0.5166503 0.5894399 0.5406525 0.5535761 0.5545275 0.9231177 0.6641983 0.6380330 0.6858230 0.7513031 0.8320636 0.7206121 0.7660509 0.7788405 0.8099985 0.8198713 0.7055916 0.8334902 0.8480759 1.0870013 1.2287005 0.0615987 0.0348734 0.0390424 0.0683209 0.0688149 0.0308956 0.0000000 0.0340091 0.0566375 
S0047_G5357_R1_N 0.8502089 0.8506251 0.8881965 0.8719801 0.8765597 0.8522354 0.8558008 1.0005513 0.8500675 0.8558191 0.5274666 0.5624424 0.5423860 0.5721612 0.5491235 0.5642690 0.5723459 0.5442535 0.5441905 0.5610169 0.5495220 0.5381459 0.5971298 0.5521546 0.5726802 0.5648735 0.5738485 0.5748897 0.5314057 0.6153835 0.5486202 0.5588147 0.5532942 0.9488767 0.6887594 0.6384448 0.6882675 0.7838372 0.8615169 0.7313413 0.7559971 0.7604607 0.8220904 0.8231705 0.7076990 0.7857996 0.8605746 1.1126099 1.2771638 0.0836970 0.0486410 0.0536735 0.0935139 0.0921045 0.0395305 0.0340091 0.0000000 0.0984461 
S0040_G5357_R1_N 0.8564808 0.8903975 0.9263998 0.9004060 0.9125375 0.8551136 0.9071399 1.0669731 0.8672366 0.8763970 0.5638723 0.6095474 0.5851517 0.6155769 0.5924814 0.6016640 0.6079910 0.5910179 0.5853095 0.5958923 0.5884067 0.5831656 0.6455188 0.5859733 0.6079060 0.6078807 0.6126675 0.6133802 0.5745738 0.6605480 0.5949675 0.6105981 0.5993837 0.9556771 0.7143066 0.6927509 0.7247953 0.7869692 0.8626595 0.7729742 0.7937510 0.8094778 0.8398822 0.8248320 0.7270179 0.8578001 0.8722693 1.1319035 1.2857793 0.0590948 0.0841021 0.0938105 0.0697111 0.0721998 0.0909569 0.0566375 0.0984461 0.0000000 
