58
S0013_G5430_R1_A 0.0000000 0.0630010 0.0596446 0.0721097 0.0467048 0.0525093 0.0612061 0.0573038 0.0656526 0.0560791 0.0583707 0.0831444 0.0589888 0.0604414 0.0542984 0.0622310 0.1184570 0.0539358 0.0802213 0.0656355 0.1594499 0.0823932 0.2243037 0.4686938 0.3995792 0.3659285 0.3735727 0.3397094 0.3856401 0.4884471 0.4803895 0.8760901 0.3985744 0.3902318 0.4452594 0.4937171 0.5689568 0.5644139 0.5558589 0.5562606 0.5871221 0.7450123 0.6125159 0.6735744 0.6715304 0.7438491 0.8002238 0.8157144 1.1148823 0.6090368 0.6142171 0.6294164 0.6323112 0.6335381 0.6286749 0.6307711 0.6203222 0.6448097 
S0017_G5430_R1_A 0.0630010 0.0000000 0.0605481 0.0700229 0.0491208 0.0534946 0.0592303 0.0595318 0.0627611 0.0577764 0.0608047 0.0860456 0.0690966 0.0621687 0.0537434 0.0648323 0.1268093 0.0563912 0.0775665 0.0651715 0.1496352 0.0797085 0.2190915 0.4419738 0.3986906 0.3524449 0.3711355 0.3444228 0.3732627 0.4625498 0.4563567 0.8593435 0.3867404 0.3786211 0.4233227 0.4793168 0.5264565 0.5304708 0.5328358 0.5386202 0.5559256 0.7013412 0.5922185 0.6425655 0.6405771 0.7187585 0.7813193 0.7943802 1.1219776 0.5995628 0.5960254 0.6146196 0.6174347 0.6167502 0.6119654 0.6177262 0.6022048 0.6286587 
S0028_G5430_R1_A 0.0596446 0.0605481 0.0000000 0.0697226 0.0438162 0.0475657 0.0459243 0.0530505 0.0457922 0.0511048 0.0534932 0.0824430 0.0645430 0.0548047 0.0478406 0.0558556 0.1076750 0.0496543 0.0734649 0.0460148 0.1360406 0.0772007 0.1990244 0.4256166 0.3608564 0.3272687 0.3359828 0.3137759 0.3491286 0.4473261 0.4372674 0.8523140 0.3610179 0.3531332 0.4093447 0.4605183 0.5320831 0.5366668 0.5346847 0.5435158 0.5601940 0.7185519 0.5831771 0.6394694 0.6394694 0.7030140 0.7729392 0.7826436 1.0730151 0.5957069 0.6017854 0.6173245 0.6221656 0.6153052 0.6125125 0.6203776 0.6023065 0.6290982 
S0011_G5430_R1_A 0.0721097 0.0700229 0.0697226 0.0000000 0.0585990 0.0615785 0.0719611 0.0657484 0.0720534 0.0616591 0.0713568 0.0963223 0.0737808 0.0705078 0.0612720 0.0725575 0.1223237 0.0639764 0.0871518 0.0712569 0.1623066 0.0962794 0.2165703 0.4512178 0.3921298 0.3531205 0.3618845 0.3340734 0.3688292 0.4703411 0.4641181 0.8443858 0.3803479 0.3774301 0.4273563 0.4676047 0.5270295 0.5311481 0.5302668 0.5330362 0.5553527 0.7361806 0.5946043 0.6352188 0.6332529 0.7177298 0.7635311 0.8083141 1.1241557 0.5992422 0.6012043 0.6178580 0.6206905 0.6201598 0.6130746 0.6192828 0.6037196 0.6283436 
S0019_G5430_R1_A 0.0467048 0.0491208 0.0438162 0.0585990 0.0000000 0.0353404 0.0423349 0.0310491 0.0494084 0.0351067 0.0445357 0.0713151 0.0502472 0.0414106 0.0355610 0.0445324 0.1023173 0.0343830 0.0585611 0.0466496 0.1339247 0.0626374 0.2048035 0.4456516 0.3724151 0.3475221 0.3478284 0.3158923 0.3558855 0.4636999 0.4575612 0.8484543 0.3770079 0.3705803 0.4214731 0.4713822 0.5307255 0.5349358 0.5292806 0.5313566 0.5435923 0.7076516 0.5951568 0.6515764 0.6495771 0.7078447 0.7617263 0.7924878 1.0819007 0.5896564 0.5928038 0.6073798 0.6101591 0.6077871 0.6030371 0.6069088 0.5935442 0.6209959 
S0022_G5430_R1_A 0.0525093 0.0534946 0.0475657 0.0615785 0.0353404 0.0000000 0.0474024 0.0447785 0.0523177 0.0422390 0.0510468 0.0761387 0.0568620 0.0493707 0.0434209 0.0533093 0.1150081 0.0437005 0.0664451 0.0502882 0.1415019 0.0747142 0.2004084 0.4380440 0.3839402 0.3519019 0.3604882 0.3354686 0.3625375 0.4748525 0.4686625 0.8432719 0.3737092 0.3658218 0.4208801 0.4639717 0.5310470 0.5321792 0.5209370 0.5267281 0.5486214 0.7091256 0.6007972 0.6283214 0.6263895 0.6993623 0.7501319 0.7749619 1.0673579 0.5930367 0.5962057 0.6127537 0.6155604 0.6099987 0.6084055 0.6091861 0.6001568 0.6268227 
S0021_G5430_R1_A 0.0612061 0.0592303 0.0459243 0.0719611 0.0423349 0.0474024 0.0000000 0.0548678 0.0463906 0.0507744 0.0538514 0.0821832 0.0648958 0.0565579 0.0505538 0.0613158 0.1214507 0.0501314 0.0770691 0.0479576 0.1402174 0.0799099 0.2075333 0.4370079 0.3845264 0.3515504 0.3542340 0.3314066 0.3641618 0.4684559 0.4622858 0.8691917 0.3905411 0.3823964 0.4236085 0.4787032 0.5344237 0.5415654 0.5247768 0.5402267 0.5551027 0.7245081 0.6046699 0.6632113 0.6632113 0.7123331 0.7660383 0.7959649 1.1216141 0.6148635 0.6181375 0.6350234 0.6379218 0.6316992 0.6306900 0.6346557 0.6206522 0.6470132 
S0020_G5430_R1_A 0.0573038 0.0595318 0.0530505 0.0657484 0.0310491 0.0447785 0.0548678 0.0000000 0.0556666 0.0416313 0.0550080 0.0827133 0.0586000 0.0518236 0.0442999 0.0543706 0.1084852 0.0453275 0.0700742 0.0579252 0.1405900 0.0747346 0.2056660 0.4321834 0.3698681 0.3495359 0.3502373 0.3231281 0.3462187 0.4608354 0.4546072 0.8205477 0.3599464 0.3536208 0.4289867 0.4676341 0.5280339 0.5288621 0.5249078 0.5287689 0.5385055 0.6885479 0.6032988 0.6322502 0.6302406 0.6981053 0.7448446 0.7801330 1.0665989 0.5910139 0.5942399 0.6057216 0.6115831 0.6095938 0.6028615 0.6086960 0.5948140 0.6198270 
S0026_G5430_R1_A 0.0656526 0.0627611 0.0457922 0.0720534 0.0494084 0.0523177 0.0463906 0.0556666 0.0000000 0.0574606 0.0575187 0.0903658 0.0694534 0.0610123 0.0548939 0.0651698 0.1299853 0.0559803 0.0804430 0.0508187 0.1394626 0.0855886 0.2034986 0.4427685 0.3830246 0.3499968 0.3652884 0.3304795 0.3690516 0.4566739 0.4505435 0.8361348 0.3749761 0.3670546 0.4268842 0.4772875 0.5336857 0.5467375 0.5351887 0.5448195 0.5663270 0.7005979 0.6094098 0.6436976 0.6417113 0.7006864 0.7547960 0.7716820 1.0892553 0.6077294 0.6109938 0.6278990 0.6307900 0.6283800 0.6235272 0.6293880 0.6134603 0.6353752 
S0036_G5430_R1_A 0.0560791 0.0577764 0.0511048 0.0616591 0.0351067 0.0422390 0.0507744 0.0416313 0.0574606 0.0000000 0.0516331 0.0794929 0.0590922 0.0454656 0.0403233 0.0517211 0.1129283 0.0413105 0.0687335 0.0516275 0.1376174 0.0725584 0.2061590 0.4450724 0.3800414 0.3611359 0.3579983 0.3270132 0.3661862 0.4596731 0.4535002 0.8317365 0.3766925 0.3702149 0.4328008 0.4779194 0.5313704 0.5236517 0.5166050 0.5249694 0.5612352 0.6874232 0.6007891 0.6596385 0.6596385 0.7187454 0.7742960 0.8049265 1.1072297 0.6047649 0.6079936 0.6281741 0.6310469 0.6233435 0.6155245 0.6243340 0.6105723 0.6344630 
S0046_G5430_R1_A 0.0583707 0.0608047 0.0534932 0.0713568 0.0445357 0.0510468 0.0538514 0.0550080 0.0575187 0.0516331 0.0000000 0.0808288 0.0642162 0.0573683 0.0506054 0.0599165 0.1182589 0.0494783 0.0724597 0.0575495 0.1499270 0.0792272 0.2185683 0.4505654 0.3841266 0.3535642 0.3530778 0.3274860 0.3673010 0.4718326 0.4656020 0.8603554 0.3803625 0.3723555 0.4158674 0.4763693 0.5532226 0.5603177 0.5473012 0.5559337 0.5744728 0.6984450 0.6129409 0.6558608 0.6538531 0.7217062 0.7786345 0.7934375 1.0894422 0.5823051 0.5854115 0.6017573 0.6045088 0.5987872 0.5974191 0.6012664 0.5859663 0.6132368 
S0012_G5430_R1_A 0.0831444 0.0860456 0.0824430 0.0963223 0.0713151 0.0761387 0.0821832 0.0827133 0.0903658 0.0794929 0.0808288 0.0000000 0.0917760 0.0878464 0.0764768 0.0845709 0.1323903 0.0754759 0.0990730 0.0917006 0.1782136 0.1027922 0.2473420 0.4547505 0.3991308 0.3698488 0.3912057 0.3533042 0.3870476 0.4690193 0.4596501 0.8544144 0.3936487 0.3833164 0.4578210 0.5091416 0.5533238 0.5680521 0.5614356 0.5602432 0.5885264 0.7220530 0.6321834 0.6782618 0.6761537 0.7311238 0.8115389 0.8204249 1.1022749 0.6516051 0.6475257 0.6772565 0.6804404 0.6680998 0.6627604 0.6694800 0.6540366 0.6851014 
S0048_G5430_R1_A 0.0589888 0.0690966 0.0645430 0.0737808 0.0502472 0.0568620 0.0648958 0.0586000 0.0694534 0.0590922 0.0642162 0.0917760 0.0000000 0.0640536 0.0579239 0.0622390 0.1175450 0.0583684 0.0837438 0.0686624 0.1509468 0.0865625 0.2140814 0.4430759 0.3831253 0.3546079 0.3655278 0.3358697 0.3687319 0.4690021 0.4627538 0.8359726 0.3828815 0.3762573 0.4308052 0.4756451 0.5415826 0.5462435 0.5286867 0.5286604 0.5597646 0.7173886 0.6151622 0.6547688 0.6527467 0.7260428 0.7837934 0.7984643 1.1016313 0.5971856 0.5970223 0.6155779 0.6184165 0.6175690 0.6127495 0.6132498 0.6053067 0.6304512 
S0002_G5430_R1_A 0.0604414 0.0621687 0.0548047 0.0705078 0.0414106 0.0493707 0.0565579 0.0518236 0.0610123 0.0454656 0.0573683 0.0878464 0.0640536 0.0000000 0.0474239 0.0590868 0.1248388 0.0507523 0.0756599 0.0595477 0.1561025 0.0815834 0.2219046 0.4387142 0.4008372 0.3559035 0.3689720 0.3453876 0.3734643 0.4766174 0.4749437 0.8599545 0.3912450 0.3829499 0.4292662 0.4835740 0.5623533 0.5598573 0.5502228 0.5504985 0.5835879 0.6870927 0.6040933 0.6441822 0.6421892 0.7132095 0.7618305 0.8017476 1.1187938 0.6103729 0.6155265 0.6325850 0.6337507 0.6348446 0.6281952 0.6322031 0.6182083 0.6461556 
S0030_G5430_R1_A 0.0542984 0.0537434 0.0478406 0.0612720 0.0355610 0.0434209 0.0505538 0.0442999 0.0548939 0.0403233 0.0506054 0.0764768 0.0579239 0.0474239 0.0000000 0.0523341 0.1141636 0.0403694 0.0682613 0.0527319 0.1449814 0.0713922 0.2055892 0.4459987 0.3732637 0.3461446 0.3583684 0.3262682 0.3578172 0.4718697 0.4656746 0.8654081 0.3820195 0.3754550 0.4216016 0.4737540 0.5124945 0.5176135 0.5050817 0.5168592 0.5414451 0.7000785 0.5868482 0.6455789 0.6435913 0.7204961 0.7775660 0.8031403 1.1055134 0.5995183 0.6027122 0.6155783 0.6183899 0.6126136 0.6149920 0.6154890 0.6018503 0.6296536 
S0004_G5430_R1_A 0.0622310 0.0648323 0.0558556 0.0725575 0.0445324 0.0533093 0.0613158 0.0543706 0.0651698 0.0517211 0.0599165 0.0845709 0.0622390 0.0590868 0.0523341 0.0000000 0.1073376 0.0442290 0.0647594 0.0635973 0.1545488 0.0726529 0.2100364 0.4403821 0.3849436 0.3469148 0.3552113 0.3364728 0.3700655 0.4812575 0.4713425 0.8771835 0.3756793 0.3691741 0.4236113 0.4789175 0.5250627 0.5227766 0.5204496 0.5308082 0.5448809 0.7155844 0.5898083 0.6739417 0.6718836 0.7400282 0.8140339 0.8066427 1.0974292 0.5874414 0.5882759 0.6097391 0.6125298 0.6067671 0.6037117 0.6042039 0.5938746 0.6251905 
S0018_G5430_R1_A 0.1184570 0.1268093 0.1076750 0.1223237 0.1023173 0.1150081 0.1214507 0.1084852 0.1299853 0.1129283 0.1182589 0.1323903 0.1175450 0.1248388 0.1141636 0.1073376 0.0000000 0.1060240 0.1026392 0.1284558 0.2170513 0.1207072 0.2638756 0.4785643 0.4078218 0.3751177 0.3913538 0.3638482 0.3871454 0.5027332 0.4960615 0.9196789 0.4098976 0.4042675 0.4701044 0.5291635 0.5774135 0.5739946 0.5682869 0.5720925 0.5949256 0.7801982 0.6274802 0.7254998 0.7232543 0.7668042 0.8344580 0.8319138 1.1058234 0.7126007 0.7138694 0.7337863 0.7294126 0.7295415 0.7271093 0.7276834 0.7134023 0.7544162 
S0016_G5430_R1_A 0.0539358 0.0563912 0.0496543 0.0639764 0.0343830 0.0437005 0.0501314 0.0453275 0.0559803 0.0413105 0.0494783 0.0754759 0.0583684 0.0507523 0.0403694 0.0442290 0.1060240 0.0000000 0.0631578 0.0545456 0.1469553 0.0649060 0.2087624 0.4476205 0.3770846 0.3582701 0.3586949 0.3375988 0.3671205 0.4799613 0.4737117 0.8471582 0.3788581 0.3722990 0.4236920 0.4644212 0.5418067 0.5458337 0.5451937 0.5490350 0.5619664 0.7238718 0.6054662 0.6477997 0.6457874 0.6920839 0.7592554 0.7921621 1.0790207 0.5905535 0.5937153 0.6102503 0.6130511 0.6086722 0.6036381 0.6097884 0.5961587 0.6240060 
S0031_G5430_R1_A 0.0802213 0.0775665 0.0734649 0.0871518 0.0585611 0.0664451 0.0770691 0.0700742 0.0804430 0.0687335 0.0724597 0.0990730 0.0837438 0.0756599 0.0682613 0.0647594 0.1026392 0.0631578 0.0000000 0.0771284 0.1611655 0.0699064 0.2246079 0.4392005 0.4066117 0.3752931 0.3870462 0.3537446 0.3863273 0.4967954 0.4902990 0.8812170 0.4059803 0.3989186 0.4543429 0.5104404 0.5462772 0.5495530 0.5471229 0.5530805 0.5683939 0.7113103 0.5988467 0.6631489 0.6610578 0.7234832 0.7979757 0.7871475 1.1060839 0.6114724 0.6147872 0.6319195 0.6313418 0.6215466 0.6240043 0.6256438 0.6192114 0.6467738 
S0023_G5430_R1_A 0.0656355 0.0651715 0.0460148 0.0712569 0.0466496 0.0502882 0.0479576 0.0579252 0.0508187 0.0516275 0.0575495 0.0917006 0.0686624 0.0595477 0.0527319 0.0635973 0.1284558 0.0545456 0.0771284 0.0000000 0.1475532 0.0831205 0.2123626 0.4460422 0.3947198 0.3585295 0.3676707 0.3391183 0.3741115 0.4762077 0.4699760 0.8941212 0.3898526 0.3853717 0.4338720 0.4877171 0.5394536 0.5405449 0.5287621 0.5364686 0.5585198 0.7217075 0.6105106 0.6604866 0.6584729 0.7202017 0.7817693 0.7958403 1.0867556 0.6049734 0.6081846 0.6248378 0.6276806 0.6235853 0.6205177 0.6262915 0.6058012 0.6372184 
S0005_G5430_R1_A 0.1594499 0.1496352 0.1360406 0.1623066 0.1339247 0.1415019 0.1402174 0.1405900 0.1394626 0.1376174 0.1499270 0.1782136 0.1509468 0.1561025 0.1449814 0.1545488 0.2170513 0.1469553 0.1611655 0.1475532 0.0000000 0.1729336 0.1962210 0.5116509 0.3772506 0.3776066 0.3834022 0.3469544 0.3757268 0.4916750 0.4919586 0.8410345 0.3877299 0.3832231 0.4622599 0.5333768 0.5394585 0.5440358 0.5535328 0.5690175 0.5848325 0.7479096 0.6113486 0.6492441 0.6492441 0.6616547 0.6675014 0.7584702 1.0796821 0.6371961 0.6458280 0.6436389 0.6463401 0.6463216 0.6337070 0.6513590 0.6397613 0.6644197 
S0037_G5430_R1_U 0.0823932 0.0797085 0.0772007 0.0962794 0.0626374 0.0747142 0.0799099 0.0747346 0.0855886 0.0725584 0.0792272 0.1027922 0.0865625 0.0815834 0.0713922 0.0726529 0.1207072 0.0649060 0.0699064 0.0831205 0.1729336 0.0000000 0.2329673 0.4558965 0.4114613 0.3833918 0.3882306 0.3521403 0.3920946 0.4907623 0.4796939 0.8838707 0.4041906 0.3987086 0.4505980 0.4989122 0.5518452 0.5527505 0.5497280 0.5543718 0.5739456 0.7405482 0.6163999 0.6582872 0.6562641 0.7251964 0.8007908 0.7997333 1.0936464 0.6370801 0.6366271 0.6591728 0.6637887 0.6641021 0.6534548 0.6614148 0.6400845 0.6755136 
S0035_G5430_R1_A 0.2243037 0.2190915 0.1990244 0.2165703 0.2048035 0.2004084 0.2075333 0.2056660 0.2034986 0.2061590 0.2185683 0.2473420 0.2140814 0.2219046 0.2055892 0.2100364 0.2638756 0.2087624 0.2246079 0.2123626 0.1962210 0.2329673 0.0000000 0.5048747 0.4467378 0.4157914 0.4321939 0.3962968 0.4293221 0.5381311 0.5287180 0.9334818 0.4374358 0.4448907 0.5173801 0.5823747 0.5884706 0.5872810 0.5851589 0.5822900 0.6112480 0.7962375 0.6390995 0.7435051 0.7410227 0.7475782 0.7818185 0.8091782 1.1405275 0.6883474 0.6887371 0.6902466 0.6905934 0.6961319 0.6801916 0.6978548 0.6657771 0.6955300 
S0006_G5430_R1_A 0.4686938 0.4419738 0.4256166 0.4512178 0.4456516 0.4380440 0.4370079 0.4321834 0.4427685 0.4450724 0.4505654 0.4547505 0.4430759 0.4387142 0.4459987 0.4403821 0.4785643 0.4476205 0.4392005 0.4460422 0.5116509 0.4558965 0.5048747 0.0000000 0.6136901 0.5091672 0.6157869 0.5870716 0.5883137 0.5887794 0.5786253 1.0104067 0.5801721 0.5656694 0.6130887 0.6480975 0.5774371 0.5744171 0.5897466 0.5914181 0.6167744 0.8431797 0.7136237 0.9618705 0.9586400 0.9827320 1.0601453 1.0714350 1.5548122 0.8177999 0.8139795 0.8098923 0.8029475 0.8244737 0.8153522 0.8235193 0.8233101 0.8328881 
S0014_G5430_R1_A 0.3995792 0.3986906 0.3608564 0.3921298 0.3724151 0.3839402 0.3845264 0.3698681 0.3830246 0.3800414 0.3841266 0.3991308 0.3831253 0.4008372 0.3732637 0.3849436 0.4078218 0.3770846 0.4066117 0.3947198 0.3772506 0.4114613 0.4467378 0.6136901 0.0000000 0.1362235 0.1801900 0.1384289 0.1883778 0.3485494 0.3478396 0.7024178 0.2277714 0.2223441 0.5102937 0.5307520 0.6618022 0.6722867 0.6533888 0.6516393 0.6728054 0.8523915 0.6965237 0.7863440 0.7836359 0.8259069 0.8599952 0.9118220 1.3183304 0.8225336 0.8384749 0.8455769 0.8426808 0.8557577 0.8331490 0.8406924 0.8523220 0.8554660 
S0027_G5430_R1_A 0.3659285 0.3524449 0.3272687 0.3531205 0.3475221 0.3519019 0.3515504 0.3495359 0.3499968 0.3611359 0.3535642 0.3698488 0.3546079 0.3559035 0.3461446 0.3469148 0.3751177 0.3582701 0.3752931 0.3585295 0.3776066 0.3833918 0.4157914 0.5091672 0.1362235 0.0000000 0.1777467 0.1506684 0.1888731 0.3339035 0.3305251 0.6964012 0.2026503 0.1947074 0.4580893 0.4905404 0.6086050 0.6260948 0.6296061 0.6055572 0.6529016 0.8028348 0.6474767 0.7582934 0.7582934 0.8203592 0.8887188 0.8813856 1.3449914 0.8223266 0.8270590 0.8585772 0.8521187 0.8601970 0.8371599 0.8546515 0.8601359 0.8548682 
S0015_G5430_R1_A 0.3735727 0.3711355 0.3359828 0.3618845 0.3478284 0.3604882 0.3542340 0.3502373 0.3652884 0.3579983 0.3530778 0.3912057 0.3655278 0.3689720 0.3583684 0.3552113 0.3913538 0.3586949 0.3870462 0.3676707 0.3834022 0.3882306 0.4321939 0.6157869 0.1801900 0.1777467 0.0000000 0.1280796 0.1223174 0.3595921 0.3555349 0.7252981 0.2211916 0.2138278 0.4736929 0.4934532 0.6774967 0.6922930 0.6725752 0.6716695 0.6922159 0.8609895 0.6772950 0.8228425 0.8200897 0.8828052 0.9115798 0.9714206 1.3732072 0.7715148 0.7859992 0.8058695 0.8006110 0.8064512 0.7966421 0.7991628 0.8086231 0.8074003 
S0008_G5430_R1_A 0.3397094 0.3444228 0.3137759 0.3340734 0.3158923 0.3354686 0.3314066 0.3231281 0.3304795 0.3270132 0.3274860 0.3533042 0.3358697 0.3453876 0.3262682 0.3364728 0.3638482 0.3375988 0.3537446 0.3391183 0.3469544 0.3521403 0.3962968 0.5870716 0.1384289 0.1506684 0.1280796 0.0000000 0.1436849 0.3449295 0.3425219 0.6856891 0.2126324 0.2085251 0.4607233 0.4848680 0.6200138 0.6268450 0.6100878 0.6132314 0.6334459 0.8078619 0.6940283 0.7624489 0.7598129 0.8043099 0.8437631 0.8802197 1.3005718 0.7934718 0.8087413 0.8217120 0.8162329 0.8382104 0.8208092 0.8228706 0.8268598 0.8321604 
S0034_G5430_R1_A 0.3856401 0.3732627 0.3491286 0.3688292 0.3558855 0.3625375 0.3641618 0.3462187 0.3690516 0.3661862 0.3673010 0.3870476 0.3687319 0.3734643 0.3578172 0.3700655 0.3871454 0.3671205 0.3863273 0.3741115 0.3757268 0.3920946 0.4293221 0.5883137 0.1883778 0.1888731 0.1223174 0.1436849 0.0000000 0.3604227 0.3587310 0.6791955 0.2390849 0.2338351 0.4904112 0.5091203 0.6300307 0.6350203 0.6544252 0.6469183 0.6735410 0.8716541 0.6779093 0.8067309 0.8040040 0.8914947 0.9190969 0.9825372 1.4018414 0.8087761 0.8214233 0.8353893 0.8250291 0.8426650 0.8135557 0.8282434 0.8361347 0.8352457 
S0039_G5430_R1_A 0.4884471 0.4625498 0.4473261 0.4703411 0.4636999 0.4748525 0.4684559 0.4608354 0.4566739 0.4596731 0.4718326 0.4690193 0.4690021 0.4766174 0.4718697 0.4812575 0.5027332 0.4799613 0.4967954 0.4762077 0.4916750 0.4907623 0.5381311 0.5887794 0.3485494 0.3339035 0.3595921 0.3449295 0.3604227 0.0000000 0.0105839 0.7706652 0.3418141 0.3386586 0.5322346 0.5493058 0.6161295 0.6247330 0.5921703 0.5797687 0.6301992 0.7783704 0.7056951 0.8977879 0.8944458 0.9543609 1.0674054 0.9605909 1.3136338 0.9535580 0.9477261 0.9756500 0.9772985 0.9836969 0.9702426 0.9760074 0.9827056 0.9648129 
S0051_G5430_R1_A 0.4803895 0.4563567 0.4372674 0.4641181 0.4575612 0.4686625 0.4622858 0.4546072 0.4505435 0.4535002 0.4656020 0.4596501 0.4627538 0.4749437 0.4656746 0.4713425 0.4960615 0.4737117 0.4902990 0.4699760 0.4919586 0.4796939 0.5287180 0.5786253 0.3478396 0.3305251 0.3555349 0.3425219 0.3587310 0.0105839 0.0000000 0.7617737 0.3336025 0.3305817 0.5255415 0.5446982 0.6114603 0.6199148 0.5888144 0.5752394 0.6196562 0.7762869 0.6983945 0.9042752 0.9009132 0.9536456 1.0639020 0.9590611 1.3032984 0.9413946 0.9255182 0.9529466 0.9545417 0.9639287 0.9475525 0.9532339 0.9596513 0.9453774 
S0010_G5430_R1_A 0.8760901 0.8593435 0.8523140 0.8443858 0.8484543 0.8432719 0.8691917 0.8205477 0.8361348 0.8317365 0.8603554 0.8544144 0.8359726 0.8599545 0.8654081 0.8771835 0.9196789 0.8471582 0.8812170 0.8941212 0.8410345 0.8838707 0.9334818 1.0104067 0.7024178 0.6964012 0.7252981 0.6856891 0.6791955 0.7706652 0.7617737 0.0000000 0.4493085 0.4598925 0.9983797 1.0266804 1.1836759 1.1930252 1.1510111 1.1396309 1.1711278 1.2657348 1.3379609 1.4092990 1.4092990 1.3665067 1.3670693 1.4158486 1.7325284 1.3961557 1.4104203 1.4259420 1.4094335 1.4539422 1.4079865 1.3924102 1.4675185 1.4329538 
S0009_G5430_R1_A 0.3985744 0.3867404 0.3610179 0.3803479 0.3770079 0.3737092 0.3905411 0.3599464 0.3749761 0.3766925 0.3803625 0.3936487 0.3828815 0.3912450 0.3820195 0.3756793 0.4098976 0.3788581 0.4059803 0.3898526 0.3877299 0.4041906 0.4374358 0.5801721 0.2277714 0.2026503 0.2211916 0.2126324 0.2390849 0.3418141 0.3336025 0.4493085 0.0000000 0.0091285 0.5298783 0.5382077 0.6444045 0.6487026 0.6046789 0.6178877 0.6287701 0.7643532 0.6626028 0.7927468 0.7898975 0.8480780 0.8768163 0.9331728 1.3893195 0.7956628 0.7930764 0.8220192 0.8185687 0.8323386 0.8066925 0.8107150 0.8182251 0.8249241 
S0010_G5430_R2_A 0.3902318 0.3786211 0.3531332 0.3774301 0.3705803 0.3658218 0.3823964 0.3536208 0.3670546 0.3702149 0.3723555 0.3833164 0.3762573 0.3829499 0.3754550 0.3691741 0.4042675 0.3722990 0.3989186 0.3853717 0.3832231 0.3987086 0.4448907 0.5656694 0.2223441 0.1947074 0.2138278 0.2085251 0.2338351 0.3386586 0.3305817 0.4598925 0.0091285 0.0000000 0.5217965 0.5239635 0.6499587 0.6479787 0.6040240 0.6172153 0.6260357 0.7655326 0.6507220 0.8205920 0.8176767 0.8727930 0.9093543 0.9632337 1.4240614 0.7979564 0.7953822 0.8241920 0.8207569 0.8344788 0.8089483 0.8129516 0.8204351 0.8270985 
S0015_G5430_R2_A 0.4452594 0.4233227 0.4093447 0.4273563 0.4214731 0.4208801 0.4236085 0.4289867 0.4268842 0.4328008 0.4158674 0.4578210 0.4308052 0.4292662 0.4216016 0.4236113 0.4701044 0.4236920 0.4543429 0.4338720 0.4622599 0.4505980 0.5173801 0.6130887 0.5102937 0.4580893 0.4736929 0.4607233 0.4904112 0.5322346 0.5255415 0.9983797 0.5298783 0.5217965 0.0000000 0.1773853 0.7598292 0.7624154 0.7597274 0.7395623 0.8077151 0.9505950 0.7668210 0.9140439 0.9140439 0.9185760 0.9772905 0.9723589 1.4034427 0.8656041 0.8637063 0.8774383 0.8740039 0.9010512 0.8733023 0.8728984 0.8777943 0.8938800 
S0034_G5430_R2_A 0.4937171 0.4793168 0.4605183 0.4676047 0.4713822 0.4639717 0.4787032 0.4676341 0.4772875 0.4779194 0.4763693 0.5091416 0.4756451 0.4835740 0.4737540 0.4789175 0.5291635 0.4644212 0.5104404 0.4877171 0.5333768 0.4989122 0.5823747 0.6480975 0.5307520 0.4905404 0.4934532 0.4848680 0.5091203 0.5493058 0.5446982 1.0266804 0.5382077 0.5239635 0.1773853 0.0000000 0.7400795 0.7478799 0.7422244 0.7231263 0.7903630 1.0140660 0.8207847 0.8893066 0.8893066 0.9068183 0.9837377 0.9755128 1.3697610 0.9363339 0.9381835 0.9442046 0.9518778 0.9713331 0.9564784 0.9555671 0.9415842 0.9593656 
S0025_G5430_R1_A 0.5689568 0.5264565 0.5320831 0.5270295 0.5307255 0.5310470 0.5344237 0.5280339 0.5336857 0.5313704 0.5532226 0.5533238 0.5415826 0.5623533 0.5124945 0.5250627 0.5774135 0.5418067 0.5462772 0.5394536 0.5394585 0.5518452 0.5884706 0.5774371 0.6618022 0.6086050 0.6774967 0.6200138 0.6300307 0.6161295 0.6114603 1.1836759 0.6444045 0.6499587 0.7598292 0.7400795 0.0000000 0.0327857 0.0743597 0.0863974 0.1191579 0.7492948 0.6141893 0.9546450 0.9508964 0.9775772 1.0470369 1.1715270 1.5639490 0.7530549 0.7548197 0.7702354 0.7601557 0.7716505 0.7675126 0.7770437 0.7594606 0.7549261 
S0029_G5430_R1_A 0.5644139 0.5304708 0.5366668 0.5311481 0.5349358 0.5321792 0.5415654 0.5288621 0.5467375 0.5236517 0.5603177 0.5680521 0.5462435 0.5598573 0.5176135 0.5227766 0.5739946 0.5458337 0.5495530 0.5405449 0.5440358 0.5527505 0.5872810 0.5744171 0.6722867 0.6260948 0.6922930 0.6268450 0.6350203 0.6247330 0.6199148 1.1930252 0.6487026 0.6479787 0.7624154 0.7478799 0.0327857 0.0000000 0.0764137 0.0865281 0.1181107 0.7662271 0.6361210 0.9113600 0.9076778 0.9193057 0.9961921 1.1137705 1.4858939 0.7358849 0.7431278 0.7507466 0.7376588 0.7636917 0.7448840 0.7603910 0.7413078 0.7402799 
S0032_G5430_R1_N 0.5558589 0.5328358 0.5346847 0.5302668 0.5292806 0.5209370 0.5247768 0.5249078 0.5351887 0.5166050 0.5473012 0.5614356 0.5286867 0.5502228 0.5050817 0.5204496 0.5682869 0.5451937 0.5471229 0.5287621 0.5535328 0.5497280 0.5851589 0.5897466 0.6533888 0.6296061 0.6725752 0.6100878 0.6544252 0.5921703 0.5888144 1.1510111 0.6046789 0.6040240 0.7597274 0.7422244 0.0743597 0.0764137 0.0000000 0.0380959 0.0664185 0.7408984 0.6216309 0.9303742 0.9265843 0.9304946 1.0080434 1.1362223 1.4621338 0.7339042 0.7328917 0.7515520 0.7414260 0.7529626 0.7570728 0.7615513 0.7482206 0.7312594 
S0024_G5430_R1_A 0.5562606 0.5386202 0.5435158 0.5330362 0.5313566 0.5267281 0.5402267 0.5287689 0.5448195 0.5249694 0.5559337 0.5602432 0.5286604 0.5504985 0.5168592 0.5308082 0.5720925 0.5490350 0.5530805 0.5364686 0.5690175 0.5543718 0.5822900 0.5914181 0.6516393 0.6055572 0.6716695 0.6132314 0.6469183 0.5797687 0.5752394 1.1396309 0.6178877 0.6172153 0.7395623 0.7231263 0.0863974 0.0865281 0.0380959 0.0000000 0.0900450 0.7675438 0.6556173 0.9246078 0.9208446 0.9341981 1.0014549 1.1470132 1.5018643 0.7291163 0.7335262 0.7465145 0.7311492 0.7533965 0.7464381 0.7507869 0.7431647 0.7294499 
S0001_G5430_R1_A 0.5871221 0.5559256 0.5601940 0.5553527 0.5435923 0.5486214 0.5551027 0.5385055 0.5663270 0.5612352 0.5744728 0.5885264 0.5597646 0.5835879 0.5414451 0.5448809 0.5949256 0.5619664 0.5683939 0.5585198 0.5848325 0.5739456 0.6112480 0.6167744 0.6728054 0.6529016 0.6922159 0.6334459 0.6735410 0.6301992 0.6196562 1.1711278 0.6287701 0.6260357 0.8077151 0.7903630 0.1191579 0.1181107 0.0664185 0.0900450 0.0000000 0.7640031 0.6601764 0.9572215 0.9533688 0.9366900 1.0464326 1.1531113 1.4855026 0.7445744 0.7484738 0.7515697 0.7389500 0.7576606 0.7545001 0.7613305 0.7568346 0.7385382 
S0049_G5430_R1_A 0.7450123 0.7013412 0.7185519 0.7361806 0.7076516 0.7091256 0.7245081 0.6885479 0.7005979 0.6874232 0.6984450 0.7220530 0.7173886 0.6870927 0.7000785 0.7155844 0.7801982 0.7238718 0.7113103 0.7217075 0.7479096 0.7405482 0.7962375 0.8431797 0.8523915 0.8028348 0.8609895 0.8078619 0.8716541 0.7783704 0.7762869 1.2657348 0.7643532 0.7655326 0.9505950 1.0140660 0.7492948 0.7662271 0.7408984 0.7675438 0.7640031 0.0000000 0.7722099 1.1399729 1.1360082 1.1472672 1.2228784 1.3120651 1.5250722 0.8270797 0.8199633 0.8182385 0.8198537 0.8153788 0.8256529 0.8447910 0.8403901 0.8279017 
S0003_G5430_R1_N 0.6125159 0.5922185 0.5831771 0.5946043 0.5951568 0.6007972 0.6046699 0.6032988 0.6094098 0.6007891 0.6129409 0.6321834 0.6151622 0.6040933 0.5868482 0.5898083 0.6274802 0.6054662 0.5988467 0.6105106 0.6113486 0.6163999 0.6390995 0.7136237 0.6965237 0.6474767 0.6772950 0.6940283 0.6779093 0.7056951 0.6983945 1.3379609 0.6626028 0.6507220 0.7668210 0.8207847 0.6141893 0.6361210 0.6216309 0.6556173 0.6601764 0.7722099 0.0000000 1.0282619 1.0282619 1.0246187 1.0826451 1.2101604 1.6166921 0.6340320 0.6151611 0.6209545 0.6104425 0.6174306 0.6232866 0.6355362 0.6315029 0.6411033 
S0030_G5430_R3_A 0.6735744 0.6425655 0.6394694 0.6352188 0.6515764 0.6283214 0.6632113 0.6322502 0.6436976 0.6596385 0.6558608 0.6782618 0.6547688 0.6441822 0.6455789 0.6739417 0.7254998 0.6477997 0.6631489 0.6604866 0.6492441 0.6582872 0.7435051 0.9618705 0.7863440 0.7582934 0.8228425 0.7624489 0.8067309 0.8977879 0.9042752 1.4092990 0.7927468 0.8205920 0.9140439 0.8893066 0.9546450 0.9113600 0.9303742 0.9246078 0.9572215 1.1399729 1.0282619 0.0000000 0.0007889 0.2436065 0.2814274 0.2419957 0.4484948 0.9690876 0.9873702 1.0238654 1.0472086 1.0331500 1.0207432 1.0069314 1.0034800 1.0207135 
S0030_G5430_R4_A 0.6715304 0.6405771 0.6394694 0.6332529 0.6495771 0.6263895 0.6632113 0.6302406 0.6417113 0.6596385 0.6538531 0.6761537 0.6527467 0.6421892 0.6435913 0.6718836 0.7232543 0.6457874 0.6610578 0.6584729 0.6492441 0.6562641 0.7410227 0.9586400 0.7836359 0.7582934 0.8200897 0.7598129 0.8040040 0.8944458 0.9009132 1.4092990 0.7898975 0.8176767 0.9140439 0.8893066 0.9508964 0.9076778 0.9265843 0.9208446 0.9533688 1.1360082 1.0282619 0.0007889 0.0000000 0.2436065 0.2814274 0.2419957 0.4484948 0.9659349 0.9841701 1.0205505 1.0438126 1.0297976 1.0174264 1.0036504 1.0002090 1.0173794 
S0030_G5430_R2_A 0.7438491 0.7187585 0.7030140 0.7177298 0.7078447 0.6993623 0.7123331 0.6981053 0.7006864 0.7187454 0.7217062 0.7311238 0.7260428 0.7132095 0.7204961 0.7400282 0.7668042 0.6920839 0.7234832 0.7202017 0.6616547 0.7251964 0.7475782 0.9827320 0.8259069 0.8203592 0.8828052 0.8043099 0.8914947 0.9543609 0.9536456 1.3665067 0.8480780 0.8727930 0.9185760 0.9068183 0.9775772 0.9193057 0.9304946 0.9341981 0.9366900 1.1472672 1.0246187 0.2436065 0.2436065 0.0000000 0.1237141 0.2836380 0.5785048 1.0640071 1.0751028 1.1042014 1.1138367 1.1177654 1.0920013 1.0892322 1.0812230 1.1070522 
S0050_G5430_R1_A 0.8002238 0.7813193 0.7729392 0.7635311 0.7617263 0.7501319 0.7660383 0.7448446 0.7547960 0.7742960 0.7786345 0.8115389 0.7837934 0.7618305 0.7775660 0.8140339 0.8344580 0.7592554 0.7979757 0.7817693 0.6675014 0.8007908 0.7818185 1.0601453 0.8599952 0.8887188 0.9115798 0.8437631 0.9190969 1.0674054 1.0639020 1.3670693 0.8768163 0.9093543 0.9772905 0.9837377 1.0470369 0.9961921 1.0080434 1.0014549 1.0464326 1.2228784 1.0826451 0.2814274 0.2814274 0.1237141 0.0000000 0.2934686 0.5932434 1.0391488 1.0532160 1.0874569 1.1115350 1.0987213 1.0663225 1.0632909 1.0729552 1.0773769 
S0050_G5430_R3_A 0.8157144 0.7943802 0.7826436 0.8083141 0.7924878 0.7749619 0.7959649 0.7801330 0.7716820 0.8049265 0.7934375 0.8204249 0.7984643 0.8017476 0.8031403 0.8066427 0.8319138 0.7921621 0.7871475 0.7958403 0.7584702 0.7997333 0.8091782 1.0714350 0.9118220 0.8813856 0.9714206 0.8802197 0.9825372 0.9605909 0.9590611 1.4158486 0.9331728 0.9632337 0.9723589 0.9755128 1.1715270 1.1137705 1.1362223 1.1470132 1.1531113 1.3120651 1.2101604 0.2419957 0.2419957 0.2836380 0.2934686 0.0000000 0.2281208 1.1066186 1.1068936 1.1409351 1.1753514 1.1676176 1.1528502 1.1400327 1.1270289 1.1451409 
S0050_G5430_R4_A 1.1148823 1.1219776 1.0730151 1.1241557 1.0819007 1.0673579 1.1216141 1.0665989 1.0892553 1.1072297 1.0894422 1.1022749 1.1016313 1.1187938 1.1055134 1.0974292 1.1058234 1.0790207 1.1060839 1.0867556 1.0796821 1.0936464 1.1405275 1.5548122 1.3183304 1.3449914 1.3732072 1.3005718 1.4018414 1.3136338 1.3032984 1.7325284 1.3893195 1.4240614 1.4034427 1.3697610 1.5639490 1.4858939 1.4621338 1.5018643 1.4855026 1.5250722 1.6166921 0.4484948 0.4484948 0.5785048 0.5932434 0.2281208 0.0000000 1.4338056 1.4366503 1.4729902 1.5145711 1.5236674 1.4954695 1.4682493 1.4541454 1.4998498 
S0041_G5430_R1_N 0.6090368 0.5995628 0.5957069 0.5992422 0.5896564 0.5930367 0.6148635 0.5910139 0.6077294 0.6047649 0.5823051 0.6516051 0.5971856 0.6103729 0.5995183 0.5874414 0.7126007 0.5905535 0.6114724 0.6049734 0.6371961 0.6370801 0.6883474 0.8177999 0.8225336 0.8223266 0.7715148 0.7934718 0.8087761 0.9535580 0.9413946 1.3961557 0.7956628 0.7979564 0.8656041 0.9363339 0.7530549 0.7358849 0.7339042 0.7291163 0.7445744 0.8270797 0.6340320 0.9690876 0.9659349 1.0640071 1.0391488 1.1066186 1.4338056 0.0000000 0.0143626 0.0323010 0.0339377 0.0363269 0.0307574 0.0268396 0.0238642 0.0351653 
S0043_G5430_R1_N 0.6142171 0.5960254 0.6017854 0.6012043 0.5928038 0.5962057 0.6181375 0.5942399 0.6109938 0.6079936 0.5854115 0.6475257 0.5970223 0.6155265 0.6027122 0.5882759 0.7138694 0.5937153 0.6147872 0.6081846 0.6458280 0.6366271 0.6887371 0.8139795 0.8384749 0.8270590 0.7859992 0.8087413 0.8214233 0.9477261 0.9255182 1.4104203 0.7930764 0.7953822 0.8637063 0.9381835 0.7548197 0.7431278 0.7328917 0.7335262 0.7484738 0.8199633 0.6151611 0.9873702 0.9841701 1.0751028 1.0532160 1.1068936 1.4366503 0.0143626 0.0000000 0.0322626 0.0346859 0.0354928 0.0322887 0.0260299 0.0238224 0.0367204 
S0044_G5430_R1_N 0.6294164 0.6146196 0.6173245 0.6178580 0.6073798 0.6127537 0.6350234 0.6057216 0.6278990 0.6281741 0.6017573 0.6772565 0.6155779 0.6325850 0.6155783 0.6097391 0.7337863 0.6102503 0.6319195 0.6248378 0.6436389 0.6591728 0.6902466 0.8098923 0.8455769 0.8585772 0.8058695 0.8217120 0.8353893 0.9756500 0.9529466 1.4259420 0.8220192 0.8241920 0.8774383 0.9442046 0.7702354 0.7507466 0.7515520 0.7465145 0.7515697 0.8182385 0.6209545 1.0238654 1.0205505 1.1042014 1.0874569 1.1409351 1.4729902 0.0323010 0.0322626 0.0000000 0.0113189 0.0307264 0.0291179 0.0244429 0.0333470 0.0294827 
S0045_G5430_R1_A 0.6323112 0.6174347 0.6221656 0.6206905 0.6101591 0.6155604 0.6379218 0.6115831 0.6307900 0.6310469 0.6045088 0.6804404 0.6184165 0.6337507 0.6183899 0.6125298 0.7294126 0.6130511 0.6313418 0.6276806 0.6463401 0.6637887 0.6905934 0.8029475 0.8426808 0.8521187 0.8006110 0.8162329 0.8250291 0.9772985 0.9545417 1.4094335 0.8185687 0.8207569 0.8740039 0.9518778 0.7601557 0.7376588 0.7414260 0.7311492 0.7389500 0.8198537 0.6104425 1.0472086 1.0438126 1.1138367 1.1115350 1.1753514 1.5145711 0.0339377 0.0346859 0.0113189 0.0000000 0.0347201 0.0283907 0.0252679 0.0373910 0.0335109 
S0042_G5430_R1_N 0.6335381 0.6167502 0.6153052 0.6201598 0.6077871 0.6099987 0.6316992 0.6095938 0.6283800 0.6233435 0.5987872 0.6680998 0.6175690 0.6348446 0.6126136 0.6067671 0.7295415 0.6086722 0.6215466 0.6235853 0.6463216 0.6641021 0.6961319 0.8244737 0.8557577 0.8601970 0.8064512 0.8382104 0.8426650 0.9836969 0.9639287 1.4539422 0.8323386 0.8344788 0.9010512 0.9713331 0.7716505 0.7636917 0.7529626 0.7533965 0.7576606 0.8153788 0.6174306 1.0331500 1.0297976 1.1177654 1.0987213 1.1676176 1.5236674 0.0363269 0.0354928 0.0307264 0.0347201 0.0000000 0.0283344 0.0252173 0.0382093 0.0351019 
S0038_G5430_R1_A 0.6286749 0.6119654 0.6125125 0.6130746 0.6030371 0.6084055 0.6306900 0.6028615 0.6235272 0.6155245 0.5974191 0.6627604 0.6127495 0.6281952 0.6149920 0.6037117 0.7271093 0.6036381 0.6240043 0.6205177 0.6337070 0.6534548 0.6801916 0.8153522 0.8331490 0.8371599 0.7966421 0.8208092 0.8135557 0.9702426 0.9475525 1.4079865 0.8066925 0.8089483 0.8733023 0.9564784 0.7675126 0.7448840 0.7570728 0.7464381 0.7545001 0.8256529 0.6232866 1.0207432 1.0174264 1.0920013 1.0663225 1.1528502 1.4954695 0.0307574 0.0322887 0.0291179 0.0283907 0.0283344 0.0000000 0.0182498 0.0325809 0.0319205 
S0040_G5430_R1_N 0.6307711 0.6177262 0.6203776 0.6192828 0.6069088 0.6091861 0.6346557 0.6086960 0.6293880 0.6243340 0.6012664 0.6694800 0.6132498 0.6322031 0.6154890 0.6042039 0.7276834 0.6097884 0.6256438 0.6262915 0.6513590 0.6614148 0.6978548 0.8235193 0.8406924 0.8546515 0.7991628 0.8228706 0.8282434 0.9760074 0.9532339 1.3924102 0.8107150 0.8129516 0.8728984 0.9555671 0.7770437 0.7603910 0.7615513 0.7507869 0.7613305 0.8447910 0.6355362 1.0069314 1.0036504 1.0892322 1.0632909 1.1400327 1.4682493 0.0268396 0.0260299 0.0244429 0.0252679 0.0252173 0.0182498 0.0000000 0.0286254 0.0255537 
S0047_G5430_R1_N 0.6203222 0.6022048 0.6023065 0.6037196 0.5935442 0.6001568 0.6206522 0.5948140 0.6134603 0.6105723 0.5859663 0.6540366 0.6053067 0.6182083 0.6018503 0.5938746 0.7134023 0.5961587 0.6192114 0.6058012 0.6397613 0.6400845 0.6657771 0.8233101 0.8523220 0.8601359 0.8086231 0.8268598 0.8361347 0.9827056 0.9596513 1.4675185 0.8182251 0.8204351 0.8777943 0.9415842 0.7594606 0.7413078 0.7482206 0.7431647 0.7568346 0.8403901 0.6315029 1.0034800 1.0002090 1.0812230 1.0729552 1.1270289 1.4541454 0.0238642 0.0238224 0.0333470 0.0373910 0.0382093 0.0325809 0.0286254 0.0000000 0.0378670 
S0045_G5430_R2_A 0.6448097 0.6286587 0.6290982 0.6283436 0.6209959 0.6268227 0.6470132 0.6198270 0.6353752 0.6344630 0.6132368 0.6851014 0.6304512 0.6461556 0.6296536 0.6251905 0.7544162 0.6240060 0.6467738 0.6372184 0.6644197 0.6755136 0.6955300 0.8328881 0.8554660 0.8548682 0.8074003 0.8321604 0.8352457 0.9648129 0.9453774 1.4329538 0.8249241 0.8270985 0.8938800 0.9593656 0.7549261 0.7402799 0.7312594 0.7294499 0.7385382 0.8279017 0.6411033 1.0207135 1.0173794 1.1070522 1.0773769 1.1451409 1.4998498 0.0351653 0.0367204 0.0294827 0.0335109 0.0351019 0.0319205 0.0255537 0.0378670 0.0000000 
