75
S0015_G5463_R1_A 0.0000000 0.0000010 0.1570475 0.2022834 0.2163781 0.2232895 0.2187909 0.2158309 0.2206065 0.2661523 0.2821072 0.2391562 0.2963205 0.3004571 0.3036885 0.3250252 0.3096172 0.3109383 0.3190488 0.3050338 0.3108708 0.3157502 0.2932990 0.3102281 0.2910684 0.2933014 0.3179365 0.3114647 0.3112360 0.3100817 0.3117862 0.3129472 0.3066494 0.3068814 0.3144276 0.3102594 0.3164953 0.3191452 0.3107903 0.3044801 0.3094379 0.3107117 0.3174445 0.3453879 0.3355076 0.3357303 0.3286529 0.3262626 0.3156060 0.3123341 0.3043840 0.6129395 0.6331068 0.6824712 0.6284235 0.6106114 0.7289482 0.5248942 0.5248691 0.5204106 0.5422173 0.5470284 0.3675558 0.4909990 0.7653570 0.7657309 0.7856413 0.7496740 0.7594959 0.7751960 0.7582400 0.7557995 0.8101776 0.7963059 0.9099607 
S0015_G5463_R2_A 0.0000010 0.0000000 0.1535576 0.1996972 0.2244288 0.2245078 0.2197281 0.2197281 0.2245078 0.2662993 0.2730391 0.2246351 0.3002872 0.3094276 0.3042126 0.3249800 0.3123016 0.3136891 0.3261287 0.3033768 0.3173572 0.3187812 0.2907963 0.3081316 0.2849388 0.2951861 0.3221318 0.3094255 0.3131570 0.3141040 0.3102473 0.3176050 0.3048260 0.3091405 0.3173944 0.3108016 0.3212089 0.3259938 0.3109998 0.3007734 0.3141150 0.3030213 0.3165855 0.3461373 0.3378947 0.3279635 0.3289356 0.3289356 0.3141362 0.3083527 0.3088651 0.5768199 0.5935952 0.6128717 0.5655104 0.5603960 0.7251498 0.4864924 0.4861070 0.4823132 0.5057459 0.4977314 0.3675558 0.5130110 0.7666027 0.7724939 0.7864671 0.7532614 0.7662720 0.7757186 0.7638470 0.7561354 0.8183875 0.8022394 0.8833543 
S0034_G5463_R1_A 0.1570475 0.1535576 0.0000000 0.2074871 0.2424836 0.2562266 0.2513791 0.2540070 0.2592003 0.2731800 0.3067104 0.2730987 0.3292612 0.3373870 0.3371520 0.3579588 0.3482747 0.3362318 0.3508738 0.3252723 0.3343517 0.3541113 0.3219930 0.3363412 0.3231796 0.3339679 0.3516281 0.3424680 0.3510013 0.3385681 0.3423880 0.3517939 0.3315141 0.3358994 0.3352920 0.3338192 0.3461007 0.3425679 0.3353475 0.3254846 0.3337055 0.3379592 0.3498080 0.3462209 0.3733703 0.3653304 0.3427067 0.3429078 0.2999095 0.3239429 0.3221738 0.6487863 0.6837142 0.7091771 0.6677040 0.6662577 0.7239015 0.5815379 0.5787452 0.5747750 0.5846603 0.6043549 0.4271727 0.4851645 0.7624226 0.7701579 0.7700065 0.7586680 0.7584938 0.7780360 0.7540571 0.7632748 0.8257145 0.8001568 0.9316406 
S0027_G5463_R1_A 0.2022834 0.1996972 0.2074871 0.0000000 0.1621107 0.1808447 0.1794992 0.1820766 0.1835034 0.1849724 0.2508406 0.2214384 0.2500477 0.2543800 0.2516771 0.2566299 0.2585273 0.2477482 0.2597087 0.2276206 0.2375797 0.2603517 0.2378875 0.2469723 0.2428084 0.2494252 0.2576516 0.2535764 0.2510520 0.2470009 0.2468883 0.2564774 0.2510398 0.2533472 0.2440070 0.2454716 0.2552841 0.2466197 0.2381457 0.2516091 0.2610377 0.2451590 0.2522354 0.2772341 0.3068587 0.3002791 0.2402030 0.2385309 0.2295869 0.2433144 0.2437766 0.5735539 0.5831679 0.6511347 0.5834084 0.5787996 0.6191629 0.3774836 0.3784855 0.3726780 0.3855469 0.4000181 0.2387456 0.4204854 0.6979850 0.6893915 0.6930016 0.6942100 0.6806315 0.6921549 0.6890655 0.6908611 0.7460709 0.7213566 0.8446140 
S0008_G5463_R1_A 0.2163781 0.2244288 0.2424836 0.1621107 0.0000000 0.2011950 0.1968861 0.2009898 0.2056086 0.2693458 0.2795139 0.2352257 0.2523305 0.2575600 0.2475859 0.2666309 0.2484226 0.2468990 0.2591258 0.2337122 0.2395829 0.2681261 0.2357358 0.2403660 0.2364524 0.2392003 0.2572433 0.2493506 0.2492882 0.2418918 0.2526036 0.2562231 0.2547993 0.2584429 0.2420619 0.2472495 0.2578198 0.2451029 0.2425130 0.2325579 0.2376645 0.2346075 0.2612132 0.2747754 0.3087031 0.3009263 0.2636638 0.2621954 0.2158291 0.2233534 0.2195019 0.5614390 0.5773613 0.6344503 0.5573656 0.5389900 0.6132658 0.5059161 0.5147726 0.5048709 0.5322770 0.5537171 0.3665906 0.4334443 0.7130334 0.7079970 0.7340180 0.7082672 0.7028341 0.7208238 0.7035558 0.7142587 0.7562959 0.7354590 0.8651160 
S0010_G5463_R1_A 0.2232895 0.2245078 0.2562266 0.1808447 0.2011950 0.0000000 0.0030251 0.0032147 0.0000010 0.2536302 0.2546504 0.2116534 0.2693332 0.2850657 0.2723951 0.2843994 0.2794749 0.2627084 0.2734508 0.2632409 0.2695987 0.2897508 0.2656794 0.2649099 0.2709588 0.2781855 0.2789029 0.2679874 0.2698495 0.2749426 0.2758828 0.2828427 0.2787984 0.2910174 0.2592222 0.2678105 0.2776016 0.2723658 0.2680859 0.2729007 0.2799638 0.2766441 0.2838013 0.2952574 0.3208230 0.3127911 0.2876648 0.2957500 0.2616610 0.2583839 0.2628798 0.5829557 0.6034950 0.6647510 0.5728774 0.5677172 0.6574166 0.5240693 0.5262168 0.5102964 0.5310774 0.5591909 0.3623936 0.4593370 0.7353031 0.7046050 0.7384782 0.7065087 0.7125944 0.7116146 0.7290720 0.7032486 0.7696493 0.7418855 0.8633369 
S0009_G5463_R1_A 0.2187909 0.2197281 0.2513791 0.1794992 0.1968861 0.0030251 0.0000000 0.0000010 0.0032147 0.2521808 0.2511727 0.2080850 0.2679046 0.2834620 0.2709715 0.2829599 0.2780483 0.2613028 0.2718396 0.2618324 0.2679932 0.2883111 0.2642642 0.2618584 0.2695290 0.2765632 0.2772668 0.2665520 0.2684184 0.2715751 0.2744402 0.2812012 0.2773609 0.2894377 0.2578152 0.2663981 0.2759831 0.2707964 0.2666718 0.2698383 0.2764704 0.2752121 0.2823577 0.2920860 0.3191173 0.3112868 0.2861803 0.2941686 0.2601476 0.2569451 0.2613340 0.5805489 0.6010567 0.6621029 0.5765983 0.5714215 0.6577977 0.5217037 0.5238300 0.5079140 0.5286785 0.5595758 0.3595765 0.4599983 0.7328834 0.6989422 0.7326434 0.7008261 0.7068860 0.7059170 0.7232926 0.6975980 0.7667657 0.7349248 0.8601916 
S0009_G5463_R2_A 0.2158309 0.2197281 0.2540070 0.1820766 0.2009898 0.0032147 0.0000010 0.0000000 0.0032147 0.2560871 0.2598565 0.2115027 0.2753809 0.2834620 0.2768772 0.2879732 0.2862191 0.2681971 0.2718396 0.2653187 0.2679932 0.2972811 0.2714141 0.2668387 0.2715359 0.2765632 0.2772668 0.2717758 0.2756248 0.2715751 0.2803346 0.2812012 0.2855504 0.2894377 0.2644771 0.2736797 0.2759831 0.2707964 0.2739820 0.2736063 0.2764704 0.2771671 0.2891426 0.2996713 0.3191173 0.3147609 0.2945704 0.2945704 0.2660972 0.2611293 0.2613340 0.5553279 0.5730624 0.6051443 0.5253271 0.5326250 0.6629475 0.4739705 0.4757528 0.4600556 0.4859023 0.5040836 0.3595765 0.4599983 0.7352875 0.6970304 0.7280482 0.6990467 0.7143998 0.7062238 0.7213558 0.6920387 0.7667657 0.7349248 0.8540539 
S0010_G5463_R2_A 0.2206065 0.2245078 0.2592003 0.1835034 0.2056086 0.0000010 0.0032147 0.0032147 0.0000000 0.2576354 0.2636290 0.2153740 0.2769125 0.2850657 0.2784009 0.2895129 0.2877483 0.2697023 0.2734508 0.2668231 0.2695987 0.2988253 0.2729304 0.2701056 0.2730605 0.2781855 0.2789029 0.2733104 0.2771574 0.2749426 0.2818779 0.2828427 0.2870922 0.2910174 0.2659839 0.2751927 0.2776016 0.2723658 0.2754970 0.2768794 0.2799638 0.2786917 0.2906892 0.3030803 0.3208230 0.3163702 0.2961540 0.2961540 0.2677272 0.2626653 0.2628798 0.5578769 0.5756404 0.6079078 0.5215625 0.5288094 0.6625394 0.4764298 0.4782351 0.4625126 0.4883788 0.5037265 0.3623936 0.4593370 0.7378959 0.7031038 0.7342867 0.7051439 0.7205787 0.7123562 0.7275663 0.6980811 0.7696493 0.7418855 0.8574048 
S0014_G5463_R1_A 0.2661523 0.2662993 0.2731800 0.1849724 0.2693458 0.2536302 0.2521808 0.2560871 0.2576354 0.0000000 0.2840634 0.2642243 0.3159182 0.3253455 0.3178021 0.3302692 0.3305229 0.3303419 0.3470198 0.3086731 0.3241623 0.3331102 0.3082653 0.3163675 0.3048098 0.3138837 0.3217142 0.3119955 0.3231574 0.3224853 0.3234986 0.3338759 0.3282689 0.3332260 0.3141681 0.3088676 0.3202614 0.3219433 0.3152498 0.3045576 0.3191606 0.3176864 0.3115709 0.3406087 0.3688930 0.3607552 0.3137860 0.3165144 0.2934129 0.3014369 0.3036929 0.6271344 0.6601899 0.7213716 0.6618308 0.6381637 0.7097944 0.5333406 0.5375831 0.5303515 0.5463280 0.5710196 0.3807501 0.4608586 0.7643439 0.7476536 0.7542932 0.7313561 0.7573481 0.7564486 0.7603507 0.7390172 0.8057558 0.7861213 0.9557424 
S0039_G5463_R1_A 0.2821072 0.2730391 0.3067104 0.2508406 0.2795139 0.2546504 0.2511727 0.2598565 0.2636290 0.2840634 0.0000000 0.0100244 0.3156460 0.3224818 0.2925723 0.3196297 0.3070822 0.3055604 0.3088030 0.3017757 0.2999070 0.3269544 0.2849862 0.3048713 0.3017893 0.3038810 0.3102618 0.3088755 0.2968277 0.3067922 0.2975698 0.3001672 0.3002672 0.3015309 0.2888931 0.2990918 0.3013283 0.2908870 0.2982773 0.3052283 0.3051902 0.3179208 0.3165641 0.3158319 0.3375514 0.3365016 0.3401852 0.3457048 0.2849400 0.3159579 0.3186390 0.6259574 0.6490513 0.7269203 0.6314191 0.6314349 0.7053856 0.6759517 0.6918014 0.6786068 0.6780471 0.7139607 0.4883244 0.4907789 0.6799842 0.6669467 0.6605516 0.6415108 0.6614365 0.6654610 0.6634889 0.6671649 0.6898102 0.6472624 1.0471524 
S0051_G5463_R1_A 0.2391562 0.2246351 0.2730987 0.2214384 0.2352257 0.2116534 0.2080850 0.2115027 0.2153740 0.2642243 0.0100244 0.0000000 0.2973920 0.2998796 0.2762966 0.2909231 0.2918483 0.2870699 0.2827131 0.2834883 0.2738150 0.3123409 0.2681994 0.2865606 0.2832379 0.2826008 0.2819124 0.2883932 0.2761157 0.2842545 0.2782664 0.2755864 0.2848789 0.2823547 0.2722320 0.2851802 0.2805255 0.2699903 0.2801583 0.2808551 0.2722673 0.3013271 0.2943849 0.2984212 0.3076595 0.3126685 0.2986545 0.3014849 0.2534381 0.3001129 0.2993377 0.6130864 0.6317898 0.7126067 0.6320308 0.6320441 0.6370149 0.6755325 0.6932050 0.6745835 0.6866888 0.7153533 0.4798247 0.3571851 0.6480383 0.6418492 0.6381932 0.6168273 0.6318296 0.6359862 0.6378013 0.6434640 0.6613755 0.6201236 1.0307291 
S0030_G5463_R1_A 0.2963205 0.3002872 0.3292612 0.2500477 0.2523305 0.2693332 0.2679046 0.2753809 0.2769125 0.3159182 0.3156460 0.2973920 0.0000000 0.0000010 0.0562892 0.0767575 0.0615267 0.0634577 0.0709090 0.0543490 0.0578828 0.0763696 0.0519290 0.0525661 0.0544027 0.0551992 0.0689710 0.0655575 0.0704198 0.0548616 0.0758659 0.0795290 0.0603687 0.0653775 0.0564419 0.0490698 0.0533084 0.0619387 0.0551319 0.0532333 0.0565127 0.0641441 0.0646238 0.0830260 0.1112183 0.1093004 0.1475140 0.1538626 0.1574192 0.1276995 0.1318341 0.5223741 0.5464183 0.6329907 0.5730849 0.5601435 0.6273226 0.5760965 0.5734711 0.5839459 0.5969838 0.6134721 0.3787599 0.4452685 0.5715903 0.5701511 0.5768677 0.5780249 0.5866596 0.5831026 0.5691685 0.5746786 0.5980799 0.5723472 0.7880743 
S0030_G5463_R2_A 0.3004571 0.3094276 0.3373870 0.2543800 0.2575600 0.2850657 0.2834620 0.2834620 0.2850657 0.3253455 0.3224818 0.2998796 0.0000010 0.0000000 0.0584270 0.0822804 0.0678539 0.0698618 0.0709090 0.0575288 0.0578828 0.0841934 0.0571004 0.0555545 0.0552685 0.0551992 0.0689710 0.0687100 0.0740438 0.0555545 0.0788637 0.0795290 0.0652960 0.0652960 0.0621287 0.0539653 0.0533084 0.0621287 0.0595121 0.0562508 0.0565127 0.0612565 0.0700066 0.0905006 0.1112183 0.1105136 0.1590817 0.1590817 0.1698601 0.1337428 0.1337428 0.4917976 0.5109921 0.5718710 0.5179882 0.5163152 0.6295954 0.5115589 0.5082849 0.5188156 0.5371159 0.5372351 0.3787599 0.4452685 0.5866923 0.5838144 0.5874217 0.5926609 0.6039938 0.5995793 0.5810396 0.5859806 0.5980799 0.5723472 0.7874594 
S0016_G5463_R1_A 0.3036885 0.3042126 0.3371520 0.2516771 0.2475859 0.2723951 0.2709715 0.2768772 0.2784009 0.3178021 0.2925723 0.2762966 0.0562892 0.0584270 0.0000000 0.0574250 0.0382957 0.0406695 0.0425827 0.0521388 0.0529746 0.0529232 0.0446426 0.0472969 0.0503336 0.0482847 0.0567562 0.0568612 0.0617701 0.0468745 0.0671173 0.0671858 0.0530039 0.0550944 0.0500943 0.0457822 0.0471874 0.0514744 0.0487830 0.0479112 0.0481417 0.0566992 0.0572506 0.0740559 0.0967217 0.0975677 0.1463448 0.1512375 0.1581602 0.1197434 0.1206115 0.5200776 0.5412600 0.6376448 0.5767312 0.5519339 0.6243631 0.6041958 0.6017532 0.6068352 0.6226545 0.6436092 0.4058739 0.4618079 0.5689400 0.5596498 0.5696066 0.5659226 0.5696361 0.5733070 0.5646372 0.5674264 0.5796026 0.5518738 0.7952520 
S0037_G5463_R1_A 0.3250252 0.3249800 0.3579588 0.2566299 0.2666309 0.2843994 0.2829599 0.2879732 0.2895129 0.3302692 0.3196297 0.2909231 0.0767575 0.0822804 0.0574250 0.0000000 0.0600966 0.0602754 0.0660848 0.0746885 0.0797291 0.0699716 0.0719516 0.0675346 0.0772902 0.0820764 0.0824430 0.0786053 0.0827558 0.0688434 0.0872505 0.0924040 0.0732605 0.0771144 0.0692454 0.0701127 0.0760798 0.0737463 0.0689026 0.0711504 0.0755568 0.0763115 0.0810082 0.0977261 0.1270172 0.1234338 0.1671843 0.1734392 0.1806708 0.1387373 0.1410220 0.5403735 0.5626257 0.6211137 0.5824603 0.5637847 0.6431617 0.6150833 0.6158792 0.6179539 0.6274438 0.6537760 0.4203355 0.4601469 0.5924538 0.6016646 0.6023948 0.5971611 0.6055791 0.6016446 0.5875943 0.5978546 0.6299509 0.6065769 0.8176491 
S0031_G5463_R1_A 0.3096172 0.3123016 0.3482747 0.2585273 0.2484226 0.2794749 0.2780483 0.2862191 0.2877483 0.3305229 0.3070822 0.2918483 0.0615267 0.0678539 0.0382957 0.0600966 0.0000000 0.0422336 0.0479236 0.0603599 0.0659420 0.0339817 0.0526098 0.0522259 0.0618078 0.0647076 0.0661808 0.0619730 0.0650113 0.0545235 0.0715637 0.0759584 0.0611781 0.0663277 0.0540247 0.0517892 0.0576484 0.0593454 0.0537834 0.0539344 0.0585316 0.0608986 0.0646007 0.0771906 0.1059210 0.1033902 0.1503901 0.1569877 0.1616025 0.1191210 0.1226669 0.5300107 0.5425593 0.6270451 0.5712048 0.5518528 0.6122455 0.5713582 0.5717652 0.5827659 0.5985726 0.6152083 0.3836568 0.4519614 0.5812669 0.5774263 0.5866854 0.5855077 0.5916796 0.5931611 0.5665267 0.5820918 0.6103451 0.5692872 0.8104391 
S0004_G5463_R1_A 0.3109383 0.3136891 0.3362318 0.2477482 0.2468990 0.2627084 0.2613028 0.2681971 0.2697023 0.3303419 0.3055604 0.2870699 0.0634577 0.0698618 0.0406695 0.0602754 0.0422336 0.0000000 0.0000010 0.0582993 0.0635071 0.0577840 0.0537051 0.0534173 0.0585010 0.0609424 0.0672394 0.0629840 0.0690968 0.0557782 0.0692144 0.0732274 0.0601737 0.0651492 0.0560663 0.0528875 0.0587823 0.0614863 0.0548488 0.0539869 0.0585018 0.0617260 0.0666140 0.0758911 0.1169229 0.1132716 0.1516080 0.1581789 0.1650266 0.1257930 0.1297681 0.5241292 0.5481038 0.6234471 0.5774214 0.5528809 0.6189959 0.5890148 0.5864911 0.5944583 0.6100943 0.6233550 0.3994795 0.4602828 0.5812846 0.5760511 0.5875393 0.5863273 0.5900931 0.5938790 0.5698763 0.5829584 0.6098478 0.5732037 0.8084045 
S0004_G5463_R2_A 0.3190488 0.3261287 0.3508738 0.2597087 0.2591258 0.2734508 0.2718396 0.2718396 0.2734508 0.3470198 0.3088030 0.2827131 0.0709090 0.0709090 0.0425827 0.0660848 0.0479236 0.0000010 0.0000000 0.0638424 0.0638424 0.0655471 0.0608949 0.0582839 0.0616714 0.0616714 0.0679797 0.0679797 0.0737131 0.0582839 0.0738537 0.0738537 0.0671385 0.0671385 0.0636346 0.0588431 0.0588431 0.0636346 0.0598110 0.0588077 0.0588077 0.0605113 0.0745200 0.0852390 0.1187508 0.1187508 0.1660521 0.1660521 0.1799573 0.1315376 0.1315376 0.4710851 0.4901948 0.5313795 0.4991894 0.4846453 0.6129988 0.5206582 0.5174551 0.5243252 0.5463340 0.5432787 0.3994795 0.4602828 0.6041352 0.5965926 0.6058584 0.6086292 0.6147715 0.6188597 0.5876174 0.6016120 0.6098478 0.5732037 0.7937594 
S0021_G5463_R1_A 0.3050338 0.3033768 0.3252723 0.2276206 0.2337122 0.2632409 0.2618324 0.2653187 0.2668231 0.3086731 0.3017757 0.2834883 0.0543490 0.0575288 0.0521388 0.0746885 0.0603599 0.0582993 0.0638424 0.0000000 0.0000010 0.0730563 0.0427905 0.0504102 0.0545246 0.0541778 0.0545482 0.0537610 0.0616054 0.0502781 0.0691566 0.0707691 0.0552266 0.0575491 0.0532434 0.0458869 0.0485320 0.0561354 0.0508975 0.0510504 0.0528903 0.0557431 0.0584344 0.0727690 0.1013655 0.1015999 0.1434565 0.1468610 0.1501230 0.1153489 0.1185469 0.5057268 0.5291077 0.6039529 0.5534457 0.5376942 0.5982401 0.5563322 0.5526243 0.5626037 0.5723784 0.5916071 0.3760973 0.4489962 0.5599071 0.5622554 0.5738243 0.5674676 0.5659811 0.5722894 0.5538974 0.5641211 0.5839033 0.5539333 0.7642023 
S0021_G5463_R2_A 0.3108708 0.3173572 0.3343517 0.2375797 0.2395829 0.2695987 0.2679932 0.2679932 0.2695987 0.3241623 0.2999070 0.2738150 0.0578828 0.0578828 0.0529746 0.0797291 0.0659420 0.0635071 0.0638424 0.0000010 0.0000000 0.0802515 0.0459608 0.0522546 0.0545367 0.0545367 0.0548537 0.0548537 0.0636718 0.0522546 0.0709933 0.0709933 0.0588619 0.0588619 0.0577937 0.0494610 0.0485320 0.0577937 0.0527484 0.0528903 0.0528903 0.0534779 0.0624977 0.0787857 0.1023718 0.1023718 0.1533114 0.1533114 0.1600910 0.1190622 0.1190622 0.4556707 0.4742041 0.5157135 0.4784695 0.4732440 0.5923614 0.4944356 0.4901685 0.5003690 0.5152252 0.5183606 0.3760973 0.4489962 0.5769318 0.5783394 0.5876891 0.5843817 0.5842679 0.5912589 0.5669418 0.5775195 0.5839033 0.5539333 0.7478353 
S0018_G5463_R1_A 0.3157502 0.3187812 0.3541113 0.2603517 0.2681261 0.2897508 0.2883111 0.2972811 0.2988253 0.3331102 0.3269544 0.3123409 0.0763696 0.0841934 0.0529232 0.0699716 0.0339817 0.0577840 0.0655471 0.0730563 0.0802515 0.0000000 0.0682966 0.0692628 0.0756437 0.0801887 0.0866822 0.0802260 0.0821509 0.0730213 0.0822716 0.0879730 0.0749880 0.0812810 0.0719090 0.0664822 0.0742952 0.0789797 0.0684696 0.0676268 0.0739348 0.0768960 0.0763076 0.0935006 0.1302437 0.1251608 0.1698979 0.1776715 0.1699775 0.1390998 0.1440396 0.5450505 0.5582705 0.6308358 0.5762801 0.5572633 0.6566061 0.6160918 0.6168670 0.6286582 0.6446321 0.6613264 0.4104839 0.4248730 0.5764728 0.5747576 0.5803574 0.5774034 0.5794479 0.5831549 0.5640874 0.5793176 0.6039056 0.5694219 0.7905822 
S0023_G5463_R1_A 0.2932990 0.2907963 0.3219930 0.2378875 0.2357358 0.2656794 0.2642642 0.2714141 0.2729304 0.3082653 0.2849862 0.2681994 0.0519290 0.0571004 0.0446426 0.0719516 0.0526098 0.0537051 0.0608949 0.0427905 0.0459608 0.0682966 0.0000000 0.0428599 0.0429563 0.0435589 0.0530107 0.0503272 0.0625527 0.0443050 0.0645975 0.0680051 0.0466048 0.0503915 0.0518878 0.0385317 0.0424491 0.0568778 0.0444586 0.0435856 0.0467561 0.0501837 0.0528338 0.0713132 0.0987291 0.0969835 0.1367744 0.1423616 0.1440396 0.1165440 0.1198330 0.5213891 0.5452765 0.6358371 0.5775215 0.5529714 0.6191515 0.5889719 0.5864576 0.5970379 0.6099702 0.6263131 0.4054939 0.4581303 0.5657092 0.5668796 0.5689393 0.5675410 0.5667156 0.5626403 0.5518713 0.5690387 0.5910564 0.5519304 0.7832038 
S0019_G5463_R1_A 0.3102281 0.3081316 0.3363412 0.2469723 0.2403660 0.2649099 0.2618584 0.2668387 0.2701056 0.3163675 0.3048713 0.2865606 0.0525661 0.0555545 0.0472969 0.0675346 0.0522259 0.0534173 0.0582839 0.0504102 0.0522546 0.0692628 0.0428599 0.0000000 0.0474955 0.0463161 0.0558453 0.0549433 0.0633107 0.0000010 0.0654110 0.0665416 0.0544493 0.0566905 0.0452600 0.0369167 0.0383691 0.0473657 0.0368665 0.0389496 0.0392843 0.0538993 0.0513326 0.0678686 0.1066556 0.1064043 0.1407014 0.1438578 0.1469400 0.1103439 0.1133546 0.5246718 0.5490658 0.6376360 0.5872756 0.5648267 0.6313262 0.5845557 0.5850512 0.5899335 0.5984323 0.6255227 0.3824647 0.4440350 0.5875744 0.5766351 0.5819616 0.5772861 0.5871958 0.5882882 0.5647153 0.5739231 0.6105806 0.5604145 0.8086488 
S0022_G5463_R1_A 0.2910684 0.2849388 0.3231796 0.2428084 0.2364524 0.2709588 0.2695290 0.2715359 0.2730605 0.3048098 0.3017893 0.2832379 0.0544027 0.0552685 0.0503336 0.0772902 0.0618078 0.0585010 0.0616714 0.0545246 0.0545367 0.0756437 0.0429563 0.0474955 0.0000000 0.0000010 0.0581012 0.0590786 0.0674473 0.0448614 0.0708818 0.0738464 0.0553499 0.0565225 0.0577546 0.0502420 0.0511154 0.0587694 0.0480532 0.0513419 0.0508711 0.0579911 0.0586847 0.0786518 0.1119717 0.1112122 0.1513539 0.1550989 0.1584649 0.1213494 0.1210396 0.5333287 0.5578392 0.6437059 0.5857810 0.5527189 0.6377431 0.5902836 0.5877444 0.5953234 0.6046760 0.6249530 0.3838691 0.4668012 0.5776130 0.5884085 0.5953729 0.5912017 0.5903155 0.5941390 0.5748235 0.5904602 0.6074665 0.5794866 0.7964820 
S0022_G5463_R2_A 0.2933014 0.2951861 0.3339679 0.2494252 0.2392003 0.2781855 0.2765632 0.2765632 0.2781855 0.3138837 0.3038810 0.2826008 0.0551992 0.0551992 0.0482847 0.0820764 0.0647076 0.0609424 0.0616714 0.0541778 0.0545367 0.0801887 0.0435589 0.0463161 0.0000010 0.0000000 0.0581012 0.0580395 0.0673701 0.0463161 0.0735836 0.0738464 0.0585551 0.0585551 0.0601192 0.0517013 0.0511154 0.0601192 0.0491803 0.0505902 0.0508711 0.0520985 0.0599886 0.0823999 0.1122989 0.1122989 0.1595124 0.1595124 0.1700007 0.1209639 0.1209639 0.4759444 0.4950791 0.5489683 0.5050110 0.4820626 0.6310015 0.5212681 0.5180501 0.5287087 0.5429242 0.5472709 0.3838691 0.4668012 0.5968492 0.6079307 0.6117722 0.6111612 0.6118700 0.6159296 0.5905431 0.6072273 0.6074665 0.5794866 0.7806990 
S0028_G5463_R2_A 0.3179365 0.3221318 0.3516281 0.2576516 0.2572433 0.2789029 0.2772668 0.2772668 0.2789029 0.3217142 0.3102618 0.2819124 0.0689710 0.0689710 0.0567562 0.0824430 0.0661808 0.0672394 0.0679797 0.0545482 0.0548537 0.0866822 0.0530107 0.0558453 0.0581012 0.0581012 0.0000000 0.0000010 0.0724965 0.0558453 0.0774297 0.0776234 0.0614867 0.0614867 0.0662474 0.0565890 0.0559885 0.0662474 0.0564180 0.0543072 0.0545533 0.0535446 0.0614367 0.0841424 0.1008918 0.1008918 0.1541892 0.1541892 0.1625865 0.1161935 0.1161935 0.5053094 0.5291133 0.5772162 0.5286166 0.5101793 0.6365109 0.5204121 0.5171668 0.5343648 0.5357687 0.5531365 0.4006523 0.4765182 0.5955089 0.5980832 0.6033375 0.6073373 0.6134164 0.6174603 0.5895331 0.6003907 0.6047892 0.5786651 0.7778558 
S0028_G5463_R1_A 0.3114647 0.3094255 0.3424680 0.2535764 0.2493506 0.2679874 0.2665520 0.2717758 0.2733104 0.3119955 0.3088755 0.2883932 0.0655575 0.0687100 0.0568612 0.0786053 0.0619730 0.0629840 0.0679797 0.0537610 0.0548537 0.0802260 0.0503272 0.0549433 0.0590786 0.0580395 0.0000010 0.0000000 0.0708905 0.0551439 0.0763758 0.0776234 0.0589096 0.0615164 0.0620925 0.0535112 0.0559885 0.0658366 0.0554957 0.0535872 0.0545533 0.0570756 0.0588644 0.0790021 0.1004875 0.0997492 0.1465090 0.1499460 0.1532521 0.1157585 0.1163610 0.5467389 0.5751087 0.6581638 0.5960900 0.5674109 0.6312558 0.5834127 0.5808084 0.5978682 0.5942405 0.6278268 0.4006523 0.4765182 0.5786967 0.5821425 0.5902990 0.5901535 0.5939290 0.5977366 0.5762212 0.5867791 0.6047892 0.5786651 0.7805813 
S0050_G5463_R1_A 0.3112360 0.3131570 0.3510013 0.2510520 0.2492882 0.2698495 0.2684184 0.2756248 0.2771574 0.3231574 0.2968277 0.2761157 0.0704198 0.0740438 0.0617701 0.0827558 0.0650113 0.0690968 0.0737131 0.0616054 0.0636718 0.0821509 0.0625527 0.0633107 0.0674473 0.0673701 0.0724965 0.0708905 0.0000000 0.0630623 0.0248583 0.0245556 0.0743958 0.0771288 0.0650684 0.0585091 0.0604616 0.0679373 0.0604500 0.0606958 0.0625361 0.0673764 0.0672218 0.0864697 0.1185879 0.1183170 0.1567985 0.1637079 0.1721594 0.1307068 0.1323224 0.5307494 0.5522006 0.6397351 0.5883669 0.5550051 0.6511562 0.5847755 0.5910183 0.6070662 0.6149821 0.6256205 0.4022586 0.4584542 0.6022963 0.6052528 0.6089525 0.6134997 0.6137023 0.6102726 0.5982426 0.6114554 0.6209762 0.5930234 0.7700585 
S0019_G5463_R2_A 0.3100817 0.3141040 0.3385681 0.2470009 0.2418918 0.2749426 0.2715751 0.2715751 0.2749426 0.3224853 0.3067922 0.2842545 0.0548616 0.0555545 0.0468745 0.0688434 0.0545235 0.0557782 0.0582839 0.0502781 0.0522546 0.0730213 0.0443050 0.0000010 0.0448614 0.0463161 0.0558453 0.0551439 0.0630623 0.0000000 0.0641849 0.0665416 0.0557731 0.0557731 0.0469222 0.0378658 0.0383691 0.0473657 0.0367258 0.0378623 0.0392843 0.0494269 0.0523953 0.0703751 0.1066556 0.1046227 0.1465029 0.1465029 0.1521977 0.1130602 0.1130602 0.4919609 0.5142524 0.5833218 0.5328109 0.5214488 0.6284494 0.5247058 0.5246784 0.5293406 0.5429544 0.5536834 0.3824647 0.4440350 0.5883042 0.5751405 0.5770691 0.5758530 0.5907843 0.5890777 0.5605327 0.5693069 0.6105806 0.5604145 0.8103645 
S0048_G5463_R1_A 0.3117862 0.3102473 0.3423880 0.2468883 0.2526036 0.2758828 0.2744402 0.2803346 0.2818779 0.3234986 0.2975698 0.2782664 0.0758659 0.0788637 0.0671173 0.0872505 0.0715637 0.0692144 0.0738537 0.0691566 0.0709933 0.0822716 0.0645975 0.0654110 0.0708818 0.0735836 0.0774297 0.0763758 0.0248583 0.0641849 0.0000000 0.0000010 0.0754603 0.0782812 0.0683294 0.0605758 0.0627972 0.0703522 0.0604457 0.0617232 0.0625117 0.0705522 0.0714396 0.0853576 0.1237693 0.1204161 0.1537232 0.1604098 0.1673310 0.1316051 0.1332773 0.5262014 0.5495716 0.6358550 0.5853690 0.5604438 0.6627181 0.5880387 0.5885354 0.6009510 0.6152060 0.6258456 0.3937231 0.4365738 0.5941008 0.5970235 0.6006818 0.6051969 0.6054215 0.6020305 0.5900912 0.6031627 0.6176962 0.5929814 0.7712068 
S0048_G5463_R2_A 0.3129472 0.3176050 0.3517939 0.2564774 0.2562231 0.2828427 0.2812012 0.2812012 0.2828427 0.3338759 0.3001672 0.2755864 0.0795290 0.0795290 0.0671858 0.0924040 0.0759584 0.0732274 0.0738537 0.0707691 0.0709933 0.0879730 0.0680051 0.0665416 0.0738464 0.0738464 0.0776234 0.0776234 0.0245556 0.0665416 0.0000010 0.0000000 0.0814417 0.0814417 0.0722401 0.0634907 0.0627972 0.0722401 0.0632454 0.0623809 0.0625117 0.0650382 0.0745406 0.0902816 0.1246025 0.1246025 0.1629103 0.1629103 0.1809851 0.1341694 0.1341694 0.4745721 0.4928750 0.5447733 0.5084981 0.4939108 0.6721848 0.5197652 0.5196705 0.5363690 0.5515437 0.5456392 0.3937231 0.4365738 0.6063465 0.6083747 0.6083709 0.6177664 0.6197633 0.6154341 0.5986847 0.6123000 0.6176962 0.5929814 0.7549564 
S0026_G5463_R1_A 0.3066494 0.3048260 0.3315141 0.2510398 0.2547993 0.2787984 0.2773609 0.2855504 0.2870922 0.3282689 0.3002672 0.2848789 0.0603687 0.0652960 0.0530039 0.0732605 0.0611781 0.0601737 0.0671385 0.0552266 0.0588619 0.0749880 0.0466048 0.0544493 0.0553499 0.0585551 0.0614867 0.0589096 0.0743958 0.0557731 0.0754603 0.0814417 0.0000000 0.0000010 0.0603760 0.0518477 0.0564339 0.0651050 0.0516612 0.0518939 0.0549817 0.0584292 0.0645091 0.0836135 0.1120483 0.1089049 0.1475184 0.1538142 0.1623292 0.1221770 0.1258916 0.5378171 0.5649443 0.6462598 0.5885371 0.5616432 0.6150243 0.6086973 0.6062759 0.6109652 0.6273256 0.6406871 0.4099251 0.4384404 0.5589556 0.5616517 0.5685258 0.5694490 0.5720325 0.5757021 0.5557737 0.5674745 0.5829606 0.5575116 0.8128781 
S0026_G5463_R2_A 0.3068814 0.3091405 0.3358994 0.2533472 0.2584429 0.2910174 0.2894377 0.2894377 0.2910174 0.3332260 0.3015309 0.2823547 0.0653775 0.0652960 0.0550944 0.0771144 0.0663277 0.0651492 0.0671385 0.0575491 0.0588619 0.0812810 0.0503915 0.0566905 0.0565225 0.0585551 0.0614867 0.0615164 0.0771288 0.0557731 0.0782812 0.0814417 0.0000010 0.0000000 0.0653858 0.0560953 0.0564339 0.0651050 0.0558770 0.0538898 0.0549817 0.0552969 0.0687419 0.0895896 0.1120483 0.1108066 0.1560915 0.1560915 0.1732993 0.1253179 0.1253179 0.5133893 0.5388094 0.5981302 0.5427916 0.5264116 0.6151236 0.5644788 0.5615865 0.5660164 0.5876687 0.5846667 0.4099251 0.4384404 0.5635951 0.5653855 0.5691053 0.5739033 0.5782513 0.5819300 0.5573411 0.5689021 0.5829606 0.5575116 0.8165483 
S0036_G5463_R1_A 0.3144276 0.3173944 0.3352920 0.2440070 0.2420619 0.2592222 0.2578152 0.2644771 0.2659839 0.3141681 0.2888931 0.2722320 0.0564419 0.0621287 0.0500943 0.0692454 0.0540247 0.0560663 0.0636346 0.0532434 0.0577937 0.0719090 0.0518878 0.0452600 0.0577546 0.0601192 0.0662474 0.0620925 0.0650684 0.0469222 0.0683294 0.0722401 0.0603760 0.0653858 0.0000000 0.0377095 0.0415360 0.0000010 0.0478585 0.0480029 0.0517633 0.0620090 0.0604504 0.0714831 0.1073522 0.1046933 0.1420126 0.1479886 0.1611612 0.1212603 0.1249169 0.5310598 0.5351627 0.6302349 0.5833447 0.5643233 0.6142235 0.5868393 0.5904607 0.6012474 0.6080175 0.6172173 0.4029606 0.4563472 0.5680660 0.5644053 0.5733457 0.5722229 0.5781760 0.5769985 0.5664142 0.5688862 0.5939345 0.5629872 0.7873434 
S0020_G5463_R1_A 0.3102594 0.3108016 0.3338192 0.2454716 0.2472495 0.2678105 0.2663981 0.2736797 0.2751927 0.3088676 0.2990918 0.2851802 0.0490698 0.0539653 0.0457822 0.0701127 0.0517892 0.0528875 0.0588431 0.0458869 0.0494610 0.0664822 0.0385317 0.0369167 0.0502420 0.0517013 0.0565890 0.0535112 0.0585091 0.0378658 0.0605758 0.0634907 0.0518477 0.0560953 0.0377095 0.0000000 0.0000010 0.0412861 0.0345293 0.0356221 0.0378006 0.0491670 0.0508991 0.0651104 0.1069173 0.1043124 0.1351011 0.1406154 0.1528841 0.1156947 0.1189330 0.5088091 0.5285372 0.6125913 0.5599398 0.5424116 0.6283451 0.5693747 0.5667346 0.5831316 0.5960494 0.6061564 0.3858728 0.4543970 0.5477355 0.5442662 0.5529135 0.5562780 0.5596318 0.5632178 0.5419742 0.5485635 0.5639269 0.5347957 0.7894865 
S0020_G5463_R2_A 0.3164953 0.3212089 0.3461007 0.2552841 0.2578198 0.2776016 0.2759831 0.2759831 0.2776016 0.3202614 0.3013283 0.2805255 0.0533084 0.0533084 0.0471874 0.0760798 0.0576484 0.0587823 0.0588431 0.0485320 0.0485320 0.0742952 0.0424491 0.0383691 0.0511154 0.0511154 0.0559885 0.0559885 0.0604616 0.0383691 0.0627972 0.0627972 0.0564339 0.0564339 0.0415360 0.0000010 0.0000000 0.0415360 0.0356360 0.0368473 0.0368473 0.0452309 0.0553668 0.0716121 0.1072066 0.1072066 0.1457224 0.1457224 0.1640774 0.1187134 0.1187134 0.4505259 0.4650363 0.5157976 0.4763142 0.4690687 0.6195598 0.4966087 0.4932665 0.5129368 0.5279207 0.5216806 0.3858728 0.4543970 0.5608435 0.5555693 0.5616898 0.5695199 0.5749737 0.5788037 0.5512356 0.5576412 0.5639269 0.5347957 0.7725188 
S0036_G5463_R2_A 0.3191452 0.3259938 0.3425679 0.2466197 0.2451029 0.2723658 0.2707964 0.2707964 0.2723658 0.3219433 0.2908870 0.2699903 0.0619387 0.0621287 0.0514744 0.0737463 0.0593454 0.0614863 0.0636346 0.0561354 0.0577937 0.0789797 0.0568778 0.0473657 0.0587694 0.0601192 0.0662474 0.0658366 0.0679373 0.0473657 0.0703522 0.0722401 0.0651050 0.0651050 0.0000010 0.0412861 0.0415360 0.0000000 0.0513304 0.0503414 0.0517633 0.0587529 0.0651964 0.0773934 0.1073522 0.1063667 0.1523867 0.1523867 0.1733585 0.1261519 0.1261519 0.5009905 0.4985638 0.5679462 0.5283402 0.5203534 0.6129052 0.5236626 0.5268090 0.5375122 0.5494074 0.5422090 0.4029606 0.4563472 0.5832912 0.5778947 0.5840005 0.5866511 0.5949082 0.5932458 0.5784881 0.5800227 0.5939345 0.5629872 0.7845298 
S0011_G5463_R1_A 0.3107903 0.3109998 0.3353475 0.2381457 0.2425130 0.2680859 0.2666718 0.2739820 0.2754970 0.3152498 0.2982773 0.2801583 0.0551319 0.0595121 0.0487830 0.0689026 0.0537834 0.0548488 0.0598110 0.0508975 0.0527484 0.0684696 0.0444586 0.0368665 0.0480532 0.0491803 0.0564180 0.0554957 0.0604500 0.0367258 0.0604457 0.0632454 0.0516612 0.0558770 0.0478585 0.0345293 0.0356360 0.0513304 0.0000000 0.0375494 0.0376894 0.0509574 0.0528592 0.0725465 0.1063525 0.1050635 0.1390723 0.1447959 0.1450977 0.1176329 0.1209957 0.5242539 0.5435143 0.6330960 0.5811273 0.5561482 0.6276716 0.5641220 0.5703799 0.5776205 0.5873151 0.6096555 0.3804616 0.4673154 0.5585570 0.5543882 0.5645950 0.5620535 0.5640833 0.5676763 0.5493777 0.5576710 0.5739882 0.5409953 0.7783944 
S0002_G5463_R1_A 0.3044801 0.3007734 0.3254846 0.2516091 0.2325579 0.2729007 0.2698383 0.2736063 0.2768794 0.3045576 0.3052283 0.2808551 0.0532333 0.0562508 0.0479112 0.0711504 0.0539344 0.0539869 0.0588077 0.0510504 0.0528903 0.0676268 0.0435856 0.0389496 0.0513419 0.0505902 0.0543072 0.0535872 0.0606958 0.0378623 0.0617232 0.0623809 0.0518939 0.0538898 0.0480029 0.0356221 0.0368473 0.0503414 0.0375494 0.0000000 0.0000010 0.0533420 0.0519934 0.0705034 0.1057737 0.1056442 0.1423953 0.1483617 0.1473917 0.1146249 0.1151534 0.5288255 0.5530290 0.6326629 0.5755850 0.5588657 0.6110929 0.5823940 0.5828638 0.5965059 0.6084849 0.6164454 0.3960604 0.4531801 0.5657832 0.5661994 0.5725072 0.5688092 0.5725054 0.5761679 0.5553279 0.5587230 0.5971829 0.5618804 0.7821750 
S0002_G5463_R2_A 0.3094379 0.3141150 0.3337055 0.2610377 0.2376645 0.2799638 0.2764704 0.2764704 0.2799638 0.3191606 0.3051902 0.2722673 0.0565127 0.0565127 0.0481417 0.0755568 0.0585316 0.0585018 0.0588077 0.0528903 0.0528903 0.0739348 0.0467561 0.0392843 0.0508711 0.0508711 0.0545533 0.0545533 0.0625361 0.0392843 0.0625117 0.0625117 0.0549817 0.0549817 0.0517633 0.0378006 0.0368473 0.0517633 0.0376894 0.0000010 0.0000000 0.0484354 0.0551031 0.0760595 0.1067040 0.1067040 0.1531238 0.1531238 0.1565468 0.1153437 0.1153437 0.4709101 0.4899211 0.5348635 0.4969384 0.4854790 0.6133987 0.5117135 0.5115686 0.5282987 0.5464426 0.5338631 0.3960604 0.4531801 0.5899527 0.5830003 0.5893102 0.5920481 0.5979931 0.6019323 0.5746297 0.5773051 0.5971829 0.5618804 0.7649213 
S0046_G5463_R1_A 0.3107117 0.3030213 0.3379592 0.2451590 0.2346075 0.2766441 0.2752121 0.2771671 0.2786917 0.3176864 0.3179208 0.3013271 0.0641441 0.0612565 0.0566992 0.0763115 0.0608986 0.0617260 0.0605113 0.0557431 0.0534779 0.0768960 0.0501837 0.0538993 0.0579911 0.0520985 0.0535446 0.0570756 0.0673764 0.0494269 0.0705522 0.0650382 0.0584292 0.0552969 0.0620090 0.0491670 0.0452309 0.0587529 0.0509574 0.0533420 0.0484354 0.0000000 0.0661548 0.0765889 0.1064034 0.1098393 0.1457887 0.1437949 0.1557620 0.1170076 0.1162754 0.5195298 0.5405055 0.6270540 0.5729663 0.5486586 0.6381319 0.5919924 0.5894760 0.5970736 0.6132509 0.6265744 0.3995077 0.4565121 0.5364754 0.5430085 0.5415370 0.5412052 0.5482158 0.5498272 0.5352941 0.5393728 0.5589182 0.5326005 0.7971269 
S0013_G5463_R1_A 0.3174445 0.3165855 0.3498080 0.2522354 0.2612132 0.2838013 0.2823577 0.2891426 0.2906892 0.3115709 0.3165641 0.2943849 0.0646238 0.0700066 0.0572506 0.0810082 0.0646007 0.0666140 0.0745200 0.0584344 0.0624977 0.0763076 0.0528338 0.0513326 0.0586847 0.0599886 0.0614367 0.0588644 0.0672218 0.0523953 0.0714396 0.0745406 0.0645091 0.0687419 0.0604504 0.0508991 0.0553668 0.0651964 0.0528592 0.0519934 0.0551031 0.0661548 0.0000000 0.0802853 0.1122979 0.1102681 0.1489693 0.1540287 0.1522659 0.1243939 0.1269727 0.5425633 0.5673312 0.6442281 0.6058717 0.5869567 0.6421339 0.6045410 0.5989211 0.6169732 0.6231732 0.6398334 0.4136487 0.4743104 0.5658899 0.5727864 0.5771491 0.5760182 0.5823765 0.5860753 0.5623917 0.5726808 0.5943973 0.5673975 0.8218447 
S0017_G5463_R1_A 0.3453879 0.3461373 0.3462209 0.2772341 0.2747754 0.2952574 0.2920860 0.2996713 0.3030803 0.3406087 0.3158319 0.2984212 0.0830260 0.0905006 0.0740559 0.0977261 0.0771906 0.0758911 0.0852390 0.0727690 0.0787857 0.0935006 0.0713132 0.0678686 0.0786518 0.0823999 0.0841424 0.0790021 0.0864697 0.0703751 0.0853576 0.0902816 0.0836135 0.0895896 0.0714831 0.0651104 0.0716121 0.0773934 0.0725465 0.0705034 0.0760595 0.0765889 0.0802853 0.0000000 0.1361900 0.1315948 0.1699954 0.1764832 0.1736504 0.1439082 0.1479307 0.5556161 0.5744420 0.6533845 0.5942781 0.5749717 0.6515298 0.6303570 0.6129198 0.6270900 0.6339123 0.6512838 0.4195509 0.4490792 0.5714590 0.5662983 0.5658242 0.5718483 0.5821706 0.5859017 0.5605236 0.5733690 0.5949436 0.5564906 0.8095700 
S0012_G5463_R2_A 0.3355076 0.3378947 0.3733703 0.3068587 0.3087031 0.3208230 0.3191173 0.3191173 0.3208230 0.3688930 0.3375514 0.3076595 0.1112183 0.1112183 0.0967217 0.1270172 0.1059210 0.1169229 0.1187508 0.1013655 0.1023718 0.1302437 0.0987291 0.1066556 0.1119717 0.1122989 0.1008918 0.1004875 0.1185879 0.1066556 0.1237693 0.1246025 0.1120483 0.1120483 0.1073522 0.1069173 0.1072066 0.1073522 0.1063525 0.1057737 0.1067040 0.1064034 0.1122979 0.1361900 0.0000000 0.0000010 0.1886688 0.1886688 0.2076643 0.1676457 0.1676457 0.5136422 0.5279471 0.5696244 0.5181443 0.5202854 0.6559091 0.5743909 0.5850454 0.5863028 0.6153246 0.6028270 0.4582685 0.4661947 0.6208337 0.6293851 0.6229017 0.6268336 0.6302989 0.6328667 0.6144841 0.6256225 0.6355450 0.6058944 0.8469243 
S0012_G5463_R1_A 0.3357303 0.3279635 0.3653304 0.3002791 0.3009263 0.3127911 0.3112868 0.3147609 0.3163702 0.3607552 0.3365016 0.3126685 0.1093004 0.1105136 0.0975677 0.1234338 0.1033902 0.1132716 0.1187508 0.1015999 0.1023718 0.1251608 0.0969835 0.1064043 0.1112122 0.1122989 0.1008918 0.0997492 0.1183170 0.1046227 0.1204161 0.1246025 0.1089049 0.1108066 0.1046933 0.1043124 0.1072066 0.1063667 0.1050635 0.1056442 0.1067040 0.1098393 0.1102681 0.1315948 0.0000010 0.0000000 0.1805438 0.1831978 0.1995089 0.1690025 0.1675054 0.5746354 0.5920686 0.6665954 0.6051658 0.5953310 0.6624390 0.6389755 0.6499033 0.6473010 0.6785424 0.6831022 0.4582685 0.4661947 0.6046060 0.6132871 0.6114136 0.6111076 0.6125644 0.6151015 0.6018568 0.6127888 0.6355450 0.6058944 0.8525570 
S0035_G5463_R1_A 0.3286529 0.3289356 0.3427067 0.2402030 0.2636638 0.2876648 0.2861803 0.2945704 0.2961540 0.3137860 0.3401852 0.2986545 0.1475140 0.1590817 0.1463448 0.1671843 0.1503901 0.1516080 0.1660521 0.1434565 0.1533114 0.1698979 0.1367744 0.1407014 0.1513539 0.1595124 0.1541892 0.1465090 0.1567985 0.1465029 0.1537232 0.1629103 0.1475184 0.1560915 0.1420126 0.1351011 0.1457224 0.1523867 0.1390723 0.1423953 0.1531238 0.1457887 0.1489693 0.1699954 0.1886688 0.1805438 0.0000000 0.0000010 0.1455344 0.1426370 0.1454120 0.5921436 0.6215544 0.6819120 0.6312638 0.6185603 0.6704315 0.5766582 0.5771550 0.5804454 0.5812473 0.6166744 0.3815114 0.4123569 0.6936643 0.6780593 0.6978282 0.6879775 0.7040746 0.7029095 0.6789838 0.6847793 0.7250710 0.6741262 0.8563866 
S0035_G5463_R2_A 0.3262626 0.3289356 0.3429078 0.2385309 0.2621954 0.2957500 0.2941686 0.2945704 0.2961540 0.3165144 0.3457048 0.3014849 0.1538626 0.1590817 0.1512375 0.1734392 0.1569877 0.1581789 0.1660521 0.1468610 0.1533114 0.1776715 0.1423616 0.1438578 0.1550989 0.1595124 0.1541892 0.1499460 0.1637079 0.1465029 0.1604098 0.1629103 0.1538142 0.1560915 0.1479886 0.1406154 0.1457224 0.1523867 0.1447959 0.1483617 0.1531238 0.1437949 0.1540287 0.1764832 0.1886688 0.1831978 0.0000010 0.0000000 0.1507092 0.1456844 0.1454120 0.5665040 0.5930612 0.6278842 0.5851292 0.5803436 0.6890185 0.5371340 0.5372766 0.5406197 0.5472687 0.5689114 0.3815114 0.4123569 0.6985987 0.6819438 0.7029919 0.6958092 0.7101245 0.7084170 0.6829315 0.6891114 0.7250710 0.6741262 0.8805355 
S0033_G5463_R1_A 0.3156060 0.3141362 0.2999095 0.2295869 0.2158291 0.2616610 0.2601476 0.2660972 0.2677272 0.2934129 0.2849400 0.2534381 0.1574192 0.1698601 0.1581602 0.1806708 0.1616025 0.1650266 0.1799573 0.1501230 0.1600910 0.1699775 0.1440396 0.1469400 0.1584649 0.1700007 0.1625865 0.1532521 0.1721594 0.1521977 0.1673310 0.1809851 0.1623292 0.1732993 0.1611612 0.1528841 0.1640774 0.1733585 0.1450977 0.1473917 0.1565468 0.1557620 0.1522659 0.1736504 0.2076643 0.1995089 0.1455344 0.1507092 0.0000000 0.1321512 0.1340361 0.5804682 0.6097297 0.6533032 0.5922636 0.5864643 0.5890902 0.5640887 0.5600349 0.5563545 0.5672762 0.5965419 0.4197464 0.3860860 0.6374604 0.6210646 0.6384004 0.6259755 0.6381180 0.6492799 0.6252801 0.6256138 0.6767423 0.6261709 0.8520010 
S0005_G5463_R1_A 0.3123341 0.3083527 0.3239429 0.2433144 0.2233534 0.2583839 0.2569451 0.2611293 0.2626653 0.3014369 0.3159579 0.3001129 0.1276995 0.1337428 0.1197434 0.1387373 0.1191210 0.1257930 0.1315376 0.1153489 0.1190622 0.1390998 0.1165440 0.1103439 0.1213494 0.1209639 0.1161935 0.1157585 0.1307068 0.1130602 0.1316051 0.1341694 0.1221770 0.1253179 0.1212603 0.1156947 0.1187134 0.1261519 0.1176329 0.1146249 0.1153437 0.1170076 0.1243939 0.1439082 0.1676457 0.1690025 0.1426370 0.1456844 0.1321512 0.0000000 0.0000010 0.5549734 0.5782089 0.6591830 0.5914219 0.5805210 0.6358487 0.6314777 0.6258850 0.6171033 0.6395880 0.6644653 0.4023993 0.4123672 0.6754441 0.6725169 0.6861002 0.6771984 0.6818148 0.6889096 0.6613043 0.6822375 0.7087253 0.6637550 0.8242985 
S0005_G5463_R2_A 0.3043840 0.3088651 0.3221738 0.2437766 0.2195019 0.2628798 0.2613340 0.2613340 0.2628798 0.3036929 0.3186390 0.2993377 0.1318341 0.1337428 0.1206115 0.1410220 0.1226669 0.1297681 0.1315376 0.1185469 0.1190622 0.1440396 0.1198330 0.1133546 0.1210396 0.1209639 0.1161935 0.1163610 0.1323224 0.1130602 0.1332773 0.1341694 0.1258916 0.1253179 0.1249169 0.1189330 0.1187134 0.1261519 0.1209957 0.1151534 0.1153437 0.1162754 0.1269727 0.1479307 0.1676457 0.1675054 0.1454120 0.1454120 0.1340361 0.0000010 0.0000000 0.5402072 0.5670332 0.6235226 0.5598013 0.5609142 0.6501132 0.5933734 0.5873002 0.5778762 0.6056811 0.6126344 0.4023993 0.4123672 0.6726164 0.6680115 0.6779607 0.6729980 0.6827047 0.6870402 0.6543691 0.6750907 0.7087253 0.6637550 0.8242342 
S0025_G5463_R1_U 0.6129395 0.5768199 0.6487863 0.5735539 0.5614390 0.5829557 0.5805489 0.5553279 0.5578769 0.6271344 0.6259574 0.6130864 0.5223741 0.4917976 0.5200776 0.5403735 0.5300107 0.5241292 0.4710851 0.5057268 0.4556707 0.5450505 0.5213891 0.5246718 0.5333287 0.4759444 0.5053094 0.5467389 0.5307494 0.4919609 0.5262014 0.4745721 0.5378171 0.5133893 0.5310598 0.5088091 0.4505259 0.5009905 0.5242539 0.5288255 0.4709101 0.5195298 0.5425633 0.5556161 0.5136422 0.5746354 0.5921436 0.5665040 0.5804682 0.5549734 0.5402072 0.0000000 0.0295012 0.1195774 0.0699779 0.0509611 0.5474792 0.7465532 0.7753684 0.7633869 0.7788456 0.7944075 0.6536269 0.0601266 0.7766581 0.7975451 0.8082717 0.8018248 0.7897262 0.7942935 0.7965469 0.8061071 0.6953887 0.6711522 0.9741557 
