53
S0026_G5464_R1_A 0.0000000 0.0581790 0.0573535 0.0530033 0.0596567 0.0681792 0.0764948 0.0540209 0.0647671 0.0637048 0.0469019 0.0587502 0.0778285 0.0596025 0.0891622 0.0634457 0.0750673 0.0919749 0.0910232 0.1111278 0.0708758 0.2027480 0.0782954 0.0752479 0.1837110 0.1574148 0.3794407 0.4337597 0.5967109 0.5265860 0.3980652 0.4107650 0.4165622 0.4635965 0.6963916 0.7397251 0.5889519 0.6274460 0.6156864 0.5879155 0.5919541 0.5918958 0.7661944 0.8424894 0.6492505 0.6623527 0.6481878 0.6583348 0.6627876 0.6806727 0.6801847 0.6588300 0.7148559 
S0011_G5464_R1_A 0.0581790 0.0000000 0.0522408 0.0478504 0.0544751 0.0711673 0.0669482 0.0585810 0.0624366 0.0540192 0.0485599 0.0625602 0.0782383 0.0507875 0.0840489 0.0673092 0.0701364 0.0885353 0.0874608 0.1124136 0.0738877 0.2108521 0.0813397 0.0736448 0.1885158 0.1590325 0.3600662 0.4357021 0.5998630 0.5425210 0.3949310 0.3996562 0.4190552 0.4590996 0.7143241 0.7578117 0.5858844 0.6218061 0.6181321 0.5868674 0.5814741 0.5834893 0.7764621 0.8418996 0.6519629 0.6638688 0.6541990 0.6575625 0.6636808 0.6810743 0.6782037 0.6623974 0.7271281 
S0002_G5464_R1_A 0.0573535 0.0522408 0.0000000 0.0434882 0.0521673 0.0710942 0.0715717 0.0525782 0.0638727 0.0569431 0.0485504 0.0624775 0.0729779 0.0566336 0.0817986 0.0634456 0.0694007 0.0867142 0.0880571 0.1073393 0.0669941 0.1997543 0.0773059 0.0735185 0.1780800 0.1504931 0.3631095 0.4204845 0.5707479 0.5329423 0.3983606 0.4089266 0.4111456 0.4555112 0.6877086 0.7296113 0.6103975 0.6479908 0.6345003 0.6035575 0.5924333 0.5980805 0.7654621 0.8708713 0.6382196 0.6516254 0.6381015 0.6455313 0.6554787 0.6726750 0.6713274 0.6502461 0.7157802 
S0028_G5464_R1_A 0.0530033 0.0478504 0.0434882 0.0000000 0.0478508 0.0622110 0.0641083 0.0497430 0.0581828 0.0504145 0.0434264 0.0567319 0.0695172 0.0500893 0.0782084 0.0582752 0.0650077 0.0827152 0.0856527 0.1048437 0.0627408 0.2038362 0.0755518 0.0716675 0.1774476 0.1552190 0.3649275 0.4168326 0.5710152 0.5116623 0.3833173 0.3937366 0.4135048 0.4457092 0.7175043 0.7658963 0.5924164 0.6282451 0.6238373 0.5914016 0.5921053 0.5956888 0.7789521 0.8358393 0.6313865 0.6461347 0.6332237 0.6412871 0.6501993 0.6653581 0.6693165 0.6439048 0.7136045 
S0036_G5464_R1_A 0.0596567 0.0544751 0.0521673 0.0478508 0.0000000 0.0733334 0.0699509 0.0555703 0.0632138 0.0547824 0.0500427 0.0617080 0.0736799 0.0551756 0.0802068 0.0650203 0.0715690 0.0908055 0.0922808 0.1124320 0.0677477 0.2083436 0.0788408 0.0704219 0.1930929 0.1562260 0.3648608 0.4095649 0.5864586 0.5134196 0.3927230 0.4032199 0.4037689 0.4514601 0.7131052 0.7516034 0.5967885 0.6359687 0.6247949 0.5977211 0.6023217 0.6037540 0.7657969 0.8556916 0.6300091 0.6393726 0.6279478 0.6356042 0.6416914 0.6543123 0.6607294 0.6400807 0.7042661 
S0021_G5464_R2_A 0.0681792 0.0711673 0.0710942 0.0622110 0.0733334 0.0000000 0.0850732 0.0663372 0.0793184 0.0773581 0.0582011 0.0285064 0.0918370 0.0749249 0.0989130 0.0805802 0.0860496 0.1040090 0.1064962 0.1230603 0.0826625 0.2166471 0.0982065 0.0912378 0.1973698 0.1614187 0.3874307 0.4454693 0.5936938 0.5402292 0.3916689 0.3993210 0.4103538 0.4549169 0.7362610 0.7725527 0.6150251 0.6491067 0.6361125 0.6048096 0.6018707 0.6036334 0.7883780 0.8496066 0.6278087 0.6453582 0.6357702 0.6384588 0.6479202 0.6612305 0.6596996 0.6466359 0.7065657 
S0018_G5464_R1_A 0.0764948 0.0669482 0.0715717 0.0641083 0.0699509 0.0850732 0.0000000 0.0701224 0.0761034 0.0746454 0.0615456 0.0799929 0.0702477 0.0769114 0.0902614 0.0842139 0.0339498 0.0972786 0.0997828 0.1193812 0.0851947 0.2149848 0.0907359 0.0898339 0.1942062 0.1747954 0.3707379 0.4484962 0.5992763 0.5458678 0.3795839 0.3900265 0.4030448 0.4663109 0.7185100 0.7593820 0.6242880 0.6424825 0.6446284 0.6196747 0.6160238 0.6123699 0.7733980 0.8635566 0.6545890 0.6726619 0.6382978 0.6604154 0.6729268 0.6927956 0.6932203 0.6697634 0.7253379 
S0030_G5464_R1_A 0.0540209 0.0585810 0.0525782 0.0497430 0.0555703 0.0663372 0.0701224 0.0000000 0.0613438 0.0603193 0.0459857 0.0570193 0.0776615 0.0600205 0.0834823 0.0585506 0.0686685 0.0862656 0.0892388 0.1084467 0.0647460 0.2051371 0.0762822 0.0705488 0.1840084 0.1550143 0.3769129 0.4404585 0.6010846 0.5432871 0.4082452 0.4189885 0.4248444 0.4656152 0.6752067 0.7261149 0.5982345 0.6385057 0.6269021 0.5951910 0.5972195 0.5955307 0.7439357 0.8332919 0.6107744 0.6231108 0.6174576 0.6126989 0.6285521 0.6431171 0.6419859 0.6219583 0.7034410 
S0016_G5464_R1_A 0.0647671 0.0624366 0.0638727 0.0581828 0.0632138 0.0793184 0.0761034 0.0613438 0.0000000 0.0664291 0.0557178 0.0682308 0.0796420 0.0661744 0.0924986 0.0671129 0.0770162 0.0953119 0.0977509 0.1138192 0.0773599 0.2052382 0.0849013 0.0842203 0.1927356 0.1630623 0.3786385 0.4368615 0.6061693 0.5284765 0.3961776 0.4066251 0.4140774 0.4531507 0.6997318 0.7402036 0.5767970 0.6244867 0.6122465 0.5814546 0.5849087 0.5799383 0.7814603 0.8674959 0.6399897 0.6548499 0.6413290 0.6465142 0.6544126 0.6715879 0.6710723 0.6521598 0.7250621 
S0019_G5464_R1_A 0.0637048 0.0540192 0.0569431 0.0504145 0.0547824 0.0773581 0.0746454 0.0603193 0.0664291 0.0000000 0.0531487 0.0679533 0.0792221 0.0367504 0.0880866 0.0705185 0.0756638 0.0916809 0.0916167 0.1155361 0.0770185 0.2105871 0.0852495 0.0814692 0.1920656 0.1642240 0.3746570 0.4285856 0.6021400 0.5352365 0.4062277 0.4168492 0.4307806 0.4633017 0.7316113 0.7806788 0.5879842 0.6341680 0.6167271 0.5906497 0.5838986 0.5838275 0.7947363 0.8535783 0.6475952 0.6634788 0.6529723 0.6525426 0.6647480 0.6821440 0.6847985 0.6578572 0.7320376 
S0023_G5464_R1_A 0.0469019 0.0485599 0.0485504 0.0434264 0.0500427 0.0582011 0.0615456 0.0459857 0.0557178 0.0531487 0.0000000 0.0498776 0.0698295 0.0521272 0.0769995 0.0587794 0.0631807 0.0805016 0.0825349 0.1007606 0.0639840 0.1961688 0.0741889 0.0688447 0.1808197 0.1514311 0.3652902 0.4243392 0.5858859 0.5342428 0.3915161 0.4019666 0.4065614 0.4586687 0.6819476 0.7243706 0.5895681 0.6331084 0.6147360 0.5893019 0.5875055 0.5817287 0.7718774 0.8429440 0.6322299 0.6450490 0.6298946 0.6404988 0.6483888 0.6654994 0.6681615 0.6416726 0.7114611 
S0021_G5464_R1_A 0.0587502 0.0625602 0.0624775 0.0567319 0.0617080 0.0285064 0.0799929 0.0570193 0.0682308 0.0679533 0.0498776 0.0000000 0.0828395 0.0655460 0.0895555 0.0732686 0.0778295 0.0913456 0.0951990 0.1173522 0.0707132 0.2063779 0.0881102 0.0820239 0.1863267 0.1522168 0.3897338 0.4350338 0.5922627 0.5302902 0.3925360 0.3986688 0.4084345 0.4503695 0.7121421 0.7553852 0.6123174 0.6493714 0.6353510 0.6043322 0.6014274 0.6022428 0.7930689 0.8343001 0.6408539 0.6624552 0.6506356 0.6519133 0.6665252 0.6772160 0.6807326 0.6581539 0.7218082 
S0037_G5464_R1_A 0.0778285 0.0782383 0.0729779 0.0695172 0.0736799 0.0918370 0.0702477 0.0776615 0.0796420 0.0792221 0.0698295 0.0828395 0.0000000 0.0775084 0.0953022 0.0839601 0.0689077 0.1060275 0.1054438 0.1209051 0.0910249 0.2221720 0.0961323 0.0902735 0.2068927 0.1813603 0.3974000 0.4472196 0.6068462 0.5462291 0.4005659 0.4096545 0.4254853 0.4769088 0.7207986 0.7664940 0.6021471 0.6379474 0.6366277 0.6012092 0.5967603 0.5966050 0.7632523 0.8363840 0.6470647 0.6647926 0.6430906 0.6562919 0.6590746 0.6781411 0.6807341 0.6629256 0.7264282 
S0020_G5464_R1_A 0.0596025 0.0507875 0.0566336 0.0500893 0.0551756 0.0749249 0.0769114 0.0600205 0.0661744 0.0367504 0.0521272 0.0655460 0.0775084 0.0000000 0.0880239 0.0703018 0.0770833 0.0900203 0.0882567 0.1114479 0.0729968 0.2071817 0.0827418 0.0781337 0.1911544 0.1625239 0.3813046 0.4250713 0.5993169 0.5293943 0.4133631 0.4226105 0.4341176 0.4592063 0.7290680 0.7779064 0.5796230 0.6242664 0.6114584 0.5863555 0.5773473 0.5796663 0.7895184 0.8427083 0.6412149 0.6562969 0.6492012 0.6539162 0.6639118 0.6791519 0.6818026 0.6549863 0.7308404 
S0004_G5464_R1_A 0.0891622 0.0840489 0.0817986 0.0782084 0.0802068 0.0989130 0.0902614 0.0834823 0.0924986 0.0880866 0.0769995 0.0895555 0.0953022 0.0880239 0.0000000 0.0929788 0.0905624 0.1143827 0.1157123 0.1326808 0.0986342 0.2283759 0.1118583 0.1021430 0.2178868 0.1936633 0.3831688 0.4669181 0.6248314 0.5513769 0.4237863 0.4331938 0.4478041 0.4859639 0.7095108 0.7620069 0.6345845 0.6675591 0.6685486 0.6382893 0.6384743 0.6330050 0.7992383 0.9089235 0.6577084 0.6745523 0.6503788 0.6598925 0.6817351 0.6929603 0.6964685 0.6707692 0.7369291 
S0022_G5464_R1_A 0.0634457 0.0673092 0.0634456 0.0582752 0.0650203 0.0805802 0.0842139 0.0585506 0.0671129 0.0705185 0.0587794 0.0732686 0.0839601 0.0703018 0.0929788 0.0000000 0.0747488 0.0909749 0.0908988 0.1183398 0.0801693 0.2184339 0.0866838 0.0830816 0.1987251 0.1632376 0.3626513 0.4235347 0.5901602 0.5290415 0.3914774 0.4007309 0.4167060 0.4629401 0.7068983 0.7475698 0.5943847 0.6443802 0.6200440 0.5953328 0.5888544 0.5900031 0.7498952 0.8390499 0.6447315 0.6638382 0.6489530 0.6517923 0.6603438 0.6798593 0.6771712 0.6572610 0.7374507 
S0031_G5464_R1_A 0.0750673 0.0701364 0.0694007 0.0650077 0.0715690 0.0860496 0.0339498 0.0686685 0.0770162 0.0756638 0.0631807 0.0778295 0.0689077 0.0770833 0.0905624 0.0747488 0.0000000 0.0946810 0.0922513 0.1207732 0.0837464 0.2106024 0.0885431 0.0892942 0.1924056 0.1732875 0.3661497 0.4222142 0.5815082 0.5370329 0.3938712 0.4032303 0.4054857 0.4653398 0.6979787 0.7380598 0.6318690 0.6591368 0.6492008 0.6229596 0.6176562 0.6152334 0.7718886 0.8483086 0.6497524 0.6685899 0.6348577 0.6533471 0.6669216 0.6796053 0.6800583 0.6626565 0.7257728 
S0050_G5464_R1_A 0.0919749 0.0885353 0.0867142 0.0827152 0.0908055 0.1040090 0.0972786 0.0862656 0.0953119 0.0916809 0.0805016 0.0913456 0.1060275 0.0900203 0.1143827 0.0909749 0.0946810 0.0000000 0.0185404 0.1323759 0.0950246 0.2486410 0.1130896 0.0829229 0.2165159 0.1852342 0.4008379 0.4633260 0.6280629 0.5561387 0.4257361 0.4350755 0.4423000 0.4790896 0.7139190 0.7589727 0.6308419 0.6716853 0.6584201 0.6318964 0.6276643 0.6421941 0.7507344 0.8799521 0.6415947 0.6681190 0.6487513 0.6552785 0.6648971 0.6786293 0.6760332 0.6586439 0.7337141 
S0048_G5464_R1_A 0.0910232 0.0874608 0.0880571 0.0856527 0.0922808 0.1064962 0.0997828 0.0892388 0.0977509 0.0916167 0.0825349 0.0951990 0.1054438 0.0882567 0.1157123 0.0908988 0.0922513 0.0185404 0.0000000 0.1330616 0.0990370 0.2360149 0.1135898 0.0851313 0.2205217 0.1893238 0.3950969 0.4501129 0.6111295 0.5205908 0.4180686 0.4290914 0.4261665 0.4679774 0.7067517 0.7563030 0.6028456 0.6521918 0.6375786 0.6074570 0.5977691 0.6165751 0.7565723 0.8688021 0.6298446 0.6487099 0.6456902 0.6411792 0.6515403 0.6630937 0.6656207 0.6422828 0.7164503 
S0012_G5464_R1_A 0.1111278 0.1124136 0.1073393 0.1048437 0.1124320 0.1230603 0.1193812 0.1084467 0.1138192 0.1155361 0.1007606 0.1173522 0.1209051 0.1114479 0.1326808 0.1183398 0.1207732 0.1323759 0.1330616 0.0000000 0.1204696 0.2613063 0.1276242 0.1092271 0.2340237 0.1957124 0.4036339 0.4669359 0.5819834 0.5297151 0.4294371 0.4419082 0.4184196 0.4924966 0.7347887 0.7855871 0.6506286 0.6930109 0.6801627 0.6619326 0.6458828 0.6511900 0.8067701 0.8707635 0.6615774 0.6863586 0.6542469 0.6842696 0.6812886 0.6969797 0.6973970 0.6836733 0.7261598 
S0046_G5464_R1_A 0.0708758 0.0738877 0.0669941 0.0627408 0.0677477 0.0826625 0.0851947 0.0647460 0.0773599 0.0770185 0.0639840 0.0707132 0.0910249 0.0729968 0.0986342 0.0801693 0.0837464 0.0950246 0.0990370 0.1204696 0.0000000 0.2222998 0.0936067 0.0856145 0.2077693 0.1689410 0.3875650 0.4365099 0.6109209 0.5423339 0.4187664 0.4280302 0.4462836 0.4645062 0.7166268 0.7741339 0.6194985 0.6552564 0.6508854 0.6213975 0.6161274 0.6161798 0.7815286 0.8809115 0.6725371 0.6979411 0.6735081 0.6907620 0.6989799 0.7172267 0.7175897 0.6940741 0.7458448 
S0035_G5464_R1_A 0.2027480 0.2108521 0.1997543 0.2038362 0.2083436 0.2166471 0.2149848 0.2051371 0.2052382 0.2105871 0.1961688 0.2063779 0.2221720 0.2071817 0.2283759 0.2184339 0.2106024 0.2486410 0.2360149 0.2613063 0.2222998 0.0000000 0.2219467 0.2219041 0.2128005 0.1939719 0.3917875 0.4703717 0.6271044 0.5479612 0.4520271 0.4560802 0.4459648 0.4595359 0.8430101 0.8913449 0.6920220 0.7042188 0.7133938 0.6868501 0.6599165 0.6606864 0.8781852 0.9256188 0.8115553 0.8160283 0.8131110 0.8141585 0.8431858 0.8455020 0.8434505 0.8273637 0.8860196 
S0017_G5464_R1_A 0.0782954 0.0813397 0.0773059 0.0755518 0.0788408 0.0982065 0.0907359 0.0762822 0.0849013 0.0852495 0.0741889 0.0881102 0.0961323 0.0827418 0.1118583 0.0866838 0.0885431 0.1130896 0.1135898 0.1276242 0.0936067 0.2219467 0.0000000 0.0943285 0.2122855 0.1810543 0.4044720 0.4482177 0.5976536 0.5548030 0.4187538 0.4280964 0.4529318 0.4685666 0.7281200 0.7765530 0.6207655 0.6473946 0.6446229 0.6199224 0.6235052 0.6223545 0.8036507 0.8542229 0.6781777 0.6901079 0.6754599 0.6893673 0.6931052 0.7135961 0.7132092 0.6874149 0.7549542 
S0013_G5464_R1_A 0.0752479 0.0736448 0.0735185 0.0716675 0.0704219 0.0912378 0.0898339 0.0705488 0.0842203 0.0814692 0.0688447 0.0820239 0.0902735 0.0781337 0.1021430 0.0830816 0.0892942 0.0829229 0.0851313 0.1092271 0.0856145 0.2219041 0.0943285 0.0000000 0.1992591 0.1670053 0.3690813 0.4398903 0.6152124 0.5487606 0.4030988 0.4151735 0.4252540 0.4827259 0.7145037 0.7558757 0.6040399 0.6611269 0.6452807 0.6030380 0.5996819 0.6006180 0.7771802 0.9042278 0.6548944 0.6736278 0.6469602 0.6644889 0.6590739 0.6741734 0.6742332 0.6699434 0.7311723 
S0033_G5464_R1_A 0.1837110 0.1885158 0.1780800 0.1774476 0.1930929 0.1973698 0.1942062 0.1840084 0.1927356 0.1920656 0.1808197 0.1863267 0.2068927 0.1911544 0.2178868 0.1987251 0.1924056 0.2165159 0.2205217 0.2340237 0.2077693 0.2128005 0.2122855 0.1992591 0.0000000 0.1610185 0.3710429 0.3282522 0.4177669 0.4133508 0.3542830 0.3655083 0.2977149 0.3134600 0.7063378 0.7397040 0.5966616 0.5863003 0.6268988 0.6016864 0.5803971 0.5978188 0.7080565 0.7738715 0.7484803 0.7547653 0.7497482 0.7476712 0.7614058 0.7689732 0.7774668 0.7516679 0.7630642 
S0005_G5464_R1_A 0.1574148 0.1590325 0.1504931 0.1552190 0.1562260 0.1614187 0.1747954 0.1550143 0.1630623 0.1642240 0.1514311 0.1522168 0.1813603 0.1625239 0.1936633 0.1632376 0.1732875 0.1852342 0.1893238 0.1957124 0.1689410 0.1939719 0.1810543 0.1670053 0.1610185 0.0000000 0.3685015 0.4059274 0.5385692 0.4849208 0.4119417 0.4227648 0.3625691 0.3883253 0.8020426 0.8444945 0.6926583 0.7134297 0.7287873 0.7011458 0.6931019 0.6759385 0.8074107 0.8762586 0.7410421 0.7674214 0.7290050 0.7613099 0.7664376 0.7752505 0.7764479 0.7605413 0.8299409 
S0006_G5464_R1_A 0.3794407 0.3600662 0.3631095 0.3649275 0.3648608 0.3874307 0.3707379 0.3769129 0.3786385 0.3746570 0.3652902 0.3897338 0.3974000 0.3813046 0.3831688 0.3626513 0.3661497 0.4008379 0.3950969 0.4036339 0.3875650 0.3917875 0.4044720 0.3690813 0.3710429 0.3685015 0.0000000 0.5308014 0.6109956 0.5938500 0.4799977 0.4881540 0.4560674 0.4687729 0.8576072 0.8799722 0.6928518 0.7298298 0.7422966 0.7082325 0.6713601 0.6790312 0.7822591 0.7967486 0.8330648 0.8412290 0.8780122 0.8437639 0.8587051 0.8591774 0.8574231 0.8502417 0.8838792 
S0008_G5464_R1_A 0.4337597 0.4357021 0.4204845 0.4168326 0.4095649 0.4454693 0.4484962 0.4404585 0.4368615 0.4285856 0.4243392 0.4350338 0.4472196 0.4250713 0.4669181 0.4235347 0.4222142 0.4633260 0.4501129 0.4669359 0.4365099 0.4703717 0.4482177 0.4398903 0.3282522 0.4059274 0.5308014 0.0000000 0.3394146 0.2445845 0.4125121 0.4258549 0.3167366 0.3351833 0.7729455 0.7763523 0.7962916 0.8089682 0.8198276 0.8043864 0.7694423 0.7960939 0.8191111 0.9570108 0.9226466 0.9232162 0.8937218 0.9096021 0.9367312 0.9595909 0.9677028 0.9387751 0.9283364 
S0014_G5464_R1_A 0.5967109 0.5998630 0.5707479 0.5710152 0.5864586 0.5936938 0.5992763 0.6010846 0.6061693 0.6021400 0.5858859 0.5922627 0.6068462 0.5993169 0.6248314 0.5901602 0.5815082 0.6280629 0.6111295 0.5819834 0.6109209 0.6271044 0.5976536 0.6152124 0.4177669 0.5385692 0.6109956 0.3394146 0.0000000 0.4067319 0.4432628 0.4466963 0.3551894 0.4897745 0.8138678 0.8035113 0.8790220 0.8904473 0.9036321 0.8671413 0.8553194 0.8606968 0.8943833 0.9640042 1.0466901 1.0427823 0.9147988 1.0282487 1.0156132 1.0263668 1.0412215 1.0426499 0.9523816 
S0015_G5464_R1_A 0.5265860 0.5425210 0.5329423 0.5116623 0.5134196 0.5402292 0.5458678 0.5432871 0.5284765 0.5352365 0.5342428 0.5302902 0.5462291 0.5293943 0.5513769 0.5290415 0.5370329 0.5561387 0.5205908 0.5297151 0.5423339 0.5479612 0.5548030 0.5487606 0.4133508 0.4849208 0.5938500 0.2445845 0.4067319 0.0000000 0.4171895 0.4215103 0.3421863 0.2395067 0.9168746 0.9028587 0.8210727 0.7996559 0.8369481 0.8459374 0.8246363 0.8520857 0.8438284 0.9767115 1.0317559 1.0320933 0.9803922 1.0311001 1.0418957 1.0571473 1.0927757 1.0406814 0.9783755 
S0010_G5464_R1_V 0.3980652 0.3949310 0.3983606 0.3833173 0.3927230 0.3916689 0.3795839 0.4082452 0.3961776 0.4062277 0.3915161 0.3925360 0.4005659 0.4133631 0.4237863 0.3914774 0.3938712 0.4257361 0.4180686 0.4294371 0.4187664 0.4520271 0.4187538 0.4030988 0.3542830 0.4119417 0.4799977 0.4125121 0.4432628 0.4171895 0.0000000 0.0131539 0.3071128 0.3659795 0.8651941 0.8648502 0.7610718 0.7470820 0.8192824 0.7544436 0.7578057 0.7614998 0.7949407 0.7859822 0.9032562 0.9341643 0.8926082 0.9093373 0.8982671 0.9171454 0.9491012 0.9407146 0.8957023 
S0009_G5464_R1_U 0.4107650 0.3996562 0.4089266 0.3937366 0.4032199 0.3993210 0.3900265 0.4189885 0.4066251 0.4168492 0.4019666 0.3986688 0.4096545 0.4226105 0.4331938 0.4007309 0.4032303 0.4350755 0.4290914 0.4419082 0.4280302 0.4560802 0.4280964 0.4151735 0.3655083 0.4227648 0.4881540 0.4258549 0.4466963 0.4215103 0.0131539 0.0000000 0.3212783 0.3699009 0.8741718 0.8768310 0.7728352 0.7582842 0.8315515 0.7662680 0.7694371 0.7731406 0.7980801 0.7845282 0.8973696 0.9277517 0.8862971 0.9032541 0.8922895 0.9109575 0.9425696 0.9287661 0.8932141 
S0027_G5464_R1_A 0.4165622 0.4190552 0.4111456 0.4135048 0.4037689 0.4103538 0.4030448 0.4248444 0.4140774 0.4307806 0.4065614 0.4084345 0.4254853 0.4341176 0.4478041 0.4167060 0.4054857 0.4423000 0.4261665 0.4184196 0.4462836 0.4459648 0.4529318 0.4252540 0.2977149 0.3625691 0.4560674 0.3167366 0.3551894 0.3421863 0.3071128 0.3212783 0.0000000 0.2455259 0.7230757 0.7204565 0.7633221 0.7169896 0.7724915 0.7634693 0.7183902 0.7652395 0.7015874 0.8238119 0.9402794 0.9244831 0.8447831 0.9209981 0.9391733 0.9398406 0.9835325 0.9553086 0.9524601 
S0034_G5464_R1_A 0.4635965 0.4590996 0.4555112 0.4457092 0.4514601 0.4549169 0.4663109 0.4656152 0.4531507 0.4633017 0.4586687 0.4503695 0.4769088 0.4592063 0.4859639 0.4629401 0.4653398 0.4790896 0.4679774 0.4924966 0.4645062 0.4595359 0.4685666 0.4827259 0.3134600 0.3883253 0.4687729 0.3351833 0.4897745 0.2395067 0.3659795 0.3699009 0.2455259 0.0000000 0.9452700 0.9655494 0.7858696 0.8005071 0.8134582 0.8010014 0.7688261 0.8086646 0.7535164 1.0088409 0.9830401 1.0060193 0.9095098 1.0169051 1.0395410 1.0428475 1.0453060 1.0083284 0.9808102 
S0039_G5464_R1_A 0.6963916 0.7143241 0.6877086 0.7175043 0.7131052 0.7362610 0.7185100 0.6752067 0.6997318 0.7316113 0.6819476 0.7121421 0.7207986 0.7290680 0.7095108 0.7068983 0.6979787 0.7139190 0.7067517 0.7347887 0.7166268 0.8430101 0.7281200 0.7145037 0.7063378 0.8020426 0.8576072 0.7729455 0.8138678 0.9168746 0.8651941 0.8741718 0.7230757 0.9452700 0.0000000 0.0361756 0.9907529 0.9447131 0.9971058 0.9944591 0.9431377 0.9487323 0.9707690 1.0866151 0.9923707 1.0271202 0.9619261 0.9949915 0.9918624 1.0132870 1.0358663 1.0368967 1.0951093 
S0051_G5464_R1_A 0.7397251 0.7578117 0.7296113 0.7658963 0.7516034 0.7725527 0.7593820 0.7261149 0.7402036 0.7806788 0.7243706 0.7553852 0.7664940 0.7779064 0.7620069 0.7475698 0.7380598 0.7589727 0.7563030 0.7855871 0.7741339 0.8913449 0.7765530 0.7558757 0.7397040 0.8444945 0.8799722 0.7763523 0.8035113 0.9028587 0.8648502 0.8768310 0.7204565 0.9655494 0.0361756 0.0000000 0.9933130 0.9248888 1.0023402 0.9971277 0.9470338 0.9403745 1.0110634 1.0838480 1.0157924 1.0463042 0.9673143 1.0218220 1.0157884 1.0380345 1.0561413 1.0561296 1.0928618 
S0024_G5464_R1_A 0.5889519 0.5858844 0.6103975 0.5924164 0.5967885 0.6150251 0.6242880 0.5982345 0.5767970 0.5879842 0.5895681 0.6123174 0.6021471 0.5796230 0.6345845 0.5943847 0.6318690 0.6308419 0.6028456 0.6506286 0.6194985 0.6920220 0.6207655 0.6040399 0.5966616 0.6926583 0.6928518 0.7962916 0.8790220 0.8210727 0.7610718 0.7728352 0.7633221 0.7858696 0.9907529 0.9933130 0.0000000 0.0857812 0.0385992 0.0176367 0.0907635 0.0789080 0.6715422 0.7263903 1.0045567 1.0053943 0.9435536 0.9858491 0.9873256 0.9960560 1.0031652 0.9987226 1.0231994 
S0001_G5464_R1_A 0.6274460 0.6218061 0.6479908 0.6282451 0.6359687 0.6491067 0.6424825 0.6385057 0.6244867 0.6341680 0.6331084 0.6493714 0.6379474 0.6242664 0.6675591 0.6443802 0.6591368 0.6716853 0.6521918 0.6930109 0.6552564 0.7042188 0.6473946 0.6611269 0.5863003 0.7134297 0.7298298 0.8089682 0.8904473 0.7996559 0.7470820 0.7582842 0.7169896 0.8005071 0.9447131 0.9248888 0.0857812 0.0000000 0.0823524 0.0833425 0.1355192 0.1207950 0.6684909 0.7092258 1.0029525 0.9981293 0.9466865 0.9818229 0.9910724 0.9981175 0.9967426 0.9914215 1.0276061 
S0032_G5464_R1_N 0.6156864 0.6181321 0.6345003 0.6238373 0.6247949 0.6361125 0.6446284 0.6269021 0.6122465 0.6167271 0.6147360 0.6353510 0.6366277 0.6114584 0.6685486 0.6200440 0.6492008 0.6584201 0.6375786 0.6801627 0.6508854 0.7133938 0.6446229 0.6452807 0.6268988 0.7287873 0.7422966 0.8198276 0.9036321 0.8369481 0.8192824 0.8315515 0.7724915 0.8134582 0.9971058 1.0023402 0.0385992 0.0823524 0.0000000 0.0353881 0.0873043 0.0740506 0.6717141 0.7153512 0.9995851 1.0063927 0.9325627 0.9867753 0.9934844 0.9964487 1.0060139 0.9962844 1.0180455 
S0032_G5464_R2_N 0.5879155 0.5868674 0.6035575 0.5914016 0.5977211 0.6048096 0.6196747 0.5951910 0.5814546 0.5906497 0.5893019 0.6043322 0.6012092 0.5863555 0.6382893 0.5953328 0.6229596 0.6318964 0.6074570 0.6619326 0.6213975 0.6868501 0.6199224 0.6030380 0.6016864 0.7011458 0.7082325 0.8043864 0.8671413 0.8459374 0.7544436 0.7662680 0.7634693 0.8010014 0.9944591 0.9971277 0.0176367 0.0833425 0.0353881 0.0000000 0.0857518 0.0719770 0.6692883 0.7289431 0.9932532 1.0038488 0.9340816 0.9843613 0.9858278 0.9945282 1.0016243 0.9972018 1.0251494 
S0025_G5464_R1_A 0.5919541 0.5814741 0.5924333 0.5921053 0.6023217 0.6018707 0.6160238 0.5972195 0.5849087 0.5838986 0.5875055 0.6014274 0.5967603 0.5773473 0.6384743 0.5888544 0.6176562 0.6276643 0.5977691 0.6458828 0.6161274 0.6599165 0.6235052 0.5996819 0.5803971 0.6931019 0.6713601 0.7694423 0.8553194 0.8246363 0.7578057 0.7694371 0.7183902 0.7688261 0.9431377 0.9470338 0.0907635 0.1355192 0.0873043 0.0857518 0.0000000 0.0474214 0.6290592 0.6982811 0.9612465 0.9624166 0.8967609 0.9510361 0.9531283 0.9528775 0.9639906 0.9665665 0.9910328 
S0029_G5464_R1_A 0.5918958 0.5834893 0.5980805 0.5956888 0.6037540 0.6036334 0.6123699 0.5955307 0.5799383 0.5838275 0.5817287 0.6022428 0.5966050 0.5796663 0.6330050 0.5900031 0.6152334 0.6421941 0.6165751 0.6511900 0.6161798 0.6606864 0.6223545 0.6006180 0.5978188 0.6759385 0.6790312 0.7960939 0.8606968 0.8520857 0.7614998 0.7731406 0.7652395 0.8086646 0.9487323 0.9403745 0.0789080 0.1207950 0.0740506 0.0719770 0.0474214 0.0000000 0.6600320 0.6817468 0.9587528 0.9453607 0.9041478 0.9366117 0.9340377 0.9297510 0.9443150 0.9519239 0.9621201 
S0049_G5464_R1_A 0.7661944 0.7764621 0.7654621 0.7789521 0.7657969 0.7883780 0.7733980 0.7439357 0.7814603 0.7947363 0.7718774 0.7930689 0.7632523 0.7895184 0.7992383 0.7498952 0.7718886 0.7507344 0.7565723 0.8067701 0.7815286 0.8781852 0.8036507 0.7771802 0.7080565 0.8074107 0.7822591 0.8191111 0.8943833 0.8438284 0.7949407 0.7980801 0.7015874 0.7535164 0.9707690 1.0110634 0.6715422 0.6684909 0.6717141 0.6692883 0.6290592 0.6600320 0.0000000 0.7075222 0.8389395 0.8505894 0.7845149 0.8446932 0.8341787 0.8513949 0.8544647 0.8472257 0.8618179 
S0003_G5464_R1_N 0.8424894 0.8418996 0.8708713 0.8358393 0.8556916 0.8496066 0.8635566 0.8332919 0.8674959 0.8535783 0.8429440 0.8343001 0.8363840 0.8427083 0.9089235 0.8390499 0.8483086 0.8799521 0.8688021 0.8707635 0.8809115 0.9256188 0.8542229 0.9042278 0.7738715 0.8762586 0.7967486 0.9570108 0.9640042 0.9767115 0.7859822 0.7845282 0.8238119 1.0088409 1.0866151 1.0838480 0.7263903 0.7092258 0.7153512 0.7289431 0.6982811 0.6817468 0.7075222 0.0000000 0.8126379 0.8221681 0.7374405 0.8313042 0.8069087 0.8024614 0.8096847 0.8155774 0.8383058 
S0045_G5464_R2_A 0.6492505 0.6519629 0.6382196 0.6313865 0.6300091 0.6278087 0.6545890 0.6107744 0.6399897 0.6475952 0.6322299 0.6408539 0.6470647 0.6412149 0.6577084 0.6447315 0.6497524 0.6415947 0.6298446 0.6615774 0.6725371 0.8115553 0.6781777 0.6548944 0.7484803 0.7410421 0.8330648 0.9226466 1.0466901 1.0317559 0.9032562 0.8973696 0.9402794 0.9830401 0.9923707 1.0157924 1.0045567 1.0029525 0.9995851 0.9932532 0.9612465 0.9587528 0.8389395 0.8126379 0.0000000 0.0243900 0.0333824 0.0316311 0.0376859 0.0385646 0.0409698 0.0233098 0.1061859 
S0045_G5464_R1_A 0.6623527 0.6638688 0.6516254 0.6461347 0.6393726 0.6453582 0.6726619 0.6231108 0.6548499 0.6634788 0.6450490 0.6624552 0.6647926 0.6562969 0.6745523 0.6638382 0.6685899 0.6681190 0.6487099 0.6863586 0.6979411 0.8160283 0.6901079 0.6736278 0.7547653 0.7674214 0.8412290 0.9232162 1.0427823 1.0320933 0.9341643 0.9277517 0.9244831 1.0060193 1.0271202 1.0463042 1.0053943 0.9981293 1.0063927 1.0038488 0.9624166 0.9453607 0.8505894 0.8221681 0.0243900 0.0000000 0.0341614 0.0318664 0.0377848 0.0387381 0.0441062 0.0169258 0.1036498 
S0042_G5464_R1_N 0.6481878 0.6541990 0.6381015 0.6332237 0.6279478 0.6357702 0.6382978 0.6174576 0.6413290 0.6529723 0.6298946 0.6506356 0.6430906 0.6492012 0.6503788 0.6489530 0.6348577 0.6487513 0.6456902 0.6542469 0.6735081 0.8131110 0.6754599 0.6469602 0.7497482 0.7290050 0.8780122 0.8937218 0.9147988 0.9803922 0.8926082 0.8862971 0.8447831 0.9095098 0.9619261 0.9673143 0.9435536 0.9466865 0.9325627 0.9340816 0.8967609 0.9041478 0.7845149 0.7374405 0.0333824 0.0341614 0.0000000 0.0293157 0.0322270 0.0329974 0.0357872 0.0348456 0.0677111 
S0038_G5464_R1_A 0.6583348 0.6575625 0.6455313 0.6412871 0.6356042 0.6384588 0.6604154 0.6126989 0.6465142 0.6525426 0.6404988 0.6519133 0.6562919 0.6539162 0.6598925 0.6517923 0.6533471 0.6552785 0.6411792 0.6842696 0.6907620 0.8141585 0.6893673 0.6644889 0.7476712 0.7613099 0.8437639 0.9096021 1.0282487 1.0311001 0.9093373 0.9032541 0.9209981 1.0169051 0.9949915 1.0218220 0.9858491 0.9818229 0.9867753 0.9843613 0.9510361 0.9366117 0.8446932 0.8313042 0.0316311 0.0318664 0.0293157 0.0000000 0.0367492 0.0376236 0.0412938 0.0326036 0.0992287 
S0047_G5464_R1_N 0.6627876 0.6636808 0.6554787 0.6501993 0.6416914 0.6479202 0.6729268 0.6285521 0.6544126 0.6647480 0.6483888 0.6665252 0.6590746 0.6639118 0.6817351 0.6603438 0.6669216 0.6648971 0.6515403 0.6812886 0.6989799 0.8431858 0.6931052 0.6590739 0.7614058 0.7664376 0.8587051 0.9367312 1.0156132 1.0418957 0.8982671 0.8922895 0.9391733 1.0395410 0.9918624 1.0157884 0.9873256 0.9910724 0.9934844 0.9858278 0.9531283 0.9340377 0.8341787 0.8069087 0.0376859 0.0377848 0.0322270 0.0367492 0.0000000 0.0152421 0.0210833 0.0377908 0.1036954 
S0041_G5464_R1_N 0.6806727 0.6810743 0.6726750 0.6653581 0.6543123 0.6612305 0.6927956 0.6431171 0.6715879 0.6821440 0.6654994 0.6772160 0.6781411 0.6791519 0.6929603 0.6798593 0.6796053 0.6786293 0.6630937 0.6969797 0.7172267 0.8455020 0.7135961 0.6741734 0.7689732 0.7752505 0.8591774 0.9595909 1.0263668 1.0571473 0.9171454 0.9109575 0.9398406 1.0428475 1.0132870 1.0380345 0.9960560 0.9981175 0.9964487 0.9945282 0.9528775 0.9297510 0.8513949 0.8024614 0.0385646 0.0387381 0.0329974 0.0376236 0.0152421 0.0000000 0.0120803 0.0386688 0.1026713 
S0043_G5464_R1_N 0.6801847 0.6782037 0.6713274 0.6693165 0.6607294 0.6596996 0.6932203 0.6419859 0.6710723 0.6847985 0.6681615 0.6807326 0.6807341 0.6818026 0.6964685 0.6771712 0.6800583 0.6760332 0.6656207 0.6973970 0.7175897 0.8434505 0.7132092 0.6742332 0.7774668 0.7764479 0.8574231 0.9677028 1.0412215 1.0927757 0.9491012 0.9425696 0.9835325 1.0453060 1.0358663 1.0561413 1.0031652 0.9967426 1.0060139 1.0016243 0.9639906 0.9443150 0.8544647 0.8096847 0.0409698 0.0441062 0.0357872 0.0412938 0.0210833 0.0120803 0.0000000 0.0420199 0.1075726 
S0044_G5464_R1_N 0.6588300 0.6623974 0.6502461 0.6439048 0.6400807 0.6466359 0.6697634 0.6219583 0.6521598 0.6578572 0.6416726 0.6581539 0.6629256 0.6549863 0.6707692 0.6572610 0.6626565 0.6586439 0.6422828 0.6836733 0.6940741 0.8273637 0.6874149 0.6699434 0.7516679 0.7605413 0.8502417 0.9387751 1.0426499 1.0406814 0.9407146 0.9287661 0.9553086 1.0083284 1.0368967 1.0561296 0.9987226 0.9914215 0.9962844 0.9972018 0.9665665 0.9519239 0.8472257 0.8155774 0.0233098 0.0169258 0.0348456 0.0326036 0.0377908 0.0386688 0.0420199 0.0000000 0.1066427 
S0040_G5464_R1_N 0.7148559 0.7271281 0.7157802 0.7136045 0.7042661 0.7065657 0.7253379 0.7034410 0.7250621 0.7320376 0.7114611 0.7218082 0.7264282 0.7308404 0.7369291 0.7374507 0.7257728 0.7337141 0.7164503 0.7261598 0.7458448 0.8860196 0.7549542 0.7311723 0.7630642 0.8299409 0.8838792 0.9283364 0.9523816 0.9783755 0.8957023 0.8932141 0.9524601 0.9808102 1.0951093 1.0928618 1.0231994 1.0276061 1.0180455 1.0251494 0.9910328 0.9621201 0.8618179 0.8383058 0.1061859 0.1036498 0.0677111 0.0992287 0.1036954 0.1026713 0.1075726 0.1066427 0.0000000 
