42
S0020_G5513_R1_A 0.0000000 0.0267865 0.0249112 0.0314519 0.0355465 0.0369523 0.0277879 0.0466204 0.0353190 0.0419071 0.0360751 0.0330837 0.0286339 0.0317393 0.0624427 0.0509399 0.0300953 0.2160179 0.0322523 0.0411960 0.0313673 0.0425448 0.0478737 0.0462087 0.3056309 0.3029394 0.2792375 0.2819963 0.1722701 0.1422561 0.3329699 0.3549129 0.2293660 0.3380328 0.5981787 0.7821976 0.6262349 0.6052282 0.6154996 0.5900698 0.6082880 0.6144417 
S0031_G5513_R1_A 0.0267865 0.0000000 0.0346703 0.0388325 0.0442070 0.0413750 0.0335174 0.0535279 0.0408647 0.0564607 0.0476019 0.0317828 0.0345216 0.0445462 0.0667127 0.0527463 0.0387493 0.2153647 0.0410758 0.0510538 0.0384966 0.0511917 0.0494405 0.0507383 0.3169234 0.3142346 0.3138108 0.3038142 0.1759359 0.1454995 0.3439325 0.3729278 0.2456543 0.3554579 0.6179275 0.8148188 0.6386056 0.6226284 0.6328473 0.6010377 0.6334859 0.6364089 
S0036_G5513_R1_U 0.0249112 0.0346703 0.0000000 0.0429353 0.0483026 0.0442298 0.0418951 0.0549164 0.0469290 0.0588598 0.0476499 0.0471272 0.0401433 0.0446725 0.0764761 0.0554490 0.0389842 0.2236765 0.0426210 0.0511302 0.0439868 0.0497622 0.0603089 0.0506481 0.3381059 0.3353759 0.3217671 0.3193062 0.1854562 0.1589837 0.3651732 0.3949514 0.2554993 0.3620781 0.6319095 0.8135594 0.6379694 0.6335429 0.6336277 0.6089583 0.6342536 0.6404756 
S0023_G5513_R1_A 0.0314519 0.0388325 0.0429353 0.0000000 0.0388119 0.0532994 0.0461014 0.0668620 0.0399619 0.0670566 0.0459480 0.0564072 0.0347069 0.0364177 0.0809763 0.0605701 0.0467636 0.2333646 0.0547314 0.0617910 0.0531220 0.0537030 0.0600952 0.0670944 0.3357449 0.3330257 0.3230814 0.3258665 0.1938745 0.1564346 0.3633989 0.3947416 0.2655120 0.3665894 0.6101305 0.7995737 0.6366311 0.6313796 0.6414473 0.6132002 0.6303375 0.6331789 
S0026_G5513_R1_A 0.0355465 0.0442070 0.0483026 0.0388119 0.0000000 0.0560940 0.0460770 0.0711111 0.0453777 0.0684782 0.0445435 0.0591115 0.0321111 0.0390294 0.0810073 0.0620185 0.0466806 0.2365488 0.0574772 0.0616788 0.0557822 0.0508408 0.0641531 0.0671021 0.3322568 0.3295629 0.3233852 0.3221616 0.1878479 0.1617614 0.3725145 0.4050963 0.2669035 0.3694399 0.6477563 0.8193598 0.6451894 0.6367727 0.6468447 0.6185512 0.6327717 0.6324982 
S0016_G5513_R1_A 0.0369523 0.0413750 0.0442298 0.0532994 0.0560940 0.0000000 0.0458608 0.0626741 0.0563458 0.0625283 0.0596345 0.0468990 0.0491194 0.0565163 0.0834934 0.0632680 0.0479783 0.2286556 0.0504893 0.0643694 0.0437765 0.0602648 0.0640049 0.0625984 0.3323917 0.3329832 0.3345103 0.3446079 0.1991496 0.1802279 0.3686186 0.4088238 0.2612120 0.3747916 0.6321492 0.7815196 0.6138345 0.6008373 0.6076488 0.5837255 0.6111373 0.6138987 
S0002_G5513_R1_A 0.0277879 0.0335174 0.0418951 0.0461014 0.0460770 0.0458608 0.0000000 0.0607733 0.0488267 0.0577032 0.0480747 0.0473985 0.0405336 0.0478014 0.0772064 0.0600023 0.0392740 0.2281703 0.0484424 0.0555675 0.0469691 0.0541808 0.0579397 0.0593467 0.3299168 0.3252034 0.3236099 0.3276181 0.1789804 0.1624059 0.3614748 0.3963175 0.2631853 0.3641417 0.6191538 0.7611271 0.6227936 0.6099071 0.6197755 0.5954162 0.6249190 0.6277692 
S0037_G5513_R1_A 0.0466204 0.0535279 0.0549164 0.0668620 0.0711111 0.0626741 0.0607733 0.0000000 0.0689237 0.0767395 0.0735307 0.0616965 0.0610290 0.0702908 0.0983010 0.0757809 0.0613815 0.2385913 0.0628855 0.0796551 0.0636489 0.0740482 0.0749174 0.0766492 0.3619491 0.3545389 0.3558384 0.3403188 0.2118756 0.1763075 0.3780531 0.4182458 0.2703314 0.3921539 0.6230019 0.8067991 0.6433128 0.6403860 0.6471922 0.6189769 0.6449999 0.6478516 
S0028_G5513_R1_A 0.0353190 0.0408647 0.0469290 0.0399619 0.0453777 0.0563458 0.0488267 0.0689237 0.0000000 0.0710306 0.0473450 0.0551274 0.0370535 0.0430158 0.0739361 0.0652289 0.0494724 0.2358946 0.0548959 0.0636088 0.0533083 0.0579783 0.0634049 0.0647727 0.3507398 0.3478663 0.3352112 0.3379201 0.2004180 0.1511980 0.3738584 0.4071140 0.2662117 0.3864584 0.6450063 0.8149396 0.6334257 0.6289506 0.6391545 0.6105452 0.6371406 0.6368559 
S0013_G5513_R1_A 0.0419071 0.0564607 0.0588598 0.0670566 0.0684782 0.0625283 0.0577032 0.0767395 0.0710306 0.0000000 0.0750714 0.0652128 0.0638535 0.0689259 0.0896275 0.0802352 0.0598381 0.2341018 0.0614727 0.0783112 0.0595803 0.0740975 0.0706818 0.0739857 0.3531106 0.3502708 0.3498572 0.3491698 0.2105020 0.1776476 0.3597447 0.4039978 0.2730735 0.3901643 0.6326805 0.7955728 0.6321280 0.6279407 0.6313776 0.6066204 0.6231093 0.6319684 
S0021_G5513_R2_A 0.0360751 0.0476019 0.0476499 0.0459480 0.0445435 0.0596345 0.0480747 0.0735307 0.0473450 0.0750714 0.0000000 0.0585384 0.0364245 0.0382630 0.0881215 0.0629432 0.0486274 0.2317750 0.0568931 0.0624408 0.0579438 0.0598096 0.0719789 0.0709312 0.3421289 0.3393379 0.3345661 0.3349948 0.1897699 0.1658167 0.3777579 0.3973129 0.2684468 0.3764638 0.6479389 0.8059940 0.6469820 0.6281937 0.6395151 0.6099219 0.6177376 0.6264201 
S0018_G5513_R1_A 0.0330837 0.0317828 0.0471272 0.0564072 0.0591115 0.0468990 0.0473985 0.0616965 0.0551274 0.0652128 0.0585384 0.0000000 0.0507211 0.0582006 0.0811126 0.0635081 0.0495764 0.2242192 0.0493248 0.0631843 0.0453314 0.0647023 0.0643126 0.0658889 0.3263512 0.3236679 0.3253759 0.3188358 0.1897842 0.1700718 0.3599199 0.3948279 0.2563310 0.3681342 0.6375315 0.8139875 0.6653457 0.6452966 0.6496296 0.6326945 0.6533206 0.6562097 
S0021_G5513_R1_U 0.0286339 0.0345216 0.0401433 0.0347069 0.0321111 0.0491194 0.0405336 0.0610290 0.0370535 0.0638535 0.0364245 0.0507211 0.0000000 0.0271828 0.0789069 0.0602788 0.0386024 0.2276448 0.0463006 0.0492978 0.0475469 0.0492702 0.0596903 0.0597880 0.3251883 0.3225312 0.3148845 0.3157580 0.1811234 0.1446368 0.3525788 0.3831611 0.2473992 0.3576924 0.6268772 0.8091818 0.6221348 0.6091355 0.6247101 0.5973773 0.6166752 0.6161950 
S0021_G5513_R3_A 0.0317393 0.0445462 0.0446725 0.0364177 0.0390294 0.0565163 0.0478014 0.0702908 0.0430158 0.0689259 0.0382630 0.0582006 0.0271828 0.0000000 0.0846188 0.0624760 0.0457070 0.2394527 0.0565401 0.0594206 0.0548623 0.0513213 0.0646445 0.0676294 0.3335161 0.3307948 0.3200792 0.3230875 0.2008043 0.1608618 0.3681061 0.4001140 0.2531918 0.3635750 0.6518744 0.8118323 0.6535341 0.6421045 0.6488679 0.6236678 0.6410812 0.6405542 
S0012_G5513_R1_A 0.0624427 0.0667127 0.0764761 0.0809763 0.0810073 0.0834934 0.0772064 0.0983010 0.0739361 0.0896275 0.0881215 0.0811126 0.0789069 0.0846188 0.0000000 0.0874124 0.0761931 0.2456288 0.0796205 0.1005208 0.0829668 0.0839887 0.0954264 0.0932784 0.3672697 0.3642691 0.3655705 0.3516543 0.2343729 0.1968229 0.4054584 0.4351096 0.2862895 0.4055068 0.6345209 0.7839970 0.6589805 0.6405306 0.6544098 0.6309510 0.6365011 0.6519071 
S0017_G5513_R1_A 0.0509399 0.0527463 0.0554490 0.0605701 0.0620185 0.0632680 0.0600023 0.0757809 0.0652289 0.0802352 0.0629432 0.0635081 0.0602788 0.0624760 0.0874124 0.0000000 0.0591365 0.2405319 0.0590827 0.0717679 0.0642489 0.0734088 0.0799832 0.0804452 0.3403582 0.3353397 0.3348168 0.3352766 0.1982828 0.1808815 0.3691168 0.4034691 0.2669944 0.3945148 0.6142596 0.7959029 0.6755878 0.6705599 0.6810166 0.6514364 0.6818243 0.6754515 
S0030_G5513_R1_A 0.0300953 0.0387493 0.0389842 0.0467636 0.0466806 0.0479783 0.0392740 0.0613815 0.0494724 0.0598381 0.0486274 0.0495764 0.0386024 0.0457070 0.0761931 0.0591365 0.0000000 0.2324082 0.0478013 0.0520082 0.0424275 0.0493335 0.0572357 0.0585003 0.3277786 0.3251067 0.3272321 0.3225953 0.1926294 0.1568131 0.3655329 0.3914823 0.2540213 0.3673731 0.6283431 0.8192525 0.6304141 0.6165601 0.6263733 0.6021074 0.6241226 0.6269322 
S0048_G5513_R1_A 0.2160179 0.2153647 0.2236765 0.2333646 0.2365488 0.2286556 0.2281703 0.2385913 0.2358946 0.2341018 0.2317750 0.2242192 0.2276448 0.2394527 0.2456288 0.2405319 0.2324082 0.0000000 0.2138252 0.2419756 0.2347452 0.2433590 0.1998609 0.2424784 0.5039460 0.5018863 0.5088229 0.4904608 0.3686491 0.3444821 0.5054340 0.5487418 0.3426374 0.5625381 0.7359870 0.9586911 0.8451918 0.8478031 0.8652214 0.8297576 0.8663961 0.8630435 
S0046_G5513_R1_A 0.0322523 0.0410758 0.0426210 0.0547314 0.0574772 0.0504893 0.0484424 0.0628855 0.0548959 0.0614727 0.0568931 0.0493248 0.0463006 0.0565401 0.0796205 0.0590827 0.0478013 0.2138252 0.0000000 0.0631250 0.0475222 0.0602401 0.0684472 0.0558256 0.3393659 0.3371473 0.3347603 0.3328824 0.1841401 0.1655610 0.3609625 0.4038896 0.2570205 0.3622025 0.6167566 0.7848965 0.6387456 0.6420570 0.6455812 0.6168003 0.6435833 0.6497139 
S0011_G5513_R1_A 0.0411960 0.0510538 0.0511302 0.0617910 0.0616788 0.0643694 0.0555675 0.0796551 0.0636088 0.0783112 0.0624408 0.0631843 0.0492978 0.0594206 0.1005208 0.0717679 0.0520082 0.2419756 0.0631250 0.0000000 0.0626578 0.0658039 0.0697579 0.0713237 0.3487116 0.3459003 0.3372609 0.3420011 0.2133153 0.1759506 0.3757247 0.4044745 0.2619266 0.3816745 0.6354366 0.7804350 0.6487573 0.6404824 0.6443847 0.6283143 0.6603288 0.6541220 
S0004_G5513_R1_A 0.0313673 0.0384966 0.0439868 0.0531220 0.0557822 0.0437765 0.0469691 0.0636489 0.0533083 0.0595803 0.0579438 0.0453314 0.0475469 0.0548623 0.0829668 0.0642489 0.0424275 0.2347452 0.0475222 0.0626578 0.0000000 0.0612739 0.0649943 0.0610801 0.3249828 0.3223442 0.3373767 0.3269935 0.1995555 0.1720665 0.3657445 0.3938523 0.2600950 0.3751827 0.6305314 0.7851655 0.6469644 0.6326588 0.6425940 0.6147043 0.6404013 0.6432274 
S0022_G5513_R1_A 0.0425448 0.0511917 0.0497622 0.0537030 0.0508408 0.0602648 0.0541808 0.0740482 0.0579783 0.0740975 0.0598096 0.0647023 0.0492702 0.0513213 0.0839887 0.0734088 0.0493335 0.2433590 0.0602401 0.0658039 0.0612739 0.0000000 0.0697886 0.0685521 0.3458312 0.3430542 0.3449170 0.3328810 0.2067356 0.1647346 0.3758840 0.4034635 0.2670229 0.3932660 0.6655087 0.8279748 0.6338082 0.6400623 0.6531495 0.6252235 0.6464493 0.6492708 
S0050_G5513_R1_A 0.0478737 0.0494405 0.0603089 0.0600952 0.0641531 0.0640049 0.0579397 0.0749174 0.0634049 0.0706818 0.0719789 0.0643126 0.0596903 0.0646445 0.0954264 0.0799832 0.0572357 0.1998609 0.0684472 0.0697579 0.0649943 0.0697886 0.0000000 0.0739196 0.3459408 0.3431778 0.3491253 0.3436506 0.2107863 0.1764406 0.3896443 0.4207633 0.2821925 0.3991305 0.6147174 0.8203281 0.6528606 0.6347191 0.6447410 0.6198499 0.6425403 0.6453888 
S0019_G5513_R1_A 0.0462087 0.0507383 0.0506481 0.0670944 0.0671021 0.0625984 0.0593467 0.0766492 0.0647727 0.0739857 0.0709312 0.0658889 0.0597880 0.0676294 0.0932784 0.0804452 0.0585003 0.2424784 0.0558256 0.0713237 0.0610801 0.0685521 0.0739196 0.0000000 0.3645874 0.3616750 0.3603243 0.3439704 0.2040534 0.1788126 0.3817141 0.4123645 0.2788412 0.3943425 0.6021157 0.8094827 0.6450241 0.6341530 0.6365126 0.6158772 0.6435086 0.6450867 
S0009_G5513_R1_A 0.3056309 0.3169234 0.3381059 0.3357449 0.3322568 0.3323917 0.3299168 0.3619491 0.3507398 0.3531106 0.3421289 0.3263512 0.3251883 0.3335161 0.3672697 0.3403582 0.3277786 0.5039460 0.3393659 0.3487116 0.3249828 0.3458312 0.3459408 0.3645874 0.0000000 0.0061529 0.1715119 0.1836654 0.3805820 0.3479904 0.2571905 0.3035165 0.2515407 0.2081734 0.6391875 0.8139847 0.7435971 0.7704334 0.7737906 0.7467263 0.7933479 0.7928614 
S0010_G5513_R1_A 0.3029394 0.3142346 0.3353759 0.3330257 0.3295629 0.3329832 0.3252034 0.3545389 0.3478663 0.3502708 0.3393379 0.3236679 0.3225312 0.3307948 0.3642691 0.3353397 0.3251067 0.5018863 0.3371473 0.3459003 0.3223442 0.3430542 0.3431778 0.3616750 0.0061529 0.0000000 0.1719745 0.1766122 0.3813079 0.3451902 0.2556342 0.3018705 0.2486786 0.2101821 0.6318004 0.7980508 0.7396190 0.7626359 0.7660029 0.7391695 0.7853258 0.7848503 
S0014_G5513_R1_A 0.2792375 0.3138108 0.3217671 0.3230814 0.3233852 0.3345103 0.3236099 0.3558384 0.3352112 0.3498572 0.3345661 0.3253759 0.3148845 0.3200792 0.3655705 0.3348168 0.3272321 0.5088229 0.3347603 0.3372609 0.3373767 0.3449170 0.3491253 0.3603243 0.1715119 0.1719745 0.0000000 0.1129267 0.3507961 0.3414354 0.2186879 0.2700589 0.2263706 0.1377752 0.7197886 0.8736429 0.8049890 0.8048415 0.8027158 0.7836808 0.8267975 0.8361610 
S0008_G5513_R1_A 0.2819963 0.3038142 0.3193062 0.3258665 0.3221616 0.3446079 0.3276181 0.3403188 0.3379201 0.3491698 0.3349948 0.3188358 0.3157580 0.3230875 0.3516543 0.3352766 0.3225953 0.4904608 0.3328824 0.3420011 0.3269935 0.3328810 0.3436506 0.3439704 0.1836654 0.1766122 0.1129267 0.0000000 0.3769992 0.3391784 0.1974976 0.2165510 0.1904370 0.1862152 0.6852342 0.8566851 0.8492766 0.8405943 0.8403214 0.8145495 0.8475374 0.8590081 
S0035_G5513_R1_A 0.1722701 0.1759359 0.1854562 0.1938745 0.1878479 0.1991496 0.1789804 0.2118756 0.2004180 0.2105020 0.1897699 0.1897842 0.1811234 0.2008043 0.2343729 0.1982828 0.1926294 0.3686491 0.1841401 0.2133153 0.1995555 0.2067356 0.2107863 0.2040534 0.3805820 0.3813079 0.3507961 0.3769992 0.0000000 0.1683147 0.4033243 0.4552748 0.2831602 0.4041253 0.6603600 0.9467436 0.7645701 0.7949660 0.8023370 0.7598413 0.7703976 0.7733317 
S0005_G5513_R1_A 0.1422561 0.1454995 0.1589837 0.1564346 0.1617614 0.1802279 0.1624059 0.1763075 0.1511980 0.1776476 0.1658167 0.1700718 0.1446368 0.1608618 0.1968229 0.1808815 0.1568131 0.3444821 0.1655610 0.1759506 0.1720665 0.1647346 0.1764406 0.1788126 0.3479904 0.3451902 0.3414354 0.3391784 0.1683147 0.0000000 0.3841478 0.4286164 0.2662412 0.3846159 0.6665890 0.8808483 0.7134105 0.7437721 0.7438790 0.7151549 0.7312685 0.7382202 
S0015_G5513_R1_A 0.3329699 0.3439325 0.3651732 0.3633989 0.3725145 0.3686186 0.3614748 0.3780531 0.3738584 0.3597447 0.3777579 0.3599199 0.3525788 0.3681061 0.4054584 0.3691168 0.3655329 0.5054340 0.3609625 0.3757247 0.3657445 0.3758840 0.3896443 0.3817141 0.2571905 0.2556342 0.2186879 0.1974976 0.4033243 0.3841478 0.0000000 0.1235355 0.2787051 0.2576577 0.7157063 0.9023034 0.8104825 0.8282650 0.8338316 0.7984129 0.8308835 0.8236935 
S0034_G5513_R1_A 0.3549129 0.3729278 0.3949514 0.3947416 0.4050963 0.4088238 0.3963175 0.4182458 0.4071140 0.4039978 0.3973129 0.3948279 0.3831611 0.4001140 0.4351096 0.4034691 0.3914823 0.5487418 0.4038896 0.4044745 0.3938523 0.4034635 0.4207633 0.4123645 0.3035165 0.3018705 0.2700589 0.2165510 0.4552748 0.4286164 0.1235355 0.0000000 0.3015061 0.2948798 0.7051423 0.9203391 0.8105561 0.8195049 0.8219994 0.7892621 0.8336341 0.8077933 
S0033_G5513_R1_A 0.2293660 0.2456543 0.2554993 0.2655120 0.2669035 0.2612120 0.2631853 0.2703314 0.2662117 0.2730735 0.2684468 0.2563310 0.2473992 0.2531918 0.2862895 0.2669944 0.2540213 0.3426374 0.2570205 0.2619266 0.2600950 0.2670229 0.2821925 0.2788412 0.2515407 0.2486786 0.2263706 0.1904370 0.2831602 0.2662412 0.2787051 0.3015061 0.0000000 0.2767168 0.4888276 0.6259793 0.6609712 0.6718175 0.6748548 0.6574746 0.6776032 0.6816305 
S0027_G5513_R1_A 0.3380328 0.3554579 0.3620781 0.3665894 0.3694399 0.3747916 0.3641417 0.3921539 0.3864584 0.3901643 0.3764638 0.3681342 0.3576924 0.3635750 0.4055068 0.3945148 0.3673731 0.5625381 0.3622025 0.3816745 0.3751827 0.3932660 0.3991305 0.3943425 0.2081734 0.2101821 0.1377752 0.1862152 0.4041253 0.3846159 0.2576577 0.2948798 0.2767168 0.0000000 0.7307701 0.9025879 0.7980422 0.8008945 0.8084508 0.7803540 0.8186870 0.8255163 
S0006_G5513_R1_A 0.5981787 0.6179275 0.6319095 0.6101305 0.6477563 0.6321492 0.6191538 0.6230019 0.6450063 0.6326805 0.6479389 0.6375315 0.6268772 0.6518744 0.6345209 0.6142596 0.6283431 0.7359870 0.6167566 0.6354366 0.6305314 0.6655087 0.6147174 0.6021157 0.6391875 0.6318004 0.7197886 0.6852342 0.6603600 0.6665890 0.7157063 0.7051423 0.4888276 0.7307701 0.0000000 0.8177010 0.9279919 0.9665119 0.9936596 0.9669413 0.9990133 0.9764492 
S0039_G5513_R1_A 0.7821976 0.8148188 0.8135594 0.7995737 0.8193598 0.7815196 0.7611271 0.8067991 0.8149396 0.7955728 0.8059940 0.8139875 0.8091818 0.8118323 0.7839970 0.7959029 0.8192525 0.9586911 0.7848965 0.7804350 0.7851655 0.8279748 0.8203281 0.8094827 0.8139847 0.7980508 0.8736429 0.8566851 0.9467436 0.8808483 0.9023034 0.9203391 0.6259793 0.9025879 0.8177010 0.0000000 0.8997226 0.8602014 0.8755489 0.8434708 0.9034655 0.9027198 
S0001_G5513_R1_A 0.6262349 0.6386056 0.6379694 0.6366311 0.6451894 0.6138345 0.6227936 0.6433128 0.6334257 0.6321280 0.6469820 0.6653457 0.6221348 0.6535341 0.6589805 0.6755878 0.6304141 0.8451918 0.6387456 0.6487573 0.6469644 0.6338082 0.6528606 0.6450241 0.7435971 0.7396190 0.8049890 0.8492766 0.7645701 0.7134105 0.8104825 0.8105561 0.6609712 0.7980422 0.9279919 0.8997226 0.0000000 0.0832204 0.0803751 0.0700799 0.0985372 0.0973573 
S0024_G5513_R1_A 0.6052282 0.6226284 0.6335429 0.6313796 0.6367727 0.6008373 0.6099071 0.6403860 0.6289506 0.6279407 0.6281937 0.6452966 0.6091355 0.6421045 0.6405306 0.6705599 0.6165601 0.8478031 0.6420570 0.6404824 0.6326588 0.6400623 0.6347191 0.6341530 0.7704334 0.7626359 0.8048415 0.8405943 0.7949660 0.7437721 0.8282650 0.8195049 0.6718175 0.8008945 0.9665119 0.8602014 0.0832204 0.0000000 0.0282150 0.0206236 0.0516985 0.0544797 
S0032_G5513_R2_N 0.6154996 0.6328473 0.6336277 0.6414473 0.6468447 0.6076488 0.6197755 0.6471922 0.6391545 0.6313776 0.6395151 0.6496296 0.6247101 0.6488679 0.6544098 0.6810166 0.6263733 0.8652214 0.6455812 0.6443847 0.6425940 0.6531495 0.6447410 0.6365126 0.7737906 0.7660029 0.8027158 0.8403214 0.8023370 0.7438790 0.8338316 0.8219994 0.6748548 0.8084508 0.9936596 0.8755489 0.0803751 0.0282150 0.0000000 0.0194431 0.0480118 0.0507812 
S0032_G5513_R1_N 0.5900698 0.6010377 0.6089583 0.6132002 0.6185512 0.5837255 0.5954162 0.6189769 0.6105452 0.6066204 0.6099219 0.6326945 0.5973773 0.6236678 0.6309510 0.6514364 0.6021074 0.8297576 0.6168003 0.6283143 0.6147043 0.6252235 0.6198499 0.6158772 0.7467263 0.7391695 0.7836808 0.8145495 0.7598413 0.7151549 0.7984129 0.7892621 0.6574746 0.7803540 0.9669413 0.8434708 0.0700799 0.0206236 0.0194431 0.0000000 0.0411732 0.0438750 
S0025_G5513_R1_A 0.6082880 0.6334859 0.6342536 0.6303375 0.6327717 0.6111373 0.6249190 0.6449999 0.6371406 0.6231093 0.6177376 0.6533206 0.6166752 0.6410812 0.6365011 0.6818243 0.6241226 0.8663961 0.6435833 0.6603288 0.6404013 0.6464493 0.6425403 0.6435086 0.7933479 0.7853258 0.8267975 0.8475374 0.7703976 0.7312685 0.8308835 0.8336341 0.6776032 0.8186870 0.9990133 0.9034655 0.0985372 0.0516985 0.0480118 0.0411732 0.0000000 0.0195227 
S0029_G5513_R1_A 0.6144417 0.6364089 0.6404756 0.6331789 0.6324982 0.6138987 0.6277692 0.6478516 0.6368559 0.6319684 0.6264201 0.6562097 0.6161950 0.6405542 0.6519071 0.6754515 0.6269322 0.8630435 0.6497139 0.6541220 0.6432274 0.6492708 0.6453888 0.6450867 0.7928614 0.7848503 0.8361610 0.8590081 0.7733317 0.7382202 0.8236935 0.8077933 0.6816305 0.8255163 0.9764492 0.9027198 0.0973573 0.0544797 0.0507812 0.0438750 0.0195227 0.0000000 
