69
S0034_G5596_R1_A 0.0000000 0.7095925 0.8293172 0.8293172 0.6596909 0.7915568 0.8044359 0.8044359 0.7909173 0.8041757 0.8080435 0.7921430 0.7965293 0.7916587 0.8077604 0.7915568 0.8403930 0.8208577 0.7953005 0.7791602 0.8006487 0.8198634 0.8069285 0.7579616 0.7920852 0.7963365 0.8049594 0.7861463 0.7867843 0.8513218 0.7966930 0.7966930 0.7966930 0.7860696 0.7383311 0.7579443 0.7579443 0.7455788 0.7882513 0.9564756 0.9606525 0.9110725 0.9512786 0.8803025 0.8971808 0.8472321 1.0071607 1.0161903 0.7465697 0.8114141 0.8114141 0.8307560 0.7273814 0.8415094 1.0537167 1.0596578 1.0212238 1.0660175 1.0441193 1.0403147 1.1091740 1.0985373 1.0886784 0.9799412 0.9431202 0.9312475 0.9480615 0.9290109 0.9232714 
S0014_G5596_R1_A 0.7095925 0.0000000 0.9768996 0.9768996 0.7917306 0.8940618 0.9087976 0.9087976 0.8932192 0.9196728 0.9026257 0.8947216 0.8990085 0.8731178 0.9022744 0.8644803 0.9265330 0.9383161 0.8990085 0.9085645 0.8829272 0.8944811 0.9004103 0.8755856 0.9041311 0.8923794 0.8815628 0.9084062 0.9515910 0.9404814 0.8888142 0.8888142 0.8997667 0.8716232 0.8280233 0.8611597 0.8519050 0.8747658 0.9518545 1.0558487 0.9992809 0.9067354 0.9900823 0.9688648 0.9387983 1.0128008 1.1061064 1.3473969 0.7284830 1.0730617 1.0730617 1.0860726 0.7619295 0.9381882 1.1545386 1.1616773 1.1679867 1.1681520 1.1441675 1.1405461 1.1753454 1.1890548 1.2081942 1.1466385 1.0882036 1.0740918 1.0799692 1.0952420 1.1003491 
S0039_G5596_R1_A 0.8293172 0.9768996 0.0000000 0.0000010 0.8488709 0.3846032 0.3918726 0.3918726 0.3787356 0.3920432 0.3963892 0.3787356 0.3891563 0.3534554 0.3787240 0.3965465 0.3843082 0.3787374 0.3891563 0.3718113 0.3824059 0.3965477 0.4040396 0.3648115 0.3788706 0.3845071 0.3902493 0.3832257 0.4021114 0.4328054 0.3924539 0.3924539 0.3986973 0.3431078 0.3754009 0.3882652 0.3944204 0.3520841 0.3793147 1.3196310 1.1565391 1.1111536 1.1772605 1.1440568 1.1389243 0.4416311 1.6546258 2.1258754 0.7082988 0.8368857 0.8368857 0.8561791 0.7897556 0.4269102 0.5684634 0.5705861 0.5905577 0.5802066 0.5808691 0.5670709 0.5856004 0.5933152 0.5948897 0.6033060 0.5606158 0.5724536 0.5634569 0.6262165 0.6083015 
S0051_G5596_R1_A 0.8293172 0.9768996 0.0000010 0.0000000 0.8488709 0.3846032 0.3918726 0.3918726 0.3787356 0.3920432 0.3963892 0.3787356 0.3891563 0.3534554 0.3787240 0.3965465 0.3843082 0.3787374 0.3891563 0.3718113 0.3824059 0.3965477 0.4040396 0.3648115 0.3788706 0.3845071 0.3902493 0.3832257 0.4021114 0.4328054 0.3924539 0.3924539 0.3986973 0.3431078 0.3754009 0.3882652 0.3944204 0.3520841 0.3793147 1.3196310 1.1565391 1.1111536 1.1772605 1.1440568 1.1389243 0.4416311 1.6546258 2.1258754 0.7082988 0.8368857 0.8368857 0.8561791 0.7897556 0.4269102 0.5684634 0.5705861 0.5905577 0.5802066 0.5808691 0.5670709 0.5856004 0.5933152 0.5948897 0.6033060 0.5606158 0.5724536 0.5634569 0.6262165 0.6083015 
S0010_G5596_R2_A 0.6596909 0.7917306 0.8488709 0.8488709 0.0000000 0.7095370 0.7210562 0.7210562 0.7090345 0.7297781 0.7169238 0.7100590 0.7144736 0.7185737 0.7234071 0.7176873 0.7541873 0.7447187 0.7309120 0.6984715 0.7178904 0.7354225 0.7391761 0.7020204 0.7182494 0.7402892 0.7483983 0.7223627 0.7717442 0.8042079 0.7574165 0.7574165 0.7667656 0.7326336 0.7067685 0.7811099 0.7908077 0.7238662 0.8057685 1.0690274 1.1148863 1.0943362 1.1472797 1.0848108 1.0635653 0.9168710 1.1038267 1.1874496 0.3241192 0.6249517 0.6249517 0.6408857 0.6192854 0.8270819 0.9775091 0.9942240 0.9678137 0.9667339 0.9464621 0.9531390 0.9603502 0.9603502 0.9994682 0.8859442 0.8995153 0.8883157 0.8945682 0.8920799 0.8687383 
S0036_G5596_R1_U 0.7915568 0.8940618 0.3846032 0.3846032 0.7095370 0.0000000 0.0111177 0.0111177 0.0073776 0.0148492 0.0260571 0.0148253 0.0147792 0.0223191 0.0227089 0.0223095 0.0261334 0.0224736 0.0297877 0.0185980 0.0110905 0.0185619 0.0337709 0.0260948 0.0186506 0.0261973 0.0376465 0.0222543 0.0738928 0.1518758 0.0772362 0.0772362 0.0732457 0.1618287 0.2218703 0.2274519 0.2325054 0.0936375 0.2931998 1.0819798 0.9385784 0.8898716 0.9392442 0.9340665 0.9078939 0.3127422 1.3489103 1.6711890 0.5502784 0.6679823 0.6679823 0.6842148 0.6994871 0.2560814 0.4660067 0.4744326 0.4727961 0.4564710 0.4503458 0.4592287 0.4579588 0.4646739 0.4660067 0.4653424 0.4482633 0.4274697 0.4388462 0.4519705 0.4437283 
S0048_G5596_R1_A 0.8044359 0.9087976 0.3918726 0.3918726 0.7210562 0.0111177 0.0000000 0.0000010 0.0111162 0.0186455 0.0261315 0.0186154 0.0185574 0.0261571 0.0266164 0.0261460 0.0300032 0.0263378 0.0298715 0.0224188 0.0148539 0.0223751 0.0338435 0.0299585 0.0224822 0.0300762 0.0416014 0.0260811 0.0781527 0.1567717 0.0814819 0.0814819 0.0774648 0.1568610 0.2267993 0.2219873 0.2269989 0.1027619 0.2925723 1.1020331 0.9546009 0.9044761 0.9548672 0.9497438 0.9230871 0.3251695 1.3774442 1.7098944 0.5594196 0.6789062 0.6789062 0.6953331 0.7106384 0.2503649 0.4581660 0.4664788 0.4648833 0.4487728 0.4427035 0.4514631 0.4502230 0.4568675 0.4581660 0.4506708 0.4418585 0.4199364 0.4312188 0.4441045 0.4359735 
S0050_G5596_R1_A 0.8044359 0.9087976 0.3918726 0.3918726 0.7210562 0.0111177 0.0000010 0.0000000 0.0111162 0.0186455 0.0261315 0.0186154 0.0185574 0.0261571 0.0266164 0.0261460 0.0300032 0.0263378 0.0298715 0.0224188 0.0148539 0.0223751 0.0338435 0.0299585 0.0224822 0.0300762 0.0416014 0.0260811 0.0781527 0.1567717 0.0814819 0.0814819 0.0774648 0.1568610 0.2267993 0.2219873 0.2269989 0.1027619 0.2925723 1.1020331 0.9546009 0.9044761 0.9548672 0.9497438 0.9230871 0.3251695 1.3774442 1.7098944 0.5594196 0.6789062 0.6789062 0.6953331 0.7106384 0.2503649 0.4581660 0.4664788 0.4648833 0.4487728 0.4427035 0.4514631 0.4502230 0.4568675 0.4581660 0.4506708 0.4418585 0.4199364 0.4312188 0.4441045 0.4359735 
S0020_G5596_R1_U 0.7909173 0.8932192 0.3787356 0.3787356 0.7090345 0.0073776 0.0111162 0.0111162 0.0000000 0.0148472 0.0260533 0.0148232 0.0147771 0.0223158 0.0227055 0.0223063 0.0261296 0.0224695 0.0297833 0.0185954 0.0110889 0.0185592 0.0337658 0.0260910 0.0186479 0.0261934 0.0376408 0.0185116 0.0655462 0.1518426 0.0772228 0.0772228 0.0732332 0.1617922 0.2267993 0.2273904 0.2324417 0.0981390 0.2931065 1.0805625 0.9376104 0.8890410 0.9382994 0.9331244 0.9070099 0.3203606 1.3463782 1.6670058 0.5499851 0.6675391 0.6675391 0.6837505 0.6990089 0.2560064 0.4657920 0.4742100 0.4725756 0.4562655 0.4501451 0.4590198 0.4577515 0.4644609 0.4657920 0.4651257 0.4480604 0.4272860 0.4386541 0.4517650 0.4435303 
S0019_G5596_R1_A 0.8041757 0.9196728 0.3920432 0.3920432 0.7297781 0.0148492 0.0186455 0.0186455 0.0148472 0.0000000 0.0337132 0.0223773 0.0223074 0.0299462 0.0304729 0.0299335 0.0338128 0.0301535 0.0374692 0.0262012 0.0185996 0.0261499 0.0415385 0.0337626 0.0262755 0.0262545 0.0377299 0.0223031 0.0740637 0.1522560 0.0774140 0.0774140 0.0734135 0.1713587 0.2376040 0.2380278 0.2431531 0.0983984 0.3048454 1.0757844 0.9374982 0.8752614 0.9235694 0.9183442 0.8926825 0.3382194 1.2800190 1.5922046 0.5665723 0.6786439 0.6786439 0.6950706 0.7190946 0.2671883 0.4807773 0.4893983 0.4876872 0.4709922 0.4647754 0.4738725 0.4725487 0.4793818 0.4807773 0.4802819 0.4629421 0.4416017 0.4531295 0.4666763 0.4582431 
S0031_G5596_R1_A 0.8080435 0.9026257 0.3963892 0.3963892 0.7169238 0.0260571 0.0261315 0.0261315 0.0260533 0.0337132 0.0000000 0.0260717 0.0335534 0.0336443 0.0420186 0.0412725 0.0452092 0.0415757 0.0259802 0.0375332 0.0298405 0.0374602 0.0530141 0.0451415 0.0376412 0.0453191 0.0569882 0.0411696 0.0778482 0.1606541 0.0892767 0.0892767 0.0852449 0.1572137 0.2261632 0.2322306 0.2373062 0.1111173 0.2879188 1.1045408 0.9577808 0.9077599 0.9579658 0.9528947 0.9263531 0.3257864 1.3774742 1.7047785 0.5566734 0.6914423 0.6914423 0.7079420 0.7143803 0.2610386 0.4595868 0.4679406 0.4663337 0.4501451 0.4440512 0.4528539 0.4516055 0.4582789 0.4595868 0.4651257 0.4480604 0.4272860 0.4386541 0.4517650 0.4435303 
S0016_G5596_R1_A 0.7921430 0.8947216 0.3787356 0.3787356 0.7100590 0.0148253 0.0186154 0.0186154 0.0148232 0.0223773 0.0260717 0.0000000 0.0222710 0.0223315 0.0304218 0.0298843 0.0337581 0.0301040 0.0374078 0.0261584 0.0185695 0.0261072 0.0414695 0.0337069 0.0262328 0.0338403 0.0453887 0.0298110 0.0820712 0.1609202 0.0732332 0.0732332 0.0692572 0.1665355 0.2221050 0.2324417 0.2375230 0.0982172 0.2933923 1.0686694 0.9392856 0.8905264 0.9399338 0.9347597 0.9085715 0.3261188 1.3309575 1.6482494 0.5506683 0.6684730 0.6684730 0.6847162 0.6999917 0.2560064 0.4663337 0.4747670 0.4731283 0.4567891 0.4506596 0.4595504 0.4582789 0.4649990 0.4663337 0.4495740 0.4389204 0.4249895 0.4362837 0.4492673 0.4411007 
S0028_G5596_R1_A 0.7965293 0.8990085 0.3891563 0.3891563 0.7144736 0.0147792 0.0185574 0.0185574 0.0147771 0.0223074 0.0335534 0.0222710 0.0000000 0.0298041 0.0264822 0.0297916 0.0336523 0.0262134 0.0372908 0.0260764 0.0185116 0.0260262 0.0413391 0.0336020 0.0261508 0.0337333 0.0452452 0.0297182 0.0736938 0.1514380 0.0770214 0.0770214 0.0730424 0.1704192 0.2260948 0.2266952 0.2317282 0.1021947 0.2921534 1.0869683 0.9436172 0.8948039 0.9441541 0.9390309 0.9128931 0.3247932 1.3527400 1.6713737 0.5550167 0.6729079 0.6729079 0.6891302 0.7043268 0.2501539 0.4706902 0.4791375 0.4774856 0.4611202 0.4549941 0.4639039 0.4626228 0.4693440 0.4706902 0.4568183 0.4337847 0.4194835 0.4307497 0.4436087 0.4354922 
S0030_G5596_R1_A 0.7916587 0.8731178 0.3534554 0.3534554 0.7185737 0.0223191 0.0261571 0.0261571 0.0223158 0.0299462 0.0336443 0.0223315 0.0298041 0.0000000 0.0381712 0.0374938 0.0414125 0.0377695 0.0450547 0.0337562 0.0260923 0.0336895 0.0414479 0.0413504 0.0338529 0.0376481 0.0492341 0.0374005 0.0902375 0.1608186 0.0853345 0.0853345 0.0813124 0.1755975 0.2219462 0.2274352 0.2324874 0.1019987 0.2879746 1.0573492 0.9276057 0.8797765 0.9285438 0.9233199 0.8974295 0.3131003 1.3459244 1.7138644 0.5577448 0.6684730 0.6684730 0.6847162 0.6919334 0.2664610 0.4728624 0.4744993 0.4797007 0.4632210 0.4570592 0.4660325 0.4647390 0.4715020 0.4728624 0.4722764 0.4550939 0.4340668 0.4455028 0.4588097 0.4504872 
S0002_G5596_R1_A 0.8077604 0.9022744 0.3787240 0.3787240 0.7234071 0.0227089 0.0266164 0.0266164 0.0227055 0.0304729 0.0420186 0.0304218 0.0264822 0.0381712 0.0000000 0.0303939 0.0343386 0.0384402 0.0458506 0.0343513 0.0265490 0.0265530 0.0500687 0.0342832 0.0266811 0.0422502 0.0501212 0.0380584 0.0751928 0.1547574 0.0827256 0.0827256 0.0786441 0.1511572 0.2056052 0.2220463 0.2271613 0.0954413 0.2885876 1.1096384 0.9720392 0.9201425 0.9718645 0.9667803 0.9394805 0.3084018 1.3693158 1.7486255 0.5600263 0.6807926 0.6807926 0.6973929 0.7128298 0.2282240 0.4426734 0.4509694 0.4494144 0.4333327 0.4272273 0.4359540 0.4347433 0.4414106 0.4426734 0.4613119 0.4181131 0.3979915 0.4093014 0.4218542 0.4265706 
S0004_G5596_R1_A 0.7915568 0.8644803 0.3965465 0.3965465 0.7176873 0.0223095 0.0261460 0.0261460 0.0223063 0.0299335 0.0412725 0.0298843 0.0297916 0.0374938 0.0303939 0.0000000 0.0375572 0.0377536 0.0373730 0.0337420 0.0260811 0.0336753 0.0414305 0.0298745 0.0338386 0.0414960 0.0531289 0.0373850 0.0860987 0.1562881 0.0934567 0.0934567 0.0894041 0.1617843 0.2368463 0.2323899 0.2374706 0.1155370 0.2985490 1.0544794 0.9610411 0.9105776 0.9611450 0.9560685 0.9293445 0.3485468 1.3074311 1.6572749 0.5716260 0.6788068 0.6788068 0.6950620 0.7077476 0.2508037 0.4591658 0.4675080 0.4659044 0.4497379 0.4436509 0.4524414 0.4511954 0.4578606 0.4591658 0.4717537 0.4545926 0.4335990 0.4450217 0.4583047 0.4499947 
S0046_G5596_R1_A 0.8403930 0.9265330 0.3843082 0.3843082 0.7541873 0.0261334 0.0300032 0.0300032 0.0261296 0.0338128 0.0452092 0.0337581 0.0336523 0.0414125 0.0343386 0.0375572 0.0000000 0.0415545 0.0489893 0.0338225 0.0299293 0.0375713 0.0531739 0.0452763 0.0377533 0.0454547 0.0571607 0.0412917 0.0903549 0.1522042 0.0977630 0.0977630 0.0936859 0.1758400 0.2425161 0.2421846 0.2473148 0.1113603 0.3090943 1.0955823 0.9632114 0.9126054 0.9632608 0.9581975 0.9314363 0.3436090 1.3656114 1.6893238 0.5729244 0.6859442 0.6859442 0.7024237 0.7167340 0.2722035 0.4475454 0.4557762 0.4542220 0.4382662 0.4322227 0.4408876 0.4396777 0.4462820 0.4475454 0.4728450 0.4426602 0.4220244 0.4333705 0.4463668 0.4381769 
S0022_G5596_R1_A 0.8208577 0.9383161 0.3787374 0.3787374 0.7447187 0.0224736 0.0263378 0.0263378 0.0224695 0.0301535 0.0415757 0.0301040 0.0262134 0.0377695 0.0384402 0.0377536 0.0415545 0.0000000 0.0453677 0.0262160 0.0262724 0.0339234 0.0495370 0.0416377 0.0340879 0.0418031 0.0535259 0.0376583 0.0867857 0.1666953 0.0941688 0.0941688 0.0900843 0.1769029 0.2492401 0.2388156 0.2439592 0.1164701 0.3006088 1.1028296 0.9763087 0.9240570 0.9760247 0.9709571 0.9435400 0.3438068 1.3432500 1.7051047 0.5704851 0.6708692 0.6708692 0.6871861 0.7245762 0.2467433 0.4678872 0.4763582 0.4747082 0.4582972 0.4521457 0.4610769 0.4597972 0.4665433 0.4678872 0.4603926 0.4356530 0.4226569 0.4340218 0.4470512 0.4388439 
S0018_G5596_R1_U 0.7953005 0.8990085 0.3891563 0.3891563 0.7309120 0.0297877 0.0298715 0.0298715 0.0297833 0.0374692 0.0259802 0.0374078 0.0372908 0.0450547 0.0458506 0.0373730 0.0489893 0.0453677 0.0000000 0.0412980 0.0335799 0.0412167 0.0568163 0.0489161 0.0414156 0.0491091 0.0608039 0.0449237 0.0817655 0.1692777 0.1013864 0.1013864 0.0973146 0.1703388 0.2461987 0.2267431 0.2317781 0.1151646 0.2922305 1.1108867 0.9303242 0.8826178 0.9311886 0.9260148 0.9002437 0.3418394 1.3681582 1.6666777 0.5688175 0.7051344 0.7051344 0.7217517 0.7280404 0.2551970 0.4772181 0.4857394 0.4840570 0.4675516 0.4613934 0.4703854 0.4690823 0.4758462 0.4772181 0.4503529 0.4335406 0.4133012 0.4245201 0.4372208 0.4291725 
S0013_G5596_R1_A 0.7791602 0.9085645 0.3718113 0.3718113 0.6984715 0.0185980 0.0224188 0.0224188 0.0185954 0.0262012 0.0375332 0.0261584 0.0260764 0.0337562 0.0343513 0.0337420 0.0338225 0.0262160 0.0412980 0.0000000 0.0223635 0.0299448 0.0454058 0.0299448 0.0300891 0.0377372 0.0493524 0.0336585 0.0863112 0.1657372 0.0895952 0.0895952 0.0855479 0.1759411 0.2324749 0.2381272 0.2432555 0.1024664 0.3049881 1.1019278 0.9431118 0.8938571 0.9436668 0.9384878 0.9120966 0.3306114 1.3593548 1.6879445 0.5520802 0.6786439 0.6786439 0.6950706 0.7020750 0.2671040 0.4805868 0.4892022 0.4874928 0.4708083 0.4645947 0.4736860 0.4723633 0.4791926 0.4805868 0.4507178 0.4338891 0.4136246 0.4248538 0.4375721 0.4295143 
S0026_G5596_R1_A 0.8006487 0.8829272 0.3824059 0.3824059 0.7178904 0.0110905 0.0148539 0.0148539 0.0110889 0.0185996 0.0298405 0.0185695 0.0185116 0.0260923 0.0265490 0.0260811 0.0299293 0.0262724 0.0335799 0.0223635 0.0000000 0.0223198 0.0376010 0.0298840 0.0224269 0.0300016 0.0414972 0.0260174 0.0779499 0.1563383 0.0732109 0.0732109 0.0692364 0.1663633 0.2318840 0.2323961 0.2374765 0.1024806 0.2985498 1.0671729 0.9376104 0.8890410 0.9382994 0.9331244 0.9070099 0.3202053 1.3463782 1.6670058 0.5572847 0.6760152 0.6760152 0.6923460 0.7076017 0.2612342 0.4565349 0.4648041 0.4632210 0.4471935 0.4411501 0.4498635 0.4486326 0.4552466 0.4565349 0.4651257 0.4480604 0.4272860 0.4386541 0.4517650 0.4435303 
S0011_G5596_R1_A 0.8198634 0.8944811 0.3965477 0.3965477 0.7354225 0.0185619 0.0223751 0.0223751 0.0185592 0.0261499 0.0374602 0.0261072 0.0260262 0.0336895 0.0265530 0.0336753 0.0375713 0.0339234 0.0412167 0.0299448 0.0223198 0.0000000 0.0376067 0.0375141 0.0300302 0.0376626 0.0492536 0.0335926 0.0820077 0.1554976 0.0853064 0.0853064 0.0812857 0.1662948 0.2119417 0.2323638 0.2374435 0.1024872 0.2985080 1.0799762 0.9501842 0.9010861 0.9505563 0.9505449 0.9241217 0.3316273 1.3598232 1.6763261 0.5644033 0.6786650 0.6786650 0.6949068 0.6848522 0.2457384 0.4690823 0.4774856 0.4758462 0.4595648 0.4534647 0.4623279 0.4610561 0.4677465 0.4690823 0.4752986 0.4450852 0.4372028 0.4485878 0.4618853 0.4535848 
S0037_G5596_R1_A 0.8069285 0.9004103 0.4040396 0.4040396 0.7391761 0.0337709 0.0338435 0.0338435 0.0337658 0.0415385 0.0530141 0.0414695 0.0413391 0.0414479 0.0500687 0.0414305 0.0531739 0.0495370 0.0568163 0.0454058 0.0376010 0.0376067 0.0000000 0.0491899 0.0455368 0.0533051 0.0572117 0.0490483 0.1029651 0.1658024 0.1061592 0.1061592 0.1020440 0.1805803 0.2274697 0.2381740 0.2433032 0.1292413 0.3159507 1.0890987 0.9554976 0.9268430 1.0007433 0.9736245 0.9463081 0.3557867 1.3522162 1.6743674 0.6037118 0.7044534 0.7044534 0.7212324 0.7536535 0.2672745 0.4873795 0.4960728 0.4943312 0.4774990 0.4712517 0.4804297 0.4790839 0.4859581 0.4873795 0.4635517 0.4465555 0.4258870 0.4372123 0.4374139 0.4420534 
S0017_G5596_R1_U 0.7579616 0.8755856 0.3648115 0.3648115 0.7020204 0.0260948 0.0299585 0.0299585 0.0260910 0.0337626 0.0451415 0.0337069 0.0336020 0.0413504 0.0342832 0.0298745 0.0452763 0.0416377 0.0489161 0.0299448 0.0298840 0.0375141 0.0491899 0.0000000 0.0376964 0.0453869 0.0570739 0.0412300 0.0898357 0.1600895 0.0976156 0.0976156 0.0935446 0.1656078 0.2420796 0.2312756 0.2363275 0.1155823 0.2864069 1.0284504 0.9509684 0.9012690 0.9513250 0.9462005 0.9197104 0.3489749 1.2553988 1.5908449 0.5579043 0.6683025 0.6683025 0.6845465 0.6780675 0.2344376 0.4597006 0.4680584 0.4664504 0.4502544 0.4441580 0.4529648 0.4517157 0.4583919 0.4597006 0.4557038 0.4388579 0.4184911 0.4297273 0.4425341 0.4344455 
S0012_G5596_R1_A 0.7920852 0.9041311 0.3788706 0.3788706 0.7182494 0.0186506 0.0224822 0.0224822 0.0186479 0.0262755 0.0376412 0.0262328 0.0261508 0.0338529 0.0266811 0.0338386 0.0377533 0.0340879 0.0414156 0.0300891 0.0224269 0.0300302 0.0455368 0.0376964 0.0000000 0.0378452 0.0494951 0.0337541 0.0820390 0.1608570 0.0812714 0.0812714 0.0772654 0.1618366 0.2369975 0.2374299 0.2425396 0.0981646 0.3040258 1.1242703 0.9719042 0.9201123 0.9717340 0.9666563 0.9394077 0.3315109 1.3945173 1.6322533 0.5763242 0.6990290 0.6990290 0.7158030 0.7172814 0.2554655 0.4499730 0.4581660 0.4566133 0.4436244 0.4375652 0.4462820 0.4516055 0.4582789 0.4529656 0.4751533 0.4578374 0.4366087 0.4481266 0.4615764 0.4531778 
S0021_G5596_R1_A 0.7963365 0.8923794 0.3845071 0.3845071 0.7402892 0.0261973 0.0300762 0.0300762 0.0261934 0.0262545 0.0453191 0.0338403 0.0337333 0.0376481 0.0422502 0.0414960 0.0454547 0.0418031 0.0491091 0.0377372 0.0300016 0.0376626 0.0533051 0.0453869 0.0378452 0.0000000 0.0110347 0.0185816 0.0782820 0.1570463 0.0816155 0.0816155 0.0775913 0.1856078 0.2482867 0.2537350 0.2589584 0.0983090 0.3220209 1.0791516 0.9768798 0.9203831 0.9714055 0.9546853 0.9394641 0.3312819 1.3434133 1.6863969 0.5755054 0.6972730 0.6972730 0.7139752 0.7210111 0.2676323 0.4885350 0.4868997 0.4955071 0.4786194 0.4723554 0.4815644 0.4802122 0.4871063 0.4885350 0.4949022 0.4773305 0.4554811 0.4671405 0.4810877 0.4591246 
S0021_G5596_R2_A 0.8049594 0.8815628 0.3902493 0.3902493 0.7483983 0.0376465 0.0416014 0.0416014 0.0376408 0.0377299 0.0569882 0.0453887 0.0452452 0.0492341 0.0501212 0.0531289 0.0571607 0.0535259 0.0608039 0.0493524 0.0414972 0.0492536 0.0572117 0.0570739 0.0494951 0.0110347 0.0000000 0.0299048 0.0823433 0.1614852 0.0938551 0.0938551 0.0897845 0.1901939 0.2533222 0.2587162 0.2639651 0.1113268 0.3273904 1.1192029 0.9872258 0.9517459 1.0045602 0.9877053 0.9719575 0.3367542 1.3408496 1.6161354 0.5823662 0.6880224 0.6880224 0.7045773 0.7288487 0.2622966 0.4951447 0.4934791 0.5021619 0.4851285 0.4788315 0.4881257 0.4867507 0.4936891 0.4951447 0.5013955 0.4837436 0.4616951 0.4733978 0.4875066 0.4654040 
S0023_G5596_R1_A 0.7861463 0.9084062 0.3832257 0.3832257 0.7223627 0.0222543 0.0260811 0.0260811 0.0185116 0.0223031 0.0411696 0.0298110 0.0297182 0.0374005 0.0380584 0.0373850 0.0412917 0.0376583 0.0449237 0.0336585 0.0260174 0.0335926 0.0490483 0.0412300 0.0337541 0.0185816 0.0299048 0.0000000 0.0696707 0.1513846 0.0770065 0.0770065 0.0730282 0.1795313 0.2462746 0.2415682 0.2466836 0.0978462 0.3082706 1.0713115 0.9542690 0.9046652 0.9545409 0.9379748 0.9230924 0.3246215 1.3135130 1.6449709 0.5688175 0.6723699 0.6723699 0.6885698 0.7034136 0.2654435 0.4769283 0.4854402 0.4837604 0.4672728 0.4611202 0.4701024 0.4688012 0.4755585 0.4769283 0.4830294 0.4657814 0.4445031 0.4559699 0.4694908 0.4479968 
S0033_G5596_R1_A 0.7867843 0.9515910 0.4021114 0.4021114 0.7717442 0.0738928 0.0781527 0.0781527 0.0655462 0.0740637 0.0778482 0.0820712 0.0736938 0.0902375 0.0751928 0.0860987 0.0903549 0.0867857 0.0817655 0.0863112 0.0779499 0.0820077 0.1029651 0.0898357 0.0820390 0.0782820 0.0823433 0.0696707 0.0000000 0.1208132 0.0941895 0.0941895 0.0901035 0.1338990 0.2216607 0.2050348 0.2099008 0.1216036 0.2628415 1.2353505 1.0592797 0.9997027 1.0568261 1.0392933 1.0222627 0.3369560 1.3894852 1.6912221 0.5974651 0.7663744 0.7663744 0.7663744 0.7424437 0.2293634 0.4975016 0.5063655 0.5045642 0.4977029 0.4912737 0.5008356 0.4994009 0.5065014 0.5080266 0.4635447 0.4337494 0.4194570 0.4372275 0.4594651 0.4511303 
S0008_G5596_R1_A 0.8513218 0.9404814 0.4328054 0.4328054 0.8042079 0.1518758 0.1567717 0.1567717 0.1518426 0.1522560 0.1606541 0.1609202 0.1514380 0.1608186 0.1547574 0.1562881 0.1522042 0.1666953 0.1692777 0.1657372 0.1563383 0.1554976 0.1658024 0.1600895 0.1608570 0.1570463 0.1614852 0.1513846 0.1208132 0.0000000 0.1785706 0.1785706 0.1740868 0.1559035 0.2488970 0.2377129 0.2328387 0.1782678 0.3064842 1.1737179 1.0105163 0.9554910 1.0093545 1.0101549 0.9936930 0.4022769 1.2611301 1.6331538 0.6250504 0.7507584 0.7507584 0.7589765 0.7378988 0.2458573 0.4483832 0.4565304 0.4549903 0.4646516 0.4520429 0.4594656 0.4500025 0.4566422 0.4579393 0.5038780 0.4662831 0.4573797 0.4494165 0.4833535 0.4813711 
S0035_G5596_R1_A 0.7966930 0.8888142 0.3924539 0.3924539 0.7574165 0.0772362 0.0814819 0.0814819 0.0772228 0.0774140 0.0892767 0.0732332 0.0770214 0.0853345 0.0827256 0.0934567 0.0977630 0.0941688 0.1013864 0.0895952 0.0732109 0.0853064 0.1061592 0.0976156 0.0812714 0.0816155 0.0938551 0.0770065 0.0941895 0.1785706 0.0000000 0.0000010 0.0036748 0.1983442 0.2377326 0.2569562 0.2621630 0.1071451 0.3197096 1.1243177 0.9937968 0.9590399 1.0016537 0.9736240 0.9578178 0.2811252 1.4270001 1.6741922 0.5937907 0.7028398 0.7028398 0.7028398 0.7524007 0.2718151 0.4458124 0.4539956 0.4524546 0.4459832 0.4398833 0.4486717 0.4474320 0.4541072 0.4684022 0.4775777 0.4765082 0.4547225 0.4663561 0.4871625 0.4784947 
S0035_G5596_R3_A 0.7966930 0.8888142 0.3924539 0.3924539 0.7574165 0.0772362 0.0814819 0.0814819 0.0772228 0.0774140 0.0892767 0.0732332 0.0770214 0.0853345 0.0827256 0.0934567 0.0977630 0.0941688 0.1013864 0.0895952 0.0732109 0.0853064 0.1061592 0.0976156 0.0812714 0.0816155 0.0938551 0.0770065 0.0941895 0.1785706 0.0000010 0.0000000 0.0036748 0.1983442 0.2377326 0.2569562 0.2621630 0.1071451 0.3197096 1.1243177 0.9937968 0.9590399 1.0016537 0.9736240 0.9578178 0.2811252 1.4270001 1.6741922 0.5937907 0.7028398 0.7028398 0.7028398 0.7524007 0.2718151 0.4458124 0.4539956 0.4524546 0.4459832 0.4398833 0.4486717 0.4474320 0.4541072 0.4684022 0.4775777 0.4765082 0.4547225 0.4663561 0.4871625 0.4784947 
S0035_G5596_R2_A 0.7966930 0.8997667 0.3986973 0.3986973 0.7667656 0.0732457 0.0774648 0.0774648 0.0732332 0.0734135 0.0852449 0.0692572 0.0730424 0.0813124 0.0786441 0.0894041 0.0936859 0.0900843 0.0973146 0.0855479 0.0692364 0.0812857 0.1020440 0.0935446 0.0772654 0.0775913 0.0897845 0.0730282 0.0901035 0.1740868 0.0036748 0.0036748 0.0000000 0.1937497 0.2327701 0.2520132 0.2571949 0.1028301 0.3144065 1.1243177 0.9937968 0.9590399 1.0016537 0.9736240 0.9578178 0.2759236 1.4474429 1.6741922 0.6015658 0.7028398 0.7028398 0.7028398 0.7615767 0.2667274 0.4524546 0.4607150 0.4591433 0.4526290 0.4464934 0.4553702 0.4541072 0.4608295 0.4621537 0.4712498 0.4701388 0.4485499 0.4601407 0.4807494 0.4721490 
S0027_G5596_R1_A 0.7860696 0.8716232 0.3431078 0.3431078 0.7326336 0.1618287 0.1568610 0.1568610 0.1617922 0.1713587 0.1572137 0.1665355 0.1704192 0.1755975 0.1511572 0.1617843 0.1758400 0.1769029 0.1703388 0.1759411 0.1663633 0.1662948 0.1805803 0.1656078 0.1618366 0.1856078 0.1901939 0.1795313 0.1338990 0.1559035 0.1983442 0.1983442 0.1937497 0.0000000 0.2061306 0.1722535 0.1769468 0.2037673 0.2229463 1.2077045 0.9983250 0.9605224 1.0154977 0.9999613 0.9713434 0.3984181 1.3821294 1.7629495 0.5720405 0.7498692 0.7498692 0.7581571 0.7443427 0.2526958 0.5253320 0.5345282 0.5465796 0.5437084 0.5299565 0.5239263 0.5273805 0.5346776 0.5363249 0.5187253 0.4600621 0.4450963 0.4438944 0.4773390 0.4753862 
S0015_G5596_R1_A 0.7383311 0.8280233 0.3754009 0.3754009 0.7067685 0.2218703 0.2267993 0.2267993 0.2267993 0.2376040 0.2261632 0.2221050 0.2260948 0.2219462 0.2056052 0.2368463 0.2425161 0.2492401 0.2461987 0.2324749 0.2318840 0.2119417 0.2274697 0.2420796 0.2369975 0.2482867 0.2533222 0.2462746 0.2216607 0.2488970 0.2377326 0.2377326 0.2327701 0.2061306 0.0000000 0.2028224 0.2078393 0.1846394 0.2465074 1.1582865 1.0092006 0.9425799 0.9970113 0.9809111 0.9528255 0.3332902 1.3749739 1.6986994 0.6262237 0.7587099 0.7587099 0.7770160 0.7187912 0.2866990 0.4888049 0.4905586 0.5096872 0.4890044 0.4892872 0.5059091 0.4975574 0.5047620 0.4927750 0.5087478 0.4243878 0.4507584 0.4495126 0.4924842 0.5043063 
S0009_G5596_R1_A 0.7579443 0.8611597 0.3882652 0.3882652 0.7811099 0.2274519 0.2219873 0.2219873 0.2273904 0.2380278 0.2322306 0.2324417 0.2266952 0.2274352 0.2220463 0.2323899 0.2421846 0.2388156 0.2267431 0.2381272 0.2323961 0.2323638 0.2381740 0.2312756 0.2374299 0.2537350 0.2587162 0.2415682 0.2050348 0.2377129 0.2569562 0.2569562 0.2520132 0.1722535 0.2028224 0.0000000 0.0036637 0.2052683 0.0575292 1.2638765 0.9957876 0.9520000 1.0067237 1.0016980 0.9729286 0.4541352 1.4005385 1.6413880 0.6551285 0.8389268 0.8389268 0.8389268 0.7778623 0.3044262 0.5380515 0.5474950 0.5597629 0.5453863 0.5382789 0.5485838 0.5401910 0.5476524 0.5493747 0.5805678 0.5117275 0.5247330 0.5231826 0.5687753 0.5733019 
S0010_G5596_R1_A 0.7579443 0.8519050 0.3944204 0.3944204 0.7908077 0.2325054 0.2269989 0.2269989 0.2324417 0.2431531 0.2373062 0.2375230 0.2317282 0.2324874 0.2271613 0.2374706 0.2473148 0.2439592 0.2317781 0.2432555 0.2374765 0.2374435 0.2433032 0.2363275 0.2425396 0.2589584 0.2639651 0.2466836 0.2099008 0.2328387 0.2621630 0.2621630 0.2571949 0.1769468 0.2078393 0.0036637 0.0000000 0.2103565 0.0615169 1.2507343 0.9957876 0.9520000 1.0067237 1.0016980 0.9729286 0.4609450 1.4203060 1.6641238 0.6635152 0.8492353 0.8492353 0.8492353 0.7696347 0.2991800 0.5454706 0.5550083 0.5673348 0.5528604 0.5457026 0.5561160 0.5476524 0.5551696 0.5569267 0.5734017 0.5049940 0.5180043 0.5164814 0.5617200 0.5662536 
S0005_G5596_R1_A 0.7455788 0.8747658 0.3520841 0.3520841 0.7238662 0.0936375 0.1027619 0.1027619 0.0981390 0.0983984 0.1111173 0.0982172 0.1021947 0.1019987 0.0954413 0.1155370 0.1113603 0.1164701 0.1151646 0.1024664 0.1024806 0.1024872 0.1292413 0.1155823 0.0981646 0.0983090 0.1113268 0.0978462 0.1216036 0.1782678 0.1071451 0.1071451 0.1028301 0.2037673 0.1846394 0.2052683 0.2103565 0.0000000 0.2605633 1.1070331 0.9483639 0.8871838 0.9376382 0.9206268 0.9055595 0.2655875 1.3251924 1.5707676 0.5327294 0.6600138 0.6600138 0.6600138 0.6539930 0.2426598 0.4222158 0.4222158 0.4288798 0.4302142 0.4237635 0.4302142 0.4237635 0.4304605 0.4317005 0.4701378 0.4141943 0.4337914 0.4456273 0.4663994 0.4712408 
S0009_G5596_R2_U 0.7882513 0.9518545 0.3793147 0.3793147 0.8057685 0.2931998 0.2925723 0.2925723 0.2931065 0.3048454 0.2879188 0.2933923 0.2921534 0.2879746 0.2885876 0.2985490 0.3090943 0.3006088 0.2922305 0.3049881 0.2985498 0.2985080 0.3159507 0.2864069 0.3040258 0.3220209 0.3273904 0.3082706 0.2628415 0.3064842 0.3197096 0.3197096 0.3144065 0.2229463 0.2465074 0.0575292 0.0615169 0.2605633 0.0000000 1.2907354 1.0553506 1.0065970 1.0529540 1.0481005 1.0178108 0.4964377 1.4172312 1.7163230 0.6976870 0.8834586 0.8834586 0.8834586 0.8276059 0.3488161 0.5632320 0.5730449 0.5855730 0.5707907 0.5634765 0.5742039 0.5655279 0.5732165 0.5750678 0.6524172 0.5699190 0.5909647 0.5812774 0.6229293 0.6357329 
S0049_G5596_R1_A 0.9564756 1.0558487 1.3196310 1.3196310 1.0690274 1.0819798 1.1020331 1.1020331 1.0805625 1.0757844 1.1045408 1.0686694 1.0869683 1.0573492 1.1096384 1.0544794 1.0955823 1.1028296 1.1108867 1.1019278 1.0671729 1.0799762 1.0890987 1.0284504 1.1242703 1.0791516 1.1192029 1.0713115 1.2353505 1.1737179 1.1243177 1.1243177 1.1243177 1.2077045 1.1582865 1.2638765 1.2507343 1.1070331 1.2907354 0.0000000 0.7894128 0.8150377 0.8525138 0.8373243 0.8248129 1.3409470 0.8671876 1.1754391 1.0521945 1.1506480 1.1506480 1.1780302 0.8721790 1.1269059 1.4122687 1.4234998 1.4262277 1.3769734 1.3476913 1.3445919 1.4048846 1.3910873 1.3611440 1.1040529 1.2228944 1.1882331 1.2105780 1.1413190 1.1396983 
S0001_G5596_R2_A 0.9606525 0.9992809 1.1565391 1.1565391 1.1148863 0.9385784 0.9546009 0.9546009 0.9376104 0.9374982 0.9577808 0.9392856 0.9436172 0.9276057 0.9720392 0.9610411 0.9632114 0.9763087 0.9303242 0.9431118 0.9376104 0.9501842 0.9554976 0.9509684 0.9719042 0.9768798 0.9872258 0.9542690 1.0592797 1.0105163 0.9937968 0.9937968 0.9937968 0.9983250 1.0092006 0.9957876 0.9957876 0.9483639 1.0553506 0.7894128 0.0000000 0.0761144 0.0848339 0.1219357 0.0946682 1.2827142 1.0345968 1.0761629 0.9438409 0.8907948 0.8907948 0.9121302 0.9642011 1.1691455 1.1505774 1.1713279 1.1640586 1.1133340 1.0901947 1.0987052 1.1324576 1.1324576 1.1505774 0.8817939 0.9320010 0.9089864 0.9248466 0.9149232 0.9107131 
S0032_G5596_R3_N 0.9110725 0.9067354 1.1111536 1.1111536 1.0943362 0.8898716 0.9044761 0.9044761 0.8890410 0.8752614 0.9077599 0.8905264 0.8948039 0.8797765 0.9201425 0.9105776 0.9126054 0.9240570 0.8826178 0.8938571 0.8890410 0.9010861 0.9268430 0.9012690 0.9201123 0.9203831 0.9517459 0.9046652 0.9997027 0.9554910 0.9590399 0.9590399 0.9590399 0.9605224 0.9425799 0.9520000 0.9520000 0.8871838 1.0065970 0.8150377 0.0761144 0.0000000 0.0340158 0.0834268 0.0584107 1.1999291 1.0550494 1.1023826 0.9014854 0.9352527 0.9352527 0.9468718 0.8987877 1.0997106 1.0655749 1.0837939 1.0777188 1.0327809 1.0118067 1.0190842 1.0495888 1.0495888 1.0655749 0.8686187 0.8883680 0.8586332 0.8731101 0.8633421 0.8596441 
S0032_G5596_R4_N 0.9512786 0.9900823 1.1772605 1.1772605 1.1472797 0.9392442 0.9548672 0.9548672 0.9382994 0.9235694 0.9579658 0.9399338 0.9441541 0.9285438 0.9718645 0.9611450 0.9632608 0.9760247 0.9311886 0.9436668 0.9382994 0.9505563 1.0007433 0.9513250 0.9717340 0.9714055 1.0045602 0.9545409 1.0568261 1.0093545 1.0016537 1.0016537 1.0016537 1.0154977 0.9970113 1.0067237 1.0067237 0.9376382 1.0529540 0.8525138 0.0848339 0.0340158 0.0000000 0.0879564 0.0626914 1.2708601 1.1157477 1.1097179 0.9745142 1.0014382 1.0014382 1.0138966 0.9598955 1.1507066 1.1124967 1.1319298 1.1252682 1.0775768 1.0556024 1.0634826 1.0954926 1.0954926 1.1124967 0.9386217 0.9688716 0.9357934 0.9517480 0.9631881 0.9378541 
S0025_G5596_R2_A 0.8803025 0.9688648 1.1440568 1.1440568 1.0848108 0.9340665 0.9497438 0.9497438 0.9331244 0.9183442 0.9528947 0.9347597 0.9390309 0.9233199 0.9667803 0.9560685 0.9581975 0.9709571 0.9260148 0.9384878 0.9331244 0.9505449 0.9736245 0.9462005 0.9666563 0.9546853 0.9877053 0.9379748 1.0392933 1.0101549 0.9736240 0.9736240 0.9736240 0.9999613 0.9809111 1.0016980 1.0016980 0.9206268 1.0481005 0.8373243 0.1219357 0.0834268 0.0879564 0.0000000 0.0306024 1.2399563 1.0452136 1.1226943 0.9316636 0.9736344 0.9736344 0.9962595 0.9217662 1.1455508 1.1620918 1.1825996 1.1753721 1.1252610 1.1024569 1.1109173 1.1441833 1.1441833 1.1620918 0.9492009 0.9573186 0.9245992 0.9403996 0.9307482 0.9265068 
S0029_G5596_R2_A 0.8971808 0.9387983 1.1389243 1.1389243 1.0635653 0.9078939 0.9230871 0.9230871 0.9070099 0.8926825 0.9263531 0.9085715 0.9128931 0.8974295 0.9394805 0.9293445 0.9314363 0.9435400 0.9002437 0.9120966 0.9070099 0.9241217 0.9463081 0.9197104 0.9394077 0.9394641 0.9719575 0.9230924 1.0222627 0.9936930 0.9578178 0.9578178 0.9578178 0.9713434 0.9528255 0.9729286 0.9729286 0.9055595 1.0178108 0.8248129 0.0946682 0.0584107 0.0626914 0.0306024 0.0000000 1.2191799 1.0249776 1.0804071 0.9241924 0.9921590 0.9921590 1.0151851 0.9160257 1.1264717 1.1197572 1.1394206 1.1326522 1.0844227 1.0622359 1.0702319 1.1025556 1.1025556 1.1197572 0.9326822 0.9409350 0.9086516 0.9242666 0.9144908 0.9103476 
S0035_G5596_R4_A 0.8472321 1.0128008 0.4416311 0.4416311 0.9168710 0.3127422 0.3251695 0.3251695 0.3203606 0.3382194 0.3257864 0.3261188 0.3247932 0.3131003 0.3084018 0.3485468 0.3436090 0.3438068 0.3418394 0.3306114 0.3202053 0.3316273 0.3557867 0.3489749 0.3315109 0.3312819 0.3367542 0.3246215 0.3369560 0.4022769 0.2811252 0.2811252 0.2759236 0.3984181 0.3332902 0.4541352 0.4609450 0.2655875 0.4964377 1.3409470 1.2827142 1.1999291 1.2708601 1.2399563 1.2191799 0.0000000 1.9470751 2.2626467 0.7076675 0.8261853 0.8261853 0.8261853 0.7616531 0.3912644 0.5903531 0.5926167 0.5981583 0.5980748 0.6058558 0.5864377 0.6002988 0.6082059 0.6026253 0.5936320 0.4991979 0.5032431 0.5015153 0.5198892 0.5360208 
S0003_G5596_R1_N 1.0071607 1.1061064 1.6546258 1.6546258 1.1038267 1.3489103 1.3774442 1.3774442 1.3463782 1.2800190 1.3774742 1.3309575 1.3527400 1.3459244 1.3693158 1.3074311 1.3656114 1.3432500 1.3681582 1.3593548 1.3463782 1.3598232 1.3522162 1.2553988 1.3945173 1.3434133 1.3408496 1.3135130 1.3894852 1.2611301 1.4270001 1.4270001 1.4474429 1.3821294 1.3749739 1.4005385 1.4203060 1.3251924 1.4172312 0.8671876 1.0345968 1.0550494 1.1157477 1.0452136 1.0249776 1.9470751 0.0000000 0.4537943 1.0119126 1.1197233 1.1197233 1.1486564 1.0141995 1.3648082 1.4131288 1.4444466 1.4131288 1.3575142 1.3259940 1.3395176 1.4050725 1.4050725 1.3754724 1.3397438 1.3624173 1.3424955 1.3493636 1.3379713 1.3102292 
S0003_G5596_R2_N 1.0161903 1.3473969 2.1258754 2.1258754 1.1874496 1.6711890 1.7098944 1.7098944 1.6670058 1.5922046 1.7047785 1.6482494 1.6713737 1.7138644 1.7486255 1.6572749 1.6893238 1.7051047 1.6666777 1.6879445 1.6670058 1.6763261 1.6743674 1.5908449 1.6322533 1.6863969 1.6161354 1.6449709 1.6912221 1.6331538 1.6741922 1.6741922 1.6741922 1.7629495 1.6986994 1.6413880 1.6641238 1.5707676 1.7163230 1.1754391 1.0761629 1.1023826 1.1097179 1.1226943 1.0804071 2.2626467 0.4537943 0.0000000 1.1473406 1.0960851 1.0960851 1.1238646 1.1110558 1.7489260 1.5137571 1.5477416 1.4979277 1.4949330 1.4606949 1.4765693 1.5894156 1.6100390 1.5137571 1.6240407 1.6823606 1.6597061 1.6852987 1.5911454 1.5940130 
S0009_G5596_R4_A 0.7465697 0.7284830 0.7082988 0.7082988 0.3241192 0.5502784 0.5594196 0.5594196 0.5499851 0.5665723 0.5566734 0.5506683 0.5550167 0.5577448 0.5600263 0.5716260 0.5729244 0.5704851 0.5688175 0.5520802 0.5572847 0.5644033 0.6037118 0.5579043 0.5763242 0.5755054 0.5823662 0.5688175 0.5974651 0.6250504 0.5937907 0.5937907 0.6015658 0.5720405 0.6262237 0.6551285 0.6635152 0.5327294 0.6976870 1.0521945 0.9438409 0.9014854 0.9745142 0.9316636 0.9241924 0.7076675 1.0119126 1.1473406 0.0000000 0.4819782 0.4819782 0.4819782 0.3159701 0.6279789 0.8168273 0.8302947 0.8265019 0.8265019 0.8089255 0.8013610 0.8040799 0.8136205 0.8349694 0.6930746 0.6838682 0.6757548 0.6815579 0.7019656 0.6749451 
S0009_G5596_R3_A 0.8114141 1.0730617 0.8368857 0.8368857 0.6249517 0.6679823 0.6789062 0.6789062 0.6675391 0.6786439 0.6914423 0.6684730 0.6729079 0.6684730 0.6807926 0.6788068 0.6859442 0.6708692 0.7051344 0.6786439 0.6760152 0.6786650 0.7044534 0.6683025 0.6990290 0.6972730 0.6880224 0.6723699 0.7663744 0.7507584 0.7028398 0.7028398 0.7028398 0.7498692 0.7587099 0.8389268 0.8492353 0.6600138 0.8834586 1.1506480 0.8907948 0.9352527 1.0014382 0.9736344 0.9921590 0.8261853 1.1197233 1.0960851 0.4819782 0.0000000 0.0000010 0.0073249 0.6770865 0.8033782 0.8552399 0.8698051 0.8655786 0.8655786 0.8468521 0.8388011 0.8314197 0.8415158 0.8552399 0.7556849 0.8077964 0.7975940 0.7939790 0.8301168 0.7981530 
S0010_G5596_R4_V 0.8114141 1.0730617 0.8368857 0.8368857 0.6249517 0.6679823 0.6789062 0.6789062 0.6675391 0.6786439 0.6914423 0.6684730 0.6729079 0.6684730 0.6807926 0.6788068 0.6859442 0.6708692 0.7051344 0.6786439 0.6760152 0.6786650 0.7044534 0.6683025 0.6990290 0.6972730 0.6880224 0.6723699 0.7663744 0.7507584 0.7028398 0.7028398 0.7028398 0.7498692 0.7587099 0.8389268 0.8492353 0.6600138 0.8834586 1.1506480 0.8907948 0.9352527 1.0014382 0.9736344 0.9921590 0.8261853 1.1197233 1.0960851 0.4819782 0.0000010 0.0000000 0.0073249 0.6770865 0.8033782 0.8552399 0.8698051 0.8655786 0.8655786 0.8468521 0.8388011 0.8314197 0.8415158 0.8552399 0.7556849 0.8077964 0.7975940 0.7939790 0.8301168 0.7981530 
S0010_G5596_R3_A 0.8307560 1.0860726 0.8561791 0.8561791 0.6408857 0.6842148 0.6953331 0.6953331 0.6837505 0.6950706 0.7079420 0.6847162 0.6891302 0.6847162 0.6973929 0.6950620 0.7024237 0.6871861 0.7217517 0.6950706 0.6923460 0.6949068 0.7212324 0.6845465 0.7158030 0.7139752 0.7045773 0.6885698 0.7663744 0.7589765 0.7028398 0.7028398 0.7028398 0.7581571 0.7770160 0.8389268 0.8492353 0.6600138 0.8834586 1.1780302 0.9121302 0.9468718 1.0138966 0.9962595 1.0151851 0.8261853 1.1486564 1.1238646 0.4819782 0.0073249 0.0073249 0.0000000 0.6770865 0.8215946 0.8745836 0.8894409 0.8850683 0.8850683 0.8661022 0.8579472 0.8503384 0.8605767 0.8745836 0.7739226 0.8267726 0.8163323 0.8125859 0.8496056 0.8171350 
S0015_G5596_R2_A 0.7273814 0.7619295 0.7897556 0.7897556 0.6192854 0.6994871 0.7106384 0.7106384 0.6990089 0.7190946 0.7143803 0.6999917 0.7043268 0.6919334 0.7128298 0.7077476 0.7167340 0.7245762 0.7280404 0.7020750 0.7076017 0.6848522 0.7536535 0.6780675 0.7172814 0.7210111 0.7288487 0.7034136 0.7424437 0.7378988 0.7524007 0.7524007 0.7615767 0.7443427 0.7187912 0.7778623 0.7696347 0.6539930 0.8276059 0.8721790 0.9642011 0.8987877 0.9598955 0.9217662 0.9160257 0.7616531 1.0141995 1.1110558 0.3159701 0.6770865 0.6770865 0.6770865 0.0000000 0.7428070 0.8640601 0.8681222 0.8740937 0.8561730 0.8383728 0.8344113 0.8699752 0.8800147 0.8828172 0.8002396 0.7998259 0.8086843 0.8147173 0.8131349 0.8093571 
S0006_G5596_R1_A 0.8415094 0.9381882 0.4269102 0.4269102 0.8270819 0.2560814 0.2503649 0.2503649 0.2560064 0.2671883 0.2610386 0.2560064 0.2501539 0.2664610 0.2282240 0.2508037 0.2722035 0.2467433 0.2551970 0.2671040 0.2612342 0.2457384 0.2672745 0.2344376 0.2554655 0.2676323 0.2622966 0.2654435 0.2293634 0.2458573 0.2718151 0.2718151 0.2667274 0.2526958 0.2866990 0.3044262 0.2991800 0.2426598 0.3488161 1.1269059 1.1691455 1.0997106 1.1507066 1.1455508 1.1264717 0.3912644 1.3648082 1.7489260 0.6279789 0.8033782 0.8033782 0.8215946 0.7428070 0.0000000 0.4521412 0.4536773 0.4649921 0.4536773 0.4411594 0.4356000 0.4523149 0.4461943 0.4536773 0.5072652 0.4322625 0.4515317 0.4309773 0.4768827 0.4753397 
S0038_G5596_R1_A 1.0537167 1.1545386 0.5684634 0.5684634 0.9775091 0.4660067 0.4581660 0.4581660 0.4657920 0.4807773 0.4595868 0.4663337 0.4706902 0.4728624 0.4426734 0.4591658 0.4475454 0.4678872 0.4772181 0.4805868 0.4565349 0.4690823 0.4873795 0.4597006 0.4499730 0.4885350 0.4951447 0.4769283 0.4975016 0.4483832 0.4458124 0.4458124 0.4524546 0.5253320 0.4888049 0.5380515 0.5454706 0.4222158 0.5632320 1.4122687 1.1505774 1.0655749 1.1124967 1.1620918 1.1197572 0.5903531 1.4131288 1.5137571 0.8168273 0.8552399 0.8552399 0.8745836 0.8640601 0.4521412 0.0000000 0.0036715 0.0110339 0.0073746 0.0148163 0.0111065 0.0147736 0.0185108 0.0110804 0.5499772 0.5204748 0.5494737 0.5402422 0.5743291 0.5797279 
S0042_G5596_R1_N 1.0596578 1.1616773 0.5705861 0.5705861 0.9942240 0.4744326 0.4664788 0.4664788 0.4742100 0.4893983 0.4679406 0.4747670 0.4791375 0.4744993 0.4509694 0.4675080 0.4557762 0.4763582 0.4857394 0.4892022 0.4648041 0.4774856 0.4960728 0.4680584 0.4581660 0.4868997 0.4934791 0.4854402 0.5063655 0.4565304 0.4539956 0.4539956 0.4607150 0.5345282 0.4905586 0.5474950 0.5550083 0.4222158 0.5730449 1.4234998 1.1713279 1.0837939 1.1319298 1.1825996 1.1394206 0.5926167 1.4444466 1.5477416 0.8302947 0.8698051 0.8698051 0.8894409 0.8681222 0.4536773 0.0036715 0.0000000 0.0147801 0.0111131 0.0186067 0.0148777 0.0185530 0.0223168 0.0148425 0.5596460 0.5297343 0.5590121 0.5496338 0.5842255 0.5896625 
