58
S0051_G5639_R1_A 0.0000000 0.0110401 0.2262511 0.3502274 0.3574719 0.3630208 0.3609763 0.3648259 0.3572306 0.3663994 0.3779995 0.3547766 0.3931847 0.2013871 0.1910873 0.2229387 0.2131503 0.2555499 0.5004200 0.5107982 0.4252192 0.3219665 0.5026523 0.4931511 0.4935410 0.4798622 0.4910280 0.4719808 0.4987360 0.6102093 0.4947188 0.4112793 0.4874524 0.3473606 0.2963583 0.3073610 0.4010264 0.6635337 0.7993117 0.6798504 0.6475991 0.6874640 0.6310153 0.4102480 0.3842398 0.4879729 0.5264413 0.4116011 0.4016064 0.4063396 0.4118961 0.4129951 0.4119977 0.4160180 0.4071380 0.4160612 0.4232264 0.8481628 
S0039_G5639_R1_A 0.0110401 0.0000000 0.2371229 0.3597928 0.3734993 0.3791407 0.3714820 0.3810614 0.3732306 0.3762647 0.3879964 0.3707422 0.4042657 0.2142390 0.2036862 0.2312503 0.2242590 0.2645104 0.5140439 0.5167172 0.4441771 0.3394699 0.5163068 0.5066045 0.5122411 0.4930948 0.5044099 0.4855915 0.5171143 0.6346498 0.5005441 0.4300888 0.5010437 0.3502865 0.3006722 0.3228290 0.4164126 0.6851651 0.7969873 0.7021024 0.6585771 0.6870390 0.6533831 0.4151487 0.3977766 0.4984445 0.5381588 0.4064238 0.3964325 0.4011363 0.4067179 0.4078321 0.4068171 0.4107803 0.4019214 0.4108611 0.4174612 0.8611309 
S0051_G5639_R2_A 0.2262511 0.2371229 0.0000000 0.7140715 0.7159669 0.7194406 0.7147162 0.7164243 0.7218691 0.7402664 0.7512099 0.7153904 0.8040197 0.4567461 0.4468112 0.5237966 0.5636314 0.5485670 0.6900384 0.6915838 0.5086224 0.3792349 0.7065193 0.6996633 0.6753943 0.6778153 0.6854310 0.6891075 0.6719970 0.7422729 0.7205087 0.5073423 0.6541114 0.7092521 0.5989724 0.6135918 0.6651810 0.7607218 0.9190839 0.8423859 0.7510110 0.7684947 0.7351443 0.6648914 0.5874096 0.7646904 0.8024226 0.7342207 0.7342207 0.7332970 0.7453895 0.7345677 0.7457260 0.7706266 0.7329533 0.7369697 0.7000167 1.2102068 
S0021_G5639_R3_A 0.3502274 0.3597928 0.7140715 0.0000000 0.0482487 0.0498562 0.0425720 0.0365686 0.0367208 0.0219640 0.0434746 0.0353909 0.1276125 0.2850504 0.2838718 0.2917001 0.2635103 0.2606756 0.4558734 0.4801039 0.4138331 0.3057575 0.4499129 0.4381599 0.4407927 0.4477258 0.4358350 0.4487961 0.4353344 0.5948165 0.4341556 0.3544700 0.4504687 0.3826105 0.2675700 0.3075835 0.3212393 0.7691180 0.8361749 0.7112877 0.6728085 0.6925831 0.6795916 0.4434524 0.4153826 0.5018395 0.5433470 0.4322565 0.4330262 0.4367267 0.4266593 0.4305779 0.4234006 0.4384389 0.4322847 0.4402315 0.4542478 0.6595545 
S0050_G5639_R1_A 0.3574719 0.3734993 0.7159669 0.0482487 0.0000000 0.0155102 0.0581507 0.0535297 0.0469314 0.0552292 0.0554844 0.0456473 0.1369104 0.2883710 0.2871644 0.2943052 0.2658059 0.2683154 0.4654434 0.5078465 0.4292228 0.3232107 0.4695485 0.4573675 0.4754637 0.4672046 0.4582154 0.4690866 0.4549472 0.6258291 0.4532164 0.3697043 0.4641258 0.3788428 0.2735101 0.3073030 0.3334637 0.7559770 0.8592966 0.7132575 0.6646033 0.6889896 0.6710402 0.4667212 0.4303880 0.5138714 0.5478395 0.4637728 0.4619138 0.4688223 0.4648777 0.4690345 0.4614867 0.4701422 0.4606031 0.4721034 0.4828047 0.6866069 
S0048_G5639_R1_A 0.3630208 0.3791407 0.7194406 0.0498562 0.0155102 0.0000000 0.0632455 0.0585878 0.0485492 0.0568530 0.0590469 0.0456849 0.1363151 0.2989519 0.2976969 0.2994723 0.2654198 0.2706048 0.4611726 0.5171715 0.4397352 0.3334805 0.4786470 0.4663523 0.4855342 0.4762462 0.4671173 0.4785700 0.4647776 0.6243537 0.4621614 0.3798670 0.4732981 0.3952094 0.2754920 0.3058321 0.3287698 0.7845017 0.8752344 0.7245093 0.7002747 0.7204006 0.6865191 0.4733455 0.4293493 0.5203691 0.5639120 0.4693932 0.4587751 0.4661507 0.4704764 0.4746572 0.4670753 0.4757784 0.4662769 0.4777644 0.4778643 0.6879662 
S0020_G5639_R1_A 0.3609763 0.3714820 0.7147162 0.0425720 0.0581507 0.0632455 0.0000000 0.0241129 0.0534058 0.0478872 0.0517915 0.0486533 0.1525370 0.2960032 0.2947449 0.3018828 0.2847973 0.2765396 0.4668612 0.4961442 0.4158741 0.3079462 0.4603656 0.4480479 0.4540519 0.4580313 0.4425709 0.4548600 0.4526515 0.5977767 0.4438522 0.3536542 0.4530253 0.3874547 0.2755624 0.3157748 0.3283662 0.7334688 0.8084546 0.6932788 0.6646759 0.6595867 0.6918359 0.4508968 0.4032285 0.4978291 0.5231691 0.4547978 0.4558967 0.4548491 0.4457813 0.4499222 0.4488143 0.4533288 0.4550980 0.4632326 0.4754377 0.6839046 
S0019_G5639_R1_A 0.3648259 0.3810614 0.7164243 0.0365686 0.0535297 0.0585878 0.0241129 0.0000000 0.0452330 0.0433545 0.0436611 0.0405897 0.1463553 0.2926704 0.2914377 0.3071556 0.2869355 0.2648663 0.4789000 0.5074203 0.4211908 0.3156335 0.4689492 0.4567171 0.4670352 0.4665979 0.4541205 0.4707650 0.4578862 0.6131368 0.4525489 0.3647110 0.4634951 0.3909603 0.2755915 0.3210102 0.3359767 0.7582405 0.8319031 0.7127762 0.6955223 0.6879172 0.6682832 0.4776562 0.4434455 0.5099726 0.5534172 0.4646384 0.4658535 0.4697442 0.4556319 0.4597664 0.4586417 0.4680212 0.4650526 0.4730445 0.4857660 0.6938816 
S0046_G5639_R1_A 0.3572306 0.3732306 0.7218691 0.0367208 0.0469314 0.0485492 0.0534058 0.0452330 0.0000000 0.0418874 0.0489285 0.0407351 0.1409623 0.2998808 0.2929274 0.3048404 0.2673787 0.2694599 0.4687826 0.4943686 0.4245219 0.3215289 0.4625420 0.4504140 0.4653313 0.4567805 0.4478988 0.4654623 0.4561916 0.6012488 0.4416808 0.3686815 0.4552758 0.3918400 0.2767755 0.3073000 0.3348147 0.7713843 0.8494220 0.7100466 0.6850014 0.7172640 0.6782110 0.4826320 0.4411242 0.4950609 0.5318033 0.4464680 0.4474271 0.4476761 0.4407136 0.4447183 0.4374069 0.4527332 0.4362102 0.4546008 0.4586708 0.6387807 
S0021_G5639_R4_A 0.3663994 0.3762647 0.7402664 0.0219640 0.0552292 0.0568530 0.0478872 0.0433545 0.0418874 0.0000000 0.0504169 0.0405813 0.1343610 0.2895442 0.2883282 0.3024526 0.2731195 0.2773993 0.4816017 0.5064678 0.4349210 0.3250720 0.4751825 0.4628781 0.4662630 0.4680232 0.4568980 0.4700152 0.4571464 0.6045026 0.4586845 0.3738930 0.4634594 0.3986803 0.2780069 0.3099956 0.3284414 0.7719389 0.8372976 0.7260226 0.6955720 0.7334650 0.6893085 0.4652893 0.4347189 0.4972351 0.5463809 0.4550705 0.4561487 0.4569213 0.4492038 0.4532723 0.4458588 0.4614038 0.4523347 0.4633221 0.4714044 0.6823551 
S0030_G5639_R1_A 0.3779995 0.3879964 0.7512099 0.0434746 0.0554844 0.0590469 0.0517915 0.0436611 0.0489285 0.0504169 0.0000000 0.0373786 0.1538052 0.3062837 0.3021173 0.3067736 0.2732856 0.2653277 0.4706160 0.5003051 0.4434371 0.3282785 0.4691349 0.4569061 0.4830366 0.4667834 0.4543084 0.4723601 0.4633718 0.6169419 0.4492740 0.3779688 0.4601588 0.3878760 0.2662888 0.3038385 0.3211092 0.8011632 0.8705759 0.7219231 0.7197028 0.7220107 0.7012986 0.4737910 0.4429575 0.5252641 0.5793440 0.4640209 0.4603352 0.4641821 0.4580348 0.4621718 0.4546484 0.4704285 0.4644271 0.4724017 0.4851227 0.6643164 
S0016_G5639_R1_A 0.3547766 0.3707422 0.7153904 0.0353909 0.0456473 0.0456849 0.0486533 0.0405897 0.0407351 0.0405813 0.0373786 0.0000000 0.1381202 0.2818850 0.2807042 0.3061666 0.2741403 0.2743819 0.4519281 0.4801503 0.4072560 0.3065455 0.4425828 0.4307575 0.4501462 0.4404107 0.4275496 0.4445927 0.4344801 0.5706081 0.4300762 0.3509228 0.4369546 0.3846754 0.2624189 0.3058420 0.3391247 0.7963797 0.9273603 0.7717496 0.7425050 0.7474154 0.7171647 0.4713824 0.4129212 0.5292619 0.5701184 0.4714981 0.4695258 0.4767862 0.4653521 0.4695866 0.4618990 0.4780283 0.4720004 0.4800669 0.4947947 0.6301849 
S0035_G5639_R2_A 0.3931847 0.4042657 0.8040197 0.1276125 0.1369104 0.1363151 0.1525370 0.1463553 0.1409623 0.1343610 0.1538052 0.1381202 0.0000000 0.3232295 0.3218226 0.3169940 0.2872193 0.3049627 0.5049217 0.5423605 0.4582121 0.3520954 0.4922273 0.4885043 0.5016498 0.4766087 0.4899440 0.4896565 0.4986943 0.6244652 0.4943114 0.3882587 0.5087241 0.4308278 0.2902467 0.3488565 0.3852208 0.8074930 0.9143341 0.7560659 0.7238886 0.7353155 0.7411459 0.4719633 0.4548267 0.5227311 0.5548447 0.4848245 0.4784742 0.4914555 0.5038397 0.5009502 0.4965900 0.4952567 0.4909699 0.4973608 0.5191017 0.7322561 
S0010_G5639_R1_A 0.2013871 0.2142390 0.4567461 0.2850504 0.2883710 0.2989519 0.2960032 0.2926704 0.2998808 0.2895442 0.3062837 0.2818850 0.3232295 0.0000000 0.0147653 0.1279888 0.1153086 0.1467843 0.3547816 0.3631436 0.2825721 0.1961187 0.3526976 0.3454089 0.3448433 0.3447117 0.3566154 0.3362350 0.3401473 0.4620337 0.3602192 0.2603576 0.3495548 0.2349594 0.2506874 0.2170150 0.4007770 0.5585973 0.6514271 0.5690945 0.5318568 0.5478361 0.5300582 0.3457316 0.3592342 0.4662496 0.5107569 0.3814202 0.3768956 0.3775219 0.3838801 0.3855359 0.3774008 0.3820888 0.3831582 0.3925350 0.3930464 0.8011913 
S0009_G5639_R1_A 0.1910873 0.2036862 0.4468112 0.2838718 0.2871644 0.2976969 0.2947449 0.2914377 0.2929274 0.2883282 0.3021173 0.2807042 0.3218226 0.0147653 0.0000000 0.1281631 0.1219364 0.1492381 0.3646842 0.3730129 0.2897588 0.2000635 0.3625429 0.3551314 0.3520454 0.3544043 0.3664688 0.3462472 0.3506138 0.4626833 0.3701259 0.2643598 0.3511777 0.2366273 0.2367268 0.2148498 0.3989043 0.5454026 0.6383343 0.5651240 0.5189084 0.5346254 0.5208672 0.3319399 0.3465197 0.4665385 0.5111599 0.3781495 0.3736036 0.3708840 0.3806102 0.3822708 0.3741474 0.3788348 0.3764955 0.3892254 0.3856653 0.7853599 
S0015_G5639_R2_A 0.2229387 0.2312503 0.5237966 0.2917001 0.2943052 0.2994723 0.3018828 0.3071556 0.3048404 0.3024526 0.3067736 0.3061666 0.3169940 0.1279888 0.1281631 0.0000000 0.1193915 0.1168836 0.3461840 0.3771030 0.2979698 0.2145637 0.3453146 0.3417991 0.3432877 0.3412027 0.3486845 0.3417417 0.3433893 0.4456166 0.3496419 0.2616285 0.3586358 0.2546681 0.2423297 0.2213283 0.4180513 0.6101408 0.7176647 0.6469312 0.5941109 0.6053401 0.6201935 0.3864982 0.3555130 0.4936655 0.5408406 0.4034949 0.3954275 0.3990035 0.4138626 0.4120415 0.4072847 0.4091923 0.3939135 0.4147298 0.4011819 0.8071316 
S0014_G5639_R1_A 0.2131503 0.2242590 0.5636314 0.2635103 0.2658059 0.2654198 0.2847973 0.2869355 0.2673787 0.2731195 0.2732856 0.2741403 0.2872193 0.1153086 0.1219364 0.1193915 0.0000000 0.1181268 0.3381106 0.3635718 0.2669230 0.1958846 0.3335100 0.3272795 0.3166176 0.3194610 0.3289481 0.3229871 0.3203950 0.3958072 0.3310245 0.2416563 0.3336258 0.2096902 0.2357693 0.2074684 0.4239905 0.6669987 0.7745709 0.6644956 0.6555824 0.6614564 0.6262781 0.3436456 0.3471895 0.4711276 0.4845040 0.3970166 0.3970166 0.4004640 0.3991080 0.3968366 0.3923994 0.4007024 0.3871914 0.4085955 0.4090566 0.7954886 
S0008_G5639_R1_A 0.2555499 0.2645104 0.5485670 0.2606756 0.2683154 0.2706048 0.2765396 0.2648663 0.2694599 0.2773993 0.2653277 0.2743819 0.3049627 0.1467843 0.1492381 0.1168836 0.1181268 0.0000000 0.3283075 0.3717469 0.2935753 0.1996317 0.3373701 0.3268856 0.3332677 0.3286312 0.3431697 0.3398933 0.3278366 0.4367715 0.3365837 0.2426242 0.3491796 0.2251094 0.2557343 0.1945218 0.4044817 0.6326544 0.7279773 0.6376196 0.6327310 0.6372290 0.5833473 0.3949506 0.3440282 0.5004273 0.5185928 0.3813839 0.3699361 0.3777616 0.3894292 0.3843950 0.3890794 0.3787891 0.3809674 0.3856795 0.3872584 0.7899078 
S0013_G5639_R1_A 0.5004200 0.5140439 0.6900384 0.4558734 0.4654434 0.4611726 0.4668612 0.4789000 0.4687826 0.4816017 0.4706160 0.4519281 0.5049217 0.3547816 0.3646842 0.3461840 0.3381106 0.3283075 0.0000000 0.0745784 0.0682907 0.0432304 0.0596488 0.0562494 0.0757527 0.0511547 0.0766925 0.0691228 0.0563059 0.1822341 0.0688224 0.0356819 0.0997673 0.4971574 0.4254020 0.2162304 0.6333934 0.6907872 0.7996186 0.7170871 0.6810319 0.6530511 0.6892088 0.5709939 0.3985075 0.5846958 0.6120718 0.5193908 0.5233931 0.5317049 0.5283258 0.5298731 0.5351015 0.5344643 0.5134400 0.5289223 0.4839980 0.8232016 
S0011_G5639_R1_A 0.5107982 0.5167172 0.6915838 0.4801039 0.5078465 0.5171715 0.4961442 0.5074203 0.4943686 0.5064678 0.5003051 0.4801503 0.5423605 0.3631436 0.3730129 0.3771030 0.3635718 0.3717469 0.0745784 0.0000000 0.0636288 0.0418168 0.0677354 0.0660337 0.0909744 0.0555166 0.0848270 0.0732326 0.0710841 0.2041206 0.0750625 0.0476742 0.0975038 0.5433658 0.4637917 0.2421614 0.6856461 0.7008620 0.7616429 0.6683560 0.6232765 0.6174268 0.6556357 0.5915343 0.4447043 0.6042433 0.6510495 0.5642487 0.5685888 0.5731694 0.5734902 0.5749619 0.5804142 0.5755582 0.5629568 0.5700114 0.5419442 0.8572537 
S0002_G5639_R1_A 0.4252192 0.4441771 0.5086224 0.4138331 0.4292228 0.4397352 0.4158741 0.4211908 0.4245219 0.4349210 0.4434371 0.4072560 0.4582121 0.2825721 0.2897588 0.2979698 0.2669230 0.2935753 0.0682907 0.0636288 0.0000000 0.0491443 0.0642235 0.0730251 0.0845808 0.0561397 0.0901005 0.0619654 0.0695965 0.1708865 0.0777442 0.0436932 0.0903415 0.4703639 0.3691377 0.1369671 0.5627182 0.5283190 0.6204456 0.5114059 0.4502695 0.4460418 0.4611664 0.5342511 0.3720134 0.5225102 0.5919479 0.5049895 0.5183169 0.5235483 0.5022300 0.5012700 0.5106251 0.5179398 0.5017678 0.5163776 0.5173394 0.7175932 
S0026_G5639_R1_A 0.3219665 0.3394699 0.3792349 0.3057575 0.3232107 0.3334805 0.3079462 0.3156335 0.3215289 0.3250720 0.3282785 0.3065455 0.3520954 0.1961187 0.2000635 0.2145637 0.1958846 0.1996317 0.0432304 0.0418168 0.0491443 0.0000000 0.0350398 0.0396551 0.0688745 0.0264295 0.0466029 0.0444731 0.0465500 0.1383526 0.0491309 0.0264062 0.0593873 0.3648416 0.2575466 0.0608895 0.4694960 0.4507534 0.5318634 0.4136050 0.3857551 0.4130414 0.3588364 0.4275646 0.2961950 0.4430077 0.4656865 0.3961993 0.4069459 0.4119109 0.3940933 0.3877799 0.4023375 0.4003868 0.3913588 0.4068362 0.4024344 0.5970857 
S0028_G5639_R1_A 0.5026523 0.5163068 0.7065193 0.4499129 0.4695485 0.4786470 0.4603656 0.4689492 0.4625420 0.4751825 0.4691349 0.4425828 0.4922273 0.3526976 0.3625429 0.3453146 0.3335100 0.3373701 0.0596488 0.0677354 0.0642235 0.0350398 0.0000000 0.0393389 0.0697422 0.0326593 0.0604993 0.0579574 0.0510054 0.1891042 0.0529231 0.0241633 0.0853489 0.5187089 0.4258116 0.2200604 0.6486739 0.6885081 0.7814834 0.6778088 0.6353694 0.6294072 0.6671114 0.5760854 0.4055510 0.6019030 0.6472406 0.5226396 0.5340545 0.5384490 0.5314603 0.5329788 0.5381441 0.5375123 0.5168095 0.5320535 0.5002205 0.8173608 
S0031_G5639_R1_A 0.4931511 0.5066045 0.6996633 0.4381599 0.4573675 0.4663523 0.4480479 0.4567171 0.4504140 0.4628781 0.4569061 0.4307575 0.4885043 0.3454089 0.3551314 0.3417991 0.3272795 0.3268856 0.0562494 0.0660337 0.0730251 0.0396551 0.0393389 0.0000000 0.0657076 0.0344903 0.0568871 0.0564875 0.0531131 0.1907826 0.0323004 0.0284060 0.0774645 0.5035868 0.4260426 0.2201572 0.6349922 0.7022843 0.7785879 0.6994434 0.6587555 0.6523988 0.6997037 0.5626405 0.4053215 0.6006709 0.6566777 0.5204521 0.5318421 0.5362387 0.5292777 0.5308032 0.5359696 0.5353396 0.5145879 0.5298682 0.4985005 0.7790041 
S0017_G5639_R1_A 0.4935410 0.5122411 0.6753943 0.4407927 0.4754637 0.4855342 0.4540519 0.4670352 0.4653313 0.4662630 0.4830366 0.4501462 0.5016498 0.3448433 0.3520454 0.3432877 0.3166176 0.3332677 0.0757527 0.0909744 0.0845808 0.0688745 0.0697422 0.0657076 0.0000000 0.0643882 0.0886029 0.0852944 0.0821680 0.2011605 0.0802387 0.0600017 0.1243238 0.5079071 0.3961949 0.2041347 0.6294198 0.6680002 0.7198796 0.6282343 0.5684494 0.5684051 0.6184074 0.6283713 0.4311505 0.5984202 0.6913070 0.5118525 0.5286756 0.5335114 0.5067293 0.5041235 0.5139540 0.5281372 0.5053115 0.5223611 0.5076221 0.7787711 
S0021_G5639_R2_A 0.4798622 0.4930948 0.6778153 0.4477258 0.4672046 0.4762462 0.4580313 0.4665979 0.4567805 0.4680232 0.4667834 0.4404107 0.4766087 0.3447117 0.3544043 0.3412027 0.3194610 0.3286312 0.0511547 0.0555166 0.0561397 0.0264295 0.0326593 0.0344903 0.0643882 0.0000000 0.0556739 0.0436351 0.0438716 0.1767513 0.0500705 0.0099557 0.0820954 0.5022140 0.4185784 0.2055006 0.6319097 0.7240910 0.7892317 0.7168445 0.6471820 0.6496627 0.7047892 0.5574070 0.4009584 0.5771894 0.6233345 0.5142273 0.5254018 0.5297475 0.5229561 0.5244838 0.5295867 0.5289674 0.5083413 0.5235312 0.4978425 0.8126968 
S0004_G5639_R1_A 0.4910280 0.5044099 0.6854310 0.4358350 0.4582154 0.4671173 0.4425709 0.4541205 0.4478988 0.4568980 0.4543084 0.4275496 0.4899440 0.3566154 0.3664688 0.3486845 0.3289481 0.3431697 0.0766925 0.0848270 0.0901005 0.0466029 0.0604993 0.0568871 0.0886029 0.0556739 0.0000000 0.0758256 0.0774661 0.2100095 0.0656817 0.0477933 0.0974732 0.5096323 0.4288653 0.2228088 0.6365790 0.7418883 0.8182031 0.7211568 0.6782640 0.6723199 0.7006808 0.5724785 0.3997059 0.6151589 0.6728630 0.5324047 0.5439874 0.5483947 0.5372174 0.5427423 0.5438774 0.5472901 0.5233564 0.5459094 0.5080531 0.8374734 
S0036_G5639_R1_A 0.4719808 0.4855915 0.6891075 0.4487961 0.4690866 0.4785700 0.4548600 0.4707650 0.4654623 0.4700152 0.4723601 0.4445927 0.4896565 0.3362350 0.3462472 0.3417417 0.3229871 0.3398933 0.0691228 0.0732326 0.0619654 0.0444731 0.0579574 0.0564875 0.0852944 0.0436351 0.0758256 0.0000000 0.0577272 0.1764869 0.0715157 0.0370721 0.0844826 0.4962692 0.4269734 0.2086092 0.6451859 0.6736086 0.7008227 0.6538520 0.5792342 0.5805850 0.6424161 0.5751175 0.4089859 0.5732755 0.6461563 0.5275576 0.5354204 0.5400428 0.5368652 0.5342154 0.5439100 0.5432404 0.5214772 0.5377355 0.5128709 0.8114585 
S0022_G5639_R1_A 0.4987360 0.5171143 0.6719970 0.4353344 0.4549472 0.4647776 0.4526515 0.4578862 0.4561916 0.4571464 0.4633718 0.4344801 0.4986943 0.3401473 0.3506138 0.3433893 0.3203950 0.3278366 0.0563059 0.0710841 0.0695965 0.0465500 0.0510054 0.0531131 0.0821680 0.0438716 0.0774661 0.0577272 0.0000000 0.1788473 0.0629156 0.0307671 0.1001711 0.5035349 0.4170853 0.1929291 0.6136606 0.6520985 0.6741966 0.6021596 0.5352743 0.5304666 0.5805687 0.5631722 0.4001354 0.5677025 0.6358337 0.5440018 0.5571701 0.5621201 0.5475433 0.5447210 0.5549430 0.5516485 0.5314921 0.5503352 0.5302593 0.7521023 
S0035_G5639_R1_A 0.6102093 0.6346498 0.7422729 0.5948165 0.6258291 0.6243537 0.5977767 0.6131368 0.6012488 0.6045026 0.6169419 0.5706081 0.6244652 0.4620337 0.4626833 0.4456166 0.3958072 0.4367715 0.1822341 0.2041206 0.1708865 0.1383526 0.1891042 0.1907826 0.2011605 0.1767513 0.2100095 0.1764869 0.1788473 0.0000000 0.2094102 0.1458198 0.2195592 0.6147680 0.5505188 0.3627585 0.7448939 0.8581514 0.8887608 0.8174750 0.7556013 0.7658458 0.8195618 0.6658762 0.4313787 0.7003367 0.7291829 0.6952561 0.7022636 0.7077466 0.7062033 0.7025933 0.7141707 0.6985999 0.6896812 0.6983694 0.6251408 0.9538045 
S0018_G5639_R1_A 0.4947188 0.5005441 0.7205087 0.4341556 0.4532164 0.4621614 0.4438522 0.4525489 0.4416808 0.4586845 0.4492740 0.4300762 0.4943114 0.3602192 0.3701259 0.3496419 0.3310245 0.3365837 0.0688224 0.0750625 0.0777442 0.0491309 0.0529231 0.0323004 0.0802387 0.0500705 0.0656817 0.0715157 0.0629156 0.2094102 0.0000000 0.0391189 0.0848690 0.5119008 0.4399356 0.2317915 0.6223465 0.7273796 0.8001749 0.7147093 0.6772481 0.6592178 0.6997985 0.5591067 0.4193165 0.5829590 0.6416048 0.5075479 0.5185076 0.5228045 0.5161843 0.5177152 0.5157208 0.5221490 0.5016312 0.5167438 0.4848359 0.8146417 
S0021_G5639_R1_A 0.4112793 0.4300888 0.5073423 0.3544700 0.3697043 0.3798670 0.3536542 0.3647110 0.3686815 0.3738930 0.3779688 0.3509228 0.3882587 0.2603576 0.2643598 0.2616285 0.2416563 0.2426242 0.0356819 0.0476742 0.0436932 0.0264062 0.0241633 0.0284060 0.0600017 0.0099557 0.0477933 0.0370721 0.0307671 0.1458198 0.0391189 0.0000000 0.0493494 0.4207614 0.3234167 0.1071175 0.5103094 0.4746220 0.5360624 0.4408385 0.4355552 0.4387776 0.3975151 0.4898877 0.3551691 0.5098881 0.5449583 0.4762868 0.4889867 0.4941837 0.4736831 0.4668748 0.4820928 0.4805241 0.4726194 0.4827826 0.4565813 0.6963464 
S0037_G5639_R1_U 0.4874524 0.5010437 0.6541114 0.4504687 0.4641258 0.4732981 0.4530253 0.4634951 0.4552758 0.4634594 0.4601588 0.4369546 0.5087241 0.3495548 0.3511777 0.3586358 0.3336258 0.3491796 0.0997673 0.0975038 0.0903415 0.0593873 0.0853489 0.0774645 0.1243238 0.0820954 0.0974732 0.0844826 0.1001711 0.2195592 0.0848690 0.0493494 0.0000000 0.4911000 0.4485568 0.2418470 0.6425131 0.6943900 0.7320274 0.6959615 0.6179115 0.6228737 0.6735739 0.5761103 0.3896196 0.6046006 0.6542889 0.5444507 0.5525572 0.5571770 0.5622129 0.5637380 0.5692600 0.5685705 0.5470812 0.5544026 0.5146595 0.7361304 
S0027_G5639_R1_A 0.3473606 0.3502865 0.7092521 0.3826105 0.3788428 0.3952094 0.3874547 0.3909603 0.3918400 0.3986803 0.3878760 0.3846754 0.4308278 0.2349594 0.2366273 0.2546681 0.2096902 0.2251094 0.4971574 0.5433658 0.4703639 0.3648416 0.5187089 0.5035868 0.5079071 0.5022140 0.5096323 0.4962692 0.5035349 0.6147680 0.5119008 0.4207614 0.4911000 0.0000000 0.3175617 0.3367211 0.4858878 0.6632991 0.7359976 0.6546474 0.6117292 0.6250629 0.6029234 0.4774965 0.4491705 0.6003346 0.6371424 0.4687505 0.4641956 0.4630892 0.4634358 0.4544734 0.4598588 0.4585742 0.4624030 0.4777728 0.4845529 0.8544069 
S0015_G5639_R1_A 0.2963583 0.3006722 0.5989724 0.2675700 0.2735101 0.2754920 0.2755624 0.2755915 0.2767755 0.2780069 0.2662888 0.2624189 0.2902467 0.2506874 0.2367268 0.2423297 0.2357693 0.2557343 0.4254020 0.4637917 0.3691377 0.2575466 0.4258116 0.4260426 0.3961949 0.4185784 0.4288653 0.4269734 0.4170853 0.5505188 0.4399356 0.3234167 0.4485568 0.3175617 0.0000000 0.2626227 0.3756737 0.6546324 0.7940574 0.6575237 0.6097037 0.6394269 0.6381485 0.3473968 0.3322000 0.5097696 0.5365025 0.3951727 0.3856893 0.3952290 0.3962145 0.4005884 0.3929897 0.3986664 0.3783114 0.3962679 0.3997271 0.9758845 
S0012_G5639_R1_A 0.3073610 0.3228290 0.6135918 0.3075835 0.3073030 0.3058321 0.3157748 0.3210102 0.3073000 0.3099956 0.3038385 0.3058420 0.3488565 0.2170150 0.2148498 0.2213283 0.2074684 0.1945218 0.2162304 0.2421614 0.1369671 0.0608895 0.2200604 0.2201572 0.2041347 0.2055006 0.2228088 0.2086092 0.1929291 0.3627585 0.2317915 0.1071175 0.2418470 0.3367211 0.2626227 0.0000000 0.4382404 0.6735087 0.7711451 0.6930723 0.6856636 0.7008637 0.6360732 0.4301572 0.3044480 0.4390220 0.4725600 0.4058235 0.4120632 0.4138606 0.4075667 0.4057524 0.4134892 0.4080001 0.3904644 0.4109354 0.3897132 0.8189947 
S0006_G5639_R1_A 0.4010264 0.4164126 0.6651810 0.3212393 0.3334637 0.3287698 0.3283662 0.3359767 0.3348147 0.3284414 0.3211092 0.3391247 0.3852208 0.4007770 0.3989043 0.4180513 0.4239905 0.4044817 0.6333934 0.6856461 0.5627182 0.4694960 0.6486739 0.6349922 0.6294198 0.6319097 0.6365790 0.6451859 0.6136606 0.7448939 0.6223465 0.5103094 0.6425131 0.4858878 0.3756737 0.4382404 0.0000000 0.7747203 0.9517290 0.7763112 0.7646060 0.7909040 0.6950529 0.4870106 0.4802376 0.5873084 0.6343082 0.5495881 0.5437696 0.5540285 0.5580613 0.5667453 0.5507111 0.5623611 0.5555212 0.5594138 0.5892469 0.9427964 
S0032_G5639_R1_N 0.6635337 0.6851651 0.7607218 0.7691180 0.7559770 0.7845017 0.7334688 0.7582405 0.7713843 0.7719389 0.8011632 0.7963797 0.8074930 0.5585973 0.5454026 0.6101408 0.6669987 0.6326544 0.6907872 0.7008620 0.5283190 0.4507534 0.6885081 0.7022843 0.6680002 0.7240910 0.7418883 0.6736086 0.6520985 0.8581514 0.7273796 0.4746220 0.6943900 0.6632991 0.6546324 0.6735087 0.7747203 0.0000000 0.0992335 0.0803305 0.1257330 0.1112272 0.0677092 0.6750328 0.5284729 0.7127952 0.7285253 0.7071237 0.6953460 0.7019150 0.6848360 0.6861192 0.6940352 0.7154628 0.6834493 0.7057498 0.6055478 1.1824989 
S0001_G5639_R1_A 0.7993117 0.7969873 0.9190839 0.8361749 0.8592966 0.8752344 0.8084546 0.8319031 0.8494220 0.8372976 0.8705759 0.9273603 0.9143341 0.6514271 0.6383343 0.7176647 0.7745709 0.7279773 0.7996186 0.7616429 0.6204456 0.5318634 0.7814834 0.7785879 0.7198796 0.7892317 0.8182031 0.7008227 0.6741966 0.8887608 0.8001749 0.5360624 0.7320274 0.7359976 0.7940574 0.7711451 0.9517290 0.0992335 0.0000000 0.0951529 0.1292255 0.1283672 0.0933950 0.7214140 0.7124294 0.8563226 0.8281135 0.7679968 0.7836378 0.7764254 0.7522236 0.7532179 0.7608911 0.7757240 0.7446968 0.7723568 0.7036681 1.3593280 
S0024_G5639_R1_A 0.6798504 0.7021024 0.8423859 0.7112877 0.7132575 0.7245093 0.6932788 0.7127762 0.7100466 0.7260226 0.7219231 0.7717496 0.7560659 0.5690945 0.5651240 0.6469312 0.6644956 0.6376196 0.7170871 0.6683560 0.5114059 0.4136050 0.6778088 0.6994434 0.6282343 0.7168445 0.7211568 0.6538520 0.6021596 0.8174750 0.7147093 0.4408385 0.6959615 0.6546474 0.6575237 0.6930723 0.7763112 0.0803305 0.0951529 0.0000000 0.1183944 0.1066078 0.0447713 0.6063274 0.5306467 0.6515643 0.6454002 0.6526273 0.6570242 0.6483666 0.6332365 0.6346888 0.6423370 0.6512589 0.6337924 0.6566560 0.5423185 1.1893951 
S0025_G5639_R1_A 0.6475991 0.6585771 0.7510110 0.6728085 0.6646033 0.7002747 0.6646759 0.6955223 0.6850014 0.6955720 0.7197028 0.7425050 0.7238886 0.5318568 0.5189084 0.5941109 0.6555824 0.6327310 0.6810319 0.6232765 0.4502695 0.3857551 0.6353694 0.6587555 0.5684494 0.6471820 0.6782640 0.5792342 0.5352743 0.7556013 0.6772481 0.4355552 0.6179115 0.6117292 0.6097037 0.6856636 0.7646060 0.1257330 0.1292255 0.1183944 0.0000000 0.0527895 0.1096688 0.5987209 0.5781813 0.6500334 0.6671215 0.6448317 0.6581714 0.6472588 0.6405962 0.6400097 0.6612646 0.6529752 0.6216940 0.6487312 0.5407931 1.1670486 
S0029_G5639_R1_A 0.6874640 0.6870390 0.7684947 0.6925831 0.6889896 0.7204006 0.6595867 0.6879172 0.7172640 0.7334650 0.7220107 0.7474154 0.7353155 0.5478361 0.5346254 0.6053401 0.6614564 0.6372290 0.6530511 0.6174268 0.4460418 0.4130414 0.6294072 0.6523988 0.5684051 0.6496627 0.6723199 0.5805850 0.5304666 0.7658458 0.6592178 0.4387776 0.6228737 0.6250629 0.6394269 0.7008637 0.7909040 0.1112272 0.1283672 0.1066078 0.0527895 0.0000000 0.0899917 0.6418894 0.5636346 0.6260538 0.6307729 0.6804168 0.6950131 0.6834550 0.6701017 0.6692997 0.6793567 0.6887440 0.6567662 0.6846161 0.5609989 1.1227247 
S0032_G5639_R2_N 0.6310153 0.6533831 0.7351443 0.6795916 0.6710402 0.6865191 0.6918359 0.6682832 0.6782110 0.6893085 0.7012986 0.7171647 0.7411459 0.5300582 0.5208672 0.6201935 0.6262781 0.5833473 0.6892088 0.6556357 0.4611664 0.3588364 0.6671114 0.6997037 0.6184074 0.7047892 0.7006808 0.6424161 0.5805687 0.8195618 0.6997985 0.3975151 0.6735739 0.6029234 0.6381485 0.6360732 0.6950529 0.0677092 0.0933950 0.0447713 0.1096688 0.0899917 0.0000000 0.5960031 0.4756329 0.6312212 0.5975632 0.6333927 0.6333927 0.6333927 0.6138672 0.6154123 0.6223562 0.6439734 0.6369940 0.6373831 0.5412949 1.1019962 
S0049_G5639_R1_A 0.4102480 0.4151487 0.6648914 0.4434524 0.4667212 0.4733455 0.4508968 0.4776562 0.4826320 0.4652893 0.4737910 0.4713824 0.4719633 0.3457316 0.3319399 0.3864982 0.3436456 0.3949506 0.5709939 0.5915343 0.5342511 0.4275646 0.5760854 0.5626405 0.6283713 0.5574070 0.5724785 0.5751175 0.5631722 0.6658762 0.5591067 0.4898877 0.5761103 0.4774965 0.3473968 0.4301572 0.4870106 0.6750328 0.7214140 0.6063274 0.5987209 0.6418894 0.5960031 0.0000000 0.4470657 0.4924976 0.5237890 0.4313665 0.4249807 0.4286733 0.4350085 0.4331001 0.4287387 0.4436889 0.4197078 0.4359327 0.4257947 1.0698317 
S0006_G5639_R2_A 0.3842398 0.3977766 0.5874096 0.4153826 0.4303880 0.4293493 0.4032285 0.4434455 0.4411242 0.4347189 0.4429575 0.4129212 0.4548267 0.3592342 0.3465197 0.3555130 0.3471895 0.3440282 0.3985075 0.4447043 0.3720134 0.2961950 0.4055510 0.4053215 0.4311505 0.4009584 0.3997059 0.4089859 0.4001354 0.4313787 0.4193165 0.3551691 0.3896196 0.4491705 0.3322000 0.3044480 0.4802376 0.5284729 0.7124294 0.5306467 0.5781813 0.5636346 0.4756329 0.4470657 0.0000000 0.6056379 0.6464502 0.6031335 0.6085569 0.6152556 0.6089660 0.6049331 0.6044961 0.6287824 0.5884278 0.6166363 0.5884278 0.8213977 
S0003_G5639_R1_N 0.4879729 0.4984445 0.7646904 0.5018395 0.5138714 0.5203691 0.4978291 0.5099726 0.4950609 0.4972351 0.5252641 0.5292619 0.5227311 0.4662496 0.4665385 0.4936655 0.4711276 0.5004273 0.5846958 0.6042433 0.5225102 0.4430077 0.6019030 0.6006709 0.5984202 0.5771894 0.6151589 0.5732755 0.5677025 0.7003367 0.5829590 0.5098881 0.6046006 0.6003346 0.5097696 0.4390220 0.5873084 0.7127952 0.8563226 0.6515643 0.6500334 0.6260538 0.6312212 0.4924976 0.6056379 0.0000000 0.0853993 0.4352584 0.4245857 0.4268565 0.4331684 0.4232559 0.4288109 0.4312693 0.4338929 0.4372299 0.4022883 0.9840754 
S0003_G5639_R2_N 0.5264413 0.5381588 0.8024226 0.5433470 0.5478395 0.5639120 0.5231691 0.5534172 0.5318033 0.5463809 0.5793440 0.5701184 0.5548447 0.5107569 0.5111599 0.5408406 0.4845040 0.5185928 0.6120718 0.6510495 0.5919479 0.4656865 0.6472406 0.6566777 0.6913070 0.6233345 0.6728630 0.6461563 0.6358337 0.7291829 0.6416048 0.5449583 0.6542889 0.6371424 0.5365025 0.4725600 0.6343082 0.7285253 0.8281135 0.6454002 0.6671215 0.6307729 0.5975632 0.5237890 0.6464502 0.0853993 0.0000000 0.4570942 0.4416736 0.4461570 0.4547348 0.4433571 0.4500354 0.4479431 0.4558691 0.4629352 0.4137954 1.0259926 
S0041_G5639_R1_N 0.4116011 0.4064238 0.7342207 0.4322565 0.4637728 0.4693932 0.4547978 0.4646384 0.4464680 0.4550705 0.4640209 0.4714981 0.4848245 0.3814202 0.3781495 0.4034949 0.3970166 0.3813839 0.5193908 0.5642487 0.5049895 0.3961993 0.5226396 0.5204521 0.5118525 0.5142273 0.5324047 0.5275576 0.5440018 0.6952561 0.5075479 0.4762868 0.5444507 0.4687505 0.3951727 0.4058235 0.5495881 0.7071237 0.7679968 0.6526273 0.6448317 0.6804168 0.6333927 0.4313665 0.6031335 0.4352584 0.4570942 0.0000000 0.0015647 0.0031352 0.0125690 0.0157642 0.0157511 0.0190124 0.0110705 0.0093501 0.0121644 0.9098752 
S0043_G5639_R1_N 0.4016064 0.3964325 0.7342207 0.4330262 0.4619138 0.4587751 0.4558967 0.4658535 0.4474271 0.4561487 0.4603352 0.4695258 0.4784742 0.3768956 0.3736036 0.3954275 0.3970166 0.3699361 0.5233931 0.5685888 0.5183169 0.4069459 0.5340545 0.5318421 0.5286756 0.5254018 0.5439874 0.5354204 0.5571701 0.7022636 0.5185076 0.4889867 0.5525572 0.4641956 0.3856893 0.4120632 0.5437696 0.6953460 0.7836378 0.6570242 0.6581714 0.6950131 0.6333927 0.4249807 0.6085569 0.4245857 0.4416736 0.0015647 0.0000000 0.0015719 0.0143491 0.0175977 0.0175828 0.0176302 0.0128402 0.0078807 0.0139263 0.9136948 
S0047_G5639_R1_N 0.4063396 0.4011363 0.7332970 0.4367267 0.4688223 0.4661507 0.4548491 0.4697442 0.4476761 0.4569213 0.4641821 0.4767862 0.4914555 0.3775219 0.3708840 0.3990035 0.4004640 0.3777616 0.5317049 0.5731694 0.5235483 0.4119109 0.5384490 0.5362387 0.5335114 0.5297475 0.5483947 0.5400428 0.5621201 0.7077466 0.5228045 0.4941837 0.5571770 0.4630892 0.3952290 0.4138606 0.5540285 0.7019150 0.7764254 0.6483666 0.6472588 0.6834550 0.6333927 0.4286733 0.6152556 0.4268565 0.4461570 0.0031352 0.0015719 0.0000000 0.0159731 0.0192334 0.0192170 0.0192690 0.0144298 0.0094742 0.0157248 0.9154394 
S0044_G5639_R1_N 0.4118961 0.4067179 0.7453895 0.4266593 0.4648777 0.4704764 0.4457813 0.4556319 0.4407136 0.4492038 0.4580348 0.4653521 0.5038397 0.3838801 0.3806102 0.4138626 0.3991080 0.3894292 0.5283258 0.5734902 0.5022300 0.3940933 0.5314603 0.5292777 0.5067293 0.5229561 0.5372174 0.5368652 0.5475433 0.7062033 0.5161843 0.4736831 0.5622129 0.4634358 0.3962145 0.4075667 0.5580613 0.6848360 0.7522236 0.6332365 0.6405962 0.6701017 0.6138672 0.4350085 0.6089660 0.4331684 0.4547348 0.0125690 0.0143491 0.0159731 0.0000000 0.0093807 0.0093360 0.0190407 0.0208852 0.0173923 0.0229847 0.9204196 
S0045_G5639_R2_A 0.4129951 0.4078321 0.7345677 0.4305779 0.4690345 0.4746572 0.4499222 0.4597664 0.4447183 0.4532723 0.4621718 0.4695866 0.5009502 0.3855359 0.3822708 0.4120415 0.3968366 0.3843950 0.5298731 0.5749619 0.5012700 0.3877799 0.5329788 0.5308032 0.5041235 0.5244838 0.5427423 0.5342154 0.5447210 0.7025933 0.5177152 0.4668748 0.5637380 0.4544734 0.4005884 0.4057524 0.5667453 0.6861192 0.7532179 0.6346888 0.6400097 0.6692997 0.6154123 0.4331001 0.6049331 0.4232559 0.4433571 0.0157642 0.0175977 0.0192334 0.0093807 0.0000000 0.0141188 0.0222900 0.0241818 0.0238595 0.0248018 0.8788881 
S0045_G5639_R1_A 0.4119977 0.4068171 0.7457260 0.4234006 0.4614867 0.4670753 0.4488143 0.4586417 0.4374069 0.4458588 0.4546484 0.4618990 0.4965900 0.3774008 0.3741474 0.4072847 0.3923994 0.3890794 0.5351015 0.5804142 0.5106251 0.4023375 0.5381441 0.5359696 0.5139540 0.5295867 0.5438774 0.5439100 0.5549430 0.7141707 0.5157208 0.4820928 0.5692600 0.4598588 0.3929897 0.4134892 0.5507111 0.6940352 0.7608911 0.6423370 0.6612646 0.6793567 0.6223562 0.4287387 0.6044961 0.4288109 0.4500354 0.0157511 0.0175828 0.0192170 0.0093360 0.0141188 0.0000000 0.0238824 0.0241607 0.0238390 0.0265962 0.9143218 
S0038_G5639_R1_A 0.4160180 0.4107803 0.7706266 0.4384389 0.4701422 0.4757784 0.4533288 0.4680212 0.4527332 0.4614038 0.4704285 0.4780283 0.4952567 0.3820888 0.3788348 0.4091923 0.4007024 0.3787891 0.5344643 0.5755582 0.5179398 0.4003868 0.5375123 0.5353396 0.5281372 0.5289674 0.5472901 0.5432404 0.5516485 0.6985999 0.5221490 0.4805241 0.5685705 0.4585742 0.3986664 0.4080001 0.5623611 0.7154628 0.7757240 0.6512589 0.6529752 0.6887440 0.6439734 0.4436889 0.6287824 0.4312693 0.4479431 0.0190124 0.0176302 0.0192690 0.0190407 0.0222900 0.0238824 0.0000000 0.0241627 0.0239031 0.0265986 0.9083688 
S0042_G5639_R1_N 0.4071380 0.4019214 0.7329533 0.4322847 0.4606031 0.4662769 0.4550980 0.4650526 0.4362102 0.4523347 0.4644271 0.4720004 0.4909699 0.3831582 0.3764955 0.3939135 0.3871914 0.3809674 0.5134400 0.5629568 0.5017678 0.3913588 0.5168095 0.5145879 0.5053115 0.5083413 0.5233564 0.5214772 0.5314921 0.6896812 0.5016312 0.4726194 0.5470812 0.4624030 0.3783114 0.3904644 0.5555212 0.6834493 0.7446968 0.6337924 0.6216940 0.6567662 0.6369940 0.4197078 0.5884278 0.4338929 0.4558691 0.0110705 0.0128402 0.0144298 0.0208852 0.0241818 0.0241607 0.0241627 0.0000000 0.0191494 0.0000010 0.8841544 
S0040_G5639_R1_N 0.4160612 0.4108611 0.7369697 0.4402315 0.4721034 0.4777644 0.4632326 0.4730445 0.4546008 0.4633221 0.4724017 0.4800669 0.4973608 0.3925350 0.3892254 0.4147298 0.4085955 0.3856795 0.5289223 0.5700114 0.5163776 0.4068362 0.5320535 0.5298682 0.5223611 0.5235312 0.5459094 0.5377355 0.5503352 0.6983694 0.5167438 0.4827826 0.5544026 0.4777728 0.3962679 0.4109354 0.5594138 0.7057498 0.7723568 0.6566560 0.6487312 0.6846161 0.6373831 0.4359327 0.6166363 0.4372299 0.4629352 0.0093501 0.0078807 0.0094742 0.0173923 0.0238595 0.0238390 0.0239031 0.0191494 0.0000000 0.0192706 0.9085243 
S0042_G5639_R2_N 0.4232264 0.4174612 0.7000167 0.4542478 0.4828047 0.4778643 0.4754377 0.4857660 0.4586708 0.4714044 0.4851227 0.4947947 0.5191017 0.3930464 0.3856653 0.4011819 0.4090566 0.3872584 0.4839980 0.5419442 0.5173394 0.4024344 0.5002205 0.4985005 0.5076221 0.4978425 0.5080531 0.5128709 0.5302593 0.6251408 0.4848359 0.4565813 0.5146595 0.4845529 0.3997271 0.3897132 0.5892469 0.6055478 0.7036681 0.5423185 0.5407931 0.5609989 0.5412949 0.4257947 0.5884278 0.4022883 0.4137954 0.0121644 0.0139263 0.0157248 0.0229847 0.0248018 0.0265962 0.0265986 0.0000010 0.0192706 0.0000000 0.7997923 
S0021_G5639_R5_A 0.8481628 0.8611309 1.2102068 0.6595545 0.6866069 0.6879662 0.6839046 0.6938816 0.6387807 0.6823551 0.6643164 0.6301849 0.7322561 0.8011913 0.7853599 0.8071316 0.7954886 0.7899078 0.8232016 0.8572537 0.7175932 0.5970857 0.8173608 0.7790041 0.7787711 0.8126968 0.8374734 0.8114585 0.7521023 0.9538045 0.8146417 0.6963464 0.7361304 0.8544069 0.9758845 0.8189947 0.9427964 1.1824989 1.3593280 1.1893951 1.1670486 1.1227247 1.1019962 1.0698317 0.8213977 0.9840754 1.0259926 0.9098752 0.9136948 0.9154394 0.9204196 0.8788881 0.9143218 0.9083688 0.8841544 0.9085243 0.7997923 0.0000000 
