74
S0027_G5702_R1_A 0.0000000 0.0765735 0.0782889 0.1085099 0.1085099 0.1126078 0.1235565 0.1309107 0.1235565 0.1309107 0.0976897 0.0906342 0.1416894 0.1379692 0.1356422 0.1618013 0.1443113 0.1560869 0.1533319 0.1404106 0.1425626 0.1531933 0.1425626 0.1507895 0.1507895 0.1443482 0.1498371 0.1667817 0.1457818 0.1507432 0.1585562 0.1668238 0.1533853 0.1595688 0.1602998 0.1633775 0.1714291 0.1454310 0.1541322 0.1142497 0.1264553 0.1264553 0.1953045 0.1953045 0.1569371 0.3488396 0.3326014 0.3477729 0.3477729 0.3627132 0.3536083 0.3536083 0.3580868 0.3667985 0.3920744 0.3827464 0.3035440 0.3035440 0.5552051 0.6053889 0.6146349 0.6172431 0.6142682 0.6107439 0.6066490 0.6029069 0.6243219 0.6318123 0.6146349 0.6318123 0.6172431 0.6142682 0.6243219 0.5231654 
S0008_G5702_R1_A 0.0765735 0.0000000 0.0583272 0.0714212 0.0714212 0.0676616 0.1282971 0.1360519 0.1282971 0.1360519 0.0880472 0.0850259 0.1106538 0.0972214 0.1016975 0.1202368 0.1020536 0.1095579 0.1102819 0.1019227 0.1103439 0.1126650 0.1103439 0.1202810 0.1202810 0.1118876 0.1168023 0.1343392 0.1105867 0.1151107 0.1279641 0.1266061 0.1202220 0.1228218 0.1250416 0.1242426 0.1284236 0.1106061 0.1180361 0.0736488 0.0930908 0.0930908 0.1561105 0.1561105 0.1353773 0.3417583 0.3268821 0.3419163 0.3419163 0.3501295 0.3472704 0.3472704 0.3515782 0.3478415 0.3585683 0.3500882 0.3203255 0.3203255 0.5822754 0.6836501 0.6621948 0.7212484 0.6935741 0.7137816 0.6938730 0.6897185 0.6929566 0.6998615 0.6621948 0.6998615 0.7212484 0.6935741 0.6929566 0.5549104 
S0014_G5702_R1_A 0.0782889 0.0583272 0.0000000 0.0857218 0.0857218 0.0955472 0.1356676 0.1435131 0.1356676 0.1435131 0.0973793 0.0930332 0.1331353 0.1235449 0.1229598 0.1479993 0.1317971 0.1398442 0.1404228 0.1308106 0.1375986 0.1400120 0.1375986 0.1480407 0.1480407 0.1341825 0.1393081 0.1631360 0.1379279 0.1425944 0.1485984 0.1549745 0.1429397 0.1507360 0.1529952 0.1470498 0.1567484 0.1379512 0.1491458 0.1014013 0.1196471 0.1196471 0.1694025 0.1694025 0.1462570 0.3623525 0.3425320 0.3589632 0.3589632 0.3618229 0.3859545 0.3859545 0.3905853 0.3602371 0.3690111 0.3602912 0.3166433 0.3166433 0.5959080 0.6110541 0.6039449 0.6450535 0.6198746 0.6383876 0.6202387 0.6164888 0.6195546 0.6258466 0.6039449 0.6258466 0.6450535 0.6198746 0.6195546 0.5312797 
S0015_G5702_R1_A 0.1085099 0.0714212 0.0857218 0.0000000 0.0000010 0.0683797 0.1567574 0.1650413 0.1567574 0.1650413 0.1058563 0.0998954 0.1410393 0.1264193 0.1317121 0.1426726 0.1299213 0.1397548 0.1405237 0.1289465 0.1357164 0.1274952 0.1357164 0.1437404 0.1437404 0.1371510 0.1423154 0.1663759 0.1331833 0.1324756 0.1517036 0.1501141 0.1485241 0.1488587 0.1535638 0.1426784 0.1599208 0.1409726 0.1522662 0.1035465 0.1138270 0.1138270 0.1867478 0.1867478 0.1548017 0.3440088 0.3437371 0.3566635 0.3566635 0.3566067 0.3742351 0.3742351 0.3787291 0.3712803 0.3665399 0.3579654 0.3202858 0.3202858 0.6223526 0.7004645 0.6706227 0.7302810 0.7023312 0.7084583 0.7026259 0.6984247 0.7212863 0.7086534 0.6706227 0.7086534 0.7302810 0.7023312 0.7212863 0.5946845 
S0015_G5702_R2_A 0.1085099 0.0714212 0.0857218 0.0000010 0.0000000 0.0683797 0.1567574 0.1650413 0.1567574 0.1650413 0.1058563 0.0998954 0.1410393 0.1264193 0.1317121 0.1426726 0.1299213 0.1397548 0.1405237 0.1289465 0.1357164 0.1274952 0.1357164 0.1437404 0.1437404 0.1371510 0.1423154 0.1663759 0.1331833 0.1324756 0.1517036 0.1501141 0.1485241 0.1488587 0.1535638 0.1426784 0.1599208 0.1409726 0.1522662 0.1035465 0.1138270 0.1138270 0.1867478 0.1867478 0.1548017 0.3440088 0.3437371 0.3566635 0.3566635 0.3566067 0.3742351 0.3742351 0.3787291 0.3712803 0.3665399 0.3579654 0.3202858 0.3202858 0.6223526 0.7004645 0.6706227 0.7302810 0.7023312 0.7084583 0.7026259 0.6984247 0.7212863 0.7086534 0.6706227 0.7086534 0.7302810 0.7023312 0.7212863 0.5946845 
S0034_G5702_R1_A 0.1126078 0.0676616 0.0955472 0.0683797 0.0683797 0.0000000 0.1669011 0.1754403 0.1669011 0.1754403 0.1273269 0.1228594 0.1449254 0.1300167 0.1327551 0.1551316 0.1378994 0.1467587 0.1443855 0.1374444 0.1369831 0.1469402 0.1369831 0.1425595 0.1425595 0.1458789 0.1511659 0.1707307 0.1339897 0.1411225 0.1608616 0.1623532 0.1525248 0.1579416 0.1602379 0.1541137 0.1616245 0.1448555 0.1563580 0.1067565 0.1178675 0.1178675 0.1866387 0.1866387 0.1682865 0.3718154 0.3697623 0.3881107 0.3881107 0.3939092 0.3946991 0.3946991 0.3993861 0.3973125 0.4039782 0.3856729 0.3330256 0.3330256 0.6448582 0.6461301 0.6236725 0.6737524 0.6526589 0.6535089 0.6529855 0.6441798 0.6660413 0.6592697 0.6236725 0.6592697 0.6737524 0.6526589 0.6660413 0.6007730 
S0039_G5702_R2_A 0.1235565 0.1282971 0.1356676 0.1567574 0.1567574 0.1669011 0.0000000 0.0128834 0.0000010 0.0128834 0.1232120 0.1435829 0.1920792 0.1724441 0.1805314 0.2031723 0.1845643 0.1843074 0.1801033 0.1805241 0.1832630 0.1782185 0.1832630 0.1977455 0.1977455 0.1781184 0.1836489 0.2124309 0.1811805 0.1871691 0.2014122 0.1950452 0.1976618 0.2034982 0.1912200 0.1910655 0.2133927 0.1807155 0.1868697 0.1640803 0.1853694 0.1853694 0.2110067 0.2110067 0.2263342 0.4043989 0.3827691 0.3877214 0.3877214 0.3993549 0.4138943 0.4138943 0.4186932 0.4074681 0.4112915 0.4019882 0.3693195 0.3693195 0.6470954 0.6384950 0.6310694 0.6631438 0.6422551 0.6668790 0.6311104 0.6273091 0.6522227 0.6750400 0.6310694 0.6750400 0.6631438 0.6422551 0.6522227 0.5693837 
S0051_G5702_R1_A 0.1309107 0.1360519 0.1435131 0.1650413 0.1650413 0.1754403 0.0128834 0.0000000 0.0128834 0.0000010 0.1308808 0.1496004 0.1967434 0.1782200 0.1865411 0.2093284 0.1904891 0.1902238 0.1860173 0.1863755 0.1892202 0.1840575 0.1892202 0.2038546 0.2038546 0.1839593 0.1895431 0.2187782 0.1871444 0.1931209 0.2061038 0.1956703 0.2037692 0.2096688 0.1971635 0.1970820 0.2196935 0.1866591 0.1928888 0.1763040 0.1913233 0.1913233 0.2166232 0.2166232 0.2328503 0.4168235 0.3949087 0.4097417 0.4097417 0.4084232 0.4328635 0.4328635 0.4377940 0.4172765 0.4185099 0.4091271 0.3797777 0.3797777 0.6548193 0.6517039 0.6441163 0.6768358 0.6555692 0.6806225 0.6614725 0.6575009 0.6551000 0.6837526 0.6441163 0.6837526 0.6768358 0.6555692 0.6551000 0.5870143 
S0039_G5702_R1_A 0.1235565 0.1282971 0.1356676 0.1567574 0.1567574 0.1669011 0.0000010 0.0128834 0.0000000 0.0128834 0.1232120 0.1435829 0.1920792 0.1724441 0.1805314 0.2031723 0.1845643 0.1843074 0.1801033 0.1805241 0.1832630 0.1782185 0.1832630 0.1977455 0.1977455 0.1781184 0.1836489 0.2124309 0.1811805 0.1871691 0.2014122 0.1950452 0.1976618 0.2034982 0.1912200 0.1910655 0.2133927 0.1807155 0.1868697 0.1640803 0.1853694 0.1853694 0.2110067 0.2110067 0.2263342 0.4043989 0.3827691 0.3877214 0.3877214 0.3993549 0.4138943 0.4138943 0.4186932 0.4074681 0.4112915 0.4019882 0.3693195 0.3693195 0.6470954 0.6384950 0.6310694 0.6631438 0.6422551 0.6668790 0.6311104 0.6273091 0.6522227 0.6750400 0.6310694 0.6750400 0.6631438 0.6422551 0.6522227 0.5693837 
S0051_G5702_R2_A 0.1309107 0.1360519 0.1435131 0.1650413 0.1650413 0.1754403 0.0128834 0.0000010 0.0128834 0.0000000 0.1308808 0.1496004 0.1967434 0.1782200 0.1865411 0.2093284 0.1904891 0.1902238 0.1860173 0.1863755 0.1892202 0.1840575 0.1892202 0.2038546 0.2038546 0.1839593 0.1895431 0.2187782 0.1871444 0.1931209 0.2061038 0.1956703 0.2037692 0.2096688 0.1971635 0.1970820 0.2196935 0.1866591 0.1928888 0.1763040 0.1913233 0.1913233 0.2166232 0.2166232 0.2328503 0.4168235 0.3949087 0.4097417 0.4097417 0.4084232 0.4328635 0.4328635 0.4377940 0.4172765 0.4185099 0.4091271 0.3797777 0.3797777 0.6548193 0.6517039 0.6441163 0.6768358 0.6555692 0.6806225 0.6614725 0.6575009 0.6551000 0.6837526 0.6441163 0.6837526 0.6768358 0.6555692 0.6551000 0.5870143 
S0009_G5702_R1_A 0.0976897 0.0880472 0.0973793 0.1058563 0.1058563 0.1273269 0.1232120 0.1308808 0.1232120 0.1308808 0.0000000 0.0000010 0.1536897 0.1406728 0.1439249 0.1563808 0.1469544 0.1581708 0.1478640 0.1458066 0.1531904 0.1504802 0.1531904 0.1590727 0.1590727 0.1524775 0.1549210 0.1805342 0.1454033 0.1552164 0.1649372 0.1680587 0.1564631 0.1619281 0.1619602 0.1523033 0.1763583 0.1510905 0.1630076 0.1292009 0.1463352 0.1463352 0.2252051 0.2252051 0.1858324 0.3707314 0.3770801 0.3692541 0.3692541 0.3709298 0.3843505 0.3843505 0.3889348 0.3831923 0.3829900 0.3741114 0.3385197 0.3385197 0.6379457 0.7166190 0.7081618 0.7386868 0.7179442 0.7427496 0.7158394 0.7230283 0.7209262 0.7409935 0.7081618 0.7409935 0.7386868 0.7179442 0.7209262 0.4356677 
S0010_G5702_R3_A 0.0906342 0.0850259 0.0930332 0.0998954 0.0998954 0.1228594 0.1435829 0.1496004 0.1435829 0.1496004 0.0000010 0.0000000 0.1597115 0.1450555 0.1452477 0.1632804 0.1526826 0.1593289 0.1504103 0.1546228 0.1559757 0.1530884 0.1559757 0.1565105 0.1565105 0.1524753 0.1593098 0.1817931 0.1538785 0.1667991 0.1672044 0.1812294 0.1678178 0.1745187 0.1683034 0.1591620 0.1810058 0.1568976 0.1723248 0.1346918 0.1502737 0.1502737 0.2234492 0.2234492 0.1947445 0.3983479 0.4072491 0.3948552 0.3948552 0.3955396 0.4175818 0.4175818 0.4233506 0.4021865 0.3982839 0.3972592 0.3218670 0.3218670 0.6074632 0.6984679 0.7090890 0.7119367 0.6984596 0.7291706 0.6975396 0.7059697 0.7035330 0.7184852 0.7090890 0.7184852 0.7119367 0.6984596 0.7035330 0.5602071 
S0026_G5702_R1_A 0.1416894 0.1106538 0.1331353 0.1410393 0.1410393 0.1449254 0.1920792 0.1967434 0.1920792 0.1967434 0.1536897 0.1597115 0.0000000 0.0285742 0.0292225 0.0430890 0.0348954 0.0409935 0.0413406 0.0345689 0.0370006 0.0368018 0.0370006 0.0409942 0.0409942 0.0387635 0.0407466 0.0535765 0.0390374 0.0473907 0.0472145 0.0670829 0.0513553 0.0492448 0.0492068 0.0512594 0.0576850 0.0349772 0.0475905 0.0720194 0.0901965 0.0901965 0.1531059 0.1531059 0.1097233 0.3595581 0.3532209 0.3623374 0.3623374 0.3653415 0.3817687 0.3817687 0.3863340 0.3715219 0.3755414 0.3667747 0.3152203 0.3152203 0.5723513 0.6735458 0.6735984 0.6965022 0.6832992 0.6755953 0.6836031 0.6795164 0.6827219 0.6895264 0.6735984 0.6895264 0.6965022 0.6832992 0.6827219 0.6292885 
S0023_G5702_R1_A 0.1379692 0.0972214 0.1235449 0.1264193 0.1264193 0.1300167 0.1724441 0.1782200 0.1724441 0.1782200 0.1406728 0.1450555 0.0285742 0.0000000 0.0132362 0.0207346 0.0130652 0.0226236 0.0228073 0.0129478 0.0149961 0.0168918 0.0149961 0.0207493 0.0207493 0.0205958 0.0224931 0.0367227 0.0207331 0.0246939 0.0326274 0.0450336 0.0285081 0.0305001 0.0323731 0.0323604 0.0325490 0.0207142 0.0287074 0.0598999 0.0755430 0.0755430 0.1382780 0.1382780 0.1081684 0.3218724 0.3156609 0.3279261 0.3279261 0.3358063 0.3455118 0.3455118 0.3497898 0.3364086 0.3402810 0.3320808 0.2983276 0.2983276 0.5409766 0.6353993 0.6280173 0.6571425 0.6445807 0.6372746 0.6449158 0.6410426 0.6441572 0.6506420 0.6280173 0.6506420 0.6571425 0.6445807 0.6441572 0.6214132 
S0013_G5702_R1_A 0.1356422 0.1016975 0.1229598 0.1317121 0.1317121 0.1327551 0.1805314 0.1865411 0.1805314 0.1865411 0.1439249 0.1452477 0.0292225 0.0132362 0.0000000 0.0272094 0.0192394 0.0251834 0.0173353 0.0190612 0.0212576 0.0232200 0.0212576 0.0272286 0.0272286 0.0113440 0.0132500 0.0313476 0.0191648 0.0313450 0.0312328 0.0438258 0.0310282 0.0290792 0.0289910 0.0309733 0.0291291 0.0152653 0.0232767 0.0611704 0.0775416 0.0775416 0.1469469 0.1469469 0.1114284 0.3244867 0.3174952 0.3228138 0.3228138 0.3340631 0.3440476 0.3440476 0.3483743 0.3323533 0.3370743 0.3322945 0.2957577 0.2957577 0.5331974 0.6486861 0.6475858 0.6712621 0.6582401 0.6506599 0.6585683 0.6545498 0.6577524 0.6644696 0.6475858 0.6644696 0.6712621 0.6582401 0.6577524 0.6093013 
S0011_G5702_R1_A 0.1618013 0.1202368 0.1479993 0.1426726 0.1426726 0.1551316 0.2031723 0.2093284 0.2031723 0.2093284 0.1563808 0.1632804 0.0430890 0.0207346 0.0272094 0.0000000 0.0228844 0.0327522 0.0371246 0.0226740 0.0288972 0.0247540 0.0288972 0.0348979 0.0348979 0.0346317 0.0365959 0.0387709 0.0348733 0.0349511 0.0473680 0.0581812 0.0470499 0.0429472 0.0490026 0.0449169 0.0491893 0.0348380 0.0432956 0.0760434 0.0903004 0.0903004 0.1691206 0.1691206 0.1271730 0.3383449 0.3320968 0.3410344 0.3410344 0.3492056 0.3630332 0.3630332 0.3674314 0.3506766 0.3438586 0.3356217 0.3177547 0.3177547 0.5813404 0.6553172 0.6476870 0.6777356 0.6648168 0.6572900 0.6651342 0.6611439 0.6643106 0.6709738 0.6476870 0.6709738 0.6777356 0.6648168 0.6643106 0.6355170 
S0030_G5702_R1_A 0.1443113 0.1020536 0.1317971 0.1299213 0.1299213 0.1378994 0.1845643 0.1904891 0.1845643 0.1904891 0.1469544 0.1526826 0.0348954 0.0130652 0.0192394 0.0228844 0.0000000 0.0247956 0.0290113 0.0149672 0.0209781 0.0189874 0.0209781 0.0268696 0.0268696 0.0266670 0.0247067 0.0432853 0.0268494 0.0269078 0.0390689 0.0497702 0.0388110 0.0368592 0.0367450 0.0387413 0.0410047 0.0268236 0.0350610 0.0624854 0.0783387 0.0783387 0.1469656 0.1469656 0.1058364 0.3181054 0.3158906 0.3288824 0.3288824 0.3335294 0.3465330 0.3465330 0.3508220 0.3374574 0.3412703 0.3330483 0.2855481 0.2855481 0.5491883 0.6557940 0.6481693 0.6781993 0.6652880 0.6577663 0.6656046 0.6616168 0.6647805 0.6714395 0.6481693 0.6714395 0.6781993 0.6652880 0.6647805 0.6051272 
S0036_G5702_R1_U 0.1560869 0.1095579 0.1398442 0.1397548 0.1397548 0.1467587 0.1843074 0.1902238 0.1843074 0.1902238 0.1581708 0.1593289 0.0409935 0.0226236 0.0251834 0.0327522 0.0247956 0.0000000 0.0228629 0.0226472 0.0308279 0.0287736 0.0308279 0.0348537 0.0348537 0.0326015 0.0345572 0.0495333 0.0368143 0.0368967 0.0493418 0.0624401 0.0490100 0.0470379 0.0468870 0.0489195 0.0533345 0.0246777 0.0286407 0.0692162 0.0853806 0.0853806 0.1539948 0.1539948 0.1141213 0.3432913 0.3370378 0.3449824 0.3449824 0.3532378 0.3705252 0.3705252 0.3749679 0.3514307 0.3577126 0.3492621 0.3059133 0.3059133 0.5664893 0.6300602 0.6227171 0.6650602 0.6391900 0.6449479 0.6395319 0.6356747 0.6387875 0.6452492 0.6227171 0.6452492 0.6650602 0.6391900 0.6387875 0.6384655 
S0020_G5702_R1_U 0.1533319 0.1102819 0.1404228 0.1405237 0.1405237 0.1443855 0.1801033 0.1860173 0.1801033 0.1860173 0.1478640 0.1504103 0.0413406 0.0228073 0.0173353 0.0371246 0.0290113 0.0228629 0.0000000 0.0287407 0.0290539 0.0330705 0.0290539 0.0371491 0.0371491 0.0247910 0.0267282 0.0413696 0.0288995 0.0370261 0.0412136 0.0540789 0.0409397 0.0389787 0.0346052 0.0408656 0.0451799 0.0131686 0.0210318 0.0671198 0.0807890 0.0807890 0.1581062 0.1581062 0.1094997 0.3504004 0.3372413 0.3416308 0.3416308 0.3465479 0.3637917 0.3637917 0.3682364 0.3478607 0.3599449 0.3514278 0.3056441 0.3056441 0.5604105 0.6552874 0.6476276 0.6679199 0.6648256 0.6476590 0.6651444 0.6611376 0.6643173 0.6710084 0.6476276 0.6710084 0.6679199 0.6648256 0.6643173 0.6469328 
S0046_G5702_R1_A 0.1404106 0.1019227 0.1308106 0.1289465 0.1289465 0.1374444 0.1805241 0.1863755 0.1805241 0.1863755 0.1458066 0.1546228 0.0345689 0.0129478 0.0190612 0.0226740 0.0149672 0.0226472 0.0287407 0.0000000 0.0188238 0.0188138 0.0188238 0.0266209 0.0266209 0.0264221 0.0283406 0.0428737 0.0266010 0.0227208 0.0347129 0.0430384 0.0304823 0.0285673 0.0364020 0.0344268 0.0386065 0.0265758 0.0327569 0.0620534 0.0777850 0.0777850 0.1507971 0.1507971 0.1106291 0.3300907 0.3238896 0.3385294 0.3385294 0.3466113 0.3565735 0.3565735 0.3609141 0.3479069 0.3510701 0.3427459 0.2977583 0.2977583 0.5332183 0.6107910 0.6036726 0.6318106 0.6196220 0.6125470 0.6199869 0.6162324 0.6193025 0.6256021 0.6036726 0.6256021 0.6318106 0.6196220 0.6193025 0.6003906 
S0021_G5702_R5_A 0.1425626 0.1103439 0.1375986 0.1357164 0.1357164 0.1369831 0.1832630 0.1892202 0.1832630 0.1892202 0.1531904 0.1559757 0.0370006 0.0149961 0.0212576 0.0288972 0.0209781 0.0308279 0.0290539 0.0188238 0.0000000 0.0249345 0.0000010 0.0130907 0.0130907 0.0286981 0.0306454 0.0454613 0.0248997 0.0309472 0.0370683 0.0518627 0.0388335 0.0368804 0.0428806 0.0408615 0.0451758 0.0288675 0.0371770 0.0671516 0.0810296 0.0810296 0.1495264 0.1495264 0.1111985 0.3391531 0.3328953 0.3385165 0.3385165 0.3466556 0.3566889 0.3566889 0.3610600 0.3420933 0.3428087 0.3345383 0.3073686 0.3073686 0.5676063 0.6645216 0.6567797 0.6872408 0.6741624 0.6665365 0.6744730 0.6704292 0.6736193 0.6803622 0.6567797 0.6803622 0.6872408 0.6741624 0.6736193 0.6370246 
S0022_G5702_R1_A 0.1531933 0.1126650 0.1400120 0.1274952 0.1274952 0.1469402 0.1782185 0.1840575 0.1782185 0.1840575 0.1504802 0.1530884 0.0368018 0.0168918 0.0232200 0.0247540 0.0189874 0.0287736 0.0330705 0.0188138 0.0249345 0.0000000 0.0249345 0.0308848 0.0308848 0.0265418 0.0326023 0.0475012 0.0308623 0.0309304 0.0432287 0.0561524 0.0429406 0.0409768 0.0448872 0.0367321 0.0472017 0.0308319 0.0391854 0.0692793 0.0827848 0.0827848 0.1555991 0.1555991 0.1146018 0.3356804 0.3294031 0.3382522 0.3382522 0.3463843 0.3564092 0.3564092 0.3607780 0.3476745 0.3508734 0.3424959 0.3018083 0.3018083 0.5490455 0.6300242 0.6226906 0.6516384 0.6391416 0.6318767 0.6394831 0.6356312 0.6387399 0.6451926 0.6226906 0.6451926 0.6516384 0.6391416 0.6387399 0.6221072 
S0021_G5702_R2_A 0.1425626 0.1103439 0.1375986 0.1357164 0.1357164 0.1369831 0.1832630 0.1892202 0.1832630 0.1892202 0.1531904 0.1559757 0.0370006 0.0149961 0.0212576 0.0288972 0.0209781 0.0308279 0.0290539 0.0188238 0.0000010 0.0249345 0.0000000 0.0130907 0.0130907 0.0286981 0.0306454 0.0454613 0.0248997 0.0309472 0.0370683 0.0518627 0.0388335 0.0368804 0.0428806 0.0408615 0.0451758 0.0288675 0.0371770 0.0671516 0.0810296 0.0810296 0.1495264 0.1495264 0.1111985 0.3391531 0.3328953 0.3385165 0.3385165 0.3466556 0.3566889 0.3566889 0.3610600 0.3420933 0.3428087 0.3345383 0.3073686 0.3073686 0.5676063 0.6645216 0.6567797 0.6872408 0.6741624 0.6665365 0.6744730 0.6704292 0.6736193 0.6803622 0.6567797 0.6803622 0.6872408 0.6741624 0.6736193 0.6370246 
S0021_G5702_R1_A 0.1507895 0.1202810 0.1480407 0.1437404 0.1437404 0.1425595 0.1977455 0.2038546 0.1977455 0.2038546 0.1590727 0.1565105 0.0409942 0.0207493 0.0272286 0.0348979 0.0268696 0.0348537 0.0371491 0.0266209 0.0130907 0.0308848 0.0130907 0.0000000 0.0000010 0.0346546 0.0366198 0.0495327 0.0308414 0.0390869 0.0431950 0.0604665 0.0470789 0.0451055 0.0449908 0.0469922 0.0513918 0.0348612 0.0433232 0.0760826 0.0925636 0.0925636 0.1512632 0.1512632 0.1107132 0.3504991 0.3442192 0.3475230 0.3475230 0.3558652 0.3661512 0.3661512 0.3705909 0.3500154 0.3518875 0.3434838 0.3020772 0.3020772 0.5766897 0.6855284 0.6775432 0.7088954 0.6954718 0.6876306 0.6957696 0.6916074 0.6896510 0.7017630 0.6775432 0.7017630 0.7088954 0.6954718 0.6896510 0.6525074 
S0021_G5702_R4_A 0.1507895 0.1202810 0.1480407 0.1437404 0.1437404 0.1425595 0.1977455 0.2038546 0.1977455 0.2038546 0.1590727 0.1565105 0.0409942 0.0207493 0.0272286 0.0348979 0.0268696 0.0348537 0.0371491 0.0266209 0.0130907 0.0308848 0.0130907 0.0000010 0.0000000 0.0346546 0.0366198 0.0495327 0.0308414 0.0390869 0.0431950 0.0604665 0.0470789 0.0451055 0.0449908 0.0469922 0.0513918 0.0348612 0.0433232 0.0760826 0.0925636 0.0925636 0.1512632 0.1512632 0.1107132 0.3504991 0.3442192 0.3475230 0.3475230 0.3558652 0.3661512 0.3661512 0.3705909 0.3500154 0.3518875 0.3434838 0.3020772 0.3020772 0.5766897 0.6855284 0.6775432 0.7088954 0.6954718 0.6876306 0.6957696 0.6916074 0.6896510 0.7017630 0.6775432 0.7017630 0.7088954 0.6954718 0.6896510 0.6525074 
S0050_G5702_R1_A 0.1443482 0.1118876 0.1341825 0.1371510 0.1371510 0.1458789 0.1781184 0.1839593 0.1781184 0.1839593 0.1524775 0.1524753 0.0387635 0.0205958 0.0113440 0.0346317 0.0266670 0.0326015 0.0247910 0.0264221 0.0286981 0.0265418 0.0286981 0.0346546 0.0346546 0.0000000 0.0055168 0.0387898 0.0265655 0.0387860 0.0386466 0.0512574 0.0383943 0.0364637 0.0363521 0.0383262 0.0385530 0.0226725 0.0307257 0.0688355 0.0873351 0.0873351 0.1494524 0.1494524 0.1185587 0.3454874 0.3392605 0.3378990 0.3378990 0.3459626 0.3595404 0.3595404 0.3601545 0.3472155 0.3539690 0.3456189 0.2983706 0.2983706 0.5724564 0.6347418 0.6273622 0.6564794 0.6439197 0.6366152 0.6442558 0.6403833 0.6434987 0.6499826 0.6273622 0.6499826 0.6564794 0.6439197 0.6434987 0.6572337 
S0048_G5702_R1_A 0.1498371 0.1168023 0.1393081 0.1423154 0.1423154 0.1511659 0.1836489 0.1895431 0.1836489 0.1895431 0.1549210 0.1593098 0.0407466 0.0224931 0.0132500 0.0365959 0.0247067 0.0345572 0.0267282 0.0283406 0.0306454 0.0326023 0.0306454 0.0366198 0.0366198 0.0055168 0.0000000 0.0407746 0.0284949 0.0407704 0.0406232 0.0532852 0.0403574 0.0384247 0.0343626 0.0402854 0.0405248 0.0245896 0.0326827 0.0732577 0.0895025 0.0895025 0.1462492 0.1462492 0.1235983 0.3462132 0.3399775 0.3352297 0.3352297 0.3432570 0.3567849 0.3567849 0.3573951 0.3443379 0.3512716 0.3429381 0.3012808 0.3012808 0.5731112 0.6304008 0.6230817 0.6519729 0.6395007 0.6322504 0.6398410 0.6359968 0.6390985 0.6455384 0.6230817 0.6455384 0.6519729 0.6395007 0.6390985 0.6558485 
S0012_G5702_R1_A 0.1667817 0.1343392 0.1631360 0.1663759 0.1663759 0.1707307 0.2124309 0.2187782 0.2124309 0.2187782 0.1805342 0.1817931 0.0535765 0.0367227 0.0313476 0.0387709 0.0432853 0.0495333 0.0413696 0.0428737 0.0454613 0.0475012 0.0454613 0.0495327 0.0495327 0.0387898 0.0407746 0.0000000 0.0431185 0.0519158 0.0559166 0.0693147 0.0534507 0.0535379 0.0533612 0.0554292 0.0599628 0.0390233 0.0476256 0.0904929 0.1077139 0.1077139 0.1766493 0.1766493 0.1307604 0.3527042 0.3463912 0.3490772 0.3490772 0.3574896 0.3716039 0.3716039 0.3760950 0.3595227 0.3588624 0.3503753 0.3375520 0.3375520 0.5868998 0.7131168 0.7047937 0.7373709 0.7234686 0.7153270 0.7237572 0.7194264 0.7227432 0.7298985 0.7047937 0.7298985 0.7373709 0.7234686 0.7227432 0.6480011 
S0028_G5702_R1_A 0.1457818 0.1105867 0.1379279 0.1331833 0.1331833 0.1339897 0.1811805 0.1871444 0.1811805 0.1871444 0.1454033 0.1538785 0.0390374 0.0207331 0.0191648 0.0348733 0.0268494 0.0368143 0.0288995 0.0266010 0.0248997 0.0308623 0.0248997 0.0308414 0.0308414 0.0265655 0.0284949 0.0431185 0.0000000 0.0369543 0.0308497 0.0495449 0.0386628 0.0367181 0.0366048 0.0326350 0.0428508 0.0228255 0.0329244 0.0695142 0.0857686 0.0857686 0.1585337 0.1585337 0.1197426 0.3285176 0.3241839 0.3213243 0.3213243 0.3323361 0.3491581 0.3491581 0.3534569 0.3361780 0.3353848 0.3272605 0.2995673 0.2995673 0.5877310 0.6709818 0.6631461 0.6939599 0.6807409 0.6730294 0.6810478 0.6769575 0.6801709 0.6812848 0.6631461 0.6812848 0.6939599 0.6807409 0.6801709 0.6172807 
S0017_G5702_R1_U 0.1507432 0.1151107 0.1425944 0.1324756 0.1324756 0.1411225 0.1871691 0.1931209 0.1871691 0.1931209 0.1552164 0.1667991 0.0473907 0.0246939 0.0313450 0.0349511 0.0269078 0.0368967 0.0370261 0.0227208 0.0309472 0.0309304 0.0309472 0.0390869 0.0390869 0.0387860 0.0407704 0.0519158 0.0369543 0.0000000 0.0517391 0.0584801 0.0471576 0.0431562 0.0488750 0.0471867 0.0557691 0.0390195 0.0476199 0.0665989 0.0877474 0.0877474 0.1607980 0.1607980 0.1194565 0.3327825 0.3200552 0.3449176 0.3449176 0.3531761 0.3529029 0.3529029 0.3572248 0.3549084 0.3576532 0.3491992 0.2910624 0.2910624 0.5694746 0.6396386 0.6321917 0.6615598 0.6489028 0.6415382 0.6492343 0.6453303 0.6589400 0.6549935 0.6321917 0.6549935 0.6615598 0.6489028 0.6589400 0.5994864 
S0004_G5702_R1_A 0.1585562 0.1279641 0.1485984 0.1517036 0.1517036 0.1608616 0.2014122 0.2061038 0.2014122 0.2061038 0.1649372 0.1672044 0.0472145 0.0326274 0.0312328 0.0473680 0.0390689 0.0493418 0.0412136 0.0347129 0.0370683 0.0432287 0.0370683 0.0431950 0.0431950 0.0386466 0.0406232 0.0559166 0.0308497 0.0517391 0.0000000 0.0516332 0.0346818 0.0367206 0.0405954 0.0306699 0.0428533 0.0388783 0.0430852 0.0809406 0.1022781 0.1022781 0.1722461 0.1722461 0.1248014 0.3559991 0.3497142 0.3428082 0.3428082 0.3543720 0.3720002 0.3720002 0.3764571 0.3561837 0.3573086 0.3488760 0.3282001 0.3282001 0.5843509 0.7024349 0.6942601 0.7262970 0.6998948 0.7046002 0.7128992 0.7086432 0.7119230 0.7048004 0.6942601 0.7048004 0.7262970 0.6998948 0.7119230 0.6615548 
S0018_G5702_R3_A 0.1668238 0.1266061 0.1549745 0.1501141 0.1501141 0.1623532 0.1950452 0.1956703 0.1950452 0.1956703 0.1680587 0.1812294 0.0670829 0.0450336 0.0438258 0.0581812 0.0497702 0.0624401 0.0540789 0.0430384 0.0518627 0.0561524 0.0518627 0.0604665 0.0604665 0.0512574 0.0532852 0.0693147 0.0495449 0.0584801 0.0516332 0.0000000 0.0346118 0.0246475 0.0511718 0.0470935 0.0345879 0.0494898 0.0559615 0.0836155 0.0982168 0.0982168 0.1645104 0.1645104 0.1251846 0.3379260 0.3420459 0.3410635 0.3410635 0.3408824 0.3598846 0.3598846 0.3642356 0.3483198 0.3474926 0.3392119 0.3242222 0.3242222 0.6067092 0.6809448 0.6730127 0.6872231 0.6727635 0.6830287 0.6911239 0.6869873 0.6793071 0.6781340 0.6730127 0.6781340 0.6872231 0.6727635 0.6793071 0.6606730 
S0018_G5702_R1_U 0.1533853 0.1202220 0.1429397 0.1485241 0.1485241 0.1525248 0.1976618 0.2037692 0.1976618 0.2037692 0.1564631 0.1678178 0.0513553 0.0285081 0.0310282 0.0470499 0.0388110 0.0490100 0.0409397 0.0304823 0.0388335 0.0429406 0.0388335 0.0470789 0.0470789 0.0383943 0.0403574 0.0534507 0.0386628 0.0471576 0.0346818 0.0346118 0.0000000 0.0244275 0.0383590 0.0343962 0.0303642 0.0386230 0.0427990 0.0738314 0.0947357 0.0947357 0.1613279 0.1613279 0.1266662 0.3262813 0.3200753 0.3280007 0.3280007 0.3358790 0.3491821 0.3491821 0.3534774 0.3364856 0.3471273 0.3388600 0.3188675 0.3188675 0.5510715 0.6628523 0.6551354 0.6746312 0.6604185 0.6648585 0.6727733 0.6687417 0.6719256 0.6651219 0.6551354 0.6651219 0.6746312 0.6604185 0.6719256 0.6533845 
S0018_G5702_R2_A 0.1595688 0.1228218 0.1507360 0.1488587 0.1488587 0.1579416 0.2034982 0.2096688 0.2034982 0.2096688 0.1619281 0.1745187 0.0492448 0.0305001 0.0290792 0.0429472 0.0368592 0.0470379 0.0389787 0.0285673 0.0368804 0.0409768 0.0368804 0.0451055 0.0451055 0.0364637 0.0384247 0.0535379 0.0367181 0.0431562 0.0367206 0.0246475 0.0244275 0.0000000 0.0383989 0.0324749 0.0244100 0.0366806 0.0408418 0.0761777 0.0926915 0.0926915 0.1643257 0.1643257 0.1197144 0.3253981 0.3192042 0.3279261 0.3279261 0.3358063 0.3461705 0.3461705 0.3504241 0.3364086 0.3435354 0.3353035 0.3191026 0.3191026 0.5761446 0.6623863 0.6546873 0.6849904 0.6599576 0.6643872 0.6722858 0.6682627 0.6714408 0.6513553 0.6546873 0.6513553 0.6849904 0.6599576 0.6714408 0.6445281 
S0037_G5702_R1_A 0.1602998 0.1250416 0.1529952 0.1535638 0.1535638 0.1602379 0.1912200 0.1971635 0.1912200 0.1971635 0.1619602 0.1683034 0.0492068 0.0323731 0.0289910 0.0490026 0.0367450 0.0468870 0.0346052 0.0364020 0.0428806 0.0448872 0.0428806 0.0449908 0.0449908 0.0363521 0.0343626 0.0533612 0.0366048 0.0488750 0.0405954 0.0511718 0.0383590 0.0383989 0.0000000 0.0402581 0.0405039 0.0326094 0.0407137 0.0826057 0.0993013 0.0993013 0.1666430 0.1666430 0.1219568 0.3522016 0.3307379 0.3366623 0.3366623 0.3447351 0.3583322 0.3583322 0.3626952 0.3497097 0.3560712 0.3476702 0.3090584 0.3090584 0.5789687 0.6635971 0.6558827 0.6862421 0.6611649 0.6656037 0.6735150 0.6694846 0.6726660 0.6737626 0.6558827 0.6737626 0.6862421 0.6611649 0.6726660 0.6368612 
S0016_G5702_R1_A 0.1633775 0.1242426 0.1470498 0.1426784 0.1426784 0.1541137 0.1910655 0.1970820 0.1910655 0.1970820 0.1523033 0.1591620 0.0512594 0.0323604 0.0309733 0.0449169 0.0387413 0.0489195 0.0408656 0.0344268 0.0408615 0.0367321 0.0408615 0.0469922 0.0469922 0.0383262 0.0402854 0.0554292 0.0326350 0.0471867 0.0306699 0.0470935 0.0343962 0.0324749 0.0402581 0.0000000 0.0385028 0.0385540 0.0386161 0.0780343 0.1012928 0.1012928 0.1598519 0.1598519 0.1291578 0.3409714 0.3347528 0.3351426 0.3351426 0.3464392 0.3588171 0.3588171 0.3631544 0.3477222 0.3577356 0.3493507 0.3050670 0.3050670 0.5754954 0.6503234 0.6427551 0.6725719 0.6479220 0.6522725 0.6600652 0.6561046 0.6698811 0.6525593 0.6427551 0.6525593 0.6725719 0.6479220 0.6698811 0.6518964 
S0031_G5702_R1_A 0.1714291 0.1284236 0.1567484 0.1599208 0.1599208 0.1616245 0.2133927 0.2196935 0.2133927 0.2196935 0.1763583 0.1810058 0.0576850 0.0325490 0.0291291 0.0491893 0.0410047 0.0533345 0.0451799 0.0386065 0.0451758 0.0472017 0.0451758 0.0513918 0.0513918 0.0385530 0.0405248 0.0599628 0.0428508 0.0557691 0.0428533 0.0345879 0.0303642 0.0244100 0.0405039 0.0385028 0.0000000 0.0428054 0.0470447 0.0899146 0.1046477 0.1046477 0.1643193 0.1643193 0.1248092 0.3388398 0.3411279 0.3454735 0.3454735 0.3426846 0.3645013 0.3645013 0.3688879 0.3510672 0.3618299 0.3533258 0.3217617 0.3217617 0.5675054 0.6532757 0.6588485 0.6755763 0.6508719 0.6552343 0.6630399 0.6590705 0.6622248 0.6555149 0.6588485 0.6555149 0.6755763 0.6508719 0.6622248 0.6558335 
S0019_G5702_R1_A 0.1454310 0.1106061 0.1379512 0.1409726 0.1409726 0.1448555 0.1807155 0.1866591 0.1807155 0.1866591 0.1510905 0.1568976 0.0349772 0.0207142 0.0152653 0.0348380 0.0268236 0.0246777 0.0131686 0.0265758 0.0288675 0.0308319 0.0288675 0.0348612 0.0348612 0.0226725 0.0245896 0.0390233 0.0228255 0.0390195 0.0388783 0.0494898 0.0386230 0.0366806 0.0326094 0.0385540 0.0428054 0.0000000 0.0189423 0.0672876 0.0834463 0.0834463 0.1521137 0.1521137 0.1121672 0.3274124 0.3211862 0.3236517 0.3236517 0.3314384 0.3446035 0.3446035 0.3488683 0.3352115 0.3426505 0.3344440 0.2994674 0.2994674 0.5585564 0.6522486 0.6446624 0.6745535 0.6616942 0.6542056 0.6620139 0.6580439 0.6612008 0.6678337 0.6446624 0.6678337 0.6745535 0.6616942 0.6612008 0.6453292 
S0002_G5702_R1_A 0.1541322 0.1180361 0.1491458 0.1522662 0.1522662 0.1563580 0.1868697 0.1928888 0.1868697 0.1928888 0.1630076 0.1723248 0.0475905 0.0287074 0.0232767 0.0432956 0.0350610 0.0286407 0.0210318 0.0327569 0.0371770 0.0391854 0.0371770 0.0433232 0.0433232 0.0307257 0.0326827 0.0476256 0.0329244 0.0476199 0.0430852 0.0559615 0.0427990 0.0408418 0.0407137 0.0386161 0.0470447 0.0189423 0.0000000 0.0765688 0.0931803 0.0931803 0.1637457 0.1637457 0.1281466 0.3334446 0.3272001 0.3372670 0.3372670 0.3453634 0.3589993 0.3589993 0.3633732 0.3465848 0.3567203 0.3482989 0.3106803 0.3106803 0.5927462 0.6619138 0.6542185 0.6845101 0.6594857 0.6639132 0.6718095 0.6677878 0.6709658 0.6776751 0.6542185 0.6776751 0.6845101 0.6594857 0.6709658 0.6349018 
S0033_G5702_R1_A 0.1142497 0.0736488 0.1014013 0.1035465 0.1035465 0.1067565 0.1640803 0.1763040 0.1640803 0.1763040 0.1292009 0.1346918 0.0720194 0.0598999 0.0611704 0.0760434 0.0624854 0.0692162 0.0671198 0.0620534 0.0671516 0.0692793 0.0671516 0.0760826 0.0760826 0.0688355 0.0732577 0.0904929 0.0695142 0.0665989 0.0809406 0.0836155 0.0738314 0.0761777 0.0826057 0.0780343 0.0899146 0.0672876 0.0765688 0.0000000 0.0495685 0.0495685 0.1108526 0.1108526 0.0892483 0.3071426 0.3009581 0.3089214 0.3089214 0.3199281 0.3259504 0.3259504 0.3301061 0.3266070 0.3212177 0.3132572 0.3057536 0.3057536 0.6116913 0.6419895 0.6345348 0.6774395 0.6512655 0.6570743 0.6345821 0.6307684 0.6508150 0.6573511 0.6345348 0.6573511 0.6774395 0.6512655 0.6508150 0.5717535 
S0005_G5702_R2_A 0.1264553 0.0930908 0.1196471 0.1138270 0.1138270 0.1178675 0.1853694 0.1913233 0.1853694 0.1913233 0.1463352 0.1502737 0.0901965 0.0755430 0.0775416 0.0903004 0.0783387 0.0853806 0.0807890 0.0777850 0.0810296 0.0827848 0.0810296 0.0925636 0.0925636 0.0873351 0.0895025 0.1077139 0.0857686 0.0877474 0.1022781 0.0982168 0.0947357 0.0926915 0.0993013 0.1012928 0.1046477 0.0834463 0.0931803 0.0495685 0.0000000 0.0000010 0.1269365 0.1269365 0.1114897 0.3428194 0.3365164 0.3286791 0.3286791 0.3366464 0.3431019 0.3431019 0.3474082 0.3312106 0.3392633 0.3309668 0.3213487 0.3213487 0.6521604 0.6520272 0.6498802 0.6879668 0.6614519 0.6673212 0.6617713 0.6578098 0.6664949 0.6731548 0.6498802 0.6731548 0.6879668 0.6614519 0.6664949 0.5630438 
S0005_G5702_R1_A 0.1264553 0.0930908 0.1196471 0.1138270 0.1138270 0.1178675 0.1853694 0.1913233 0.1853694 0.1913233 0.1463352 0.1502737 0.0901965 0.0755430 0.0775416 0.0903004 0.0783387 0.0853806 0.0807890 0.0777850 0.0810296 0.0827848 0.0810296 0.0925636 0.0925636 0.0873351 0.0895025 0.1077139 0.0857686 0.0877474 0.1022781 0.0982168 0.0947357 0.0926915 0.0993013 0.1012928 0.1046477 0.0834463 0.0931803 0.0495685 0.0000010 0.0000000 0.1269365 0.1269365 0.1114897 0.3428194 0.3365164 0.3286791 0.3286791 0.3366464 0.3431019 0.3431019 0.3474082 0.3312106 0.3392633 0.3309668 0.3213487 0.3213487 0.6521604 0.6520272 0.6498802 0.6879668 0.6614519 0.6673212 0.6617713 0.6578098 0.6664949 0.6731548 0.6498802 0.6731548 0.6879668 0.6614519 0.6664949 0.5630438 
S0006_G5702_R1_A 0.1953045 0.1561105 0.1694025 0.1867478 0.1867478 0.1866387 0.2110067 0.2166232 0.2110067 0.2166232 0.2252051 0.2234492 0.1531059 0.1382780 0.1469469 0.1691206 0.1469656 0.1539948 0.1581062 0.1507971 0.1495264 0.1555991 0.1495264 0.1512632 0.1512632 0.1494524 0.1462492 0.1766493 0.1585337 0.1607980 0.1722461 0.1645104 0.1613279 0.1643257 0.1666430 0.1598519 0.1643193 0.1521137 0.1637457 0.1108526 0.1269365 0.1269365 0.0000000 0.0000010 0.1569577 0.4164268 0.4099981 0.3993002 0.3993002 0.4007246 0.4062138 0.4062138 0.4109977 0.3920273 0.3932373 0.3875955 0.3464582 0.3464582 0.6329230 0.6495071 0.6749002 0.6788551 0.6589185 0.6640192 0.6592409 0.6658760 0.6506801 0.6650505 0.6749002 0.6650505 0.6788551 0.6589185 0.6506801 0.6885387 
S0006_G5702_R2_A 0.1953045 0.1561105 0.1694025 0.1867478 0.1867478 0.1866387 0.2110067 0.2166232 0.2110067 0.2166232 0.2252051 0.2234492 0.1531059 0.1382780 0.1469469 0.1691206 0.1469656 0.1539948 0.1581062 0.1507971 0.1495264 0.1555991 0.1495264 0.1512632 0.1512632 0.1494524 0.1462492 0.1766493 0.1585337 0.1607980 0.1722461 0.1645104 0.1613279 0.1643257 0.1666430 0.1598519 0.1643193 0.1521137 0.1637457 0.1108526 0.1269365 0.1269365 0.0000010 0.0000000 0.1569577 0.4164268 0.4099981 0.3993002 0.3993002 0.4007246 0.4062138 0.4062138 0.4109977 0.3920273 0.3932373 0.3875955 0.3464582 0.3464582 0.6329230 0.6495071 0.6749002 0.6788551 0.6589185 0.6640192 0.6592409 0.6658760 0.6506801 0.6650505 0.6749002 0.6650505 0.6788551 0.6589185 0.6506801 0.6885387 
S0035_G5702_R1_A 0.1569371 0.1353773 0.1462570 0.1548017 0.1548017 0.1682865 0.2263342 0.2328503 0.2263342 0.2328503 0.1858324 0.1947445 0.1097233 0.1081684 0.1114284 0.1271730 0.1058364 0.1141213 0.1094997 0.1106291 0.1111985 0.1146018 0.1111985 0.1107132 0.1107132 0.1185587 0.1235983 0.1307604 0.1197426 0.1194565 0.1248014 0.1251846 0.1266662 0.1197144 0.1219568 0.1291578 0.1248092 0.1121672 0.1281466 0.0892483 0.1114897 0.1114897 0.1569577 0.1569577 0.0000000 0.4176992 0.4097650 0.4075199 0.4075199 0.4091288 0.4256661 0.4256661 0.4305941 0.4123334 0.4129886 0.4074463 0.3268618 0.3268618 0.6124120 0.7199312 0.7185599 0.7542255 0.7305470 0.7313832 0.7308391 0.7263961 0.7151735 0.7223820 0.7185599 0.7223820 0.7542255 0.7305470 0.7151735 0.6964050 
S0024_G5702_R1_A 0.3488396 0.3417583 0.3623525 0.3440088 0.3440088 0.3718154 0.4043989 0.4168235 0.4043989 0.4168235 0.3707314 0.3983479 0.3595581 0.3218724 0.3244867 0.3383449 0.3181054 0.3432913 0.3504004 0.3300907 0.3391531 0.3356804 0.3391531 0.3504991 0.3504991 0.3454874 0.3462132 0.3527042 0.3285176 0.3327825 0.3559991 0.3379260 0.3262813 0.3253981 0.3522016 0.3409714 0.3388398 0.3274124 0.3334446 0.3071426 0.3428194 0.3428194 0.4164268 0.4164268 0.4176992 0.0000000 0.0187091 0.0161943 0.0161943 0.0000010 0.0412984 0.0412984 0.0438942 0.0125611 0.0823017 0.0764372 0.3785544 0.3785544 0.5369537 0.6925578 0.7175009 0.7308452 0.6943248 0.7111932 0.7290269 0.7148080 0.7295757 0.7066007 0.7175009 0.7066007 0.7308452 0.6943248 0.7295757 0.7989318 
S0032_G5702_R2_N 0.3326014 0.3268821 0.3425320 0.3437371 0.3437371 0.3697623 0.3827691 0.3949087 0.3827691 0.3949087 0.3770801 0.4072491 0.3532209 0.3156609 0.3174952 0.3320968 0.3158906 0.3370378 0.3372413 0.3238896 0.3328953 0.3294031 0.3328953 0.3442192 0.3442192 0.3392605 0.3399775 0.3463912 0.3241839 0.3200552 0.3497142 0.3420459 0.3200753 0.3192042 0.3307379 0.3347528 0.3411279 0.3211862 0.3272001 0.3009581 0.3365164 0.3365164 0.4099981 0.4099981 0.4097650 0.0187091 0.0000000 0.0188104 0.0188104 0.0165853 0.0444758 0.0444758 0.0471283 0.0000010 0.0835824 0.0776156 0.3518564 0.3518564 0.4983871 0.6610357 0.6853339 0.6981792 0.6627491 0.6790954 0.6964386 0.6826437 0.6970131 0.6731078 0.6853339 0.6731078 0.6981792 0.6627491 0.6970131 0.8109576 
S0032_G5702_R1_N 0.3477729 0.3419163 0.3589632 0.3566635 0.3566635 0.3881107 0.3877214 0.4097417 0.3877214 0.4097417 0.3692541 0.3948552 0.3623374 0.3279261 0.3228138 0.3410344 0.3288824 0.3449824 0.3416308 0.3385294 0.3385165 0.3382522 0.3385165 0.3475230 0.3475230 0.3378990 0.3352297 0.3490772 0.3213243 0.3449176 0.3428082 0.3410635 0.3280007 0.3279261 0.3366623 0.3351426 0.3454735 0.3236517 0.3372670 0.3089214 0.3286791 0.3286791 0.3993002 0.3993002 0.4075199 0.0161943 0.0188104 0.0000000 0.0000010 0.0151530 0.0456113 0.0456113 0.0477421 0.0140802 0.0736840 0.0668504 0.3185989 0.3185989 0.6136054 0.6099633 0.6368416 0.6490031 0.6123589 0.6346663 0.6244981 0.6207106 0.6455430 0.6286790 0.6368416 0.6286790 0.6490031 0.6123589 0.6455430 0.7886019 
S0032_G5702_R3_N 0.3477729 0.3419163 0.3589632 0.3566635 0.3566635 0.3881107 0.3877214 0.4097417 0.3877214 0.4097417 0.3692541 0.3948552 0.3623374 0.3279261 0.3228138 0.3410344 0.3288824 0.3449824 0.3416308 0.3385294 0.3385165 0.3382522 0.3385165 0.3475230 0.3475230 0.3378990 0.3352297 0.3490772 0.3213243 0.3449176 0.3428082 0.3410635 0.3280007 0.3279261 0.3366623 0.3351426 0.3454735 0.3236517 0.3372670 0.3089214 0.3286791 0.3286791 0.3993002 0.3993002 0.4075199 0.0161943 0.0188104 0.0000010 0.0000000 0.0151530 0.0456113 0.0456113 0.0477421 0.0140802 0.0736840 0.0668504 0.3185989 0.3185989 0.6136054 0.6099633 0.6368416 0.6490031 0.6123589 0.6346663 0.6244981 0.6207106 0.6455430 0.6286790 0.6368416 0.6286790 0.6490031 0.6123589 0.6455430 0.7886019 
S0024_G5702_R2_A 0.3627132 0.3501295 0.3618229 0.3566067 0.3566067 0.3939092 0.3993549 0.4084232 0.3993549 0.4084232 0.3709298 0.3955396 0.3653415 0.3358063 0.3340631 0.3492056 0.3335294 0.3532378 0.3465479 0.3466113 0.3466556 0.3463843 0.3466556 0.3558652 0.3558652 0.3459626 0.3432570 0.3574896 0.3323361 0.3531761 0.3543720 0.3408824 0.3358790 0.3358063 0.3447351 0.3464392 0.3426846 0.3314384 0.3453634 0.3199281 0.3366464 0.3366464 0.4007246 0.4007246 0.4091288 0.0000010 0.0165853 0.0151530 0.0151530 0.0000000 0.0551084 0.0551084 0.0573316 0.0099523 0.0721557 0.0652913 0.3269854 0.3269854 0.5960416 0.6199806 0.6541390 0.6549583 0.6224404 0.6403450 0.6403599 0.6364511 0.6564590 0.6391836 0.6541390 0.6391836 0.6549583 0.6224404 0.6564590 0.7688467 
S0001_G5702_R1_A 0.3536083 0.3472704 0.3859545 0.3742351 0.3742351 0.3946991 0.4138943 0.4328635 0.4138943 0.4328635 0.3843505 0.4175818 0.3817687 0.3455118 0.3440476 0.3630332 0.3465330 0.3705252 0.3637917 0.3565735 0.3566889 0.3564092 0.3566889 0.3661512 0.3661512 0.3595404 0.3567849 0.3716039 0.3491581 0.3529029 0.3720002 0.3598846 0.3491821 0.3461705 0.3583322 0.3588171 0.3645013 0.3446035 0.3589993 0.3259504 0.3431019 0.3431019 0.4062138 0.4062138 0.4256661 0.0412984 0.0444758 0.0456113 0.0456113 0.0551084 0.0000000 0.0000010 0.0018320 0.0543105 0.1041617 0.0965909 0.3301887 0.3301887 0.6330698 0.6271100 0.6602250 0.6672086 0.6295780 0.6524877 0.6608592 0.6436124 0.6692459 0.6463598 0.6602250 0.6463598 0.6672086 0.6295780 0.6692459 0.8295527 
S0001_G5702_R2_A 0.3536083 0.3472704 0.3859545 0.3742351 0.3742351 0.3946991 0.4138943 0.4328635 0.4138943 0.4328635 0.3843505 0.4175818 0.3817687 0.3455118 0.3440476 0.3630332 0.3465330 0.3705252 0.3637917 0.3565735 0.3566889 0.3564092 0.3566889 0.3661512 0.3661512 0.3595404 0.3567849 0.3716039 0.3491581 0.3529029 0.3720002 0.3598846 0.3491821 0.3461705 0.3583322 0.3588171 0.3645013 0.3446035 0.3589993 0.3259504 0.3431019 0.3431019 0.4062138 0.4062138 0.4256661 0.0412984 0.0444758 0.0456113 0.0456113 0.0551084 0.0000010 0.0000000 0.0018320 0.0543105 0.1041617 0.0965909 0.3301887 0.3301887 0.6330698 0.6271100 0.6602250 0.6672086 0.6295780 0.6524877 0.6608592 0.6436124 0.6692459 0.6463598 0.6602250 0.6463598 0.6672086 0.6295780 0.6692459 0.8295527 
