56
S0042_G5721_R1_N 0.0000000 0.0292038 0.0225816 0.0203075 0.0226237 0.0202143 0.0291687 0.0225919 0.0299555 0.0625629 0.3077345 0.8927528 0.8721701 0.8540815 0.9233819 0.9415453 0.9475964 0.7630106 0.6029482 0.6612111 0.7084370 0.6619071 0.6680158 0.6714129 0.6984253 0.6231229 0.6443584 0.6421977 0.6308235 0.6390259 0.6467163 0.6499395 0.6591256 0.6735271 0.6768492 0.7371745 0.6270789 0.6746940 0.6997363 0.6537922 0.6410335 0.6409574 0.7286243 0.6794330 0.6511362 0.7406215 0.7533931 0.8193020 0.7375280 0.7518281 0.7781662 0.7637732 0.7401438 0.8903931 0.9349766 0.9505884 
S0047_G5721_R1_N 0.0292038 0.0000000 0.0272455 0.0257644 0.0280736 0.0232378 0.0355144 0.0264409 0.0257015 0.0674396 0.3262659 0.8898175 0.8667174 0.8477256 0.9095810 0.9392178 0.9331193 0.7656413 0.6085640 0.6512224 0.6925243 0.6540837 0.6551771 0.6624722 0.6931897 0.6162283 0.6441103 0.6349520 0.6237923 0.6358115 0.6435913 0.6492296 0.6491400 0.6696242 0.6701682 0.7282304 0.6222590 0.6614448 0.6870050 0.6463576 0.6353176 0.6318838 0.7297730 0.6794122 0.6540295 0.7339445 0.7490135 0.8023093 0.7340439 0.7394377 0.7712227 0.7674846 0.7476765 0.8837127 0.9231979 0.9386043 
S0045_G5721_R2_A 0.0225816 0.0272455 0.0000000 0.0184906 0.0176569 0.0160743 0.0272139 0.0176303 0.0295837 0.0557978 0.3163145 0.8899890 0.8762363 0.8513856 0.9202495 0.9317102 0.9441606 0.7702721 0.6021648 0.6528729 0.6964887 0.6558783 0.6596279 0.6618018 0.6893195 0.6156501 0.6434942 0.6367019 0.6255244 0.6359987 0.6341922 0.6451937 0.6509141 0.6621916 0.6781930 0.7273089 0.6216703 0.6627058 0.6932585 0.6481195 0.6286530 0.6330726 0.7223828 0.6844986 0.6409433 0.7405493 0.7587055 0.8109058 0.7218467 0.7457197 0.7669522 0.7503790 0.7411922 0.8684753 0.9220684 0.9374343 
S0040_G5721_R1_N 0.0203075 0.0257644 0.0184906 0.0000000 0.0208659 0.0130330 0.0241455 0.0177048 0.0265153 0.0586550 0.3211890 0.8961402 0.8824678 0.8562978 0.9236479 0.9403531 0.9525255 0.7660789 0.5971575 0.6504423 0.6903708 0.6501691 0.6539146 0.6559911 0.6891542 0.6081349 0.6433484 0.6311788 0.6200870 0.6280162 0.6331960 0.6373319 0.6541584 0.6620333 0.6800692 0.7246753 0.6185410 0.6593912 0.6930925 0.6425313 0.6322273 0.6298815 0.7210592 0.6781998 0.6462862 0.7415067 0.7545704 0.8034033 0.7273667 0.7350621 0.7638726 0.7504563 0.7355641 0.8776008 0.9260656 0.9414843 
S0044_G5721_R1_N 0.0226237 0.0280736 0.0176569 0.0208659 0.0000000 0.0184268 0.0304443 0.0184288 0.0288210 0.0593050 0.3254198 0.8864490 0.8759511 0.8479644 0.9200064 0.9343052 0.9438976 0.7614329 0.5911785 0.6548888 0.7010732 0.6647167 0.6566932 0.6638209 0.6913191 0.6263708 0.6454974 0.6404979 0.6275213 0.6332027 0.6407648 0.6514553 0.6596469 0.6642983 0.6796663 0.7266223 0.6301723 0.6671342 0.6952438 0.6477056 0.6417743 0.6417042 0.7242906 0.6889906 0.6602396 0.7325811 0.7583717 0.7938654 0.7198408 0.7230173 0.7588748 0.7513760 0.7346791 0.8751279 0.9272982 0.9503133 
S0038_G5721_R1_A 0.0202143 0.0232378 0.0160743 0.0130330 0.0184268 0.0000000 0.0248428 0.0152957 0.0224084 0.0583595 0.3140894 0.8927682 0.8791020 0.8641447 0.9293257 0.9514244 0.9499794 0.7672098 0.5912569 0.6513468 0.6948042 0.6519358 0.6556791 0.6577836 0.6876699 0.6142649 0.6420117 0.6329057 0.6217973 0.6297495 0.6373061 0.6437027 0.6447943 0.6605941 0.6765370 0.7255381 0.6202592 0.6611630 0.6916058 0.6442678 0.6317545 0.6316205 0.7232439 0.6776928 0.6472270 0.7415087 0.7598832 0.8118519 0.7286821 0.7407699 0.7652978 0.7608124 0.7396798 0.8692829 0.9268961 0.9423004 
S0045_G5721_R1_A 0.0291687 0.0355144 0.0272139 0.0241455 0.0304443 0.0248428 0.0000000 0.0280259 0.0370753 0.0663467 0.3357813 0.9080155 0.8945741 0.8736427 0.9360361 0.9496211 0.9623660 0.7751800 0.5861647 0.6519369 0.7002287 0.6526980 0.6564943 0.6560936 0.6860258 0.6147112 0.6425619 0.6334194 0.6222699 0.6374569 0.6354509 0.6442603 0.6467376 0.6648977 0.6834417 0.7264130 0.6248176 0.6617839 0.6940045 0.6448214 0.6346796 0.6321334 0.7310834 0.6892505 0.6576443 0.7428478 0.7531490 0.8182611 0.7288761 0.7385302 0.7695563 0.7522444 0.7523661 0.8996411 0.9235862 0.9389861 
S0041_G5721_R1_N 0.0225919 0.0264409 0.0176303 0.0177048 0.0184288 0.0152957 0.0280259 0.0000000 0.0240223 0.0592162 0.3260748 0.8926505 0.8755651 0.8611891 0.9295176 0.9392565 0.9469922 0.7778938 0.5963901 0.6506313 0.6965240 0.6487900 0.6500693 0.6570705 0.6869829 0.6113784 0.6390611 0.6299867 0.6167327 0.6290228 0.6342094 0.6429859 0.6463187 0.6598675 0.6730010 0.7299745 0.6195262 0.6604626 0.6909270 0.6413400 0.6286706 0.6308938 0.7166007 0.6869788 0.6439860 0.7351236 0.7618324 0.8131374 0.7347063 0.7382093 0.7701128 0.7534609 0.7359903 0.8716949 0.9259211 0.9375919 
S0043_G5721_R1_N 0.0299555 0.0257015 0.0295837 0.0265153 0.0288210 0.0224084 0.0370753 0.0240223 0.0000000 0.0690965 0.3336410 0.8980539 0.8762046 0.8660479 0.9384643 0.9680750 0.9494006 0.7714285 0.6084879 0.6623699 0.6973669 0.6629030 0.6606620 0.6679376 0.6994595 0.6234395 0.6527490 0.6433977 0.6320549 0.6402428 0.6479051 0.6569591 0.6578194 0.6780045 0.6821264 0.7380561 0.6281634 0.6669428 0.7059832 0.6549538 0.6427966 0.6403358 0.7320207 0.6973021 0.6616299 0.7601265 0.7819988 0.8296470 0.7540997 0.7505623 0.7783458 0.7578816 0.7523611 0.9056139 0.9333328 0.9526358 
S0045_G5721_R4_A 0.0625629 0.0674396 0.0557978 0.0586550 0.0593050 0.0583595 0.0663467 0.0592162 0.0690965 0.0000000 0.3180859 0.9262788 0.9178213 0.8889642 0.9690646 0.9810546 0.9949531 0.8410564 0.6385820 0.7077132 0.7665307 0.7208774 0.7250995 0.7212140 0.7520201 0.6813156 0.7076945 0.7125831 0.6965349 0.6922851 0.6921376 0.7111567 0.7144344 0.7227342 0.7470683 0.7895921 0.6937463 0.7339105 0.7682657 0.7101108 0.6982518 0.7050768 0.7617267 0.7401218 0.7204298 0.8080035 0.8351486 0.8928447 0.7951553 0.8097714 0.8417778 0.8159541 0.8059119 0.9685541 0.9829000 1.0127135 
S0045_G5721_R3_A 0.3077345 0.3262659 0.3163145 0.3211890 0.3254198 0.3140894 0.3357813 0.3260748 0.3336410 0.3180859 0.0000000 1.3806482 1.3735131 1.3852805 1.4919472 1.5103187 1.5217690 1.0794345 0.8996255 1.1160727 1.2115066 1.1282075 1.1273573 1.0733471 1.1850932 1.0848363 1.0984402 1.0808454 1.0565926 1.1092906 1.0911092 1.1254991 1.1195386 1.1848207 1.1877404 1.2587203 1.0778453 1.0911034 1.1920192 1.0973779 1.0924393 1.1079684 1.1443928 1.1427748 1.1027499 1.1029466 1.1559757 1.2295118 1.0961539 1.1166150 1.1384542 1.1857724 1.1435732 1.4748799 1.4656376 1.4789185 
S0025_G5721_R1_A 0.8927528 0.8898175 0.8899890 0.8961402 0.8864490 0.8927682 0.9080155 0.8926505 0.8980539 0.9262788 1.3806482 0.0000000 0.0399742 0.0714699 0.0831706 0.1473510 0.0958069 0.7100857 0.8790985 0.8900194 0.9539289 0.8887027 0.8976587 0.9072351 0.9192816 0.8544087 0.8876939 0.9016386 0.8787986 0.9346675 0.8636515 0.8817666 0.8773520 0.9384786 0.9223443 0.9158340 0.8840855 0.9040072 0.9206665 0.8815458 0.8842202 0.9316230 1.0985790 0.9858212 1.0279552 1.0547741 1.0812514 1.1291115 1.0172269 1.0308816 1.0240607 1.1003180 1.0917527 1.3382265 1.1894334 1.1780525 
S0029_G5721_R1_A 0.8721701 0.8667174 0.8762363 0.8824678 0.8759511 0.8791020 0.8945741 0.8755651 0.8762046 0.9178213 1.3735131 0.0399742 0.0000000 0.0595484 0.0719193 0.1390170 0.0872996 0.6944469 0.8454092 0.8933866 0.9389922 0.8821510 0.8788116 0.8864244 0.9245917 0.8545942 0.8876046 0.8926874 0.8671234 0.9432558 0.8659848 0.8905895 0.8764413 0.9381403 0.9152653 0.9240013 0.8806488 0.9014939 0.9162188 0.8906728 0.8824406 0.9435521 1.0793584 0.9765939 0.9792434 1.0608903 1.0901633 1.1270340 0.9933404 1.0247216 1.0530378 1.0611280 1.0649135 1.3655278 1.1544274 1.1326109 
S0032_G5721_R2_N 0.8540815 0.8477256 0.8513856 0.8562978 0.8479644 0.8641447 0.8736427 0.8611891 0.8660479 0.8889642 1.3852805 0.0714699 0.0595484 0.0000000 0.0255598 0.1020996 0.0452280 0.6776559 0.7755450 0.9031164 0.9751343 0.9043769 0.9015044 0.9148774 0.9155094 0.8599811 0.8877719 0.9001202 0.8743458 0.9726436 0.8881408 0.8909614 0.8925241 0.9388849 0.9020073 0.9307894 0.8972684 0.9051878 0.9477982 0.8710532 0.8935508 0.9559045 1.0716743 0.9406071 0.9675662 1.0357898 1.0703498 1.1321122 0.9613143 0.9737485 1.0059716 1.0599553 1.0326487 1.4257484 1.1482305 1.1408000 
S0032_G5721_R1_N 0.9233819 0.9095810 0.9202495 0.9236479 0.9200064 0.9293257 0.9360361 0.9295176 0.9384643 0.9690646 1.4919472 0.0831706 0.0719193 0.0255598 0.0000000 0.1130144 0.0288818 0.6941487 0.8588328 0.9556468 1.0151690 0.9647119 0.9718398 0.9837402 0.9884184 0.9191461 0.9598708 0.9679636 0.9517152 1.0289893 0.9376211 0.9540435 0.9709987 0.9849763 0.9597004 0.9757458 0.9640905 0.9757672 1.0161225 0.9340885 0.9479017 1.0155557 1.1743627 1.0413491 1.0452061 1.1088208 1.1553666 1.2032155 1.0353926 1.0581976 1.1067930 1.1504162 1.1207229 1.4187932 1.2072144 1.1827365 
S0001_G5721_R1_A 0.9415453 0.9392178 0.9317102 0.9403531 0.9343052 0.9514244 0.9496211 0.9392565 0.9680750 0.9810546 1.5103187 0.1473510 0.1390170 0.1020996 0.1130144 0.0000000 0.1308654 0.7214678 0.8440609 1.0152726 1.0802622 1.0127244 1.0062518 1.0248681 1.0118604 0.9814418 1.0103608 1.0103617 0.9976303 1.0534897 0.9712036 0.9934363 1.0012739 1.0451014 1.0184976 1.0136196 0.9821083 1.0108275 1.0494756 1.0209755 0.9891155 1.0482231 1.2707706 1.1443718 1.0991803 1.2039925 1.2510076 1.2298085 1.1354988 1.1845793 1.1810225 1.2540910 1.1413644 1.4684629 1.2539193 1.2324765 
S0024_G5721_R1_A 0.9475964 0.9331193 0.9441606 0.9525255 0.9438976 0.9499794 0.9623660 0.9469922 0.9494006 0.9949531 1.5217690 0.0958069 0.0872996 0.0452280 0.0288818 0.1308654 0.0000000 0.6888433 0.9088581 0.9608064 1.0321671 0.9714955 0.9585510 0.9765070 0.9784930 0.9263902 0.9681468 0.9764999 0.9614846 1.0393781 0.9436129 0.9721112 0.9645568 0.9966907 0.9766352 0.9846172 0.9640438 0.9826052 1.0107019 0.9462861 0.9592708 1.0202815 1.1939882 1.0601519 1.0526815 1.1442038 1.1808560 1.2399345 1.0635492 1.0637687 1.1178111 1.1448799 1.1388578 1.4126826 1.2133757 1.1959616 
S0049_G5721_R1_A 0.7630106 0.7656413 0.7702721 0.7660789 0.7614329 0.7672098 0.7751800 0.7778938 0.7714285 0.8410564 1.0794345 0.7100857 0.6944469 0.6776559 0.6941487 0.7214678 0.6888433 0.0000000 0.6899252 1.0490428 0.9939926 0.9673810 0.9967261 0.9926443 1.0049497 0.9775411 1.0181693 0.9772221 0.9753617 1.0383770 0.9851191 0.9787535 1.0178822 1.0300367 1.0172318 1.0679818 0.9684519 0.9628992 1.0599708 1.0125193 1.0224897 0.9887076 0.9977578 0.9109937 0.8386383 0.8538806 0.8796678 0.8466815 0.8448194 0.8436468 0.8423683 0.9217929 0.8893615 1.1243264 1.0343906 1.0378111 
S0003_G5721_R1_N 0.6029482 0.6085640 0.6021648 0.5971575 0.5911785 0.5912569 0.5861647 0.5963901 0.6084879 0.6385820 0.8996255 0.8790985 0.8454092 0.7755450 0.8588328 0.8440609 0.9088581 0.6899252 0.0000000 0.9148647 0.8724119 0.8998740 0.9213984 0.9193361 0.9202603 0.8939200 0.9434734 0.8995777 0.8737227 0.9398798 0.9276707 0.9193266 0.8746096 0.9257822 0.9201183 0.9071683 0.8884829 0.9393450 0.9708153 0.9229231 0.9201868 0.9054026 0.9382541 0.8675806 0.7410251 0.8863480 0.8861131 0.9249081 0.8294339 0.8160355 0.8142960 0.8234159 0.8444428 1.0105603 0.8752426 0.8782638 
S0018_G5721_R1_A 0.6612111 0.6512224 0.6528729 0.6504423 0.6548888 0.6513468 0.6519369 0.6506313 0.6623699 0.7077132 1.1160727 0.8900194 0.8933866 0.9031164 0.9556468 1.0152726 0.9608064 1.0490428 0.9148647 0.0000000 0.0967052 0.0912331 0.0948747 0.0885732 0.0978670 0.0915050 0.0876440 0.1003852 0.1025124 0.0804183 0.0920643 0.0926666 0.0906399 0.1413183 0.1237083 0.0679829 0.1043968 0.0914175 0.0716046 0.0932729 0.0955704 0.0939085 0.2797468 0.2649415 0.3048695 0.5122389 0.5369567 0.5452413 0.4753494 0.4895397 0.4724613 0.5287135 0.4492889 0.5729524 0.5993473 0.6202803 
S0004_G5721_R1_A 0.7084370 0.6925243 0.6964887 0.6903708 0.7010732 0.6948042 0.7002287 0.6965240 0.6973669 0.7665307 1.2115066 0.9539289 0.9389922 0.9751343 1.0151690 1.0802622 1.0321671 0.9939926 0.8724119 0.0967052 0.0000000 0.0985707 0.1106454 0.1074411 0.1164539 0.1146793 0.1056685 0.1181059 0.1178586 0.0914464 0.1041579 0.1079433 0.1075660 0.1469473 0.1246164 0.0847536 0.1188568 0.1127858 0.1247721 0.1124918 0.1052785 0.1095884 0.2826216 0.2668409 0.2948443 0.5097060 0.5244342 0.5281491 0.4758093 0.4806860 0.4682718 0.5260076 0.4248274 0.5955607 0.6368477 0.6678293 
S0028_G5721_R1_A 0.6619071 0.6540837 0.6558783 0.6501691 0.6647167 0.6519358 0.6526980 0.6487900 0.6629030 0.7208774 1.1282075 0.8887027 0.8821510 0.9043769 0.9647119 1.0127244 0.9714955 0.9673810 0.8998740 0.0912331 0.0985707 0.0000000 0.0700993 0.0687314 0.0736024 0.0806949 0.0632427 0.0776679 0.0789731 0.0814956 0.0625811 0.0621477 0.0730043 0.1228728 0.1011597 0.0966832 0.0701550 0.0672544 0.1098877 0.0700075 0.0618888 0.0616938 0.2596774 0.2389496 0.2779031 0.5096398 0.5266451 0.5326873 0.4707066 0.4797068 0.4607441 0.5181818 0.4350974 0.5759547 0.5814496 0.6080765 
S0050_G5721_R1_A 0.6680158 0.6551771 0.6596279 0.6539146 0.6566932 0.6556791 0.6564943 0.6500693 0.6606620 0.7250995 1.1273573 0.8976587 0.8788116 0.9015044 0.9718398 1.0062518 0.9585510 0.9967261 0.9213984 0.0948747 0.1106454 0.0700993 0.0000000 0.0344396 0.0792752 0.0828862 0.0762906 0.0778068 0.0865844 0.0847875 0.0778294 0.0828752 0.0634421 0.1227613 0.1009131 0.1035412 0.0861641 0.0723160 0.1120635 0.0741899 0.0790085 0.0744258 0.2651258 0.2530226 0.2811325 0.5048014 0.5250071 0.5294984 0.4527840 0.4728621 0.4375086 0.5176521 0.4203517 0.6165224 0.6114866 0.6329037 
S0048_G5721_R1_A 0.6714129 0.6624722 0.6618018 0.6559911 0.6638209 0.6577836 0.6560936 0.6570705 0.6679376 0.7212140 1.0733471 0.9072351 0.8864244 0.9148774 0.9837402 1.0248681 0.9765070 0.9926443 0.9193361 0.0885732 0.1074411 0.0687314 0.0344396 0.0000000 0.0774765 0.0818933 0.0779058 0.0843477 0.0915384 0.0844414 0.0779690 0.0833360 0.0659342 0.1261963 0.0991322 0.1006317 0.0903666 0.0709161 0.1097051 0.0764199 0.0792876 0.0757898 0.2598864 0.2494268 0.2799607 0.5066422 0.5272909 0.5300524 0.4576753 0.4726580 0.4417085 0.5111430 0.4390536 0.5892982 0.5824247 0.6013293 
S0022_G5721_R1_A 0.6984253 0.6931897 0.6893195 0.6891542 0.6913191 0.6876699 0.6860258 0.6869829 0.6994595 0.7520201 1.1850932 0.9192816 0.9245917 0.9155094 0.9884184 1.0118604 0.9784930 1.0049497 0.9202603 0.0978670 0.1164539 0.0736024 0.0792752 0.0774765 0.0000000 0.0897753 0.0764466 0.0913766 0.0984891 0.0985698 0.0729157 0.0818525 0.0818689 0.1284738 0.1145017 0.1062072 0.0847271 0.0627002 0.1098658 0.0810473 0.0769710 0.0824973 0.2797866 0.2634955 0.3046135 0.5495664 0.5675247 0.5743640 0.4965791 0.5046613 0.4789035 0.5469360 0.4559368 0.5789368 0.5995679 0.6233626 
S0011_G5721_R1_A 0.6231229 0.6162283 0.6156501 0.6081349 0.6263708 0.6142649 0.6147112 0.6113784 0.6234395 0.6813156 1.0848363 0.8544087 0.8545942 0.8599811 0.9191461 0.9814418 0.9263902 0.9775411 0.8939200 0.0915050 0.1146793 0.0806949 0.0828862 0.0818933 0.0897753 0.0000000 0.0798635 0.0739343 0.0801633 0.0913836 0.0870752 0.0887659 0.0884757 0.1328424 0.1161584 0.1099619 0.0879791 0.0814862 0.1115585 0.0643011 0.0827299 0.0863431 0.2825289 0.2576261 0.2883933 0.4964002 0.5193026 0.5188286 0.4749345 0.4763540 0.4576586 0.5322916 0.4291167 0.5877335 0.5827584 0.6022471 
S0002_G5721_R1_A 0.6443584 0.6441103 0.6434942 0.6433484 0.6454974 0.6420117 0.6425619 0.6390611 0.6527490 0.7076945 1.0984402 0.8876939 0.8876046 0.8877719 0.9598708 1.0103608 0.9681468 1.0181693 0.9434734 0.0876440 0.1056685 0.0632427 0.0762906 0.0779058 0.0764466 0.0798635 0.0000000 0.0848221 0.0822554 0.0880983 0.0728307 0.0763827 0.0842117 0.1320194 0.1135537 0.0988495 0.0754922 0.0699167 0.1048608 0.0753522 0.0747587 0.0712476 0.2736251 0.2536509 0.2825086 0.5250428 0.5471825 0.5467937 0.4823363 0.4854962 0.4710658 0.5451931 0.4374161 0.5912278 0.5733331 0.5977493 
S0036_G5721_R1_A 0.6421977 0.6349520 0.6367019 0.6311788 0.6404979 0.6329057 0.6334194 0.6299867 0.6433977 0.7125831 1.0808454 0.9016386 0.8926874 0.9001202 0.9679636 1.0103617 0.9764999 0.9772221 0.8995777 0.1003852 0.1181059 0.0776679 0.0778068 0.0843477 0.0913766 0.0739343 0.0848221 0.0000000 0.0603468 0.0942526 0.0838614 0.0883403 0.0884919 0.1221580 0.1223648 0.1140991 0.0882905 0.0831677 0.1172936 0.0642018 0.0837498 0.0868759 0.2789413 0.2569678 0.2969332 0.5075128 0.5316919 0.5407171 0.4809177 0.4835985 0.4653647 0.5495597 0.4404556 0.5875188 0.6061201 0.6294215 
S0020_G5721_R1_A 0.6308235 0.6237923 0.6255244 0.6200870 0.6275213 0.6217973 0.6222699 0.6167327 0.6320549 0.6965349 1.0565926 0.8787986 0.8671234 0.8743458 0.9517152 0.9976303 0.9614846 0.9753617 0.8737227 0.1025124 0.1178586 0.0789731 0.0865844 0.0915384 0.0984891 0.0801633 0.0822554 0.0603468 0.0000000 0.0973234 0.0844138 0.0923961 0.0927797 0.1316114 0.1259554 0.1113971 0.0952184 0.0870983 0.1210570 0.0767353 0.0857586 0.0849465 0.2907236 0.2641842 0.2934052 0.5279922 0.5442944 0.5492174 0.4891182 0.4958952 0.4690404 0.5513691 0.4508368 0.5885815 0.6202820 0.6419042 
S0016_G5721_R1_A 0.6390259 0.6358115 0.6359987 0.6280162 0.6332027 0.6297495 0.6374569 0.6290228 0.6402428 0.6922851 1.1092906 0.9346675 0.9432558 0.9726436 1.0289893 1.0534897 1.0393781 1.0383770 0.9398798 0.0804183 0.0914464 0.0814956 0.0847875 0.0844414 0.0985698 0.0913836 0.0880983 0.0942526 0.0973234 0.0000000 0.0874189 0.0912504 0.0858434 0.1362886 0.1161294 0.0900893 0.0970274 0.0898691 0.0916599 0.0905473 0.0893883 0.0841861 0.2785866 0.2740861 0.2900884 0.5314216 0.5483085 0.5532979 0.4721811 0.4849314 0.4773150 0.5288825 0.4340145 0.5872357 0.6150501 0.6408847 
S0021_G5721_R2_A 0.6467163 0.6435913 0.6341922 0.6331960 0.6407648 0.6373061 0.6354509 0.6342094 0.6479051 0.6921376 1.0911092 0.8636515 0.8659848 0.8881408 0.9376211 0.9712036 0.9436129 0.9851191 0.9276707 0.0920643 0.1041579 0.0625811 0.0778294 0.0779690 0.0729157 0.0870752 0.0728307 0.0838614 0.0844138 0.0874189 0.0000000 0.0656534 0.0791799 0.1214319 0.1041668 0.0992126 0.0799746 0.0679733 0.1121479 0.0754548 0.0285150 0.0699475 0.2697972 0.2407758 0.2773490 0.4942784 0.5120680 0.5201916 0.4712272 0.4746441 0.4533511 0.5029893 0.4341396 0.5825427 0.5738112 0.5968025 
S0026_G5721_R1_A 0.6499395 0.6492296 0.6451937 0.6373319 0.6514553 0.6437027 0.6442603 0.6429859 0.6569591 0.7111567 1.1254991 0.8817666 0.8905895 0.8909614 0.9540435 0.9934363 0.9721112 0.9787535 0.9193266 0.0926666 0.1079433 0.0621477 0.0828752 0.0833360 0.0818525 0.0887659 0.0763827 0.0883403 0.0923961 0.0912504 0.0656534 0.0000000 0.0857319 0.1286472 0.1142465 0.1066784 0.0843040 0.0741964 0.1087020 0.0803887 0.0655576 0.0713038 0.2678876 0.2430582 0.2734404 0.5066658 0.5376302 0.5369616 0.4586131 0.4761793 0.4452227 0.5116626 0.4220268 0.5853350 0.5886442 0.6064846 
S0013_G5721_R1_A 0.6591256 0.6491400 0.6509141 0.6541584 0.6596469 0.6447943 0.6467376 0.6463187 0.6578194 0.7144344 1.1195386 0.8773520 0.8764413 0.8925241 0.9709987 1.0012739 0.9645568 1.0178822 0.8746096 0.0906399 0.1075660 0.0730043 0.0634421 0.0659342 0.0818689 0.0884757 0.0842117 0.0884919 0.0927797 0.0858434 0.0791799 0.0857319 0.0000000 0.1264105 0.1007012 0.0996961 0.0936712 0.0762635 0.1097132 0.0803037 0.0823987 0.0845808 0.2736255 0.2479727 0.2786668 0.5145520 0.5385944 0.5466046 0.4677436 0.4876405 0.4664623 0.5292585 0.4498578 0.5960740 0.6118758 0.6329717 
S0017_G5721_R1_A 0.6735271 0.6696242 0.6621916 0.6620333 0.6642983 0.6605941 0.6648977 0.6598675 0.6780045 0.7227342 1.1848207 0.9384786 0.9381403 0.9388849 0.9849763 1.0451014 0.9966907 1.0300367 0.9257822 0.1413183 0.1469473 0.1228728 0.1227613 0.1261963 0.1284738 0.1328424 0.1320194 0.1221580 0.1316114 0.1362886 0.1214319 0.1286472 0.1264105 0.0000000 0.1559043 0.1518599 0.1342714 0.1213754 0.1530281 0.1293848 0.1173376 0.1139095 0.3024875 0.2755010 0.3188710 0.5104531 0.5186248 0.5356321 0.4837207 0.5035364 0.4793960 0.5040832 0.4434521 0.6026657 0.6047782 0.6239690 
S0012_G5721_R1_A 0.6768492 0.6701682 0.6781930 0.6800692 0.6796663 0.6765370 0.6834417 0.6730010 0.6821264 0.7470683 1.1877404 0.9223443 0.9152653 0.9020073 0.9597004 1.0184976 0.9766352 1.0172318 0.9201183 0.1237083 0.1246164 0.1011597 0.1009131 0.0991322 0.1145017 0.1161584 0.1135537 0.1223648 0.1259554 0.1161294 0.1041668 0.1142465 0.1007012 0.1559043 0.0000000 0.1130776 0.1141462 0.1058493 0.1420534 0.1102238 0.1090502 0.1128489 0.2924884 0.2803758 0.3179916 0.4875954 0.5087935 0.5101954 0.4555917 0.4867775 0.4528831 0.5218369 0.4168874 0.6235500 0.5968971 0.6179238 
S0031_G5721_R1_A 0.7371745 0.7282304 0.7273089 0.7246753 0.7266223 0.7255381 0.7264130 0.7299745 0.7380561 0.7895921 1.2587203 0.9158340 0.9240013 0.9307894 0.9757458 1.0136196 0.9846172 1.0679818 0.9071683 0.0679829 0.0847536 0.0966832 0.1035412 0.1006317 0.1062072 0.1099619 0.0988495 0.1140991 0.1113971 0.0900893 0.0992126 0.1066784 0.0996961 0.1518599 0.1130776 0.0000000 0.1139044 0.1010129 0.1050560 0.1029161 0.1011092 0.1053308 0.2830762 0.2598086 0.3066038 0.5288898 0.5463921 0.5543340 0.4889690 0.4883739 0.4873277 0.5472183 0.4485166 0.5957941 0.6237289 0.6573668 
S0046_G5721_R1_A 0.6270789 0.6222590 0.6216703 0.6185410 0.6301723 0.6202592 0.6248176 0.6195262 0.6281634 0.6937463 1.0778453 0.8840855 0.8806488 0.8972684 0.9640905 0.9821083 0.9640438 0.9684519 0.8884829 0.1043968 0.1188568 0.0701550 0.0861641 0.0903666 0.0847271 0.0879791 0.0754922 0.0882905 0.0952184 0.0970274 0.0799746 0.0843040 0.0936712 0.1342714 0.1141462 0.1139044 0.0000000 0.0743585 0.1198228 0.0860025 0.0811766 0.0797328 0.2860996 0.2703432 0.2970457 0.5152194 0.5327588 0.5360678 0.4892080 0.4864762 0.4687932 0.5439412 0.4426544 0.5963214 0.6136571 0.6395979 
S0030_G5721_R1_A 0.6746940 0.6614448 0.6627058 0.6593912 0.6671342 0.6611630 0.6617839 0.6604626 0.6669428 0.7339105 1.0911034 0.9040072 0.9014939 0.9051878 0.9757672 1.0108275 0.9826052 0.9628992 0.9393450 0.0914175 0.1127858 0.0672544 0.0723160 0.0709161 0.0627002 0.0814862 0.0699167 0.0831677 0.0870983 0.0898691 0.0679733 0.0741964 0.0762635 0.1213754 0.1058493 0.1010129 0.0743585 0.0000000 0.1097844 0.0719632 0.0692499 0.0691514 0.2824486 0.2511602 0.2936374 0.5091654 0.5413808 0.5401655 0.4794463 0.4799388 0.4568006 0.5175374 0.4386034 0.6085159 0.6090627 0.6348908 
S0037_G5721_R1_A 0.6997363 0.6870050 0.6932585 0.6930925 0.6952438 0.6916058 0.6940045 0.6909270 0.7059832 0.7682657 1.1920192 0.9206665 0.9162188 0.9477982 1.0161225 1.0494756 1.0107019 1.0599708 0.9708153 0.0716046 0.1247721 0.1098877 0.1120635 0.1097051 0.1098658 0.1115585 0.1048608 0.1172936 0.1210570 0.0916599 0.1121479 0.1087020 0.1097132 0.1530281 0.1420534 0.1050560 0.1198228 0.1097844 0.0000000 0.1154252 0.1128254 0.1124950 0.3169156 0.2831233 0.3210920 0.5453376 0.5718203 0.5722057 0.5080379 0.5198978 0.5032046 0.5520540 0.4717852 0.6107773 0.6141510 0.6395881 
S0019_G5721_R1_A 0.6537922 0.6463576 0.6481195 0.6425313 0.6477056 0.6442678 0.6448214 0.6413400 0.6549538 0.7101108 1.0973779 0.8815458 0.8906728 0.8710532 0.9340885 1.0209755 0.9462861 1.0125193 0.9229231 0.0932729 0.1124918 0.0700075 0.0741899 0.0764199 0.0810473 0.0643011 0.0753522 0.0642018 0.0767353 0.0905473 0.0754548 0.0803887 0.0803037 0.1293848 0.1102238 0.1029161 0.0860025 0.0719632 0.1154252 0.0000000 0.0755017 0.0837499 0.2819816 0.2616056 0.3011422 0.5045208 0.5289841 0.5346758 0.4766142 0.4890229 0.4707604 0.5418276 0.4488893 0.5776978 0.5924063 0.6163458 
S0021_G5721_R1_A 0.6410335 0.6353176 0.6286530 0.6322273 0.6417743 0.6317545 0.6346796 0.6286706 0.6427966 0.6982518 1.0924393 0.8842202 0.8824406 0.8935508 0.9479017 0.9891155 0.9592708 1.0224897 0.9201868 0.0955704 0.1052785 0.0618888 0.0790085 0.0792876 0.0769710 0.0827299 0.0747587 0.0837498 0.0857586 0.0893883 0.0285150 0.0655576 0.0823987 0.1173376 0.1090502 0.1011092 0.0811766 0.0692499 0.1128254 0.0755017 0.0000000 0.0659985 0.2686334 0.2429817 0.2677058 0.5049859 0.5285586 0.5341050 0.4686225 0.4920728 0.4727852 0.5286840 0.4479336 0.6016921 0.5725511 0.6004909 
S0023_G5721_R1_A 0.6409574 0.6318838 0.6330726 0.6298815 0.6417042 0.6316205 0.6321334 0.6308938 0.6403358 0.7050768 1.1079684 0.9316230 0.9435521 0.9559045 1.0155557 1.0482231 1.0202815 0.9887076 0.9054026 0.0939085 0.1095884 0.0616938 0.0744258 0.0757898 0.0824973 0.0863431 0.0712476 0.0868759 0.0849465 0.0841861 0.0699475 0.0713038 0.0845808 0.1139095 0.1128489 0.1053308 0.0797328 0.0691514 0.1124950 0.0837499 0.0659985 0.0000000 0.2688930 0.2351541 0.2662789 0.5072198 0.5340505 0.5326693 0.4641340 0.4680926 0.4502385 0.5185776 0.4231562 0.5770053 0.5997569 0.6235093 
S0035_G5721_R1_A 0.7286243 0.7297730 0.7223828 0.7210592 0.7242906 0.7232439 0.7310834 0.7166007 0.7320207 0.7617267 1.1443928 1.0985790 1.0793584 1.0716743 1.1743627 1.2707706 1.1939882 0.9977578 0.9382541 0.2797468 0.2826216 0.2596774 0.2651258 0.2598864 0.2797866 0.2825289 0.2736251 0.2789413 0.2907236 0.2785866 0.2697972 0.2678876 0.2736255 0.3024875 0.2924884 0.2830762 0.2860996 0.2824486 0.3169156 0.2819816 0.2686334 0.2688930 0.0000000 0.1683706 0.2635280 0.5044991 0.5085752 0.5176637 0.4203498 0.4429274 0.4111446 0.4817097 0.4133431 0.6535567 0.6555684 0.6786967 
S0005_G5721_R1_A 0.6794330 0.6794122 0.6844986 0.6781998 0.6889906 0.6776928 0.6892505 0.6869788 0.6973021 0.7401218 1.1427748 0.9858212 0.9765939 0.9406071 1.0413491 1.1443718 1.0601519 0.9109937 0.8675806 0.2649415 0.2668409 0.2389496 0.2530226 0.2494268 0.2634955 0.2576261 0.2536509 0.2569678 0.2641842 0.2740861 0.2407758 0.2430582 0.2479727 0.2755010 0.2803758 0.2598086 0.2703432 0.2511602 0.2831233 0.2616056 0.2429817 0.2351541 0.1683706 0.0000000 0.2073890 0.4253168 0.4482910 0.4694757 0.4081329 0.3924385 0.3834694 0.4558137 0.3716380 0.6518651 0.6421538 0.6428665 
S0033_G5721_R1_A 0.6511362 0.6540295 0.6409433 0.6462862 0.6602396 0.6472270 0.6576443 0.6439860 0.6616299 0.7204298 1.1027499 1.0279552 0.9792434 0.9675662 1.0452061 1.0991803 1.0526815 0.8386383 0.7410251 0.3048695 0.2948443 0.2779031 0.2811325 0.2799607 0.3046135 0.2883933 0.2825086 0.2969332 0.2934052 0.2900884 0.2773490 0.2734404 0.2786668 0.3188710 0.3179916 0.3066038 0.2970457 0.2936374 0.3210920 0.3011422 0.2677058 0.2662789 0.2635280 0.2073890 0.0000000 0.4204237 0.4162284 0.4228419 0.3616371 0.3733370 0.3713042 0.4222686 0.3504797 0.6183884 0.5975031 0.6037909 
S0010_G5721_R1_A 0.7406215 0.7339445 0.7405493 0.7415067 0.7325811 0.7415087 0.7428478 0.7351236 0.7601265 0.8080035 1.1029466 1.0547741 1.0608903 1.0357898 1.1088208 1.2039925 1.1442038 0.8538806 0.8863480 0.5122389 0.5097060 0.5096398 0.5048014 0.5066422 0.5495664 0.4964002 0.5250428 0.5075128 0.5279922 0.5314216 0.4942784 0.5066658 0.5145520 0.5104531 0.4875954 0.5288898 0.5152194 0.5091654 0.5453376 0.5045208 0.5049859 0.5072198 0.5044991 0.4253168 0.4204237 0.0000000 0.0940998 0.0871379 0.2089080 0.2610359 0.2545399 0.2668690 0.2374594 0.6942011 0.6983754 0.6754515 
S0010_G5721_R2_V 0.7533931 0.7490135 0.7587055 0.7545704 0.7583717 0.7598832 0.7531490 0.7618324 0.7819988 0.8351486 1.1559757 1.0812514 1.0901633 1.0703498 1.1553666 1.2510076 1.1808560 0.8796678 0.8861131 0.5369567 0.5244342 0.5266451 0.5250071 0.5272909 0.5675247 0.5193026 0.5471825 0.5316919 0.5442944 0.5483085 0.5120680 0.5376302 0.5385944 0.5186248 0.5087935 0.5463921 0.5327588 0.5413808 0.5718203 0.5289841 0.5285586 0.5340505 0.5085752 0.4482910 0.4162284 0.0940998 0.0000000 0.0860862 0.2177917 0.2554843 0.2554133 0.2574961 0.2458122 0.6943265 0.6769819 0.6658124 
S0009_G5721_R1_A 0.8193020 0.8023093 0.8109058 0.8034033 0.7938654 0.8118519 0.8182611 0.8131374 0.8296470 0.8928447 1.2295118 1.1291115 1.1270340 1.1321122 1.2032155 1.2298085 1.2399345 0.8466815 0.9249081 0.5452413 0.5281491 0.5326873 0.5294984 0.5300524 0.5743640 0.5188286 0.5467937 0.5407171 0.5492174 0.5532979 0.5201916 0.5369616 0.5466046 0.5356321 0.5101954 0.5543340 0.5360678 0.5401655 0.5722057 0.5346758 0.5341050 0.5326693 0.5176637 0.4694757 0.4228419 0.0871379 0.0860862 0.0000000 0.2045003 0.2555876 0.2537271 0.2511671 0.2412664 0.7117148 0.6701894 0.6570953 
S0014_G5721_R1_A 0.7375280 0.7340439 0.7218467 0.7273667 0.7198408 0.7286821 0.7288761 0.7347063 0.7540997 0.7951553 1.0961539 1.0172269 0.9933404 0.9613143 1.0353926 1.1354988 1.0635492 0.8448194 0.8294339 0.4753494 0.4758093 0.4707066 0.4527840 0.4576753 0.4965791 0.4749345 0.4823363 0.4809177 0.4891182 0.4721811 0.4712272 0.4586131 0.4677436 0.4837207 0.4555917 0.4889690 0.4892080 0.4794463 0.5080379 0.4766142 0.4686225 0.4641340 0.4203498 0.4081329 0.3616371 0.2089080 0.2177917 0.2045003 0.0000000 0.2270055 0.2099664 0.2179861 0.1835602 0.6045729 0.5735796 0.5481292 
S0034_G5721_R1_A 0.7518281 0.7394377 0.7457197 0.7350621 0.7230173 0.7407699 0.7385302 0.7382093 0.7505623 0.8097714 1.1166150 1.0308816 1.0247216 0.9737485 1.0581976 1.1845793 1.0637687 0.8436468 0.8160355 0.4895397 0.4806860 0.4797068 0.4728621 0.4726580 0.5046613 0.4763540 0.4854962 0.4835985 0.4958952 0.4849314 0.4746441 0.4761793 0.4876405 0.5035364 0.4867775 0.4883739 0.4864762 0.4799388 0.5198978 0.4890229 0.4920728 0.4680926 0.4429274 0.3924385 0.3733370 0.2610359 0.2554843 0.2555876 0.2270055 0.0000000 0.1650583 0.3005584 0.2103151 0.6754545 0.6495920 0.6435112 
S0015_G5721_R1_A 0.7781662 0.7712227 0.7669522 0.7638726 0.7588748 0.7652978 0.7695563 0.7701128 0.7783458 0.8417778 1.1384542 1.0240607 1.0530378 1.0059716 1.1067930 1.1810225 1.1178111 0.8423683 0.8142960 0.4724613 0.4682718 0.4607441 0.4375086 0.4417085 0.4789035 0.4576586 0.4710658 0.4653647 0.4690404 0.4773150 0.4533511 0.4452227 0.4664623 0.4793960 0.4528831 0.4873277 0.4687932 0.4568006 0.5032046 0.4707604 0.4727852 0.4502385 0.4111446 0.3834694 0.3713042 0.2545399 0.2554133 0.2537271 0.2099664 0.1650583 0.0000000 0.2642350 0.1926665 0.6335667 0.6207506 0.6076123 
S0027_G5721_R1_A 0.7637732 0.7674846 0.7503790 0.7504563 0.7513760 0.7608124 0.7522444 0.7534609 0.7578816 0.8159541 1.1857724 1.1003180 1.0611280 1.0599553 1.1504162 1.2540910 1.1448799 0.9217929 0.8234159 0.5287135 0.5260076 0.5181818 0.5176521 0.5111430 0.5469360 0.5322916 0.5451931 0.5495597 0.5513691 0.5288825 0.5029893 0.5116626 0.5292585 0.5040832 0.5218369 0.5472183 0.5439412 0.5175374 0.5520540 0.5418276 0.5286840 0.5185776 0.4817097 0.4558137 0.4222686 0.2668690 0.2574961 0.2511671 0.2179861 0.3005584 0.2642350 0.0000000 0.2726559 0.6913346 0.5572387 0.5461334 
S0008_G5721_R1_A 0.7401438 0.7476765 0.7411922 0.7355641 0.7346791 0.7396798 0.7523661 0.7359903 0.7523611 0.8059119 1.1435732 1.0917527 1.0649135 1.0326487 1.1207229 1.1413644 1.1388578 0.8893615 0.8444428 0.4492889 0.4248274 0.4350974 0.4203517 0.4390536 0.4559368 0.4291167 0.4374161 0.4404556 0.4508368 0.4340145 0.4341396 0.4220268 0.4498578 0.4434521 0.4168874 0.4485166 0.4426544 0.4386034 0.4717852 0.4488893 0.4479336 0.4231562 0.4133431 0.3716380 0.3504797 0.2374594 0.2458122 0.2412664 0.1835602 0.2103151 0.1926665 0.2726559 0.0000000 0.6113220 0.6000953 0.5804679 
S0006_G5721_R1_A 0.8903931 0.8837127 0.8684753 0.8776008 0.8751279 0.8692829 0.8996411 0.8716949 0.9056139 0.9685541 1.4748799 1.3382265 1.3655278 1.4257484 1.4187932 1.4684629 1.4126826 1.1243264 1.0105603 0.5729524 0.5955607 0.5759547 0.6165224 0.5892982 0.5789368 0.5877335 0.5912278 0.5875188 0.5885815 0.5872357 0.5825427 0.5853350 0.5960740 0.6026657 0.6235500 0.5957941 0.5963214 0.6085159 0.6107773 0.5776978 0.6016921 0.5770053 0.6535567 0.6518651 0.6183884 0.6942011 0.6943265 0.7117148 0.6045729 0.6754545 0.6335667 0.6913346 0.6113220 0.0000000 0.7032771 0.7055520 
S0051_G5721_R1_A 0.9349766 0.9231979 0.9220684 0.9260656 0.9272982 0.9268961 0.9235862 0.9259211 0.9333328 0.9829000 1.4656376 1.1894334 1.1544274 1.1482305 1.2072144 1.2539193 1.2133757 1.0343906 0.8752426 0.5993473 0.6368477 0.5814496 0.6114866 0.5824247 0.5995679 0.5827584 0.5733331 0.6061201 0.6202820 0.6150501 0.5738112 0.5886442 0.6118758 0.6047782 0.5968971 0.6237289 0.6136571 0.6090627 0.6141510 0.5924063 0.5725511 0.5997569 0.6555684 0.6421538 0.5975031 0.6983754 0.6769819 0.6701894 0.5735796 0.6495920 0.6207506 0.5572387 0.6000953 0.7032771 0.0000000 0.0305599 
S0039_G5721_R1_A 0.9505884 0.9386043 0.9374343 0.9414843 0.9503133 0.9423004 0.9389861 0.9375919 0.9526358 1.0127135 1.4789185 1.1780525 1.1326109 1.1408000 1.1827365 1.2324765 1.1959616 1.0378111 0.8782638 0.6202803 0.6678293 0.6080765 0.6329037 0.6013293 0.6233626 0.6022471 0.5977493 0.6294215 0.6419042 0.6408847 0.5968025 0.6064846 0.6329717 0.6239690 0.6179238 0.6573668 0.6395979 0.6348908 0.6395881 0.6163458 0.6004909 0.6235093 0.6786967 0.6428665 0.6037909 0.6754515 0.6658124 0.6570953 0.5481292 0.6435112 0.6076123 0.5461334 0.5804679 0.7055520 0.0305599 0.0000000 
