54
S0051_G5753_R1_A 0.0000000 0.0064288 0.2736521 0.2797221 0.2549286 0.2342866 0.2780254 0.3005201 0.2980851 0.4239060 0.5053663 0.2818540 0.2865660 0.2848810 0.2813426 0.2966500 0.2734057 0.2758852 0.2891555 0.2715437 0.2746904 0.2856336 0.2731186 0.3055812 0.3073827 0.3264370 0.2734358 0.2768227 0.2701145 0.2787727 0.2972529 0.2753688 0.2983742 0.2864535 0.3058885 0.3085942 0.2591546 0.3825871 0.6634396 0.6501720 0.6360289 0.6637675 0.6349647 0.6899365 0.6419015 0.8818669 0.8904405 0.8754646 0.8705764 0.8637025 0.8765298 0.8882081 0.8473877 0.9211955 
S0039_G5753_R1_A 0.0064288 0.0000000 0.2758383 0.2819211 0.2608032 0.2398874 0.2894166 0.3055270 0.3044732 0.4332021 0.5121563 0.2828214 0.2875589 0.2858622 0.2823064 0.2976838 0.2743362 0.2768256 0.2901670 0.2724612 0.2756224 0.2866202 0.2792301 0.3066641 0.3084704 0.3247128 0.2743667 0.2777692 0.2710372 0.2797258 0.2982909 0.2763057 0.2994281 0.2900709 0.3070062 0.3068348 0.2651548 0.3900487 0.6619263 0.6486525 0.6344874 0.6622486 0.6334238 0.6925521 0.6449283 0.8746882 0.8831903 0.8682826 0.8634952 0.8566742 0.8694071 0.8809832 0.8404896 0.9255090 
S0009_G5753_R1_U 0.2736521 0.2758383 0.0000000 0.0108286 0.1807026 0.1475676 0.2049917 0.2099829 0.2178939 0.2137983 0.2975717 0.2414447 0.2615123 0.2392761 0.2362381 0.2620341 0.2387176 0.2311245 0.2363694 0.2287871 0.2432823 0.2435473 0.2318763 0.2569988 0.2589073 0.2679901 0.2390308 0.2578541 0.2270059 0.2363263 0.2521443 0.2356033 0.2619177 0.2463603 0.2727913 0.2665499 0.2399608 0.3893673 0.7419440 0.7380207 0.6729722 0.7155492 0.6954041 0.6967021 0.6641244 0.8614543 0.8696477 0.8724533 0.8616488 0.8582965 0.8674850 0.8871886 0.8291812 0.8665052 
S0010_G5753_R1_V 0.2797221 0.2819211 0.0108286 0.0000000 0.1831701 0.1498502 0.2054571 0.2099938 0.2237918 0.2141801 0.2995378 0.2491727 0.2596512 0.2469844 0.2438922 0.2700364 0.2464032 0.2387064 0.2440947 0.2363437 0.2510156 0.2523473 0.2394892 0.2650081 0.2669229 0.2760895 0.2467297 0.2658886 0.2345563 0.2439831 0.2550781 0.2432317 0.2649355 0.2493039 0.2759114 0.2775832 0.2428306 0.3933395 0.7562194 0.7522513 0.6906816 0.7253796 0.7135820 0.7204903 0.6685567 0.8857789 0.8941574 0.8972196 0.8859772 0.8824525 0.8919039 0.9121838 0.8526149 0.8666260 
S0027_G5753_R1_A 0.2549286 0.2608032 0.1807026 0.1831701 0.0000000 0.0836721 0.1439397 0.1556142 0.1107597 0.3235027 0.4098317 0.1930467 0.2017494 0.1824103 0.1890615 0.1962654 0.1775760 0.1780694 0.2064867 0.1793777 0.1861090 0.1777590 0.1691933 0.2116050 0.2065496 0.2169678 0.1821326 0.1845444 0.1846945 0.1819352 0.2012817 0.1771617 0.1985442 0.1916087 0.2347045 0.2230907 0.1810037 0.3630835 0.6717337 0.6712422 0.6276051 0.6654820 0.6563929 0.6847145 0.6360232 0.8486277 0.8621098 0.8525950 0.8434368 0.8455458 0.8446438 0.8630212 0.8273467 0.8280835 
S0008_G5753_R1_A 0.2342866 0.2398874 0.1475676 0.1498502 0.0836721 0.0000000 0.1120951 0.1143475 0.1089473 0.2618116 0.3394529 0.1607992 0.1753536 0.1547734 0.1591571 0.1719984 0.1523928 0.1486859 0.1689662 0.1479872 0.1563775 0.1529532 0.1424270 0.1871421 0.1823546 0.1881213 0.1504963 0.1612603 0.1550171 0.1503438 0.1714847 0.1499164 0.1617107 0.1509463 0.2003355 0.1924350 0.1436619 0.3144730 0.6419684 0.6372814 0.5966828 0.6348441 0.6322481 0.6629683 0.6026190 0.7975532 0.8102410 0.8061514 0.7875557 0.7847343 0.7982233 0.8111028 0.7725727 0.8473391 
S0015_G5753_R1_A 0.2780254 0.2894166 0.2049917 0.2054571 0.1439397 0.1120951 0.0000000 0.0993316 0.1857587 0.3163598 0.3886095 0.2057576 0.2180221 0.2015273 0.2085313 0.2157922 0.1965871 0.1939085 0.2052843 0.1961767 0.1957294 0.2087204 0.1968734 0.2374352 0.2320940 0.2371961 0.2013280 0.2135459 0.1995778 0.1959469 0.2176045 0.1982509 0.2164067 0.2191880 0.2586854 0.2477358 0.1961898 0.3986888 0.6540289 0.6413973 0.6181545 0.6494707 0.6388623 0.6496814 0.6207824 0.8041377 0.8168183 0.8158783 0.7842727 0.7913107 0.8047913 0.8032152 0.7940002 0.8151187 
S0034_G5753_R1_A 0.3005201 0.3055270 0.2099829 0.2099938 0.1556142 0.1143475 0.0993316 0.0000000 0.1928276 0.3180900 0.3785512 0.2222547 0.2302505 0.2134342 0.2276441 0.2256475 0.2082551 0.2080357 0.2228136 0.2102301 0.2196777 0.2277093 0.2108652 0.2418652 0.2364899 0.2403245 0.2154174 0.2237125 0.2089247 0.2128641 0.2286104 0.2122197 0.2348676 0.2343353 0.2572647 0.2628789 0.2060236 0.3648048 0.6732398 0.6727334 0.6544957 0.6792072 0.6719015 0.6998082 0.6166277 0.8535820 0.8671228 0.8741919 0.8475754 0.8397756 0.8541598 0.8680375 0.8322045 0.7947287 
S0014_G5753_R1_A 0.2980851 0.3044732 0.2178939 0.2237918 0.1107597 0.1089473 0.1857587 0.1928276 0.0000000 0.3284553 0.4057587 0.2259218 0.2403039 0.2183285 0.2242559 0.2247562 0.2164067 0.2183606 0.2503149 0.2159453 0.2231734 0.2165258 0.2142694 0.2450440 0.2432298 0.2598612 0.2166702 0.2141985 0.2265109 0.2187477 0.2342775 0.2157585 0.2409658 0.2380749 0.2618026 0.2718694 0.2348583 0.4058099 0.7249647 0.7244419 0.6652276 0.7028541 0.6953751 0.7287898 0.6691590 0.9105116 0.9309308 0.9328952 0.9049897 0.9014427 0.9061625 0.9318993 0.8772064 0.9087657 
S0009_G5753_R2_A 0.4239060 0.4332021 0.2137983 0.2141801 0.3235027 0.2618116 0.3163598 0.3180900 0.3284553 0.0000000 0.0938074 0.3885197 0.4080080 0.3849607 0.3817228 0.4025745 0.3878832 0.3804423 0.3744869 0.3765991 0.3937469 0.3962868 0.3696869 0.4087044 0.4147509 0.4120480 0.3865768 0.4092811 0.3666249 0.3847285 0.3761893 0.3896571 0.4017999 0.3807598 0.4294647 0.4048803 0.3823937 0.4979506 0.8777293 0.8729356 0.7842037 0.8454432 0.8210509 0.8319555 0.7721945 1.1838669 1.1958122 1.1702958 1.1528353 1.1628471 1.1839596 1.1966801 1.1291367 1.0021078 
S0010_G5753_R2_V 0.5053663 0.5121563 0.2975717 0.2995378 0.4098317 0.3394529 0.3886095 0.3785512 0.4057587 0.0938074 0.0000000 0.4710856 0.4856894 0.4666024 0.4665101 0.4753943 0.4698619 0.4612319 0.4531857 0.4536136 0.4727940 0.4739212 0.4529145 0.4948894 0.5016579 0.4809960 0.4692341 0.4821031 0.4459089 0.4595045 0.4639303 0.4691039 0.4853154 0.4436249 0.4816334 0.4811531 0.4592174 0.5908327 1.0129319 1.0075541 0.8959179 0.9546590 0.9381971 0.9448788 0.8847614 1.4222067 1.4190793 1.3792954 1.3835817 1.3782606 1.4040501 1.4007256 1.3372182 1.0362837 
S0031_G5753_R1_A 0.2818540 0.2828214 0.2414447 0.2491727 0.1930467 0.1607992 0.2057576 0.2222547 0.2259218 0.3885197 0.4710856 0.0000000 0.0303152 0.0350590 0.0317279 0.0400963 0.0155888 0.0317543 0.0453817 0.0285064 0.0318110 0.0318164 0.0336013 0.0646704 0.0645332 0.0680178 0.0284907 0.0406451 0.0384506 0.0236209 0.0474415 0.0300083 0.0596739 0.0800423 0.0724439 0.1214114 0.1006224 0.3057884 0.5650976 0.5616114 0.5316558 0.5777600 0.5495531 0.6003340 0.5853080 0.6718173 0.6915126 0.6921007 0.6763844 0.6700096 0.6694385 0.7006621 0.6676935 0.8254172 
S0018_G5753_R1_A 0.2865660 0.2875589 0.2615123 0.2596512 0.2017494 0.1753536 0.2180221 0.2302505 0.2403039 0.4080080 0.4856894 0.0303152 0.0000000 0.0508477 0.0505751 0.0613406 0.0370855 0.0506171 0.0580646 0.0489360 0.0473167 0.0471742 0.0526695 0.0817033 0.0815231 0.0851423 0.0472033 0.0550192 0.0596189 0.0420974 0.0656022 0.0487202 0.0814037 0.0998628 0.0923212 0.1414643 0.1136595 0.3221762 0.5821966 0.5745782 0.5471945 0.5762225 0.5622398 0.6088118 0.6100829 0.7133927 0.7247570 0.7345576 0.7089268 0.7021201 0.7016188 0.7342952 0.6996570 0.8356391 
S0002_G5753_R1_A 0.2848810 0.2858622 0.2392761 0.2469844 0.1824103 0.1547734 0.2015273 0.2134342 0.2183285 0.3849607 0.4666024 0.0350590 0.0508477 0.0000000 0.0418958 0.0485147 0.0285014 0.0319083 0.0524163 0.0317934 0.0318379 0.0385633 0.0336429 0.0625529 0.0681094 0.0680774 0.0384807 0.0424083 0.0351726 0.0334960 0.0578343 0.0366876 0.0634528 0.0856796 0.0834992 0.1174491 0.1045596 0.3033156 0.6003676 0.5926546 0.5615664 0.6018055 0.5801582 0.6141891 0.5953198 0.7175668 0.7289792 0.7339753 0.7039328 0.7109142 0.7143932 0.7432512 0.7038249 0.8197974 
S0028_G5753_R1_A 0.2813426 0.2823064 0.2362381 0.2438922 0.1890615 0.1591571 0.2085313 0.2276441 0.2242559 0.3817228 0.4665101 0.0317279 0.0505751 0.0418958 0.0000000 0.0504289 0.0285317 0.0350997 0.0505654 0.0334711 0.0335151 0.0351690 0.0403176 0.0718883 0.0717338 0.0716997 0.0350941 0.0511293 0.0436769 0.0301523 0.0613654 0.0366087 0.0650807 0.0802521 0.0853170 0.1197555 0.1047037 0.2982528 0.5781993 0.5785151 0.5403935 0.5796643 0.5585229 0.6064003 0.5692565 0.6974900 0.7086446 0.7181592 0.6930934 0.6864697 0.6944062 0.7180310 0.6796001 0.8283393 
S0030_G5753_R1_A 0.2966500 0.2976838 0.2620341 0.2700364 0.1962654 0.1719984 0.2157922 0.2256475 0.2247562 0.4025745 0.4753943 0.0400963 0.0613406 0.0485147 0.0504289 0.0000000 0.0351095 0.0435949 0.0594483 0.0368115 0.0451933 0.0453686 0.0470913 0.0720176 0.0718624 0.0754004 0.0418952 0.0458985 0.0434451 0.0401926 0.0597217 0.0400911 0.0743428 0.0895734 0.0899345 0.1339238 0.1101662 0.3327695 0.5991805 0.5954158 0.5712996 0.6122865 0.5902437 0.6546220 0.5924250 0.7077230 0.7190183 0.7287211 0.7032793 0.6965336 0.7045825 0.7285066 0.6940909 0.8586395 
S0016_G5753_R1_A 0.2734057 0.2743362 0.2387176 0.2464032 0.1775760 0.1523928 0.1965871 0.2082551 0.2164067 0.3878832 0.4698619 0.0155888 0.0370855 0.0285014 0.0285317 0.0351095 0.0000000 0.0252419 0.0369324 0.0220307 0.0252864 0.0220647 0.0270265 0.0559472 0.0575311 0.0609753 0.0220186 0.0339195 0.0318367 0.0172126 0.0473956 0.0235409 0.0526924 0.0727401 0.0707406 0.1134612 0.0911717 0.2916745 0.5559426 0.5525295 0.5229514 0.5650873 0.5406175 0.5981442 0.5649047 0.6794118 0.6902617 0.6993970 0.6751209 0.6687460 0.6764437 0.6994202 0.6664296 0.8066631 
S0004_G5753_R1_A 0.2758852 0.2768256 0.2311245 0.2387064 0.1780694 0.1486859 0.1939085 0.2080357 0.2183606 0.3804423 0.4612319 0.0317543 0.0506171 0.0319083 0.0350997 0.0435949 0.0252419 0.0000000 0.0454031 0.0268984 0.0318138 0.0318192 0.0336172 0.0647007 0.0645634 0.0610387 0.0301176 0.0391205 0.0352872 0.0268509 0.0490197 0.0332667 0.0543312 0.0747026 0.0872648 0.1156736 0.0988368 0.2818559 0.5765214 0.5690842 0.5388677 0.5779854 0.5569255 0.5925512 0.5684816 0.6776988 0.6885136 0.6976079 0.6734203 0.6670728 0.6747433 0.6976454 0.6647658 0.8100955 
S0046_G5753_R1_A 0.2891555 0.2901670 0.2363694 0.2440947 0.2064867 0.1689662 0.2052843 0.2228136 0.2503149 0.3744869 0.4531857 0.0453817 0.0580646 0.0524163 0.0505654 0.0594483 0.0369324 0.0454031 0.0000000 0.0437383 0.0454870 0.0488714 0.0489933 0.0725023 0.0776791 0.0810407 0.0435738 0.0550638 0.0457555 0.0403043 0.0689404 0.0450863 0.0745608 0.0809944 0.1039166 0.1288492 0.1075210 0.3053585 0.6031487 0.5993542 0.5678038 0.6086393 0.5866743 0.6423491 0.5762801 0.6900604 0.7011401 0.7105420 0.6856875 0.6791369 0.6909131 0.7104755 0.6767598 0.8131461 
S0036_G5753_R1_A 0.2715437 0.2724612 0.2287871 0.2363437 0.1793777 0.1479872 0.1961767 0.2102301 0.2159453 0.3765991 0.4536136 0.0285064 0.0489360 0.0317934 0.0334711 0.0368115 0.0220307 0.0268984 0.0437383 0.0000000 0.0268497 0.0301982 0.0318688 0.0575486 0.0591582 0.0591315 0.0301344 0.0373145 0.0318815 0.0252464 0.0490163 0.0316514 0.0493509 0.0744094 0.0781550 0.1112930 0.0929125 0.2923824 0.5656343 0.5583139 0.5247753 0.5632536 0.5500678 0.5956696 0.5632687 0.6858618 0.6968111 0.7060733 0.6815369 0.6750788 0.6828550 0.7060431 0.6727340 0.8095281 
S0020_G5753_R1_A 0.2746904 0.2756224 0.2432823 0.2510156 0.1861090 0.1563775 0.1957294 0.2196777 0.2231734 0.3937469 0.4727940 0.0318110 0.0473167 0.0318379 0.0335151 0.0451933 0.0252864 0.0318138 0.0454870 0.0268497 0.0000000 0.0318762 0.0285966 0.0628267 0.0626940 0.0609237 0.0318086 0.0424361 0.0352089 0.0268984 0.0542138 0.0333261 0.0615509 0.0762924 0.0875781 0.1148911 0.1001208 0.2849220 0.5741702 0.5706183 0.5402913 0.5795516 0.5584157 0.6097830 0.5631476 0.6886624 0.6996354 0.7089364 0.6843304 0.6778476 0.6856441 0.7088833 0.6754947 0.8001005 
S0026_G5753_R1_A 0.2856336 0.2866202 0.2435473 0.2523473 0.1777590 0.1529532 0.2087204 0.2277093 0.2165258 0.3962868 0.4739212 0.0318164 0.0471742 0.0385633 0.0351690 0.0453686 0.0220647 0.0318192 0.0488714 0.0301982 0.0318762 0.0000000 0.0369868 0.0683439 0.0681977 0.0644940 0.0318140 0.0476919 0.0420021 0.0269028 0.0578797 0.0333317 0.0561527 0.0783987 0.0839210 0.1217708 0.1026153 0.3097932 0.5863445 0.5787790 0.5443849 0.5878076 0.5626118 0.6188340 0.5847287 0.7110296 0.7223558 0.7321068 0.7065763 0.6997999 0.7078749 0.7318647 0.6849337 0.8227937 
S0019_G5753_R1_A 0.2731186 0.2792301 0.2318763 0.2394892 0.1691933 0.1424270 0.1968734 0.2108652 0.2142694 0.3696869 0.4529145 0.0336013 0.0526695 0.0336429 0.0403176 0.0470913 0.0270265 0.0336172 0.0489933 0.0318688 0.0285966 0.0369868 0.0000000 0.0631157 0.0595103 0.0627812 0.0285796 0.0409269 0.0403704 0.0286501 0.0562016 0.0334755 0.0618357 0.0822386 0.0880060 0.1155382 0.0988246 0.2973029 0.5774456 0.5738629 0.5434247 0.5828293 0.5616174 0.6018166 0.5836487 0.6863572 0.6973651 0.7066814 0.6820098 0.6755159 0.6833336 0.7066462 0.6731584 0.8156294 
S0050_G5753_R1_A 0.3055812 0.3066641 0.2569988 0.2650081 0.2116050 0.1871421 0.2374352 0.2418652 0.2450440 0.4087044 0.4948894 0.0646704 0.0817033 0.0625529 0.0718883 0.0720176 0.0559472 0.0647007 0.0725023 0.0575486 0.0628267 0.0683439 0.0631157 0.0000000 0.0219931 0.0904182 0.0611627 0.0658352 0.0630888 0.0593698 0.0728128 0.0609277 0.0916987 0.1115806 0.1121591 0.1429643 0.1335406 0.3098494 0.6393583 0.6352803 0.5982576 0.6407675 0.6179214 0.6530505 0.5843792 0.7629844 0.7662662 0.7858307 0.7582728 0.7557496 0.7595301 0.7902332 0.7481832 0.7981207 
S0048_G5753_R1_A 0.3073827 0.3084704 0.2589073 0.2669229 0.2065496 0.1823546 0.2320940 0.2364899 0.2432298 0.4147509 0.5016579 0.0645332 0.0815231 0.0681094 0.0717338 0.0718624 0.0575311 0.0645634 0.0776791 0.0591582 0.0626940 0.0681977 0.0595103 0.0219931 0.0000000 0.0902170 0.0610337 0.0619189 0.0664429 0.0592451 0.0708486 0.0607997 0.0914845 0.1074899 0.1140553 0.1408489 0.1252585 0.3047916 0.6361777 0.6321195 0.5951951 0.6375917 0.6148045 0.6496202 0.5790868 0.7607983 0.7591149 0.7836166 0.7560880 0.7486809 0.7573496 0.7829391 0.7460144 0.7904654 
S0012_G5753_R1_A 0.3264370 0.3247128 0.2679901 0.2760895 0.2169678 0.1881213 0.2371961 0.2403245 0.2598612 0.4120480 0.4809960 0.0680178 0.0851423 0.0680774 0.0716997 0.0754004 0.0609753 0.0610387 0.0810407 0.0591315 0.0609237 0.0644940 0.0627812 0.0904182 0.0902170 0.0000000 0.0662532 0.0692490 0.0626879 0.0626975 0.0815341 0.0659926 0.0933592 0.1132060 0.1219753 0.1399553 0.1320560 0.3173594 0.6358669 0.6276903 0.5950921 0.6294633 0.6069776 0.6684682 0.5923535 0.7202782 0.7316948 0.7415844 0.7157970 0.7089331 0.7170828 0.7412650 0.7064512 0.8169813 
S0021_G5753_R1_A 0.2734358 0.2743667 0.2390308 0.2467297 0.1821326 0.1504963 0.2013280 0.2154174 0.2166702 0.3865768 0.4692341 0.0284907 0.0472033 0.0384807 0.0350941 0.0418952 0.0220186 0.0301176 0.0435738 0.0301344 0.0318086 0.0318140 0.0285796 0.0611627 0.0610337 0.0662532 0.0000000 0.0374167 0.0419115 0.0236191 0.0508423 0.0108408 0.0579287 0.0782183 0.0837927 0.1131172 0.1006231 0.2946368 0.5765343 0.5729787 0.5427428 0.5818844 0.5608150 0.6121382 0.5703619 0.6686181 0.6793547 0.6883229 0.6643631 0.6580970 0.6657003 0.6884344 0.6558170 0.8197748 
S0022_G5753_R1_A 0.2768227 0.2777692 0.2578541 0.2658886 0.1845444 0.1612603 0.2135459 0.2237125 0.2141985 0.4092811 0.4821031 0.0406451 0.0550192 0.0424083 0.0511293 0.0458985 0.0339195 0.0391205 0.0550638 0.0373145 0.0424361 0.0476919 0.0409269 0.0658352 0.0619189 0.0692490 0.0374167 0.0000000 0.0476088 0.0390557 0.0587941 0.0423119 0.0717568 0.0909344 0.0911407 0.1319480 0.1060326 0.3006907 0.5788961 0.5768146 0.5512702 0.5877831 0.5697373 0.6140154 0.5596131 0.6912807 0.7023981 0.7118412 0.6954252 0.6758512 0.6882754 0.7071287 0.6740792 0.8284940 
S0011_G5753_R1_A 0.2701145 0.2710372 0.2270059 0.2345563 0.1846945 0.1550171 0.1995778 0.2089247 0.2265109 0.3666249 0.4459089 0.0384506 0.0596189 0.0351726 0.0436769 0.0434451 0.0318367 0.0352872 0.0457555 0.0318815 0.0352089 0.0420021 0.0403704 0.0630888 0.0664429 0.0626879 0.0419115 0.0476088 0.0000000 0.0368824 0.0579720 0.0384275 0.0636372 0.0767665 0.0974358 0.1158160 0.0990001 0.2903664 0.5818876 0.5743442 0.5399996 0.5794170 0.5581955 0.6017708 0.5630367 0.6843237 0.6907199 0.7044790 0.6800076 0.6735706 0.6851807 0.7044616 0.6712331 0.8019476 
S0023_G5753_R1_A 0.2787727 0.2797258 0.2363263 0.2439831 0.1819352 0.1503438 0.1959469 0.2128641 0.2187477 0.3847285 0.4595045 0.0236209 0.0420974 0.0334960 0.0301523 0.0401926 0.0172126 0.0268509 0.0403043 0.0252464 0.0268984 0.0269028 0.0286501 0.0593698 0.0592451 0.0626975 0.0236191 0.0390557 0.0368824 0.0000000 0.0490883 0.0251396 0.0561419 0.0763325 0.0799790 0.1173389 0.0967588 0.2942193 0.5826329 0.5790242 0.5484981 0.5880139 0.5667468 0.6116233 0.5920588 0.6918760 0.7029155 0.7059811 0.6875203 0.6809861 0.6888338 0.7122142 0.6786154 0.8202712 
S0013_G5753_R1_A 0.2972529 0.2982909 0.2521443 0.2550781 0.2012817 0.1714847 0.2176045 0.2286104 0.2342775 0.3761893 0.4639303 0.0474415 0.0656022 0.0578343 0.0613654 0.0597217 0.0473956 0.0490197 0.0689404 0.0490163 0.0542138 0.0578797 0.0562016 0.0728128 0.0708486 0.0815341 0.0508423 0.0587941 0.0579720 0.0490883 0.0000000 0.0523621 0.0605979 0.0962717 0.0983237 0.1337699 0.1132933 0.2920991 0.6004139 0.5966184 0.5649936 0.6059283 0.5839077 0.6204814 0.5679917 0.7165387 0.7280021 0.7287002 0.7073895 0.7051587 0.7093403 0.7376181 0.7026709 0.7474967 
S0021_G5753_R2_A 0.2753688 0.2763057 0.2356033 0.2432317 0.1771617 0.1499164 0.1982509 0.2122197 0.2157585 0.3896571 0.4691039 0.0300083 0.0487202 0.0366876 0.0366087 0.0400911 0.0235409 0.0332667 0.0450863 0.0316514 0.0333261 0.0333317 0.0334755 0.0609277 0.0607997 0.0659926 0.0108408 0.0423119 0.0384275 0.0251396 0.0523621 0.0000000 0.0594450 0.0797239 0.0872110 0.1169547 0.1020990 0.3010980 0.5734395 0.5699046 0.5397611 0.5787837 0.5577764 0.6088104 0.5666382 0.6645181 0.6707383 0.6840322 0.6602948 0.6540966 0.6616319 0.6841772 0.6518401 0.8033343 
S0017_G5753_R1_A 0.2983742 0.2994281 0.2619177 0.2649355 0.1985442 0.1617107 0.2164067 0.2348676 0.2409658 0.4017999 0.4853154 0.0596739 0.0814037 0.0634528 0.0650807 0.0743428 0.0526924 0.0543312 0.0745608 0.0493509 0.0615509 0.0561527 0.0618357 0.0916987 0.0914845 0.0933592 0.0579287 0.0717568 0.0636372 0.0561419 0.0605979 0.0594450 0.0000000 0.0963493 0.1168265 0.1429163 0.1267228 0.3030344 0.5654890 0.5547673 0.5212037 0.5597177 0.5389673 0.5941105 0.5797009 0.7076055 0.7189652 0.7192096 0.6893243 0.6963548 0.7044477 0.7154469 0.6938991 0.8123790 
S0005_G5753_R1_A 0.2864535 0.2900709 0.2463603 0.2493039 0.1916087 0.1509463 0.2191880 0.2343353 0.2380749 0.3807598 0.4436249 0.0800423 0.0998628 0.0856796 0.0802521 0.0895734 0.0727401 0.0747026 0.0809944 0.0744094 0.0762924 0.0783987 0.0822386 0.1115806 0.1074899 0.1132060 0.0782183 0.0909344 0.0767665 0.0763325 0.0962717 0.0797239 0.0963493 0.0000000 0.1366863 0.1141709 0.1010178 0.2814420 0.5945263 0.5867210 0.5603260 0.5958449 0.5753309 0.6149098 0.5885665 0.7128969 0.7244296 0.7343757 0.7083650 0.7014613 0.7137185 0.7299847 0.6989633 0.7925266 
S0037_G5753_R1_A 0.3058885 0.3070062 0.2727913 0.2759114 0.2347045 0.2003355 0.2586854 0.2572647 0.2618026 0.4294647 0.4816334 0.0724439 0.0923212 0.0834992 0.0853170 0.0899345 0.0707406 0.0872648 0.1039166 0.0781550 0.0875781 0.0839210 0.0880060 0.1121591 0.1140553 0.1219753 0.0837927 0.0911407 0.0974358 0.0799790 0.0983237 0.0872110 0.1168265 0.1366863 0.0000000 0.1659058 0.1549086 0.3451615 0.6563734 0.6520233 0.6172316 0.6565280 0.6467570 0.6645635 0.6259261 0.7914864 0.8043506 0.8060256 0.7820926 0.7741573 0.7833677 0.8104927 0.7662595 0.8723484 
S0035_G5753_R1_A 0.3085942 0.3068348 0.2665499 0.2775832 0.2230907 0.1924350 0.2477358 0.2628789 0.2718694 0.4048803 0.4811531 0.1214114 0.1414643 0.1174491 0.1197555 0.1339238 0.1134612 0.1156736 0.1288492 0.1112930 0.1148911 0.1217708 0.1155382 0.1429643 0.1408489 0.1399553 0.1131172 0.1319480 0.1158160 0.1173389 0.1337699 0.1169547 0.1429163 0.1141709 0.1659058 0.0000000 0.1427331 0.3060671 0.6148620 0.6068210 0.5706347 0.6080625 0.5938681 0.6196392 0.6020776 0.7992853 0.8121792 0.8134053 0.7891299 0.7862575 0.7999619 0.8183286 0.7833782 0.8110773 
S0033_G5753_R1_A 0.2591546 0.2651548 0.2399608 0.2428306 0.1810037 0.1436619 0.1961898 0.2060236 0.2348583 0.3823937 0.4592174 0.1006224 0.1136595 0.1045596 0.1047037 0.1101662 0.0911717 0.0988368 0.1075210 0.0929125 0.1001208 0.1026153 0.0988246 0.1335406 0.1252585 0.1320560 0.1006231 0.1060326 0.0990001 0.0967588 0.1132933 0.1020990 0.1267228 0.1010178 0.1549086 0.1427331 0.0000000 0.2752420 0.5761949 0.5796952 0.5479774 0.5904915 0.5742900 0.6090388 0.5768485 0.7458035 0.7577759 0.7683213 0.7369784 0.7345138 0.7472575 0.7642352 0.7360462 0.8511485 
S0006_G5753_R1_A 0.3825871 0.3900487 0.3893673 0.3933395 0.3630835 0.3144730 0.3986888 0.3648048 0.4058099 0.4979506 0.5908327 0.3057884 0.3221762 0.3033156 0.2982528 0.3327695 0.2916745 0.2818559 0.3053585 0.2923824 0.2849220 0.3097932 0.2973029 0.3098494 0.3047916 0.3173594 0.2946368 0.3006907 0.2903664 0.2942193 0.2920991 0.3010980 0.3030344 0.2814420 0.3451615 0.3060671 0.2752420 0.0000000 0.7599279 0.7403591 0.6848163 0.7252147 0.7076800 0.7081056 0.7019568 0.8790397 0.8877513 0.8983920 0.8708789 0.8696902 0.8804852 0.8804721 0.8703925 0.8839476 
S0025_G5753_R1_A 0.6634396 0.6619263 0.7419440 0.7562194 0.6717337 0.6419684 0.6540289 0.6732398 0.7249647 0.8777293 1.0129319 0.5650976 0.5821966 0.6003676 0.5781993 0.5991805 0.5559426 0.5765214 0.6031487 0.5656343 0.5741702 0.5863445 0.5774456 0.6393583 0.6361777 0.6358669 0.5765343 0.5788961 0.5818876 0.5826329 0.6004139 0.5734395 0.5654890 0.5945263 0.6563734 0.6148620 0.5761949 0.7599279 0.0000000 0.0221766 0.0647776 0.0791824 0.0683240 0.1231418 0.7215430 1.0185738 1.0174175 1.0322383 1.0230289 1.0029753 1.0133817 1.0311364 0.9982780 0.7746458 
S0029_G5753_R1_A 0.6501720 0.6486525 0.7380207 0.7522513 0.6712422 0.6372814 0.6413973 0.6727334 0.7244419 0.8729356 1.0075541 0.5616114 0.5745782 0.5926546 0.5785151 0.5954158 0.5525295 0.5690842 0.5993542 0.5583139 0.5706183 0.5787790 0.5738629 0.6352803 0.6321195 0.6276903 0.5729787 0.5768146 0.5743442 0.5790242 0.5966184 0.5699046 0.5547673 0.5867210 0.6520233 0.6068210 0.5796952 0.7403591 0.0221766 0.0000000 0.0506813 0.0629379 0.0558544 0.1103485 0.6864669 0.9879660 0.9867898 0.9946908 0.9987809 0.9728606 0.9829854 1.0001469 0.9682913 0.7990595 
S0032_G5753_R1_N 0.6360289 0.6344874 0.6729722 0.6906816 0.6276051 0.5966828 0.6181545 0.6544957 0.6652276 0.7842037 0.8959179 0.5316558 0.5471945 0.5615664 0.5403935 0.5712996 0.5229514 0.5388677 0.5678038 0.5247753 0.5402913 0.5443849 0.5434247 0.5982576 0.5951951 0.5950921 0.5427428 0.5512702 0.5399996 0.5484981 0.5649936 0.5397611 0.5212037 0.5603260 0.6172316 0.5706347 0.5479774 0.6848163 0.0647776 0.0506813 0.0000000 0.0252481 0.0235873 0.0699908 0.6425472 0.9783558 0.9771754 0.9882028 0.9890403 0.9634426 0.9734532 0.9903847 0.9589257 0.8042335 
S0032_G5753_R2_N 0.6637675 0.6622486 0.7155492 0.7253796 0.6654820 0.6348441 0.6494707 0.6792072 0.7028541 0.8454432 0.9546590 0.5777600 0.5762225 0.6018055 0.5796643 0.6122865 0.5650873 0.5779854 0.6086393 0.5632536 0.5795516 0.5878076 0.5828293 0.6407675 0.6375917 0.6294633 0.5818844 0.5877831 0.5794170 0.5880139 0.6059283 0.5787837 0.5597177 0.5958449 0.6565280 0.6080625 0.5904915 0.7252147 0.0791824 0.0629379 0.0252481 0.0000000 0.0170895 0.0794544 0.6599655 1.0272133 1.0260683 1.0501254 1.0383904 1.0115497 1.0219856 1.0398237 0.9951913 0.7911126 
S0024_G5753_R1_A 0.6349647 0.6334238 0.6954041 0.7135820 0.6563929 0.6322481 0.6388623 0.6719015 0.6953751 0.8210509 0.9381971 0.5495531 0.5622398 0.5801582 0.5585229 0.5902437 0.5406175 0.5569255 0.5866743 0.5500678 0.5584157 0.5626118 0.5616174 0.6179214 0.6148045 0.6069776 0.5608150 0.5697373 0.5581955 0.5667468 0.5839077 0.5577764 0.5389673 0.5753309 0.6467570 0.5938681 0.5742900 0.7076800 0.0683240 0.0558544 0.0235873 0.0170895 0.0000000 0.0811316 0.6520308 1.0278244 1.0266805 1.0385299 1.0390007 1.0121617 1.0225966 1.0404341 1.0074510 0.7662228 
S0001_G5753_R1_A 0.6899365 0.6925521 0.6967021 0.7204903 0.6847145 0.6629683 0.6496814 0.6998082 0.7287898 0.8319555 0.9448788 0.6003340 0.6088118 0.6141891 0.6064003 0.6546220 0.5981442 0.5925512 0.6423491 0.5956696 0.6097830 0.6188340 0.6018166 0.6530505 0.6496202 0.6684682 0.6121382 0.6140154 0.6017708 0.6116233 0.6204814 0.6088104 0.5941105 0.6149098 0.6645635 0.6196392 0.6090388 0.7081056 0.1231418 0.1103485 0.0699908 0.0794544 0.0811316 0.0000000 0.7155746 1.0424466 1.0313356 1.0442141 1.0334781 1.0258627 1.0368870 1.0418822 1.0208856 0.8194197 
S0049_G5753_R1_A 0.6419015 0.6449283 0.6641244 0.6685567 0.6360232 0.6026190 0.6207824 0.6166277 0.6691590 0.7721945 0.8847614 0.5853080 0.6100829 0.5953198 0.5692565 0.5924250 0.5649047 0.5684816 0.5762801 0.5632687 0.5631476 0.5847287 0.5836487 0.5843792 0.5790868 0.5923535 0.5703619 0.5596131 0.5630367 0.5920588 0.5679917 0.5666382 0.5797009 0.5885665 0.6259261 0.6020776 0.5768485 0.7019568 0.7215430 0.6864669 0.6425472 0.6599655 0.6520308 0.7155746 0.0000000 0.9814533 0.9762197 0.9776781 0.9742566 0.9476501 0.9528878 0.9754800 0.9376340 0.6949683 
S0041_G5753_R1_N 0.8818669 0.8746882 0.8614543 0.8857789 0.8486277 0.7975532 0.8041377 0.8535820 0.9105116 1.1838669 1.4222067 0.6718173 0.7133927 0.7175668 0.6974900 0.7077230 0.6794118 0.6776988 0.6900604 0.6858618 0.6886624 0.7110296 0.6863572 0.7629844 0.7607983 0.7202782 0.6686181 0.6912807 0.6843237 0.6918760 0.7165387 0.6645181 0.7076055 0.7128969 0.7914864 0.7992853 0.7458035 0.8790397 1.0185738 0.9879660 0.9783558 1.0272133 1.0278244 1.0424466 0.9814533 0.0000000 0.0108207 0.0124716 0.0187667 0.0155798 0.0187326 0.0268481 0.0252122 0.8038325 
S0047_G5753_R1_N 0.8904405 0.8831903 0.8696477 0.8941574 0.8621098 0.8102410 0.8168183 0.8671228 0.9309308 1.1958122 1.4190793 0.6915126 0.7247570 0.7289792 0.7086446 0.7190183 0.6902617 0.6885136 0.7011401 0.6968111 0.6996354 0.7223558 0.6973651 0.7662662 0.7591149 0.7316948 0.6793547 0.7023981 0.6907199 0.7029155 0.7280021 0.6707383 0.7189652 0.7244296 0.8043506 0.8121792 0.7577759 0.8877513 1.0174175 0.9867898 0.9771754 1.0260683 1.0266805 1.0313356 0.9762197 0.0108207 0.0000000 0.0109162 0.0267975 0.0140265 0.0203517 0.0252776 0.0268654 0.7829023 
S0043_G5753_R1_N 0.8754646 0.8682826 0.8724533 0.8972196 0.8525950 0.8061514 0.8158783 0.8741919 0.9328952 1.1702958 1.3792954 0.6921007 0.7345576 0.7339753 0.7181592 0.7287211 0.6993970 0.6976079 0.7105420 0.7060733 0.7089364 0.7321068 0.7066814 0.7858307 0.7836166 0.7415844 0.6883229 0.7118412 0.7044790 0.7059811 0.7287002 0.6840322 0.7192096 0.7343757 0.8060256 0.8134053 0.7683213 0.8983920 1.0322383 0.9946908 0.9882028 1.0501254 1.0385299 1.0442141 0.9776781 0.0124716 0.0109162 0.0000000 0.0269905 0.0189104 0.0221060 0.0303561 0.0286933 0.8032546 
S0045_G5753_R1_A 0.8705764 0.8634952 0.8616488 0.8859772 0.8434368 0.7875557 0.7842727 0.8475754 0.9049897 1.1528353 1.3835817 0.6763844 0.7089268 0.7039328 0.6930934 0.7032793 0.6751209 0.6734203 0.6856875 0.6815369 0.6843304 0.7065763 0.6820098 0.7582728 0.7560880 0.7157970 0.6643631 0.6954252 0.6800076 0.6875203 0.7073895 0.6602948 0.6893243 0.7083650 0.7820926 0.7891299 0.7369784 0.8708789 1.0230289 0.9987809 0.9890403 1.0383904 1.0390007 1.0334781 0.9742566 0.0187667 0.0267975 0.0269905 0.0000000 0.0219207 0.0219086 0.0316004 0.0316741 0.7833598 
S0038_G5753_R1_A 0.8637025 0.8566742 0.8582965 0.8824525 0.8455458 0.7847343 0.7913107 0.8397756 0.9014427 1.1628471 1.3782606 0.6700096 0.7021201 0.7109142 0.6864697 0.6965336 0.6687460 0.6670728 0.6791369 0.6750788 0.6778476 0.6997999 0.6755159 0.7557496 0.7486809 0.7089331 0.6580970 0.6758512 0.6735706 0.6809861 0.7051587 0.6540966 0.6963548 0.7014613 0.7741573 0.7862575 0.7345138 0.8696902 1.0029753 0.9728606 0.9634426 1.0115497 1.0121617 1.0258627 0.9476501 0.0155798 0.0140265 0.0189104 0.0219207 0.0000000 0.0124051 0.0140415 0.0219756 0.7592724 
S0044_G5753_R1_N 0.8765298 0.8694071 0.8674850 0.8919039 0.8446438 0.7982233 0.8047913 0.8541598 0.9061625 1.1839596 1.4040501 0.6694385 0.7016188 0.7143932 0.6944062 0.7045825 0.6764437 0.6747433 0.6909131 0.6828550 0.6856441 0.7078749 0.6833336 0.7595301 0.7573496 0.7170828 0.6657003 0.6882754 0.6851807 0.6888338 0.7093403 0.6616319 0.7044477 0.7137185 0.7833677 0.7999619 0.7472575 0.8804852 1.0133817 0.9829854 0.9734532 1.0219856 1.0225966 1.0368870 0.9528878 0.0187326 0.0203517 0.0221060 0.0219086 0.0124051 0.0000000 0.0235762 0.0251647 0.7785674 
S0040_G5753_R1_N 0.8882081 0.8809832 0.8871886 0.9121838 0.8630212 0.8111028 0.8032152 0.8680375 0.9318993 1.1966801 1.4007256 0.7006621 0.7342952 0.7432512 0.7180310 0.7285066 0.6994202 0.6976454 0.7104755 0.7060431 0.7088833 0.7318647 0.7066462 0.7902332 0.7829391 0.7412650 0.6884344 0.7071287 0.7044616 0.7122142 0.7376181 0.6841772 0.7154469 0.7299847 0.8104927 0.8183286 0.7642352 0.8804721 1.0311364 1.0001469 0.9903847 1.0398237 1.0404341 1.0418822 0.9754800 0.0268481 0.0252776 0.0303561 0.0316004 0.0140415 0.0235762 0.0000000 0.0334180 0.7983864 
S0042_G5753_R1_N 0.8473877 0.8404896 0.8291812 0.8526149 0.8273467 0.7725727 0.7940002 0.8322045 0.8772064 1.1291367 1.3372182 0.6676935 0.6996570 0.7038249 0.6796001 0.6940909 0.6664296 0.6647658 0.6767598 0.6727340 0.6754947 0.6849337 0.6731584 0.7481832 0.7460144 0.7064512 0.6558170 0.6740792 0.6712331 0.6786154 0.7026709 0.6518401 0.6938991 0.6989633 0.7662595 0.7833782 0.7360462 0.8703925 0.9982780 0.9682913 0.9589257 0.9951913 1.0074510 1.0208856 0.9376340 0.0252122 0.0268654 0.0286933 0.0316741 0.0219756 0.0251647 0.0334180 0.0000000 0.7869849 
S0003_G5753_R1_N 0.9211955 0.9255090 0.8665052 0.8666260 0.8280835 0.8473391 0.8151187 0.7947287 0.9087657 1.0021078 1.0362837 0.8254172 0.8356391 0.8197974 0.8283393 0.8586395 0.8066631 0.8100955 0.8131461 0.8095281 0.8001005 0.8227937 0.8156294 0.7981207 0.7904654 0.8169813 0.8197748 0.8284940 0.8019476 0.8202712 0.7474967 0.8033343 0.8123790 0.7925266 0.8723484 0.8110773 0.8511485 0.8839476 0.7746458 0.7990595 0.8042335 0.7911126 0.7662228 0.8194197 0.6949683 0.8038325 0.7829023 0.8032546 0.7833598 0.7592724 0.7785674 0.7983864 0.7869849 0.0000000 
