68
S0006_G5770_R1_A 0.0000000 0.2763263 0.2770537 0.3631293 0.3647938 0.3643647 0.3638256 0.3756582 0.3630530 0.3648974 0.3722201 0.3928524 0.3754507 0.3826085 0.3738276 0.3925019 0.3669826 0.3591332 0.3448909 0.3563753 0.3647938 0.3891244 0.3985036 0.3663625 0.3883394 0.4388751 0.3099950 0.3176663 0.3339627 0.3286029 0.3080901 0.1757025 0.2332036 0.6093414 0.5761646 0.6267735 0.5984387 0.6193895 0.5888038 0.5888038 0.6216472 0.4279678 0.4298270 0.1094808 0.5432849 0.5761319 0.4451206 0.4403196 1.0206189 1.0620529 1.0769422 1.1019977 1.0020637 1.1622354 1.0887453 1.2772348 1.1802144 1.1802144 1.1117432 1.1462668 1.1394969 1.1212196 1.0559967 1.0675528 1.3053369 1.2712919 1.1790771 1.1396201 
S0033_G5770_R1_A 0.2763263 0.0000000 0.0685613 0.1269784 0.1234588 0.1310437 0.1232223 0.1195966 0.1223310 0.1150655 0.1194093 0.1564149 0.1071496 0.1316861 0.1346593 0.1130884 0.1319253 0.1234107 0.1242205 0.1226865 0.1234727 0.1431737 0.1393606 0.1227413 0.1643719 0.2849590 0.1020354 0.1249478 0.1278777 0.1238833 0.1135341 0.0914959 0.0998271 0.4112125 0.3947638 0.4039876 0.3981890 0.4100146 0.3975162 0.3975162 0.4112392 0.2305190 0.2236791 0.0549591 0.3896645 0.4169555 0.2772791 0.2730433 0.9977831 1.0053087 1.0216637 0.9993480 0.9003003 0.8991676 0.8725598 1.0043229 0.9153046 0.9153046 0.9902109 0.9836287 0.9681193 0.9533990 0.9370839 0.9461116 1.0838028 1.0576983 0.8248721 0.9557422 
S0028_G5770_R1_A 0.2770537 0.0685613 0.0000000 0.0918823 0.0884228 0.0995430 0.0807806 0.0959813 0.0956891 0.0955048 0.0996557 0.1283221 0.0959047 0.0923921 0.0916964 0.0922726 0.0963526 0.0920878 0.0814163 0.0878840 0.0884347 0.1034127 0.1112054 0.0936810 0.1360691 0.3177856 0.1142678 0.1336963 0.1483605 0.1442515 0.1378123 0.1324937 0.1336266 0.4141314 0.4094991 0.4188312 0.4129171 0.4129171 0.4122071 0.4122071 0.4141583 0.1941025 0.1960236 0.1168047 0.4291048 0.4572151 0.2995009 0.3003620 0.9769233 0.9715384 1.0405344 1.0185379 0.9184655 0.9129266 0.8762793 1.0101883 0.9133940 0.9133940 1.0242486 1.0048971 0.9889473 0.9738373 0.9570638 0.9664476 1.1007693 1.0739105 0.9312463 0.9906947 
S0002_G5770_R1_A 0.3631293 0.1269784 0.0918823 0.0000000 0.0300291 0.0299831 0.0232226 0.0334765 0.0231927 0.0300445 0.0335781 0.0584243 0.0301855 0.0335136 0.0299027 0.0421983 0.0370199 0.0368126 0.0268307 0.0300139 0.0266530 0.0402887 0.0403209 0.0526396 0.0691306 0.3636853 0.1866658 0.1878851 0.2320044 0.2273387 0.2015919 0.2337755 0.2341557 0.4525783 0.4353824 0.4448432 0.4387625 0.4512095 0.4379894 0.4379894 0.4526077 0.1416376 0.1428286 0.2095169 0.4760342 0.4867550 0.3637047 0.3591852 1.0964347 1.1360191 1.2322207 1.1913030 1.0936945 1.0491661 0.9832094 1.1586498 1.0489327 1.0489327 1.1588948 1.1013885 1.0838172 1.0672960 1.0478116 1.0586093 1.2744555 1.2426782 0.9017552 1.1005677 
S0016_G5770_R1_A 0.3647938 0.1234588 0.0884228 0.0300291 0.0000000 0.0334787 0.0266716 0.0266676 0.0334583 0.0335478 0.0371195 0.0585767 0.0337061 0.0370476 0.0333889 0.0350791 0.0336559 0.0334674 0.0234786 0.0266802 0.0267207 0.0369328 0.0369626 0.0448737 0.0584673 0.3652692 0.1830298 0.1841494 0.2282334 0.2235730 0.1979775 0.2281586 0.2295638 0.4675638 0.4500599 0.4596232 0.4534273 0.4661279 0.4526149 0.4526149 0.4675943 0.1380033 0.1433523 0.2008864 0.4455771 0.4560033 0.3540843 0.3495709 1.1546574 1.1200199 1.2148535 1.1747360 1.0763478 0.9908818 0.9555657 1.0926364 0.9986354 0.9986354 1.1044555 1.0506138 1.0338120 1.0179545 1.0104763 1.0207333 1.2208038 1.1902131 0.9159191 1.1056273 
S0020_G5770_R1_A 0.3643647 0.1310437 0.0995430 0.0299831 0.0334787 0.0000000 0.0266310 0.0369487 0.0334067 0.0334959 0.0370616 0.0620737 0.0336537 0.0369899 0.0198231 0.0458766 0.0405227 0.0368449 0.0302883 0.0334618 0.0232871 0.0369009 0.0438287 0.0524214 0.0652617 0.3532899 0.1867931 0.1835629 0.2274596 0.2228194 0.1975786 0.2339224 0.2286154 0.4717631 0.4542701 0.4638088 0.4576147 0.4703162 0.4451034 0.4451034 0.4717938 0.1377434 0.1551826 0.2178118 0.4828889 0.4936563 0.3582851 0.3537779 1.1346906 1.1411943 1.2603416 1.1968798 1.0991332 1.0376245 0.9540771 1.1245252 1.0286343 1.0286343 1.1527561 1.0954996 1.0779671 1.0614761 1.0448655 1.0556750 1.2668589 1.2350223 0.8838903 1.0795769 
S0030_G5770_R1_A 0.3638256 0.1232223 0.0807806 0.0232226 0.0266716 0.0266310 0.0000000 0.0301051 0.0266146 0.0266853 0.0301964 0.0549415 0.0268104 0.0267262 0.0198237 0.0386497 0.0301876 0.0266205 0.0234581 0.0266581 0.0233032 0.0300457 0.0369318 0.0486489 0.0656190 0.3643749 0.1826553 0.1837632 0.2230999 0.2184776 0.1975731 0.2221797 0.2176557 0.4598768 0.4551257 0.4646887 0.4584759 0.4584759 0.4576527 0.4576527 0.4599068 0.1220634 0.1390343 0.2101827 0.4835643 0.4943475 0.3532162 0.3543072 1.1007802 1.1274486 1.2228430 1.1823878 1.0844345 1.0302241 0.9647908 1.1372125 1.0289585 1.0289585 1.1352863 1.1037275 1.0861056 1.0695397 1.0389060 1.0494956 1.2683963 1.2364729 0.8841123 1.0918070 
S0031_G5770_R1_A 0.3756582 0.1195966 0.0959813 0.0334765 0.0266676 0.0369487 0.0301051 0.0000000 0.0369262 0.0301655 0.0302657 0.0622317 0.0268961 0.0405504 0.0368496 0.0243533 0.0371452 0.0369362 0.0269226 0.0301148 0.0233442 0.0404238 0.0335722 0.0607148 0.0693641 0.3598266 0.1868579 0.1880819 0.2231549 0.2185336 0.1932990 0.2329819 0.2233741 0.4612454 0.4438567 0.4533852 0.4472326 0.4598367 0.4464362 0.4464362 0.4612755 0.1421075 0.1514697 0.2265845 0.4704249 0.4811121 0.3598073 0.3552824 1.1202185 1.1423503 1.2394563 1.1772679 1.0886137 0.9907195 0.9472777 1.0923362 0.9984870 0.9984870 1.1040933 1.0503556 1.0335815 1.0177489 1.0102830 1.0205231 1.2106027 1.1803116 0.8969084 1.1278139 
S0036_G5770_R1_A 0.3630530 0.1223310 0.0956891 0.0231927 0.0334583 0.0334067 0.0266146 0.0369262 0.0000000 0.0265075 0.0299941 0.0545632 0.0266306 0.0369673 0.0333168 0.0458476 0.0404980 0.0402706 0.0302687 0.0334414 0.0300678 0.0368784 0.0369081 0.0526538 0.0619176 0.3451875 0.1910386 0.1923820 0.2367243 0.2320329 0.1972615 0.2330279 0.2341996 0.4560294 0.4388607 0.4482914 0.4422186 0.4546531 0.4414408 0.4414408 0.4560589 0.1212830 0.1381299 0.2084933 0.4635948 0.4742415 0.3749236 0.3703817 1.1333084 1.1464691 1.1929819 1.1545556 1.0570231 1.0325295 0.9742778 1.1577271 1.0313861 1.0313861 1.1484122 1.1236338 1.0860080 1.0694375 1.0613911 1.0724187 1.3164096 1.2831593 0.8909435 1.0909327 
S0021_G5770_R1_A 0.3648974 0.1150655 0.0955048 0.0300445 0.0335478 0.0334959 0.0266853 0.0301655 0.0265075 0.0000000 0.0032654 0.0476347 0.0199415 0.0370667 0.0334060 0.0350285 0.0336732 0.0403787 0.0303509 0.0335308 0.0301481 0.0438852 0.0370072 0.0606893 0.0729951 0.3523244 0.1918308 0.1932013 0.2286212 0.2239505 0.1982898 0.2286058 0.2300397 0.4585546 0.4412640 0.4507505 0.4446337 0.4571614 0.4438462 0.4438462 0.4585844 0.1326581 0.1337593 0.2102605 0.4679184 0.4785497 0.3660562 0.3615055 1.1591951 1.1450551 1.2036704 1.1736025 1.0759833 1.0659933 0.9882543 1.1653344 1.0667276 1.0667276 1.1805797 1.1427206 1.1244046 1.1072361 1.0987290 1.1103805 1.3029201 1.2698233 0.8884250 1.1305420 
S0021_G5770_R2_A 0.3722201 0.1194093 0.0996557 0.0335781 0.0371195 0.0370616 0.0301964 0.0302657 0.0299941 0.0032654 0.0000000 0.0513418 0.0234018 0.0406750 0.0369616 0.0387679 0.0372590 0.0440014 0.0339225 0.0371007 0.0336946 0.0475405 0.0406093 0.0649095 0.0769367 0.3593857 0.1969836 0.1985073 0.2342722 0.2295530 0.2034529 0.2359352 0.2369510 0.4670988 0.4496126 0.4591683 0.4529788 0.4656656 0.4521680 0.4521680 0.4671292 0.1370983 0.1382435 0.2214598 0.4703022 0.4809933 0.3733950 0.3688116 1.1797523 1.1647120 1.2251417 1.1938388 1.0962131 1.0734989 0.9950897 1.1743748 1.0746590 1.0746590 1.1898811 1.1512673 1.1327157 1.1153388 1.1066931 1.1185330 1.3134410 1.2798526 0.9038965 1.1507007 
S0026_G5770_R1_A 0.3928524 0.1564149 0.1283221 0.0584243 0.0585767 0.0620737 0.0549415 0.0622317 0.0545632 0.0476347 0.0513418 0.0000000 0.0549767 0.0551442 0.0619028 0.0727560 0.0697023 0.0692977 0.0482526 0.0621442 0.0586315 0.0730054 0.0730617 0.0854215 0.1000664 0.3764546 0.2299311 0.2324405 0.2698407 0.2648891 0.2453689 0.2550214 0.2608496 0.4574490 0.4402184 0.4558904 0.4435817 0.4560638 0.4427988 0.4427988 0.4511462 0.1550217 0.1645310 0.2382316 0.4862262 0.4905182 0.4052593 0.4005790 1.2733447 1.2078387 1.2589709 1.2469893 1.1273303 1.0747304 0.9962075 1.1662090 1.1002259 1.1002259 1.2021965 1.1556377 1.1369622 1.1194758 1.1197334 1.1317998 1.3025684 1.2692485 0.8676898 1.1600576 
S0023_G5770_R1_A 0.3754507 0.1071496 0.0959047 0.0301855 0.0337061 0.0336537 0.0268104 0.0268961 0.0266306 0.0199415 0.0234018 0.0549767 0.0000000 0.0372425 0.0335630 0.0352012 0.0408009 0.0405701 0.0304948 0.0336889 0.0302901 0.0440940 0.0371824 0.0567365 0.0733546 0.3515802 0.1915066 0.1928663 0.2189002 0.2142936 0.1892823 0.2160526 0.2181960 0.4518724 0.4347010 0.4441514 0.4380796 0.4505075 0.4373088 0.4373088 0.4519017 0.1379710 0.1467763 0.2188909 0.4707152 0.4814144 0.3489724 0.3444652 1.1543306 1.1436444 1.2117147 1.1721258 1.0745927 1.0336991 0.9572674 1.1287731 1.0326546 1.0326546 1.2038999 1.1551135 1.1364564 1.1189863 1.1102780 1.1222028 1.2732858 1.2411409 0.8498555 1.0900370 
S0011_G5770_R1_A 0.3826085 0.1316861 0.0923921 0.0335136 0.0370476 0.0369899 0.0267262 0.0405504 0.0369673 0.0370667 0.0406750 0.0551442 0.0372425 0.0000000 0.0334570 0.0423956 0.0441652 0.0367818 0.0303978 0.0370288 0.0336296 0.0439521 0.0405302 0.0606151 0.0767777 0.3772275 0.1921145 0.1891988 0.2272270 0.2272270 0.1985792 0.2336107 0.2340098 0.4636310 0.4524109 0.4620247 0.4557881 0.4622052 0.4549663 0.4549663 0.4636614 0.1424339 0.1518107 0.2407800 0.4719047 0.4826416 0.3542212 0.3576898 1.1694236 1.1046923 1.2095146 1.1790559 1.0800923 1.0055288 0.9415390 1.0738371 1.0029687 1.0029687 1.1676188 1.0762124 1.0592199 1.0432093 1.0673312 1.0784080 1.2163630 1.1861925 0.9014112 1.0818848 
S0019_G5770_R1_A 0.3738276 0.1346593 0.0916964 0.0299027 0.0333889 0.0198231 0.0198237 0.0368496 0.0333168 0.0334060 0.0369616 0.0619028 0.0335630 0.0334570 0.0000000 0.0457464 0.0404131 0.0367496 0.0302062 0.0333721 0.0232239 0.0367755 0.0437105 0.0603629 0.0726341 0.3515574 0.1905662 0.1874434 0.2314331 0.2267827 0.2054852 0.2390927 0.2334524 0.4509435 0.4462378 0.4557112 0.4495864 0.4495864 0.4372195 0.4372195 0.4572968 0.1373486 0.1547301 0.2366171 0.4745001 0.4851812 0.3459941 0.3470499 1.1507491 1.1524446 1.2499448 1.2082539 1.1115505 1.0437096 0.9601371 1.1189226 1.0148869 1.0148869 1.1435039 1.0639451 1.0470248 1.0536010 1.0457591 1.0565090 1.2565134 1.2251495 0.8866626 1.0770112 
S0018_G5770_R1_A 0.3925019 0.1130884 0.0922726 0.0421983 0.0350791 0.0458766 0.0386497 0.0243533 0.0458476 0.0350285 0.0387679 0.0727560 0.0352012 0.0423956 0.0457464 0.0000000 0.0461327 0.0458603 0.0349942 0.0386630 0.0315223 0.0495553 0.0350840 0.0638340 0.0726077 0.3557277 0.1873619 0.1840096 0.2190962 0.2143144 0.1895866 0.2172310 0.2072877 0.4569862 0.4388327 0.4488002 0.4423812 0.4555279 0.4415591 0.4415591 0.4570175 0.1444468 0.1499743 0.1904097 0.4846646 0.4982641 0.3442087 0.3452133 1.1135504 1.1371565 1.2285696 1.1954940 1.0925007 0.9020708 0.8710419 1.0303580 0.9090947 0.9090947 1.0531949 1.0104128 0.9938540 0.9781817 0.9709685 0.9808679 1.1336707 1.1048042 0.9018328 1.0704850 
S0013_G5770_R1_A 0.3669826 0.1319253 0.0963526 0.0370199 0.0336559 0.0405227 0.0301876 0.0371452 0.0404980 0.0336732 0.0372590 0.0697023 0.0408009 0.0441652 0.0404131 0.0461327 0.0000000 0.0336153 0.0304494 0.0336388 0.0336903 0.0440271 0.0440624 0.0447868 0.0655651 0.3648060 0.1772663 0.1782159 0.2216486 0.2170615 0.1922608 0.2330537 0.2278193 0.4772371 0.4594769 0.4691364 0.4628460 0.4757522 0.4620050 0.4620050 0.4772684 0.1466132 0.1521178 0.2101690 0.4894046 0.5002102 0.3587993 0.3542842 1.1346527 1.1181061 1.2125925 1.1999151 1.1012755 0.9994884 0.9562166 1.1014377 0.9966022 0.9966022 1.1040248 1.0611814 1.0443457 1.0284660 1.0191732 1.0294717 1.2194039 1.1890922 0.8685724 1.1036767 
S0017_G5770_R1_A 0.3591332 0.1234107 0.0920878 0.0368126 0.0334674 0.0368449 0.0266205 0.0369362 0.0402706 0.0403787 0.0440014 0.0692977 0.0405701 0.0367818 0.0367496 0.0458603 0.0336153 0.0000000 0.0302780 0.0334505 0.0335015 0.0403149 0.0438139 0.0566353 0.0728105 0.3652792 0.1914746 0.1878911 0.2203959 0.2203959 0.1933683 0.2246515 0.2255869 0.4733459 0.4620894 0.4716985 0.4654321 0.4718867 0.4645899 0.4645899 0.4733768 0.1221271 0.1391132 0.2204764 0.4709880 0.4817034 0.3541726 0.3471001 1.1398109 1.1093171 1.2143212 1.1744875 1.0852195 1.0013193 0.9579421 1.1037171 0.9939424 0.9939424 1.1470291 1.0899940 1.0841073 1.0677047 1.0493551 1.0601087 1.2316832 1.2010081 0.8865834 1.0833847 
S0022_G5770_R1_A 0.3448909 0.1242205 0.0814163 0.0268307 0.0234786 0.0302883 0.0234581 0.0269226 0.0302687 0.0303509 0.0339225 0.0482526 0.0304948 0.0303978 0.0302062 0.0349942 0.0304494 0.0302780 0.0000000 0.0234666 0.0235025 0.0337512 0.0337787 0.0532439 0.0625537 0.3567039 0.1755365 0.1807020 0.2250774 0.2204093 0.1905078 0.2179501 0.2136823 0.4518734 0.4345328 0.4503243 0.4379452 0.4504950 0.4371672 0.4371672 0.4519030 0.1231717 0.1322193 0.2030525 0.4657712 0.4787600 0.3566412 0.3520976 1.1287076 1.1189011 1.2140597 1.1738108 1.0749355 0.9678537 0.9145424 1.0540823 0.9522218 0.9522218 1.0771137 1.0253807 1.0090471 0.9935991 0.9864183 0.9962705 1.1917798 1.1621519 0.8870592 1.0463979 
S0004_G5770_R1_A 0.3563753 0.1226865 0.0878840 0.0300139 0.0266802 0.0334618 0.0266581 0.0301148 0.0334414 0.0335308 0.0371007 0.0621442 0.0336889 0.0370288 0.0333721 0.0386630 0.0336388 0.0334505 0.0234666 0.0000000 0.0267072 0.0369141 0.0369439 0.0527530 0.0656421 0.3515469 0.1732813 0.1741215 0.2174213 0.2128500 0.1966785 0.2268333 0.2220195 0.4573251 0.4400949 0.4495537 0.4434587 0.4559402 0.4426760 0.4426760 0.4573548 0.1379319 0.1472038 0.2082323 0.4547923 0.4653386 0.3624992 0.3579938 1.0821886 1.0970208 1.1878676 1.1498035 1.0700506 0.9904458 0.9651687 1.1116214 1.0061411 1.0061411 1.0686215 1.0180064 1.0019598 0.9867714 0.9797392 0.9893880 1.2183213 1.1880451 0.8872338 1.0966608 
S0037_G5770_R1_A 0.3647938 0.1234727 0.0884347 0.0266530 0.0267207 0.0232871 0.0233032 0.0233442 0.0300678 0.0301481 0.0336946 0.0586315 0.0302901 0.0336296 0.0232239 0.0315223 0.0336903 0.0335015 0.0235025 0.0267072 0.0000000 0.0369706 0.0370004 0.0527266 0.0657454 0.3541378 0.1787395 0.1797380 0.2235913 0.2189578 0.1936535 0.2288933 0.2239061 0.4548107 0.4375116 0.4470193 0.4409013 0.4534273 0.4401200 0.4401200 0.4548404 0.1381602 0.1474508 0.2002407 0.4809938 0.4917134 0.3540611 0.3495493 1.1537891 1.1067595 1.1992544 1.1603403 1.0625452 1.0010795 0.9471628 1.1033771 0.9982733 0.9982733 1.1278789 1.0727953 1.0557596 1.0397061 1.0320385 1.0425516 1.2312380 1.2005935 0.9078123 1.1201291 
S0012_G5770_R1_A 0.3891244 0.1431737 0.1034127 0.0402887 0.0369328 0.0369009 0.0300457 0.0404238 0.0368784 0.0438852 0.0475405 0.0730054 0.0440940 0.0439521 0.0367755 0.0495553 0.0440271 0.0403149 0.0337512 0.0369141 0.0369706 0.0000000 0.0404042 0.0605688 0.0692106 0.3569909 0.1958036 0.1972916 0.2401392 0.2354518 0.2108266 0.2504616 0.2440641 0.4793557 0.4745595 0.4842085 0.4778735 0.4778735 0.4770005 0.4770005 0.4793869 0.1339460 0.1432730 0.2486976 0.4882592 0.4866174 0.3635782 0.3647112 1.1133798 1.1092302 1.2496651 1.1630227 1.0536295 1.0041775 0.9785551 1.1287935 1.0015400 1.0015400 1.1053408 1.0605424 1.0437171 1.0278466 1.0203177 1.0306424 1.2497934 1.2187269 0.8524553 1.0852033 
S0046_G5770_R1_A 0.3985036 0.1393606 0.1112054 0.0403209 0.0369626 0.0438287 0.0369318 0.0335722 0.0369081 0.0370072 0.0406093 0.0730617 0.0371824 0.0405302 0.0437105 0.0350840 0.0440624 0.0438139 0.0337787 0.0369439 0.0370004 0.0404042 0.0000000 0.0606814 0.0656912 0.3764365 0.2045506 0.2062713 0.2468763 0.2421175 0.2067601 0.2594193 0.2523440 0.4764963 0.4589724 0.4685068 0.4622997 0.4750334 0.4614707 0.4614707 0.4765272 0.1420376 0.1433716 0.2451354 0.4980890 0.5089802 0.3714078 0.3776652 1.1749724 1.1434192 1.2408744 1.1993047 1.1014535 0.9930927 0.9118512 1.1441144 1.0057448 1.0057448 1.1967685 1.1366228 1.1184946 1.1014929 1.0930931 1.1045986 1.2509451 1.2193889 0.8968408 1.1285097 
S0048_G5770_R1_A 0.3663625 0.1227413 0.0936810 0.0526396 0.0448737 0.0524214 0.0486489 0.0607148 0.0526538 0.0606893 0.0649095 0.0854215 0.0567365 0.0606151 0.0603629 0.0638340 0.0447868 0.0566353 0.0532439 0.0527530 0.0527266 0.0605688 0.0606814 0.0000000 0.0108667 0.3746891 0.1681779 0.1693774 0.2161021 0.2111168 0.1860048 0.2202531 0.2153635 0.4833980 0.4638478 0.4744513 0.4675289 0.4817436 0.4665950 0.4665950 0.4834327 0.1271133 0.1275187 0.1709810 0.4114373 0.4099828 0.3193551 0.3144892 1.1973050 1.1649181 1.2975624 1.2562694 1.1473690 0.9945534 0.9667511 1.1204843 1.0390855 1.0390855 1.1472774 1.0868268 1.0676675 1.0676675 1.0296857 1.0413326 1.2499388 1.2158084 0.8680289 1.0515304 
S0050_G5770_R1_A 0.3883394 0.1643719 0.1360691 0.0691306 0.0584673 0.0652617 0.0656190 0.0693641 0.0619176 0.0729951 0.0769367 0.1000664 0.0733546 0.0767777 0.0726341 0.0726077 0.0655651 0.0728105 0.0625537 0.0656421 0.0657454 0.0692106 0.0656912 0.0108667 0.0000000 0.4059834 0.2086177 0.2109801 0.2557135 0.2509175 0.2105734 0.2715282 0.2636169 0.5202273 0.5019155 0.5116756 0.5051721 0.5185702 0.5042275 0.5042275 0.5202611 0.1637320 0.1821583 0.2570117 0.4581822 0.4688090 0.3701093 0.3655692 1.1428489 1.1610935 1.2693727 1.2429243 1.1450315 1.0216501 0.9994263 1.1630829 1.0508194 1.0508194 1.1687417 1.1102818 1.0924891 1.0757724 1.0589210 1.0699624 1.2852885 1.2530471 0.8966073 1.1042305 
S0003_G5770_R2_N 0.4388751 0.2849590 0.3177856 0.3636853 0.3652692 0.3532899 0.3643749 0.3598266 0.3451875 0.3523244 0.3593857 0.3764546 0.3515802 0.3772275 0.3515574 0.3557277 0.3648060 0.3652792 0.3567039 0.3515469 0.3541378 0.3569909 0.3764365 0.3746891 0.4059834 0.0000000 0.3085737 0.3207812 0.3164236 0.3111866 0.2824432 0.2737740 0.2972530 0.3830276 0.3671722 0.3818322 0.3761904 0.3819470 0.3644514 0.3644514 0.3888387 0.4493501 0.4805964 0.2409278 0.5368775 0.5283010 0.3918652 0.3872174 0.8884178 1.0569046 1.0636709 1.0501324 0.9350291 1.1300676 1.1178585 1.1616568 1.0920033 1.0920033 1.1963032 1.1936083 1.1533372 1.1602468 1.1641250 1.1902385 1.2179911 1.2002085 1.0113269 1.1275750 
S0015_G5770_R1_A 0.3099950 0.1020354 0.1142678 0.1866658 0.1830298 0.1867931 0.1826553 0.1868579 0.1910386 0.1918308 0.1969836 0.2299311 0.1915066 0.1921145 0.1905662 0.1873619 0.1772663 0.1914746 0.1755365 0.1732813 0.1787395 0.1958036 0.2045506 0.1681779 0.2086177 0.3085737 0.0000000 0.0304865 0.0728822 0.0764820 0.0753522 0.0763541 0.0758617 0.4440438 0.4268247 0.4363356 0.4302509 0.4426969 0.4294916 0.4294916 0.4440729 0.2971775 0.2840745 0.0133366 0.4668915 0.4775959 0.2515837 0.2474298 0.9953529 0.9209625 1.0201846 1.0329966 0.9428184 0.8986217 0.8810259 1.0036151 0.8942253 0.8942253 1.0013313 0.9916199 0.9758974 0.9609864 0.9347649 0.9438163 1.0874262 1.0962505 0.9273072 0.9474319 
S0034_G5770_R1_A 0.3176663 0.1249478 0.1336963 0.1878851 0.1841494 0.1835629 0.1837632 0.1880819 0.1923820 0.1932013 0.1985073 0.2324405 0.1928663 0.1891988 0.1874434 0.1840096 0.1782159 0.1878911 0.1807020 0.1741215 0.1797380 0.1972916 0.2062713 0.1693774 0.2109801 0.3207812 0.0304865 0.0000000 0.0820200 0.0857334 0.0886923 0.0835530 0.0874934 0.4535221 0.4356857 0.4454945 0.4391886 0.4520993 0.4383864 0.4383864 0.4535527 0.2894600 0.2882926 0.0000010 0.4647722 0.4698759 0.2554362 0.2511511 1.0693909 0.9896621 1.0925392 1.1140304 1.0227854 0.9017782 0.8914713 1.0302949 0.8919530 0.8919530 0.9915613 0.9820431 0.9660380 0.9508548 0.9241568 0.9333026 1.1034302 1.1125790 0.9743062 0.9778113 
S0009_G5770_R1_A 0.3339627 0.1278777 0.1483605 0.2320044 0.2282334 0.2274596 0.2230999 0.2231549 0.2367243 0.2286212 0.2342722 0.2698407 0.2189002 0.2272270 0.2314331 0.2190962 0.2216486 0.2203959 0.2250774 0.2174213 0.2235913 0.2401392 0.2468763 0.2161021 0.2557135 0.3164236 0.0728822 0.0820200 0.0000000 0.0064459 0.1033072 0.0000010 0.0078502 0.4637743 0.4522561 0.4621247 0.4557229 0.4623101 0.4548796 0.4548796 0.4638055 0.3290326 0.3621960 0.0709328 0.4664869 0.4895927 0.2638093 0.2578465 1.0380046 1.0079078 1.1141273 1.1096758 1.0154539 0.9185648 0.9177341 1.0467270 0.9455599 0.9455599 1.0547732 1.0357119 1.0192765 1.0037447 0.9847732 0.9945601 1.0580205 1.0667510 1.0017012 0.9862926 
S0010_G5770_R1_A 0.3286029 0.1238833 0.1442515 0.2273387 0.2235730 0.2228194 0.2184776 0.2185336 0.2320329 0.2239505 0.2295530 0.2648891 0.2142936 0.2272270 0.2267827 0.2143144 0.2170615 0.2203959 0.2204093 0.2128500 0.2189578 0.2354518 0.2421175 0.2111168 0.2509175 0.3111866 0.0764820 0.0857334 0.0064459 0.0000000 0.1070531 0.0041633 0.0039174 0.4637743 0.4522561 0.4621247 0.4557229 0.4623101 0.4548796 0.4548796 0.4638055 0.3237804 0.3566707 0.0709283 0.4601011 0.4830993 0.2589145 0.2484701 1.0271954 1.0268384 1.1141273 1.1096758 1.0251568 0.9016061 0.9006924 1.0274875 0.9275237 0.9275237 1.0348337 1.0167226 1.0005511 0.9852464 0.9665888 0.9761258 1.0389560 1.0476234 0.9829622 0.9763163 
S0027_G5770_R1_A 0.3080901 0.1135341 0.1378123 0.2015919 0.1979775 0.1975786 0.1975731 0.1932990 0.1972615 0.1982898 0.2034529 0.2453689 0.1892823 0.1985792 0.2054852 0.1895866 0.1922608 0.1933683 0.1905078 0.1966785 0.1936535 0.2108266 0.2067601 0.1860048 0.2105734 0.2824432 0.0753522 0.0886923 0.1033072 0.1070531 0.0000000 0.0966043 0.0993391 0.4233721 0.4067332 0.4160118 0.4101405 0.4221270 0.4094400 0.4094400 0.4233995 0.2784091 0.2970424 0.0627876 0.4545298 0.4651496 0.2531751 0.2583896 0.9795835 0.9176009 0.9845156 0.9875734 0.9078508 0.9346288 0.9144569 1.0532759 0.9209982 0.9209982 1.0358747 0.9921986 0.9871745 0.9723219 0.9669084 0.9763023 1.0912190 1.0765420 0.9647455 1.0225995 
S0009_G5770_R3_A 0.1757025 0.0914959 0.1324937 0.2337755 0.2281586 0.2339224 0.2221797 0.2329819 0.2330279 0.2286058 0.2359352 0.2550214 0.2160526 0.2336107 0.2390927 0.2172310 0.2330537 0.2246515 0.2179501 0.2268333 0.2288933 0.2504616 0.2594193 0.2202531 0.2715282 0.2737740 0.0763541 0.0835530 0.0000010 0.0041633 0.0966043 0.0000000 0.0041633 0.3903370 0.3741581 0.3964084 0.3810766 0.3903370 0.3816922 0.3816922 0.3918734 0.3188358 0.3362209 0.0709328 0.3566421 0.3826339 0.2359482 0.2286317 0.9620301 1.0164815 1.0649096 1.0378693 0.9116302 0.9887525 0.9600921 1.1039564 0.9769762 0.9769762 1.0089755 1.0001463 0.9791184 0.9593066 0.9039872 0.9280483 1.0694454 1.0811818 0.9728537 0.8925352 
S0010_G5770_R3_A 0.2332036 0.0998271 0.1336266 0.2341557 0.2295638 0.2286154 0.2176557 0.2233741 0.2341996 0.2300397 0.2369510 0.2608496 0.2181960 0.2340098 0.2334524 0.2072877 0.2278193 0.2255869 0.2136823 0.2220195 0.2239061 0.2440641 0.2523440 0.2153635 0.2636169 0.2972530 0.0758617 0.0874934 0.0078502 0.0039174 0.0993391 0.0041633 0.0000000 0.4336614 0.4174125 0.4378980 0.4226724 0.4320300 0.4233379 0.4233379 0.4336970 0.3148123 0.3310365 0.0709283 0.4094613 0.4348587 0.2557569 0.2430864 0.9494654 1.0002246 1.0512479 1.0160414 0.9085633 0.9231826 0.9096674 1.0497039 0.9087825 0.9087825 1.0122458 0.9774476 0.9581801 0.9399654 0.8889483 0.9111013 1.0584290 1.0693948 1.0176623 0.9171026 
S0038_G5770_R1_A 0.6093414 0.4112125 0.4141314 0.4525783 0.4675638 0.4717631 0.4598768 0.4612454 0.4560294 0.4585546 0.4670988 0.4574490 0.4518724 0.4636310 0.4509435 0.4569862 0.4772371 0.4733459 0.4518734 0.4573251 0.4548107 0.4793557 0.4764963 0.4833980 0.5202273 0.3830276 0.4440438 0.4535221 0.4637743 0.4637743 0.4233721 0.3903370 0.4336614 0.0000000 0.0162610 0.0229178 0.0162928 0.0032128 0.0195644 0.0195644 0.0130269 0.5205766 0.5346241 0.3581148 0.6674107 0.6867612 0.4913264 0.5060252 1.2776402 1.3178265 1.2984092 1.2602634 1.1797727 1.3232708 1.3839180 1.3678329 1.3173855 1.3173855 1.3471805 1.3158164 1.2698034 1.2772590 1.2859395 1.3164938 1.4126980 1.3895669 1.0144162 1.2766939 
S0041_G5770_R1_N 0.5761646 0.3947638 0.4094991 0.4353824 0.4500599 0.4542701 0.4551257 0.4438567 0.4388607 0.4412640 0.4496126 0.4402184 0.4347010 0.4524109 0.4462378 0.4388327 0.4594769 0.4620894 0.4345328 0.4400949 0.4375116 0.4745595 0.4589724 0.4638478 0.5019155 0.3671722 0.4268247 0.4356857 0.4522561 0.4522561 0.4067332 0.3741581 0.4174125 0.0162610 0.0000000 0.0262710 0.0196107 0.0196072 0.0228938 0.0228938 0.0229767 0.5215887 0.5218157 0.3228693 0.6455779 0.6647355 0.4981389 0.5058872 1.3381506 1.2895912 1.2698250 1.2336260 1.1527522 1.3417055 1.4034317 1.4325743 1.3365004 1.3365004 1.3592548 1.3047467 1.2590202 1.2664682 1.2752167 1.3054970 1.4325369 1.4088833 1.0079074 1.2838266 
S0047_G5770_R1_N 0.6267735 0.4039876 0.4188312 0.4448432 0.4596232 0.4638088 0.4646887 0.4533852 0.4482914 0.4507505 0.4591683 0.4558904 0.4441514 0.4620247 0.4557112 0.4488002 0.4691364 0.4716985 0.4503243 0.4495537 0.4470193 0.4842085 0.4685068 0.4744513 0.5116756 0.3818322 0.4363356 0.4454945 0.4621247 0.4621247 0.4160118 0.3964084 0.4378980 0.0229178 0.0262710 0.0000000 0.0162620 0.0195588 0.0228363 0.0228363 0.0229192 0.5153139 0.5154695 0.3331842 0.6502034 0.6691425 0.4998892 0.5075947 1.3413170 1.3106013 1.2805457 1.2435208 1.1625151 1.3436014 1.4049978 1.4223410 1.3385033 1.3385033 1.3302754 1.2786415 1.2343344 1.2416405 1.2503959 1.2795454 1.4339219 1.4103954 1.0006896 1.2588095 
S0043_G5770_R1_N 0.5984387 0.3981890 0.4129171 0.4387625 0.4534273 0.4576147 0.4584759 0.4472326 0.4422186 0.4446337 0.4529788 0.4435817 0.4380796 0.4557881 0.4495864 0.4423812 0.4628460 0.4654321 0.4379452 0.4434587 0.4409013 0.4778735 0.4622997 0.4675289 0.5051721 0.3761904 0.4302509 0.4391886 0.4557229 0.4557229 0.4101405 0.3810766 0.4226724 0.0162928 0.0196107 0.0162620 0.0000000 0.0129789 0.0162364 0.0162364 0.0162938 0.5189149 0.5191112 0.3331842 0.6418260 0.6608563 0.5033893 0.5111695 1.3268279 1.3289467 1.3339710 1.2706085 1.1900898 1.3159419 1.3759581 1.3918240 1.3098101 1.3098101 1.3471805 1.2938630 1.2487173 1.2561085 1.2648637 1.2946787 1.4045092 1.3816674 0.9983092 1.2860331 
S0042_G5770_R1_N 0.6193895 0.4100146 0.4129171 0.4512095 0.4661279 0.4703162 0.4584759 0.4598367 0.4546531 0.4571614 0.4656656 0.4560638 0.4505075 0.4622052 0.4495864 0.4555279 0.4757522 0.4718867 0.4504950 0.4559402 0.4534273 0.4778735 0.4750334 0.4817436 0.5185702 0.3819470 0.4426969 0.4520993 0.4623101 0.4623101 0.4221270 0.3903370 0.4320300 0.0032128 0.0196072 0.0195588 0.0129789 0.0000000 0.0162335 0.0162335 0.0097279 0.5189149 0.5328815 0.3581148 0.6649342 0.6841983 0.4897267 0.5043574 1.2564718 1.3395240 1.3204337 1.2808441 1.2009136 1.3159419 1.3759581 1.3597627 1.3098101 1.3098101 1.3393513 1.3085521 1.2629400 1.2703560 1.2790397 1.3092740 1.4045092 1.3816674 1.0097198 1.2699487 
S0044_G5770_R1_N 0.5888038 0.3975162 0.4122071 0.4379894 0.4526149 0.4451034 0.4576527 0.4464362 0.4414408 0.4438462 0.4521680 0.4427988 0.4373088 0.4549663 0.4372195 0.4415591 0.4620050 0.4645899 0.4371672 0.4426760 0.4401200 0.4770005 0.4614707 0.4665950 0.5042275 0.3644514 0.4294916 0.4383864 0.4548796 0.4548796 0.4094400 0.3816922 0.4233379 0.0195644 0.0228938 0.0228363 0.0162364 0.0162335 0.0000000 0.0000010 0.0195656 0.5179314 0.5181165 0.3443864 0.6394430 0.6583880 0.4821509 0.4897267 1.3045856 1.3346077 1.3154885 1.2763146 1.1964512 1.3111393 1.3462117 1.3605671 1.2805146 1.2805146 1.3171082 1.2660078 1.2217241 1.2290698 1.2379594 1.2669978 1.3990890 1.3764515 1.0058001 1.2464010 
S0045_G5770_R1_A 0.5888038 0.3975162 0.4122071 0.4379894 0.4526149 0.4451034 0.4576527 0.4464362 0.4414408 0.4438462 0.4521680 0.4427988 0.4373088 0.4549663 0.4372195 0.4415591 0.4620050 0.4645899 0.4371672 0.4426760 0.4401200 0.4770005 0.4614707 0.4665950 0.5042275 0.3644514 0.4294916 0.4383864 0.4548796 0.4548796 0.4094400 0.3816922 0.4233379 0.0195644 0.0228938 0.0228363 0.0162364 0.0162335 0.0000010 0.0000000 0.0195656 0.5179314 0.5181165 0.3443864 0.6394430 0.6583880 0.4821509 0.4897267 1.3045856 1.3346077 1.3154885 1.2763146 1.1964512 1.3111393 1.3462117 1.3605671 1.2805146 1.2805146 1.3171082 1.2660078 1.2217241 1.2290698 1.2379594 1.2669978 1.3990890 1.3764515 1.0058001 1.2464010 
S0040_G5770_R1_N 0.6216472 0.4112392 0.4141583 0.4526077 0.4675943 0.4717938 0.4599068 0.4612755 0.4560589 0.4585844 0.4671292 0.4511462 0.4519017 0.4636614 0.4572968 0.4570175 0.4772684 0.4733768 0.4519030 0.4573548 0.4548404 0.4793869 0.4765272 0.4834327 0.5202611 0.3888387 0.4440729 0.4535527 0.4638055 0.4638055 0.4233995 0.3918734 0.4336970 0.0130269 0.0229767 0.0229192 0.0162938 0.0097279 0.0195656 0.0195656 0.0000000 0.5206104 0.5346592 0.3602594 0.6566848 0.6758516 0.4897433 0.5043745 1.3061322 1.3153474 1.3091969 1.2579300 1.1774107 1.3384066 1.3998719 1.3955963 1.3330847 1.3330847 1.3712461 1.3308763 1.2843802 1.2773488 1.2860289 1.3165862 1.4451407 1.4212034 1.0144856 1.2767817 
S0005_G5770_R1_A 0.4279678 0.2305190 0.1941025 0.1416376 0.1380033 0.1377434 0.1220634 0.1421075 0.1212830 0.1326581 0.1370983 0.1550217 0.1379710 0.1424339 0.1373486 0.1444468 0.1466132 0.1221271 0.1231717 0.1379319 0.1381602 0.1339460 0.1420376 0.1271133 0.1637320 0.4493501 0.2971775 0.2894600 0.3290326 0.3237804 0.2784091 0.3188358 0.3148123 0.5205766 0.5215887 0.5153139 0.5189149 0.5189149 0.5179314 0.5179314 0.5206104 0.0000000 0.0905259 0.3779657 0.5473331 0.5454402 0.4348075 0.4362852 1.3747092 1.2688158 1.3533386 1.3652789 1.2619334 1.1067911 1.0374483 1.2309608 1.1222358 1.1222358 1.2649807 1.1773545 1.1583483 1.1497230 1.1296056 1.1872099 1.3927740 1.3563373 0.9958640 1.2619937 
S0035_G5770_R1_A 0.4298270 0.2236791 0.1960236 0.1428286 0.1433523 0.1551826 0.1390343 0.1514697 0.1381299 0.1337593 0.1382435 0.1645310 0.1467763 0.1518107 0.1547301 0.1499743 0.1521178 0.1391132 0.1322193 0.1472038 0.1474508 0.1432730 0.1433716 0.1275187 0.1821583 0.4805964 0.2840745 0.2882926 0.3621960 0.3566707 0.2970424 0.3362209 0.3310365 0.5346241 0.5218157 0.5154695 0.5191112 0.5328815 0.5181165 0.5181165 0.5346592 0.0905259 0.0000000 0.3403622 0.5526825 0.5519462 0.4138911 0.4206182 1.4264565 1.2797599 1.3844041 1.3437517 1.2336765 1.0819874 1.0551140 1.2091069 1.0375663 1.0375663 1.2261209 1.1943764 1.1749035 1.1567222 1.1148444 1.1474869 1.3880781 1.3516626 1.0070246 1.2052456 
S0034_G5770_R3_A 0.1094808 0.0549591 0.1168047 0.2095169 0.2008864 0.2178118 0.2101827 0.2265845 0.2084933 0.2102605 0.2214598 0.2382316 0.2188909 0.2407800 0.2366171 0.1904097 0.2101690 0.2204764 0.2030525 0.2082323 0.2002407 0.2486976 0.2451354 0.1709810 0.2570117 0.2409278 0.0133366 0.0000010 0.0709328 0.0709283 0.0627876 0.0709328 0.0709283 0.3581148 0.3228693 0.3331842 0.3331842 0.3581148 0.3443864 0.3443864 0.3602594 0.3779657 0.3403622 0.0000000 0.4148779 0.4359490 0.1756192 0.1674819 0.6784033 0.7221176 0.7454825 0.7979363 0.5989038 0.8306156 0.8198006 1.0099742 0.8485543 0.8485543 0.9119982 0.9571869 0.9571869 0.9043519 0.8310747 0.8671739 1.2011389 1.2011389 0.8676204 0.9615779 
S0032_G5770_R1_N 0.5432849 0.3896645 0.4291048 0.4760342 0.4455771 0.4828889 0.4835643 0.4704249 0.4635948 0.4679184 0.4703022 0.4862262 0.4707152 0.4719047 0.4745001 0.4846646 0.4894046 0.4709880 0.4657712 0.4547923 0.4809938 0.4882592 0.4980890 0.4114373 0.4581822 0.5368775 0.4668915 0.4647722 0.4664869 0.4601011 0.4545298 0.3566421 0.4094613 0.6674107 0.6455779 0.6502034 0.6418260 0.6649342 0.6394430 0.6394430 0.6566848 0.5473331 0.5526825 0.4148779 0.0000000 0.0202030 0.5721831 0.5671652 1.3540431 1.2073352 1.3172447 1.2945806 1.2040778 1.1780933 1.1584865 1.2162732 1.1467552 1.1467552 1.0444339 1.0042202 0.9793159 0.9746206 0.9439528 0.9729576 1.1786212 1.1477088 0.9913316 1.0777864 
S0032_G5770_R4_N 0.5761319 0.4169555 0.4572151 0.4867550 0.4560033 0.4936563 0.4943475 0.4811121 0.4742415 0.4785497 0.4809933 0.4905182 0.4814144 0.4826416 0.4851812 0.4982641 0.5002102 0.4817034 0.4787600 0.4653386 0.4917134 0.4866174 0.5089802 0.4099828 0.4688090 0.5283010 0.4775959 0.4698759 0.4895927 0.4830993 0.4651496 0.3826339 0.4348587 0.6867612 0.6647355 0.6691425 0.6608563 0.6841983 0.6583880 0.6583880 0.6758516 0.5454402 0.5519462 0.4359490 0.0202030 0.0000000 0.5563459 0.5513606 1.3341839 1.2034260 1.3370681 1.2902740 1.1996651 1.2563859 1.2377262 1.2999616 1.2287979 1.2287979 1.1210450 1.0844379 1.0579265 1.0527028 1.0203605 1.0514967 1.2609525 1.2274362 1.0216136 1.0833482 
S0039_G5770_R1_A 0.4451206 0.2772791 0.2995009 0.3637047 0.3540843 0.3582851 0.3532162 0.3598073 0.3749236 0.3660562 0.3733950 0.4052593 0.3489724 0.3542212 0.3459941 0.3442087 0.3587993 0.3541726 0.3566412 0.3624992 0.3540611 0.3635782 0.3714078 0.3193551 0.3701093 0.3918652 0.2515837 0.2554362 0.2638093 0.2589145 0.2531751 0.2359482 0.2557569 0.4913264 0.4981389 0.4998892 0.5033893 0.4897267 0.4821509 0.4821509 0.4897433 0.4348075 0.4138911 0.1756192 0.5721831 0.5563459 0.0000000 0.0098840 1.0520293 1.0369994 1.1603995 1.1512601 1.0346686 0.9918227 0.9442803 0.9810164 0.9167970 0.9167970 1.1119510 1.0913966 1.0737902 1.0686494 1.0829480 1.1149387 1.1585271 1.2047897 1.0690372 0.9619659 
S0051_G5770_R1_A 0.4403196 0.2730433 0.3003620 0.3591852 0.3495709 0.3537779 0.3543072 0.3552824 0.3703817 0.3615055 0.3688116 0.4005790 0.3444652 0.3576898 0.3470499 0.3452133 0.3542842 0.3471001 0.3520976 0.3579938 0.3495493 0.3647112 0.3776652 0.3144892 0.3655692 0.3872174 0.2474298 0.2511511 0.2578465 0.2484701 0.2583896 0.2286317 0.2430864 0.5060252 0.5058872 0.5075947 0.5111695 0.5043574 0.4897267 0.4897267 0.5043745 0.4362852 0.4206182 0.1674819 0.5671652 0.5513606 0.0098840 0.0000000 1.0582084 1.0383267 1.1512707 1.1426312 1.0444980 0.9851319 0.9380204 0.9741890 0.9105599 0.9105599 1.0828140 1.0637710 1.0466616 1.0417121 1.0554558 1.0866038 1.1500096 1.1957285 1.0412160 0.9747526 
S0003_G5770_R3_N 1.0206189 0.9977831 0.9769233 1.0964347 1.1546574 1.1346906 1.1007802 1.1202185 1.1333084 1.1591951 1.1797523 1.2733447 1.1543306 1.1694236 1.1507491 1.1135504 1.1346527 1.1398109 1.1287076 1.0821886 1.1537891 1.1133798 1.1749724 1.1973050 1.1428489 0.8884178 0.9953529 1.0693909 1.0380046 1.0271954 0.9795835 0.9620301 0.9494654 1.2776402 1.3381506 1.3413170 1.3268279 1.2564718 1.3045856 1.3045856 1.3061322 1.3747092 1.4264565 0.6784033 1.3540431 1.3341839 1.0520293 1.0582084 0.0000000 1.0769510 1.0793623 1.1180908 1.0249922 1.4255159 1.4614614 1.5299510 1.3577359 1.3577359 1.4438476 1.5222281 1.5300698 1.4710502 1.4989145 1.4959593 1.3325201 1.3547641 1.5213582 1.6493113 
S0001_G5770_R3_A 1.0620529 1.0053087 0.9715384 1.1360191 1.1200199 1.1411943 1.1274486 1.1423503 1.1464691 1.1450551 1.1647120 1.2078387 1.1436444 1.1046923 1.1524446 1.1371565 1.1181061 1.1093171 1.1189011 1.0970208 1.1067595 1.1092302 1.1434192 1.1649181 1.1610935 1.0569046 0.9209625 0.9896621 1.0079078 1.0268384 0.9176009 1.0164815 1.0002246 1.3178265 1.2895912 1.3106013 1.3289467 1.3395240 1.3346077 1.3346077 1.3153474 1.2688158 1.2797599 0.7221176 1.2073352 1.2034260 1.0369994 1.0383267 1.0769510 0.0000000 0.1736576 0.1413048 0.1104525 1.4427586 1.4502148 1.5660979 1.3686928 1.3686928 1.3998031 1.4554850 1.4615673 1.4068039 1.4512707 1.4384387 1.4549976 1.4448122 1.7189028 1.3899390 
S0025_G5770_R3_U 1.0769422 1.0216637 1.0405344 1.2322207 1.2148535 1.2603416 1.2228430 1.2394563 1.1929819 1.2036704 1.2251417 1.2589709 1.2117147 1.2095146 1.2499448 1.2285696 1.2125925 1.2143212 1.2140597 1.1878676 1.1992544 1.2496651 1.2408744 1.2975624 1.2693727 1.0636709 1.0201846 1.0925392 1.1141273 1.1141273 0.9845156 1.0649096 1.0512479 1.2984092 1.2698250 1.2805457 1.3339710 1.3204337 1.3154885 1.3154885 1.3091969 1.3533386 1.3844041 0.7454825 1.3172447 1.3370681 1.1603995 1.1512707 1.0793623 0.1736576 0.0000000 0.1156615 0.1130651 1.3437463 1.3941341 1.5369168 1.3268186 1.3268186 1.3792006 1.4864448 1.4659477 1.4081522 1.4551368 1.4415386 1.5624467 1.5496446 1.7330006 1.4363710 
S0032_G5770_R5_N 1.1019977 0.9993480 1.0185379 1.1913030 1.1747360 1.1968798 1.1823878 1.1772679 1.1545556 1.1736025 1.1938388 1.2469893 1.1721258 1.1790559 1.2082539 1.1954940 1.1999151 1.1744875 1.1738108 1.1498035 1.1603403 1.1630227 1.1993047 1.2562694 1.2429243 1.0501324 1.0329966 1.1140304 1.1096758 1.1096758 0.9875734 1.0378693 1.0160414 1.2602634 1.2336260 1.2435208 1.2706085 1.2808441 1.2763146 1.2763146 1.2579300 1.3652789 1.3437517 0.7979363 1.2945806 1.2902740 1.1512601 1.1426312 1.1180908 0.1413048 0.1156615 0.0000000 0.0071186 1.3699977 1.3908780 1.5129786 1.3877879 1.3877879 1.3440546 1.4522574 1.4329252 1.3782963 1.4108177 1.3985395 1.4923414 1.4813825 1.7281445 1.4328943 
S0032_G5770_R6_N 1.0020637 0.9003003 0.9184655 1.0936945 1.0763478 1.0991332 1.0844345 1.0886137 1.0570231 1.0759833 1.0962131 1.1273303 1.0745927 1.0800923 1.1115505 1.0925007 1.1012755 1.0852195 1.0749355 1.0700506 1.0625452 1.0536295 1.1014535 1.1473690 1.1450315 0.9350291 0.9428184 1.0227854 1.0154539 1.0251568 0.9078508 0.9116302 0.9085633 1.1797727 1.1527522 1.1625151 1.1900898 1.2009136 1.1964512 1.1964512 1.1774107 1.2619334 1.2336765 0.5989038 1.2040778 1.1996651 1.0346686 1.0444980 1.0249922 0.1104525 0.1130651 0.0071186 0.0000000 1.2663359 1.3018286 1.4087959 1.2807307 1.2807307 1.2573867 1.3424325 1.3229417 1.2677924 1.3101328 1.2988448 1.3456449 1.3364319 1.5364089 1.3165367 
S0008_G5770_R1_A 1.1622354 0.8991676 0.9129266 1.0491661 0.9908818 1.0376245 1.0302241 0.9907195 1.0325295 1.0659933 1.0734989 1.0747304 1.0336991 1.0055288 1.0437096 0.9020708 0.9994884 1.0013193 0.9678537 0.9904458 1.0010795 1.0041775 0.9930927 0.9945534 1.0216501 1.1300676 0.8986217 0.9017782 0.9185648 0.9016061 0.9346288 0.9887525 0.9231826 1.3232708 1.3417055 1.3436014 1.3159419 1.3159419 1.3111393 1.3111393 1.3384066 1.1067911 1.0819874 0.8306156 1.1780933 1.2563859 0.9918227 0.9851319 1.4255159 1.4427586 1.3437463 1.3699977 1.2663359 0.0000000 0.1094608 0.1297701 0.1595801 0.1595801 0.4852855 0.5079245 0.5004658 0.4845910 0.5223805 0.5080141 0.3936987 0.3959627 1.1358049 1.1689915 
S0014_G5770_R1_A 1.0887453 0.8725598 0.8762793 0.9832094 0.9555657 0.9540771 0.9647908 0.9472777 0.9742778 0.9882543 0.9950897 0.9962075 0.9572674 0.9415390 0.9601371 0.8710419 0.9562166 0.9579421 0.9145424 0.9651687 0.9471628 0.9785551 0.9118512 0.9667511 0.9994263 1.1178585 0.8810259 0.8914713 0.9177341 0.9006924 0.9144569 0.9600921 0.9096674 1.3839180 1.4034317 1.4049978 1.3759581 1.3759581 1.3462117 1.3462117 1.3998719 1.0374483 1.0551140 0.8198006 1.1584865 1.2377262 0.9442803 0.9380204 1.4614614 1.4502148 1.3941341 1.3908780 1.3018286 0.1094608 0.0000000 0.1429975 0.1779252 0.1779252 0.5285109 0.5590705 0.5643181 0.5469349 0.5808270 0.5725326 0.4503694 0.4462653 1.1658303 1.1283847 
S0034_G5770_R2_A 1.2772348 1.0043229 1.0101883 1.1586498 1.0926364 1.1245252 1.1372125 1.0923362 1.1577271 1.1653344 1.1743748 1.1662090 1.1287731 1.0738371 1.1189226 1.0303580 1.1014377 1.1037171 1.0540823 1.1116214 1.1033771 1.1287935 1.1441144 1.1204843 1.1630829 1.1616568 1.0036151 1.0302949 1.0467270 1.0274875 1.0532759 1.1039564 1.0497039 1.3678329 1.4325743 1.4223410 1.3918240 1.3597627 1.3605671 1.3605671 1.3955963 1.2309608 1.2091069 1.0099742 1.2162732 1.2999616 0.9810164 0.9741890 1.5299510 1.5660979 1.5369168 1.5129786 1.4087959 0.1297701 0.1429975 0.0000000 0.2028995 0.2028995 0.4998364 0.4874308 0.4859267 0.4765539 0.5330519 0.5180049 0.3911530 0.3934969 1.1728828 1.1391697 
S0009_G5770_R2_A 1.1802144 0.9153046 0.9133940 1.0489327 0.9986354 1.0286343 1.0289585 0.9984870 1.0313861 1.0667276 1.0746590 1.1002259 1.0326546 1.0029687 1.0148869 0.9090947 0.9966022 0.9939424 0.9522218 1.0061411 0.9982733 1.0015400 1.0057448 1.0390855 1.0508194 1.0920033 0.8942253 0.8919530 0.9455599 0.9275237 0.9209982 0.9769762 0.9087825 1.3173855 1.3365004 1.3385033 1.3098101 1.3098101 1.2805146 1.2805146 1.3330847 1.1222358 1.0375663 0.8485543 1.1467552 1.2287979 0.9167970 0.9105599 1.3577359 1.3686928 1.3268186 1.3877879 1.2807307 0.1595801 0.1779252 0.2028995 0.0000000 0.0000010 0.4361929 0.4976312 0.4762850 0.4678396 0.4736344 0.4720389 0.3766109 0.3790495 1.1924306 1.0509916 
