56
S0003_G5812_R1_N 0.0000000 0.8478796 0.8533089 0.8373718 0.8299913 0.8513038 0.8423591 0.8451438 0.8421120 0.8560276 0.8193499 0.8521631 0.8415941 0.8275510 0.8549721 0.8550108 0.8636750 0.8662679 0.8621890 0.8659414 0.8802899 0.8614588 0.8340152 0.8472008 0.8609902 0.8832468 0.8760290 0.8752658 0.8898039 0.9009693 0.8893993 0.8499179 0.8968526 0.8670202 0.8469291 0.8539798 0.8369720 0.9071015 0.9101515 0.9174223 0.9185993 0.9652141 0.9508011 0.9724830 0.9824691 0.9773722 0.8128126 0.7631168 0.7719264 0.7606590 0.7541439 0.7513403 0.7538195 0.7458844 0.7591903 0.7765480 
S0031_G5812_R1_A 0.8478796 0.0000000 0.0317644 0.0453040 0.0494145 0.0527051 0.0577779 0.0503003 0.0419915 0.0536263 0.0533374 0.0450100 0.0648243 0.0639923 0.0548991 0.0507549 0.0543234 0.0963714 0.0613499 0.0662851 0.0708385 0.0592703 0.0567196 0.0465702 0.1699726 0.3165006 0.3170960 0.2756774 0.3188498 0.2729981 0.2951182 0.2219936 0.3160934 0.3678581 0.3564395 0.3861320 0.3758983 0.4381031 0.4306478 0.4302715 0.6573670 0.7054195 0.6850886 0.6831155 0.6780413 0.6863328 0.8178053 0.6402054 0.6226192 0.6230108 0.6182042 0.6137051 0.6126920 0.6163313 0.6219468 0.6377895 
S0018_G5812_R1_A 0.8533089 0.0317644 0.0000000 0.0568716 0.0592379 0.0624760 0.0663467 0.0606134 0.0527989 0.0640753 0.0644399 0.0560773 0.0762239 0.0714066 0.0614113 0.0618319 0.0629207 0.1086063 0.0726683 0.0779084 0.0824405 0.0691865 0.0643262 0.0590373 0.1734732 0.3066526 0.3072578 0.2762237 0.3197865 0.2728521 0.2939089 0.2183133 0.3215553 0.3755544 0.3626094 0.3803421 0.3796942 0.4458653 0.4357309 0.4353685 0.6675537 0.7132095 0.6927528 0.6907661 0.6863014 0.6960100 0.8289968 0.6494360 0.6327897 0.6331929 0.6245940 0.6236699 0.6209037 0.6263771 0.6320948 0.6482834 
S0037_G5812_R1_A 0.8373718 0.0453040 0.0568716 0.0000000 0.0583494 0.0636223 0.0688816 0.0625751 0.0532957 0.0647446 0.0615932 0.0558837 0.0774996 0.0777566 0.0653009 0.0602422 0.0640470 0.1111324 0.0710933 0.0790320 0.0850447 0.0697526 0.0651296 0.0602043 0.1826921 0.3306869 0.3302090 0.2883590 0.3313350 0.2872076 0.3084120 0.2377173 0.3382124 0.3803065 0.3648712 0.3937476 0.3867289 0.4550904 0.4569009 0.4566089 0.6854549 0.7302655 0.7091735 0.7094909 0.7036828 0.7186455 0.8376613 0.6394571 0.6227211 0.6193954 0.6204154 0.6174274 0.6182914 0.6200627 0.6256711 0.6378206 
S0004_G5812_R1_A 0.8299913 0.0494145 0.0592379 0.0583494 0.0000000 0.0562587 0.0614626 0.0503164 0.0479931 0.0607453 0.0568110 0.0510732 0.0750037 0.0723188 0.0550694 0.0535944 0.0566206 0.1015730 0.0651229 0.0730502 0.0762159 0.0616926 0.0617619 0.0534888 0.1729165 0.3188337 0.3194272 0.2759746 0.3246552 0.2738272 0.2846565 0.2266061 0.3227686 0.3631336 0.3576943 0.3846340 0.3796353 0.4429418 0.4514365 0.4511204 0.6762477 0.7036197 0.6839916 0.6982649 0.6769943 0.6774259 0.8388059 0.6238303 0.6070069 0.6090171 0.6061180 0.6002394 0.5991459 0.6008448 0.6063615 0.6218421 
S0019_G5812_R1_A 0.8513038 0.0527051 0.0624760 0.0636223 0.0562587 0.0000000 0.0590878 0.0489296 0.0406241 0.0494654 0.0559314 0.0469170 0.0675240 0.0688789 0.0568475 0.0291371 0.0563244 0.1019415 0.0613333 0.0717368 0.0783639 0.0612303 0.0573425 0.0498478 0.1589679 0.3157332 0.3191104 0.2781424 0.3179754 0.2743525 0.2853072 0.2242669 0.3130370 0.3705170 0.3511860 0.3792256 0.3704248 0.4330194 0.4520773 0.4517698 0.6706654 0.7125809 0.6960581 0.6959096 0.6790091 0.6838214 0.8364068 0.6019414 0.5818657 0.5822211 0.5827921 0.5754105 0.5712024 0.5759170 0.5812640 0.5961366 
S0026_G5812_R1_A 0.8423591 0.0577779 0.0663467 0.0688816 0.0614626 0.0590878 0.0000000 0.0552408 0.0481896 0.0552943 0.0609850 0.0534136 0.0736503 0.0715977 0.0490643 0.0584476 0.0484383 0.0997414 0.0699366 0.0756762 0.0838581 0.0521324 0.0501871 0.0569143 0.1568145 0.2967347 0.3000428 0.2576685 0.3090726 0.2579486 0.2738265 0.2046603 0.3056192 0.3539602 0.3403839 0.3665596 0.3552381 0.4238555 0.4344392 0.4340727 0.6575712 0.6958583 0.6817127 0.6793859 0.6622388 0.6797944 0.8178559 0.6282730 0.6080849 0.6066446 0.6064395 0.6005284 0.5994293 0.5945932 0.6066845 0.6242519 
S0016_G5812_R1_A 0.8451438 0.0503003 0.0606134 0.0625751 0.0503164 0.0489296 0.0552408 0.0000000 0.0401799 0.0537952 0.0534349 0.0457992 0.0684597 0.0653913 0.0564845 0.0489606 0.0537998 0.0942638 0.0595493 0.0671439 0.0765810 0.0574696 0.0541006 0.0487444 0.1587968 0.3069194 0.3102401 0.2690983 0.3053167 0.2661754 0.2793585 0.2154049 0.3061934 0.3632370 0.3479987 0.3732696 0.3631586 0.4261544 0.4316868 0.4354515 0.6638631 0.7022969 0.6841690 0.6822069 0.6764377 0.6802099 0.8200980 0.6132146 0.5938721 0.5942367 0.5930189 0.5872943 0.5862095 0.5878455 0.5932521 0.6101617 
S0036_G5812_R1_A 0.8421120 0.0419915 0.0527989 0.0532957 0.0479931 0.0406241 0.0481896 0.0401799 0.0000000 0.0379676 0.0464612 0.0348211 0.0577073 0.0559708 0.0465948 0.0393629 0.0433640 0.0908194 0.0556624 0.0624861 0.0683455 0.0489265 0.0464123 0.0391128 0.1582328 0.3010595 0.3043645 0.2610723 0.3057587 0.2535140 0.2776862 0.2049807 0.3042180 0.3572754 0.3421181 0.3696149 0.3596490 0.4253667 0.4267577 0.4263723 0.6608537 0.6974729 0.6794095 0.6774554 0.6792804 0.6849464 0.8221436 0.6155467 0.5963847 0.5967518 0.5955250 0.5897726 0.5886864 0.5903339 0.5957601 0.6109298 
S0002_G5812_R1_A 0.8560276 0.0536263 0.0640753 0.0647446 0.0607453 0.0494654 0.0552943 0.0537952 0.0379676 0.0000000 0.0548060 0.0469945 0.0686518 0.0700050 0.0516628 0.0488036 0.0504021 0.1009027 0.0657870 0.0715047 0.0803454 0.0580491 0.0572544 0.0492852 0.1623293 0.3063993 0.3097938 0.2692401 0.3085481 0.2580539 0.2796298 0.2112690 0.3077058 0.3589935 0.3495214 0.3765565 0.3621521 0.4188638 0.4276015 0.4272182 0.6639601 0.7131567 0.6909205 0.6890671 0.6721892 0.6956576 0.8483791 0.6296158 0.6078028 0.6081883 0.6052393 0.5973589 0.6048016 0.6048982 0.6088850 0.6239480 
S0046_G5812_R1_A 0.8193499 0.0533374 0.0644399 0.0615932 0.0568110 0.0559314 0.0609850 0.0534349 0.0464612 0.0548060 0.0000000 0.0515410 0.0700754 0.0723527 0.0574373 0.0519985 0.0568931 0.1025100 0.0686497 0.0710132 0.0790190 0.0624659 0.0578954 0.0544952 0.1703963 0.3134333 0.3145917 0.2732945 0.3111075 0.2732658 0.2867832 0.2253548 0.3199996 0.3666130 0.3498851 0.3761200 0.3627455 0.4323697 0.4425018 0.4421623 0.6643078 0.7018228 0.6876498 0.6898503 0.6847789 0.6851291 0.8259095 0.6277971 0.6103827 0.6107626 0.6004186 0.5946005 0.5970311 0.5989480 0.6006579 0.6215101 
S0011_G5812_R1_A 0.8521631 0.0450100 0.0560773 0.0558837 0.0510732 0.0469170 0.0534136 0.0457992 0.0348211 0.0469945 0.0515410 0.0000000 0.0608342 0.0635179 0.0518378 0.0455042 0.0498890 0.0938353 0.0610772 0.0661220 0.0734076 0.0513954 0.0502479 0.0433299 0.1651504 0.3027704 0.3061599 0.2721616 0.3155174 0.2686560 0.2859759 0.2186821 0.3052491 0.3577636 0.3456173 0.3711712 0.3608093 0.4249769 0.4356155 0.4352449 0.6701672 0.7081734 0.6897817 0.6858752 0.6893322 0.6995804 0.8512487 0.6216582 0.6010774 0.6020253 0.5947750 0.5924714 0.5913622 0.5948663 0.6004320 0.6134131 
S0017_G5812_R1_A 0.8415941 0.0648243 0.0762239 0.0774996 0.0750037 0.0675240 0.0736503 0.0684597 0.0577073 0.0686518 0.0700754 0.0608342 0.0000000 0.0784675 0.0700522 0.0668828 0.0709089 0.1181046 0.0806276 0.0860293 0.0942303 0.0729671 0.0697580 0.0654090 0.1722400 0.3223487 0.3257908 0.2872839 0.3323026 0.2828133 0.3013245 0.2300893 0.3167865 0.3659025 0.3624695 0.3897788 0.3837749 0.4471024 0.4712090 0.4709641 0.6829966 0.7213283 0.7067727 0.7047333 0.7023292 0.7013660 0.8222961 0.6372689 0.6236535 0.6220430 0.6227135 0.6146245 0.6174838 0.6136356 0.6229717 0.6363333 
S0022_G5812_R1_A 0.8275510 0.0639923 0.0714066 0.0777566 0.0723188 0.0688789 0.0715977 0.0653913 0.0559708 0.0700050 0.0723527 0.0635179 0.0784675 0.0000000 0.0693146 0.0697028 0.0669564 0.1158281 0.0782159 0.0888502 0.0935938 0.0687231 0.0676520 0.0654247 0.1770969 0.3143647 0.3178657 0.2726841 0.3227975 0.2769992 0.2984716 0.2270880 0.3177261 0.3647673 0.3586282 0.3807311 0.3769235 0.4364805 0.4456845 0.4419534 0.6947998 0.7400289 0.7269217 0.7249272 0.7019753 0.7059955 0.8239763 0.6432533 0.6237794 0.6241813 0.6254182 0.6166469 0.6114014 0.6156516 0.6230892 0.6366161 
S0021_G5812_R2_A 0.8549721 0.0548991 0.0614113 0.0653009 0.0550694 0.0568475 0.0490643 0.0564845 0.0465948 0.0516628 0.0574373 0.0518378 0.0700522 0.0693146 0.0000000 0.0555256 0.0182255 0.0999966 0.0684832 0.0764765 0.0782720 0.0511669 0.0492346 0.0540565 0.1632168 0.3043921 0.3077616 0.2672536 0.3169750 0.2642895 0.2865329 0.2178349 0.3100142 0.3635714 0.3489124 0.3722794 0.3616738 0.4220802 0.4350957 0.4347254 0.6675470 0.6957381 0.6836713 0.6736863 0.6869498 0.6883022 0.8128374 0.6282666 0.6062146 0.6065941 0.6015049 0.5954464 0.5964637 0.5934800 0.6036965 0.6211241 
S0020_G5812_R1_A 0.8550108 0.0507549 0.0618319 0.0602422 0.0535944 0.0291371 0.0584476 0.0489606 0.0393629 0.0488036 0.0519985 0.0455042 0.0668828 0.0697028 0.0555256 0.0000000 0.0536096 0.0984048 0.0633577 0.0697138 0.0728350 0.0605879 0.0573635 0.0471754 0.1659314 0.3145180 0.3178888 0.2736818 0.3157806 0.2754121 0.2885490 0.2240777 0.3087375 0.3714237 0.3480039 0.3758419 0.3671126 0.4292748 0.4488904 0.4485744 0.6583496 0.7032238 0.6904146 0.6905046 0.6865985 0.6911519 0.8561175 0.6141880 0.5944833 0.5948478 0.5936304 0.5879109 0.5836498 0.5884634 0.5938636 0.6107552 
S0021_G5812_R1_A 0.8636750 0.0543234 0.0629207 0.0640470 0.0566206 0.0563244 0.0484383 0.0537998 0.0433640 0.0504021 0.0568931 0.0498890 0.0709089 0.0669564 0.0182255 0.0536096 0.0000000 0.0966198 0.0685962 0.0745278 0.0763521 0.0471872 0.0465753 0.0527404 0.1616069 0.2984536 0.3017849 0.2658452 0.3121235 0.2574662 0.2812645 0.2118493 0.3063148 0.3629347 0.3421162 0.3650387 0.3563512 0.4158039 0.4292192 0.4288295 0.6765749 0.7101011 0.6959471 0.6793592 0.6770303 0.6760110 0.8189562 0.6382704 0.6172378 0.6176273 0.6124504 0.6063055 0.6049375 0.6059453 0.6146758 0.6323966 
S0012_G5812_R1_A 0.8662679 0.0963714 0.1086063 0.1111324 0.1015730 0.1019415 0.0997414 0.0942638 0.0908194 0.1009027 0.1025100 0.0938353 0.1181046 0.1158281 0.0999966 0.0984048 0.0966198 0.0000000 0.1112103 0.1173810 0.1241495 0.1030730 0.0966885 0.0970793 0.2066590 0.3374910 0.3409906 0.2997784 0.3540385 0.2975099 0.3239315 0.2529626 0.3502963 0.4140558 0.3855721 0.4007370 0.4029712 0.4700206 0.4495214 0.4492046 0.6867785 0.7399763 0.7150643 0.7128593 0.7251676 0.7286220 0.8448257 0.6673592 0.6614897 0.6580203 0.6565790 0.6521460 0.6489957 0.6529688 0.6550628 0.6718377 
S0013_G5812_R1_A 0.8621890 0.0613499 0.0726683 0.0710933 0.0651229 0.0613333 0.0699366 0.0595493 0.0556624 0.0657870 0.0686497 0.0610772 0.0806276 0.0782159 0.0684832 0.0633577 0.0685962 0.1112103 0.0000000 0.0681392 0.0752733 0.0699982 0.0695580 0.0625904 0.1707279 0.3165600 0.3166050 0.2754758 0.3321492 0.2732692 0.3021620 0.2291387 0.3241555 0.3681172 0.3692275 0.3960500 0.3841071 0.4483018 0.4456767 0.4474135 0.6809231 0.7149222 0.6964516 0.6944504 0.6831282 0.6917279 0.8338621 0.6157724 0.6000769 0.6023798 0.5992068 0.5934087 0.5923195 0.5939854 0.5994449 0.6147279 
S0048_G5812_R1_A 0.8659414 0.0662851 0.0779084 0.0790320 0.0730502 0.0717368 0.0756762 0.0671439 0.0624861 0.0715047 0.0710132 0.0661220 0.0860293 0.0888502 0.0764765 0.0697138 0.0745278 0.1173810 0.0681392 0.0000000 0.0459083 0.0772743 0.0725806 0.0640160 0.1832398 0.3362860 0.3352573 0.2976725 0.3400318 0.2888743 0.3243035 0.2425077 0.3352658 0.3716196 0.3783627 0.4082238 0.3939454 0.4722635 0.4605784 0.4602954 0.6799676 0.7288464 0.7117129 0.7097813 0.7045978 0.7044414 0.8488456 0.6050427 0.5879658 0.5864860 0.5854992 0.5778551 0.5812629 0.5818936 0.5908906 0.6025483 
S0050_G5812_R1_A 0.8802899 0.0708385 0.0824405 0.0850447 0.0762159 0.0783639 0.0838581 0.0765810 0.0683455 0.0803454 0.0790190 0.0734076 0.0942303 0.0935938 0.0782720 0.0728350 0.0763521 0.1241495 0.0752733 0.0459083 0.0000000 0.0832951 0.0813613 0.0734330 0.1876520 0.3319605 0.3320092 0.2960426 0.3421997 0.2880526 0.3123417 0.2400106 0.3324782 0.3777624 0.3872220 0.4124916 0.3955035 0.4733402 0.4618676 0.4615924 0.6830395 0.7231251 0.7044152 0.6979639 0.7021104 0.6930313 0.8802914 0.6360426 0.6182489 0.6186399 0.6119450 0.6027029 0.6087790 0.6049615 0.6141685 0.6299401 
S0028_G5812_R1_A 0.8614588 0.0592703 0.0691865 0.0697526 0.0616926 0.0612303 0.0521324 0.0574696 0.0489265 0.0580491 0.0624659 0.0513954 0.0729671 0.0687231 0.0511669 0.0605879 0.0471872 0.1030730 0.0699982 0.0772743 0.0832951 0.0000000 0.0468592 0.0570278 0.1639405 0.3068546 0.3102080 0.2640097 0.3098930 0.2613699 0.2822284 0.2155028 0.3206191 0.3723871 0.3518459 0.3798808 0.3669534 0.4302063 0.4566625 0.4563653 0.6541342 0.6955141 0.6796637 0.6777141 0.6758393 0.6744037 0.8573216 0.6369902 0.6169473 0.6173334 0.6160355 0.6081257 0.6125525 0.6057501 0.6162857 0.6236463 
S0023_G5812_R1_A 0.8340152 0.0567196 0.0643262 0.0651296 0.0617619 0.0573425 0.0501871 0.0541006 0.0464123 0.0572544 0.0578954 0.0502479 0.0697580 0.0676520 0.0492346 0.0573635 0.0465753 0.0966885 0.0695580 0.0725806 0.0813613 0.0468592 0.0000000 0.0558856 0.1574300 0.2950633 0.2983684 0.2613677 0.3036701 0.2606628 0.2787668 0.2083397 0.3075503 0.3666132 0.3539010 0.3810436 0.3680237 0.4366459 0.4532402 0.4529347 0.6533291 0.7002808 0.6821394 0.6801763 0.6716587 0.6723179 0.8011726 0.6352152 0.6153993 0.6157872 0.6144836 0.6084831 0.6109815 0.6041330 0.6147348 0.6280462 
S0030_G5812_R1_A 0.8472008 0.0465702 0.0590373 0.0602043 0.0534888 0.0498478 0.0569143 0.0487444 0.0391128 0.0492852 0.0544952 0.0433299 0.0654090 0.0654247 0.0540565 0.0471754 0.0527404 0.0970793 0.0625904 0.0640160 0.0734330 0.0570278 0.0558856 0.0000000 0.1656160 0.3096558 0.3130334 0.2725736 0.3143116 0.2666867 0.2892928 0.2174430 0.3054966 0.3580085 0.3579860 0.3832991 0.3744488 0.4393475 0.4530126 0.4527074 0.6738516 0.7155717 0.7007246 0.7008145 0.6966818 0.7047828 0.8479692 0.5989986 0.5787210 0.5790761 0.5778953 0.5722587 0.5711674 0.5727566 0.5781204 0.5930246 
S0005_G5812_R1_A 0.8609902 0.1699726 0.1734732 0.1826921 0.1729165 0.1589679 0.1568145 0.1587968 0.1582328 0.1623293 0.1703963 0.1651504 0.1722400 0.1770969 0.1632168 0.1659314 0.1616069 0.2066590 0.1707279 0.1832398 0.1876520 0.1639405 0.1574300 0.1656160 0.0000000 0.2948312 0.2982176 0.2665706 0.3088679 0.2519261 0.2719581 0.2064261 0.3091081 0.3595035 0.3755044 0.3919608 0.3896398 0.4423594 0.4680461 0.4677882 0.7592669 0.8171849 0.8076316 0.8147704 0.7502059 0.7957754 0.9303382 0.7210953 0.7052376 0.7077773 0.7064620 0.6989314 0.6991103 0.6963135 0.7067137 0.7187179 
S0010_G5812_R1_A 0.8832468 0.3165006 0.3066526 0.3306869 0.3188337 0.3157332 0.2967347 0.3069194 0.3010595 0.3063993 0.3134333 0.3027704 0.3223487 0.3143647 0.3043921 0.3145180 0.2984536 0.3374910 0.3165600 0.3362860 0.3319605 0.3068546 0.2950633 0.3096558 0.2948312 0.0000000 0.0034036 0.2467090 0.2773187 0.2298844 0.2519336 0.1897547 0.3154380 0.3697211 0.4102243 0.4218731 0.4118723 0.4805431 0.3021907 0.3029531 0.8002780 0.8405843 0.8500953 0.8283955 0.8011450 0.8128367 0.8692355 0.8579701 0.8391190 0.8317090 0.8282594 0.8212148 0.8291504 0.8273509 0.8307605 0.8533677 
S0009_G5812_R1_A 0.8760290 0.3170960 0.3072578 0.3302090 0.3194272 0.3191104 0.3000428 0.3102401 0.3043645 0.3097938 0.3145917 0.3061599 0.3257908 0.3178657 0.3077616 0.3178888 0.3017849 0.3409906 0.3166050 0.3352573 0.3320092 0.3102080 0.2983684 0.3130334 0.2982176 0.0034036 0.0000000 0.2468037 0.2751399 0.2299146 0.2527086 0.1898250 0.3193514 0.3740750 0.4105027 0.4221678 0.4121532 0.4809141 0.3026139 0.3033787 0.8064172 0.8439664 0.8586674 0.8317371 0.8093007 0.8211620 0.8677430 0.8536652 0.8346957 0.8273347 0.8239077 0.8169187 0.8248128 0.8230181 0.8263950 0.8488642 
S0014_G5812_R1_A 0.8752658 0.2756774 0.2762237 0.2883590 0.2759746 0.2781424 0.2576685 0.2690983 0.2610723 0.2692401 0.2732945 0.2721616 0.2872839 0.2726841 0.2672536 0.2736818 0.2658452 0.2997784 0.2754758 0.2976725 0.2960426 0.2640097 0.2613677 0.2725736 0.2665706 0.2467090 0.2468037 0.0000000 0.1868611 0.1178506 0.1678768 0.1276148 0.3117411 0.3779672 0.4268002 0.4438903 0.4298180 0.4678852 0.3847579 0.3831860 0.8230812 0.8993158 0.8842913 0.8854147 0.8126572 0.8601148 0.8785074 0.7932139 0.7849751 0.7856942 0.7797180 0.7730597 0.7738941 0.7643589 0.7843198 0.8003783 
S0034_G5812_R1_A 0.8898039 0.3188498 0.3197865 0.3313350 0.3246552 0.3179754 0.3090726 0.3053167 0.3057587 0.3085481 0.3111075 0.3155174 0.3323026 0.3227975 0.3169750 0.3157806 0.3121235 0.3540385 0.3321492 0.3400318 0.3421997 0.3098930 0.3036701 0.3143116 0.3088679 0.2773187 0.2751399 0.1868611 0.0000000 0.1848034 0.1418565 0.1738308 0.3544834 0.4177832 0.4125444 0.4306005 0.4228368 0.4504108 0.4254735 0.4227746 0.8275187 0.9196058 0.9175357 0.9163588 0.8501859 0.8953579 0.9588866 0.8800119 0.8697125 0.8706505 0.8597936 0.8586713 0.8624675 0.8459997 0.8682258 0.8885884 
S0027_G5812_R1_A 0.9009693 0.2729981 0.2728521 0.2872076 0.2738272 0.2743525 0.2579486 0.2661754 0.2535140 0.2580539 0.2732658 0.2686560 0.2828133 0.2769992 0.2642895 0.2754121 0.2574662 0.2975099 0.2732692 0.2888743 0.2880526 0.2613699 0.2606628 0.2666867 0.2519261 0.2298844 0.2299146 0.1178506 0.1848034 0.0000000 0.1598636 0.1168735 0.2942123 0.3588909 0.3826759 0.3916507 0.3820701 0.4247132 0.3729503 0.3732570 0.8300721 0.9351640 0.9138236 0.9177018 0.8609720 0.9052503 0.9429985 0.8108562 0.8002242 0.8008386 0.7997485 0.7903889 0.7975746 0.7791827 0.7998176 0.8194116 
S0015_G5812_R1_A 0.8893993 0.2951182 0.2939089 0.3084120 0.2846565 0.2853072 0.2738265 0.2793585 0.2776862 0.2796298 0.2867832 0.2859759 0.3013245 0.2984716 0.2865329 0.2885490 0.2812645 0.3239315 0.3021620 0.3243035 0.3123417 0.2822284 0.2787668 0.2892928 0.2719581 0.2519336 0.2527086 0.1678768 0.1418565 0.1598636 0.0000000 0.1401778 0.3142904 0.3866525 0.4137000 0.4332868 0.4259127 0.4497308 0.3973221 0.3937860 0.8175034 0.9018658 0.9001473 0.8951800 0.8500071 0.8979487 0.9215425 0.7620010 0.7399979 0.7430128 0.7389758 0.7373363 0.7361148 0.7195670 0.7432180 0.7519397 
S0008_G5812_R1_A 0.8499179 0.2219936 0.2183133 0.2377173 0.2266061 0.2242669 0.2046603 0.2154049 0.2049807 0.2112690 0.2253548 0.2186821 0.2300893 0.2270880 0.2178349 0.2240777 0.2118493 0.2529626 0.2291387 0.2425077 0.2400106 0.2155028 0.2083397 0.2174430 0.2064261 0.1897547 0.1898250 0.1276148 0.1738308 0.1168735 0.1401778 0.0000000 0.2538272 0.3359456 0.3311702 0.3426126 0.3380502 0.3646747 0.3137719 0.3126292 0.7540892 0.8267823 0.8151065 0.8151300 0.7609821 0.8115999 0.8592301 0.7559276 0.7395339 0.7447390 0.7348742 0.7319365 0.7289006 0.7242064 0.7414485 0.7614189 
S0033_G5812_R1_A 0.8968526 0.3160934 0.3215553 0.3382124 0.3227686 0.3130370 0.3056192 0.3061934 0.3042180 0.3077058 0.3199996 0.3052491 0.3167865 0.3177261 0.3100142 0.3087375 0.3063148 0.3502963 0.3241555 0.3352658 0.3324782 0.3206191 0.3075503 0.3054966 0.3091081 0.3154380 0.3193514 0.3117411 0.3544834 0.2942123 0.3142904 0.2538272 0.0000000 0.1575345 0.2451915 0.2530853 0.2532399 0.2983422 0.4216338 0.4162026 0.8182331 0.8790685 0.8718899 0.8652351 0.8277995 0.8426835 0.8812629 0.8582951 0.8505687 0.8527194 0.8269640 0.8302134 0.8319396 0.8357756 0.8354333 0.8587808 
S0035_G5812_R1_A 0.8670202 0.3678581 0.3755544 0.3803065 0.3631336 0.3705170 0.3539602 0.3632370 0.3572754 0.3589935 0.3666130 0.3577636 0.3659025 0.3647673 0.3635714 0.3714237 0.3629347 0.4140558 0.3681172 0.3716196 0.3777624 0.3723871 0.3666132 0.3580085 0.3595035 0.3697211 0.3740750 0.3779672 0.4177832 0.3588909 0.3866525 0.3359456 0.1575345 0.0000000 0.3029397 0.3109037 0.3111959 0.3457916 0.5419067 0.5348768 0.8959502 0.9959265 0.9854283 0.9900499 0.9307414 0.9547619 0.8998177 0.9536973 0.9565720 0.9535492 0.9358418 0.9244906 0.9386602 0.9414713 0.9504540 0.9721830 
S0006_G5812_R1_A 0.8469291 0.3564395 0.3626094 0.3648712 0.3576943 0.3511860 0.3403839 0.3479987 0.3421181 0.3495214 0.3498851 0.3456173 0.3624695 0.3586282 0.3489124 0.3480039 0.3421162 0.3855721 0.3692275 0.3783627 0.3872220 0.3518459 0.3539010 0.3579860 0.3755044 0.4102243 0.4105027 0.4268002 0.4125444 0.3826759 0.4137000 0.3311702 0.2451915 0.3029397 0.0000000 0.0373898 0.0406889 0.0875251 0.5683009 0.5689784 0.7145934 0.7803296 0.7744536 0.7664820 0.8040931 0.7959447 0.8497894 0.7976755 0.8138516 0.8051643 0.8015553 0.7966884 0.8158029 0.8053902 0.8133876 0.8259940 
S0006_G5812_R3_A 0.8539798 0.3861320 0.3803421 0.3937476 0.3846340 0.3792256 0.3665596 0.3732696 0.3696149 0.3765565 0.3761200 0.3711712 0.3897788 0.3807311 0.3722794 0.3758419 0.3650387 0.4007370 0.3960500 0.4082238 0.4124916 0.3798808 0.3810436 0.3832991 0.3919608 0.4218731 0.4221678 0.4438903 0.4306005 0.3916507 0.4332868 0.3426126 0.2530853 0.3109037 0.0373898 0.0000000 0.0341575 0.0893649 0.5622994 0.5629796 0.7415120 0.8150173 0.8132667 0.8049894 0.8253700 0.8135530 0.8728772 0.8149917 0.8321078 0.8231584 0.8194301 0.8143859 0.8340993 0.8209056 0.8261032 0.8446698 
S0006_G5812_R2_A 0.8369720 0.3758983 0.3796942 0.3867289 0.3796353 0.3704248 0.3552381 0.3631586 0.3596490 0.3621521 0.3627455 0.3608093 0.3837749 0.3769235 0.3616738 0.3671126 0.3563512 0.4029712 0.3841071 0.3939454 0.3955035 0.3669534 0.3680237 0.3744488 0.3896398 0.4118723 0.4121532 0.4298180 0.4228368 0.3820701 0.4259127 0.3380502 0.2532399 0.3111959 0.0406889 0.0341575 0.0000000 0.0865642 0.5571160 0.5577841 0.7238984 0.8052098 0.8003643 0.7894032 0.8172662 0.8055766 0.8749102 0.8231177 0.8405599 0.8315504 0.8219392 0.8168974 0.8365867 0.8292646 0.8345167 0.8532295 
S0006_G5812_R4_U 0.9071015 0.4381031 0.4458653 0.4550904 0.4429418 0.4330194 0.4238555 0.4261544 0.4253667 0.4188638 0.4323697 0.4249769 0.4471024 0.4364805 0.4220802 0.4292748 0.4158039 0.4700206 0.4483018 0.4722635 0.4733402 0.4302063 0.4366459 0.4393475 0.4423594 0.4805431 0.4809141 0.4678852 0.4504108 0.4247132 0.4497308 0.3646747 0.2983422 0.3457916 0.0875251 0.0893649 0.0865642 0.0000000 0.5751862 0.5758890 0.7769966 0.8545506 0.8546095 0.8425347 0.8840109 0.8581440 0.8807781 0.8955810 0.9254199 0.9154411 0.9144407 0.9086264 0.9307939 0.9159351 0.9219830 0.9430102 
S0039_G5812_R1_A 0.9101515 0.4306478 0.4357309 0.4569009 0.4514365 0.4520773 0.4344392 0.4316868 0.4267577 0.4276015 0.4425018 0.4356155 0.4712090 0.4456845 0.4350957 0.4488904 0.4292192 0.4495214 0.4456767 0.4605784 0.4618676 0.4566625 0.4532402 0.4530126 0.4680461 0.3021907 0.3026139 0.3847579 0.4254735 0.3729503 0.3973221 0.3137719 0.4216338 0.5419067 0.5683009 0.5622994 0.5571160 0.5751862 0.0000000 0.0063807 0.9072874 0.9251935 0.9114688 0.8850787 0.8421707 0.8831296 1.0662736 0.9335654 0.9483791 0.9309535 0.9572545 0.9577065 0.9600121 0.9517708 0.9603770 0.9747577 
S0051_G5812_R1_A 0.9174223 0.4302715 0.4353685 0.4566089 0.4511204 0.4517698 0.4340727 0.4354515 0.4263723 0.4272182 0.4421623 0.4352449 0.4709641 0.4419534 0.4347254 0.4485744 0.4288295 0.4492046 0.4474135 0.4602954 0.4615924 0.4563653 0.4529347 0.4527074 0.4677882 0.3029531 0.3033787 0.3831860 0.4227746 0.3732570 0.3937860 0.3126292 0.4162026 0.5348768 0.5689784 0.5629796 0.5577841 0.5758890 0.0063807 0.0000000 0.9067337 0.9246310 0.9109181 0.8845512 0.8456996 0.8867382 1.0730671 0.9289237 0.9437598 0.9262976 0.9526631 0.9531168 0.9554205 0.9471685 0.9558011 0.9702221 
S0001_G5812_R1_A 0.9185993 0.6573670 0.6675537 0.6854549 0.6762477 0.6706654 0.6575712 0.6638631 0.6608537 0.6639601 0.6643078 0.6701672 0.6829966 0.6947998 0.6675470 0.6583496 0.6765749 0.6867785 0.6809231 0.6799676 0.6830395 0.6541342 0.6533291 0.6738516 0.7592669 0.8002780 0.8064172 0.8230812 0.8275187 0.8300721 0.8175034 0.7540892 0.8182331 0.8959502 0.7145934 0.7415120 0.7238984 0.7769966 0.9072874 0.9067337 0.0000000 0.0565056 0.0528922 0.0474231 0.1533237 0.1446161 0.7046106 1.0176268 1.0175372 1.0137206 1.0137101 1.0250444 1.0209843 1.0180276 1.0000223 1.0529973 
S0024_G5812_R1_A 0.9652141 0.7054195 0.7132095 0.7302655 0.7036197 0.7125809 0.6958583 0.7022969 0.6974729 0.7131567 0.7018228 0.7081734 0.7213283 0.7400289 0.6957381 0.7032238 0.7101011 0.7399763 0.7149222 0.7288464 0.7231251 0.6955141 0.7002808 0.7155717 0.8171849 0.8405843 0.8439664 0.8993158 0.9196058 0.9351640 0.9018658 0.8267823 0.8790685 0.9959265 0.7803296 0.8150173 0.8052098 0.8545506 0.9251935 0.9246310 0.0565056 0.0000000 0.0195358 0.0276336 0.1400517 0.1237269 0.7599632 1.0848442 1.0818335 1.0747927 1.0524551 1.0598543 1.0591273 1.0657198 1.0471407 1.0959306 
S0032_G5812_R1_N 0.9508011 0.6850886 0.6927528 0.7091735 0.6839916 0.6960581 0.6817127 0.6841690 0.6794095 0.6909205 0.6876498 0.6897817 0.7067727 0.7269217 0.6836713 0.6904146 0.6959471 0.7150643 0.6964516 0.7117129 0.7044152 0.6796637 0.6821394 0.7007246 0.8076316 0.8500953 0.8586674 0.8842913 0.9175357 0.9138236 0.9001473 0.8151065 0.8718899 0.9854283 0.7744536 0.8132667 0.8003643 0.8546095 0.9114688 0.9109181 0.0528922 0.0195358 0.0000000 0.0196074 0.1337759 0.1177826 0.7504438 1.0977420 1.0988974 1.0917164 1.0765951 1.0843068 1.0835466 1.0903653 1.0712493 1.1213656 
S0032_G5812_R2_N 0.9724830 0.6831155 0.6907661 0.7094909 0.6982649 0.6959096 0.6793859 0.6822069 0.6774554 0.6890671 0.6898503 0.6858752 0.7047333 0.7249272 0.6736863 0.6905046 0.6793592 0.7128593 0.6944504 0.7097813 0.6979639 0.6777141 0.6801763 0.7008145 0.8147704 0.8283955 0.8317371 0.8854147 0.9163588 0.9177018 0.8951800 0.8151300 0.8652351 0.9900499 0.7664820 0.8049894 0.7894032 0.8425347 0.8850787 0.8845512 0.0474231 0.0276336 0.0196074 0.0000000 0.1231225 0.1111728 0.7424004 1.0633265 1.0564334 1.0494944 1.0352107 1.0424554 1.0385680 1.0441167 1.0298719 1.0781647 
S0025_G5812_R1_A 0.9824691 0.6780413 0.6863014 0.7036828 0.6769943 0.6790091 0.6622388 0.6764377 0.6792804 0.6721892 0.6847789 0.6893322 0.7023292 0.7019753 0.6869498 0.6865985 0.6770303 0.7251676 0.6831282 0.7045978 0.7021104 0.6758393 0.6716587 0.6966818 0.7502059 0.8011450 0.8093007 0.8126572 0.8501859 0.8609720 0.8500071 0.7609821 0.8277995 0.9307414 0.8040931 0.8253700 0.8172662 0.8840109 0.8421707 0.8456996 0.1533237 0.1400517 0.1337759 0.1231225 0.0000000 0.0295273 0.7478093 1.0862785 1.1105854 1.0963958 1.0868433 1.0941055 1.0849160 1.0880978 1.1034172 1.1263506 
S0029_G5812_R1_A 0.9773722 0.6863328 0.6960100 0.7186455 0.6774259 0.6838214 0.6797944 0.6802099 0.6849464 0.6956576 0.6851291 0.6995804 0.7013660 0.7059955 0.6883022 0.6911519 0.6760110 0.7286220 0.6917279 0.7044414 0.6930313 0.6744037 0.6723179 0.7047828 0.7957754 0.8128367 0.8211620 0.8601148 0.8953579 0.9052503 0.8979487 0.8115999 0.8426835 0.9547619 0.7959447 0.8135530 0.8055766 0.8581440 0.8831296 0.8867382 0.1446161 0.1237269 0.1177826 0.1111728 0.0295273 0.0000000 0.7638702 1.0501490 1.0535019 1.0468154 1.0242497 1.0311282 1.0282084 1.0355574 1.0407452 1.0694909 
S0049_G5812_R1_A 0.8128126 0.8178053 0.8289968 0.8376613 0.8388059 0.8364068 0.8178559 0.8200980 0.8221436 0.8483791 0.8259095 0.8512487 0.8222961 0.8239763 0.8128374 0.8561175 0.8189562 0.8448257 0.8338621 0.8488456 0.8802914 0.8573216 0.8011726 0.8479692 0.9303382 0.8692355 0.8677430 0.8785074 0.9588866 0.9429985 0.9215425 0.8592301 0.8812629 0.8998177 0.8497894 0.8728772 0.8749102 0.8807781 1.0662736 1.0730671 0.7046106 0.7599632 0.7504438 0.7424004 0.7478093 0.7638702 0.0000000 0.9405831 0.9288955 0.9436859 0.9142409 0.9017322 0.9284275 0.9053324 0.8980153 0.9259373 
S0038_G5812_R1_A 0.7631168 0.6402054 0.6494360 0.6394571 0.6238303 0.6019414 0.6282730 0.6132146 0.6155467 0.6296158 0.6277971 0.6216582 0.6372689 0.6432533 0.6282666 0.6141880 0.6382704 0.6673592 0.6157724 0.6050427 0.6360426 0.6369902 0.6352152 0.5989986 0.7210953 0.8579701 0.8536652 0.7932139 0.8800119 0.8108562 0.7620010 0.7559276 0.8582951 0.9536973 0.7976755 0.8149917 0.8231177 0.8955810 0.9335654 0.9289237 1.0176268 1.0848442 1.0977420 1.0633265 1.0862785 1.0501490 0.9405831 0.0000000 0.0068904 0.0069011 0.0322392 0.0266190 0.0290360 0.0249907 0.0289406 0.0226112 
S0041_G5812_R1_N 0.7719264 0.6226192 0.6327897 0.6227211 0.6070069 0.5818657 0.6080849 0.5938721 0.5963847 0.6078028 0.6103827 0.6010774 0.6236535 0.6237794 0.6062146 0.5944833 0.6172378 0.6614897 0.6000769 0.5879658 0.6182489 0.6169473 0.6153993 0.5787210 0.7052376 0.8391190 0.8346957 0.7849751 0.8697125 0.8002242 0.7399979 0.7395339 0.8505687 0.9565720 0.8138516 0.8321078 0.8405599 0.9254199 0.9483791 0.9437598 1.0175372 1.0818335 1.0988974 1.0564334 1.1105854 1.0535019 0.9288955 0.0068904 0.0000000 0.0107641 0.0314033 0.0273888 0.0298064 0.0241719 0.0297085 0.0217974 
S0047_G5812_R1_N 0.7606590 0.6230108 0.6331929 0.6193954 0.6090171 0.5822211 0.6066446 0.5942367 0.5967518 0.6081883 0.6107626 0.6020253 0.6220430 0.6241813 0.6065941 0.5948478 0.6176273 0.6580203 0.6023798 0.5864860 0.6186399 0.6173334 0.6157872 0.5790761 0.7077773 0.8317090 0.8273347 0.7856942 0.8706505 0.8008386 0.7430128 0.7447390 0.8527194 0.9535492 0.8051643 0.8231584 0.8315504 0.9154411 0.9309535 0.9262976 1.0137206 1.0747927 1.0917164 1.0494944 1.0963958 1.0468154 0.9436859 0.0069011 0.0107641 0.0000000 0.0363299 0.0306672 0.0331044 0.0290215 0.0329950 0.0266251 
S0038_G5812_R2_A 0.7541439 0.6182042 0.6245940 0.6204154 0.6061180 0.5827921 0.6064395 0.5930189 0.5955250 0.6052393 0.6004186 0.5947750 0.6227135 0.6254182 0.6015049 0.5936304 0.6124504 0.6565790 0.5992068 0.5854992 0.6119450 0.6160355 0.6144836 0.5778953 0.7064620 0.8282594 0.8239077 0.7797180 0.8597936 0.7997485 0.7389758 0.7348742 0.8269640 0.9358418 0.8015553 0.8194301 0.8219392 0.9144407 0.9572545 0.9526631 1.0137101 1.0524551 1.0765951 1.0352107 1.0868433 1.0242497 0.9142409 0.0322392 0.0314033 0.0363299 0.0000000 0.0154737 0.0170538 0.0202014 0.0209639 0.0298351 
S0040_G5812_R1_N 0.7513403 0.6137051 0.6236699 0.6174274 0.6002394 0.5754105 0.6005284 0.5872943 0.5897726 0.5973589 0.5946005 0.5924714 0.6146245 0.6166469 0.5954464 0.5879109 0.6063055 0.6521460 0.5934087 0.5778551 0.6027029 0.6081257 0.6084831 0.5722587 0.6989314 0.8212148 0.8169187 0.7730597 0.8586713 0.7903889 0.7373363 0.7319365 0.8302134 0.9244906 0.7966884 0.8143859 0.8168974 0.9086264 0.9577065 0.9531168 1.0250444 1.0598543 1.0843068 1.0424554 1.0941055 1.0311282 0.9017322 0.0266190 0.0273888 0.0306672 0.0154737 0.0000000 0.0146972 0.0178325 0.0185957 0.0274206 
S0044_G5812_R1_N 0.7538195 0.6126920 0.6209037 0.6182914 0.5991459 0.5712024 0.5994293 0.5862095 0.5886864 0.6048016 0.5970311 0.5913622 0.6174838 0.6114014 0.5964637 0.5836498 0.6049375 0.6489957 0.5923195 0.5812629 0.6087790 0.6125525 0.6109815 0.5711674 0.6991103 0.8291504 0.8248128 0.7738941 0.8624675 0.7975746 0.7361148 0.7289006 0.8319396 0.9386602 0.8158029 0.8340993 0.8365867 0.9307939 0.9600121 0.9554205 1.0209843 1.0591273 1.0835466 1.0385680 1.0849160 1.0282084 0.9284275 0.0290360 0.0298064 0.0331044 0.0170538 0.0146972 0.0000000 0.0186310 0.0209688 0.0282395 
S0045_G5812_R1_A 0.7458844 0.6163313 0.6263771 0.6200627 0.6008448 0.5759170 0.5945932 0.5878455 0.5903339 0.6048982 0.5989480 0.5948663 0.6136356 0.6156516 0.5934800 0.5884634 0.6059453 0.6529688 0.5939854 0.5818936 0.6049615 0.6057501 0.6041330 0.5727566 0.6963135 0.8273509 0.8230181 0.7643589 0.8459997 0.7791827 0.7195670 0.7242064 0.8357756 0.9414713 0.8053902 0.8209056 0.8292646 0.9159351 0.9517708 0.9471685 1.0180276 1.0657198 1.0903653 1.0441167 1.0880978 1.0355574 0.9053324 0.0249907 0.0241719 0.0290215 0.0202014 0.0178325 0.0186310 0.0000000 0.0170033 0.0226139 
S0042_G5812_R1_N 0.7591903 0.6219468 0.6320948 0.6256711 0.6063615 0.5812640 0.6066845 0.5932521 0.5957601 0.6088850 0.6006579 0.6004320 0.6229717 0.6230892 0.6036965 0.5938636 0.6146758 0.6550628 0.5994449 0.5908906 0.6141685 0.6162857 0.6147348 0.5781204 0.7067137 0.8307605 0.8263950 0.7843198 0.8682258 0.7998176 0.7432180 0.7414485 0.8354333 0.9504540 0.8133876 0.8261032 0.8345167 0.9219830 0.9603770 0.9558011 1.0000223 1.0471407 1.0712493 1.0298719 1.1034172 1.0407452 0.8980153 0.0289406 0.0297085 0.0329950 0.0209639 0.0185957 0.0209688 0.0170033 0.0000000 0.0281468 
S0043_G5812_R1_N 0.7765480 0.6377895 0.6482834 0.6378206 0.6218421 0.5961366 0.6242519 0.6101617 0.6109298 0.6239480 0.6215101 0.6134131 0.6363333 0.6366161 0.6211241 0.6107552 0.6323966 0.6718377 0.6147279 0.6025483 0.6299401 0.6236463 0.6280462 0.5930246 0.7187179 0.8533677 0.8488642 0.8003783 0.8885884 0.8194116 0.7519397 0.7614189 0.8587808 0.9721830 0.8259940 0.8446698 0.8532295 0.9430102 0.9747577 0.9702221 1.0529973 1.0959306 1.1213656 1.0781647 1.1263506 1.0694909 0.9259373 0.0226112 0.0217974 0.0266251 0.0298351 0.0274206 0.0282395 0.0226139 0.0281468 0.0000000 
