91
S0033_G5842_R1_A 0.0000000 0.4537794 0.5037448 0.5257456 0.4778267 0.5124879 0.2633748 0.2684577 0.1501335 0.1525722 0.1515780 0.1515780 0.3435724 0.8017083 0.5004708 0.5023097 0.5117387 0.5068968 0.5069685 0.5081387 0.4664777 0.4715134 0.4826694 0.4824052 0.4700364 0.4746840 0.4718376 0.4613582 0.5613526 0.5819971 0.5809318 0.5644844 0.6060854 0.6096856 0.5613526 0.5960213 0.6060854 0.5819971 0.5628390 0.5871525 0.6096856 0.5644844 0.3385901 0.3246963 0.3372409 0.3641479 0.3393443 0.3690428 0.3326125 0.3549743 0.3497919 0.3503968 0.3370264 0.3251970 0.3226250 0.3036628 0.3417613 0.3567368 0.3640377 0.3433200 0.3587581 0.4499343 0.3445979 0.3361250 0.3600609 0.3511058 0.2975395 0.2548727 0.9409813 0.9428218 0.9406695 0.9201816 0.9350094 0.9356191 1.0664684 1.0858091 1.0218945 1.0043765 0.4198194 0.3569748 0.3737970 0.4053854 0.4129733 0.3798673 0.3798673 0.3786931 0.8855891 0.8491785 0.8588868 0.8616328 0.5814343 
S0008_G5842_R1_A 0.4537794 0.0000000 0.0923936 0.1421985 0.0733277 0.1025328 0.4040844 0.4225467 0.3349519 0.3656670 0.7962640 0.7962640 0.5133401 0.9696967 0.7681559 0.7306489 0.7412145 0.7282934 0.7131306 0.7423843 0.6600674 0.6658196 0.6728416 0.6548866 0.6759418 0.6666832 0.6742500 0.6599854 1.0825833 1.0985619 1.0667502 1.1059001 1.1330033 1.1678412 1.0825833 1.1014654 1.1330033 1.0985619 1.1111053 1.1377109 1.1678412 1.1059001 0.6600463 0.6505332 0.6631890 0.6595171 0.6446944 0.6612200 0.6628647 0.6691705 0.6704159 0.6613046 0.6198768 0.5667980 0.5980045 0.5913936 0.6359005 0.6661210 0.6280174 0.6307959 0.6640263 0.6995569 0.7246765 0.6892206 0.5932366 0.5997211 0.5592547 0.5867540 1.1777518 1.1963016 1.1802584 1.1748414 1.1865837 1.1930506 1.3207862 1.2883199 1.2665257 1.2567318 1.2017715 1.0877752 1.1162672 1.1426844 1.1392295 1.0992917 1.0992917 1.0937592 1.1515839 1.1003510 1.1780244 1.1106388 1.0121945 
S0015_G5842_R1_A 0.5037448 0.0923936 0.0000000 0.1631794 0.1288513 0.1553469 0.4324347 0.4525070 0.3827760 0.4224053 1.0788489 1.0788489 0.5541685 1.0234157 0.8120048 0.7816721 0.7932176 0.7912399 0.7733146 0.7848162 0.7040100 0.7104328 0.7183099 0.6837217 0.7336652 0.7113445 0.7198966 0.7040100 1.2356638 1.2561362 1.2403711 1.2633389 1.2976338 1.3558705 1.2356638 1.2609309 1.2976338 1.2561362 1.2704675 1.3166363 1.3558705 1.2633389 0.6598725 0.6406773 0.6561970 0.6616536 0.6325423 0.6443510 0.6558584 0.6540792 0.6641153 0.6622027 0.6132921 0.5592981 0.5940591 0.5871000 0.6343437 0.6535986 0.6299936 0.6200123 0.6573843 0.6997398 0.7285504 0.6676572 0.6016705 0.5961289 0.6244031 0.6491982 1.3097155 1.3114293 1.3047449 1.2990208 1.3110187 1.3291534 1.4489121 1.3288733 1.3381129 1.3442796 1.4023079 1.2385081 1.2854576 1.3257718 1.3197282 1.2681445 1.2681445 1.2603853 1.3433829 1.2384277 1.3385287 1.2428824 1.1368062 
S0034_G5842_R1_A 0.5257456 0.1421985 0.1631794 0.0000000 0.1603530 0.1711142 0.4600969 0.4673959 0.4440768 0.4818724 1.0932491 1.0932491 0.5919000 0.9922846 0.8238615 0.8062898 0.8023945 0.8033318 0.8040716 0.8189588 0.7208941 0.7202088 0.7390755 0.7002188 0.7419917 0.7279576 0.7292850 0.7140710 1.1848448 1.2029754 1.1893082 1.2099881 1.2404460 1.2812114 1.1848448 1.1855134 1.2404460 1.2029754 1.2255910 1.2470097 1.2812114 1.2099881 0.6980387 0.7009129 0.7032029 0.7048484 0.6954141 0.7125702 0.7080031 0.7272003 0.7286633 0.7063652 0.6473479 0.5979224 0.6292569 0.6221492 0.6848081 0.7237435 0.6883566 0.6701639 0.7084489 0.7671007 0.7421652 0.7232196 0.6526755 0.6473012 0.6902422 0.6991642 1.3790087 1.3994850 1.3926513 1.3872203 1.3983284 1.4067589 1.3299877 1.3555916 1.3423099 1.3318579 1.3129551 1.2597731 1.2357557 1.2854975 1.2803729 1.2340312 1.2340312 1.2271516 1.3486745 1.2501269 1.3113476 1.2806195 1.2069264 
S0014_G5842_R1_A 0.4778267 0.0733277 0.1288513 0.1603530 0.0000000 0.0862052 0.4233619 0.4432034 0.3787255 0.4174328 1.0291643 1.0291643 0.5364102 1.0105429 0.7828172 0.7450206 0.7561756 0.7477933 0.7098275 0.7554636 0.6788055 0.6849786 0.6925797 0.6820644 0.7075689 0.6859304 0.6941084 0.6787150 1.1933806 1.2125490 1.2144474 1.2139682 1.2693727 1.3284270 1.1933806 1.2168062 1.2693727 1.2125490 1.2568144 1.2908809 1.3284270 1.2139682 0.6985043 0.6899580 0.7039714 0.6957840 0.6910251 0.6931101 0.7105713 0.7110142 0.7195021 0.7094808 0.6352955 0.5763690 0.6165373 0.6092204 0.6800351 0.7144178 0.6791125 0.6496096 0.7123697 0.7089729 0.7568310 0.6776560 0.6586985 0.6600457 0.6089108 0.6141923 1.3484287 1.3591488 1.3648047 1.3483701 1.3460498 1.3565439 1.5703619 1.5725936 1.5242716 1.5125280 1.3815953 1.2102011 1.2546172 1.2495721 1.2634187 1.2391736 1.2391736 1.2318064 1.2947659 1.3176295 1.3933645 1.3364616 1.0869907 
S0027_G5842_R1_A 0.5124879 0.1025328 0.1553469 0.1711142 0.0862052 0.0000000 0.4613965 0.4817398 0.3913376 0.4316232 0.9948323 0.9948323 0.5334580 0.9862707 0.8349169 0.8061439 0.8177318 0.8060240 0.7910847 0.8307251 0.6693660 0.6620420 0.6665867 0.6438453 0.6838395 0.6762948 0.6707571 0.6560028 1.2092727 1.2188008 1.2014015 1.2233015 1.2790133 1.3259694 1.2092727 1.2452136 1.2790133 1.2188008 1.2546493 1.2885714 1.3259694 1.2233015 0.7043274 0.6863647 0.7138873 0.7115608 0.6877740 0.6898783 0.7068193 0.7145767 0.7160642 0.7061043 0.6460326 0.5830522 0.6026209 0.6087276 0.6769420 0.7110361 0.6684594 0.6845135 0.6952768 0.7417945 0.7753204 0.7134593 0.6712442 0.6655337 0.6405510 0.6703643 1.3378871 1.3597430 1.3403708 1.3240291 1.3466214 1.3550690 1.4067987 1.3895008 1.3757892 1.3647486 1.4289805 1.2627324 1.3064601 1.3008703 1.2952966 1.2832137 1.2832137 1.2754469 1.1903484 1.2256224 1.3205687 1.2636716 1.1496126 
S0039_G5842_R1_A 0.2633748 0.4040844 0.4324347 0.4600969 0.4233619 0.4613965 0.0000000 0.0067144 0.0954073 0.0987087 0.1254660 0.1254660 0.4348077 0.8614866 0.5041323 0.4920579 0.4962193 0.4967553 0.5046453 0.5060263 0.5257037 0.4991905 0.5118665 0.5094513 0.5215098 0.5364775 0.5074274 0.5256353 0.8695483 0.8840233 0.8922349 0.9154983 0.9368185 0.9675497 0.8695483 0.8871016 0.9368185 0.8840233 0.9153846 0.9454627 0.9675497 0.9154983 0.3934403 0.3698498 0.4039771 0.3936750 0.3856163 0.4305107 0.3874210 0.4165036 0.4046650 0.4016967 0.3936007 0.4186205 0.3900938 0.4029776 0.3824178 0.4048095 0.4183613 0.4058798 0.3949237 0.3792755 0.4770034 0.4124952 0.4198976 0.4126274 0.3052334 0.3275100 0.9470745 0.9294065 0.9649935 0.9452698 0.9316567 0.9323486 1.0159804 1.0054816 0.9906495 0.9692013 0.7757226 0.7140946 0.7250485 0.7772183 0.7802490 0.7170088 0.7170088 0.7135942 0.8797044 0.8953311 0.9356759 0.9229457 0.7541246 
S0051_G5842_R1_A 0.2684577 0.4225467 0.4525070 0.4673959 0.4432034 0.4817398 0.0067144 0.0000000 0.1147256 0.1197700 0.1728359 0.1728359 0.4287300 0.8834600 0.5163167 0.5042304 0.5083525 0.5089007 0.5168356 0.5182468 0.5376462 0.5110967 0.5237922 0.5085850 0.5268902 0.5485090 0.5193783 0.5375764 0.8605851 0.8747184 0.8827698 0.9055089 0.9263614 0.9563228 0.8605851 0.8776158 0.9263614 0.8747184 0.9053994 0.9347382 0.9563228 0.9055089 0.3911090 0.3679572 0.4014522 0.3858723 0.3834409 0.4343877 0.3852031 0.4195760 0.4021240 0.4122168 0.3912655 0.4186205 0.3877894 0.4004200 0.3857223 0.4022650 0.4155485 0.3995681 0.3925572 0.3920312 0.4729590 0.4039849 0.4170451 0.4099227 0.3167104 0.3391007 0.9653798 0.9473652 0.9719798 0.9523322 0.9494906 0.9501735 1.0015532 1.0147506 0.9999109 0.9786262 0.7636246 0.7034917 0.7139845 0.7649551 0.7679588 0.7067348 0.7067348 0.7034541 0.8563733 0.8942293 0.9293576 0.9214215 0.7717152 
S0009_G5842_R1_A 0.1501335 0.3349519 0.3827760 0.4440768 0.3787255 0.3913376 0.0954073 0.1147256 0.0000000 0.0000010 0.0000010 0.0000010 0.2925724 0.7779336 0.5436398 0.5341113 0.5457927 0.5397840 0.5430062 0.5342801 0.4667620 0.4601284 0.4589632 0.4666877 0.4649160 0.4803860 0.4601284 0.4601284 0.5547833 0.5725913 0.5857468 0.5691295 0.5963707 0.6337340 0.5547833 0.5541639 0.5963707 0.5725913 0.5857821 0.6160016 0.6337340 0.5691295 0.4214723 0.4028084 0.4275171 0.4306593 0.4010855 0.4215330 0.4061690 0.4321845 0.4441309 0.4260784 0.4353294 0.4194302 0.4121287 0.4050321 0.4135189 0.4202516 0.4548357 0.4008538 0.4112055 0.5756351 0.4480726 0.4611994 0.4151218 0.4156718 0.3469405 0.3221791 0.9072392 0.9098400 0.8828835 0.8764468 0.9151836 0.9159283 0.9979018 1.0275860 1.0196352 0.9851788 0.4759554 0.4448886 0.4454540 0.4697365 0.4697365 0.4369781 0.4369781 0.4289233 0.9359126 0.9286780 0.9200453 0.9494850 0.5196720 
S0010_G5842_R1_A 0.1525722 0.3656670 0.4224053 0.4818724 0.4174328 0.4316232 0.0987087 0.1197700 0.0000010 0.0000000 0.0000010 0.0000010 0.2787350 0.8410649 0.5505070 0.5484444 0.5611004 0.5545854 0.5565693 0.5466469 0.4851230 0.4778425 0.4765406 0.4830976 0.4906660 0.5000980 0.4778425 0.4778425 0.5159466 0.5339487 0.5474997 0.5306172 0.5581864 0.6043205 0.5159466 0.5146098 0.5581864 0.5339487 0.5552909 0.5861120 0.6043205 0.5306172 0.4349634 0.4207936 0.4478642 0.4514559 0.4256341 0.4413149 0.4243567 0.4367604 0.4579148 0.4384575 0.4501267 0.4417096 0.4327124 0.4245849 0.4324540 0.4398535 0.4779625 0.4198032 0.4278025 0.6025763 0.4630261 0.4856040 0.4276786 0.4349049 0.3591318 0.3323443 0.8724398 0.8755639 0.8510944 0.8556823 0.8961690 0.8969565 0.9239097 0.9318684 0.9482394 0.9134780 0.4467838 0.4128943 0.4117727 0.4382084 0.4382084 0.4061201 0.4061201 0.3978883 0.8932396 0.9058632 0.8925627 0.9178421 0.4954737 
S0009_G5842_R2_A 0.1515780 0.7962640 1.0788489 1.0932491 1.0291643 0.9948323 0.1254660 0.1728359 0.0000010 0.0000010 0.0000000 0.0000010 0.3116745 1.4686905 0.8807570 0.8902755 0.9092983 0.8948906 0.9260743 0.8752955 0.6159141 0.6014292 0.5986009 0.6111631 0.6265204 0.6304133 0.6014292 0.6014292 0.3239375 0.3343076 0.3556192 0.3337056 0.3356738 0.3462314 0.3239375 0.3435667 0.3356738 0.3343076 0.3337056 0.3581789 0.3462314 0.3337056 0.6945000 0.6614446 0.6885332 0.7155766 0.6527202 0.6797469 0.6374427 0.7002455 0.7119591 0.6813554 0.7428931 0.6880216 0.7203663 0.6910301 0.6712822 0.6727439 0.7797479 0.6199174 0.6641222 1.0816385 0.7192015 0.8052509 0.6712822 0.6792952 0.5447904 0.4605030 0.7413091 0.7647074 0.6994279 0.7192475 0.7853998 0.7661785 0.7279273 0.8871380 0.8465112 0.7957242 0.1600307 0.1596249 0.1686119 0.1943770 0.1943770 0.1434309 0.1434309 0.1434309 0.7915744 0.8191844 0.7888389 0.8250976 0.3398661 
S0010_G5842_R2_A 0.1515780 0.7962640 1.0788489 1.0932491 1.0291643 0.9948323 0.1254660 0.1728359 0.0000010 0.0000010 0.0000010 0.0000000 0.3116745 1.4686905 0.8807570 0.8902755 0.9092983 0.8948906 0.9260743 0.8752955 0.6159141 0.6014292 0.5986009 0.6111631 0.6265204 0.6304133 0.6014292 0.6014292 0.3239375 0.3343076 0.3556192 0.3337056 0.3356738 0.3462314 0.3239375 0.3435667 0.3356738 0.3343076 0.3337056 0.3581789 0.3462314 0.3337056 0.6945000 0.6614446 0.6885332 0.7155766 0.6527202 0.6797469 0.6374427 0.7002455 0.7119591 0.6813554 0.7428931 0.6880216 0.7203663 0.6910301 0.6712822 0.6727439 0.7797479 0.6199174 0.6641222 1.0816385 0.7192015 0.8052509 0.6712822 0.6792952 0.5447904 0.4605030 0.7413091 0.7647074 0.6994279 0.7192475 0.7853998 0.7661785 0.7279273 0.8871380 0.8465112 0.7957242 0.1600307 0.1596249 0.1686119 0.1943770 0.1943770 0.1434309 0.1434309 0.1434309 0.7915744 0.8191844 0.7888389 0.8250976 0.3398661 
S0049_G5842_R1_A 0.3435724 0.5133401 0.5541685 0.5919000 0.5364102 0.5334580 0.4348077 0.4287300 0.2925724 0.2787350 0.3116745 0.3116745 0.0000000 0.7417709 0.4233960 0.4047367 0.3972062 0.4035682 0.4063883 0.4117467 0.5596626 0.5515832 0.5746736 0.5313247 0.5723857 0.5564613 0.5681880 0.5524943 0.7206359 0.7413043 0.7410428 0.7619598 0.7633642 0.8266246 0.7206359 0.7475584 0.7633642 0.7413043 0.7710404 0.7892701 0.8266246 0.7619598 0.5013778 0.4926455 0.5039084 0.5223287 0.5188344 0.5441128 0.5041069 0.5328957 0.5498996 0.5192056 0.5194136 0.5161360 0.4913529 0.4965864 0.5184494 0.5122820 0.5140575 0.5257810 0.5271486 0.5370888 0.5431072 0.5172598 0.5231338 0.4938203 0.4033301 0.4425273 1.0323669 1.0097857 1.0503748 1.0271607 1.0341260 1.0348874 1.3106855 1.2282884 1.2203493 1.2083494 0.9615537 0.8824060 0.8880691 0.8844615 0.8713366 0.8551229 0.8551229 0.8501484 0.8993497 0.9147563 0.9981337 1.0365422 0.6747367 
S0003_G5842_R1_N 0.8017083 0.9696967 1.0234157 0.9922846 1.0105429 0.9862707 0.8614866 0.8834600 0.7779336 0.8410649 1.4686905 1.4686905 0.7417709 0.0000000 0.9323682 0.9406978 0.9355028 0.9367424 0.9230043 0.9409296 0.8857051 0.9005951 0.9125968 0.8922882 0.9236408 0.9029564 0.8809518 0.8940866 1.4552445 1.4678975 1.5030339 1.4770920 1.5171203 1.5620878 1.4552445 1.4382662 1.5171203 1.4678975 1.4847495 1.5129587 1.5620878 1.4770920 0.9566468 0.9857435 0.9866859 0.9872521 0.9218246 1.0055739 0.9216106 0.9783870 1.0180202 1.0233160 0.9277061 0.8916917 0.9233061 0.9142426 0.9589956 0.9520450 0.9546240 0.9468826 0.8699548 1.1316868 0.9768999 0.8968907 0.9978981 0.9645142 0.9629630 0.9312481 1.6621187 1.7559527 1.6791327 1.6741153 1.6970915 1.7317296 1.7677944 1.6900370 1.5733783 1.5498598 1.5139793 1.4396178 1.4989826 1.3780597 1.3578684 1.4268431 1.4268431 1.4173991 1.4992149 1.7053434 1.7226691 1.7582431 1.1797290 
S0001_G5842_R1_A 0.5004708 0.7681559 0.8120048 0.8238615 0.7828172 0.8349169 0.5041323 0.5163167 0.5436398 0.5505070 0.8807570 0.8807570 0.4233960 0.9323682 0.0000000 0.0548274 0.0487607 0.0340328 0.0624310 0.0640244 0.6549646 0.6539200 0.6545233 0.6701669 0.6842347 0.6720154 0.6499327 0.6357599 0.9489329 0.9626148 0.9779167 0.9873129 0.9859417 1.0116071 0.9489329 0.9980838 0.9859417 0.9626148 0.9721457 0.9978064 1.0116071 0.9873129 0.6752689 0.6678290 0.6785865 0.6905435 0.6663527 0.7510880 0.6537216 0.6939951 0.6867748 0.6705695 0.6677183 0.6181658 0.6484444 0.6524732 0.7015500 0.6871523 0.6947968 0.6278337 0.6332194 0.7115559 0.7070112 0.7167831 0.6736277 0.6894167 0.6061937 0.6447168 1.2270756 1.1991768 1.2553103 1.2497503 1.2311309 1.2316744 1.2868643 1.2137966 1.2055554 1.1849266 1.2172873 1.1229040 1.2153626 1.1625118 1.1700166 1.1116912 1.1116912 1.1057309 1.0886825 1.0577073 1.1375325 1.0799914 0.8834163 
S0024_G5842_R1_A 0.5023097 0.7306489 0.7816721 0.8062898 0.7450206 0.8061439 0.4920579 0.5042304 0.5341113 0.5484444 0.8902755 0.8902755 0.4047367 0.9406978 0.0548274 0.0000000 0.0111381 0.0196792 0.0502400 0.0520178 0.6634567 0.6623903 0.6759934 0.6859327 0.6862765 0.6878396 0.6713322 0.6633724 0.9273074 0.9406004 0.9556078 0.9647893 0.9634800 0.9981313 0.9273074 0.9573992 0.9634800 0.9406004 0.9593763 0.9845880 0.9981313 0.9647893 0.6555119 0.6483905 0.6588424 0.6870987 0.6380108 0.7296448 0.6347319 0.6612169 0.6668333 0.6518223 0.6473202 0.6108059 0.6281456 0.6322983 0.6812859 0.6729931 0.6873740 0.5994908 0.6241861 0.7033525 0.6859388 0.6927192 0.6669301 0.6826406 0.6080636 0.6405520 1.1749547 1.1585730 1.2129077 1.2073343 1.1896517 1.1902181 1.2654773 1.2354352 1.2403662 1.2078556 1.1770521 1.1356530 1.2215591 1.1580923 1.1655761 1.1292489 1.1292489 1.1123432 1.0869772 1.0676859 1.1332514 1.0761789 0.8458212 
S0032_G5842_R2_N 0.5117387 0.7412145 0.7932176 0.8023945 0.7561756 0.8177318 0.4962193 0.5083525 0.5457927 0.5611004 0.9092983 0.9092983 0.3972062 0.9355028 0.0487607 0.0111381 0.0000000 0.0139748 0.0470901 0.0459595 0.6478097 0.6467831 0.6601212 0.6698302 0.6702808 0.6716756 0.6555222 0.6477286 0.9382853 0.9517724 0.9669264 0.9762149 0.9748747 1.0100967 0.9382853 0.9689279 0.9748747 0.9517724 0.9707749 0.9963466 1.0100967 0.9762149 0.6694795 0.6621291 0.6728031 0.7016290 0.6517080 0.7448493 0.6481456 0.6752469 0.6809383 0.6657613 0.6616215 0.6122111 0.6424770 0.6465452 0.6956277 0.6871818 0.7017873 0.6132120 0.6377071 0.7182891 0.6960972 0.7034279 0.6811611 0.6970342 0.6053976 0.6376368 1.1685021 1.1521836 1.2064150 1.2008219 1.1832245 1.1837959 1.2533476 1.2271953 1.2320450 1.1999336 1.2041947 1.1628536 1.2259446 1.1852535 1.1926746 1.1333146 1.1333146 1.1271754 1.0806299 1.0613146 1.1268224 1.0699264 0.8571779 
S0032_G5842_R1_N 0.5068968 0.7282934 0.7912399 0.8033318 0.7477933 0.8060240 0.4967553 0.5089007 0.5397840 0.5545854 0.8948906 0.8948906 0.4035682 0.9367424 0.0340328 0.0196792 0.0139748 0.0000000 0.0320019 0.0312410 0.6488504 0.6478200 0.6484082 0.6709256 0.6650476 0.6727772 0.6565822 0.6487690 0.9319217 0.9453387 0.9604563 0.9697130 0.9683863 0.9934278 0.9319217 0.9800483 0.9683863 0.9453387 0.9642711 0.9799027 0.9934278 0.9697130 0.6703330 0.6629613 0.6736594 0.7025499 0.6525273 0.7458582 0.6489444 0.6761099 0.6818116 0.6666093 0.6684753 0.6190530 0.6493544 0.6533797 0.6965305 0.6880666 0.7027009 0.6139944 0.6385022 0.6990888 0.6970132 0.7044049 0.6820425 0.6979417 0.6066038 0.6451472 1.1915728 1.1748253 1.2301212 1.2245275 1.2063898 1.2069499 1.2807212 1.2086618 1.2005152 1.1800783 1.2191760 1.1546579 1.2173588 1.1771405 1.1846039 1.1255191 1.1255191 1.1194348 1.0628034 1.0542527 1.1196030 1.0629839 0.8508224 
S0025_G5842_R1_A 0.5069685 0.7131306 0.7733146 0.8040716 0.7098275 0.7910847 0.5046453 0.5168356 0.5430062 0.5565693 0.9260743 0.9260743 0.4063883 0.9230043 0.0624310 0.0502400 0.0470901 0.0320019 0.0000000 0.0230295 0.6528553 0.6517889 0.6524024 0.6756068 0.6695204 0.6775228 0.6608232 0.6527710 0.9103901 0.9237305 0.9389069 0.9386016 0.9546925 0.9716352 0.9103901 0.9581672 0.9546925 0.9237305 0.9426550 0.9581828 0.9716352 0.9386016 0.6445056 0.6431353 0.6457451 0.6700805 0.6142735 0.7201283 0.6235255 0.6444659 0.6501788 0.6407208 0.6418119 0.5909158 0.6347613 0.6263366 0.6615575 0.6564433 0.6903215 0.5868749 0.6236263 0.6629077 0.6714877 0.6821538 0.6538152 0.6636720 0.5962230 0.6416566 1.2010793 1.1836121 1.2509942 1.2353961 1.2260397 1.2266062 1.3124239 1.2398136 1.2325315 1.2220930 1.2468009 1.1800931 1.2465696 1.2137462 1.2213035 1.1486072 1.1486072 1.1421340 1.0068210 1.0268681 1.0719441 1.0265586 0.8425280 
S0029_G5842_R1_A 0.5081387 0.7423843 0.7848162 0.8189588 0.7554636 0.8307251 0.5060263 0.5182468 0.5342801 0.5466469 0.8752955 0.8752955 0.4117467 0.9409296 0.0640244 0.0520178 0.0459595 0.0312410 0.0230295 0.0000000 0.6572365 0.6561841 0.6567946 0.6795702 0.6735731 0.6814560 0.6650606 0.6571533 0.9128966 0.9259034 0.9406804 0.9496980 0.9484319 0.9725505 0.9128966 0.9594522 0.9484319 0.9259034 0.9443355 0.9594580 0.9725505 0.9496980 0.6410035 0.6275705 0.6377677 0.6722443 0.6171767 0.7144294 0.6143001 0.6343704 0.6456024 0.6245930 0.6382751 0.5886848 0.6253938 0.6231976 0.6730279 0.6583829 0.6855438 0.5848347 0.6159622 0.6681553 0.6862007 0.6742282 0.6522344 0.6678921 0.5970372 0.6352765 1.1871189 1.1703770 1.2351980 1.2295850 1.2112686 1.2118281 1.2598167 1.2130498 1.2166070 1.2168639 1.2364760 1.1478675 1.2103804 1.1805782 1.1880522 1.1190073 1.1190073 1.1129579 1.0397950 1.0504063 1.1148630 1.0590992 0.8389591 
S0038_G5842_R1_A 0.4664777 0.6600674 0.7040100 0.7208941 0.6788055 0.6693660 0.5257037 0.5376462 0.4667620 0.4851230 0.6159141 0.6159141 0.5596626 0.8857051 0.6549646 0.6634567 0.6478097 0.6488504 0.6528553 0.6572365 0.0000000 0.0141830 0.0228869 0.0346248 0.0287399 0.0200038 0.0286599 0.0228226 1.0282527 1.0433445 1.0499984 1.0696402 1.1251530 1.0980379 1.0282527 1.0445994 1.1251530 1.0433445 1.0346388 1.0666742 1.0980379 1.0696402 0.6543152 0.6297093 0.6382008 0.6841228 0.6274859 0.6628012 0.6141728 0.6617540 0.6450647 0.6329091 0.6375066 0.5778312 0.6213870 0.6253798 0.6365522 0.6557443 0.6615170 0.5623415 0.6673167 0.7118614 0.6522025 0.6557083 0.6908091 0.6900238 0.6401327 0.6401054 1.2293797 1.1985199 1.1811121 1.1437469 1.1558116 1.1564095 1.4019195 1.1631160 1.1540663 1.1757506 1.0429843 0.9744841 0.9746827 0.9939121 1.0014076 0.9437730 0.9437730 0.9393790 1.0807706 1.1156268 1.1107721 1.1399114 0.9366575 
S0044_G5842_R1_N 0.4715134 0.6658196 0.7104328 0.7202088 0.6849786 0.6620420 0.4991905 0.5110967 0.4601284 0.4778425 0.6014292 0.6014292 0.5515832 0.9005951 0.6539200 0.6623903 0.6467831 0.6478200 0.6517889 0.6561841 0.0141830 0.0000000 0.0085051 0.0258182 0.0258034 0.0228810 0.0142002 0.0141813 1.0448763 1.0602074 1.0668987 1.0868908 1.1430902 1.1158621 1.0448763 1.0617298 1.1430902 1.0602074 1.0514227 1.0839818 1.1158621 1.0868908 0.6287851 0.6047512 0.6131705 0.6575370 0.6021147 0.6367965 0.5896876 0.6358209 0.6196480 0.6073989 0.6112140 0.5517182 0.5948096 0.5989797 0.6114111 0.6423325 0.6353894 0.5375398 0.6536653 0.6973119 0.6384574 0.6419762 0.6710092 0.6701010 0.6328799 0.6327410 1.2042208 1.1742991 1.1570084 1.1203956 1.1325204 1.1331268 1.3597225 1.1301080 1.1313021 1.1525949 1.0517328 0.9732147 0.9635326 0.9829320 0.9904427 0.9333340 0.9333340 0.9290189 1.0390498 1.0821945 1.0781615 1.1272457 0.9347518 
S0045_G5842_R2_A 0.4826694 0.6728416 0.7183099 0.7390755 0.6925797 0.6665867 0.5118665 0.5237922 0.4589632 0.4765406 0.5986009 0.5986009 0.5746736 0.9125968 0.6545233 0.6759934 0.6601212 0.6484082 0.6524024 0.6567946 0.0228869 0.0085051 0.0000000 0.0317753 0.0315716 0.0317327 0.0200174 0.0199907 1.0700196 1.0858680 1.0926812 1.1134185 1.1712803 1.1435947 1.0700196 1.1076103 1.1712803 1.0858680 1.0768781 1.1105721 1.1435947 1.1134185 0.6397303 0.6094354 0.6178603 0.6625562 0.6068781 0.6416445 0.5942986 0.6241626 0.6083107 0.5960943 0.6219402 0.5624947 0.6056836 0.6097735 0.6161229 0.6409946 0.6402612 0.5363461 0.6522976 0.7025273 0.6371038 0.6321528 0.6824239 0.6815868 0.6551228 0.6616055 1.2468284 1.2151040 1.1975057 1.1593951 1.1714878 1.1720829 1.3903463 1.1115278 1.1443305 1.1659322 1.0850457 0.9949524 0.9851012 1.0042028 1.0116971 0.9534712 0.9534712 0.9489966 1.0650115 1.0944178 1.0900697 1.1554275 0.9416489 
S0045_G5842_R1_A 0.4824052 0.6548866 0.6837217 0.7002188 0.6820644 0.6438453 0.5094513 0.5085850 0.4666877 0.4830976 0.6111631 0.6111631 0.5313247 0.8922882 0.6701669 0.6859327 0.6698302 0.6709256 0.6756068 0.6795702 0.0346248 0.0258182 0.0317753 0.0000000 0.0407128 0.0436464 0.0346672 0.0346205 1.0267302 1.0417975 1.0484469 1.0680542 1.1235010 1.0963972 1.0267302 1.0430277 1.1235010 1.0417975 1.0331006 1.0650834 1.0963972 1.0680542 0.6468047 0.6223868 0.6308506 0.6570541 0.6200429 0.6551432 0.6070023 0.6460435 0.6375946 0.6311164 0.6274622 0.5622529 0.6054007 0.6094889 0.6291703 0.6356819 0.6369217 0.5490594 0.6595791 0.7055240 0.6385512 0.6568127 0.6898473 0.6890563 0.6503777 0.6284874 1.1922353 1.1631744 1.1461825 1.1104050 1.1223864 1.1229876 1.3311837 1.1422206 1.1537018 1.1754027 1.0627241 0.9834157 0.9836274 1.0112721 1.0187253 0.9521604 0.9521604 0.9477053 1.0499983 1.0934228 1.0891429 1.1382701 0.9518353 
S0040_G5842_R1_N 0.4700364 0.6759418 0.7336652 0.7419917 0.7075689 0.6838395 0.5215098 0.5268902 0.4649160 0.4906660 0.6265204 0.6265204 0.5723857 0.9236408 0.6842347 0.6862765 0.6702808 0.6650476 0.6695204 0.6735731 0.0287399 0.0258034 0.0315716 0.0407128 0.0000000 0.0376758 0.0405595 0.0405045 1.0635527 1.0793407 1.0861547 1.1068007 1.1645370 1.1368229 1.0635527 1.1009476 1.1645370 1.0793407 1.0703615 1.1039244 1.1368229 1.1068007 0.6433814 0.6130870 0.6214937 0.6562893 0.6030467 0.6453345 0.5979324 0.6443402 0.6280695 0.6159045 0.6366780 0.5587744 0.6016604 0.6057547 0.6197782 0.6384365 0.6382555 0.5388529 0.6496579 0.6757775 0.6471410 0.6383703 0.6925043 0.6917333 0.6688829 0.6756540 1.2644947 1.2322439 1.2146474 1.1761658 1.1881534 1.1887383 1.4175977 1.1572559 1.1483122 1.1697103 1.0680410 0.9792481 0.9794532 0.9985655 1.0060378 0.9483089 0.9483089 0.9438910 1.0810298 1.1109180 1.1061808 1.1507923 0.9871771 
S0042_G5842_R1_N 0.4746840 0.6666832 0.7113445 0.7279576 0.6859304 0.6762948 0.5364775 0.5485090 0.4803860 0.5000980 0.6304133 0.6304133 0.5564613 0.9029564 0.6720154 0.6878396 0.6716756 0.6727772 0.6775228 0.6814560 0.0200038 0.0228810 0.0317327 0.0436464 0.0376758 0.0000000 0.0346104 0.0287086 1.0391906 1.0544727 1.0611656 1.0810821 1.1171578 1.1099241 1.0391906 1.0559071 1.1171578 1.0544727 1.0456959 1.0781474 1.1099241 1.0810821 0.6590487 0.6341935 0.6427471 0.6892371 0.6320328 0.6676755 0.6184819 0.6666082 0.6497231 0.6287301 0.6353971 0.5818800 0.6191581 0.6231897 0.6411097 0.6669837 0.6595603 0.5664043 0.6722673 0.7243888 0.6570456 0.6560842 0.6840982 0.6832708 0.6642377 0.6645896 1.2546967 1.2226258 1.2049650 1.1665555 1.1786472 1.1792401 1.4312365 1.1947843 1.1749789 1.1971752 1.0635454 1.0139765 0.9939456 1.0129863 1.0204979 0.9806302 0.9806302 0.9759343 1.0827029 1.1285713 1.1233481 1.1529861 0.9450282 
S0041_G5842_R1_N 0.4718376 0.6742500 0.7198966 0.7292850 0.6941084 0.6707571 0.5074274 0.5193783 0.4601284 0.4778425 0.6014292 0.6014292 0.5681880 0.8809518 0.6499327 0.6713322 0.6555222 0.6565822 0.6608232 0.6650606 0.0286599 0.0142002 0.0200174 0.0346672 0.0405595 0.0346104 0.0000000 0.0113492 1.0503037 1.0656680 1.0723513 1.0923958 1.1486333 1.1214588 1.0503037 1.0672724 1.1486333 1.0656680 1.0568836 1.0895143 1.1214588 1.0923958 0.6557420 0.6310609 0.6395711 0.6726964 0.6226002 0.6642705 0.6154716 0.6632172 0.6464688 0.6276692 0.6262412 0.5664836 0.6099546 0.6140353 0.6379259 0.6571899 0.6503861 0.5438249 0.6817742 0.7273170 0.6470607 0.6505956 0.6923615 0.6915845 0.6487166 0.6419905 1.2223291 1.1916241 1.1741876 1.1369112 1.1490357 1.1496383 1.3813743 1.1256480 1.1268375 1.1481475 1.0476490 0.9695649 0.9599358 0.9793348 0.9868294 0.9300454 0.9300454 0.9257663 1.0843313 1.1299777 1.1247544 1.1755400 0.9490488 
S0043_G5842_R1_N 0.4613582 0.6599854 0.7040100 0.7140710 0.6787150 0.6560028 0.5256353 0.5375764 0.4601284 0.4778425 0.6014292 0.6014292 0.5524943 0.8940866 0.6357599 0.6633724 0.6477286 0.6487690 0.6527710 0.6571533 0.0228226 0.0141813 0.0199907 0.0346205 0.0405045 0.0287086 0.0113492 0.0000000 1.0469263 1.0623120 1.0690186 1.0890877 1.1454683 1.1181808 1.0469263 1.0638704 1.1454683 1.0623120 1.0535033 1.0861814 1.1181808 1.0890877 0.6542355 0.6296339 0.6381243 0.6646640 0.6274095 0.6627191 0.6141005 0.6616722 0.6449863 0.6262264 0.6247638 0.5651327 0.6084932 0.6125756 0.6364756 0.6556636 0.6488716 0.5501539 0.6736331 0.7254979 0.6330256 0.6557083 0.6710092 0.6701010 0.6333924 0.6332613 1.2291369 1.1982900 1.1808855 1.1435320 1.1555958 1.1561937 1.4016120 1.1421793 1.1434011 1.1649098 1.0633765 0.9743088 0.9745072 0.9937369 1.0012317 0.9436123 0.9436123 0.9392201 1.0805758 1.1258807 1.1207749 1.1712676 0.9454284 
S0038_G5842_R3_A 0.5613526 1.0825833 1.2356638 1.1848448 1.1933806 1.2092727 0.8695483 0.8605851 0.5547833 0.5159466 0.3239375 0.3239375 0.7206359 1.4552445 0.9489329 0.9273074 0.9382853 0.9319217 0.9103901 0.9128966 1.0282527 1.0448763 1.0700196 1.0267302 1.0635527 1.0391906 1.0503037 1.0469263 0.0000000 0.0167754 0.0139449 0.0225017 0.0282691 0.0518223 0.0000010 0.0228790 0.0282691 0.0167754 0.0398142 0.0428345 0.0518223 0.0225017 0.8477916 0.8494754 0.8703555 0.8892121 0.8610349 0.8942683 0.8332668 0.8767115 0.8609285 0.8459012 0.9034174 0.9083796 0.8746849 0.8469211 0.8580981 0.8179591 0.9008304 0.8260263 0.8560008 1.0103991 0.8881754 0.9782493 0.8949405 0.8962309 0.8721607 0.8327969 1.4156500 1.3798098 1.3452819 1.3271246 1.4287830 1.4034637 1.3488088 1.4237099 1.3690636 1.3713132 0.7436784 0.6729581 0.6666068 0.6738116 0.6813980 0.6770394 0.6770394 0.6791787 1.0711762 1.1062486 1.0962502 1.0772079 0.6335934 
S0040_G5842_R3_N 0.5819971 1.0985619 1.2561362 1.2029754 1.2125490 1.2188008 0.8840233 0.8747184 0.5725913 0.5339487 0.3343076 0.3343076 0.7413043 1.4678975 0.9626148 0.9406004 0.9517724 0.9453387 0.9237305 0.9259034 1.0433445 1.0602074 1.0858680 1.0417975 1.0793407 1.0544727 1.0656680 1.0623120 0.0167754 0.0000000 0.0253274 0.0225595 0.0341232 0.0579269 0.0167754 0.0228958 0.0341232 0.0000010 0.0457720 0.0488351 0.0579269 0.0225595 0.8751456 0.8769167 0.8985010 0.9179380 0.8893986 0.9232764 0.8602632 0.9049555 0.8887780 0.8732920 0.9239585 0.9302670 0.8952580 0.8666138 0.8855762 0.8443469 0.9387835 0.8456356 0.8835774 1.0434921 0.9176235 1.0116907 0.9235603 0.9249254 0.8846989 0.8449472 1.3979941 1.3629092 1.3290053 1.3111508 1.4112203 1.3864114 1.3460759 1.4480855 1.3918921 1.3942509 0.7699029 0.6983782 0.6916683 0.6985198 0.7061234 0.7015163 0.7015163 0.7037773 1.0784349 1.1348239 1.1038478 1.0845929 0.6496423 
S0044_G5842_R3_N 0.5809318 1.0667502 1.2403711 1.1893082 1.2144474 1.2014015 0.8922349 0.8827698 0.5857468 0.5474997 0.3556192 0.3556192 0.7410428 1.5030339 0.9779167 0.9556078 0.9669264 0.9604563 0.9389069 0.9406804 1.0499984 1.0668987 1.0926812 1.0484469 1.0861547 1.0611656 1.0723513 1.0690186 0.0139449 0.0253274 0.0000000 0.0253179 0.0311005 0.0487838 0.0139449 0.0316687 0.0311005 0.0253274 0.0368518 0.0398494 0.0487838 0.0253179 0.8584134 0.8601333 0.8813150 0.9004241 0.8720651 0.9055968 0.8437301 0.8877188 0.8637543 0.8565347 0.9236654 0.9299523 0.8949694 0.8663426 0.8687828 0.8281671 0.9121228 0.8453691 0.8667204 1.0235048 0.8829903 0.9997295 0.9061203 0.9074414 0.8672628 0.8437488 1.4462911 1.4092122 1.3736653 1.3550171 1.4592171 1.4330618 1.3563905 1.4048176 1.3765764 1.3788683 0.7682395 0.6968734 0.6901953 0.6970575 0.7046486 0.7000634 0.7000634 0.7023137 1.0560434 1.0901937 1.0807945 1.0619070 0.6419186 
S0045_G5842_R6_A 0.5644844 1.1059001 1.2633389 1.2099881 1.2139682 1.2233015 0.9154983 0.9055089 0.5691295 0.5306172 0.3337056 0.3337056 0.7619598 1.4770920 0.9873129 0.9647893 0.9762149 0.9697130 0.9386016 0.9496980 1.0696402 1.0868908 1.1134185 1.0680542 1.1068007 1.0810821 1.0923958 1.0890877 0.0225017 0.0225595 0.0253179 0.0000000 0.0253653 0.0458630 0.0225017 0.0288487 0.0253653 0.0225595 0.0339795 0.0311706 0.0458630 0.0000010 0.8883721 0.8901922 0.9121984 0.9319898 0.9031742 0.9374891 0.8732654 0.9187219 0.8940393 0.8865308 0.9478990 0.9558331 0.9281111 0.8894333 0.8988976 0.8569993 0.9531117 0.8651449 0.8969410 1.0415047 0.9086265 1.0109906 0.9460852 0.9475149 0.9076690 0.8588933 1.4491252 1.4119041 1.3640973 1.3718922 1.4491420 1.4232109 1.3815008 1.4457319 1.3897278 1.3920745 0.7666344 0.6873178 0.6881325 0.6950710 0.7027126 0.6981163 0.6981163 0.7003720 1.0811120 1.1171723 1.1066584 1.0873189 0.6663133 
S0045_G5842_R5_A 0.6060854 1.1330033 1.2976338 1.2404460 1.2693727 1.2790133 0.9368185 0.9263614 0.5963707 0.5581864 0.3356738 0.3356738 0.7633642 1.5171203 0.9859417 0.9634800 0.9748747 0.9683863 0.9546925 0.9484319 1.1251530 1.1430902 1.1712803 1.1235010 1.1645370 1.1171578 1.1486333 1.1454683 0.0282691 0.0341232 0.0311005 0.0253653 0.0000000 0.0640290 0.0282691 0.0289021 0.0000010 0.0341232 0.0517397 0.0489026 0.0640290 0.0253653 0.9089865 0.9108771 0.9334623 0.9286319 0.9246010 0.9594609 0.8935859 0.9400656 0.9148850 0.9071698 0.9705168 0.9537553 0.9418424 0.9110637 0.9196157 0.8768249 0.9751931 0.8975524 0.9177370 1.0578700 0.9621882 1.0540808 0.9592335 0.9607031 0.9130986 0.8890475 1.4210315 1.4094152 1.3495976 1.3675161 1.4342611 1.4085427 1.3594697 1.4589373 1.4018711 1.4042865 0.7625038 0.6974199 0.6838425 0.6982177 0.7058867 0.7012428 0.7012428 0.6962166 1.0734002 1.0984613 1.0886806 1.0695729 0.6514819 
S0047_G5842_R3_N 0.6096856 1.1678412 1.3558705 1.2812114 1.3284270 1.3259694 0.9675497 0.9563228 0.6337340 0.6043205 0.3462314 0.3462314 0.8266246 1.5620878 1.0116071 0.9981313 1.0100967 0.9934278 0.9716352 0.9725505 1.0980379 1.1158621 1.1435947 1.0963972 1.1368229 1.1099241 1.1214588 1.1181808 0.0518223 0.0579269 0.0487838 0.0458630 0.0640290 0.0000000 0.0518223 0.0652301 0.0640290 0.0579269 0.0283234 0.0226489 0.0000010 0.0458630 0.9431952 0.9452093 0.9688230 0.9899344 0.9602287 0.9960790 0.9272725 0.9755673 0.9495017 0.9414147 1.0082489 1.0204880 0.9891037 0.9470174 0.9540111 0.9096405 1.0120097 0.9309530 0.9522664 1.1183594 0.9488696 1.0494034 0.9767899 0.9879034 0.9662645 0.9153555 1.4318281 1.3948088 1.3471161 1.3286500 1.4321194 1.4063081 1.4140346 1.4801009 1.4068675 1.4093131 0.7886857 0.7082230 0.7166520 0.7231930 0.7308727 0.7334687 0.7334687 0.7359112 1.1124997 1.1992630 1.1851037 1.1233981 0.6691854 
S0038_G5842_R4_A 0.5613526 1.0825833 1.2356638 1.1848448 1.1933806 1.2092727 0.8695483 0.8605851 0.5547833 0.5159466 0.3239375 0.3239375 0.7206359 1.4552445 0.9489329 0.9273074 0.9382853 0.9319217 0.9103901 0.9128966 1.0282527 1.0448763 1.0700196 1.0267302 1.0635527 1.0391906 1.0503037 1.0469263 0.0000010 0.0167754 0.0139449 0.0225017 0.0282691 0.0518223 0.0000000 0.0228790 0.0282691 0.0167754 0.0398142 0.0428345 0.0518223 0.0225017 0.8477916 0.8494754 0.8703555 0.8892121 0.8610349 0.8942683 0.8332668 0.8767115 0.8609285 0.8459012 0.9034174 0.9083796 0.8746849 0.8469211 0.8580981 0.8179591 0.9008304 0.8260263 0.8560008 1.0103991 0.8881754 0.9782493 0.8949405 0.8962309 0.8721607 0.8327969 1.4156500 1.3798098 1.3452819 1.3271246 1.4287830 1.4034637 1.3488088 1.4237099 1.3690636 1.3713132 0.7436784 0.6729581 0.6666068 0.6738116 0.6813980 0.6770394 0.6770394 0.6791787 1.0711762 1.1062486 1.0962502 1.0772079 0.6335934 
S0042_G5842_R4_N 0.5960213 1.1014654 1.2609309 1.1855134 1.2168062 1.2452136 0.8871016 0.8776158 0.5541639 0.5146098 0.3435667 0.3435667 0.7475584 1.4382662 0.9980838 0.9573992 0.9689279 0.9800483 0.9581672 0.9594522 1.0445994 1.0617298 1.1076103 1.0430277 1.1009476 1.0559071 1.0672724 1.0638704 0.0228790 0.0228958 0.0316687 0.0288487 0.0289021 0.0652301 0.0228790 0.0000000 0.0289021 0.0228958 0.0526990 0.0498096 0.0652301 0.0288487 0.8821730 0.8839922 0.8949578 0.9259493 0.8969027 0.9144202 0.8669856 0.9126463 0.8961328 0.8721311 0.9340353 0.9411277 0.9049043 0.8753904 0.8927844 0.8506894 0.9301401 0.8692042 0.8907833 1.0546358 0.9247596 1.0225079 0.9148303 0.9161940 0.8927818 0.8612319 1.4165698 1.3803542 1.3454754 1.3271361 1.4298201 1.4042379 1.3131225 1.4233827 1.3678396 1.3701226 0.7220933 0.6724556 0.6808237 0.6660898 0.6738428 0.6629059 0.6629059 0.6650273 1.0904912 1.1369912 1.1166302 1.0969025 0.6185542 
S0045_G5842_R7_A 0.6060854 1.1330033 1.2976338 1.2404460 1.2693727 1.2790133 0.9368185 0.9263614 0.5963707 0.5581864 0.3356738 0.3356738 0.7633642 1.5171203 0.9859417 0.9634800 0.9748747 0.9683863 0.9546925 0.9484319 1.1251530 1.1430902 1.1712803 1.1235010 1.1645370 1.1171578 1.1486333 1.1454683 0.0282691 0.0341232 0.0311005 0.0253653 0.0000010 0.0640290 0.0282691 0.0289021 0.0000000 0.0341232 0.0517397 0.0489026 0.0640290 0.0253653 0.9089865 0.9108771 0.9334623 0.9286319 0.9246010 0.9594609 0.8935859 0.9400656 0.9148850 0.9071698 0.9705168 0.9537553 0.9418424 0.9110637 0.9196157 0.8768249 0.9751931 0.8975524 0.9177370 1.0578700 0.9621882 1.0540808 0.9592335 0.9607031 0.9130986 0.8890475 1.4210315 1.4094152 1.3495976 1.3675161 1.4342611 1.4085427 1.3594697 1.4589373 1.4018711 1.4042865 0.7625038 0.6974199 0.6838425 0.6982177 0.7058867 0.7012428 0.7012428 0.6962166 1.0734002 1.0984613 1.0886806 1.0695729 0.6514819 
S0040_G5842_R4_N 0.5819971 1.0985619 1.2561362 1.2029754 1.2125490 1.2188008 0.8840233 0.8747184 0.5725913 0.5339487 0.3343076 0.3343076 0.7413043 1.4678975 0.9626148 0.9406004 0.9517724 0.9453387 0.9237305 0.9259034 1.0433445 1.0602074 1.0858680 1.0417975 1.0793407 1.0544727 1.0656680 1.0623120 0.0167754 0.0000010 0.0253274 0.0225595 0.0341232 0.0579269 0.0167754 0.0228958 0.0341232 0.0000000 0.0457720 0.0488351 0.0579269 0.0225595 0.8751456 0.8769167 0.8985010 0.9179380 0.8893986 0.9232764 0.8602632 0.9049555 0.8887780 0.8732920 0.9239585 0.9302670 0.8952580 0.8666138 0.8855762 0.8443469 0.9387835 0.8456356 0.8835774 1.0434921 0.9176235 1.0116907 0.9235603 0.9249254 0.8846989 0.8449472 1.3979941 1.3629092 1.3290053 1.3111508 1.4112203 1.3864114 1.3460759 1.4480855 1.3918921 1.3942509 0.7699029 0.6983782 0.6916683 0.6985198 0.7061234 0.7015163 0.7015163 0.7037773 1.0784349 1.1348239 1.1038478 1.0845929 0.6496423 
S0041_G5842_R3_N 0.5628390 1.1111053 1.2704675 1.2255910 1.2568144 1.2546493 0.9153846 0.9053994 0.5857821 0.5552909 0.3337056 0.3337056 0.7710404 1.4847495 0.9721457 0.9593763 0.9707749 0.9642711 0.9426550 0.9443355 1.0346388 1.0514227 1.0768781 1.0331006 1.0703615 1.0456959 1.0568836 1.0535033 0.0398142 0.0457720 0.0368518 0.0339795 0.0517397 0.0283234 0.0398142 0.0526990 0.0517397 0.0457720 0.0000000 0.0196681 0.0283234 0.0339795 0.8851979 0.8870028 0.9088657 0.9285328 0.8998393 0.9339818 0.8701727 0.9153602 0.8908161 0.8833572 0.9442611 0.9519263 0.9244894 0.8861023 0.8956804 0.8540185 0.9495463 0.8702424 0.8937179 1.0560098 0.9052394 1.0067935 0.9251071 0.9355124 0.8957936 0.8474716 1.4290217 1.3927050 1.3458362 1.3276734 1.4293516 1.4040252 1.3225005 1.3721197 1.3199843 1.3220373 0.7534930 0.6897292 0.6905225 0.6973825 0.7049768 0.7076266 0.7076266 0.7099135 1.0767426 1.1385168 1.1270545 1.0787525 0.6505382 
S0043_G5842_R4_N 0.5871525 1.1377109 1.3166363 1.2470097 1.2908809 1.2885714 0.9454627 0.9347382 0.6160016 0.5861120 0.3581789 0.3581789 0.7892701 1.5129587 0.9978064 0.9845880 0.9963466 0.9799027 0.9581828 0.9594580 1.0666742 1.0839818 1.1105721 1.0650834 1.1039244 1.0781474 1.0895143 1.0861814 0.0428345 0.0488351 0.0398494 0.0311706 0.0489026 0.0226489 0.0428345 0.0498096 0.0489026 0.0488351 0.0196681 0.0000000 0.0226489 0.0311706 0.8973976 0.8992466 0.9214836 0.9414625 0.9125385 0.9470567 0.8821767 0.9280359 0.9031599 0.8955688 0.9577364 0.9663389 0.9380721 0.8988992 0.9079588 0.8657096 0.9627125 0.8829832 0.9204155 1.0894458 0.9105597 1.0309339 0.9378636 0.9484415 0.9177918 0.8686984 1.4462638 1.4086746 1.3604053 1.3417175 1.4463265 1.4201367 1.3591674 1.4230312 1.3538405 1.3560413 0.7727635 0.6934191 0.6941907 0.7010245 0.7086502 0.7112994 0.7112994 0.7136138 1.0372907 1.1352284 1.1239294 1.0758713 0.6688979 
S0047_G5842_R4_N 0.6096856 1.1678412 1.3558705 1.2812114 1.3284270 1.3259694 0.9675497 0.9563228 0.6337340 0.6043205 0.3462314 0.3462314 0.8266246 1.5620878 1.0116071 0.9981313 1.0100967 0.9934278 0.9716352 0.9725505 1.0980379 1.1158621 1.1435947 1.0963972 1.1368229 1.1099241 1.1214588 1.1181808 0.0518223 0.0579269 0.0487838 0.0458630 0.0640290 0.0000010 0.0518223 0.0652301 0.0640290 0.0579269 0.0283234 0.0226489 0.0000000 0.0458630 0.9431952 0.9452093 0.9688230 0.9899344 0.9602287 0.9960790 0.9272725 0.9755673 0.9495017 0.9414147 1.0082489 1.0204880 0.9891037 0.9470174 0.9540111 0.9096405 1.0120097 0.9309530 0.9522664 1.1183594 0.9488696 1.0494034 0.9767899 0.9879034 0.9662645 0.9153555 1.4318281 1.3948088 1.3471161 1.3286500 1.4321194 1.4063081 1.4140346 1.4801009 1.4068675 1.4093131 0.7886857 0.7082230 0.7166520 0.7231930 0.7308727 0.7334687 0.7334687 0.7359112 1.1124997 1.1992630 1.1851037 1.1233981 0.6691854 
S0045_G5842_R8_A 0.5644844 1.1059001 1.2633389 1.2099881 1.2139682 1.2233015 0.9154983 0.9055089 0.5691295 0.5306172 0.3337056 0.3337056 0.7619598 1.4770920 0.9873129 0.9647893 0.9762149 0.9697130 0.9386016 0.9496980 1.0696402 1.0868908 1.1134185 1.0680542 1.1068007 1.0810821 1.0923958 1.0890877 0.0225017 0.0225595 0.0253179 0.0000010 0.0253653 0.0458630 0.0225017 0.0288487 0.0253653 0.0225595 0.0339795 0.0311706 0.0458630 0.0000000 0.8883721 0.8901922 0.9121984 0.9319898 0.9031742 0.9374891 0.8732654 0.9187219 0.8940393 0.8865308 0.9478990 0.9558331 0.9281111 0.8894333 0.8988976 0.8569993 0.9531117 0.8651449 0.8969410 1.0415047 0.9086265 1.0109906 0.9460852 0.9475149 0.9076690 0.8588933 1.4491252 1.4119041 1.3640973 1.3718922 1.4491420 1.4232109 1.3815008 1.4457319 1.3897278 1.3920745 0.7666344 0.6873178 0.6881325 0.6950710 0.7027126 0.6981163 0.6981163 0.7003720 1.0811120 1.1171723 1.1066584 1.0873189 0.6663133 
S0002_G5842_R1_A 0.3385901 0.6600463 0.6598725 0.6980387 0.6985043 0.7043274 0.3934403 0.3911090 0.4214723 0.4349634 0.6945000 0.6945000 0.5013778 0.9566468 0.6752689 0.6555119 0.6694795 0.6703330 0.6445056 0.6410035 0.6543152 0.6287851 0.6397303 0.6468047 0.6433814 0.6590487 0.6557420 0.6542355 0.8477916 0.8751456 0.8584134 0.8883721 0.9089865 0.9431952 0.8477916 0.8821730 0.9089865 0.8751456 0.8851979 0.8973976 0.9431952 0.8883721 0.0000000 0.0367906 0.0485495 0.0518000 0.0493388 0.0576395 0.0428617 0.0546469 0.0605516 0.0615278 0.0661430 0.0567668 0.0740703 0.0542646 0.0456339 0.0544085 0.0638490 0.0518257 0.0885850 0.1963151 0.1260586 0.1246156 0.0824019 0.0668593 0.4619509 0.4373196 1.1388443 1.1057286 1.1131809 1.0803933 1.0857602 1.1061558 1.3315186 1.2650206 1.1664719 1.1572625 0.8740246 0.7929421 0.7979695 0.7386571 0.7460712 0.7770737 0.7770737 0.7951370 0.9142184 0.9089812 0.9211582 0.9567678 0.8925159 
