57
S0039_G5849_R1_A 0.0000000 0.0132286 0.1941765 0.5869694 0.6837059 0.5733875 0.6163180 0.6487175 0.6240169 0.6646501 0.6632505 0.6342403 0.6915581 0.6971598 0.6570537 0.7348060 0.6868443 0.7078735 0.6965559 0.7175930 0.7091329 0.7093815 0.7377360 0.6864632 0.6709117 0.6985622 0.6941369 0.6897607 0.6973461 0.8085699 0.7161420 0.8075580 0.6862912 0.6937083 0.7465733 0.7239203 0.6859577 0.7020216 1.0787813 1.1601828 1.0906954 1.1849948 1.1001278 1.3899522 1.1438186 0.7776232 0.8546355 0.8539134 0.9070811 0.9316037 0.9292792 0.9151111 0.9013869 0.9393800 0.9197194 0.9178261 0.9511713 
S0051_G5849_R1_A 0.0132286 0.0000000 0.1903687 0.5925555 0.6852267 0.5748945 0.6203487 0.6488288 0.6340025 0.6674198 0.6684036 0.6333475 0.6906595 0.6902802 0.6561998 0.7339200 0.6859587 0.7090035 0.6956547 0.7125760 0.7082438 0.7084910 0.7391285 0.6855538 0.6700082 0.6959129 0.6956928 0.6915689 0.6989669 0.8076380 0.7152498 0.8019257 0.6882855 0.6928054 0.7437735 0.7270875 0.6831130 0.7087944 1.0660862 1.1463697 1.0808968 1.1647154 1.0816880 1.3925521 1.1378955 0.7922861 0.8380394 0.8374336 0.8950348 0.9193338 0.9170459 0.9030406 0.8931626 0.9270055 0.9074689 0.8970539 0.9389686 
S0051_G5849_R2_A 0.1941765 0.1903687 0.0000000 0.6017642 0.6860451 0.5054198 0.5664520 0.7019070 0.6542078 0.6962021 0.6459706 0.8052859 0.8473917 0.8384983 0.7953011 0.8838226 0.8692843 0.8644031 0.8748820 0.8750485 0.8685174 0.8625879 0.8860570 0.8496757 0.8305619 0.8389149 0.8414400 0.8563745 0.8367837 0.9629559 0.8617023 0.8830483 0.8507129 0.8488038 0.7868151 0.8931083 0.8472326 0.6973417 1.2354391 1.3129419 1.2444192 1.2151827 1.2206058 1.5307630 1.1650843 0.7729604 0.8583885 0.8623217 0.9417144 0.9520973 0.9494338 0.9507783 0.9303220 0.9676587 0.9498885 0.9641065 0.9724655 
S0010_G5849_R1_V 0.5869694 0.5925555 0.6017642 0.0000000 0.1066405 0.3899802 0.3556778 0.5340194 0.4571321 0.5201731 0.6132259 0.6258510 0.6471713 0.6416472 0.6239164 0.6656501 0.6469488 0.6646054 0.6491342 0.6712378 0.6771697 0.6783062 0.7072912 0.6299215 0.6535085 0.6583714 0.6484927 0.6646708 0.6568212 0.7245385 0.6578072 0.7542396 0.6562477 0.6683174 0.5733785 0.6585795 0.6548100 0.6870872 0.9993509 1.0691952 0.9936483 1.0856802 1.0965989 1.1889571 1.1034679 0.8611978 0.9028526 0.9339074 1.0140856 1.0151119 1.0238925 1.0244173 1.0362703 1.0515619 1.0222374 1.0402696 1.0736909 
S0009_G5849_R1_U 0.6837059 0.6852267 0.6860451 0.1066405 0.0000000 0.3770544 0.3710148 0.5314455 0.4625916 0.5341358 0.6575577 0.6974892 0.7171282 0.7328368 0.6707547 0.7402059 0.7289977 0.7266872 0.7052702 0.7409075 0.7496812 0.7510782 0.7911645 0.6801338 0.7047121 0.7192210 0.7132351 0.7190557 0.7026485 0.8089162 0.7240939 0.7786248 0.7344114 0.7394680 0.5693510 0.7227802 0.7298082 0.7731842 1.0116479 1.0860355 1.0092508 1.0449348 1.0759595 1.1209237 1.0820714 0.8947580 0.8757474 0.9031044 1.0115747 1.0143015 1.0198105 1.0384243 1.0292028 1.0562412 1.0145295 1.0307439 1.0880134 
S0027_G5849_R1_A 0.5733875 0.5748945 0.5054198 0.3899802 0.3770544 0.0000000 0.1716020 0.3437851 0.2558698 0.3409688 0.4780950 0.6580635 0.6633443 0.6686438 0.6417139 0.6555571 0.6617222 0.6661693 0.6867969 0.6837954 0.6744494 0.6709378 0.7036087 0.6202864 0.6794912 0.6630423 0.6514370 0.6873046 0.6343309 0.7150610 0.6334071 0.7215417 0.6305248 0.6585263 0.6326772 0.6673459 0.6646287 0.6605784 0.7742320 0.8109681 0.7902917 0.7903283 0.7726041 1.0710061 0.9420818 0.6982012 0.6926910 0.7464032 0.8191528 0.7993721 0.7888918 0.7832120 0.8100669 0.8282474 0.7987386 0.8125377 0.8314439 
S0014_G5849_R1_A 0.6163180 0.6203487 0.5664520 0.3556778 0.3710148 0.1716020 0.0000000 0.3577798 0.2800956 0.3556194 0.5341673 0.6551656 0.6621735 0.6726630 0.6395123 0.6640489 0.6601295 0.6791704 0.7125031 0.6914476 0.6692212 0.6623666 0.7270083 0.6229952 0.6405363 0.6633516 0.6415560 0.6615757 0.6346189 0.7314539 0.6388961 0.7144807 0.6629320 0.6759239 0.5970765 0.6651659 0.6702640 0.6775221 0.8703659 0.9243192 0.8997234 0.8970153 0.8918600 1.2169829 0.9419714 0.6593578 0.7456272 0.7935805 0.7840585 0.7586658 0.7490628 0.7473886 0.7522268 0.7808450 0.7597606 0.7665992 0.7907669 
S0034_G5849_R1_A 0.6487175 0.6488288 0.7019070 0.5340194 0.5314455 0.3437851 0.3577798 0.0000000 0.1691564 0.1448405 0.5538468 0.5550751 0.5533338 0.5558531 0.5282953 0.5694929 0.5643072 0.5807168 0.5795788 0.5849491 0.5922218 0.5932800 0.6181745 0.5740933 0.5493633 0.5984567 0.5626700 0.5838104 0.5627753 0.6508294 0.5659968 0.6485601 0.5711335 0.5786133 0.4569369 0.5916249 0.5791086 0.6560441 0.8345133 0.9172441 0.8554945 0.9030206 0.8591687 1.1377911 0.9192263 0.7132304 0.7940313 0.8055483 0.8831210 0.8903345 0.8834347 0.8682787 0.8942881 0.8992334 0.8849205 0.8942070 0.9205311 
S0008_G5849_R1_A 0.6240169 0.6340025 0.6542078 0.4571321 0.4625916 0.2558698 0.2800956 0.1691564 0.0000000 0.1465414 0.4794526 0.4834385 0.4914061 0.4892424 0.4709933 0.4967685 0.5011195 0.5053162 0.5058536 0.5060492 0.5175054 0.5207363 0.5226905 0.4859942 0.4914904 0.5216134 0.4892720 0.4916898 0.4835744 0.5854922 0.4875493 0.5859272 0.5014262 0.5221481 0.4109192 0.5093462 0.4968122 0.6362947 0.7598288 0.8190978 0.7743365 0.8337476 0.7635137 1.0090738 0.8995318 0.6725992 0.7720530 0.7870100 0.8300410 0.8201757 0.8095876 0.8125134 0.8185733 0.8449691 0.8232388 0.8285484 0.8595003 
S0015_G5849_R1_A 0.6646501 0.6674198 0.6962021 0.5201731 0.5341358 0.3409688 0.3556194 0.1448405 0.1465414 0.0000000 0.5817182 0.5235430 0.5284230 0.5216784 0.4956940 0.5414861 0.5390796 0.5583588 0.5393129 0.5523980 0.5552902 0.5527144 0.5787520 0.5492784 0.5293909 0.5723888 0.5286977 0.5521921 0.5402806 0.6378116 0.5474355 0.6061481 0.5437365 0.5520729 0.4650320 0.5593748 0.5487849 0.7032619 0.8035526 0.8730038 0.8379371 0.9081111 0.8266435 1.0797779 0.9313614 0.7038520 0.7766968 0.7889565 0.8744154 0.8929492 0.8923199 0.8651574 0.8878363 0.9143991 0.8981249 0.8912648 0.9148622 
S0014_G5849_R2_A 0.6632505 0.6684036 0.6459706 0.6132259 0.6575577 0.4780950 0.5341673 0.5538468 0.4794526 0.5817182 0.0000000 0.7699141 0.7906091 0.7770061 0.7523420 0.7857675 0.7765541 0.8160709 0.7687691 0.8085985 0.8163202 0.8099340 0.8124142 0.7769484 0.7952633 0.8040192 0.7937380 0.7851156 0.7434683 0.8806027 0.7724005 0.8451938 0.7600665 0.7875497 0.7486031 0.7765193 0.7939502 0.6753670 0.8589530 0.8762860 0.8316987 0.9020801 0.7925607 0.9896889 0.7919236 0.6337144 0.7443767 0.7418133 0.7371686 0.7502390 0.7403305 0.7343768 0.7495056 0.7692517 0.7517931 0.7231226 0.7818079 
S0031_G5849_R1_A 0.6342403 0.6333475 0.8052859 0.6258510 0.6974892 0.6580635 0.6551656 0.5550751 0.4834385 0.5235430 0.7699141 0.0000000 0.0528495 0.0806466 0.0696592 0.0821996 0.0448003 0.0899649 0.0676855 0.0822429 0.0952672 0.0916664 0.1467448 0.0875107 0.0779981 0.1005482 0.0819831 0.0926594 0.0937927 0.2178894 0.0922962 0.2531921 0.0917000 0.0863981 0.2352303 0.1092001 0.0605232 0.7302528 0.7106935 0.7915148 0.7282760 0.8546772 0.7632615 0.9697047 1.0057139 0.9009596 0.7535200 0.7730061 0.7418688 0.7038250 0.7076601 0.6948975 0.7144458 0.7252247 0.7217486 0.7215487 0.7397488 
S0016_G5849_R1_A 0.6915581 0.6906595 0.8473917 0.6471713 0.7171282 0.6633443 0.6621735 0.5533338 0.4914061 0.5284230 0.7906091 0.0528495 0.0000000 0.0793406 0.0663659 0.0761315 0.0716373 0.0885077 0.0827390 0.0784798 0.0922102 0.0902253 0.1386742 0.0896935 0.0749366 0.1012399 0.0775187 0.0888046 0.0880777 0.2201429 0.0905019 0.2481907 0.0933243 0.0855234 0.2411851 0.1066344 0.0576792 0.7708287 0.7115550 0.7975963 0.7372427 0.8709821 0.7730087 0.9506583 1.0177869 0.9077406 0.7328198 0.7439907 0.7300262 0.6958072 0.7034804 0.6779185 0.7031099 0.7136981 0.7102822 0.7039557 0.7269899 
S0017_G5849_R1_A 0.6971598 0.6902802 0.8384983 0.6416472 0.7328368 0.6686438 0.6726630 0.5558531 0.4892424 0.5216784 0.7770061 0.0806466 0.0793406 0.0000000 0.0743745 0.0901194 0.0977446 0.0971614 0.1046890 0.0890384 0.1047472 0.1033060 0.1505509 0.1001810 0.0844776 0.1081133 0.0871872 0.1010969 0.1024690 0.2207362 0.1041520 0.2672773 0.1040791 0.1005403 0.2475030 0.1136048 0.0850368 0.7517534 0.7382882 0.8058289 0.7642818 0.8704176 0.7658962 0.9686959 1.0134075 0.8620823 0.7500279 0.7681822 0.7958237 0.7521431 0.7544528 0.7372938 0.7639471 0.7744793 0.7671856 0.7745636 0.7823310 
S0030_G5849_R1_A 0.6570537 0.6561998 0.7953011 0.6239164 0.6707547 0.6417139 0.6395123 0.5282953 0.4709933 0.4956940 0.7523420 0.0696592 0.0663659 0.0743745 0.0000000 0.0839168 0.0912679 0.0958820 0.0916436 0.0752908 0.0991666 0.0975491 0.1481246 0.0921930 0.0777649 0.1034965 0.0838083 0.0906889 0.0940612 0.2254269 0.0940707 0.2600573 0.0967393 0.0894343 0.2390330 0.1066959 0.0750928 0.7542127 0.7284585 0.8153928 0.7468559 0.8763138 0.7821150 0.9043171 0.9975951 0.7797726 0.7398606 0.7490449 0.7435426 0.7055578 0.7082139 0.6881783 0.7280347 0.7333884 0.7278561 0.7286497 0.7463178 
S0022_G5849_R1_A 0.7348060 0.7339200 0.8838226 0.6656501 0.7402059 0.6555571 0.6640489 0.5694929 0.4967685 0.5414861 0.7857675 0.0821996 0.0761315 0.0901194 0.0839168 0.0000000 0.0988087 0.1011969 0.1087453 0.0894714 0.1055755 0.1035972 0.1530749 0.1011600 0.0882366 0.1136394 0.0915297 0.1057709 0.1015318 0.2365298 0.0947267 0.2702502 0.1047596 0.0989313 0.2570058 0.1134001 0.0857409 0.7641846 0.7074677 0.7767442 0.7299403 0.8517860 0.7506728 0.9243221 1.0258447 0.8822045 0.7820428 0.7959980 0.7848704 0.7382437 0.7559867 0.7290646 0.7558836 0.7705659 0.7602904 0.7632441 0.7753390 
S0018_G5849_R1_A 0.6868443 0.6859587 0.8692843 0.6469488 0.7289977 0.6617222 0.6601295 0.5643072 0.5011195 0.5390796 0.7765541 0.0448003 0.0716373 0.0977446 0.0912679 0.0988087 0.0000000 0.1060233 0.0824848 0.0964756 0.1130051 0.1101441 0.1630260 0.1109948 0.0978018 0.1185681 0.0969004 0.1114485 0.1075067 0.2239360 0.1060985 0.2724781 0.1072188 0.1016743 0.2457598 0.1209305 0.0766074 0.7338381 0.7359241 0.8165948 0.7516111 0.9033756 0.7796070 0.9852592 1.0285130 0.8979615 0.7573413 0.7735550 0.7626757 0.7172114 0.7256257 0.7080620 0.7281120 0.7391355 0.7402996 0.7297339 0.7509670 
S0013_G5849_R1_A 0.7078735 0.7090035 0.8644031 0.6646054 0.7266872 0.6661693 0.6791704 0.5807168 0.5053162 0.5583588 0.8160709 0.0899649 0.0885077 0.0971614 0.0958820 0.1011969 0.1060233 0.0000000 0.1191409 0.0987368 0.1058375 0.1045917 0.1548403 0.1105949 0.0916124 0.1143293 0.0995828 0.1100621 0.1129360 0.2363420 0.1112494 0.2794493 0.1086096 0.1027075 0.2567281 0.1283259 0.0996563 0.7870037 0.7592969 0.8408119 0.7888285 0.9101927 0.8053001 1.0026206 1.0050957 0.9078270 0.7790179 0.8027750 0.7425774 0.7073461 0.7151405 0.6962674 0.7131449 0.7300762 0.7287372 0.7188695 0.7444105 
S0037_G5849_R1_A 0.6965559 0.6956547 0.8748820 0.6491342 0.7052702 0.6867969 0.7125031 0.5795788 0.5058536 0.5393129 0.7687691 0.0676855 0.0827390 0.1046890 0.0916436 0.1087453 0.0824848 0.1191409 0.0000000 0.1079228 0.1216182 0.1204181 0.1696091 0.1182475 0.1061606 0.1297459 0.1097932 0.1186704 0.1251102 0.2336468 0.1180195 0.2838391 0.1145367 0.1132038 0.2536411 0.1390976 0.0847789 0.7639816 0.7361326 0.8216528 0.7538710 0.9107352 0.7871608 0.9678096 1.0388989 0.8553408 0.7489543 0.7622939 0.7337040 0.7057574 0.7096906 0.6927139 0.7184679 0.7294022 0.7210796 0.7224562 0.7379514 
S0046_G5849_R1_A 0.7175930 0.7125760 0.8750485 0.6712378 0.7409075 0.6837954 0.6914476 0.5849491 0.5060492 0.5523980 0.8085985 0.0822429 0.0784798 0.0890384 0.0752908 0.0894714 0.0964756 0.0987368 0.1079228 0.0000000 0.1019666 0.1007536 0.1434159 0.1029224 0.0856913 0.1130581 0.0885137 0.1004966 0.0984312 0.2184634 0.1014623 0.2665492 0.1049122 0.0953022 0.2370406 0.1177540 0.0795893 0.7793757 0.7408037 0.8091225 0.7626461 0.8923253 0.7719058 0.9558164 1.0295728 0.9069734 0.7696770 0.7722958 0.7857747 0.7507359 0.7522641 0.7379231 0.7621471 0.7769219 0.7665140 0.7695369 0.7803616 
S0048_G5849_R1_A 0.7091329 0.7082438 0.8685174 0.6771697 0.7496812 0.6744494 0.6692212 0.5922218 0.5175054 0.5552902 0.8163202 0.0952672 0.0922102 0.1047472 0.0991666 0.1055755 0.1130051 0.1058375 0.1216182 0.1019666 0.0000000 0.0077731 0.1625326 0.1102358 0.0992116 0.1243571 0.1026763 0.1131188 0.1134390 0.2323139 0.1149357 0.2817429 0.1124605 0.1040785 0.2695774 0.1314830 0.0997053 0.7960973 0.7517954 0.8341141 0.7812486 0.9048342 0.8030237 0.9958198 1.0022423 0.9595662 0.7680813 0.7902487 0.7884351 0.7425771 0.7532236 0.7327084 0.7513966 0.7758374 0.7642495 0.7575598 0.7899359 
S0050_G5849_R1_A 0.7093815 0.7084910 0.8625879 0.6783062 0.7510782 0.6709378 0.6623666 0.5932800 0.5207363 0.5527144 0.8099340 0.0916664 0.0902253 0.1033060 0.0975491 0.1035972 0.1101441 0.1045917 0.1204181 0.1007536 0.0077731 0.0000000 0.1615160 0.1080341 0.0972096 0.1213723 0.1006814 0.1119619 0.1112214 0.2311577 0.1118566 0.2806350 0.1103877 0.1020560 0.2639888 0.1293773 0.0984892 0.7868256 0.7531319 0.8307191 0.7826420 0.9025963 0.7989979 0.9889937 1.0110313 0.9451709 0.7645971 0.7867453 0.7812808 0.7355591 0.7406259 0.7257316 0.7443499 0.7687184 0.7571602 0.7505005 0.7828879 
S0012_G5849_R1_A 0.7377360 0.7391285 0.8860570 0.7072912 0.7911645 0.7036087 0.7270083 0.6181745 0.5226905 0.5787520 0.8124142 0.1467448 0.1386742 0.1505509 0.1481246 0.1530749 0.1630260 0.1548403 0.1696091 0.1434159 0.1625326 0.1615160 0.0000000 0.1544292 0.1452541 0.1682230 0.1454859 0.1530351 0.1517419 0.2829088 0.1579059 0.3171285 0.1621238 0.1555020 0.2965862 0.1696667 0.1438465 0.8217284 0.7608038 0.8346658 0.7879272 0.9066250 0.7957344 1.0164036 1.0569432 0.9270301 0.7766582 0.7987068 0.8291420 0.7965245 0.7979172 0.7735262 0.7916051 0.8115769 0.8072219 0.8007592 0.8360485 
S0020_G5849_R1_A 0.6864632 0.6855538 0.8496757 0.6299215 0.6801338 0.6202864 0.6229952 0.5740933 0.4859942 0.5492784 0.7769484 0.0875107 0.0896935 0.1001810 0.0921930 0.1011600 0.1109948 0.1105949 0.1182475 0.1029224 0.1102358 0.1080341 0.1544292 0.0000000 0.0692570 0.0655801 0.0803975 0.0801995 0.0581441 0.2226435 0.0489177 0.2489294 0.0868175 0.0777307 0.2415340 0.0723643 0.0966229 0.7472761 0.7091132 0.7785226 0.7325772 0.8653662 0.7437507 0.9549134 0.9748999 0.8618436 0.7543034 0.7748716 0.7436624 0.7109913 0.7189375 0.7041894 0.7231263 0.7346743 0.7269959 0.7178757 0.7362613 
S0023_G5849_R1_A 0.6709117 0.6700082 0.8305619 0.6535085 0.7047121 0.6794912 0.6405363 0.5493633 0.4914904 0.5293909 0.7952633 0.0779981 0.0749366 0.0844776 0.0777649 0.0882366 0.0978018 0.0916124 0.1061606 0.0856913 0.0992116 0.0972096 0.1452541 0.0692570 0.0000000 0.0801437 0.0651766 0.0753586 0.0710430 0.2043233 0.0701827 0.2358412 0.0756047 0.0684980 0.2196233 0.0857456 0.0853604 0.7880020 0.7446943 0.8158854 0.7695458 0.8887212 0.7827390 0.9725131 1.0114962 0.8994268 0.7683514 0.7851752 0.7616674 0.7285055 0.7364345 0.7216315 0.7311775 0.7456021 0.7387363 0.7470528 0.7449722 
S0002_G5849_R1_A 0.6985622 0.6959129 0.8389149 0.6583714 0.7192210 0.6630423 0.6633516 0.5984567 0.5216134 0.5723888 0.8040192 0.1005482 0.1012399 0.1081133 0.1034965 0.1136394 0.1185681 0.1143293 0.1297459 0.1130581 0.1243571 0.1213723 0.1682230 0.0655801 0.0801437 0.0000000 0.0914521 0.0920043 0.0694848 0.2245033 0.0716133 0.2645849 0.1013441 0.0934313 0.2471967 0.0793505 0.1081990 0.7764531 0.7484011 0.8218139 0.7816777 0.9000403 0.7849828 0.9717899 1.0299209 0.8872852 0.7737251 0.7875726 0.7701700 0.7250937 0.7316744 0.7183247 0.7360975 0.7504545 0.7375733 0.7368494 0.7382832 
S0026_G5849_R1_A 0.6941369 0.6956928 0.8414400 0.6484927 0.7132351 0.6514370 0.6415560 0.5626700 0.4892720 0.5286977 0.7937380 0.0819831 0.0775187 0.0871872 0.0838083 0.0915297 0.0969004 0.0995828 0.1097932 0.0885137 0.1026763 0.1006814 0.1454859 0.0803975 0.0651766 0.0914521 0.0000000 0.0680384 0.0768349 0.2109519 0.0768159 0.2428041 0.0804707 0.0718083 0.2189547 0.0933067 0.0840310 0.7434381 0.7197848 0.7932986 0.7508355 0.8481416 0.7791030 0.9348044 1.0224449 0.9060616 0.7452617 0.7609150 0.7846877 0.7445312 0.7523869 0.7376414 0.7440236 0.7617132 0.7594120 0.7631431 0.7693616 
S0028_G5849_R1_A 0.6897607 0.6915689 0.8563745 0.6646708 0.7190557 0.6873046 0.6615757 0.5838104 0.4916898 0.5521921 0.7851156 0.0926594 0.0888046 0.1010969 0.0906889 0.1057709 0.1114485 0.1100621 0.1186704 0.1004966 0.1131188 0.1119619 0.1530351 0.0801995 0.0753586 0.0920043 0.0680384 0.0000000 0.0759302 0.2106356 0.0819209 0.2540054 0.0966153 0.0886291 0.2434481 0.0940018 0.1010507 0.7556060 0.7408020 0.8198227 0.7786841 0.8613871 0.7876752 0.9727817 1.0176099 0.9021947 0.7101262 0.7279901 0.7709729 0.7383400 0.7450646 0.7268622 0.7365519 0.7511794 0.7368002 0.7485082 0.7590580 
S0036_G5849_R1_A 0.6973461 0.6989669 0.8367837 0.6568212 0.7026485 0.6343309 0.6346189 0.5627753 0.4835744 0.5402806 0.7434683 0.0937927 0.0880777 0.1024690 0.0940612 0.1015318 0.1075067 0.1129360 0.1251102 0.0984312 0.1134390 0.1112214 0.1517419 0.0581441 0.0710430 0.0694848 0.0768349 0.0759302 0.0000000 0.2157381 0.0591356 0.2545676 0.0862438 0.0790507 0.2432993 0.0742871 0.0998550 0.7646754 0.7430437 0.8272720 0.7761251 0.9091195 0.7956511 0.9462137 1.0280708 0.8669032 0.7423271 0.7653523 0.7796059 0.7430169 0.7417058 0.7286748 0.7561077 0.7703539 0.7547374 0.7556770 0.7512096 
S0005_G5849_R1_A 0.8085699 0.8076380 0.9629559 0.7245385 0.8089162 0.7150610 0.7314539 0.6508294 0.5854922 0.6378116 0.8806027 0.2178894 0.2201429 0.2207362 0.2254269 0.2365298 0.2239360 0.2363420 0.2336468 0.2184634 0.2323139 0.2311577 0.2829088 0.2226435 0.2043233 0.2245033 0.2109519 0.2106356 0.2157381 0.0000000 0.2053468 0.2483155 0.2120185 0.2142904 0.2324880 0.2301530 0.2178503 0.8616403 0.8420046 0.9236224 0.8680683 1.0314500 0.9071839 1.0346191 1.1433995 1.0072685 0.8851972 0.9277276 0.9844741 0.9298058 0.9201650 0.9158824 0.9253306 0.9544654 0.9283840 0.9445600 0.9359640 
S0019_G5849_R1_A 0.7161420 0.7152498 0.8617023 0.6578072 0.7240939 0.6334071 0.6388961 0.5659968 0.4875493 0.5474355 0.7724005 0.0922962 0.0905019 0.1041520 0.0940707 0.0947267 0.1060985 0.1112494 0.1180195 0.1014623 0.1149357 0.1118566 0.1579059 0.0489177 0.0701827 0.0716133 0.0768159 0.0819209 0.0591356 0.2053468 0.0000000 0.2445665 0.0869080 0.0786158 0.2455791 0.0722729 0.0966627 0.7435810 0.7129279 0.7849881 0.7469750 0.8646388 0.7650569 0.9376840 1.0120200 0.9132110 0.7562787 0.7795860 0.7561932 0.7301171 0.7317104 0.7233209 0.7411852 0.7556040 0.7580162 0.7437474 0.7484480 
S0035_G5849_R1_A 0.8075580 0.8019257 0.8830483 0.7542396 0.7786248 0.7215417 0.7144807 0.6485601 0.5859272 0.6061481 0.8451938 0.2531921 0.2481907 0.2672773 0.2600573 0.2702502 0.2724781 0.2794493 0.2838391 0.2665492 0.2817429 0.2806350 0.3171285 0.2489294 0.2358412 0.2645849 0.2428041 0.2540054 0.2545676 0.2483155 0.2445665 0.0000000 0.2555988 0.2466178 0.2638723 0.2553062 0.2623768 0.8133629 0.9193848 0.9679659 0.9193098 1.0291602 0.9374379 1.1367436 1.1859219 0.9621957 0.8577502 0.8731213 0.9230406 0.8756427 0.8864183 0.8848143 0.8932082 0.9074694 0.9132966 0.9113891 0.8987818 
S0021_G5849_R1_A 0.6862912 0.6882855 0.8507129 0.6562477 0.7344114 0.6305248 0.6629320 0.5711335 0.5014262 0.5437365 0.7600665 0.0917000 0.0933243 0.1040791 0.0967393 0.1047596 0.1072188 0.1086096 0.1145367 0.1049122 0.1124605 0.1103877 0.1621238 0.0868175 0.0756047 0.1013441 0.0804707 0.0966153 0.0862438 0.2120185 0.0869080 0.2555988 0.0000000 0.0330908 0.2330185 0.1000816 0.0976962 0.7471531 0.7498783 0.8085338 0.7816984 0.8539196 0.7885596 0.9828852 0.9999806 0.8663017 0.7338845 0.7558696 0.7340922 0.7012868 0.7058787 0.6887045 0.7135834 0.7270453 0.7335957 0.7139261 0.7301716 
S0021_G5849_R2_A 0.6937083 0.6928054 0.8488038 0.6683174 0.7394680 0.6585263 0.6759239 0.5786133 0.5221481 0.5520729 0.7875497 0.0863981 0.0855234 0.1005403 0.0894343 0.0989313 0.1016743 0.1027075 0.1132038 0.0953022 0.1040785 0.1020560 0.1555020 0.0777307 0.0684980 0.0934313 0.0718083 0.0886291 0.0790507 0.2142904 0.0786158 0.2466178 0.0330908 0.0000000 0.2283493 0.0921139 0.0915224 0.7550446 0.7321714 0.7993430 0.7663169 0.8571890 0.7798031 0.9653291 0.9965514 0.8920249 0.7321366 0.7535210 0.7232458 0.6918467 0.6963100 0.6797812 0.7063788 0.7176562 0.7176250 0.7039902 0.7228417 
S0033_G5849_R1_A 0.7465733 0.7437735 0.7868151 0.5733785 0.5693510 0.6326772 0.5970765 0.4569369 0.4109192 0.4650320 0.7486031 0.2352303 0.2411851 0.2475030 0.2390330 0.2570058 0.2457598 0.2567281 0.2536411 0.2370406 0.2695774 0.2639888 0.2965862 0.2415340 0.2196233 0.2471967 0.2189547 0.2434481 0.2432993 0.2324880 0.2455791 0.2638723 0.2330185 0.2283493 0.0000000 0.2510784 0.2400780 0.7823423 0.8429787 0.8838405 0.8611397 0.9468262 0.8868510 1.0123824 1.1129580 0.7659674 0.8431300 0.8596145 0.8540793 0.8390382 0.8137027 0.8223947 0.8366500 0.8476665 0.8446208 0.8527556 0.8267020 
S0011_G5849_R1_A 0.7239203 0.7270875 0.8931083 0.6585795 0.7227802 0.6673459 0.6651659 0.5916249 0.5093462 0.5593748 0.7765193 0.1092001 0.1066344 0.1136048 0.1066959 0.1134001 0.1209305 0.1283259 0.1390976 0.1177540 0.1314830 0.1293773 0.1696667 0.0723643 0.0857456 0.0793505 0.0933067 0.0940018 0.0742871 0.2301530 0.0722729 0.2553062 0.1000816 0.0921139 0.2510784 0.0000000 0.1162064 0.7750900 0.7424967 0.8071752 0.7690351 0.8854504 0.7738140 0.9550171 1.0194820 0.9157193 0.7559906 0.7774312 0.7760859 0.7296203 0.7394759 0.7290553 0.7396713 0.7555059 0.7533972 0.7544876 0.7484380 
S0004_G5849_R1_A 0.6859577 0.6831130 0.8472326 0.6548100 0.7298082 0.6646287 0.6702640 0.5791086 0.4968122 0.5487849 0.7939502 0.0605232 0.0576792 0.0850368 0.0750928 0.0857409 0.0766074 0.0996563 0.0847789 0.0795893 0.0997053 0.0984892 0.1438465 0.0966229 0.0853604 0.1081990 0.0840310 0.1010507 0.0998550 0.2178503 0.0966627 0.2623768 0.0976962 0.0915224 0.2400780 0.1162064 0.0000000 0.7782760 0.7436633 0.8348822 0.7678834 0.9192625 0.8096815 0.9980320 1.0392101 0.8905162 0.7517471 0.7619430 0.7517778 0.7131526 0.7209333 0.7012190 0.7239501 0.7348809 0.7325329 0.7311245 0.7423131 
S0006_G5849_R1_A 0.7020216 0.7087944 0.6973417 0.6870872 0.7731842 0.6605784 0.6775221 0.6560441 0.6362947 0.7032619 0.6753670 0.7302528 0.7708287 0.7517534 0.7542127 0.7641846 0.7338381 0.7870037 0.7639816 0.7793757 0.7960973 0.7868256 0.8217284 0.7472761 0.7880020 0.7764531 0.7434381 0.7556060 0.7646754 0.8616403 0.7435810 0.8133629 0.7471531 0.7550446 0.7823423 0.7750900 0.7782760 0.0000000 1.0547378 1.0761620 1.0673140 1.0940975 1.0511534 1.2909663 1.1467006 0.7400403 0.8134800 0.8611469 0.8455265 0.8452740 0.8356887 0.8450567 0.8618760 0.8636141 0.8573429 0.8433189 0.8517207 
S0025_G5849_R1_A 1.0787813 1.0660862 1.2354391 0.9993509 1.0116479 0.7742320 0.8703659 0.8345133 0.7598288 0.8035526 0.8589530 0.7106935 0.7115550 0.7382882 0.7284585 0.7074677 0.7359241 0.7592969 0.7361326 0.7408037 0.7517954 0.7531319 0.7608038 0.7091132 0.7446943 0.7484011 0.7197848 0.7408020 0.7430437 0.8420046 0.7129279 0.9193848 0.7498783 0.7321714 0.8429787 0.7424967 0.7436633 1.0547378 0.0000000 0.0743122 0.0384229 0.1353715 0.0881405 0.2582515 0.7270720 0.8538873 0.8508791 0.8819513 0.8495791 0.8366861 0.8422939 0.8274453 0.8413619 0.8274996 0.8353768 0.8550942 0.8243773 
S0032_G5849_R1_N 1.1601828 1.1463697 1.3129419 1.0691952 1.0860355 0.8109681 0.9243192 0.9172441 0.8190978 0.8730038 0.8762860 0.7915148 0.7975963 0.8058289 0.8153928 0.7767442 0.8165948 0.8408119 0.8216528 0.8091225 0.8341141 0.8307191 0.8346658 0.7785226 0.8158854 0.8218139 0.7932986 0.8198227 0.8272720 0.9236224 0.7849881 0.9679659 0.8085338 0.7993430 0.8838405 0.8071752 0.8348822 1.0761620 0.0743122 0.0000000 0.0673984 0.0995067 0.0400327 0.2200381 0.7352444 0.8414546 0.9002960 0.9335113 0.8799204 0.8576030 0.8700469 0.8652983 0.8603037 0.8486062 0.8693374 0.8837371 0.8536732 
S0029_G5849_R1_A 1.0906954 1.0808968 1.2444192 0.9936483 1.0092508 0.7902917 0.8997234 0.8554945 0.7743365 0.8379371 0.8316987 0.7282760 0.7372427 0.7642818 0.7468559 0.7299403 0.7516111 0.7888285 0.7538710 0.7626461 0.7812486 0.7826420 0.7879272 0.7325772 0.7695458 0.7816777 0.7508355 0.7786841 0.7761251 0.8680683 0.7469750 0.9193098 0.7816984 0.7663169 0.8611397 0.7690351 0.7678834 1.0673140 0.0384229 0.0673984 0.0000000 0.1342193 0.0852445 0.2617109 0.7346726 0.8345095 0.8735760 0.9099691 0.9008407 0.8779241 0.8905289 0.8773679 0.8874378 0.8687931 0.8814820 0.9067419 0.8699385 
S0001_G5849_R1_A 1.1849948 1.1647154 1.2151827 1.0856802 1.0449348 0.7903283 0.8970153 0.9030206 0.8337476 0.9081111 0.9020801 0.8546772 0.8709821 0.8704176 0.8763138 0.8517860 0.9033756 0.9101927 0.9107352 0.8923253 0.9048342 0.9025963 0.9066250 0.8653662 0.8887212 0.9000403 0.8481416 0.8613871 0.9091195 1.0314500 0.8646388 1.0291602 0.8539196 0.8571890 0.9468262 0.8854504 0.9192625 1.0940975 0.1353715 0.0995067 0.1342193 0.0000000 0.1079496 0.3014402 0.7570939 0.8097120 0.8635443 0.8981249 0.8699747 0.8498551 0.8690632 0.8687489 0.8479575 0.8351198 0.8605071 0.8732072 0.8476594 
S0024_G5849_R1_A 1.1001278 1.0816880 1.2206058 1.0965989 1.0759595 0.7726041 0.8918600 0.8591687 0.7635137 0.8266435 0.7925607 0.7632615 0.7730087 0.7658962 0.7821150 0.7506728 0.7796070 0.8053001 0.7871608 0.7719058 0.8030237 0.7989979 0.7957344 0.7437507 0.7827390 0.7849828 0.7791030 0.7876752 0.7956511 0.9071839 0.7650569 0.9374379 0.7885596 0.7798031 0.8868510 0.7738140 0.8096815 1.0511534 0.0881405 0.0400327 0.0852445 0.1079496 0.0000000 0.2353827 0.6983574 0.7928144 0.8204314 0.8792330 0.7960093 0.7806153 0.7967711 0.7902110 0.7838781 0.7772200 0.7818869 0.7951748 0.7929970 
S0032_G5849_R2_N 1.3899522 1.3925521 1.5307630 1.1889571 1.1209237 1.0710061 1.2169829 1.1377911 1.0090738 1.0797779 0.9896889 0.9697047 0.9506583 0.9686959 0.9043171 0.9243221 0.9852592 1.0026206 0.9678096 0.9558164 0.9958198 0.9889937 1.0164036 0.9549134 0.9725131 0.9717899 0.9348044 0.9727817 0.9462137 1.0346191 0.9376840 1.1367436 0.9828852 0.9653291 1.0123824 0.9550171 0.9980320 1.2909663 0.2582515 0.2200381 0.2617109 0.3014402 0.2353827 0.0000000 0.8850914 0.9336122 1.0565543 1.1025951 1.0906576 1.0655736 1.0571390 1.0756553 1.0650053 1.0732613 1.0832238 1.1169239 1.0404578 
S0049_G5849_R1_A 1.1438186 1.1378955 1.1650843 1.1034679 1.0820714 0.9420818 0.9419714 0.9192263 0.8995318 0.9313614 0.7919236 1.0057139 1.0177869 1.0134075 0.9975951 1.0258447 1.0285130 1.0050957 1.0388989 1.0295728 1.0022423 1.0110313 1.0569432 0.9748999 1.0114962 1.0299209 1.0224449 1.0176099 1.0280708 1.1433995 1.0120200 1.1859219 0.9999806 0.9965514 1.1129580 1.0194820 1.0392101 1.1467006 0.7270720 0.7352444 0.7346726 0.7570939 0.6983574 0.8850914 0.0000000 0.9241355 0.9618759 0.9754422 0.8200422 0.8198987 0.8286299 0.8155274 0.8272308 0.8212867 0.8062768 0.8121369 0.8304135 
S0003_G5849_R1_N 0.7776232 0.7922861 0.7729604 0.8611978 0.8947580 0.6982012 0.6593578 0.7132304 0.6725992 0.7038520 0.6337144 0.9009596 0.9077406 0.8620823 0.7797726 0.8822045 0.8979615 0.9078270 0.8553408 0.9069734 0.9595662 0.9451709 0.9270301 0.8618436 0.8994268 0.8872852 0.9060616 0.9021947 0.8669032 1.0072685 0.9132110 0.9621957 0.8663017 0.8920249 0.7659674 0.9157193 0.8905162 0.7400403 0.8538873 0.8414546 0.8345095 0.8097120 0.7928144 0.9336122 0.9241355 0.0000000 0.7113504 0.7188196 0.6348659 0.6284923 0.6394475 0.6289336 0.6241220 0.6345788 0.6167445 0.6395370 0.6567927 
S0045_G5849_R3_A 0.8546355 0.8380394 0.8583885 0.9028526 0.8757474 0.6926910 0.7456272 0.7940313 0.7720530 0.7766968 0.7443767 0.7535200 0.7328198 0.7500279 0.7398606 0.7820428 0.7573413 0.7790179 0.7489543 0.7696770 0.7680813 0.7645971 0.7766582 0.7543034 0.7683514 0.7737251 0.7452617 0.7101262 0.7423271 0.8851972 0.7562787 0.8577502 0.7338845 0.7321366 0.8431300 0.7559906 0.7517471 0.8134800 0.8508791 0.9002960 0.8735760 0.8635443 0.8204314 1.0565543 0.9618759 0.7113504 0.0000000 0.0357861 0.4765909 0.4578084 0.4639589 0.4600742 0.4683822 0.4713575 0.4582644 0.4574858 0.4714446 
S0045_G5849_R4_A 0.8539134 0.8374336 0.8623217 0.9339074 0.9031044 0.7464032 0.7935805 0.8055483 0.7870100 0.7889565 0.7418133 0.7730061 0.7439907 0.7681822 0.7490449 0.7959980 0.7735550 0.8027750 0.7622939 0.7722958 0.7902487 0.7867453 0.7987068 0.7748716 0.7851752 0.7875726 0.7609150 0.7279901 0.7653523 0.9277276 0.7795860 0.8731213 0.7558696 0.7535210 0.8596145 0.7774312 0.7619430 0.8611469 0.8819513 0.9335113 0.9099691 0.8981249 0.8792330 1.1025951 0.9754422 0.7188196 0.0357861 0.0000000 0.4953552 0.4761900 0.4824311 0.4784242 0.4870941 0.4900736 0.4768169 0.4737438 0.4898141 
S0038_G5849_R1_A 0.9070811 0.8950348 0.9417144 1.0140856 1.0115747 0.8191528 0.7840585 0.8831210 0.8300410 0.8744154 0.7371686 0.7418688 0.7300262 0.7958237 0.7435426 0.7848704 0.7626757 0.7425774 0.7337040 0.7857747 0.7884351 0.7812808 0.8291420 0.7436624 0.7616674 0.7701700 0.7846877 0.7709729 0.7796059 0.9844741 0.7561932 0.9230406 0.7340922 0.7232458 0.8540793 0.7760859 0.7517778 0.8455265 0.8495791 0.8799204 0.9008407 0.8699747 0.7960093 1.0906576 0.8200422 0.6348659 0.4765909 0.4953552 0.0000000 0.0278182 0.0340783 0.0253294 0.0380451 0.0379038 0.0393674 0.0339709 0.0381249 
S0044_G5849_R1_N 0.9316037 0.9193338 0.9520973 1.0151119 1.0143015 0.7993721 0.7586658 0.8903345 0.8201757 0.8929492 0.7502390 0.7038250 0.6958072 0.7521431 0.7055578 0.7382437 0.7172114 0.7073461 0.7057574 0.7507359 0.7425771 0.7355591 0.7965245 0.7109913 0.7285055 0.7250937 0.7445312 0.7383400 0.7430169 0.9298058 0.7301171 0.8756427 0.7012868 0.6918467 0.8390382 0.7296203 0.7131526 0.8452740 0.8366861 0.8576030 0.8779241 0.8498551 0.7806153 1.0655736 0.8198987 0.6284923 0.4578084 0.4761900 0.0278182 0.0000000 0.0131012 0.0167660 0.0254638 0.0253703 0.0267401 0.0241186 0.0268264 
S0045_G5849_R1_A 0.9292792 0.9170459 0.9494338 1.0238925 1.0198105 0.7888918 0.7490628 0.8834347 0.8095876 0.8923199 0.7403305 0.7076601 0.7034804 0.7544528 0.7082139 0.7559867 0.7256257 0.7151405 0.7096906 0.7522641 0.7532236 0.7406259 0.7979172 0.7189375 0.7364345 0.7316744 0.7523869 0.7450646 0.7417058 0.9201650 0.7317104 0.8864183 0.7058787 0.6963100 0.8137027 0.7394759 0.7209333 0.8356887 0.8422939 0.8700469 0.8905289 0.8690632 0.7967711 1.0571390 0.8286299 0.6394475 0.4639589 0.4824311 0.0340783 0.0131012 0.0000000 0.0228954 0.0291641 0.0291299 0.0304520 0.0315212 0.0306280 
S0042_G5849_R1_N 0.9151111 0.9030406 0.9507783 1.0244173 1.0384243 0.7832120 0.7473886 0.8682787 0.8125134 0.8651574 0.7343768 0.6948975 0.6779185 0.7372938 0.6881783 0.7290646 0.7080620 0.6962674 0.6927139 0.7379231 0.7327084 0.7257316 0.7735262 0.7041894 0.7216315 0.7183247 0.7376414 0.7268622 0.7286748 0.9158824 0.7233209 0.8848143 0.6887045 0.6797812 0.8223947 0.7290553 0.7012190 0.8450567 0.8274453 0.8652983 0.8773679 0.8687489 0.7902110 1.0756553 0.8155274 0.6289336 0.4600742 0.4784242 0.0253294 0.0167660 0.0228954 0.0000000 0.0279827 0.0278458 0.0292693 0.0265406 0.0280068 
S0041_G5849_R1_N 0.9013869 0.8931626 0.9303220 1.0362703 1.0292028 0.8100669 0.7522268 0.8942881 0.8185733 0.8878363 0.7495056 0.7144458 0.7031099 0.7639471 0.7280347 0.7558836 0.7281120 0.7131449 0.7184679 0.7621471 0.7513966 0.7443499 0.7916051 0.7231263 0.7311775 0.7360975 0.7440236 0.7365519 0.7561077 0.9253306 0.7411852 0.8932082 0.7135834 0.7063788 0.8366500 0.7396713 0.7239501 0.8618760 0.8413619 0.8603037 0.8874378 0.8479575 0.7838781 1.0650053 0.8272308 0.6241220 0.4683822 0.4870941 0.0380451 0.0254638 0.0291641 0.0279827 0.0000000 0.0205131 0.0157159 0.0329203 0.0308113 
S0043_G5849_R1_N 0.9393800 0.9270055 0.9676587 1.0515619 1.0562412 0.8282474 0.7808450 0.8992334 0.8449691 0.9143991 0.7692517 0.7252247 0.7136981 0.7744793 0.7333884 0.7705659 0.7391355 0.7300762 0.7294022 0.7769219 0.7758374 0.7687184 0.8115769 0.7346743 0.7456021 0.7504545 0.7617132 0.7511794 0.7703539 0.9544654 0.7556040 0.9074694 0.7270453 0.7176562 0.8476665 0.7555059 0.7348809 0.8636141 0.8274996 0.8486062 0.8687931 0.8351198 0.7772200 1.0732613 0.8212867 0.6345788 0.4713575 0.4900736 0.0379038 0.0253703 0.0291299 0.0278458 0.0205131 0.0000000 0.0229935 0.0303971 0.0343778 
S0047_G5849_R1_N 0.9197194 0.9074689 0.9498885 1.0222374 1.0145295 0.7987386 0.7597606 0.8849205 0.8232388 0.8981249 0.7517931 0.7217486 0.7102822 0.7671856 0.7278561 0.7602904 0.7402996 0.7287372 0.7210796 0.7665140 0.7642495 0.7571602 0.8072219 0.7269959 0.7387363 0.7375733 0.7594120 0.7368002 0.7547374 0.9283840 0.7580162 0.9132966 0.7335957 0.7176250 0.8446208 0.7533972 0.7325329 0.8573429 0.8353768 0.8693374 0.8814820 0.8605071 0.7818869 1.0832238 0.8062768 0.6167445 0.4582644 0.4768169 0.0393674 0.0267401 0.0304520 0.0292693 0.0157159 0.0229935 0.0000000 0.0343087 0.0333850 
S0040_G5849_R1_N 0.9178261 0.8970539 0.9641065 1.0402696 1.0307439 0.8125377 0.7665992 0.8942070 0.8285484 0.8912648 0.7231226 0.7215487 0.7039557 0.7745636 0.7286497 0.7632441 0.7297339 0.7188695 0.7224562 0.7695369 0.7575598 0.7505005 0.8007592 0.7178757 0.7470528 0.7368494 0.7631431 0.7485082 0.7556770 0.9445600 0.7437474 0.9113891 0.7139261 0.7039902 0.8527556 0.7544876 0.7311245 0.8433189 0.8550942 0.8837371 0.9067419 0.8732072 0.7951748 1.1169239 0.8121369 0.6395370 0.4574858 0.4737438 0.0339709 0.0241186 0.0315212 0.0265406 0.0329203 0.0303971 0.0343087 0.0000000 0.0355784 
S0045_G5849_R2_A 0.9511713 0.9389686 0.9724655 1.0736909 1.0880134 0.8314439 0.7907669 0.9205311 0.8595003 0.9148622 0.7818079 0.7397488 0.7269899 0.7823310 0.7463178 0.7753390 0.7509670 0.7444105 0.7379514 0.7803616 0.7899359 0.7828879 0.8360485 0.7362613 0.7449722 0.7382832 0.7693616 0.7590580 0.7512096 0.9359640 0.7484480 0.8987818 0.7301716 0.7228417 0.8267020 0.7484380 0.7423131 0.8517207 0.8243773 0.8536732 0.8699385 0.8476594 0.7929970 1.0404578 0.8304135 0.6567927 0.4714446 0.4898141 0.0381249 0.0268264 0.0306280 0.0280068 0.0308113 0.0343778 0.0333850 0.0355784 0.0000000 
