56
S0039_G5857_R1_U 0.0000000 0.0903988 0.4425356 0.4391264 0.4255952 0.4448584 0.4311754 0.4330731 0.4410435 0.4527578 0.4172818 0.4430029 0.4389835 0.4319832 0.4275107 0.4431758 0.4409575 0.4470499 0.4314731 0.4296408 0.4471158 0.4312375 0.5317143 0.4244393 0.4726141 0.4435342 0.4212335 0.4482185 0.4442413 0.4409487 0.3337749 0.4355136 0.3972577 0.4604420 0.4648152 0.6187420 0.5491511 0.5067752 0.4761302 0.4396827 0.7776898 0.7178753 0.8389517 0.7181627 0.8079659 0.8833984 1.2914734 1.6935022 0.7369772 0.7383007 0.7587501 0.7269671 0.7489882 0.7370443 0.7318585 0.7516906 
S0051_G5857_R1_V 0.0903988 0.0000000 0.4515822 0.4500344 0.4304531 0.4481319 0.4390348 0.4388783 0.4518828 0.4558635 0.4334738 0.4535967 0.4428556 0.4313606 0.4295817 0.4421955 0.4496756 0.4453617 0.4478008 0.4529949 0.4540621 0.4334813 0.5031517 0.4394332 0.4726861 0.4418254 0.4214917 0.4581201 0.4294174 0.4228067 0.3264841 0.4273566 0.3828118 0.4448923 0.4492777 0.6419424 0.5395547 0.5045074 0.4571325 0.4532789 0.8223728 0.7621644 0.9258897 0.7669136 0.8692351 0.9529885 1.2890301 1.7801618 0.7193340 0.7277864 0.7284826 0.6996196 0.7278662 0.7219103 0.7170930 0.7297860 
S0031_G5857_R1_A 0.4425356 0.4515822 0.0000000 0.0221570 0.0367844 0.0368721 0.0342897 0.0367071 0.0401474 0.0376802 0.0307769 0.0389044 0.0358178 0.0386396 0.0326483 0.0461919 0.0359709 0.0327419 0.0538618 0.0303647 0.0309416 0.0440368 0.1380128 0.0390495 0.1104951 0.1452582 0.1255257 0.1774971 0.2729795 0.3043378 0.2495945 0.3105756 0.2748248 0.3233175 0.3233909 0.4120493 0.3909252 0.4588738 0.3567225 0.3074826 0.5489077 0.5354013 0.6348581 0.5590608 0.5980335 0.6444037 0.9341942 1.3104776 0.4956572 0.5111641 0.4977620 0.4934660 0.5072273 0.5023823 0.5084098 0.5000000 
S0018_G5857_R1_A 0.4391264 0.4500344 0.0221570 0.0000000 0.0507793 0.0498067 0.0422599 0.0484865 0.0501105 0.0505745 0.0423830 0.0488817 0.0486971 0.0515517 0.0415798 0.0584630 0.0459176 0.0424552 0.0597765 0.0411200 0.0417273 0.0552025 0.1494193 0.0521083 0.1254034 0.1521388 0.1384527 0.1925889 0.2838932 0.3077089 0.2570726 0.3234680 0.2862889 0.3331410 0.3332171 0.4165879 0.4074658 0.4520861 0.3439632 0.3290738 0.5636387 0.5468451 0.6487017 0.5634958 0.6109960 0.6621178 0.9805537 1.3577547 0.5060694 0.5218371 0.5081682 0.5038527 0.5178249 0.5154602 0.5190387 0.5104651 
S0046_G5857_R1_A 0.4255952 0.4304531 0.0367844 0.0507793 0.0000000 0.0420286 0.0374965 0.0388251 0.0423200 0.0418136 0.0290415 0.0411152 0.0379906 0.0398662 0.0357803 0.0474232 0.0350657 0.0418208 0.0636531 0.0425453 0.0349976 0.0422522 0.1374774 0.0382092 0.1157196 0.1481280 0.1248322 0.1639566 0.2691266 0.2970452 0.2428155 0.3022466 0.2685056 0.3116762 0.3117471 0.4142052 0.3839874 0.4488539 0.3408147 0.3027403 0.5518266 0.5410822 0.6419228 0.5663591 0.6072176 0.6516849 0.9762234 1.3365819 0.4886145 0.5039584 0.4997931 0.4954832 0.5050075 0.5001742 0.5105147 0.5020779 
S0026_G5857_R1_A 0.4448584 0.4481319 0.0368721 0.0498067 0.0420286 0.0000000 0.0364127 0.0398854 0.0443284 0.0398397 0.0328963 0.0420820 0.0380001 0.0408607 0.0347758 0.0495383 0.0411587 0.0458012 0.0646713 0.0384672 0.0340254 0.0453239 0.1401106 0.0432935 0.1127198 0.1421271 0.1289599 0.1712283 0.2710130 0.2916772 0.2497252 0.2977860 0.2666130 0.3280136 0.3280887 0.4279650 0.3936663 0.4661159 0.3577276 0.3171214 0.5629229 0.5424169 0.6559589 0.5764484 0.6313021 0.6660924 0.9724495 1.3286564 0.4962415 0.5118235 0.5026056 0.4982755 0.5078669 0.5055212 0.5134158 0.5049058 
S0023_G5857_R1_A 0.4311754 0.4390348 0.0342897 0.0422599 0.0374965 0.0364127 0.0000000 0.0363501 0.0418758 0.0382517 0.0302953 0.0353824 0.0313955 0.0403014 0.0321531 0.0448518 0.0375766 0.0422383 0.0589177 0.0379203 0.0313823 0.0416829 0.1350984 0.0407510 0.1021828 0.1390864 0.1253501 0.1786100 0.2753301 0.3014800 0.2481609 0.3044799 0.2792995 0.3323443 0.3324216 0.4272019 0.3932347 0.4634546 0.3541761 0.3214141 0.5448034 0.5269264 0.6376594 0.5549655 0.6100360 0.6510542 0.9292999 1.2954420 0.4849485 0.4978858 0.4888568 0.4890016 0.5006196 0.4941092 0.5028855 0.4956213 
S0011_G5857_R1_A 0.4330731 0.4388783 0.0367071 0.0484865 0.0388251 0.0398854 0.0363501 0.0000000 0.0300588 0.0387183 0.0327688 0.0409628 0.0378507 0.0416742 0.0255817 0.0451942 0.0339339 0.0386138 0.0642427 0.0423859 0.0329341 0.0471028 0.1370188 0.0319669 0.1145258 0.1520581 0.1294151 0.1787781 0.2784881 0.3040101 0.2561150 0.2968651 0.2699278 0.3323027 0.3323787 0.4368513 0.3945903 0.4532453 0.3524092 0.3255106 0.5636090 0.5527782 0.6554342 0.5863887 0.6197454 0.6654552 0.9576165 1.3229935 0.4996808 0.5152625 0.5060352 0.5017225 0.5113033 0.5089606 0.5068656 0.4984957 
S0020_G5857_R1_A 0.4410435 0.4518828 0.0401474 0.0501105 0.0423200 0.0443284 0.0418758 0.0300588 0.0000000 0.0462078 0.0361290 0.0424969 0.0393246 0.0452149 0.0258984 0.0488501 0.0362025 0.0411248 0.0661701 0.0449740 0.0402847 0.0507852 0.1447448 0.0312550 0.1149890 0.1592171 0.1364561 0.1815941 0.2841041 0.3072101 0.2631092 0.3082323 0.2804041 0.3302337 0.3303098 0.4327853 0.3946489 0.4656045 0.3567380 0.3255880 0.5510729 0.5407851 0.6339240 0.5695912 0.6072053 0.6434798 0.9434026 1.3269265 0.4959015 0.5115185 0.5066002 0.4979393 0.5075532 0.5052019 0.5085216 0.5024930 
S0021_G5857_R2_A 0.4527578 0.4558635 0.0376802 0.0505745 0.0418136 0.0398397 0.0382517 0.0387183 0.0462078 0.0000000 0.0337010 0.0418432 0.0358037 0.0426153 0.0356198 0.0502072 0.0419428 0.0415675 0.0674505 0.0433612 0.0202943 0.0460063 0.1379408 0.0440723 0.1193533 0.1493450 0.1344394 0.1732255 0.2730880 0.3023544 0.2409175 0.3073556 0.2681498 0.3307428 0.3308184 0.4240385 0.4098569 0.4519151 0.3618319 0.3113590 0.5551387 0.5412769 0.6479201 0.5724188 0.6205789 0.6577701 0.9327117 1.3587475 0.4827765 0.5023542 0.4932895 0.4889720 0.4984600 0.4961382 0.4996225 0.4913071 
S0028_G5857_R1_A 0.4172818 0.4334738 0.0307769 0.0423830 0.0290415 0.0328963 0.0302953 0.0327688 0.0361290 0.0337010 0.0000000 0.0329423 0.0289742 0.0288998 0.0286521 0.0421148 0.0310387 0.0366101 0.0548233 0.0322599 0.0279845 0.0370376 0.1353160 0.0311312 0.1005225 0.1412300 0.1178988 0.1632913 0.2590565 0.2884688 0.2364625 0.2878639 0.2531473 0.3092721 0.3093420 0.4067893 0.3794172 0.4449896 0.3429788 0.3032263 0.5391252 0.5293925 0.6286626 0.5621029 0.5989007 0.6380465 0.8970822 1.2692484 0.4867421 0.5019544 0.4929825 0.4887073 0.4956985 0.4958016 0.5035243 0.4952372 
S0022_G5857_R1_A 0.4430029 0.4535967 0.0389044 0.0488817 0.0411152 0.0420820 0.0353824 0.0409628 0.0424969 0.0418432 0.0329423 0.0000000 0.0339894 0.0389667 0.0369113 0.0475258 0.0392220 0.0418264 0.0656455 0.0405200 0.0339883 0.0422723 0.1401625 0.0423849 0.1037175 0.1519496 0.1275355 0.1734252 0.2700861 0.2996656 0.2552681 0.3050754 0.2722167 0.3257590 0.3258338 0.4234560 0.4098619 0.4540790 0.3609935 0.3200926 0.5636798 0.5523430 0.6532097 0.5843929 0.6270602 0.6712725 0.9622875 1.3741395 0.4869133 0.5023346 0.4932380 0.4825972 0.4984266 0.4960966 0.5039257 0.4955233 
S0030_G5857_R1_A 0.4389835 0.4428556 0.0358178 0.0486971 0.0379906 0.0380001 0.0313955 0.0378507 0.0393246 0.0358037 0.0289742 0.0339894 0.0000000 0.0358749 0.0337930 0.0392177 0.0371171 0.0397091 0.0592634 0.0374531 0.0319691 0.0411450 0.1399417 0.0392187 0.0992632 0.1391648 0.1262259 0.1736855 0.2697771 0.2996829 0.2398696 0.2993663 0.2670755 0.3208960 0.3209693 0.4482860 0.3998716 0.4671180 0.3477307 0.3119717 0.5661679 0.5486997 0.6652860 0.5897592 0.6297799 0.6755847 0.9458880 1.3292172 0.4817070 0.4968441 0.4879305 0.4836508 0.4930129 0.4907212 0.5026933 0.4944012 
S0013_G5857_R1_A 0.4319832 0.4313606 0.0386396 0.0515517 0.0398662 0.0408607 0.0403014 0.0416742 0.0452149 0.0426153 0.0288998 0.0389667 0.0358749 0.0000000 0.0366571 0.0513308 0.0398864 0.0426227 0.0622655 0.0413706 0.0368018 0.0410712 0.1342485 0.0410150 0.1006391 0.1478170 0.1304349 0.1730930 0.2658516 0.3037700 0.2517916 0.3045362 0.2709838 0.3256622 0.3257366 0.4460313 0.3894569 0.4583918 0.3519551 0.3266963 0.5646874 0.5503384 0.6573102 0.5856683 0.6136063 0.6674257 0.9436500 1.3445273 0.4829716 0.5030984 0.4892147 0.4849258 0.4877529 0.4920208 0.4997417 0.4914710 
S0019_G5857_R1_A 0.4275107 0.4295817 0.0326483 0.0415798 0.0357803 0.0347758 0.0321531 0.0255817 0.0258984 0.0356198 0.0286521 0.0369113 0.0337930 0.0366571 0.0000000 0.0412474 0.0268990 0.0375928 0.0573526 0.0330947 0.0327606 0.0419991 0.1306266 0.0268644 0.1079450 0.1509598 0.1254744 0.1671561 0.2701145 0.2982098 0.2538498 0.2904178 0.2696720 0.3227767 0.3228522 0.4317429 0.3976182 0.4384732 0.3463053 0.3101375 0.5388831 0.5303042 0.6427376 0.5701550 0.6062111 0.6495546 0.9548949 1.3052593 0.4662568 0.4813244 0.4694687 0.4644200 0.4775229 0.4752280 0.4805020 0.4723727 
S0017_G5857_R1_A 0.4431758 0.4421955 0.0461919 0.0584630 0.0474232 0.0495383 0.0448518 0.0451942 0.0488501 0.0502072 0.0421148 0.0475258 0.0392177 0.0513308 0.0412474 0.0000000 0.0486476 0.0502075 0.0738322 0.0506434 0.0442540 0.0538224 0.1462380 0.0487158 0.1078664 0.1596503 0.1321703 0.1839310 0.2882244 0.3132698 0.2646481 0.3159977 0.2830461 0.3192877 0.3193609 0.4397325 0.4035750 0.4783245 0.3657497 0.3232625 0.5682983 0.5494946 0.6780854 0.5959371 0.6522144 0.6809021 0.9013004 1.3675525 0.5033006 0.5212349 0.5097302 0.5074855 0.5172053 0.5148295 0.5221639 0.5135104 
S0036_G5857_R1_A 0.4409575 0.4496756 0.0359709 0.0459176 0.0350657 0.0411587 0.0375766 0.0339339 0.0362025 0.0419428 0.0310387 0.0392220 0.0371171 0.0398864 0.0268990 0.0486476 0.0000000 0.0409484 0.0627878 0.0346379 0.0341214 0.0424123 0.1401653 0.0291349 0.1042915 0.1519788 0.1206388 0.1721948 0.2628446 0.2946001 0.2513058 0.2912456 0.2614435 0.3209636 0.3210373 0.4201375 0.3829129 0.4487786 0.3435408 0.3107289 0.5412351 0.5280766 0.6437623 0.5626382 0.6055779 0.6535973 0.9599254 1.3035965 0.5032486 0.5190909 0.5096986 0.5053322 0.5125722 0.5076484 0.5206982 0.5097822 
S0004_G5857_R1_A 0.4470499 0.4453617 0.0327419 0.0424552 0.0418208 0.0458012 0.0422383 0.0386138 0.0411248 0.0415675 0.0366101 0.0418264 0.0397091 0.0426227 0.0375928 0.0502075 0.0409484 0.0000000 0.0559194 0.0383144 0.0377116 0.0459105 0.1380144 0.0430707 0.1190794 0.1492867 0.1304524 0.1685149 0.2731934 0.2899175 0.2517665 0.3063813 0.2711364 0.3229969 0.3230705 0.4290943 0.4099193 0.4599610 0.3488485 0.3275801 0.5545051 0.5434988 0.6437922 0.5679899 0.6070347 0.6535442 0.9491552 1.3444867 0.5076650 0.5234031 0.5183922 0.5140727 0.5237680 0.5213994 0.5293932 0.5207141 
S0037_G5857_R1_A 0.4314731 0.4478008 0.0538618 0.0597765 0.0636531 0.0646713 0.0589177 0.0642427 0.0661701 0.0674505 0.0548233 0.0656455 0.0592634 0.0622655 0.0573526 0.0738322 0.0627878 0.0559194 0.0000000 0.0484311 0.0613638 0.0746018 0.1648043 0.0661171 0.1394019 0.1606468 0.1429419 0.2055149 0.2898197 0.3132320 0.2594931 0.3179499 0.2834043 0.3458852 0.3459655 0.4477626 0.4196545 0.4697854 0.3683361 0.3357855 0.5874253 0.5852038 0.7164502 0.6095548 0.6598139 0.7201143 1.0317884 1.3503860 0.5228391 0.5390413 0.5338118 0.5294407 0.5393754 0.5369512 0.5451558 0.5361885 
S0016_G5857_R1_A 0.4296408 0.4529949 0.0303647 0.0411200 0.0425453 0.0384672 0.0379203 0.0423859 0.0449740 0.0433612 0.0322599 0.0405200 0.0374531 0.0413706 0.0330947 0.0506434 0.0346379 0.0383144 0.0484311 0.0000000 0.0354474 0.0478862 0.1389944 0.0438297 0.1052979 0.1493413 0.1252538 0.1713397 0.2753647 0.2974178 0.2510409 0.2990031 0.2694222 0.3268780 0.3269536 0.4162098 0.3912748 0.4594604 0.3387224 0.3086105 0.5337425 0.5176272 0.6266065 0.5466299 0.5896935 0.6388342 0.9189836 1.3019886 0.4989918 0.5103487 0.5054197 0.5035139 0.5082672 0.5033627 0.5163570 0.5077428 
S0021_G5857_R1_A 0.4471158 0.4540621 0.0309416 0.0417273 0.0349976 0.0340254 0.0313823 0.0329341 0.0402847 0.0202943 0.0279845 0.0339883 0.0319691 0.0368018 0.0327606 0.0442540 0.0341214 0.0377116 0.0613638 0.0354474 0.0000000 0.0380592 0.1357325 0.0381850 0.1106706 0.1446539 0.1247433 0.1740166 0.2685831 0.2945007 0.2330463 0.2957909 0.2622048 0.3298153 0.3298908 0.4208788 0.3957858 0.4499067 0.3512798 0.3144431 0.5703548 0.5556878 0.6676867 0.5912548 0.6391986 0.6780529 0.9556808 1.3612134 0.4931759 0.5130974 0.5038493 0.4995127 0.5091282 0.5018027 0.5103220 0.5018432 
S0050_G5857_R1_A 0.4312375 0.4334813 0.0440368 0.0552025 0.0422522 0.0453239 0.0416829 0.0471028 0.0507852 0.0460063 0.0370376 0.0422723 0.0411450 0.0410712 0.0419991 0.0538224 0.0424123 0.0459105 0.0746018 0.0478862 0.0380592 0.0000000 0.0971807 0.0485963 0.0999907 0.1592047 0.1402976 0.1801520 0.2688845 0.3062429 0.2372743 0.3006031 0.2575496 0.3182733 0.3183461 0.4314257 0.3910537 0.4546671 0.3605626 0.3240006 0.5606386 0.5464576 0.6305476 0.5770956 0.6309847 0.6485525 0.9362372 1.3463779 0.4903088 0.5040394 0.4966650 0.4923216 0.5018944 0.4995523 0.5074267 0.4989620 
S0048_G5857_R1_A 0.5317143 0.5031517 0.1380128 0.1494193 0.1374774 0.1401106 0.1350984 0.1370188 0.1447448 0.1379408 0.1353160 0.1401625 0.1399417 0.1342485 0.1306266 0.1462380 0.1401653 0.1380144 0.1648043 0.1389944 0.1357325 0.0971807 0.0000000 0.1456644 0.2190544 0.2538760 0.2356985 0.2791856 0.3657539 0.3865649 0.3192645 0.3835569 0.3556806 0.4311814 0.4312881 0.5134859 0.4695644 0.5284731 0.3899310 0.4215396 0.6733747 0.6384558 0.7477831 0.6621427 0.7179151 0.7666029 1.1310139 1.5675109 0.5964577 0.6148217 0.6116306 0.6044924 0.6101962 0.6076801 0.6159111 0.6055682 
S0002_G5857_R1_A 0.4244393 0.4394332 0.0390495 0.0521083 0.0382092 0.0432935 0.0407510 0.0319669 0.0312550 0.0440723 0.0311312 0.0423849 0.0392187 0.0410150 0.0268644 0.0487158 0.0291349 0.0430707 0.0661171 0.0438297 0.0381850 0.0485963 0.1456644 0.0000000 0.1021942 0.1508573 0.1258006 0.1676845 0.2670395 0.2955209 0.2479853 0.2917206 0.2555076 0.3203750 0.3237788 0.4243622 0.3894120 0.4457762 0.3590264 0.3208595 0.5449959 0.5393173 0.6413755 0.5640219 0.6034298 0.6511319 0.9670232 1.2826154 0.5019361 0.5151852 0.5133472 0.5089946 0.5162338 0.5163458 0.5218548 0.5156783 
S0012_G5857_R1_A 0.4726141 0.4726861 0.1104951 0.1254034 0.1157196 0.1127198 0.1021828 0.1145258 0.1149890 0.1193533 0.1005225 0.1037175 0.0992632 0.1006391 0.1079450 0.1078664 0.1042915 0.1190794 0.1394019 0.1052979 0.1106706 0.0999907 0.2190544 0.1021942 0.0000000 0.2125116 0.1976380 0.2354773 0.3448295 0.3545427 0.2853094 0.3558853 0.3112174 0.3997593 0.3998778 0.4896572 0.4517240 0.4908958 0.4151324 0.4022979 0.6323950 0.6145856 0.7377255 0.6546862 0.7092631 0.7502040 0.9180464 1.1314066 0.5556195 0.5782365 0.5725773 0.5587389 0.5675723 0.5621003 0.5755056 0.5637640 
S0035_G5857_R1_A 0.4435342 0.4418254 0.1452582 0.1521388 0.1481280 0.1421271 0.1390864 0.1520581 0.1592171 0.1493450 0.1412300 0.1519496 0.1391648 0.1478170 0.1509598 0.1596503 0.1519788 0.1492867 0.1606468 0.1493413 0.1446539 0.1592047 0.2538760 0.1508573 0.2125116 0.0000000 0.1258306 0.2071379 0.2876863 0.3120120 0.2470468 0.3258107 0.2699341 0.3302980 0.3303751 0.4766790 0.4074978 0.5044932 0.3576635 0.3195062 0.6244884 0.5923510 0.7353734 0.6465364 0.6947522 0.7407062 1.1058387 1.4322863 0.5616143 0.5661605 0.5685987 0.5627164 0.5794452 0.5725001 0.5853297 0.5757865 
S0005_G5857_R1_A 0.4212335 0.4214917 0.1255257 0.1384527 0.1248322 0.1289599 0.1253501 0.1294151 0.1364561 0.1344394 0.1178988 0.1275355 0.1262259 0.1304349 0.1254744 0.1321703 0.1206388 0.1304524 0.1429419 0.1252538 0.1247433 0.1402976 0.2356985 0.1258006 0.1976380 0.1258306 0.0000000 0.1863058 0.2960231 0.3192283 0.2566887 0.3162820 0.2799067 0.3613516 0.3614394 0.4538475 0.4052915 0.4746114 0.3518112 0.3101035 0.6401863 0.6347823 0.7471500 0.6592340 0.7063192 0.7684560 1.0027455 1.2943425 0.5264482 0.5364015 0.5333512 0.5294797 0.5407290 0.5365648 0.5479853 0.5457521 
S0033_G5857_R1_A 0.4482185 0.4581201 0.1774971 0.1925889 0.1639566 0.1712283 0.1786100 0.1787781 0.1815941 0.1732255 0.1632913 0.1734252 0.1736855 0.1730930 0.1671561 0.1839310 0.1721948 0.1685149 0.2055149 0.1713397 0.1740166 0.1801520 0.2791856 0.1676845 0.2354773 0.2071379 0.1863058 0.0000000 0.2334656 0.2327072 0.1977469 0.2597159 0.2030154 0.2996893 0.2997682 0.3592630 0.3950349 0.4555875 0.3744928 0.2871942 0.6053687 0.6058377 0.7208074 0.6082526 0.6763404 0.7225627 0.9584697 1.1624008 0.5657235 0.5731071 0.5828934 0.5648272 0.5711114 0.5725721 0.5885699 0.5796654 
S0008_G5857_R1_A 0.4442413 0.4294174 0.2729795 0.2838932 0.2691266 0.2710130 0.2753301 0.2784881 0.2841041 0.2730880 0.2590565 0.2700861 0.2697771 0.2658516 0.2701145 0.2882244 0.2628446 0.2731934 0.2898197 0.2753647 0.2685831 0.2688845 0.3657539 0.2670395 0.3448295 0.2876863 0.2960231 0.2334656 0.0000000 0.1123649 0.1293362 0.1383876 0.1433402 0.2883485 0.2884144 0.3952712 0.3903538 0.5026856 0.4209936 0.2470235 0.6336329 0.6070223 0.7212594 0.6092877 0.6886062 0.7493238 1.1417923 1.5241152 0.6290626 0.6427344 0.6286945 0.6348895 0.6354908 0.6322411 0.6362086 0.6343537 
S0015_G5857_R1_A 0.4409487 0.4228067 0.3043378 0.3077089 0.2970452 0.2916772 0.3014800 0.3040101 0.3072101 0.3023544 0.2884688 0.2996656 0.2996829 0.3037700 0.2982098 0.3132698 0.2946001 0.2899175 0.3132320 0.2974178 0.2945007 0.3062429 0.3865649 0.2955209 0.3545427 0.3120120 0.3192283 0.2327072 0.1123649 0.0000000 0.1518761 0.1034376 0.1619006 0.3155443 0.3156182 0.4043879 0.4385558 0.5298734 0.4364217 0.2713103 0.6487094 0.6352576 0.7782641 0.6393632 0.7393113 0.7842432 1.2741174 1.5462858 0.6623503 0.6647130 0.6604546 0.6580666 0.6501378 0.6481938 0.6635151 0.6647276 
S0027_G5857_R1_A 0.3337749 0.3264841 0.2495945 0.2570726 0.2428155 0.2497252 0.2481609 0.2561150 0.2631092 0.2409175 0.2364625 0.2552681 0.2398696 0.2517916 0.2538498 0.2646481 0.2513058 0.2517665 0.2594931 0.2510409 0.2330463 0.2372743 0.3192645 0.2479853 0.2853094 0.2470468 0.2566887 0.1977469 0.1293362 0.1518761 0.0000000 0.1733147 0.1320951 0.2477059 0.2477649 0.3507413 0.3621789 0.4490254 0.3850935 0.2490872 0.5345318 0.5334067 0.6564742 0.5728239 0.6377285 0.6778896 1.1057640 1.4572706 0.5823981 0.5829021 0.5922896 0.5857833 0.5917443 0.5824705 0.6027303 0.5975475 
S0034_G5857_R1_A 0.4355136 0.4273566 0.3105756 0.3234680 0.3022466 0.2977860 0.3044799 0.2968651 0.3082323 0.3073556 0.2878639 0.3050754 0.2993663 0.3045362 0.2904178 0.3159977 0.2912456 0.3063813 0.3179499 0.2990031 0.2957909 0.3006031 0.3835569 0.2917206 0.3558853 0.3258107 0.3162820 0.2597159 0.1383876 0.1034376 0.1733147 0.0000000 0.1826920 0.3517894 0.3518722 0.4444400 0.4337344 0.4953324 0.4538884 0.2890235 0.6222196 0.6227205 0.7356603 0.6244700 0.7307558 0.7674923 1.2561714 1.5662862 0.6273562 0.6330257 0.6238595 0.6134058 0.6280091 0.6162086 0.6391312 0.6269753 
S0014_G5857_R1_A 0.3972577 0.3828118 0.2748248 0.2862889 0.2685056 0.2666130 0.2792995 0.2699278 0.2804041 0.2681498 0.2531473 0.2722167 0.2670755 0.2709838 0.2696720 0.2830461 0.2614435 0.2711364 0.2834043 0.2694222 0.2622048 0.2575496 0.3556806 0.2555076 0.3112174 0.2699341 0.2799067 0.2030154 0.1433402 0.1619006 0.1320951 0.1826920 0.0000000 0.2839443 0.2840091 0.3821516 0.3827382 0.4705749 0.4142798 0.2432271 0.6474450 0.6314954 0.7706145 0.6630246 0.7190989 0.7962703 1.0843026 1.4729022 0.6562473 0.6633833 0.6524880 0.6587608 0.6563635 0.6451670 0.6688597 0.6531447 
S0010_G5857_R1_A 0.4604420 0.4448923 0.3233175 0.3331410 0.3116762 0.3280136 0.3323443 0.3323027 0.3302337 0.3307428 0.3092721 0.3257590 0.3208960 0.3256622 0.3227767 0.3192877 0.3209636 0.3229969 0.3458852 0.3268780 0.3298153 0.3182733 0.4311814 0.3203750 0.3997593 0.3302980 0.3613516 0.2996893 0.2883485 0.3155443 0.2477059 0.3517894 0.2839443 0.0000000 0.0018372 0.4673702 0.4144972 0.5093488 0.4004294 0.1743354 0.6876762 0.6815117 0.8567009 0.7259047 0.7853249 0.8638319 1.1039714 1.4169331 0.7029493 0.7055139 0.7146529 0.7213566 0.7123455 0.7041917 0.7140006 0.7033470 
S0009_G5857_R1_A 0.4648152 0.4492777 0.3233909 0.3332171 0.3117471 0.3280887 0.3324216 0.3323787 0.3303098 0.3308184 0.3093420 0.3258338 0.3209693 0.3257366 0.3228522 0.3193609 0.3210373 0.3230705 0.3459655 0.3269536 0.3298908 0.3183461 0.4312881 0.3237788 0.3998778 0.3303751 0.3614394 0.2997682 0.2884144 0.3156182 0.2477649 0.3518722 0.2840091 0.0018372 0.0000000 0.4704401 0.4146134 0.5118501 0.4043799 0.1743728 0.6841316 0.6781023 0.8522250 0.7223661 0.7812558 0.8592728 1.0995934 1.4233705 0.7002397 0.7027923 0.7119196 0.7185938 0.7096119 0.7014765 0.7112593 0.7006408 
S0033_G5857_R2_A 0.6187420 0.6419424 0.4120493 0.4165879 0.4142052 0.4279650 0.4272019 0.4368513 0.4327853 0.4240385 0.4067893 0.4234560 0.4482860 0.4460313 0.4317429 0.4397325 0.4201375 0.4290943 0.4477626 0.4162098 0.4208788 0.4314257 0.5134859 0.4243622 0.4896572 0.4766790 0.4538475 0.3592630 0.3952712 0.4043879 0.3507413 0.4444400 0.3821516 0.4673702 0.4704401 0.0000000 0.2791180 0.4561561 0.5110940 0.4253857 0.6680615 0.6632430 0.7735279 0.6861216 0.7358139 0.8012729 0.9310697 1.0114401 0.7956954 0.7983179 0.7921860 0.7983127 0.8203309 0.7709895 0.8311905 0.8122042 
S0005_G5857_R2_A 0.5491511 0.5395547 0.3909252 0.4074658 0.3839874 0.3936663 0.3932347 0.3945903 0.3946489 0.4098569 0.3794172 0.4098619 0.3998716 0.3894569 0.3976182 0.4035750 0.3829129 0.4099193 0.4196545 0.3912748 0.3957858 0.3910537 0.4695644 0.3894120 0.4517240 0.4074978 0.4052915 0.3950349 0.3903538 0.4385558 0.3621789 0.4337344 0.3827382 0.4144972 0.4146134 0.2791180 0.0000000 0.4288463 0.4936068 0.3546022 0.7523423 0.7309111 0.8776378 0.7743801 0.7899585 0.8853818 1.0989751 1.5375006 0.6748773 0.6805152 0.6880245 0.6884307 0.6904579 0.6755669 0.6940280 0.6878793 
S0006_G5857_R1_A 0.5067752 0.5045074 0.4588738 0.4520861 0.4488539 0.4661159 0.4634546 0.4532453 0.4656045 0.4519151 0.4449896 0.4540790 0.4671180 0.4583918 0.4384732 0.4783245 0.4487786 0.4599610 0.4697854 0.4594604 0.4499067 0.4546671 0.5284731 0.4457762 0.4908958 0.5044932 0.4746114 0.4555875 0.5026856 0.5298734 0.4490254 0.4953324 0.4705749 0.5093488 0.5118501 0.4561561 0.4288463 0.0000000 0.4375396 0.4510763 0.7701966 0.7488277 0.8707191 0.7940060 0.8001873 0.8835864 1.2585168 1.5350133 0.7546603 0.7670151 0.7529510 0.7517313 0.7872748 0.7514755 0.7649651 0.7595624 
S0006_G5857_R2_A 0.4761302 0.4571325 0.3567225 0.3439632 0.3408147 0.3577276 0.3541761 0.3524092 0.3567380 0.3618319 0.3429788 0.3609935 0.3477307 0.3519551 0.3463053 0.3657497 0.3435408 0.3488485 0.3683361 0.3387224 0.3512798 0.3605626 0.3899310 0.3590264 0.4151324 0.3576635 0.3518112 0.3744928 0.4209936 0.4364217 0.3850935 0.4538884 0.4142798 0.4004294 0.4043799 0.5110940 0.4936068 0.4375396 0.0000000 0.4042308 0.7090000 0.6941345 0.8956248 0.7666535 0.8189768 0.9176120 1.2587020 1.5649883 0.7764507 0.7806699 0.7839159 0.7864110 0.7845612 0.7721771 0.7878953 0.7963372 
S0015_G5857_R2_A 0.4396827 0.4532789 0.3074826 0.3290738 0.3027403 0.3171214 0.3214141 0.3255106 0.3255880 0.3113590 0.3032263 0.3200926 0.3119717 0.3266963 0.3101375 0.3232625 0.3107289 0.3275801 0.3357855 0.3086105 0.3144431 0.3240006 0.4215396 0.3208595 0.4022979 0.3195062 0.3101035 0.2871942 0.2470235 0.2713103 0.2490872 0.2890235 0.2432271 0.1743354 0.1743728 0.4253857 0.3546022 0.4510763 0.4042308 0.0000000 0.6176168 0.5877222 0.7554859 0.6504065 0.7144704 0.7647253 1.1487309 1.3016836 0.6291563 0.6254185 0.6320461 0.6423403 0.6355697 0.6308707 0.6417490 0.6379439 
S0025_G5857_R1_A 0.7776898 0.8223728 0.5489077 0.5636387 0.5518266 0.5629229 0.5448034 0.5636090 0.5510729 0.5551387 0.5391252 0.5636798 0.5661679 0.5646874 0.5388831 0.5682983 0.5412351 0.5545051 0.5874253 0.5337425 0.5703548 0.5606386 0.6733747 0.5449959 0.6323950 0.6244884 0.6401863 0.6053687 0.6336329 0.6487094 0.5345318 0.6222196 0.6474450 0.6876762 0.6841316 0.6680615 0.7523423 0.7701966 0.7090000 0.6176168 0.0000000 0.0206117 0.0491888 0.0421919 0.0758432 0.0496000 0.9964557 1.2305791 0.7070922 0.7114846 0.7270329 0.7079781 0.7157513 0.7091222 0.7383930 0.7376999 
S0029_G5857_R1_A 0.7178753 0.7621644 0.5354013 0.5468451 0.5410822 0.5424169 0.5269264 0.5527782 0.5407851 0.5412769 0.5293925 0.5523430 0.5486997 0.5503384 0.5303042 0.5494946 0.5280766 0.5434988 0.5852038 0.5176272 0.5556878 0.5464576 0.6384558 0.5393173 0.6145856 0.5923510 0.6347823 0.6058377 0.6070223 0.6352576 0.5334067 0.6227205 0.6314954 0.6815117 0.6781023 0.6632430 0.7309111 0.7488277 0.6941345 0.5877222 0.0206117 0.0000000 0.0540991 0.0439557 0.0859246 0.0493449 1.0368590 1.3193916 0.6565658 0.6606896 0.6747092 0.6573261 0.6645755 0.6584689 0.6849240 0.6842984 
S0032_G5857_R1_N 0.8389517 0.9258897 0.6348581 0.6487017 0.6419228 0.6559589 0.6376594 0.6554342 0.6339240 0.6479201 0.6286626 0.6532097 0.6652860 0.6573102 0.6427376 0.6780854 0.6437623 0.6437922 0.7164502 0.6266065 0.6676867 0.6305476 0.7477831 0.6413755 0.7377255 0.7353734 0.7471500 0.7208074 0.7212594 0.7782641 0.6564742 0.7356603 0.7706145 0.8567009 0.8522250 0.7735279 0.8776378 0.8707191 0.8956248 0.7554859 0.0491888 0.0540991 0.0000000 0.0198305 0.0515774 0.0192180 0.9242548 1.0190483 0.8152471 0.8218626 0.8437431 0.8197564 0.8240402 0.8175563 0.8421195 0.8372151 
S0024_G5857_R1_A 0.7181627 0.7669136 0.5590608 0.5634958 0.5663591 0.5764484 0.5549655 0.5863887 0.5695912 0.5724188 0.5621029 0.5843929 0.5897592 0.5856683 0.5701550 0.5959371 0.5626382 0.5679899 0.6095548 0.5466299 0.5912548 0.5770956 0.6621427 0.5640219 0.6546862 0.6465364 0.6592340 0.6082526 0.6092877 0.6393632 0.5728239 0.6244700 0.6630246 0.7259047 0.7223661 0.6861216 0.7743801 0.7940060 0.7666535 0.6504065 0.0421919 0.0439557 0.0198305 0.0000000 0.0557503 0.0199567 1.0452313 1.2906483 0.6932466 0.6947624 0.7206839 0.7053787 0.7088502 0.6995258 0.7189560 0.7186866 
S0001_G5857_R1_A 0.8079659 0.8692351 0.5980335 0.6109960 0.6072176 0.6313021 0.6100360 0.6197454 0.6072053 0.6205789 0.5989007 0.6270602 0.6297799 0.6136063 0.6062111 0.6522144 0.6055779 0.6070347 0.6598139 0.5896935 0.6391986 0.6309847 0.7179151 0.6034298 0.7092631 0.6947522 0.7063192 0.6763404 0.6886062 0.7393113 0.6377285 0.7307558 0.7190989 0.7853249 0.7812558 0.7358139 0.7899585 0.8001873 0.8189768 0.7144704 0.0758432 0.0859246 0.0515774 0.0557503 0.0000000 0.0569276 0.9861501 1.0453749 0.8218093 0.8144736 0.8405646 0.8262556 0.8213197 0.8149830 0.8232240 0.8232169 
S0032_G5857_R2_N 0.8833984 0.9529885 0.6444037 0.6621178 0.6516849 0.6660924 0.6510542 0.6654552 0.6434798 0.6577701 0.6380465 0.6712725 0.6755847 0.6674257 0.6495546 0.6809021 0.6535973 0.6535442 0.7201143 0.6388342 0.6780529 0.6485525 0.7666029 0.6511319 0.7502040 0.7407062 0.7684560 0.7225627 0.7493238 0.7842432 0.6778896 0.7674923 0.7962703 0.8638319 0.8592728 0.8012729 0.8853818 0.8835864 0.9176120 0.7647253 0.0496000 0.0493449 0.0192180 0.0199567 0.0569276 0.0000000 0.9003387 0.9915177 0.8114436 0.8181034 0.8401193 0.8103299 0.8202957 0.8137710 0.8289477 0.8335340 
S0049_G5857_R1_A 1.2914734 1.2890301 0.9341942 0.9805537 0.9762234 0.9724495 0.9292999 0.9576165 0.9434026 0.9327117 0.8970822 0.9622875 0.9458880 0.9436500 0.9548949 0.9013004 0.9599254 0.9491552 1.0317884 0.9189836 0.9556808 0.9362372 1.1310139 0.9670232 0.9180464 1.1058387 1.0027455 0.9584697 1.1417923 1.2741174 1.1057640 1.2561714 1.0843026 1.1039714 1.0995934 0.9310697 1.0989751 1.2585168 1.2587020 1.1487309 0.9964557 1.0368590 0.9242548 1.0452313 0.9861501 0.9003387 0.0000000 1.2939132 1.3348523 1.3347881 1.3314309 1.3449972 1.3444145 1.3290945 1.3860664 1.3622351 
S0003_G5857_R1_N 1.6935022 1.7801618 1.3104776 1.3577547 1.3365819 1.3286564 1.2954420 1.3229935 1.3269265 1.3587475 1.2692484 1.3741395 1.3292172 1.3445273 1.3052593 1.3675525 1.3035965 1.3444867 1.3503860 1.3019886 1.3612134 1.3463779 1.5675109 1.2826154 1.1314066 1.4322863 1.2943425 1.1624008 1.5241152 1.5462858 1.4572706 1.5662862 1.4729022 1.4169331 1.4233705 1.0114401 1.5375006 1.5350133 1.5649883 1.3016836 1.2305791 1.3193916 1.0190483 1.2906483 1.0453749 0.9915177 1.2939132 0.0000000 1.3188916 1.3386331 1.2898910 1.3388268 1.3282995 1.3056474 1.3039695 1.3066481 
S0042_G5857_R1_N 0.7369772 0.7193340 0.4956572 0.5060694 0.4886145 0.4962415 0.4849485 0.4996808 0.4959015 0.4827765 0.4867421 0.4869133 0.4817070 0.4829716 0.4662568 0.5033006 0.5032486 0.5076650 0.5228391 0.4989918 0.4931759 0.4903088 0.5964577 0.5019361 0.5556195 0.5616143 0.5264482 0.5657235 0.6290626 0.6623503 0.5823981 0.6273562 0.6562473 0.7029493 0.7002397 0.7956954 0.6748773 0.7546603 0.7764507 0.6291563 0.7070922 0.6565658 0.8152471 0.6932466 0.8218093 0.8114436 1.3348523 1.3188916 0.0000000 0.0163703 0.0232557 0.0193035 0.0173282 0.0163584 0.0272232 0.0252287 
S0040_G5857_R1_N 0.7383007 0.7277864 0.5111641 0.5218371 0.5039584 0.5118235 0.4978858 0.5152625 0.5115185 0.5023542 0.5019544 0.5023346 0.4968441 0.5030984 0.4813244 0.5212349 0.5190909 0.5234031 0.5390413 0.5103487 0.5130974 0.5040394 0.6148217 0.5151852 0.5782365 0.5661605 0.5364015 0.5731071 0.6427344 0.6647130 0.5829021 0.6330257 0.6633833 0.7055139 0.7027923 0.7983179 0.6805152 0.7670151 0.7806699 0.6254185 0.7114846 0.6606896 0.8218626 0.6947624 0.8144736 0.8181034 1.3347881 1.3386331 0.0163703 0.0000000 0.0243543 0.0203423 0.0203556 0.0213616 0.0303676 0.0283516 
S0047_G5857_R1_N 0.7587501 0.7284826 0.4977620 0.5081682 0.4997931 0.5026056 0.4888568 0.5060352 0.5066002 0.4932895 0.4929825 0.4932380 0.4879305 0.4892147 0.4694687 0.5097302 0.5096986 0.5183922 0.5338118 0.5054197 0.5038493 0.4966650 0.6116306 0.5133472 0.5725773 0.5685987 0.5333512 0.5828934 0.6286945 0.6604546 0.5922896 0.6238595 0.6524880 0.7146529 0.7119196 0.7921860 0.6880245 0.7529510 0.7839159 0.6320461 0.7270329 0.6747092 0.8437431 0.7206839 0.8405646 0.8401193 1.3314309 1.2898910 0.0232557 0.0243543 0.0000000 0.0242313 0.0273121 0.0253241 0.0293195 0.0273103 
S0038_G5857_R1_A 0.7269671 0.6996196 0.4934660 0.5038527 0.4954832 0.4982755 0.4890016 0.5017225 0.4979393 0.4889720 0.4887073 0.4825972 0.4836508 0.4849258 0.4644200 0.5074855 0.5053322 0.5140727 0.5294407 0.5035139 0.4995127 0.4923216 0.6044924 0.5089946 0.5587389 0.5627164 0.5294797 0.5648272 0.6348895 0.6580666 0.5857833 0.6134058 0.6587608 0.7213566 0.7185938 0.7983127 0.6884307 0.7517313 0.7864110 0.6423403 0.7079781 0.6573261 0.8197564 0.7053787 0.8262556 0.8103299 1.3449972 1.3388268 0.0193035 0.0203423 0.0242313 0.0000000 0.0193699 0.0243172 0.0293297 0.0263208 
S0045_G5857_R1_A 0.7489882 0.7278662 0.5072273 0.5178249 0.5050075 0.5078669 0.5006196 0.5113033 0.5075532 0.4984600 0.4956985 0.4984266 0.4930129 0.4877529 0.4775229 0.5172053 0.5125722 0.5237680 0.5393754 0.5082672 0.5091282 0.5018944 0.6101962 0.5162338 0.5675723 0.5794452 0.5407290 0.5711114 0.6354908 0.6501378 0.5917443 0.6280091 0.6563635 0.7123455 0.7096119 0.8203309 0.6904579 0.7872748 0.7845612 0.6355697 0.7157513 0.6645755 0.8240402 0.7088502 0.8213197 0.8202957 1.3444145 1.3282995 0.0173282 0.0203556 0.0273121 0.0193699 0.0000000 0.0203409 0.0283138 0.0263086 
S0044_G5857_R1_N 0.7370443 0.7219103 0.5023823 0.5154602 0.5001742 0.5055212 0.4941092 0.5089606 0.5052019 0.4961382 0.4958016 0.4960966 0.4907212 0.4920208 0.4752280 0.5148295 0.5076484 0.5213994 0.5369512 0.5033627 0.5018027 0.4995523 0.6076801 0.5163458 0.5621003 0.5725001 0.5365648 0.5725721 0.6322411 0.6481938 0.5824705 0.6162086 0.6451670 0.7041917 0.7014765 0.7709895 0.6755669 0.7514755 0.7721771 0.6308707 0.7091222 0.6584689 0.8175563 0.6995258 0.8149830 0.8137710 1.3290945 1.3056474 0.0163584 0.0213616 0.0253241 0.0243172 0.0203409 0.0000000 0.0293193 0.0262880 
S0043_G5857_R1_N 0.7318585 0.7170930 0.5084098 0.5190387 0.5105147 0.5134158 0.5028855 0.5068656 0.5085216 0.4996225 0.5035243 0.5039257 0.5026933 0.4997417 0.4805020 0.5221639 0.5206982 0.5293932 0.5451558 0.5163570 0.5103220 0.5074267 0.6159111 0.5218548 0.5755056 0.5853297 0.5479853 0.5885699 0.6362086 0.6635151 0.6027303 0.6391312 0.6688597 0.7140006 0.7112593 0.8311905 0.6940280 0.7649651 0.7878953 0.6417490 0.7383930 0.6849240 0.8421195 0.7189560 0.8232240 0.8289477 1.3860664 1.3039695 0.0272232 0.0303676 0.0293195 0.0293297 0.0283138 0.0293193 0.0000000 0.0076470 
S0041_G5857_R1_N 0.7516906 0.7297860 0.5000000 0.5104651 0.5020779 0.5049058 0.4956213 0.4984957 0.5024930 0.4913071 0.4952372 0.4955233 0.4944012 0.4914710 0.4723727 0.5135104 0.5097822 0.5207141 0.5361885 0.5077428 0.5018432 0.4989620 0.6055682 0.5156783 0.5637640 0.5757865 0.5457521 0.5796654 0.6343537 0.6647276 0.5975475 0.6269753 0.6531447 0.7033470 0.7006408 0.8122042 0.6878793 0.7595624 0.7963372 0.6379439 0.7376999 0.6842984 0.8372151 0.7186866 0.8232169 0.8335340 1.3622351 1.3066481 0.0252287 0.0283516 0.0273103 0.0263208 0.0263086 0.0262880 0.0076470 0.0000000 
