55
S0051_G5866_R1_A 0.0000000 0.0000010 0.0127914 0.3964256 0.3969242 0.3802676 0.3931427 0.4000157 0.3747042 0.3998359 0.3974245 0.4043031 0.4086823 0.3868396 0.4147995 0.3942903 0.4241696 0.3997879 0.4097592 0.4067125 0.4000614 0.4009599 0.4197688 0.4179583 0.4052110 0.4263282 0.4471485 0.4043275 0.4598598 0.4350300 0.3832320 0.4627292 0.4084971 0.4338949 0.3690314 0.3670315 0.4029612 0.4931803 0.5279776 0.5836212 0.5267606 0.5230328 0.5415829 0.5202418 0.5939587 0.7284175 0.7180842 0.7263591 0.7278965 0.7163054 0.7248345 0.7220926 0.7141136 0.7382121 0.1706016 
S0051_G5866_R3_A 0.0000010 0.0000000 0.0136832 0.3772753 0.3880737 0.3633543 0.3772515 0.3754065 0.3819304 0.3847487 0.3833339 0.3964663 0.3907204 0.3837646 0.3964592 0.3817654 0.3931398 0.3842068 0.3972590 0.3937347 0.3808576 0.3883399 0.3993854 0.3974717 0.3833141 0.4088912 0.4152738 0.3795597 0.4337494 0.4157521 0.3912290 0.4550517 0.3886624 0.4286772 0.3546075 0.3424688 0.4109415 0.4637321 0.5752901 0.6428957 0.5813704 0.5788446 0.5728341 0.5485106 0.6110955 0.7391596 0.6724214 0.6811650 0.6873997 0.6688977 0.6773701 0.6803805 0.6749727 0.6797085 0.1477708 
S0039_G5866_R1_A 0.0127914 0.0136832 0.0000000 0.4024487 0.4068422 0.3876181 0.3985802 0.3916570 0.4062529 0.4024342 0.4077801 0.4165946 0.4135741 0.4065982 0.4230141 0.4047527 0.4144467 0.4070838 0.4220510 0.4168022 0.4036100 0.4112789 0.4244985 0.4225654 0.4060571 0.4275802 0.4108133 0.3793593 0.4423821 0.4208406 0.3958037 0.4677969 0.3904523 0.4347563 0.3789944 0.3677676 0.4151481 0.4508209 0.5803838 0.6418550 0.5874343 0.5849738 0.5994623 0.5757222 0.6077285 0.7782272 0.6845995 0.6933233 0.7021283 0.6836942 0.6920546 0.6926194 0.6899818 0.6944503 0.1463962 
S0016_G5866_R1_A 0.3964256 0.3772753 0.4024487 0.0000000 0.0551293 0.0407765 0.0385543 0.0585908 0.0478180 0.0505024 0.0557666 0.0518000 0.0394775 0.0538872 0.0553360 0.0434285 0.0840667 0.0530319 0.0503140 0.0453815 0.0526134 0.0413847 0.0710977 0.0676770 0.0497483 0.0815925 0.1255103 0.1598449 0.1846876 0.2985878 0.3091460 0.3356932 0.2534806 0.3032157 0.3053837 0.3052734 0.4149298 0.2095932 0.4433252 0.5201470 0.4402260 0.4585973 0.4602517 0.4504298 0.5086045 0.6275070 0.4966490 0.5137306 0.5039836 0.5203828 0.5244930 0.5143073 0.5118759 0.5167092 0.3945673 
S0037_G5866_R1_A 0.3969242 0.3880737 0.4068422 0.0551293 0.0000000 0.0718380 0.0656386 0.0830568 0.0785892 0.0823701 0.0791023 0.0786966 0.0690812 0.0699802 0.0805249 0.0689971 0.1073339 0.0851914 0.0763509 0.0715899 0.0815326 0.0625066 0.0981030 0.0944565 0.0732207 0.1038823 0.1423413 0.1788914 0.2015452 0.3184749 0.3209020 0.3534207 0.2768124 0.3197159 0.3230214 0.3229625 0.4229761 0.2243462 0.4822992 0.5572855 0.4769122 0.4983524 0.5091828 0.5130802 0.4925469 0.6271780 0.5194467 0.5304769 0.5262231 0.5413119 0.5454572 0.5360085 0.5356683 0.5338889 0.3887789 
S0046_G5866_R1_A 0.3802676 0.3633543 0.3876181 0.0407765 0.0718380 0.0000000 0.0365401 0.0552865 0.0478862 0.0518615 0.0523757 0.0498192 0.0401427 0.0653416 0.0503893 0.0428108 0.0821693 0.0524078 0.0482123 0.0466703 0.0513757 0.0436144 0.0689724 0.0648032 0.0463148 0.0765547 0.1221130 0.1516888 0.1854561 0.2892535 0.2953465 0.3254636 0.2447453 0.2947693 0.2915731 0.2924006 0.3850506 0.1965529 0.4443492 0.5345216 0.4425424 0.4646364 0.4668628 0.4631498 0.5011508 0.6075951 0.4880285 0.5076592 0.4952666 0.5130644 0.5171246 0.5065016 0.5045893 0.5076241 0.3866282 
S0023_G5866_R1_A 0.3931427 0.3772515 0.3985802 0.0385543 0.0656386 0.0365401 0.0000000 0.0501578 0.0413960 0.0402911 0.0414487 0.0394790 0.0346460 0.0600833 0.0480801 0.0365817 0.0751616 0.0466484 0.0366413 0.0319896 0.0469620 0.0367069 0.0636579 0.0602975 0.0363723 0.0648850 0.1131816 0.1443449 0.1741980 0.2858969 0.2950634 0.3270584 0.2451575 0.2999513 0.2865730 0.2888420 0.3910156 0.1870113 0.4407859 0.5215562 0.4425122 0.4571635 0.4664450 0.4574003 0.4811342 0.6207660 0.4942993 0.5140989 0.5031012 0.5195484 0.5236314 0.5129475 0.5130388 0.5141398 0.3926444 
S0020_G5866_R1_A 0.4000157 0.3754065 0.3916570 0.0585908 0.0830568 0.0552865 0.0501578 0.0000000 0.0557269 0.0640023 0.0672013 0.0638915 0.0465238 0.0757282 0.0675948 0.0531599 0.0958880 0.0666074 0.0637289 0.0599739 0.0640078 0.0574975 0.0820826 0.0778865 0.0609079 0.0938519 0.1293246 0.1666737 0.1925263 0.3079454 0.3039698 0.3444666 0.2636748 0.3125883 0.2999356 0.3030481 0.4105502 0.2197477 0.4430798 0.5188435 0.4412714 0.4577939 0.4806821 0.4707733 0.4853914 0.6065934 0.4926597 0.5101109 0.4999548 0.5155457 0.5196242 0.5089530 0.5093241 0.5101047 0.3988138 
S0011_G5866_R1_A 0.3747042 0.3819304 0.4062529 0.0478180 0.0785892 0.0478862 0.0413960 0.0557269 0.0000000 0.0545107 0.0555829 0.0557814 0.0397363 0.0666554 0.0538508 0.0409716 0.0853467 0.0535105 0.0570183 0.0539800 0.0565543 0.0464947 0.0655614 0.0641961 0.0517505 0.0856531 0.1248552 0.1537577 0.1811817 0.2888951 0.3062669 0.3254854 0.2503459 0.3025326 0.2831392 0.2839239 0.3975155 0.1999133 0.4533448 0.5322708 0.4575344 0.4738758 0.4820068 0.4731543 0.4866292 0.6085363 0.4956558 0.5092767 0.4998052 0.5172703 0.5208012 0.5090209 0.5078671 0.5111227 0.3614553 
S0028_G5866_R1_A 0.3998359 0.3847487 0.4024342 0.0505024 0.0823701 0.0518615 0.0402911 0.0640023 0.0545107 0.0000000 0.0561294 0.0530007 0.0498764 0.0726876 0.0638045 0.0512810 0.0948410 0.0603012 0.0533623 0.0497639 0.0603146 0.0554796 0.0813165 0.0764694 0.0517557 0.0839945 0.1248179 0.1602633 0.1844779 0.3004636 0.3037393 0.3355176 0.2623018 0.3079296 0.2941522 0.3001740 0.4038372 0.2035859 0.4409147 0.5169011 0.4473190 0.4615382 0.4781407 0.4704463 0.4921128 0.6168846 0.4993076 0.5144087 0.5065716 0.5245792 0.5286551 0.5162617 0.5121485 0.5192271 0.3868970 
S0030_G5866_R1_A 0.3974245 0.3833339 0.4077801 0.0557666 0.0791023 0.0523757 0.0414487 0.0672013 0.0555829 0.0561294 0.0000000 0.0434205 0.0510775 0.0772362 0.0657974 0.0544228 0.0887752 0.0627076 0.0558343 0.0529409 0.0657809 0.0545901 0.0811088 0.0790625 0.0515860 0.0689893 0.1312365 0.1601917 0.1826156 0.2948042 0.2946154 0.3369715 0.2549360 0.3084973 0.3040677 0.3057609 0.4052451 0.2086044 0.4450995 0.5272503 0.4486073 0.4615618 0.4811294 0.4709966 0.4895849 0.6005508 0.4999042 0.5197692 0.5104837 0.5252333 0.5279543 0.5152571 0.5183788 0.5164683 0.3917340 
S0036_G5866_R1_A 0.4043031 0.3964663 0.4165946 0.0518000 0.0786966 0.0498192 0.0394790 0.0638915 0.0557814 0.0530007 0.0434205 0.0000000 0.0471767 0.0748893 0.0605712 0.0511501 0.0870598 0.0595465 0.0513194 0.0504295 0.0632608 0.0513063 0.0769705 0.0728070 0.0471894 0.0708750 0.1282591 0.1604123 0.1828838 0.2928306 0.3058758 0.3318536 0.2507661 0.2965670 0.3010276 0.3032459 0.4035555 0.2104677 0.4347727 0.5204429 0.4364667 0.4512516 0.4649941 0.4509492 0.4882933 0.6315367 0.4952669 0.5151184 0.5025576 0.5205812 0.5246723 0.5088597 0.5137360 0.5151890 0.3861047 
S0019_G5866_R1_A 0.4086823 0.3907204 0.4135741 0.0394775 0.0690812 0.0401427 0.0346460 0.0465238 0.0397363 0.0498764 0.0510775 0.0471767 0.0000000 0.0611727 0.0498676 0.0342558 0.0800103 0.0477306 0.0462278 0.0446962 0.0514260 0.0402835 0.0621719 0.0615178 0.0471007 0.0765290 0.1180484 0.1542691 0.1783587 0.2898305 0.2964576 0.3279557 0.2495281 0.2953321 0.2909778 0.2931075 0.3902570 0.2036090 0.4531068 0.5297661 0.4490424 0.4657373 0.4712325 0.4653183 0.4905612 0.6193675 0.4939039 0.5109112 0.5006096 0.5197179 0.5238275 0.5120442 0.5108427 0.5132353 0.3928413 
S0018_G5866_R1_A 0.3868396 0.3837646 0.4065982 0.0538872 0.0699802 0.0653416 0.0600833 0.0757282 0.0666554 0.0726876 0.0772362 0.0748893 0.0611727 0.0000000 0.0785996 0.0639499 0.1071976 0.0701993 0.0669160 0.0645136 0.0741494 0.0445741 0.0911479 0.0870004 0.0677912 0.1030346 0.1427143 0.1763978 0.1985356 0.3121679 0.3157435 0.3456214 0.2729187 0.3176781 0.3156698 0.3202612 0.4225841 0.2200373 0.4538076 0.5271477 0.4538096 0.4724031 0.4805307 0.4858418 0.4859848 0.6286414 0.4893375 0.5011649 0.4933239 0.5149224 0.5190061 0.5044222 0.5093756 0.5090987 0.3998836 
S0013_G5866_R1_A 0.4147995 0.3964592 0.4230141 0.0553360 0.0805249 0.0503893 0.0480801 0.0675948 0.0538508 0.0638045 0.0657974 0.0605712 0.0498676 0.0785996 0.0000000 0.0532579 0.0891789 0.0653068 0.0630417 0.0599892 0.0633876 0.0528137 0.0637222 0.0616933 0.0604476 0.0899181 0.1370992 0.1634914 0.1945307 0.3010400 0.3095167 0.3422998 0.2658146 0.3125108 0.3112278 0.3157110 0.4060609 0.2109007 0.4805998 0.5633352 0.4735559 0.4925840 0.5099476 0.4993028 0.4966234 0.6330889 0.5110603 0.5248777 0.5152072 0.5295115 0.5352674 0.5262929 0.5236847 0.5319034 0.3941645 
S0002_G5866_R1_A 0.3942903 0.3817654 0.4047527 0.0434285 0.0689971 0.0428108 0.0365817 0.0531599 0.0409716 0.0512810 0.0544228 0.0511501 0.0342558 0.0639499 0.0532579 0.0000000 0.0798676 0.0537312 0.0463122 0.0434248 0.0533226 0.0435758 0.0661444 0.0648076 0.0498434 0.0765561 0.1233571 0.1545011 0.1792533 0.2977073 0.3079113 0.3346310 0.2593726 0.3066649 0.2931205 0.2892279 0.4011933 0.1976826 0.4584415 0.5341124 0.4530580 0.4613064 0.4746485 0.4692293 0.4744275 0.6355572 0.5052352 0.5257769 0.5150648 0.5330089 0.5395436 0.5244599 0.5266302 0.5266539 0.3871759 
S0012_G5866_R1_A 0.4241696 0.3931398 0.4144467 0.0840667 0.1073339 0.0821693 0.0751616 0.0958880 0.0853467 0.0948410 0.0887752 0.0870598 0.0800103 0.1071976 0.0891789 0.0798676 0.0000000 0.0956389 0.0866411 0.0826742 0.0890000 0.0865310 0.0984400 0.0969712 0.0793295 0.1128043 0.1583343 0.1887657 0.2092516 0.3358165 0.3364248 0.3710850 0.2924893 0.3479048 0.3393283 0.3375223 0.4392590 0.2452689 0.4730967 0.5278330 0.4616978 0.4832827 0.4993265 0.4901393 0.5069117 0.6431179 0.5010715 0.5168927 0.5087578 0.5236009 0.5259903 0.5169136 0.5165774 0.5141303 0.4155517 
S0004_G5866_R1_A 0.3997879 0.3842068 0.4070838 0.0530319 0.0851914 0.0524078 0.0466484 0.0666074 0.0535105 0.0603012 0.0627076 0.0595465 0.0477306 0.0701993 0.0653068 0.0537312 0.0956389 0.0000000 0.0628621 0.0564052 0.0644933 0.0501541 0.0792622 0.0736482 0.0571658 0.0854612 0.1363445 0.1645670 0.1963188 0.2998569 0.3117736 0.3477649 0.2580756 0.3175362 0.3037703 0.3103438 0.4176566 0.2130884 0.4662447 0.5363280 0.4628522 0.4779803 0.4903207 0.4908835 0.5006603 0.6290191 0.4942275 0.5141460 0.5015148 0.5159085 0.5217554 0.5129847 0.5080716 0.5194101 0.4057874 
S0021_G5866_R2_A 0.4097592 0.3972590 0.4220510 0.0503140 0.0763509 0.0482123 0.0366413 0.0637289 0.0570183 0.0533623 0.0558343 0.0513194 0.0462278 0.0669160 0.0630417 0.0463122 0.0866411 0.0628621 0.0000000 0.0199766 0.0576334 0.0518525 0.0727527 0.0713991 0.0479390 0.0768407 0.1250047 0.1603171 0.1868600 0.2978621 0.3108363 0.3475624 0.2663369 0.3142475 0.3013824 0.3021840 0.3883866 0.2018877 0.4553139 0.5324587 0.4553435 0.4656942 0.4781502 0.4730387 0.4948365 0.6381940 0.5016582 0.5199725 0.5072960 0.5254762 0.5295900 0.5205682 0.5185718 0.5200830 0.3960457 
S0021_G5866_R1_A 0.4067125 0.3937347 0.4168022 0.0453815 0.0715899 0.0466703 0.0319896 0.0599739 0.0539800 0.0497639 0.0529409 0.0504295 0.0446962 0.0645136 0.0599892 0.0434248 0.0826742 0.0564052 0.0199766 0.0000000 0.0553241 0.0468780 0.0710583 0.0690148 0.0456375 0.0750780 0.1218321 0.1600985 0.1859600 0.2989008 0.3095395 0.3437434 0.2590317 0.3096820 0.3064290 0.3095013 0.3989846 0.1997275 0.4667164 0.5387997 0.4669390 0.4791174 0.4829182 0.4771924 0.5020728 0.6332136 0.4913733 0.5075275 0.4979877 0.5124008 0.5164359 0.5092257 0.5063222 0.5103719 0.4010449 
S0022_G5866_R1_A 0.4000614 0.3808576 0.4036100 0.0526134 0.0815326 0.0513757 0.0469620 0.0640078 0.0565543 0.0603146 0.0657809 0.0632608 0.0514260 0.0741494 0.0633876 0.0533226 0.0890000 0.0644933 0.0576334 0.0553241 0.0000000 0.0568715 0.0799284 0.0757516 0.0588770 0.0885641 0.1335579 0.1682664 0.1890528 0.3033237 0.3120400 0.3365043 0.2647499 0.3110470 0.3143600 0.3200782 0.4113664 0.2085346 0.4455888 0.5307169 0.4443880 0.4640751 0.5000126 0.4889227 0.5278553 0.6244279 0.5015797 0.5216603 0.5089288 0.5271844 0.5313106 0.5205116 0.5137654 0.5169532 0.4094568 
S0031_G5866_R1_A 0.4009599 0.3883399 0.4112789 0.0413847 0.0625066 0.0436144 0.0367069 0.0574975 0.0464947 0.0554796 0.0545901 0.0513063 0.0402835 0.0445741 0.0528137 0.0435758 0.0865310 0.0501541 0.0518525 0.0468780 0.0568715 0.0000000 0.0684948 0.0657699 0.0513493 0.0797546 0.1262940 0.1570870 0.1805454 0.2913197 0.3057515 0.3316799 0.2496551 0.3007485 0.2956782 0.2968950 0.4006516 0.2048539 0.4500264 0.5213819 0.4482666 0.4666963 0.4717684 0.4719642 0.5002405 0.6225675 0.5011451 0.5185024 0.5085803 0.5242443 0.5283905 0.5202977 0.5192571 0.5215907 0.3994217 
S0050_G5866_R1_A 0.4197688 0.3993854 0.4244985 0.0710977 0.0981030 0.0689724 0.0636579 0.0820826 0.0655614 0.0813165 0.0811088 0.0769705 0.0621719 0.0911479 0.0637222 0.0661444 0.0984400 0.0792622 0.0727527 0.0710583 0.0799284 0.0684948 0.0000000 0.0142159 0.0690087 0.1040982 0.1543845 0.1873715 0.2082757 0.3235748 0.3336207 0.3548757 0.2800585 0.3324927 0.3268461 0.3292387 0.4093661 0.2341211 0.4747115 0.5460513 0.4704786 0.4885811 0.5021132 0.4948433 0.4766707 0.6083280 0.5270478 0.5451403 0.5347214 0.5486743 0.5529686 0.5490646 0.5415481 0.5523479 0.4079858 
S0048_G5866_R1_A 0.4179583 0.3974717 0.4225654 0.0676770 0.0944565 0.0648032 0.0602975 0.0778865 0.0641961 0.0764694 0.0790625 0.0728070 0.0615178 0.0870004 0.0616933 0.0648076 0.0969712 0.0736482 0.0713991 0.0690148 0.0757516 0.0657699 0.0142159 0.0000000 0.0681820 0.1004967 0.1511091 0.1857000 0.2047908 0.3156431 0.3235997 0.3500203 0.2797499 0.3258651 0.3240588 0.3275793 0.4120463 0.2303081 0.4738762 0.5493655 0.4696326 0.4877578 0.4975391 0.4941883 0.4707203 0.6087033 0.5267159 0.5447843 0.5343807 0.5483121 0.5526012 0.5487023 0.5411961 0.5519782 0.4062621 
S0026_G5866_R1_A 0.4052110 0.3833141 0.4060571 0.0497483 0.0732207 0.0463148 0.0363723 0.0609079 0.0517505 0.0517557 0.0515860 0.0471894 0.0471007 0.0677912 0.0604476 0.0498434 0.0793295 0.0571658 0.0479390 0.0456375 0.0588770 0.0513493 0.0690087 0.0681820 0.0000000 0.0754040 0.1221332 0.1523123 0.1792813 0.2862807 0.2946920 0.3171123 0.2461503 0.2932860 0.2940677 0.2937354 0.3825095 0.1933779 0.4580669 0.5368499 0.4599675 0.4749431 0.4947679 0.4837066 0.4786907 0.6090557 0.4891308 0.5047067 0.4914102 0.5116891 0.5157259 0.5018423 0.5001196 0.5029087 0.3953105 
S0017_G5866_R1_A 0.4263282 0.4088912 0.4275802 0.0815925 0.1038823 0.0765547 0.0648850 0.0938519 0.0856531 0.0839945 0.0689893 0.0708750 0.0765290 0.1030346 0.0899181 0.0765561 0.1128043 0.0854612 0.0768407 0.0750780 0.0885641 0.0797546 0.1040982 0.1004967 0.0754040 0.0000000 0.1549075 0.1764167 0.2067347 0.3193502 0.3306990 0.3494444 0.2799534 0.3212284 0.3190278 0.3224367 0.4019798 0.2280387 0.4743667 0.5447229 0.4776189 0.4918685 0.4915024 0.4809687 0.5152293 0.6227378 0.5177568 0.5419734 0.5268724 0.5459121 0.5501649 0.5390307 0.5302050 0.5353505 0.4146749 
S0005_G5866_R1_A 0.4471485 0.4152738 0.4108133 0.1255103 0.1423413 0.1221130 0.1131816 0.1293246 0.1248552 0.1248179 0.1312365 0.1282591 0.1180484 0.1427143 0.1370992 0.1233571 0.1583343 0.1363445 0.1250047 0.1218321 0.1335579 0.1262940 0.1543845 0.1511091 0.1221332 0.1549075 0.0000000 0.1194837 0.1509955 0.2738172 0.2943252 0.2993456 0.2258360 0.2810258 0.2852449 0.2966068 0.3516883 0.1714231 0.4816101 0.5201788 0.4748025 0.4762942 0.5229476 0.5026146 0.5017463 0.6798174 0.5324286 0.5548137 0.5363618 0.5582304 0.5617681 0.5485537 0.5516824 0.5588222 0.4285254 
S0033_G5866_R1_A 0.4043275 0.3795597 0.3793593 0.1598449 0.1788914 0.1516888 0.1443449 0.1666737 0.1537577 0.1602633 0.1601917 0.1604123 0.1542691 0.1763978 0.1634914 0.1545011 0.1887657 0.1645670 0.1603171 0.1600985 0.1682664 0.1570870 0.1873715 0.1857000 0.1523123 0.1764167 0.1194837 0.0000000 0.1848726 0.2819675 0.2960286 0.3010338 0.2331167 0.2897023 0.2886034 0.2959484 0.3558113 0.1711330 0.4892160 0.5342882 0.4875527 0.5035530 0.5113456 0.4899761 0.4960760 0.6191734 0.5640146 0.5835536 0.5678216 0.5906898 0.5915022 0.5739384 0.5844195 0.5901759 0.3833560 
S0035_G5866_R1_A 0.4598598 0.4337494 0.4423821 0.1846876 0.2015452 0.1854561 0.1741980 0.1925263 0.1811817 0.1844779 0.1826156 0.1828838 0.1783587 0.1985356 0.1945307 0.1792533 0.2092516 0.1963188 0.1868600 0.1859600 0.1890528 0.1805454 0.2082757 0.2047908 0.1792813 0.2067347 0.1509955 0.1848726 0.0000000 0.3319402 0.3346143 0.3568208 0.2790624 0.3291945 0.3397163 0.3450710 0.4199263 0.2311159 0.4918677 0.5531966 0.4994883 0.5057963 0.5365102 0.5076423 0.5519596 0.6810801 0.6020964 0.6240821 0.6074043 0.6218614 0.6266764 0.6087819 0.6131058 0.6345970 0.4419016 
S0014_G5866_R1_A 0.4350300 0.4157521 0.4208406 0.2985878 0.3184749 0.2892535 0.2858969 0.3079454 0.2888951 0.3004636 0.2948042 0.2928306 0.2898305 0.3121679 0.3010400 0.2977073 0.3358165 0.2998569 0.2978621 0.2989008 0.3033237 0.2913197 0.3235748 0.3156431 0.2862807 0.3193502 0.2738172 0.2819675 0.3319402 0.0000000 0.1242381 0.1769969 0.1104054 0.1570362 0.1983754 0.1913198 0.4411517 0.3391024 0.5411801 0.5886847 0.5396329 0.5499374 0.5755159 0.5444797 0.5410632 0.7103136 0.6455433 0.6577026 0.6533287 0.6684422 0.6715755 0.6577383 0.6563354 0.6679675 0.3863243 
S0027_G5866_R1_A 0.3832320 0.3912290 0.3958037 0.3091460 0.3209020 0.2953465 0.2950634 0.3039698 0.3062669 0.3037393 0.2946154 0.3058758 0.2964576 0.3157435 0.3095167 0.3079113 0.3364248 0.3117736 0.3108363 0.3095395 0.3120400 0.3057515 0.3336207 0.3235997 0.2946920 0.3306990 0.2943252 0.2960286 0.3346143 0.1242381 0.0000000 0.1886276 0.1268857 0.1712218 0.2000201 0.1974204 0.4578971 0.3613232 0.5199346 0.5696848 0.5129376 0.5138769 0.5478674 0.5152614 0.5081765 0.6341785 0.6289235 0.6399923 0.6357186 0.6528276 0.6515360 0.6345053 0.6308801 0.6469321 0.3653745 
S0034_G5866_R1_A 0.4627292 0.4550517 0.4677969 0.3356932 0.3534207 0.3254636 0.3270584 0.3444666 0.3254854 0.3355176 0.3369715 0.3318536 0.3279557 0.3456214 0.3422998 0.3346310 0.3710850 0.3477649 0.3475624 0.3437434 0.3365043 0.3316799 0.3548757 0.3500203 0.3171123 0.3494444 0.2993456 0.3010338 0.3568208 0.1769969 0.1886276 0.0000000 0.1375489 0.1055641 0.2462445 0.2485551 0.4579118 0.3633932 0.5920485 0.6249078 0.5927412 0.6044058 0.6225005 0.5900982 0.6005283 0.7489690 0.6874238 0.7005752 0.6922604 0.7078310 0.7061069 0.6856451 0.6866608 0.7055274 0.4271921 
S0008_G5866_R1_A 0.4084971 0.3886624 0.3904523 0.2534806 0.2768124 0.2447453 0.2451575 0.2636748 0.2503459 0.2623018 0.2549360 0.2507661 0.2495281 0.2729187 0.2658146 0.2593726 0.2924893 0.2580756 0.2663369 0.2590317 0.2647499 0.2496551 0.2800585 0.2797499 0.2461503 0.2799534 0.2258360 0.2331167 0.2790624 0.1104054 0.1268857 0.1375489 0.0000000 0.1177785 0.1853971 0.1822970 0.4156639 0.2927514 0.5228111 0.5663838 0.5197713 0.5286459 0.5384280 0.5056098 0.5354915 0.7162642 0.6256261 0.6452485 0.6400371 0.6522126 0.6552258 0.6380977 0.6354302 0.6528458 0.3923324 
S0015_G5866_R1_A 0.4338949 0.4286772 0.4347563 0.3032157 0.3197159 0.2947693 0.2999513 0.3125883 0.3025326 0.3079296 0.3084973 0.2965670 0.2953321 0.3176781 0.3125108 0.3066649 0.3479048 0.3175362 0.3142475 0.3096820 0.3110470 0.3007485 0.3324927 0.3258651 0.2932860 0.3212284 0.2810258 0.2897023 0.3291945 0.1570362 0.1712218 0.1055641 0.1177785 0.0000000 0.2216222 0.2199216 0.4196605 0.3463810 0.5642375 0.6101723 0.5647772 0.5804619 0.6092063 0.5883899 0.5766892 0.7575821 0.6553899 0.6726355 0.6688479 0.6848563 0.6881248 0.6670255 0.6643179 0.6948830 0.4126073 
S0009_G5866_R1_A 0.3690314 0.3546075 0.3789944 0.3053837 0.3230214 0.2915731 0.2865730 0.2999356 0.2831392 0.2941522 0.3040677 0.3010276 0.2909778 0.3156698 0.3112278 0.2931205 0.3393283 0.3037703 0.3013824 0.3064290 0.3143600 0.2956782 0.3268461 0.3240588 0.2940677 0.3190278 0.2852449 0.2886034 0.3397163 0.1983754 0.2000201 0.2462445 0.1853971 0.2216222 0.0000000 0.0249766 0.4690794 0.3666106 0.5158046 0.5612907 0.5131874 0.5136049 0.5419047 0.5078475 0.5369732 0.6106773 0.6076374 0.6347193 0.6187434 0.6365323 0.6416130 0.6173714 0.6272924 0.6317160 0.4227787 
S0010_G5866_R1_A 0.3670315 0.3424688 0.3677676 0.3052734 0.3229625 0.2924006 0.2888420 0.3030481 0.2839239 0.3001740 0.3057609 0.3032459 0.2931075 0.3202612 0.3157110 0.2892279 0.3375223 0.3103438 0.3021840 0.3095013 0.3200782 0.2968950 0.3292387 0.3275793 0.2937354 0.3224367 0.2966068 0.2959484 0.3450710 0.1913198 0.1974204 0.2485551 0.1822970 0.2199216 0.0249766 0.0000000 0.4480405 0.3626941 0.5050815 0.5459651 0.4993907 0.5070332 0.5359986 0.5004072 0.5501399 0.5968738 0.5902470 0.6110306 0.5973706 0.6150865 0.6202218 0.5976880 0.6036340 0.6036916 0.4142429 
S0006_G5866_R1_A 0.4029612 0.4109415 0.4151481 0.4149298 0.4229761 0.3850506 0.3910156 0.4105502 0.3975155 0.4038372 0.4052451 0.4035555 0.3902570 0.4225841 0.4060609 0.4011933 0.4392590 0.4176566 0.3883866 0.3989846 0.4113664 0.4006516 0.4093661 0.4120463 0.3825095 0.4019798 0.3516883 0.3558113 0.4199263 0.4411517 0.4578971 0.4579118 0.4156639 0.4196605 0.4690794 0.4480405 0.0000000 0.3845107 0.5057505 0.5076591 0.4962143 0.5079004 0.5337827 0.5337631 0.4264248 0.5683272 0.5813207 0.6022342 0.5824207 0.6083570 0.6066860 0.5884595 0.5970504 0.6096484 0.3909608 
S0033_G5866_R2_A 0.4931803 0.4637321 0.4508209 0.2095932 0.2243462 0.1965529 0.1870113 0.2197477 0.1999133 0.2035859 0.2086044 0.2104677 0.2036090 0.2200373 0.2109007 0.1976826 0.2452689 0.2130884 0.2018877 0.1997275 0.2085346 0.2048539 0.2341211 0.2303081 0.1933779 0.2280387 0.1714231 0.1711330 0.2311159 0.3391024 0.3613232 0.3633932 0.2927514 0.3463810 0.3666106 0.3626941 0.3845107 0.0000000 0.5677382 0.6161216 0.5705145 0.5767957 0.5968070 0.5900567 0.5492757 0.7000306 0.6641589 0.6792257 0.6613476 0.6790914 0.6896324 0.6751334 0.6795375 0.6926035 0.4468101 
S0024_G5866_R1_A 0.5279776 0.5752901 0.5803838 0.4433252 0.4822992 0.4443492 0.4407859 0.4430798 0.4533448 0.4409147 0.4450995 0.4347727 0.4531068 0.4538076 0.4805998 0.4584415 0.4730967 0.4662447 0.4553139 0.4667164 0.4455888 0.4500264 0.4747115 0.4738762 0.4580669 0.4743667 0.4816101 0.4892160 0.4918677 0.5411801 0.5199346 0.5920485 0.5228111 0.5642375 0.5158046 0.5050815 0.5057505 0.5677382 0.0000000 0.1046878 0.0175142 0.0277551 0.1118215 0.1119559 0.5085111 0.6012681 0.6240841 0.6356186 0.6355297 0.6355297 0.6429364 0.6216514 0.6294489 0.6461201 0.5498243 
S0001_G5866_R1_A 0.5836212 0.6428957 0.6418550 0.5201470 0.5572855 0.5345216 0.5215562 0.5188435 0.5322708 0.5169011 0.5272503 0.5204429 0.5297661 0.5271477 0.5633352 0.5341124 0.5278330 0.5363280 0.5324587 0.5387997 0.5307169 0.5213819 0.5460513 0.5493655 0.5368499 0.5447229 0.5201788 0.5342882 0.5531966 0.5886847 0.5696848 0.6249078 0.5663838 0.6101723 0.5612907 0.5459651 0.5076591 0.6161216 0.1046878 0.0000000 0.0964441 0.1102546 0.1943184 0.1916683 0.5419002 0.6551062 0.6625334 0.6802501 0.6586777 0.6736338 0.6813091 0.6573635 0.6703324 0.6824831 0.5700818 
S0032_G5866_R2_N 0.5267606 0.5813704 0.5874343 0.4402260 0.4769122 0.4425424 0.4425122 0.4412714 0.4575344 0.4473190 0.4486073 0.4364667 0.4490424 0.4538096 0.4735559 0.4530580 0.4616978 0.4628522 0.4553435 0.4669390 0.4443880 0.4482666 0.4704786 0.4696326 0.4599675 0.4776189 0.4748025 0.4875527 0.4994883 0.5396329 0.5129376 0.5927412 0.5197713 0.5647772 0.5131874 0.4993907 0.4962143 0.5705145 0.0175142 0.0964441 0.0000000 0.0242013 0.1102413 0.1080433 0.5028641 0.6065166 0.6285962 0.6403914 0.6403004 0.6403004 0.6478340 0.6257662 0.6291219 0.6511073 0.5239194 
S0032_G5866_R1_N 0.5230328 0.5788446 0.5849738 0.4585973 0.4983524 0.4646364 0.4571635 0.4577939 0.4738758 0.4615382 0.4615618 0.4512516 0.4657373 0.4724031 0.4925840 0.4613064 0.4832827 0.4779803 0.4656942 0.4791174 0.4640751 0.4666963 0.4885811 0.4877578 0.4749431 0.4918685 0.4762942 0.5035530 0.5057963 0.5499374 0.5138769 0.6044058 0.5286459 0.5804619 0.5136049 0.5070332 0.5079004 0.5767957 0.0277551 0.1102546 0.0242013 0.0000000 0.1186942 0.1154869 0.4969288 0.6173740 0.6400685 0.6519908 0.6445505 0.6495396 0.6570196 0.6373456 0.6384283 0.6578880 0.5225828 
S0025_G5866_R1_U 0.5415829 0.5728341 0.5994623 0.4602517 0.5091828 0.4668628 0.4664450 0.4806821 0.4820068 0.4781407 0.4811294 0.4649941 0.4712325 0.4805307 0.5099476 0.4746485 0.4993265 0.4903207 0.4781502 0.4829182 0.5000126 0.4717684 0.5021132 0.4975391 0.4947679 0.4915024 0.5229476 0.5113456 0.5365102 0.5755159 0.5478674 0.6225005 0.5384280 0.6092063 0.5419047 0.5359986 0.5337827 0.5968070 0.1118215 0.1943184 0.1102413 0.1186942 0.0000000 0.0277956 0.5076247 0.6184422 0.6618394 0.6886900 0.6885951 0.6885951 0.6973136 0.6702726 0.6752799 0.6971921 0.5127039 
S0029_G5866_R1_U 0.5202418 0.5485106 0.5757222 0.4504298 0.5130802 0.4631498 0.4574003 0.4707733 0.4731543 0.4704463 0.4709966 0.4509492 0.4653183 0.4858418 0.4993028 0.4692293 0.4901393 0.4908835 0.4730387 0.4771924 0.4889227 0.4719642 0.4948433 0.4941883 0.4837066 0.4809687 0.5026146 0.4899761 0.5076423 0.5444797 0.5152614 0.5900982 0.5056098 0.5883899 0.5078475 0.5004072 0.5337631 0.5900567 0.1119559 0.1916683 0.1080433 0.1154869 0.0277956 0.0000000 0.4977947 0.6210818 0.6540493 0.6764248 0.6763285 0.6763285 0.6852741 0.6575797 0.6625965 0.6799619 0.5189067 
S0049_G5866_R1_A 0.5939587 0.6110955 0.6077285 0.5086045 0.4925469 0.5011508 0.4811342 0.4853914 0.4866292 0.4921128 0.4895849 0.4882933 0.4905612 0.4859848 0.4966234 0.4744275 0.5069117 0.5006603 0.4948365 0.5020728 0.5278553 0.5002405 0.4766707 0.4707203 0.4786907 0.5152293 0.5017463 0.4960760 0.5519596 0.5410632 0.5081765 0.6005283 0.5354915 0.5766892 0.5369732 0.5501399 0.4264248 0.5492757 0.5085111 0.5419002 0.5028641 0.4969288 0.5076247 0.4977947 0.0000000 0.5775879 0.5771677 0.5867033 0.5750444 0.5866678 0.5824217 0.5811602 0.5772728 0.5868591 0.5691917 
S0003_G5866_R1_N 0.7284175 0.7391596 0.7782272 0.6275070 0.6271780 0.6075951 0.6207660 0.6065934 0.6085363 0.6168846 0.6005508 0.6315367 0.6193675 0.6286414 0.6330889 0.6355572 0.6431179 0.6290191 0.6381940 0.6332136 0.6244279 0.6225675 0.6083280 0.6087033 0.6090557 0.6227378 0.6798174 0.6191734 0.6810801 0.7103136 0.6341785 0.7489690 0.7162642 0.7575821 0.6106773 0.5968738 0.5683272 0.7000306 0.6012681 0.6551062 0.6065166 0.6173740 0.6184422 0.6210818 0.5775879 0.0000000 0.5885280 0.5811617 0.5722078 0.5724969 0.5710373 0.5706802 0.5866189 0.5562180 0.6003780 
S0041_G5866_R1_N 0.7180842 0.6724214 0.6845995 0.4966490 0.5194467 0.4880285 0.4942993 0.4926597 0.4956558 0.4993076 0.4999042 0.4952669 0.4939039 0.4893375 0.5110603 0.5052352 0.5010715 0.4942275 0.5016582 0.4913733 0.5015797 0.5011451 0.5270478 0.5267159 0.4891308 0.5177568 0.5324286 0.5640146 0.6020964 0.6455433 0.6289235 0.6874238 0.6256261 0.6553899 0.6076374 0.5902470 0.5813207 0.6641589 0.6240841 0.6625334 0.6285962 0.6400685 0.6618394 0.6540493 0.5771677 0.5885280 0.0000000 0.0181826 0.0204392 0.0222832 0.0263941 0.0157577 0.0262732 0.0241688 0.6679682 
S0043_G5866_R1_N 0.7263591 0.6811650 0.6933233 0.5137306 0.5304769 0.5076592 0.5140989 0.5101109 0.5092767 0.5144087 0.5197692 0.5151184 0.5109112 0.5011649 0.5248777 0.5257769 0.5168927 0.5141460 0.5199725 0.5075275 0.5216603 0.5185024 0.5451403 0.5447843 0.5047067 0.5419734 0.5548137 0.5835536 0.6240821 0.6577026 0.6399923 0.7005752 0.6452485 0.6726355 0.6347193 0.6110306 0.6022342 0.6792257 0.6356186 0.6802501 0.6403914 0.6519908 0.6886900 0.6764248 0.5867033 0.5811617 0.0181826 0.0000000 0.0181508 0.0214345 0.0239078 0.0150114 0.0256690 0.0233049 0.6698578 
S0042_G5866_R1_N 0.7278965 0.6873997 0.7021283 0.5039836 0.5262231 0.4952666 0.5031012 0.4999548 0.4998052 0.5065716 0.5104837 0.5025576 0.5006096 0.4933239 0.5152072 0.5150648 0.5087578 0.5015148 0.5072960 0.4979877 0.5089288 0.5085803 0.5347214 0.5343807 0.4914102 0.5268724 0.5363618 0.5678216 0.6074043 0.6533287 0.6357186 0.6922604 0.6400371 0.6688479 0.6187434 0.5973706 0.5824207 0.6613476 0.6355297 0.6586777 0.6403004 0.6445505 0.6885951 0.6763285 0.5750444 0.5722078 0.0204392 0.0181508 0.0000000 0.0190004 0.0230733 0.0197714 0.0230240 0.0216509 0.6678054 
S0044_G5866_R1_N 0.7163054 0.6688977 0.6836942 0.5203828 0.5413119 0.5130644 0.5195484 0.5155457 0.5172703 0.5245792 0.5252333 0.5205812 0.5197179 0.5149224 0.5295115 0.5330089 0.5236009 0.5159085 0.5254762 0.5124008 0.5271844 0.5242443 0.5486743 0.5483121 0.5116891 0.5459121 0.5582304 0.5906898 0.6218614 0.6684422 0.6528276 0.7078310 0.6522126 0.6848563 0.6365323 0.6150865 0.6083570 0.6790914 0.6355297 0.6736338 0.6403004 0.6495396 0.6885951 0.6763285 0.5866678 0.5724969 0.0222832 0.0214345 0.0190004 0.0000000 0.0070589 0.0215463 0.0240996 0.0233685 0.6808281 
S0045_G5866_R1_A 0.7248345 0.6773701 0.6920546 0.5244930 0.5454572 0.5171246 0.5236314 0.5196242 0.5208012 0.5286551 0.5279543 0.5246723 0.5238275 0.5190061 0.5352674 0.5395436 0.5259903 0.5217554 0.5295900 0.5164359 0.5313106 0.5283905 0.5529686 0.5526012 0.5157259 0.5501649 0.5617681 0.5915022 0.6266764 0.6715755 0.6515360 0.7061069 0.6552258 0.6881248 0.6416130 0.6202218 0.6066860 0.6896324 0.6429364 0.6813091 0.6478340 0.6570196 0.6973136 0.6852741 0.5824217 0.5710373 0.0263941 0.0239078 0.0230733 0.0070589 0.0000000 0.0248453 0.0249711 0.0274928 0.6816112 
S0047_G5866_R1_N 0.7220926 0.6803805 0.6926194 0.5143073 0.5360085 0.5065016 0.5129475 0.5089530 0.5090209 0.5162617 0.5152571 0.5088597 0.5120442 0.5044222 0.5262929 0.5244599 0.5169136 0.5129847 0.5205682 0.5092257 0.5205116 0.5202977 0.5490646 0.5487023 0.5018423 0.5390307 0.5485537 0.5739384 0.6087819 0.6577383 0.6345053 0.6856451 0.6380977 0.6670255 0.6173714 0.5976880 0.5884595 0.6751334 0.6216514 0.6573635 0.6257662 0.6373456 0.6702726 0.6575797 0.5811602 0.5706802 0.0157577 0.0150114 0.0197714 0.0215463 0.0248453 0.0000000 0.0265105 0.0242485 0.6715362 
S0040_G5866_R1_N 0.7141136 0.6749727 0.6899818 0.5118759 0.5356683 0.5045893 0.5130388 0.5093241 0.5078671 0.5121485 0.5183788 0.5137360 0.5108427 0.5093756 0.5236847 0.5266302 0.5165774 0.5080716 0.5185718 0.5063222 0.5137654 0.5192571 0.5415481 0.5411961 0.5001196 0.5302050 0.5516824 0.5844195 0.6131058 0.6563354 0.6308801 0.6866608 0.6354302 0.6643179 0.6272924 0.6036340 0.5970504 0.6795375 0.6294489 0.6703324 0.6291219 0.6384283 0.6752799 0.6625965 0.5772728 0.5866189 0.0262732 0.0256690 0.0230240 0.0240996 0.0249711 0.0265105 0.0000000 0.0259651 0.6703315 
S0038_G5866_R1_A 0.7382121 0.6797085 0.6944503 0.5167092 0.5338889 0.5076241 0.5141398 0.5101047 0.5111227 0.5192271 0.5164683 0.5151890 0.5132353 0.5090987 0.5319034 0.5266539 0.5141303 0.5194101 0.5200830 0.5103719 0.5169532 0.5215907 0.5523479 0.5519782 0.5029087 0.5353505 0.5588222 0.5901759 0.6345970 0.6679675 0.6469321 0.7055274 0.6528458 0.6948830 0.6317160 0.6036916 0.6096484 0.6926035 0.6461201 0.6824831 0.6511073 0.6578880 0.6971921 0.6799619 0.5868591 0.5562180 0.0241688 0.0233049 0.0216509 0.0233685 0.0274928 0.0242485 0.0259651 0.0000000 0.6790549 
S0051_G5866_R2_V 0.1706016 0.1477708 0.1463962 0.3945673 0.3887789 0.3866282 0.3926444 0.3988138 0.3614553 0.3868970 0.3917340 0.3861047 0.3928413 0.3998836 0.3941645 0.3871759 0.4155517 0.4057874 0.3960457 0.4010449 0.4094568 0.3994217 0.4079858 0.4062621 0.3953105 0.4146749 0.4285254 0.3833560 0.4419016 0.3863243 0.3653745 0.4271921 0.3923324 0.4126073 0.4227787 0.4142429 0.3909608 0.4468101 0.5498243 0.5700818 0.5239194 0.5225828 0.5127039 0.5189067 0.5691917 0.6003780 0.6679682 0.6698578 0.6678054 0.6808281 0.6816112 0.6715362 0.6703315 0.6790549 0.0000000 
