63
S0039_G5892_R1_A 0.0000000 0.0110461 0.3026702 0.3516706 0.3534355 0.3099919 0.3680172 0.3607273 0.3204481 0.2094299 0.6646808 0.3594009 0.3572816 0.3652895 0.4618362 0.4866958 0.4604220 0.5080287 0.4835654 0.4933665 0.4792999 0.4703798 0.4518784 0.4550825 0.4522456 0.4789524 0.4646781 0.5277120 0.4569506 0.4593434 0.4593434 0.4906396 0.6354366 0.5062841 0.4662532 0.4895521 0.4496517 0.4659445 0.5045394 0.4726007 0.4701090 0.4787904 0.4250195 0.4991862 0.3235677 0.6449357 0.6619663 0.6502316 0.6666389 0.6507371 0.6647587 0.7219247 0.7025397 0.6520570 0.6477763 0.6384401 0.6408863 0.6300995 0.6355953 0.6358996 0.6404071 0.6405220 0.5642397 
S0051_G5892_R1_A 0.0110461 0.0000000 0.3004804 0.3451486 0.3447830 0.3077306 0.3613840 0.3556389 0.3214299 0.2078958 0.6671111 0.3646452 0.3625181 0.3706079 0.4647737 0.4843495 0.4593418 0.5069615 0.4767796 0.4875032 0.4735369 0.4645924 0.4476602 0.4524876 0.4478054 0.4712948 0.4649454 0.5245051 0.4520111 0.4525857 0.4525857 0.4875356 0.6380757 0.5014115 0.4603526 0.4880183 0.4454446 0.4628058 0.4984479 0.4660417 0.4669679 0.4764441 0.4225671 0.4967399 0.3245367 0.6454844 0.6624818 0.6507697 0.6682393 0.6509871 0.6649710 0.7195027 0.6943406 0.6552542 0.6509333 0.6415790 0.6440327 0.6361524 0.6416824 0.6419913 0.6435496 0.6436656 0.5599364 
S0010_G5892_R1_A 0.3026702 0.3004804 0.0000000 0.2148600 0.2435469 0.1076676 0.2435058 0.2304740 0.1777758 0.0798711 0.4646542 0.1627571 0.1621238 0.1702186 0.4054900 0.4163373 0.4055123 0.4187939 0.3892517 0.3708967 0.3726853 0.3723338 0.3784073 0.3750024 0.3925011 0.3555526 0.3669895 0.3732259 0.3721102 0.3718936 0.3718936 0.4126330 0.5124418 0.4147895 0.3723344 0.3832763 0.3695309 0.3702238 0.4085940 0.3646987 0.3882431 0.3788436 0.3085569 0.3727528 0.1124854 0.7005593 0.7173981 0.7130850 0.7310037 0.6996006 0.6967077 0.6674287 0.7015779 0.6497467 0.6502361 0.6308707 0.6342561 0.6255601 0.6242177 0.6281145 0.6321197 0.6272611 0.6221003 
S0014_G5892_R1_A 0.3516706 0.3451486 0.2148600 0.0000000 0.1856081 0.1738704 0.1670989 0.1643977 0.1432667 0.1872499 0.5771662 0.2679847 0.2689937 0.2771068 0.3908839 0.3918217 0.3943999 0.4000893 0.3427177 0.3337440 0.3279035 0.3390714 0.3345346 0.3323265 0.3346687 0.3425413 0.3472060 0.3529988 0.3143844 0.3312712 0.3312712 0.3697330 0.4455246 0.3629085 0.3283684 0.3526658 0.3302242 0.3311733 0.3765114 0.3305645 0.3338689 0.3313479 0.2799949 0.3347495 0.2333799 0.6224716 0.6224165 0.6263610 0.6330505 0.6550656 0.6619221 0.7595905 0.7675150 0.7143069 0.7021042 0.6861524 0.7019981 0.7064500 0.7092011 0.7106909 0.7021707 0.7010722 0.6218065 
S0034_G5892_R1_A 0.3534355 0.3447830 0.2435469 0.1856081 0.0000000 0.2207389 0.1321466 0.1847910 0.1698486 0.2150348 0.6398902 0.3098367 0.3090902 0.3198922 0.4203486 0.4272752 0.4070299 0.4234730 0.3717067 0.3573166 0.3498688 0.3681404 0.3536241 0.3541890 0.3524716 0.3631398 0.3632563 0.3937253 0.3458218 0.3542286 0.3542286 0.3849464 0.4375570 0.3920236 0.3465967 0.3601781 0.3492156 0.3522261 0.4081881 0.3410330 0.3578334 0.3531957 0.2860784 0.3364761 0.2618675 0.6385790 0.6352661 0.6501290 0.6562136 0.6607516 0.6473605 0.7056597 0.7109233 0.6573250 0.6545190 0.6363239 0.6501030 0.6542724 0.6502728 0.6533927 0.6503930 0.6451553 0.6442838 
S0009_G5892_R1_A 0.3099919 0.3077306 0.1076676 0.1738704 0.2207389 0.0000000 0.2057223 0.2091427 0.1857537 0.0420702 0.4296118 0.1256561 0.1259224 0.1299427 0.4128922 0.4151768 0.4046606 0.4370300 0.3658550 0.3611439 0.3630375 0.3725983 0.3638379 0.3633889 0.3725811 0.3616621 0.3735413 0.3877386 0.3633596 0.3640157 0.3640157 0.4044639 0.4797489 0.4071863 0.3769849 0.3930393 0.3582849 0.3652865 0.4023486 0.3764098 0.3762717 0.3710222 0.2892152 0.3759892 0.0932321 0.6105336 0.6245627 0.6210825 0.6320802 0.6319358 0.6360594 0.7117766 0.7757595 0.6859592 0.6770161 0.6542075 0.6707429 0.6683395 0.6711118 0.6700213 0.6710716 0.6647597 0.6005286 
S0015_G5892_R1_A 0.3680172 0.3613840 0.2435058 0.1670989 0.1321466 0.2057223 0.0000000 0.1777982 0.1554086 0.2258813 0.6116761 0.3127349 0.3154817 0.3226610 0.3965944 0.3996724 0.3820551 0.4119831 0.3631394 0.3493337 0.3394594 0.3594939 0.3580575 0.3573659 0.3569418 0.3602330 0.3658179 0.3827344 0.3426581 0.3464588 0.3464588 0.3824576 0.4608864 0.3884079 0.3501598 0.3646471 0.3524202 0.3447633 0.3984185 0.3413203 0.3524945 0.3484928 0.2740006 0.3482885 0.2721113 0.6146547 0.6200498 0.6205730 0.6425932 0.6576892 0.6631744 0.7467980 0.7457337 0.6626693 0.6722768 0.6444630 0.6603264 0.6614638 0.6641537 0.6631035 0.6631390 0.6560589 0.6224119 
S0027_G5892_R1_A 0.3607273 0.3556389 0.2304740 0.1643977 0.1847910 0.2091427 0.1777982 0.0000000 0.1534684 0.2259969 0.6198205 0.2841605 0.2820276 0.2896936 0.3903937 0.3991237 0.3944996 0.4112651 0.3438154 0.3338706 0.3264830 0.3375771 0.3321558 0.3288025 0.3299209 0.3377288 0.3557658 0.3752586 0.3133713 0.3290643 0.3290643 0.3692016 0.4224970 0.3757272 0.3404899 0.3545950 0.3267462 0.3340307 0.3655136 0.3350430 0.3337418 0.3318649 0.2622964 0.3444985 0.2601945 0.5592666 0.5643822 0.5650936 0.5904475 0.5877799 0.5878617 0.6626712 0.7526393 0.6830159 0.6783809 0.6488623 0.6711125 0.6767709 0.6794310 0.6805433 0.6643414 0.6702506 0.6612383 
S0008_G5892_R1_A 0.3204481 0.3214299 0.1777758 0.1432667 0.1698486 0.1857537 0.1554086 0.1534684 0.0000000 0.1848020 0.5620853 0.2606110 0.2631494 0.2711177 0.3607098 0.3857921 0.3698077 0.3562444 0.3170761 0.3095876 0.2975330 0.3052246 0.2965130 0.2908174 0.2907437 0.2976188 0.2985022 0.3194126 0.2775569 0.2963742 0.2963742 0.3312617 0.3991843 0.3251729 0.2925295 0.3150938 0.2890656 0.2923544 0.3475072 0.2923029 0.3040154 0.2926596 0.2230373 0.2811201 0.1996754 0.6046382 0.6058812 0.6133278 0.6092767 0.6052487 0.6068833 0.7063864 0.7520746 0.6411408 0.6433518 0.6269650 0.6402832 0.6314342 0.6340110 0.6330381 0.6455240 0.6467715 0.5996025 
S0009_G5892_R2_A 0.2094299 0.2078958 0.0798711 0.1872499 0.2150348 0.0420702 0.2258813 0.2259969 0.1848020 0.0000000 0.0259536 0.0343660 0.0344281 0.0360354 0.3945247 0.3826960 0.3720324 0.3837175 0.2747459 0.2720096 0.2893983 0.2840877 0.2918770 0.2980096 0.2842556 0.2685094 0.3010669 0.2885849 0.2633330 0.2726314 0.2726314 0.2959453 0.2861696 0.3128406 0.2815686 0.2912217 0.2923334 0.2936318 0.2801172 0.3007627 0.2940792 0.2820521 0.2981843 0.3519956 0.0457842 0.4611865 0.4807530 0.4815160 0.5152346 0.4624092 0.4475900 0.6396357 0.7589591 0.4552965 0.4681264 0.4476294 0.4503826 0.4516340 0.4496069 0.4491837 0.4524655 0.4550904 0.3450980 
S0010_G5892_R3_A 0.6646808 0.6671111 0.4646542 0.5771662 0.6398902 0.4296118 0.6116761 0.6198205 0.5620853 0.0259536 0.0000000 0.4109215 0.4089281 0.4118672 0.9428814 0.9362078 0.8939003 0.9449884 0.7509574 0.7311522 0.7697461 0.7456415 0.7544311 0.7603481 0.7851733 0.7256718 0.7626857 0.7486483 0.7869029 0.7536040 0.7536040 0.7696438 0.7331569 0.7705997 0.7436545 0.7419769 0.7495891 0.7400841 0.7664461 0.7457737 0.7676985 0.7449639 0.7443859 0.7878557 0.4219879 1.0041476 1.0164961 1.0335589 1.0510653 0.9888023 0.9781684 1.1006449 1.3522752 1.1190251 1.1118327 1.1166007 1.1143270 1.1023348 1.0958567 1.0885993 1.1080128 1.1159309 0.8590304 
S0009_G5892_R4_U 0.3594009 0.3646452 0.1627571 0.2679847 0.3098367 0.1256561 0.3127349 0.2841605 0.2606110 0.0343660 0.4109215 0.0000000 0.0106645 0.0121868 0.5017564 0.4979442 0.4796961 0.5214503 0.4560221 0.4283159 0.4481457 0.4460115 0.4388206 0.4378792 0.4547519 0.4378080 0.4447356 0.4663303 0.4410685 0.4404682 0.4404682 0.4889760 0.5204105 0.4891092 0.4714604 0.4773699 0.4334058 0.4434372 0.4620634 0.4451206 0.4462021 0.4443621 0.3656126 0.4292875 0.1080031 0.6843910 0.7056517 0.7051962 0.7167683 0.7287467 0.7348386 0.8153506 0.7549985 0.7298657 0.7212161 0.7009913 0.7116264 0.7099820 0.7179796 0.7144392 0.7168409 0.7157176 0.6160799 
S0009_G5892_R5_A 0.3572816 0.3625181 0.1621238 0.2689937 0.3090902 0.1259224 0.3154817 0.2820276 0.2631494 0.0344281 0.4089281 0.0106645 0.0000000 0.0083585 0.5115106 0.5010485 0.4860202 0.5267423 0.4581095 0.4358594 0.4517102 0.4516709 0.4431131 0.4392665 0.4581867 0.4368068 0.4482932 0.4700996 0.4444925 0.4418687 0.4418687 0.4928775 0.5227918 0.4929724 0.4723119 0.4796405 0.4347666 0.4447280 0.4694343 0.4486451 0.4497712 0.4462575 0.3684668 0.4294800 0.1073066 0.6920039 0.7135732 0.7131317 0.7227298 0.7421123 0.7484128 0.8184131 0.7575764 0.7290096 0.7203748 0.7001799 0.7107994 0.7091591 0.7171439 0.7136100 0.7133581 0.7122330 0.6263457 
S0010_G5892_R2_A 0.3652895 0.3706079 0.1702186 0.2771068 0.3198922 0.1299427 0.3226610 0.2896936 0.2711177 0.0360354 0.4118672 0.0121868 0.0083585 0.0000000 0.5172718 0.5084882 0.4933391 0.5364840 0.4648698 0.4381571 0.4569108 0.4568479 0.4504537 0.4465687 0.4640934 0.4419929 0.4535074 0.4740446 0.4504703 0.4492051 0.4492051 0.4968423 0.5289530 0.4983729 0.4810146 0.4865355 0.4419914 0.4521432 0.4749380 0.4538079 0.4549922 0.4530255 0.3747347 0.4377044 0.1119586 0.6885953 0.7100698 0.7096211 0.7239563 0.7393811 0.7456490 0.8178073 0.7658296 0.7273874 0.7187833 0.6986510 0.7092381 0.7146010 0.7226263 0.7190692 0.7117932 0.7106690 0.6284341 
S0002_G5892_R1_V 0.4618362 0.4647737 0.4054900 0.3908839 0.4203486 0.4128922 0.3965944 0.3903937 0.3607098 0.3945247 0.9428814 0.5017564 0.5115106 0.5172718 0.0000000 0.1308518 0.1209673 0.1034607 0.4552241 0.4310373 0.4334362 0.4543063 0.4369631 0.4364542 0.4448635 0.4527415 0.4481408 0.4879121 0.4496942 0.4454860 0.4454860 0.4829755 0.5431865 0.4736151 0.4618647 0.4820651 0.4415243 0.4267853 0.4697228 0.4296153 0.4428745 0.4479486 0.3920365 0.4546683 0.4598662 0.6508292 0.6652331 0.6521617 0.6686827 0.6602985 0.6625202 0.8773694 0.9415023 0.7256088 0.7196919 0.7139095 0.7257355 0.7413055 0.7507491 0.7473156 0.7284544 0.7176690 0.7671580 
S0022_G5892_R1_A 0.4866958 0.4843495 0.4163373 0.3918217 0.4272752 0.4151768 0.3996724 0.3991237 0.3857921 0.3826960 0.9362078 0.4979442 0.5010485 0.5084882 0.1308518 0.0000000 0.0694426 0.1446744 0.4670047 0.4602632 0.4713419 0.4814253 0.4784106 0.4763046 0.4753563 0.4745405 0.4822440 0.5161138 0.4788897 0.4738557 0.4738557 0.5101214 0.5818236 0.5020965 0.4750461 0.4979672 0.4768008 0.4570328 0.4969082 0.4670322 0.4760188 0.4835017 0.4310229 0.4790815 0.4966672 0.6606865 0.6747640 0.6657453 0.6951283 0.6911604 0.6997039 0.9579912 0.9442850 0.7174565 0.7123334 0.7097444 0.7190862 0.7313214 0.7436508 0.7412221 0.7203504 0.7166687 0.7375767 
S0030_G5892_R1_A 0.4604220 0.4593418 0.4055123 0.3943999 0.4070299 0.4046606 0.3820551 0.3944996 0.3698077 0.3720324 0.8939003 0.4796961 0.4860202 0.4933391 0.1209673 0.0694426 0.0000000 0.1306676 0.4650527 0.4596898 0.4691796 0.4858757 0.4630238 0.4673971 0.4786808 0.4706441 0.4812841 0.5192534 0.4667311 0.4639378 0.4639378 0.5145047 0.5561057 0.4990399 0.4641088 0.4894527 0.4686364 0.4593899 0.4846941 0.4711336 0.4777546 0.4735846 0.4126061 0.4746131 0.4814477 0.6403403 0.6526217 0.6429712 0.6725305 0.6757486 0.6826846 0.9484676 0.9545052 0.7157598 0.7169106 0.7147668 0.7173595 0.7261360 0.7332131 0.7252111 0.7160931 0.7148851 0.7305184 
S0020_G5892_R1_U 0.5080287 0.5069615 0.4187939 0.4000893 0.4234730 0.4370300 0.4119831 0.4112651 0.3562444 0.3837175 0.9449884 0.5214503 0.5267423 0.5364840 0.1034607 0.1446744 0.1306676 0.0000000 0.4748697 0.4497567 0.4548493 0.4607877 0.4590524 0.4629235 0.4664463 0.4605974 0.4453177 0.5058903 0.4504639 0.4462160 0.4462160 0.4960397 0.5629284 0.4868135 0.4636833 0.4769582 0.4555106 0.4413996 0.4933050 0.4520035 0.4479928 0.4475431 0.3942957 0.4652007 0.4832621 0.7009519 0.7219441 0.7086024 0.7302141 0.7168965 0.7147550 0.8266086 0.8590172 0.7335773 0.7317523 0.7221679 0.7376948 0.7428295 0.7533403 0.7471885 0.7379224 0.7340110 0.7803395 
S0017_G5892_R1_A 0.4835654 0.4767796 0.3892517 0.3427177 0.3717067 0.3658550 0.3631394 0.3438154 0.3170761 0.2747459 0.7509574 0.4560221 0.4581095 0.4648698 0.4552241 0.4670047 0.4650527 0.4748697 0.0000000 0.1010933 0.0981048 0.1135457 0.1003923 0.0981374 0.1107070 0.0968750 0.1268182 0.1390575 0.1004615 0.0935124 0.0935124 0.1267271 0.2373526 0.1224170 0.1091856 0.1070432 0.0967913 0.1102312 0.1276761 0.1180120 0.1075652 0.1038819 0.2410597 0.2597424 0.4139799 0.5859703 0.5929791 0.5919828 0.6173931 0.6213640 0.6241606 0.7567733 0.7445612 0.5656831 0.5604813 0.5589371 0.5637243 0.5639376 0.5675798 0.5637271 0.5621722 0.5611045 0.6333858 
S0031_G5892_R1_U 0.4933665 0.4875032 0.3708967 0.3337440 0.3573166 0.3611439 0.3493337 0.3338706 0.3095876 0.2720096 0.7311522 0.4283159 0.4358594 0.4381571 0.4310373 0.4602632 0.4596898 0.4497567 0.1010933 0.0000000 0.0822137 0.0964329 0.0858723 0.0852063 0.1003038 0.0970647 0.1238109 0.1345482 0.0881316 0.0715300 0.0715300 0.1193129 0.2191297 0.1303654 0.1158088 0.1052536 0.0839766 0.1043035 0.0776955 0.1060989 0.0950022 0.0979675 0.2260014 0.2470262 0.3912696 0.5804454 0.5921326 0.5909870 0.6272420 0.6272797 0.6295044 0.7552889 0.7658970 0.5548211 0.5557191 0.5525583 0.5528583 0.5571679 0.5590004 0.5605699 0.5533042 0.5522192 0.5826282 
S0004_G5892_R1_U 0.4792999 0.4735369 0.3726853 0.3279035 0.3498688 0.3630375 0.3394594 0.3264830 0.2975330 0.2893983 0.7697461 0.4481457 0.4517102 0.4569108 0.4334362 0.4713419 0.4691796 0.4548493 0.0981048 0.0822137 0.0000000 0.0795276 0.0779390 0.0780432 0.0911325 0.0911307 0.1185643 0.1294274 0.0772024 0.0643551 0.0643551 0.1169594 0.2170679 0.1243056 0.1055743 0.0986933 0.0753552 0.0998953 0.1072495 0.0985853 0.0906813 0.0921550 0.2226110 0.2477303 0.4081296 0.6002078 0.5982240 0.6077469 0.6146496 0.6398038 0.6433558 0.7700207 0.7677653 0.5717462 0.5705006 0.5658733 0.5715725 0.5706775 0.5723209 0.5697815 0.5660541 0.5669839 0.6141301 
S0018_G5892_R1_A 0.4703798 0.4645924 0.3723338 0.3390714 0.3681404 0.3725983 0.3594939 0.3375771 0.3052246 0.2840877 0.7456415 0.4460115 0.4516709 0.4568479 0.4543063 0.4814253 0.4858757 0.4607877 0.1135457 0.0964329 0.0795276 0.0000000 0.0970310 0.0969927 0.1089317 0.1024352 0.1255482 0.1388718 0.0951960 0.0794895 0.0794895 0.1260549 0.2309090 0.1448977 0.1166149 0.1161976 0.0942276 0.1095393 0.1199432 0.1069151 0.1034357 0.1107785 0.2321828 0.2636368 0.4119594 0.5835770 0.5879345 0.5994287 0.6224977 0.6165436 0.6164796 0.7885681 0.7968835 0.6021224 0.6049433 0.5936088 0.6000587 0.5949890 0.5988731 0.5967200 0.6002041 0.5972810 0.6131826 
S0019_G5892_R1_U 0.4518784 0.4476602 0.3784073 0.3345346 0.3536241 0.3638379 0.3580575 0.3321558 0.2965130 0.2918770 0.7544311 0.4388206 0.4431131 0.4504537 0.4369631 0.4784106 0.4630238 0.4590524 0.1003923 0.0858723 0.0779390 0.0970310 0.0000000 0.0127442 0.0851019 0.0879286 0.1135043 0.1240133 0.0632626 0.0743064 0.0743064 0.1090478 0.2123338 0.1240912 0.1041898 0.0969249 0.0120435 0.0906032 0.1067475 0.0901476 0.0846457 0.0901560 0.2141816 0.2394508 0.3929730 0.6106416 0.6214685 0.6155184 0.6334569 0.6379013 0.6446396 0.7436089 0.7729318 0.5695658 0.5722111 0.5753881 0.5714689 0.5732035 0.5754299 0.5754299 0.5639772 0.5708083 0.6239589 
S0019_G5892_R2_A 0.4550825 0.4524876 0.3750024 0.3323265 0.3541890 0.3633889 0.3573659 0.3288025 0.2908174 0.2980096 0.7603481 0.4378792 0.4392665 0.4465687 0.4364542 0.4763046 0.4673971 0.4629235 0.0981374 0.0852063 0.0780432 0.0969927 0.0127442 0.0000000 0.0852236 0.0880506 0.1112972 0.1241982 0.0633645 0.0751343 0.0751343 0.1061519 0.2087963 0.1242830 0.1027184 0.0971190 0.0082155 0.0899616 0.1083489 0.0924992 0.0824676 0.0880153 0.2110875 0.2326542 0.3922171 0.6177902 0.6251295 0.6281676 0.6408271 0.6488747 0.6551236 0.7455544 0.7754788 0.5819786 0.5859330 0.5768185 0.5818784 0.5863208 0.5859544 0.5880059 0.5762697 0.5832287 0.6067564 
S0011_G5892_R1_A 0.4522456 0.4478054 0.3925011 0.3346687 0.3524716 0.3725811 0.3569418 0.3299209 0.2907437 0.2842556 0.7851733 0.4547519 0.4581867 0.4640934 0.4448635 0.4753563 0.4786808 0.4664463 0.1107070 0.1003038 0.0911325 0.1089317 0.0851019 0.0852236 0.0000000 0.0962284 0.1232559 0.1374158 0.0857604 0.0843470 0.0843470 0.1095988 0.2184771 0.1311581 0.1095093 0.1073363 0.0831240 0.1035619 0.1229864 0.1031501 0.0950641 0.0993483 0.2277994 0.2571773 0.4027430 0.5882850 0.5955196 0.5985338 0.6103804 0.6263604 0.6306294 0.7438347 0.7590555 0.5804936 0.5727353 0.5732386 0.5777118 0.5871214 0.5882212 0.5888598 0.5787136 0.5796947 0.6056028 
S0013_G5892_R1_A 0.4789524 0.4712948 0.3555526 0.3425413 0.3631398 0.3616621 0.3602330 0.3377288 0.2976188 0.2685094 0.7256718 0.4378080 0.4368068 0.4419929 0.4527415 0.4745405 0.4706441 0.4605974 0.0968750 0.0970647 0.0911307 0.1024352 0.0879286 0.0880506 0.0962284 0.0000000 0.1184122 0.1051804 0.0863778 0.0806241 0.0806241 0.1154627 0.1978061 0.1074972 0.0876383 0.0824424 0.0851987 0.1006937 0.1189788 0.1002439 0.0943949 0.0958138 0.2242355 0.2515955 0.3929682 0.5708260 0.5751604 0.5768650 0.6089886 0.6040790 0.6079426 0.7546058 0.7728944 0.5679574 0.5671540 0.5636149 0.5659760 0.5643846 0.5659919 0.5641730 0.5644007 0.5653199 0.6258604 
S0021_G5892_R1_A 0.4646781 0.4649454 0.3669895 0.3472060 0.3632563 0.3735413 0.3658179 0.3557658 0.2985022 0.3010669 0.7626857 0.4447356 0.4482932 0.4535074 0.4481408 0.4822440 0.4812841 0.4453177 0.1268182 0.1238109 0.1185643 0.1255482 0.1135043 0.1112972 0.1232559 0.1184122 0.0000000 0.1563620 0.1182685 0.1092343 0.1092343 0.1417806 0.1678723 0.1567659 0.1350483 0.1265792 0.1097869 0.0509899 0.1510419 0.1011016 0.1071559 0.1140490 0.2211422 0.2573449 0.4088099 0.5909801 0.5914061 0.5970906 0.5990064 0.6311819 0.6313261 0.7388418 0.7763445 0.5820657 0.5785763 0.5795078 0.5861302 0.5751132 0.5809304 0.5788176 0.5796468 0.5826534 0.6514961 
S0012_G5892_R1_A 0.5277120 0.5245051 0.3732259 0.3529988 0.3937253 0.3877386 0.3827344 0.3752586 0.3194126 0.2885849 0.7486483 0.4663303 0.4700996 0.4740446 0.4879121 0.5161138 0.5192534 0.5058903 0.1390575 0.1345482 0.1294274 0.1388718 0.1240133 0.1241982 0.1374158 0.1051804 0.1563620 0.0000000 0.1286304 0.1246700 0.1246700 0.1599599 0.2577921 0.1472897 0.1249265 0.1185201 0.1225901 0.1386245 0.1569512 0.1400373 0.1355539 0.1453557 0.2615263 0.2901425 0.4292271 0.6104470 0.6200744 0.6303641 0.6440033 0.6440268 0.6475836 0.7332966 0.8079565 0.5925091 0.6003793 0.5893016 0.5981335 0.6026884 0.6080392 0.6099739 0.5941665 0.5908685 0.6164623 
S0036_G5892_R1_U 0.4569506 0.4520111 0.3721102 0.3143844 0.3458218 0.3633596 0.3426581 0.3133713 0.2775569 0.2633330 0.7869029 0.4410685 0.4444925 0.4504703 0.4496942 0.4788897 0.4667311 0.4504639 0.1004615 0.0881316 0.0772024 0.0951960 0.0632626 0.0633645 0.0857604 0.0863778 0.1182685 0.1286304 0.0000000 0.0757931 0.0757931 0.1054302 0.2207828 0.1253280 0.1030879 0.0957157 0.0607248 0.0931259 0.1084883 0.0901788 0.0866133 0.0878572 0.2199444 0.2380403 0.3901429 0.6071021 0.6084705 0.6114611 0.6297266 0.6593167 0.6654949 0.7163323 0.7287501 0.5808034 0.5795135 0.5782156 0.5787890 0.5819663 0.5836418 0.5836418 0.5753115 0.5794995 0.6064303 
S0016_G5892_R1_U 0.4593434 0.4525857 0.3718936 0.3312712 0.3542286 0.3640157 0.3464588 0.3290643 0.2963742 0.2726314 0.7536040 0.4404682 0.4418687 0.4492051 0.4454860 0.4738557 0.4639378 0.4462160 0.0935124 0.0715300 0.0643551 0.0794895 0.0743064 0.0751343 0.0843470 0.0806241 0.1092343 0.1246700 0.0757931 0.0000000 0.0000010 0.1073594 0.2104460 0.1215224 0.1023449 0.0974557 0.0724765 0.0933994 0.0939450 0.0921325 0.0812558 0.0874763 0.2196277 0.2349469 0.3982726 0.5783344 0.5872841 0.5901724 0.6156061 0.6124440 0.6165695 0.7589010 0.7586331 0.5575528 0.5563966 0.5532652 0.5556020 0.5596335 0.5653181 0.5632636 0.5540754 0.5549646 0.6176443 
S0016_G5892_R2_A 0.4593434 0.4525857 0.3718936 0.3312712 0.3542286 0.3640157 0.3464588 0.3290643 0.2963742 0.2726314 0.7536040 0.4404682 0.4418687 0.4492051 0.4454860 0.4738557 0.4639378 0.4462160 0.0935124 0.0715300 0.0643551 0.0794895 0.0743064 0.0751343 0.0843470 0.0806241 0.1092343 0.1246700 0.0757931 0.0000010 0.0000000 0.1073594 0.2104460 0.1215224 0.1023449 0.0974557 0.0724765 0.0933994 0.0939450 0.0921325 0.0812558 0.0874763 0.2196277 0.2349469 0.3982726 0.5783344 0.5872841 0.5901724 0.6156061 0.6124440 0.6165695 0.7589010 0.7586331 0.5575528 0.5563966 0.5532652 0.5556020 0.5596335 0.5653181 0.5632636 0.5540754 0.5549646 0.6176443 
S0046_G5892_R1_U 0.4906396 0.4875356 0.4126330 0.3697330 0.3849464 0.4044639 0.3824576 0.3692016 0.3312617 0.2959453 0.7696438 0.4889760 0.4928775 0.4968423 0.4829755 0.5101214 0.5145047 0.4960397 0.1267271 0.1193129 0.1169594 0.1260549 0.1090478 0.1061519 0.1095988 0.1154627 0.1417806 0.1599599 0.1054302 0.1073594 0.1073594 0.0000000 0.2449284 0.1565641 0.1316051 0.1241748 0.1046550 0.1258137 0.1435159 0.1212911 0.1178274 0.1178889 0.2514009 0.2797735 0.4353641 0.5915225 0.5970595 0.6073445 0.6195387 0.6427324 0.6406995 0.7874310 0.7874444 0.5780728 0.5706978 0.5677650 0.5719610 0.5771321 0.5767495 0.5771545 0.5744462 0.5720835 0.6095882 
S0021_G5892_R2_A 0.6354366 0.6380757 0.5124418 0.4455246 0.4375570 0.4797489 0.4608864 0.4224970 0.3991843 0.2861696 0.7331569 0.5204105 0.5227918 0.5289530 0.5431865 0.5818236 0.5561057 0.5629284 0.2373526 0.2191297 0.2170679 0.2309090 0.2123338 0.2087963 0.2184771 0.1978061 0.1678723 0.2577921 0.2207828 0.2104460 0.2104460 0.2449284 0.0000000 0.2490307 0.2138545 0.2174816 0.2070927 0.1542051 0.2493931 0.2008816 0.1983505 0.2118420 0.3040876 0.3472815 0.5310087 0.6758978 0.6768378 0.6880266 0.6993263 0.7305264 0.7285637 0.9219494 0.8639181 0.6340710 0.6321248 0.6193655 0.6338649 0.6306269 0.6348350 0.6283470 0.6318814 0.6330107 0.6399103 
S0035_G5892_R1_A 0.5062841 0.5014115 0.4147895 0.3629085 0.3920236 0.4071863 0.3884079 0.3757272 0.3251729 0.3128406 0.7705997 0.4891092 0.4929724 0.4983729 0.4736151 0.5020965 0.4990399 0.4868135 0.1224170 0.1303654 0.1243056 0.1448977 0.1240912 0.1242830 0.1311581 0.1074972 0.1567659 0.1472897 0.1253280 0.1215224 0.1215224 0.1565641 0.2490307 0.0000000 0.0873569 0.0815760 0.1219101 0.1323326 0.1466989 0.1361371 0.1307112 0.1342671 0.2585704 0.2778676 0.4425602 0.6163726 0.6313448 0.6266510 0.6677573 0.6629729 0.6656156 0.7504381 0.7881806 0.5705937 0.5693141 0.5660000 0.5665731 0.5612755 0.5631022 0.5603909 0.5650065 0.5679080 0.6038032 
S0050_G5892_R1_A 0.4662532 0.4603526 0.3723344 0.3283684 0.3465967 0.3769849 0.3501598 0.3404899 0.2925295 0.2815686 0.7436545 0.4714604 0.4723119 0.4810146 0.4618647 0.4750461 0.4641088 0.4636833 0.1091856 0.1158088 0.1055743 0.1166149 0.1041898 0.1027184 0.1095093 0.0876383 0.1350483 0.1249265 0.1030879 0.1023449 0.1023449 0.1316051 0.2138545 0.0873569 0.0000000 0.0339881 0.1012929 0.1107062 0.1336201 0.1155246 0.1064427 0.1084460 0.2525210 0.2714937 0.4151024 0.6123727 0.6174197 0.6270183 0.6453912 0.6532084 0.6606110 0.7672885 0.7818113 0.5634817 0.5620262 0.5645409 0.5615094 0.5622699 0.5659272 0.5620544 0.5617489 0.5626610 0.6130404 
S0048_G5892_R1_A 0.4895521 0.4880183 0.3832763 0.3526658 0.3601781 0.3930393 0.3646471 0.3545950 0.3150938 0.2912217 0.7419769 0.4773699 0.4796405 0.4865355 0.4820651 0.4979672 0.4894527 0.4769582 0.1070432 0.1052536 0.0986933 0.1161976 0.0969249 0.0971190 0.1073363 0.0824424 0.1265792 0.1185201 0.0957157 0.0974557 0.0974557 0.1241748 0.2174816 0.0815760 0.0339881 0.0000000 0.0942321 0.1065998 0.1264897 0.1096056 0.1018513 0.1108043 0.2443878 0.2668326 0.4354977 0.6060816 0.6145801 0.6163404 0.6360792 0.6368174 0.6440467 0.7495553 0.7832623 0.5641409 0.5647397 0.5677722 0.5621768 0.5683150 0.5719975 0.5699278 0.5624135 0.5633229 0.6059349 
S0019_G5892_R3_A 0.4496517 0.4454446 0.3695309 0.3302242 0.3492156 0.3582849 0.3524202 0.3267462 0.2890656 0.2923334 0.7495891 0.4334058 0.4347666 0.4419914 0.4415243 0.4768008 0.4686364 0.4555106 0.0967913 0.0839766 0.0753552 0.0942276 0.0120435 0.0082155 0.0831240 0.0851987 0.1097869 0.1225901 0.0607248 0.0724765 0.0724765 0.1046550 0.2070927 0.1219101 0.1012929 0.0942321 0.0000000 0.0871643 0.1069514 0.0896867 0.0805284 0.0860062 0.2095754 0.2342310 0.3841443 0.6051166 0.6158325 0.6152537 0.6271785 0.6397290 0.6457503 0.7407034 0.7769774 0.5805683 0.5811791 0.5754495 0.5804692 0.5848707 0.5845044 0.5865393 0.5749083 0.5818098 0.6134953 
S0021_G5892_R3_A 0.4659445 0.4628058 0.3702238 0.3311733 0.3522261 0.3652865 0.3447633 0.3340307 0.2923544 0.2936318 0.7400841 0.4434372 0.4447280 0.4521432 0.4267853 0.4570328 0.4593899 0.4413996 0.1102312 0.1043035 0.0998953 0.1095393 0.0906032 0.0899616 0.1035619 0.1006937 0.0509899 0.1386245 0.0931259 0.0933994 0.0933994 0.1258137 0.1542051 0.1323326 0.1107062 0.1065998 0.0871643 0.0000000 0.1284480 0.0827760 0.0880845 0.0943553 0.2094772 0.2377984 0.3999607 0.5807668 0.5851001 0.5907420 0.6039518 0.6241868 0.6261607 0.7201592 0.7700420 0.5595016 0.5580680 0.5569972 0.5613987 0.5616230 0.5652699 0.5652872 0.5565691 0.5574678 0.6390008 
S0037_G5892_R1_U 0.5045394 0.4984479 0.4085940 0.3765114 0.4081881 0.4023486 0.3984185 0.3655136 0.3475072 0.2801172 0.7664461 0.4620634 0.4694343 0.4749380 0.4697228 0.4969082 0.4846941 0.4933050 0.1276761 0.0776955 0.1072495 0.1199432 0.1067475 0.1083489 0.1229864 0.1189788 0.1510419 0.1569512 0.1084883 0.0939450 0.0939450 0.1435159 0.2493931 0.1466989 0.1336201 0.1264897 0.1069514 0.1284480 0.0000000 0.1301623 0.1220619 0.1224009 0.2554102 0.2749854 0.4211811 0.6090839 0.6148186 0.6101692 0.6205062 0.6375407 0.6430933 0.7765382 0.7714258 0.5867065 0.5851621 0.5779313 0.5844393 0.5895744 0.5935176 0.5864716 0.5827433 0.5818489 0.6209397 
S0026_G5892_R1_U 0.4726007 0.4660417 0.3646987 0.3305645 0.3410330 0.3764098 0.3413203 0.3350430 0.2923029 0.3007627 0.7457737 0.4451206 0.4486451 0.4538079 0.4296153 0.4670322 0.4711336 0.4520035 0.1180120 0.1060989 0.0985853 0.1069151 0.0901476 0.0924992 0.1031501 0.1002439 0.1011016 0.1400373 0.0901788 0.0921325 0.0921325 0.1212911 0.2008816 0.1361371 0.1155246 0.1096056 0.0896867 0.0827760 0.1301623 0.0000000 0.0847041 0.0939061 0.2092760 0.2315784 0.4097640 0.6063825 0.6166746 0.6224524 0.6352759 0.6410225 0.6453279 0.7588829 0.7514350 0.5538032 0.5508306 0.5538060 0.5538231 0.5560436 0.5596442 0.5576072 0.5523075 0.5531900 0.6291420 
S0023_G5892_R1_U 0.4701090 0.4669679 0.3882431 0.3338689 0.3578334 0.3762717 0.3524945 0.3337418 0.3040154 0.2940792 0.7676985 0.4462021 0.4497712 0.4549922 0.4428745 0.4760188 0.4777546 0.4479928 0.1075652 0.0950022 0.0906813 0.1034357 0.0846457 0.0824676 0.0950641 0.0943949 0.1071559 0.1355539 0.0866133 0.0812558 0.0812558 0.1178274 0.1983505 0.1307112 0.1064427 0.1018513 0.0805284 0.0880845 0.1220619 0.0847041 0.0000000 0.0905298 0.2114721 0.2293829 0.4149214 0.5974498 0.5944133 0.6057715 0.6157607 0.6143116 0.6218993 0.7282193 0.7859585 0.5727932 0.5697273 0.5684156 0.5707932 0.5676713 0.5713794 0.5674663 0.5653097 0.5701269 0.6215188 
S0028_G5892_R1_U 0.4787904 0.4764441 0.3788436 0.3313479 0.3531957 0.3710222 0.3484928 0.3318649 0.2926596 0.2820521 0.7449639 0.4443621 0.4462575 0.4530255 0.4479486 0.4835017 0.4735846 0.4475431 0.1038819 0.0979675 0.0921550 0.1107785 0.0901560 0.0880153 0.0993483 0.0958138 0.1140490 0.1453557 0.0878572 0.0874763 0.0874763 0.1178889 0.2118420 0.1342671 0.1084460 0.1108043 0.0860062 0.0943553 0.1224009 0.0939061 0.0905298 0.0000000 0.2147720 0.2414615 0.3977489 0.6018338 0.6080915 0.6098416 0.6286476 0.6491989 0.6476810 0.7693499 0.7527521 0.5721248 0.5667777 0.5657318 0.5680859 0.5744826 0.5740976 0.5761203 0.5705532 0.5714839 0.6259662 
S0033_G5892_R1_A 0.4250195 0.4225671 0.3085569 0.2799949 0.2860784 0.2892152 0.2740006 0.2622964 0.2230373 0.2981843 0.7443859 0.3656126 0.3684668 0.3747347 0.3920365 0.4310229 0.4126061 0.3942957 0.2410597 0.2260014 0.2226110 0.2321828 0.2141816 0.2110875 0.2277994 0.2242355 0.2211422 0.2615263 0.2199444 0.2196277 0.2196277 0.2514009 0.3040876 0.2585704 0.2525210 0.2443878 0.2095754 0.2094772 0.2554102 0.2092760 0.2114721 0.2147720 0.0000000 0.2206516 0.3365957 0.6314460 0.6465352 0.6408373 0.6503098 0.6580411 0.6501270 0.7372947 0.7968994 0.6145485 0.6075141 0.5976116 0.6048764 0.6065499 0.6106230 0.6056636 0.6159265 0.6127977 0.6284178 
S0005_G5892_R1_U 0.4991862 0.4967399 0.3727528 0.3347495 0.3364761 0.3759892 0.3482885 0.3444985 0.2811201 0.3519956 0.7878557 0.4292875 0.4294800 0.4377044 0.4546683 0.4790815 0.4746131 0.4652007 0.2597424 0.2470262 0.2477303 0.2636368 0.2394508 0.2326542 0.2571773 0.2515955 0.2573449 0.2901425 0.2380403 0.2349469 0.2349469 0.2797735 0.3472815 0.2778676 0.2714937 0.2668326 0.2342310 0.2377984 0.2749854 0.2315784 0.2293829 0.2414615 0.2206516 0.0000000 0.4111593 0.6912199 0.6961092 0.7006512 0.6878516 0.7030482 0.7206032 0.7645442 0.7979832 0.6476387 0.6404510 0.6364982 0.6451917 0.6314666 0.6381992 0.6328840 0.6470594 0.6528290 0.6303747 
S0009_G5892_R3_A 0.3235677 0.3245367 0.1124854 0.2333799 0.2618675 0.0932321 0.2721113 0.2601945 0.1996754 0.0457842 0.4219879 0.1080031 0.1073066 0.1119586 0.4598662 0.4966672 0.4814477 0.4832621 0.4139799 0.3912696 0.4081296 0.4119594 0.3929730 0.3922171 0.4027430 0.3929682 0.4088099 0.4292271 0.3901429 0.3982726 0.3982726 0.4353641 0.5310087 0.4425602 0.4151024 0.4354977 0.3841443 0.3999607 0.4211811 0.4097640 0.4149214 0.3977489 0.3365957 0.4111593 0.0000000 0.6696185 0.6858026 0.6876753 0.7059934 0.6948044 0.6965185 0.7034836 0.7753892 0.7120272 0.7009969 0.6885292 0.6963582 0.6951520 0.6980104 0.6968541 0.6993393 0.6954825 0.6359754 
S0032_G5892_R1_N 0.6449357 0.6454844 0.7005593 0.6224716 0.6385790 0.6105336 0.6146547 0.5592666 0.6046382 0.4611865 1.0041476 0.6843910 0.6920039 0.6885953 0.6508292 0.6606865 0.6403403 0.7009519 0.5859703 0.5804454 0.6002078 0.5835770 0.6106416 0.6177902 0.5882850 0.5708260 0.5909801 0.6104470 0.6071021 0.5783344 0.5783344 0.5915225 0.6758978 0.6163726 0.6123727 0.6060816 0.6051166 0.5807668 0.6090839 0.6063825 0.5974498 0.6018338 0.6314460 0.6912199 0.6696185 0.0000000 0.0166455 0.0184698 0.0854015 0.1073046 0.0954769 0.5309259 0.6746769 0.7471488 0.7468422 0.7451176 0.7503317 0.7616950 0.7689225 0.7591163 0.7408724 0.7465448 0.6531145 
S0024_G5892_R1_A 0.6619663 0.6624818 0.7173981 0.6224165 0.6352661 0.6245627 0.6200498 0.5643822 0.6058812 0.4807530 1.0164961 0.7056517 0.7135732 0.7100698 0.6652331 0.6747640 0.6526217 0.7219441 0.5929791 0.5921326 0.5982240 0.5879345 0.6214685 0.6251295 0.5955196 0.5751604 0.5914061 0.6200744 0.6084705 0.5872841 0.5872841 0.5970595 0.6768378 0.6313448 0.6174197 0.6145801 0.6158325 0.5851001 0.6148186 0.6166746 0.5944133 0.6080915 0.6465352 0.6961092 0.6858026 0.0166455 0.0000000 0.0202757 0.0854683 0.1117852 0.1010327 0.5367987 0.6618794 0.7565656 0.7506599 0.7544986 0.7597424 0.7712328 0.7785440 0.7686414 0.7502413 0.7559498 0.6582804 
S0032_G5892_R2_N 0.6502316 0.6507697 0.7130850 0.6263610 0.6501290 0.6210825 0.6205730 0.5650936 0.6133278 0.4815160 1.0335589 0.7051962 0.7131317 0.7096211 0.6521617 0.6657453 0.6429712 0.7086024 0.5919828 0.5909870 0.6077469 0.5994287 0.6155184 0.6281676 0.5985338 0.5768650 0.5970906 0.6303641 0.6114611 0.5901724 0.5901724 0.6073445 0.6880266 0.6266510 0.6270183 0.6163404 0.6152537 0.5907420 0.6101692 0.6224524 0.6057715 0.6098416 0.6408373 0.7006512 0.6876753 0.0184698 0.0202757 0.0000000 0.0795284 0.1074563 0.0967276 0.5369973 0.6791696 0.7428009 0.7370177 0.7407869 0.7459857 0.7572870 0.7644737 0.7590384 0.7365485 0.7422026 0.6535202 
S0001_G5892_R1_A 0.6666389 0.6682393 0.7310037 0.6330505 0.6562136 0.6320802 0.6425932 0.5904475 0.6092767 0.5152346 1.0510653 0.7167683 0.7227298 0.7239563 0.6686827 0.6951283 0.6725305 0.7302141 0.6173931 0.6272420 0.6146496 0.6224977 0.6334569 0.6408271 0.6103804 0.6089886 0.5990064 0.6440033 0.6297266 0.6156061 0.6156061 0.6195387 0.6993263 0.6677573 0.6453912 0.6360792 0.6271785 0.6039518 0.6205062 0.6352759 0.6157607 0.6286476 0.6503098 0.6878516 0.7059934 0.0854015 0.0854683 0.0795284 0.0000000 0.1495322 0.1393873 0.5578525 0.7211525 0.7720471 0.7719707 0.7675744 0.7753210 0.7675995 0.7801924 0.7726605 0.7622883 0.7599094 0.6719603 
S0025_G5892_R1_A 0.6507371 0.6509871 0.6996006 0.6550656 0.6607516 0.6319358 0.6576892 0.5877799 0.6052487 0.4624092 0.9888023 0.7287467 0.7421123 0.7393811 0.6602985 0.6911604 0.6757486 0.7168965 0.6213640 0.6272797 0.6398038 0.6165436 0.6379013 0.6488747 0.6263604 0.6040790 0.6311819 0.6440268 0.6593167 0.6124440 0.6124440 0.6427324 0.7305264 0.6629729 0.6532084 0.6368174 0.6397290 0.6241868 0.6375407 0.6410225 0.6143116 0.6491989 0.6580411 0.7030482 0.6948044 0.1073046 0.1117852 0.1074563 0.1495322 0.0000000 0.0355701 0.5932401 0.7295681 0.7704394 0.7614844 0.7463042 0.7646791 0.7764313 0.7826268 0.7783846 0.7546921 0.7638108 0.6445094 
S0029_G5892_R1_A 0.6647587 0.6649710 0.6967077 0.6619221 0.6473605 0.6360594 0.6631744 0.5878617 0.6068833 0.4475900 0.9781684 0.7348386 0.7484128 0.7456490 0.6625202 0.6997039 0.6826846 0.7147550 0.6241606 0.6295044 0.6433558 0.6164796 0.6446396 0.6551236 0.6306294 0.6079426 0.6313261 0.6475836 0.6654949 0.6165695 0.6165695 0.6406995 0.7285637 0.6656156 0.6606110 0.6440467 0.6457503 0.6261607 0.6430933 0.6453279 0.6218993 0.6476810 0.6501270 0.7206032 0.6965185 0.0954769 0.1010327 0.0967276 0.1393873 0.0355701 0.0000000 0.5812074 0.7505675 0.7744734 0.7654152 0.7475615 0.7686472 0.7844953 0.7913107 0.7864661 0.7645645 0.7651946 0.6650882 
S0003_G5892_R1_N 0.7219247 0.7195027 0.6674287 0.7595905 0.7056597 0.7117766 0.7467980 0.6626712 0.7063864 0.6396357 1.1006449 0.8153506 0.8184131 0.8178073 0.8773694 0.9579912 0.9484676 0.8266086 0.7567733 0.7552889 0.7700207 0.7885681 0.7436089 0.7455544 0.7438347 0.7546058 0.7388418 0.7332966 0.7163323 0.7589010 0.7589010 0.7874310 0.9219494 0.7504381 0.7672885 0.7495553 0.7407034 0.7201592 0.7765382 0.7588829 0.7282193 0.7693499 0.7372947 0.7645442 0.7034836 0.5309259 0.5367987 0.5369973 0.5578525 0.5932401 0.5812074 0.0000000 0.7025386 0.5242826 0.5344513 0.5214343 0.5119346 0.5168857 0.5115740 0.5223763 0.5164888 0.5076934 0.5706232 
S0049_G5892_R1_A 0.7025397 0.6943406 0.7015779 0.7675150 0.7109233 0.7757595 0.7457337 0.7526393 0.7520746 0.7589591 1.3522752 0.7549985 0.7575764 0.7658296 0.9415023 0.9442850 0.9545052 0.8590172 0.7445612 0.7658970 0.7677653 0.7968835 0.7729318 0.7754788 0.7590555 0.7728944 0.7763445 0.8079565 0.7287501 0.7586331 0.7586331 0.7874444 0.8639181 0.7881806 0.7818113 0.7832623 0.7769774 0.7700420 0.7714258 0.7514350 0.7859585 0.7527521 0.7968994 0.7979832 0.7753892 0.6746769 0.6618794 0.6791696 0.7211525 0.7295681 0.7505675 0.7025386 0.0000000 0.8322591 0.8351103 0.8317932 0.8460727 0.8286528 0.8389525 0.8415255 0.8164686 0.8188389 0.7550517 
S0040_G5892_R1_N 0.6520570 0.6552542 0.6497467 0.7143069 0.6573250 0.6859592 0.6626693 0.6830159 0.6411408 0.4552965 1.1190251 0.7298657 0.7290096 0.7273874 0.7256088 0.7174565 0.7157598 0.7335773 0.5656831 0.5548211 0.5717462 0.6021224 0.5695658 0.5819786 0.5804936 0.5679574 0.5820657 0.5925091 0.5808034 0.5575528 0.5575528 0.5780728 0.6340710 0.5705937 0.5634817 0.5641409 0.5805683 0.5595016 0.5867065 0.5538032 0.5727932 0.5721248 0.6145485 0.6476387 0.7120272 0.7471488 0.7565656 0.7428009 0.7720471 0.7704394 0.7744734 0.5242826 0.8322591 0.0000000 0.0178092 0.0160875 0.0142177 0.0288435 0.0325863 0.0325989 0.0233061 0.0232912 0.6151555 
S0042_G5892_R1_N 0.6477763 0.6509333 0.6502361 0.7021042 0.6545190 0.6770161 0.6722768 0.6783809 0.6433518 0.4681264 1.1118327 0.7212161 0.7203748 0.7187833 0.7196919 0.7123334 0.7169106 0.7317523 0.5604813 0.5557191 0.5705006 0.6049433 0.5722111 0.5859330 0.5727353 0.5671540 0.5785763 0.6003793 0.5795135 0.5563966 0.5563966 0.5706978 0.6321248 0.5693141 0.5620262 0.5647397 0.5811791 0.5580680 0.5851621 0.5508306 0.5697273 0.5667777 0.6075141 0.6404510 0.7009969 0.7468422 0.7506599 0.7370177 0.7719707 0.7614844 0.7654152 0.5344513 0.8351103 0.0178092 0.0000000 0.0160985 0.0160254 0.0316275 0.0335348 0.0354054 0.0269768 0.0251311 0.6155229 
S0045_G5892_R2_A 0.6384401 0.6415790 0.6308707 0.6861524 0.6363239 0.6542075 0.6444630 0.6488623 0.6269650 0.4476294 1.1166007 0.7009913 0.7001799 0.6986510 0.7139095 0.7097444 0.7147668 0.7221679 0.5589371 0.5525583 0.5658733 0.5936088 0.5753881 0.5768185 0.5732386 0.5636149 0.5795078 0.5893016 0.5782156 0.5532652 0.5532652 0.5677650 0.6193655 0.5660000 0.5645409 0.5677722 0.5754495 0.5569972 0.5779313 0.5538060 0.5684156 0.5657318 0.5976116 0.6364982 0.6885292 0.7451176 0.7544986 0.7407869 0.7675744 0.7463042 0.7475615 0.5214343 0.8317932 0.0160875 0.0160985 0.0000000 0.0142975 0.0280834 0.0299850 0.0318544 0.0225224 0.0225079 0.6141980 
S0038_G5892_R1_A 0.6408863 0.6440327 0.6342561 0.7019981 0.6501030 0.6707429 0.6603264 0.6711125 0.6402832 0.4503826 1.1143270 0.7116264 0.7107994 0.7092381 0.7257355 0.7190862 0.7173595 0.7376948 0.5637243 0.5528583 0.5715725 0.6000587 0.5714689 0.5818784 0.5777118 0.5659760 0.5861302 0.5981335 0.5787890 0.5556020 0.5556020 0.5719610 0.6338649 0.5665731 0.5615094 0.5621768 0.5804692 0.5613987 0.5844393 0.5538231 0.5707932 0.5680859 0.6048764 0.6451917 0.6963582 0.7503317 0.7597424 0.7459857 0.7753210 0.7646791 0.7686472 0.5119346 0.8460727 0.0142177 0.0160254 0.0142975 0.0000000 0.0270381 0.0289268 0.0307849 0.0215112 0.0214975 0.6115946 
S0041_G5892_R1_N 0.6300995 0.6361524 0.6255601 0.7064500 0.6542724 0.6683395 0.6614638 0.6767709 0.6314342 0.4516340 1.1023348 0.7099820 0.7091591 0.7146010 0.7413055 0.7313214 0.7261360 0.7428295 0.5639376 0.5571679 0.5706775 0.5949890 0.5732035 0.5863208 0.5871214 0.5643846 0.5751132 0.6026884 0.5819663 0.5596335 0.5596335 0.5771321 0.6306269 0.5612755 0.5622699 0.5683150 0.5848707 0.5616230 0.5895744 0.5560436 0.5676713 0.5744826 0.6065499 0.6314666 0.6951520 0.7616950 0.7712328 0.7572870 0.7675995 0.7764313 0.7844953 0.5168857 0.8286528 0.0288435 0.0316275 0.0280834 0.0270381 0.0000000 0.0106492 0.0106532 0.0326136 0.0316666 0.6098429 
S0043_G5892_R1_N 0.6355953 0.6416824 0.6242177 0.7092011 0.6502728 0.6711118 0.6641537 0.6794310 0.6340110 0.4496069 1.0958567 0.7179796 0.7171439 0.7226263 0.7507491 0.7436508 0.7332131 0.7533403 0.5675798 0.5590004 0.5723209 0.5988731 0.5754299 0.5859544 0.5882212 0.5659919 0.5809304 0.6080392 0.5836418 0.5653181 0.5653181 0.5767495 0.6348350 0.5631022 0.5659272 0.5719975 0.5845044 0.5652699 0.5935176 0.5596442 0.5713794 0.5740976 0.6106230 0.6381992 0.6980104 0.7689225 0.7785440 0.7644737 0.7801924 0.7826268 0.7913107 0.5115740 0.8389525 0.0325863 0.0335348 0.0299850 0.0289268 0.0106492 0.0000000 0.0088835 0.0363917 0.0335793 0.6213768 
S0047_G5892_R1_N 0.6358996 0.6419913 0.6281145 0.7106909 0.6533927 0.6700213 0.6631035 0.6805433 0.6330381 0.4491837 1.0885993 0.7144392 0.7136100 0.7190692 0.7473156 0.7412221 0.7252111 0.7471885 0.5637271 0.5605699 0.5697815 0.5967200 0.5754299 0.5880059 0.5888598 0.5641730 0.5788176 0.6099739 0.5836418 0.5632636 0.5632636 0.5771545 0.6283470 0.5603909 0.5620544 0.5699278 0.5865393 0.5652872 0.5864716 0.5576072 0.5674663 0.5761203 0.6056636 0.6328840 0.6968541 0.7591163 0.7686414 0.7590384 0.7726605 0.7783846 0.7864661 0.5223763 0.8415255 0.0325989 0.0354054 0.0318544 0.0307849 0.0106532 0.0088835 0.0000000 0.0364058 0.0354494 0.6222113 
S0044_G5892_R1_N 0.6404071 0.6435496 0.6321197 0.7021707 0.6503930 0.6710716 0.6631390 0.6643414 0.6455240 0.4524655 1.1080128 0.7168409 0.7133581 0.7117932 0.7284544 0.7203504 0.7160931 0.7379224 0.5621722 0.5533042 0.5660541 0.6002041 0.5639772 0.5762697 0.5787136 0.5644007 0.5796468 0.5941665 0.5753115 0.5540754 0.5540754 0.5744462 0.6318814 0.5650065 0.5617489 0.5624135 0.5749083 0.5565691 0.5827433 0.5523075 0.5653097 0.5705532 0.6159265 0.6470594 0.6993393 0.7408724 0.7502413 0.7365485 0.7622883 0.7546921 0.7645645 0.5164888 0.8164686 0.0233061 0.0269768 0.0225224 0.0215112 0.0326136 0.0363917 0.0364058 0.0000000 0.0142155 0.6190470 
