58
S0035_G5899_R1_A 0.0000000 0.2312055 0.3562769 0.2346280 0.2304924 0.1905952 0.1920276 0.1878656 0.1847695 0.1910344 0.1882368 0.1893568 0.1863125 0.1977306 0.1894871 0.1836730 0.1982197 0.2042154 0.1913631 0.1978147 0.1979360 0.2107247 0.2111484 0.2135565 0.2124228 0.4599530 0.4215326 0.5986334 0.5986334 0.6183156 0.6336602 0.3336668 0.1679577 0.6109414 0.6279753 0.6238831 0.6325621 0.5888092 0.4326884 0.6193878 0.6278160 0.5815858 0.4540437 0.7369155 0.7341579 0.7545449 0.7607014 0.7595956 0.7683241 0.7502913 0.7551910 0.7366371 0.6324182 0.7995872 0.5559412 0.7422379 0.7698276 0.7398459 
S0033_G5899_R2_A 0.2312055 0.0000000 0.3572300 0.2340774 0.2285468 0.1848675 0.1778910 0.1835970 0.1811138 0.1797251 0.1823622 0.1967436 0.1932324 0.1960276 0.1931425 0.1875020 0.1921358 0.1999411 0.1886415 0.2006212 0.1911663 0.2077247 0.2015082 0.2026822 0.1993092 0.4654415 0.3718816 0.5708014 0.5708014 0.6452094 0.5659171 0.2863075 0.1665136 0.6181460 0.6147714 0.6229265 0.6207896 0.5404550 0.4649186 0.5359531 0.6728742 0.6277405 0.4586442 0.7278109 0.7276199 0.7504246 0.7383121 0.7413850 0.7467620 0.7393372 0.7474043 0.7311489 0.6535022 0.8205372 0.5517254 0.7273718 0.7776877 0.7065924 
S0008_G5899_R1_A 0.3562769 0.3572300 0.0000000 0.3771355 0.4099971 0.3701600 0.3671179 0.3758470 0.3838793 0.3671975 0.3768979 0.3883697 0.3718312 0.3836900 0.3796463 0.3668107 0.3853616 0.3795676 0.3695548 0.3944182 0.3809570 0.3907733 0.3938360 0.3938069 0.3912973 0.4153487 0.3672122 0.4534841 0.4534841 0.5357081 0.4858417 0.4304312 0.3683351 0.6069203 0.6035068 0.6193049 0.6095991 0.4542666 0.3975463 0.4625789 0.6236226 0.6181533 0.3958783 0.7622434 0.7589002 0.7607319 0.7540733 0.7628424 0.7693169 0.7453202 0.7525841 0.7383711 0.5843567 0.7379635 0.5874774 0.7094356 0.6931311 0.6841900 
S0012_G5899_R1_A 0.2346280 0.2340774 0.3771355 0.0000000 0.1123911 0.0992550 0.0944955 0.0977056 0.0952418 0.0849738 0.1002316 0.1000662 0.0902235 0.0933854 0.0955682 0.0928187 0.0997520 0.1037769 0.0878633 0.1047245 0.0954787 0.1163343 0.1005182 0.1142380 0.1124096 0.4972088 0.3857855 0.5492388 0.5492388 0.6323909 0.5773963 0.2570976 0.1922324 0.5491029 0.5464043 0.5870298 0.5863283 0.5292134 0.4546608 0.5459001 0.6019435 0.5800692 0.4777649 0.6875088 0.6885806 0.7153871 0.7267102 0.7150559 0.6990444 0.7082236 0.7232736 0.7014538 0.6242811 0.7274244 0.6299572 0.6878913 0.6496825 0.6271738 
S0030_G5899_R1_A 0.2304924 0.2285468 0.4099971 0.1123911 0.0000000 0.0689075 0.0701470 0.0716522 0.0704226 0.0616887 0.0742893 0.0667963 0.0620213 0.0649382 0.0691210 0.0645551 0.0756715 0.0746342 0.0645131 0.0803315 0.0563641 0.0858776 0.0739254 0.0828218 0.0822505 0.5127195 0.4155069 0.5466677 0.5466677 0.6209236 0.5622057 0.2416895 0.1793751 0.5550829 0.5690434 0.5867342 0.6004562 0.5688476 0.4475979 0.5726092 0.5839294 0.5780165 0.4637878 0.6441584 0.6409845 0.6494783 0.6576647 0.6498432 0.6499257 0.6433947 0.6497457 0.6408481 0.6490335 0.7579076 0.5954071 0.6610815 0.6465436 0.6240569 
S0028_G5899_R1_A 0.1905952 0.1848675 0.3701600 0.0992550 0.0689075 0.0000000 0.0459342 0.0473131 0.0418971 0.0448634 0.0480528 0.0516538 0.0469152 0.0511582 0.0499195 0.0458264 0.0544217 0.0523040 0.0443799 0.0608169 0.0473654 0.0685891 0.0538773 0.0622789 0.0623801 0.4665466 0.3587054 0.5284660 0.5284660 0.5972992 0.5371353 0.2259437 0.1416915 0.5341471 0.5493204 0.5662697 0.5543238 0.5212746 0.4180733 0.5514323 0.5818392 0.5763050 0.4403793 0.6186136 0.6209894 0.6302405 0.6408416 0.6332527 0.6310816 0.6283549 0.6370080 0.6219230 0.6237187 0.7619296 0.5996312 0.6705787 0.6495487 0.6279650 
S0021_G5899_R1_A 0.1920276 0.1778910 0.3671179 0.0944955 0.0701470 0.0459342 0.0000000 0.0146626 0.0447818 0.0471525 0.0484914 0.0559731 0.0492631 0.0541620 0.0549333 0.0501158 0.0587284 0.0579062 0.0486002 0.0658608 0.0548825 0.0713189 0.0590386 0.0675970 0.0658477 0.4721592 0.3550032 0.5355946 0.5355946 0.6054425 0.5397987 0.2235777 0.1421134 0.5343455 0.5474453 0.5538434 0.5667226 0.5247764 0.4206090 0.5426066 0.5710181 0.5550206 0.4495501 0.6308349 0.6275912 0.6381779 0.6416068 0.6339954 0.6331073 0.6301374 0.6388340 0.6226416 0.6522987 0.7276683 0.6096878 0.6558154 0.6591256 0.6452122 
S0021_G5899_R2_A 0.1878656 0.1835970 0.3758470 0.0977056 0.0716522 0.0473131 0.0146626 0.0000000 0.0461583 0.0498417 0.0505667 0.0573973 0.0493955 0.0562707 0.0563585 0.0515253 0.0601706 0.0612590 0.0512323 0.0673377 0.0563223 0.0728269 0.0598432 0.0684007 0.0659934 0.4782091 0.3562316 0.5416686 0.5416686 0.6097879 0.5487454 0.2246720 0.1399682 0.5373011 0.5548874 0.5697908 0.5721777 0.5343000 0.4291697 0.5502192 0.5802678 0.5584494 0.4451714 0.6403669 0.6371709 0.6431935 0.6513697 0.6436238 0.6461122 0.6397387 0.6485351 0.6321841 0.6548131 0.7451519 0.6103699 0.6556776 0.6565571 0.6415106 
S0023_G5899_R1_A 0.1847695 0.1811138 0.3838793 0.0952418 0.0704226 0.0418971 0.0447818 0.0461583 0.0000000 0.0450454 0.0463874 0.0499860 0.0489861 0.0494857 0.0514659 0.0465478 0.0539940 0.0537729 0.0470276 0.0629853 0.0486542 0.0702774 0.0580024 0.0645518 0.0634399 0.4706955 0.3475330 0.5298878 0.5298878 0.5993607 0.5512668 0.2083640 0.1356347 0.5276160 0.5468125 0.5591726 0.5632099 0.5320973 0.4290102 0.5501479 0.5922127 0.5794906 0.4359145 0.6313030 0.6280510 0.6351705 0.6469978 0.6392958 0.6417321 0.6353449 0.6415596 0.6278017 0.6303842 0.7340659 0.5998805 0.6632005 0.6526546 0.6331531 
S0019_G5899_R1_A 0.1910344 0.1797251 0.3671975 0.0849738 0.0616887 0.0448634 0.0471525 0.0498417 0.0450454 0.0000000 0.0512978 0.0398176 0.0338422 0.0330915 0.0381778 0.0328026 0.0468799 0.0466486 0.0326089 0.0506088 0.0390811 0.0609090 0.0495109 0.0585219 0.0560653 0.4745221 0.3664815 0.5352596 0.5352596 0.6023714 0.5423807 0.2164096 0.1412345 0.5291173 0.5419795 0.5606296 0.5769513 0.5377328 0.4334554 0.5468105 0.5713492 0.5547588 0.4394137 0.6443434 0.6387892 0.6472500 0.6554347 0.6476383 0.6501131 0.6437448 0.6525763 0.6386503 0.6334670 0.7461717 0.6155094 0.6729014 0.6527532 0.6318196 
S0026_G5899_R1_A 0.1882368 0.1823622 0.3768979 0.1002316 0.0742893 0.0480528 0.0484914 0.0505667 0.0463874 0.0512978 0.0000000 0.0594360 0.0533992 0.0563666 0.0577305 0.0517111 0.0603515 0.0587782 0.0520263 0.0681445 0.0544749 0.0754379 0.0649575 0.0716388 0.0699470 0.4805488 0.3574064 0.5398202 0.5398202 0.6072903 0.5448861 0.2250031 0.1396244 0.5380388 0.5618161 0.5575317 0.5734680 0.5191967 0.4422247 0.5558033 0.5811135 0.5713757 0.4440024 0.6266728 0.6257549 0.6291471 0.6396305 0.6297189 0.6322420 0.6257842 0.6389894 0.6242005 0.6178263 0.7151272 0.6056772 0.6576979 0.6549558 0.6239854 
S0004_G5899_R1_A 0.1893568 0.1967436 0.3883697 0.1000662 0.0667963 0.0516538 0.0559731 0.0573973 0.0499860 0.0398176 0.0594360 0.0000000 0.0399664 0.0454241 0.0392338 0.0419899 0.0549119 0.0483475 0.0417826 0.0522213 0.0484304 0.0613086 0.0563569 0.0635402 0.0591710 0.4813525 0.3611202 0.5368453 0.5368453 0.6088289 0.5558215 0.2261536 0.1461959 0.5296613 0.5511931 0.5615997 0.5663044 0.5525692 0.4327181 0.5435457 0.5713546 0.5621765 0.4470558 0.6292114 0.6308209 0.6426646 0.6508142 0.6430990 0.6455815 0.6367889 0.6455329 0.6306735 0.6350070 0.7011751 0.6137708 0.6680930 0.6584787 0.6456890 
S0036_G5899_R1_A 0.1863125 0.1932324 0.3718312 0.0902235 0.0620213 0.0469152 0.0492631 0.0493955 0.0489861 0.0338422 0.0533992 0.0399664 0.0000000 0.0387768 0.0376826 0.0366303 0.0508363 0.0468207 0.0327154 0.0526528 0.0449496 0.0598327 0.0509513 0.0574141 0.0555833 0.4712710 0.3529623 0.5310594 0.5310594 0.6032883 0.5398727 0.2239962 0.1466700 0.5168287 0.5354607 0.5536544 0.5597500 0.5325238 0.4255031 0.5467030 0.5635740 0.5576032 0.4381906 0.6063847 0.6030336 0.6108394 0.6140692 0.6068500 0.6094349 0.6078101 0.6162459 0.6028546 0.6280518 0.7198997 0.6118339 0.6541987 0.6566654 0.6402389 
S0020_G5899_R1_A 0.1977306 0.1960276 0.3836900 0.0933854 0.0649382 0.0511582 0.0541620 0.0562707 0.0494857 0.0330915 0.0563666 0.0454241 0.0387768 0.0000000 0.0431131 0.0402402 0.0532181 0.0491400 0.0375121 0.0537827 0.0460009 0.0640885 0.0545501 0.0630048 0.0586273 0.4715295 0.3768433 0.5559348 0.5559348 0.6273898 0.5660332 0.2197800 0.1515520 0.5221049 0.5388835 0.5544786 0.5618893 0.5589833 0.4463975 0.5574598 0.5643473 0.5526576 0.4517507 0.6546751 0.6491215 0.6602698 0.6660780 0.6580931 0.6581319 0.6565763 0.6655826 0.6514137 0.6579391 0.7684240 0.6211224 0.6678161 0.6675330 0.6466418 
S0031_G5899_R1_A 0.1894871 0.1931425 0.3796463 0.0955682 0.0691210 0.0499195 0.0549333 0.0563585 0.0514659 0.0381778 0.0577305 0.0392338 0.0376826 0.0431131 0.0000000 0.0403368 0.0507883 0.0466577 0.0401353 0.0264461 0.0448875 0.0481078 0.0539770 0.0643522 0.0619446 0.4817893 0.3620927 0.5261809 0.5261809 0.5972016 0.5409317 0.2149012 0.1447477 0.5330257 0.5508644 0.5657904 0.5771374 0.5213011 0.4333254 0.5544090 0.5785996 0.5668529 0.4423894 0.6223105 0.6199885 0.6282375 0.6326357 0.6274450 0.6279721 0.6211501 0.6298267 0.6101290 0.6358767 0.7486325 0.6164782 0.6653613 0.6708699 0.6482494 
S0011_G5899_R1_A 0.1836730 0.1875020 0.3668107 0.0928187 0.0645551 0.0458264 0.0501158 0.0515253 0.0465478 0.0328026 0.0517111 0.0419899 0.0366303 0.0402402 0.0403368 0.0000000 0.0472346 0.0457786 0.0359476 0.0497583 0.0423136 0.0594860 0.0492856 0.0609600 0.0595748 0.4714891 0.3624028 0.5210425 0.5210425 0.5932137 0.5300964 0.2117611 0.1301208 0.5232966 0.5391310 0.5525462 0.5624243 0.5302260 0.4369306 0.5531358 0.5635930 0.5702504 0.4399898 0.6024714 0.5993029 0.6099476 0.6204189 0.6178926 0.6204470 0.6093163 0.6177826 0.6043469 0.6293679 0.7486569 0.6024755 0.6380728 0.6480974 0.6079097 
S0046_G5899_R1_A 0.1982197 0.1921358 0.3853616 0.0997520 0.0756715 0.0544217 0.0587284 0.0601706 0.0539940 0.0468799 0.0603515 0.0549119 0.0508363 0.0532181 0.0507883 0.0472346 0.0000000 0.0580905 0.0488508 0.0615425 0.0525693 0.0714684 0.0572799 0.0664813 0.0633994 0.4711384 0.3536661 0.5400416 0.5400416 0.6115660 0.5396232 0.2285336 0.1499411 0.5353482 0.5557747 0.5772336 0.5856970 0.5332461 0.4380713 0.5556238 0.5849351 0.5653962 0.4343773 0.6244129 0.6279766 0.6315873 0.6468362 0.6391544 0.6416553 0.6317617 0.6404664 0.6302152 0.6422430 0.7137257 0.6176345 0.6731740 0.6636608 0.6453043 
S0016_G5899_R1_A 0.2042154 0.1999411 0.3795676 0.1037769 0.0746342 0.0523040 0.0579062 0.0612590 0.0537729 0.0466486 0.0587782 0.0483475 0.0468207 0.0491400 0.0466577 0.0457786 0.0580905 0.0000000 0.0461474 0.0579509 0.0529420 0.0644897 0.0609440 0.0695053 0.0677966 0.4771863 0.3532053 0.5258017 0.5258017 0.5968267 0.5496093 0.2283714 0.1493078 0.5129171 0.5271166 0.5395166 0.5454140 0.5246288 0.4408875 0.5321786 0.5535048 0.5537932 0.4482880 0.6197602 0.6164131 0.6210285 0.6339603 0.6276273 0.6300834 0.6236393 0.6322317 0.6186326 0.6306094 0.7220663 0.6228996 0.6647483 0.6579848 0.6387684 
S0002_G5899_R1_A 0.1913631 0.1886415 0.3695548 0.0878633 0.0645131 0.0443799 0.0486002 0.0512323 0.0470276 0.0326089 0.0520263 0.0417826 0.0327154 0.0375121 0.0401353 0.0359476 0.0488508 0.0461474 0.0000000 0.0513430 0.0417447 0.0604642 0.0509237 0.0606273 0.0575391 0.4718382 0.3531941 0.5357727 0.5357727 0.6158492 0.5428117 0.2231771 0.1443226 0.5087231 0.5312093 0.5424975 0.5514926 0.5240185 0.4316119 0.5538769 0.5774708 0.5618761 0.4447125 0.6315930 0.6295138 0.6378014 0.6459449 0.6382861 0.6384295 0.6319020 0.6406068 0.6293647 0.6403524 0.7326714 0.6009099 0.6476263 0.6426837 0.6265205 
S0018_G5899_R1_A 0.1978147 0.2006212 0.3944182 0.1047245 0.0803315 0.0608169 0.0658608 0.0673377 0.0629853 0.0506088 0.0681445 0.0522213 0.0526528 0.0537827 0.0264461 0.0497583 0.0615425 0.0579509 0.0513430 0.0000000 0.0563245 0.0568721 0.0630980 0.0736744 0.0706871 0.4841652 0.3771778 0.5234456 0.5234456 0.6013772 0.5481443 0.2214798 0.1548001 0.5456292 0.5671066 0.5781498 0.5985788 0.5302184 0.4407971 0.5532306 0.5826973 0.5752274 0.4526355 0.6336689 0.6304286 0.6399282 0.6432350 0.6354925 0.6334403 0.6316107 0.6403671 0.6230256 0.6443996 0.7429706 0.6179322 0.6791089 0.6698488 0.6591949 
S0022_G5899_R1_A 0.1979360 0.1911663 0.3809570 0.0954787 0.0563641 0.0473654 0.0548825 0.0563223 0.0486542 0.0390811 0.0544749 0.0484304 0.0449496 0.0460009 0.0448875 0.0423136 0.0525693 0.0529420 0.0417447 0.0563245 0.0000000 0.0649112 0.0545601 0.0637963 0.0611145 0.4705527 0.3743971 0.5398755 0.5398755 0.6039887 0.5454435 0.2228803 0.1494136 0.5504168 0.5620230 0.5723788 0.5968864 0.5495719 0.4266171 0.5587695 0.5783721 0.5710582 0.4463912 0.6379011 0.6346927 0.6395883 0.6477407 0.6400548 0.6391207 0.6361849 0.6449327 0.6262390 0.6611965 0.7290725 0.6001877 0.6747919 0.6457281 0.6324540 
S0037_G5899_R1_A 0.2107247 0.2077247 0.3907733 0.1163343 0.0858776 0.0685891 0.0713189 0.0728269 0.0702774 0.0609090 0.0754379 0.0613086 0.0598327 0.0640885 0.0481078 0.0594860 0.0714684 0.0644897 0.0604642 0.0568721 0.0649112 0.0000000 0.0717840 0.0845086 0.0802613 0.4991425 0.3651413 0.5465685 0.5465685 0.6134044 0.5566578 0.2262760 0.1574955 0.5489846 0.5694206 0.5846102 0.5985957 0.5476191 0.4334543 0.5703903 0.5787945 0.5792517 0.4546148 0.6188188 0.6179034 0.6320466 0.6352683 0.6301272 0.6326693 0.6214086 0.6251824 0.6153300 0.6408669 0.7617276 0.6196980 0.7024874 0.6756887 0.6822557 
S0013_G5899_R1_A 0.2111484 0.2015082 0.3938360 0.1005182 0.0739254 0.0538773 0.0590386 0.0598432 0.0580024 0.0495109 0.0649575 0.0563569 0.0509513 0.0545501 0.0539770 0.0492856 0.0572799 0.0609440 0.0509237 0.0630980 0.0545601 0.0717840 0.0000000 0.0549651 0.0556461 0.4810069 0.3788269 0.5413112 0.5413112 0.6216022 0.5604216 0.2298610 0.1551200 0.5349787 0.5531914 0.5673176 0.5754329 0.5376634 0.4549837 0.5668617 0.5816392 0.5826329 0.4581248 0.6354563 0.6356702 0.6488134 0.6498859 0.6420977 0.6447752 0.6452510 0.6541910 0.6355267 0.6594241 0.7370129 0.6277405 0.6686539 0.6697351 0.6396771 
S0048_G5899_R1_A 0.2135565 0.2026822 0.3938069 0.1142380 0.0828218 0.0622789 0.0675970 0.0684007 0.0645518 0.0585219 0.0716388 0.0635402 0.0574141 0.0630048 0.0643522 0.0609600 0.0664813 0.0695053 0.0606273 0.0736744 0.0637963 0.0845086 0.0549651 0.0000000 0.0176760 0.4848569 0.3712164 0.5341690 0.5341690 0.6067045 0.5656603 0.2320034 0.1642379 0.5207383 0.5461081 0.5529440 0.5685880 0.5472512 0.4506985 0.5833943 0.5862621 0.5941225 0.4621441 0.6484899 0.6488356 0.6525144 0.6557079 0.6453880 0.6480578 0.6540240 0.6579476 0.6462952 0.6622154 0.7396403 0.5882774 0.6599778 0.6722491 0.6331428 
S0050_G5899_R1_A 0.2124228 0.1993092 0.3912973 0.1124096 0.0822505 0.0623801 0.0658477 0.0659934 0.0634399 0.0560653 0.0699470 0.0591710 0.0555833 0.0586273 0.0619446 0.0595748 0.0633994 0.0677966 0.0575391 0.0706871 0.0611145 0.0802613 0.0556461 0.0176760 0.0000000 0.4793662 0.3721782 0.5347816 0.5347816 0.6096344 0.5687722 0.2305285 0.1627651 0.5352629 0.5595945 0.5698190 0.5867873 0.5508913 0.4457120 0.5959261 0.6077803 0.5955412 0.4643976 0.6507673 0.6536586 0.6599181 0.6631299 0.6525896 0.6552656 0.6613823 0.6653824 0.6535340 0.6598479 0.7423257 0.6018093 0.6586975 0.6719251 0.6293134 
S0033_G5899_R1_A 0.4599530 0.4654415 0.4153487 0.4972088 0.5127195 0.4665466 0.4721592 0.4782091 0.4706955 0.4745221 0.4805488 0.4813525 0.4712710 0.4715295 0.4817893 0.4714891 0.4711384 0.4771863 0.4718382 0.4841652 0.4705527 0.4991425 0.4810069 0.4848569 0.4793662 0.0000000 0.4070056 0.6105266 0.6105266 0.6585643 0.5623828 0.4693294 0.4667936 0.6381262 0.6306888 0.6812214 0.6829689 0.5226926 0.2948508 0.4954729 0.6373203 0.6034461 0.3957053 0.7829852 0.7742237 0.7814731 0.7870185 0.7946876 0.7761159 0.7944189 0.8056240 0.7812635 0.5717300 0.7462939 0.5885048 0.7718701 0.7353120 0.7800451 
S0014_G5899_R1_A 0.4215326 0.3718816 0.3672122 0.3857855 0.4155069 0.3587054 0.3550032 0.3562316 0.3475330 0.3664815 0.3574064 0.3611202 0.3529623 0.3768433 0.3620927 0.3624028 0.3536661 0.3532053 0.3531941 0.3771778 0.3743971 0.3651413 0.3788269 0.3712164 0.3721782 0.4070056 0.0000000 0.5623796 0.5623796 0.5616984 0.6486248 0.4131649 0.3989679 0.6716723 0.6697563 0.6680196 0.6741146 0.6486327 0.4487193 0.6087123 0.6761257 0.6463342 0.4955344 0.7982792 0.7894892 0.8129643 0.8223658 0.8129832 0.8311556 0.7933799 0.7881335 0.7766665 0.6430939 0.6903843 0.6015914 0.7155772 0.6912578 0.7717479 
S0009_G5899_R1_A 0.5986334 0.5708014 0.4534841 0.5492388 0.5466677 0.5284660 0.5355946 0.5416686 0.5298878 0.5352596 0.5398202 0.5368453 0.5310594 0.5559348 0.5261809 0.5210425 0.5400416 0.5258017 0.5357727 0.5234456 0.5398755 0.5465685 0.5413112 0.5341690 0.5347816 0.6105266 0.5623796 0.0000000 0.0000010 0.1384505 0.5516897 0.6214217 0.5820921 0.7827178 0.7658508 0.7286685 0.7911998 0.5874526 0.5399738 0.4810908 0.7177397 0.7182857 0.6101554 0.8434947 0.8419424 0.8770300 0.8556732 0.8562158 0.8736403 0.8380271 0.8432147 0.8490445 0.6641980 0.7415696 0.7184304 0.7021314 0.7453514 0.8056097 
S0010_G5899_R1_A 0.5986334 0.5708014 0.4534841 0.5492388 0.5466677 0.5284660 0.5355946 0.5416686 0.5298878 0.5352596 0.5398202 0.5368453 0.5310594 0.5559348 0.5261809 0.5210425 0.5400416 0.5258017 0.5357727 0.5234456 0.5398755 0.5465685 0.5413112 0.5341690 0.5347816 0.6105266 0.5623796 0.0000010 0.0000000 0.1384505 0.5516897 0.6214217 0.5820921 0.7827178 0.7658508 0.7286685 0.7911998 0.5874526 0.5399738 0.4810908 0.7177397 0.7182857 0.6101554 0.8434947 0.8419424 0.8770300 0.8556732 0.8562158 0.8736403 0.8380271 0.8432147 0.8490445 0.6641980 0.7415696 0.7184304 0.7021314 0.7453514 0.8056097 
S0051_G5899_R1_A 0.6183156 0.6452094 0.5357081 0.6323909 0.6209236 0.5972992 0.6054425 0.6097879 0.5993607 0.6023714 0.6072903 0.6088289 0.6032883 0.6273898 0.5972016 0.5932137 0.6115660 0.5968267 0.6158492 0.6013772 0.6039887 0.6134044 0.6216022 0.6067045 0.6096344 0.6585643 0.5616984 0.1384505 0.1384505 0.0000000 0.5738091 0.6506432 0.6214451 0.7364014 0.6913444 0.7178012 0.7254984 0.5668804 0.5559212 0.4782995 0.7127783 0.6820490 0.5737014 0.8262723 0.8234184 0.8553259 0.8457293 0.8408192 0.8654180 0.8296675 0.8352502 0.8432846 0.6267498 0.7370670 0.7007853 0.7086730 0.7286556 0.7620472 
S0015_G5899_R1_A 0.6336602 0.5659171 0.4858417 0.5773963 0.5622057 0.5371353 0.5397987 0.5487454 0.5512668 0.5423807 0.5448861 0.5558215 0.5398727 0.5660332 0.5409317 0.5300964 0.5396232 0.5496093 0.5428117 0.5481443 0.5454435 0.5566578 0.5604216 0.5656603 0.5687722 0.5623828 0.6486248 0.5516897 0.5516897 0.5738091 0.0000000 0.5996575 0.5887131 0.6761560 0.6524565 0.6430570 0.7065562 0.3400666 0.4759984 0.5093012 0.6479986 0.6291495 0.5300635 0.9012177 0.8767973 0.9190769 0.8812734 0.8803774 0.8777871 0.8999145 0.8888812 0.8584736 0.6323993 0.7356653 0.6543999 0.7721930 0.7468992 0.8391345 
S0017_G5899_R1_A 0.3336668 0.2863075 0.4304312 0.2570976 0.2416895 0.2259437 0.2235777 0.2246720 0.2083640 0.2164096 0.2250031 0.2261536 0.2239962 0.2197800 0.2149012 0.2117611 0.2285336 0.2283714 0.2231771 0.2214798 0.2228803 0.2262760 0.2298610 0.2320034 0.2305285 0.4693294 0.4131649 0.6214217 0.6214217 0.6506432 0.5996575 0.0000000 0.2993164 0.6085708 0.6170696 0.5923402 0.6247437 0.5990623 0.4132603 0.6451185 0.6273319 0.6256065 0.5036755 0.7806266 0.7810333 0.7657615 0.7706596 0.7647214 0.7808787 0.7718677 0.7721575 0.7582982 0.6594839 0.7793880 0.5744715 0.6454673 0.6621031 0.6381203 
S0005_G5899_R1_A 0.1679577 0.1665136 0.3683351 0.1922324 0.1793751 0.1416915 0.1421134 0.1399682 0.1356347 0.1412345 0.1396244 0.1461959 0.1466700 0.1515520 0.1447477 0.1301208 0.1499411 0.1493078 0.1443226 0.1548001 0.1494136 0.1574955 0.1551200 0.1642379 0.1627651 0.4667936 0.3989679 0.5820921 0.5820921 0.6214451 0.5887131 0.2993164 0.0000000 0.6100451 0.6289757 0.6263797 0.6209671 0.5792658 0.4470272 0.5740392 0.6164621 0.5726956 0.4265961 0.6575847 0.6557371 0.6661739 0.6751013 0.6770703 0.6766963 0.6634237 0.6730525 0.6537647 0.6150613 0.7261662 0.5514987 0.6827756 0.7270460 0.7039410 
S0024_G5899_R1_A 0.6109414 0.6181460 0.6069203 0.5491029 0.5550829 0.5341471 0.5343455 0.5373011 0.5276160 0.5291173 0.5380388 0.5296613 0.5168287 0.5221049 0.5330257 0.5232966 0.5353482 0.5129171 0.5087231 0.5456292 0.5504168 0.5489846 0.5349787 0.5207383 0.5352629 0.6381262 0.6716723 0.7827178 0.7827178 0.7364014 0.6761560 0.6085708 0.6100451 0.0000000 0.0462439 0.1139656 0.1414734 0.7050246 0.6454199 0.7495690 0.2066660 0.1910150 0.6178873 0.7543464 0.7352677 0.7503453 0.7521796 0.7556762 0.7734319 0.7654323 0.7656513 0.7509508 0.6360867 0.6515244 0.7003275 0.7655365 0.7529147 0.7933522 
S0032_G5899_R1_N 0.6279753 0.6147714 0.6035068 0.5464043 0.5690434 0.5493204 0.5474453 0.5548874 0.5468125 0.5419795 0.5618161 0.5511931 0.5354607 0.5388835 0.5508644 0.5391310 0.5557747 0.5271166 0.5312093 0.5671066 0.5620230 0.5694206 0.5531914 0.5461081 0.5595945 0.6306888 0.6697563 0.7658508 0.7658508 0.6913444 0.6524565 0.6170696 0.6289757 0.0462439 0.0000000 0.0919541 0.1243495 0.7211963 0.6298135 0.7421475 0.1954118 0.1857373 0.6087012 0.7862560 0.7746414 0.7591090 0.7626928 0.7643250 0.7773204 0.7810020 0.7812190 0.7711998 0.6383684 0.6690191 0.7053629 0.7863179 0.7442545 0.8036162 
S0025_G5899_R1_A 0.6238831 0.6229265 0.6193049 0.5870298 0.5867342 0.5662697 0.5538434 0.5697908 0.5591726 0.5606296 0.5575317 0.5615997 0.5536544 0.5544786 0.5657904 0.5525462 0.5772336 0.5395166 0.5424975 0.5781498 0.5723788 0.5846102 0.5673176 0.5529440 0.5698190 0.6812214 0.6680196 0.7286685 0.7286685 0.7178012 0.6430570 0.5923402 0.6263797 0.1139656 0.0919541 0.0000000 0.0690405 0.6865345 0.6185942 0.7585568 0.1752366 0.1433585 0.6337905 0.7809491 0.7611906 0.7936024 0.7864511 0.7809215 0.8043229 0.7900253 0.7807688 0.7732750 0.5591727 0.5735601 0.6552277 0.7514039 0.7434334 0.7544940 
S0029_G5899_R1_A 0.6325621 0.6207896 0.6095991 0.5863283 0.6004562 0.5543238 0.5667226 0.5721777 0.5632099 0.5769513 0.5734680 0.5663044 0.5597500 0.5618893 0.5771374 0.5624243 0.5856970 0.5454140 0.5514926 0.5985788 0.5968864 0.5985957 0.5754329 0.5685880 0.5867873 0.6829689 0.6741146 0.7911998 0.7911998 0.7254984 0.7065562 0.6247437 0.6209671 0.1414734 0.1243495 0.0690405 0.0000000 0.6992870 0.6672477 0.7753791 0.1970531 0.1809638 0.6479728 0.7818754 0.7684697 0.7934750 0.7849241 0.7763834 0.8075013 0.7937576 0.7954732 0.7692905 0.5991316 0.6290144 0.6981511 0.7875595 0.7965382 0.8254574 
S0034_G5899_R1_A 0.5888092 0.5404550 0.4542666 0.5292134 0.5688476 0.5212746 0.5247764 0.5343000 0.5320973 0.5377328 0.5191967 0.5525692 0.5325238 0.5589833 0.5213011 0.5302260 0.5332461 0.5246288 0.5240185 0.5302184 0.5495719 0.5476191 0.5376634 0.5472512 0.5508913 0.5226926 0.6486327 0.5874526 0.5874526 0.5668804 0.3400666 0.5990623 0.5792658 0.7050246 0.7211963 0.6865345 0.6992870 0.0000000 0.4847051 0.4991631 0.6892525 0.6502752 0.5839941 0.9101623 0.8843791 0.8772721 0.8607300 0.8669280 0.8677604 0.8714791 0.8607909 0.8597494 0.6480991 0.8134068 0.6947605 0.8150748 0.7496019 0.8188775 
S0005_G5899_R2_A 0.4326884 0.4649186 0.3975463 0.4546608 0.4475979 0.4180733 0.4206090 0.4291697 0.4290102 0.4334554 0.4422247 0.4327181 0.4255031 0.4463975 0.4333254 0.4369306 0.4380713 0.4408875 0.4316119 0.4407971 0.4266171 0.4334543 0.4549837 0.4506985 0.4457120 0.2948508 0.4487193 0.5399738 0.5399738 0.5559212 0.4759984 0.4132603 0.4470272 0.6454199 0.6298135 0.6185942 0.6672477 0.4847051 0.0000000 0.5148272 0.6015215 0.5545064 0.2662216 0.7481266 0.7373298 0.7637642 0.7636841 0.7481224 0.7518010 0.7392531 0.7270475 0.7282249 0.5339902 0.6577913 0.5613897 0.7387151 0.6697393 0.6970796 
S0027_G5899_R1_U 0.6193878 0.5359531 0.4625789 0.5459001 0.5726092 0.5514323 0.5426066 0.5502192 0.5501479 0.5468105 0.5558033 0.5435457 0.5467030 0.5574598 0.5544090 0.5531358 0.5556238 0.5321786 0.5538769 0.5532306 0.5587695 0.5703903 0.5668617 0.5833943 0.5959261 0.4954729 0.6087123 0.4810908 0.4810908 0.4782995 0.5093012 0.6451185 0.5740392 0.7495690 0.7421475 0.7585568 0.7753791 0.4991631 0.5148272 0.0000000 0.7039360 0.7157381 0.5325144 0.9398642 0.9525458 0.9625837 0.9287423 0.9361314 0.9407938 0.9515911 0.9422779 0.9227719 0.6029981 0.6977791 0.7868852 0.7679900 0.7052676 0.7641843 
S0001_G5899_R1_A 0.6278160 0.6728742 0.6236226 0.6019435 0.5839294 0.5818392 0.5710181 0.5802678 0.5922127 0.5713492 0.5811135 0.5713546 0.5635740 0.5643473 0.5785996 0.5635930 0.5849351 0.5535048 0.5774708 0.5826973 0.5783721 0.5787945 0.5816392 0.5862621 0.6077803 0.6373203 0.6761257 0.7177397 0.7177397 0.7127783 0.6479986 0.6273319 0.6164621 0.2066660 0.1954118 0.1752366 0.1970531 0.6892525 0.6015215 0.7039360 0.0000000 0.1434306 0.5589608 0.7731945 0.7681831 0.7870872 0.7663286 0.7695162 0.7711183 0.7713497 0.7612798 0.7777470 0.5644999 0.5861193 0.6883932 0.7634497 0.8175624 0.7802936 
S0032_G5899_R2_N 0.5815858 0.6277405 0.6181533 0.5800692 0.5780165 0.5763050 0.5550206 0.5584494 0.5794906 0.5547588 0.5713757 0.5621765 0.5576032 0.5526576 0.5668529 0.5702504 0.5653962 0.5537932 0.5618761 0.5752274 0.5710582 0.5792517 0.5826329 0.5941225 0.5955412 0.6034461 0.6463342 0.7182857 0.7182857 0.6820490 0.6291495 0.6256065 0.5726956 0.1910150 0.1857373 0.1433585 0.1809638 0.6502752 0.5545064 0.7157381 0.1434306 0.0000000 0.5819760 0.7659145 0.7526086 0.7273677 0.7015844 0.7062491 0.7184891 0.7056905 0.7106601 0.7059337 0.5044172 0.5347335 0.6450266 0.7212492 0.7574379 0.7717077 
S0031_G5899_R2_A 0.4540437 0.4586442 0.3958783 0.4777649 0.4637878 0.4403793 0.4495501 0.4451714 0.4359145 0.4394137 0.4440024 0.4470558 0.4381906 0.4517507 0.4423894 0.4399898 0.4343773 0.4482880 0.4447125 0.4526355 0.4463912 0.4546148 0.4581248 0.4621441 0.4643976 0.3957053 0.4955344 0.6101554 0.6101554 0.5737014 0.5300635 0.5036755 0.4265961 0.6178873 0.6087012 0.6337905 0.6479728 0.5839941 0.2662216 0.5325144 0.5589608 0.5819760 0.0000000 0.8258671 0.8226019 0.8166840 0.8277321 0.8225676 0.8227202 0.8064397 0.7991980 0.8063475 0.5454853 0.6970810 0.6698229 0.7066627 0.7177413 0.7150793 
S0038_G5899_R1_A 0.7369155 0.7278109 0.7622434 0.6875088 0.6441584 0.6186136 0.6308349 0.6403669 0.6313030 0.6443434 0.6266728 0.6292114 0.6063847 0.6546751 0.6223105 0.6024714 0.6244129 0.6197602 0.6315930 0.6336689 0.6379011 0.6188188 0.6354563 0.6484899 0.6507673 0.7829852 0.7982792 0.8434947 0.8434947 0.8262723 0.9012177 0.7806266 0.6575847 0.7543464 0.7862560 0.7809491 0.7818754 0.9101623 0.7481266 0.9398642 0.7731945 0.7659145 0.8258671 0.0000000 0.0136501 0.0234262 0.0285375 0.0252338 0.0302828 0.0231520 0.0262893 0.0364953 0.7120444 0.7994954 0.7604203 0.9139286 0.8199366 0.9015111 
S0042_G5899_R1_N 0.7341579 0.7276199 0.7589002 0.6885806 0.6409845 0.6209894 0.6275912 0.6371709 0.6280510 0.6387892 0.6257549 0.6308209 0.6030336 0.6491215 0.6199885 0.5993029 0.6279766 0.6164131 0.6295138 0.6304286 0.6346927 0.6179034 0.6356702 0.6488356 0.6536586 0.7742237 0.7894892 0.8419424 0.8419424 0.8234184 0.8767973 0.7810333 0.6557371 0.7352677 0.7746414 0.7611906 0.7684697 0.8843791 0.7373298 0.9525458 0.7681831 0.7526086 0.8226019 0.0136501 0.0000000 0.0213700 0.0243600 0.0211101 0.0272058 0.0190479 0.0221540 0.0323072 0.7262331 0.7957781 0.7538368 0.9254110 0.8285820 0.9185595 
S0040_G5899_R1_N 0.7545449 0.7504246 0.7607319 0.7153871 0.6494783 0.6302405 0.6381779 0.6431935 0.6351705 0.6472500 0.6291471 0.6426646 0.6108394 0.6602698 0.6282375 0.6099476 0.6315873 0.6210285 0.6378014 0.6399282 0.6395883 0.6320466 0.6488134 0.6525144 0.6599181 0.7814731 0.8129643 0.8770300 0.8770300 0.8553259 0.9190769 0.7657615 0.6661739 0.7503453 0.7591090 0.7936024 0.7934750 0.8772721 0.7637642 0.9625837 0.7870872 0.7273677 0.8166840 0.0234262 0.0213700 0.0000000 0.0300669 0.0249552 0.0332272 0.0230193 0.0271850 0.0303595 0.7262000 0.7701488 0.7598347 0.9245227 0.8448893 0.8879857 
S0041_G5899_R1_N 0.7607014 0.7383121 0.7540733 0.7267102 0.6576647 0.6408416 0.6416068 0.6513697 0.6469978 0.6554347 0.6396305 0.6508142 0.6140692 0.6660780 0.6326357 0.6204189 0.6468362 0.6339603 0.6459449 0.6432350 0.6477407 0.6352683 0.6498859 0.6557079 0.6631299 0.7870185 0.8223658 0.8556732 0.8556732 0.8457293 0.8812734 0.7706596 0.6751013 0.7521796 0.7626928 0.7864511 0.7849241 0.8607300 0.7636841 0.9287423 0.7663286 0.7015844 0.8277321 0.0285375 0.0243600 0.0300669 0.0000000 0.0146785 0.0280011 0.0249381 0.0291014 0.0374592 0.7085746 0.7700388 0.7472118 0.9384865 0.8588998 0.9083786 
S0043_G5899_R1_N 0.7595956 0.7413850 0.7628424 0.7150559 0.6498432 0.6332527 0.6339954 0.6436238 0.6392958 0.6476383 0.6297189 0.6430990 0.6068500 0.6580931 0.6274450 0.6178926 0.6391544 0.6276273 0.6382861 0.6354925 0.6400548 0.6301272 0.6420977 0.6453880 0.6525896 0.7946876 0.8129832 0.8562158 0.8562158 0.8408192 0.8803774 0.7647214 0.6770703 0.7556762 0.7643250 0.7809215 0.7763834 0.8669280 0.7481224 0.9361314 0.7695162 0.7062491 0.8225676 0.0252338 0.0211101 0.0249552 0.0146785 0.0000000 0.0247640 0.0197331 0.0238199 0.0299921 0.7246921 0.7599569 0.7569703 0.9161446 0.8433241 0.8849951 
S0047_G5899_R1_N 0.7683241 0.7467620 0.7693169 0.6990444 0.6499257 0.6310816 0.6331073 0.6461122 0.6417321 0.6501131 0.6322420 0.6455815 0.6094349 0.6581319 0.6279721 0.6204470 0.6416553 0.6300834 0.6384295 0.6334403 0.6391207 0.6326693 0.6447752 0.6480578 0.6552656 0.7761159 0.8311556 0.8736403 0.8736403 0.8654180 0.8777871 0.7808787 0.6766963 0.7734319 0.7773204 0.8043229 0.8075013 0.8677604 0.7518010 0.9407938 0.7711183 0.7184891 0.8227202 0.0302828 0.0272058 0.0332272 0.0280011 0.0247640 0.0000000 0.0308419 0.0350296 0.0422746 0.7358329 0.7770178 0.7497660 0.9552991 0.8622396 0.9133432 
S0044_G5899_R1_N 0.7502913 0.7393372 0.7453202 0.7082236 0.6433947 0.6283549 0.6301374 0.6397387 0.6353449 0.6437448 0.6257842 0.6367889 0.6078101 0.6565763 0.6211501 0.6093163 0.6317617 0.6236393 0.6319020 0.6316107 0.6361849 0.6214086 0.6452510 0.6540240 0.6613823 0.7944189 0.7933799 0.8380271 0.8380271 0.8296675 0.8999145 0.7718677 0.6634237 0.7654323 0.7810020 0.7900253 0.7937576 0.8714791 0.7392531 0.9515911 0.7713497 0.7056905 0.8064397 0.0231520 0.0190479 0.0230193 0.0249381 0.0197331 0.0308419 0.0000000 0.0038599 0.0248728 0.7127561 0.7702465 0.7617487 0.9146033 0.8161127 0.8866225 
S0045_G5899_R2_A 0.7551910 0.7474043 0.7525841 0.7232736 0.6497457 0.6370080 0.6388340 0.6485351 0.6415596 0.6525763 0.6389894 0.6455329 0.6162459 0.6655826 0.6298267 0.6177826 0.6404664 0.6322317 0.6406068 0.6403671 0.6449327 0.6251824 0.6541910 0.6579476 0.6653824 0.8056240 0.7881335 0.8432147 0.8432147 0.8352502 0.8888812 0.7721575 0.6730525 0.7656513 0.7812190 0.7807688 0.7954732 0.8607909 0.7270475 0.9422779 0.7612798 0.7106601 0.7991980 0.0262893 0.0221540 0.0271850 0.0291014 0.0238199 0.0350296 0.0038599 0.0000000 0.0279809 0.7144245 0.7703585 0.7653015 0.9261279 0.8183584 0.8890083 
S0045_G5899_R1_A 0.7366371 0.7311489 0.7383711 0.7014538 0.6408481 0.6219230 0.6226416 0.6321841 0.6278017 0.6386503 0.6242005 0.6306735 0.6028546 0.6514137 0.6101290 0.6043469 0.6302152 0.6186326 0.6293647 0.6230256 0.6262390 0.6153300 0.6355267 0.6462952 0.6535340 0.7812635 0.7766665 0.8490445 0.8490445 0.8432846 0.8584736 0.7582982 0.6537647 0.7509508 0.7711998 0.7732750 0.7692905 0.8597494 0.7282249 0.9227719 0.7777470 0.7059337 0.8063475 0.0364953 0.0323072 0.0303595 0.0374592 0.0299921 0.0422746 0.0248728 0.0279809 0.0000000 0.7325692 0.7720364 0.7615468 0.9059248 0.8331065 0.8817123 
S0049_G5899_R1_A 0.6324182 0.6535022 0.5843567 0.6242811 0.6490335 0.6237187 0.6522987 0.6548131 0.6303842 0.6334670 0.6178263 0.6350070 0.6280518 0.6579391 0.6358767 0.6293679 0.6422430 0.6306094 0.6403524 0.6443996 0.6611965 0.6408669 0.6594241 0.6622154 0.6598479 0.5717300 0.6430939 0.6641980 0.6641980 0.6267498 0.6323993 0.6594839 0.6150613 0.6360867 0.6383684 0.5591727 0.5991316 0.6480991 0.5339902 0.6029981 0.5644999 0.5044172 0.5454853 0.7120444 0.7262331 0.7262000 0.7085746 0.7246921 0.7358329 0.7127561 0.7144245 0.7325692 0.0000000 0.5183505 0.5706273 0.7050784 0.6789433 0.7250055 
S0003_G5899_R1_N 0.7995872 0.8205372 0.7379635 0.7274244 0.7579076 0.7619296 0.7276683 0.7451519 0.7340659 0.7461717 0.7151272 0.7011751 0.7198997 0.7684240 0.7486325 0.7486569 0.7137257 0.7220663 0.7326714 0.7429706 0.7290725 0.7617276 0.7370129 0.7396403 0.7423257 0.7462939 0.6903843 0.7415696 0.7415696 0.7370670 0.7356653 0.7793880 0.7261662 0.6515244 0.6690191 0.5735601 0.6290144 0.8134068 0.6577913 0.6977791 0.5861193 0.5347335 0.6970810 0.7994954 0.7957781 0.7701488 0.7700388 0.7599569 0.7770178 0.7702465 0.7703585 0.7720364 0.5183505 0.0000000 0.7160487 0.8544292 0.8059285 0.8912229 
S0006_G5899_R1_U 0.5559412 0.5517254 0.5874774 0.6299572 0.5954071 0.5996312 0.6096878 0.6103699 0.5998805 0.6155094 0.6056772 0.6137708 0.6118339 0.6211224 0.6164782 0.6024755 0.6176345 0.6228996 0.6009099 0.6179322 0.6001877 0.6196980 0.6277405 0.5882774 0.6018093 0.5885048 0.6015914 0.7184304 0.7184304 0.7007853 0.6543999 0.5744715 0.5514987 0.7003275 0.7053629 0.6552277 0.6981511 0.6947605 0.5613897 0.7868852 0.6883932 0.6450266 0.6698229 0.7604203 0.7538368 0.7598347 0.7472118 0.7569703 0.7497660 0.7617487 0.7653015 0.7615468 0.5706273 0.7160487 0.0000000 0.7564582 0.7747509 0.7671849 
S0039_G5899_R1_A 0.7422379 0.7273718 0.7094356 0.6878913 0.6610815 0.6705787 0.6558154 0.6556776 0.6632005 0.6729014 0.6576979 0.6680930 0.6541987 0.6678161 0.6653613 0.6380728 0.6731740 0.6647483 0.6476263 0.6791089 0.6747919 0.7024874 0.6686539 0.6599778 0.6586975 0.7718701 0.7155772 0.7021314 0.7021314 0.7086730 0.7721930 0.6454673 0.6827756 0.7655365 0.7863179 0.7514039 0.7875595 0.8150748 0.7387151 0.7679900 0.7634497 0.7212492 0.7066627 0.9139286 0.9254110 0.9245227 0.9384865 0.9161446 0.9552991 0.9146033 0.9261279 0.9059248 0.7050784 0.8544292 0.7564582 0.0000000 0.2255907 0.1292407 
S0039_G5899_R2_A 0.7698276 0.7776877 0.6931311 0.6496825 0.6465436 0.6495487 0.6591256 0.6565571 0.6526546 0.6527532 0.6549558 0.6584787 0.6566654 0.6675330 0.6708699 0.6480974 0.6636608 0.6579848 0.6426837 0.6698488 0.6457281 0.6756887 0.6697351 0.6722491 0.6719251 0.7353120 0.6912578 0.7453514 0.7453514 0.7286556 0.7468992 0.6621031 0.7270460 0.7529147 0.7442545 0.7434334 0.7965382 0.7496019 0.6697393 0.7052676 0.8175624 0.7574379 0.7177413 0.8199366 0.8285820 0.8448893 0.8588998 0.8433241 0.8622396 0.8161127 0.8183584 0.8331065 0.6789433 0.8059285 0.7747509 0.2255907 0.0000000 0.1420931 
S0039_G5899_R3_A 0.7398459 0.7065924 0.6841900 0.6271738 0.6240569 0.6279650 0.6452122 0.6415106 0.6331531 0.6318196 0.6239854 0.6456890 0.6402389 0.6466418 0.6482494 0.6079097 0.6453043 0.6387684 0.6265205 0.6591949 0.6324540 0.6822557 0.6396771 0.6331428 0.6293134 0.7800451 0.7717479 0.8056097 0.8056097 0.7620472 0.8391345 0.6381203 0.7039410 0.7933522 0.8036162 0.7544940 0.8254574 0.8188775 0.6970796 0.7641843 0.7802936 0.7717077 0.7150793 0.9015111 0.9185595 0.8879857 0.9083786 0.8849951 0.9133432 0.8866225 0.8890083 0.8817123 0.7250055 0.8912229 0.7671849 0.1292407 0.1420931 0.0000000 
