53
S0015_G5933_R1_A 0.0000000 0.0511969 0.0963595 0.0826221 0.0835502 0.1313233 0.1322880 0.1552229 0.1734505 0.1555840 0.1588291 0.1507369 0.1390043 0.1560440 0.1503117 0.2496134 0.2760763 0.2807343 0.2912824 0.2611556 0.3061125 0.1651899 0.1264672 0.2287930 0.2891423 0.1702784 0.3000767 0.1681177 0.2901465 0.3267678 0.3339866 0.3085608 0.2543880 0.2636189 0.2585177 0.2460113 0.3043957 0.4744283 0.4949415 0.4729430 0.4780592 0.1293546 0.3128554 0.3195093 0.3155407 0.3097457 0.3191581 0.3150660 0.3040079 0.3230611 0.5541898 0.3272953 0.5610116 
S0034_G5933_R1_A 0.0511969 0.0000000 0.0982952 0.0841488 0.0829352 0.1402401 0.1389325 0.1585291 0.1712421 0.1610825 0.1566169 0.1582427 0.1416005 0.1562730 0.1529464 0.2659337 0.2795889 0.2842929 0.2949127 0.2713374 0.3067416 0.1603862 0.1378582 0.2496036 0.2964202 0.1732932 0.3138556 0.1677546 0.2869126 0.3441144 0.3451123 0.3192563 0.2602735 0.2694718 0.2612562 0.2482344 0.2999017 0.4959896 0.5169306 0.4944229 0.4996513 0.1294030 0.3268831 0.3336577 0.3296998 0.3237262 0.3296807 0.3290913 0.3224226 0.3314220 0.5618040 0.3428120 0.5887245 
S0027_G5933_R1_A 0.0963595 0.0982952 0.0000000 0.0461638 0.0786338 0.0973698 0.0980434 0.1387931 0.1519983 0.1439753 0.1457591 0.1331737 0.1263685 0.1406710 0.1422471 0.2485449 0.2716447 0.2762410 0.2866912 0.2538004 0.2888097 0.1404730 0.1282461 0.2446359 0.2696496 0.1558914 0.2799071 0.1530905 0.2698756 0.3006696 0.3076052 0.2898969 0.2253639 0.2281208 0.2559336 0.2556033 0.2683416 0.4562654 0.4762970 0.4475280 0.4598490 0.1264537 0.2957788 0.2992242 0.3026725 0.2927185 0.2985227 0.3041194 0.2913199 0.2942293 0.5399181 0.3406146 0.5269461 
S0014_G5933_R1_A 0.0826221 0.0841488 0.0461638 0.0000000 0.0545360 0.0836873 0.0863894 0.1199648 0.1279591 0.1261444 0.1320710 0.1245061 0.1132826 0.1294811 0.1333931 0.2221750 0.2412437 0.2454577 0.2553079 0.2321178 0.2691396 0.1370987 0.1078421 0.2327448 0.2482293 0.1378821 0.2518480 0.1263371 0.2534858 0.2792707 0.2859587 0.2660253 0.2109387 0.2248427 0.2311712 0.2327650 0.2680853 0.4360794 0.4552791 0.4347751 0.4395572 0.1039127 0.3020211 0.3054563 0.3089425 0.2989774 0.3102085 0.3011707 0.2976137 0.3004502 0.5122473 0.3051142 0.5110961 
S0008_G5933_R1_A 0.0835502 0.0829352 0.0786338 0.0545360 0.0000000 0.0964017 0.1015246 0.1326686 0.1359499 0.1201118 0.1205107 0.1231707 0.1187681 0.1232992 0.1226223 0.2198377 0.2391571 0.2434153 0.2501786 0.2241201 0.2595010 0.1403315 0.1061465 0.2478535 0.2462452 0.1195699 0.2524985 0.1300497 0.2373179 0.2783822 0.2851890 0.2642633 0.2068003 0.2207344 0.2270254 0.2267886 0.2685944 0.4203060 0.4391222 0.4149260 0.4195798 0.0963549 0.2976134 0.3010535 0.2975628 0.2945601 0.3088974 0.2967714 0.2931728 0.2960584 0.4772440 0.2914795 0.4961584 
S0010_G5933_R1_A 0.1313233 0.1402401 0.0973698 0.0836873 0.0964017 0.0000000 0.0166318 0.1437636 0.1575886 0.1621923 0.1480605 0.1451913 0.1430705 0.1447367 0.1519606 0.2455064 0.2652885 0.2698134 0.2801605 0.2503865 0.3015630 0.1640508 0.1450554 0.2054779 0.2730511 0.1612891 0.2684197 0.1503533 0.2673406 0.2963420 0.3006148 0.2852168 0.2333901 0.2306360 0.2374566 0.2575895 0.2662428 0.4395799 0.4516687 0.4382508 0.4430949 0.1352223 0.3037179 0.3002419 0.3107808 0.3006203 0.2995351 0.2959355 0.2923079 0.2952200 0.5464812 0.3478337 0.5350095 
S0009_G5933_R1_A 0.1322880 0.1389325 0.0980434 0.0863894 0.1015246 0.0166318 0.0000000 0.1448758 0.1589581 0.1606638 0.1489134 0.1508473 0.1390935 0.1455618 0.1456116 0.2471443 0.2670785 0.2716501 0.2820882 0.2520939 0.3036823 0.1703299 0.1558498 0.2123594 0.2690098 0.1623202 0.2745432 0.1541590 0.2631205 0.3045447 0.3027222 0.2871794 0.2466591 0.2438502 0.2510202 0.2657374 0.2804000 0.4518150 0.4642411 0.4504253 0.4553870 0.1525549 0.3255780 0.3219828 0.3330563 0.3224016 0.3212044 0.3174804 0.3139126 0.3166927 0.5512723 0.3503972 0.5396843 
S0039_G5933_R1_A 0.1552229 0.1585291 0.1387931 0.1199648 0.1326686 0.1437636 0.1448758 0.0000000 0.0081702 0.1876309 0.1945006 0.1826333 0.1700611 0.1942274 0.1773628 0.2916275 0.3163121 0.3215962 0.3257795 0.2974907 0.3601671 0.1925825 0.1775466 0.2128098 0.3209804 0.2003319 0.3292955 0.1936639 0.3242131 0.3472776 0.3549506 0.3460083 0.2682706 0.2712581 0.2744501 0.2679166 0.2771710 0.4578538 0.4746948 0.4518733 0.4569992 0.1712181 0.3201765 0.3233441 0.3275440 0.3170159 0.3283698 0.3156860 0.3197875 0.3180391 0.5534575 0.3676153 0.5490023 
S0051_G5933_R1_A 0.1734505 0.1712421 0.1519983 0.1279591 0.1359499 0.1575886 0.1589581 0.0081702 0.0000000 0.1983493 0.1995822 0.1952855 0.1841293 0.1992690 0.1864948 0.3216084 0.3416624 0.3478921 0.3527471 0.3290141 0.3851459 0.2041671 0.1867093 0.2241970 0.3551799 0.2027578 0.3656216 0.2015885 0.3474829 0.3819245 0.3908550 0.3885237 0.2698101 0.2698139 0.2687717 0.2600320 0.2958715 0.3873132 0.4083877 0.3860588 0.3911113 0.1663313 0.3283415 0.3318737 0.3325895 0.3248181 0.3375356 0.3233020 0.3239504 0.3259016 0.5110228 0.3167877 0.5347190 
S0012_G5933_R1_A 0.1555840 0.1610825 0.1439753 0.1261444 0.1201118 0.1621923 0.1606638 0.1876309 0.1983493 0.0000000 0.0480384 0.0499180 0.0460097 0.0501443 0.0539526 0.1285729 0.1502447 0.1534313 0.1615916 0.1407838 0.1541542 0.1107339 0.0804196 0.2199101 0.1517378 0.0433854 0.1540698 0.0412178 0.1433764 0.1794724 0.1799218 0.1652068 0.2403187 0.2492390 0.2557054 0.2615066 0.2766982 0.5214327 0.5357228 0.5196954 0.5155737 0.0978327 0.3013301 0.2982893 0.3016721 0.3013160 0.3060373 0.3031276 0.2965257 0.2982754 0.3813700 0.1915873 0.3828288 
S0016_G5933_R1_A 0.1588291 0.1566169 0.1457591 0.1320710 0.1205107 0.1480605 0.1489134 0.1945006 0.1995822 0.0480384 0.0000000 0.0280408 0.0280832 0.0339522 0.0359314 0.1133225 0.1269310 0.1298792 0.1374928 0.1199209 0.1376658 0.0874615 0.0693422 0.1943289 0.1358146 0.0304681 0.1364267 0.0255267 0.1278816 0.1739498 0.1743833 0.1468598 0.2394160 0.2394160 0.2469483 0.2631127 0.2644045 0.4950305 0.5086705 0.4934200 0.4894082 0.0747178 0.3005779 0.3005779 0.3039769 0.3036015 0.3052645 0.3054015 0.2988220 0.2956419 0.3630307 0.1717371 0.3731613 
S0018_G5933_R1_U 0.1507369 0.1582427 0.1331737 0.1245061 0.1231707 0.1451913 0.1508473 0.1826333 0.1952855 0.0499180 0.0280408 0.0000000 0.0184288 0.0397545 0.0339118 0.1199546 0.1336098 0.1366038 0.1444077 0.1244165 0.1444556 0.0895322 0.0692169 0.1915163 0.1423793 0.0368510 0.1408309 0.0254449 0.1378736 0.1731768 0.1786766 0.1515211 0.2358869 0.2390027 0.2451209 0.2432530 0.2527058 0.4867706 0.5002430 0.4851954 0.4812083 0.0672015 0.2992674 0.2992674 0.3096372 0.3023041 0.3039685 0.3041177 0.2974998 0.2943181 0.3834561 0.1875812 0.3819486 
S0031_G5933_R1_A 0.1390043 0.1416005 0.1263685 0.1132826 0.1187681 0.1430705 0.1390935 0.1700611 0.1841293 0.0460097 0.0280832 0.0184288 0.0000000 0.0359144 0.0359045 0.1155125 0.1291305 0.1320923 0.1398509 0.1246515 0.1399006 0.0918655 0.0630921 0.1932956 0.1331639 0.0327021 0.1459761 0.0254886 0.1332534 0.1785924 0.1790371 0.1469434 0.2364082 0.2395331 0.2515705 0.2448562 0.2619389 0.4805046 0.4939060 0.4789497 0.4749652 0.0626157 0.2916419 0.2916419 0.3018084 0.2946458 0.2962512 0.2964691 0.2898713 0.2867935 0.3743361 0.1827356 0.3829889 
S0004_G5933_R1_A 0.1560440 0.1562730 0.1406710 0.1294811 0.1232992 0.1447367 0.1455618 0.1942274 0.1992690 0.0501443 0.0339522 0.0397545 0.0359144 0.0000000 0.0478795 0.1184501 0.1321830 0.1351868 0.1430297 0.1277229 0.1430785 0.1033677 0.0802198 0.2056398 0.1435349 0.0391786 0.1443146 0.0366264 0.1390175 0.1849263 0.1802399 0.1527845 0.2416047 0.2447438 0.2628669 0.2594632 0.2769185 0.4936627 0.5071347 0.4920743 0.4881071 0.0822865 0.3175215 0.3175215 0.3180183 0.3206269 0.3224298 0.3224095 0.3126488 0.3123432 0.3766179 0.1776458 0.3820283 
S0037_G5933_R1_A 0.1503117 0.1529464 0.1422471 0.1333931 0.1226223 0.1519606 0.1456116 0.1773628 0.1864948 0.0539526 0.0359314 0.0339118 0.0359045 0.0478795 0.0000000 0.1254501 0.1416680 0.1447500 0.1527141 0.1324846 0.1552208 0.0962084 0.0731579 0.1918210 0.1555270 0.0456464 0.1565643 0.0344017 0.1463719 0.1925409 0.1874562 0.1700592 0.2427562 0.2458770 0.2521519 0.2487601 0.2691359 0.4852466 0.4946722 0.4836942 0.4797532 0.0765397 0.3004848 0.3004848 0.3038796 0.3035054 0.3051662 0.3053040 0.2987304 0.2955542 0.3937917 0.1885415 0.3787070 
S0030_G5933_R1_A 0.2496134 0.2659337 0.2485449 0.2221750 0.2198377 0.2455064 0.2471443 0.2916275 0.3216084 0.1285729 0.1133225 0.1199546 0.1155125 0.1184501 0.1254501 0.0000000 0.0226939 0.0227575 0.0326283 0.0368761 0.1451984 0.1940345 0.1606824 0.3168464 0.1435314 0.0944410 0.1575738 0.0651375 0.1458472 0.1780346 0.1813376 0.1645712 0.3618609 0.3658337 0.4026803 0.3976509 0.4021762 0.6994876 0.7071038 0.7029173 0.6979364 0.1890299 0.4342376 0.4342376 0.4396805 0.4378678 0.4407092 0.4249583 0.4368786 0.4273288 0.3955769 0.3180726 0.3810119 
S0028_G5933_R1_A 0.2760763 0.2795889 0.2716447 0.2412437 0.2391571 0.2652885 0.2670785 0.3163121 0.3416624 0.1502447 0.1269310 0.1336098 0.1291305 0.1321830 0.1416680 0.0226939 0.0000000 0.0109581 0.0165662 0.0286467 0.1546719 0.2152049 0.1808491 0.3405857 0.1559999 0.0870363 0.1619255 0.0579611 0.1585685 0.1913902 0.1947966 0.1664914 0.3827154 0.3938051 0.4168342 0.4180208 0.4259166 0.7299675 0.7500410 0.7334046 0.7283387 0.2065093 0.4735228 0.4735228 0.4795090 0.4772599 0.4804279 0.4637950 0.4764221 0.4661217 0.3955373 0.3442318 0.3880538 
S0023_G5933_R1_A 0.2807343 0.2842929 0.2762410 0.2454577 0.2434153 0.2698134 0.2716501 0.3215962 0.3478921 0.1534313 0.1298792 0.1366038 0.1320923 0.1351868 0.1447500 0.0227575 0.0109581 0.0000000 0.0184856 0.0306928 0.1552862 0.2190976 0.1843702 0.3463162 0.1616985 0.0921510 0.1650203 0.0604562 0.1644616 0.1976201 0.2010863 0.1724089 0.3960944 0.4002499 0.4311629 0.4247817 0.4398659 0.7519655 0.7726656 0.7554280 0.7502706 0.2108637 0.4764642 0.4764642 0.4825252 0.4802300 0.4834407 0.4666491 0.4793993 0.4689852 0.4087673 0.3499343 0.4047685 
S0026_G5933_R1_A 0.2912824 0.2949127 0.2866912 0.2553079 0.2501786 0.2801605 0.2820882 0.3257795 0.3527471 0.1615916 0.1374928 0.1444077 0.1398509 0.1430297 0.1527141 0.0326283 0.0165662 0.0184856 0.0000000 0.0387688 0.1655349 0.2284256 0.1874550 0.3473826 0.1727347 0.0998449 0.1725078 0.0701357 0.1730175 0.2095498 0.2131180 0.1748617 0.4021248 0.4063295 0.4339733 0.4348123 0.4412704 0.7450616 0.7656853 0.7485362 0.7433777 0.2214093 0.4841802 0.4841802 0.4903879 0.4879901 0.4912866 0.4742162 0.4910432 0.4765570 0.4027303 0.3543670 0.3987777 
S0046_G5933_R1_A 0.2611556 0.2713374 0.2538004 0.2321178 0.2241201 0.2503865 0.2520939 0.2974907 0.3290141 0.1407838 0.1199209 0.1244165 0.1246515 0.1277229 0.1324846 0.0368761 0.0286467 0.0306928 0.0387688 0.0000000 0.1554822 0.2059712 0.1714440 0.3117544 0.1504274 0.0998381 0.1599375 0.0801047 0.1477851 0.1858404 0.1892432 0.1636440 0.3673793 0.3668237 0.4007973 0.3987140 0.4033918 0.7035607 0.7234815 0.7070689 0.7019639 0.1992001 0.4404718 0.4404718 0.4461126 0.4441923 0.4471440 0.4346418 0.4432077 0.4333468 0.3947772 0.3318025 0.4029411 
S0019_G5933_R1_A 0.3061125 0.3067416 0.2888097 0.2691396 0.2595010 0.3015630 0.3036823 0.3601671 0.3851459 0.1541542 0.1376658 0.1444556 0.1399006 0.1430785 0.1552208 0.1451984 0.1546719 0.1552862 0.1655349 0.1554822 0.0000000 0.2269884 0.1935284 0.3601852 0.1337228 0.1050236 0.1416421 0.0762507 0.1377795 0.1651870 0.1675587 0.1561753 0.4144627 0.4187301 0.4434835 0.4331348 0.4537413 0.8087934 0.8309340 0.8020434 0.8069408 0.2151443 0.4906376 0.4906376 0.4969104 0.4944492 0.5016358 0.4920118 0.4936734 0.4829629 0.3702677 0.3455031 0.3895754 
S0035_G5933_R1_A 0.1651899 0.1603862 0.1404730 0.1370987 0.1403315 0.1640508 0.1703299 0.1925825 0.2041671 0.1107339 0.0874615 0.0895322 0.0918655 0.1033677 0.0962084 0.1940345 0.2152049 0.2190976 0.2284256 0.2059712 0.2269884 0.0000000 0.0911230 0.2176228 0.2191129 0.1035988 0.2131950 0.0933990 0.2234262 0.2412779 0.2475871 0.2302055 0.2666564 0.2702552 0.2621558 0.2493622 0.2512605 0.5102282 0.5223477 0.5085597 0.5140208 0.0839698 0.3345410 0.3345410 0.3290979 0.3377540 0.3397165 0.3395284 0.3313358 0.3290718 0.4778065 0.2719249 0.4630326 
S0005_G5933_R1_A 0.1264672 0.1378582 0.1282461 0.1078421 0.1061465 0.1450554 0.1558498 0.1775466 0.1867093 0.0804196 0.0693422 0.0692169 0.0630921 0.0802198 0.0731579 0.1606824 0.1808491 0.1843702 0.1874550 0.1714440 0.1935284 0.0911230 0.0000000 0.1924311 0.1985589 0.0782880 0.1952685 0.0726274 0.1926632 0.2280853 0.2342396 0.2149053 0.2252924 0.2280847 0.2383381 0.2483914 0.2503023 0.4661803 0.4836539 0.4647143 0.4698292 0.0670257 0.2974712 0.2974712 0.2965446 0.3005483 0.3022252 0.3023920 0.2860923 0.2924687 0.4380347 0.2293343 0.4380240 
S0006_G5933_R1_A 0.2287930 0.2496036 0.2446359 0.2327448 0.2478535 0.2054779 0.2123594 0.2128098 0.2241970 0.2199101 0.1943289 0.1915163 0.1932956 0.2056398 0.1918210 0.3168464 0.3405857 0.3463162 0.3473826 0.3117544 0.3601852 0.2176228 0.1924311 0.0000000 0.3449621 0.2065662 0.3628807 0.2059561 0.3499527 0.3843839 0.3927762 0.3743159 0.2856277 0.2756566 0.2992052 0.3211632 0.3085766 0.5165005 0.5349240 0.5147689 0.5203893 0.2070928 0.3249657 0.3249814 0.3360097 0.3318465 0.3300795 0.3327162 0.3374174 0.3286414 0.6511295 0.4022482 0.6181079 
S0020_G5933_R1_U 0.2891423 0.2964202 0.2696496 0.2482293 0.2462452 0.2730511 0.2690098 0.3209804 0.3551799 0.1517378 0.1358146 0.1423793 0.1331639 0.1435349 0.1555270 0.1435314 0.1559999 0.1616985 0.1727347 0.1504274 0.1337228 0.2191129 0.1985589 0.3449621 0.0000000 0.1093878 0.0879572 0.0780117 0.0612729 0.0694582 0.0718210 0.0610604 0.3824307 0.3864256 0.4129340 0.4367363 0.4611118 0.7401282 0.7600780 0.7372650 0.7322805 0.2204605 0.4811297 0.4811297 0.4871183 0.4848285 0.4880081 0.4862134 0.4750841 0.4693500 0.2354047 0.3455566 0.2578224 
S0036_G5933_R1_A 0.1702784 0.1732932 0.1558914 0.1378821 0.1195699 0.1612891 0.1623202 0.2003319 0.2027578 0.0433854 0.0304681 0.0368510 0.0327021 0.0391786 0.0456464 0.0944410 0.0870363 0.0921510 0.0998449 0.0998381 0.1050236 0.1035988 0.0782880 0.2065662 0.1093878 0.0000000 0.1128831 0.0322093 0.0997206 0.1443756 0.1443740 0.1227055 0.2604377 0.2600904 0.2642531 0.2814380 0.2721645 0.5095797 0.5249474 0.5086526 0.4998944 0.0828619 0.3109192 0.3109192 0.3187136 0.3142983 0.3196356 0.3162639 0.3128269 0.3053361 0.3119012 0.1837013 0.3205357 
S0021_G5933_R2_A 0.3000767 0.3138556 0.2799071 0.2518480 0.2524985 0.2684197 0.2745432 0.3292955 0.3656216 0.1540698 0.1364267 0.1408309 0.1459761 0.1443146 0.1565643 0.1575738 0.1619255 0.1650203 0.1725078 0.1599375 0.1416421 0.2131950 0.1952685 0.3628807 0.0879572 0.1128831 0.0000000 0.0563805 0.1224363 0.1045779 0.1096514 0.0978953 0.3975612 0.4089536 0.4374766 0.4477585 0.4546394 0.7943443 0.8162754 0.7911092 0.7857984 0.2187742 0.4727617 0.4765071 0.4825482 0.4802597 0.4834597 0.4779229 0.4748916 0.4690540 0.3084637 0.3566916 0.3241765 
S0021_G5933_R1_A 0.1681177 0.1677546 0.1530905 0.1263371 0.1300497 0.1503533 0.1541590 0.1936639 0.2015885 0.0412178 0.0255267 0.0254449 0.0254886 0.0366264 0.0344017 0.0651375 0.0579611 0.0604562 0.0701357 0.0801047 0.0762507 0.0933990 0.0726274 0.2059561 0.0780117 0.0322093 0.0563805 0.0000000 0.0789895 0.1065145 0.1065133 0.0909152 0.2377454 0.2445425 0.2446807 0.2746747 0.2844240 0.5343097 0.5510251 0.5332756 0.5331114 0.0783710 0.3018244 0.3018244 0.3097755 0.3053170 0.3107799 0.3073881 0.3037515 0.2961219 0.3029743 0.2028210 0.2923980 
S0017_G5933_R1_U 0.2901465 0.2869126 0.2698756 0.2534858 0.2373179 0.2673406 0.2631205 0.3242131 0.3474829 0.1433764 0.1278816 0.1378736 0.1332534 0.1390175 0.1463719 0.1458472 0.1585685 0.1644616 0.1730175 0.1477851 0.1377795 0.2234262 0.1926632 0.3499527 0.0612729 0.0997206 0.1224363 0.0789895 0.0000000 0.0881802 0.0907879 0.0928619 0.3758572 0.3835364 0.4009281 0.4147956 0.4255163 0.7606653 0.7820248 0.7575683 0.7589256 0.2239027 0.4752615 0.4752615 0.4860651 0.4790753 0.4823200 0.4805288 0.4736152 0.4752375 0.2657123 0.3462628 0.2666697 
S0048_G5933_R1_A 0.3267678 0.3441144 0.3006696 0.2792707 0.2783822 0.2963420 0.3045447 0.3472776 0.3819245 0.1794724 0.1739498 0.1731768 0.1785924 0.1849263 0.1925409 0.1780346 0.1913902 0.1976201 0.2095498 0.1858404 0.1651870 0.2412779 0.2280853 0.3843839 0.0694582 0.1443756 0.1045779 0.1065145 0.0881802 0.0000000 0.0128290 0.0755587 0.4126630 0.4203838 0.4451304 0.4616487 0.4550656 0.8027339 0.8243878 0.7995254 0.7943033 0.2600727 0.5203999 0.5203999 0.5279139 0.5242647 0.5278333 0.5255376 0.5188662 0.5123971 0.2547973 0.3878745 0.2536361 
S0050_G5933_R1_A 0.3339866 0.3451123 0.3076052 0.2859587 0.2851890 0.3006148 0.3027222 0.3549506 0.3908550 0.1799218 0.1743833 0.1786766 0.1790371 0.1802399 0.1874562 0.1813376 0.1947966 0.2010863 0.2131180 0.1892432 0.1675587 0.2475871 0.2342396 0.3927762 0.0718210 0.1443740 0.1096514 0.1065133 0.0907879 0.0128290 0.0000000 0.0779595 0.4181584 0.4259457 0.4510480 0.4706077 0.4683657 0.8059893 0.8277811 0.8027555 0.7975096 0.2675140 0.5212987 0.5212987 0.5288360 0.5251703 0.5326604 0.5303059 0.5197648 0.5132742 0.2619178 0.3890722 0.2607910 
S0013_G5933_R1_A 0.3085608 0.3192563 0.2898969 0.2660253 0.2642633 0.2852168 0.2871794 0.3460083 0.3885237 0.1652068 0.1468598 0.1515211 0.1469434 0.1527845 0.1700592 0.1645712 0.1664914 0.1724089 0.1748617 0.1636440 0.1561753 0.2302055 0.2149053 0.3743159 0.0610604 0.1227055 0.0978953 0.0909152 0.0928619 0.0755587 0.0779595 0.0000000 0.3763811 0.3769228 0.3983002 0.4371851 0.4650633 0.7097421 0.7290526 0.7070185 0.7081888 0.2372810 0.4861636 0.4861636 0.4969785 0.4899387 0.4932169 0.4913297 0.4845658 0.4785942 0.2485151 0.3715481 0.2559881 
S0025_G5933_R1_A 0.2543880 0.2602735 0.2253639 0.2109387 0.2068003 0.2333901 0.2466591 0.2682706 0.2698101 0.2403187 0.2394160 0.2358869 0.2364082 0.2416047 0.2427562 0.3618609 0.3827154 0.3960944 0.4021248 0.3673793 0.4144627 0.2666564 0.2252924 0.2856277 0.3824307 0.2604377 0.3975612 0.2377454 0.3758572 0.4126630 0.4181584 0.3763811 0.0000000 0.0165730 0.0483910 0.1903647 0.2318902 0.2107036 0.2260002 0.2102675 0.2133323 0.2071312 0.2775359 0.2741863 0.2723828 0.2805463 0.2749871 0.2730693 0.2701498 0.2694569 0.6395883 0.4191362 0.6307596 
S0029_G5933_R1_A 0.2636189 0.2694718 0.2281208 0.2248427 0.2207344 0.2306360 0.2438502 0.2712581 0.2698139 0.2492390 0.2394160 0.2390027 0.2395331 0.2447438 0.2458770 0.3658337 0.3938051 0.4002499 0.4063295 0.3668237 0.4187301 0.2702552 0.2280847 0.2756566 0.3864256 0.2600904 0.4089536 0.2445425 0.3835364 0.4203838 0.4259457 0.3769228 0.0165730 0.0000000 0.0484257 0.1877884 0.2346424 0.2133507 0.2287092 0.2129072 0.2159850 0.2076442 0.2839565 0.2805764 0.2788454 0.2869862 0.2813990 0.2794272 0.2765495 0.2757763 0.6556311 0.4241258 0.6363532 
S0001_G5933_R1_A 0.2585177 0.2612562 0.2559336 0.2311712 0.2270254 0.2374566 0.2510202 0.2744501 0.2687717 0.2557054 0.2469483 0.2451209 0.2515705 0.2628669 0.2521519 0.4026803 0.4168342 0.4311629 0.4339733 0.4007973 0.4434835 0.2621558 0.2383381 0.2992052 0.4129340 0.2642531 0.4374766 0.2446807 0.4009281 0.4451304 0.4510480 0.3983002 0.0483910 0.0484257 0.0000000 0.2057116 0.2319715 0.2159183 0.2260363 0.2154630 0.2132324 0.2187346 0.2990481 0.2955442 0.2976544 0.3021694 0.3034885 0.2943004 0.2937515 0.2905031 0.6627701 0.4232807 0.6389013 
S0049_G5933_R1_A 0.2460113 0.2482344 0.2556033 0.2327650 0.2267886 0.2575895 0.2657374 0.2679166 0.2600320 0.2615066 0.2631127 0.2432530 0.2448562 0.2594632 0.2487601 0.3976509 0.4180208 0.4247817 0.4348123 0.3987140 0.4331348 0.2493622 0.2483914 0.3211632 0.4367363 0.2814380 0.4477585 0.2746747 0.4147956 0.4616487 0.4706077 0.4371851 0.1903647 0.1877884 0.2057116 0.0000000 0.2672053 0.4149904 0.4262772 0.4137940 0.4183519 0.1801139 0.3215028 0.3148072 0.3143452 0.3246507 0.3260741 0.3103566 0.3142189 0.3148072 0.6919380 0.4449793 0.6797482 
S0003_G5933_R1_N 0.3043957 0.2999017 0.2683416 0.2680853 0.2685944 0.2662428 0.2804000 0.2771710 0.2958715 0.2766982 0.2644045 0.2527058 0.2619389 0.2769185 0.2691359 0.4021762 0.4259166 0.4398659 0.4412704 0.4033918 0.4537413 0.2512605 0.2503023 0.3085766 0.4611118 0.2721645 0.4546394 0.2844240 0.4255163 0.4550656 0.4683657 0.4650633 0.2318902 0.2346424 0.2319715 0.2672053 0.0000000 0.4355513 0.4391342 0.4271578 0.4276926 0.2511929 0.2877062 0.2813464 0.2852313 0.2907183 0.2858849 0.2802164 0.2803437 0.2765791 0.6657752 0.4436217 0.6489677 
S0024_G5933_R1_A 0.4744283 0.4959896 0.4562654 0.4360794 0.4203060 0.4395799 0.4518150 0.4578538 0.3873132 0.5214327 0.4950305 0.4867706 0.4805046 0.4936627 0.4852466 0.6994876 0.7299675 0.7519655 0.7450616 0.7035607 0.8087934 0.5102282 0.4661803 0.5165005 0.7401282 0.5095797 0.7943443 0.5343097 0.7606653 0.8027339 0.8059893 0.7097421 0.2107036 0.2133507 0.2159183 0.4149904 0.4355513 0.0000000 0.0184887 0.0109672 0.0279770 0.3588728 0.5466573 0.5416519 0.5447124 0.5425693 0.5486459 0.5348005 0.5439331 0.5466573 0.8774030 0.5684496 0.8205864 
S0024_G5933_R2_A 0.4949415 0.5169306 0.4762970 0.4552791 0.4391222 0.4516687 0.4642411 0.4746948 0.4083877 0.5357228 0.5086705 0.5002430 0.4939060 0.5071347 0.4946722 0.7071038 0.7500410 0.7726656 0.7656853 0.7234815 0.8309340 0.5223477 0.4836539 0.5349240 0.7600780 0.5249474 0.8162754 0.5510251 0.7820248 0.8243878 0.8277811 0.7290526 0.2260002 0.2287092 0.2260363 0.4262772 0.4391342 0.0184887 0.0000000 0.0222834 0.0358546 0.3753221 0.5574122 0.5523079 0.5555254 0.5532575 0.5594667 0.5452962 0.5598902 0.5574122 0.8943441 0.5918841 0.7952149 
S0032_G5933_R1_N 0.4729430 0.4944229 0.4475280 0.4347751 0.4149260 0.4382508 0.4504253 0.4518733 0.3860588 0.5196954 0.4934200 0.4851954 0.4789497 0.4920743 0.4836942 0.7029173 0.7334046 0.7554280 0.7485362 0.7070689 0.8020434 0.5085597 0.4647143 0.5147689 0.7372650 0.5086526 0.7911092 0.5332756 0.7575683 0.7995254 0.8027555 0.7070185 0.2102675 0.2129072 0.2154630 0.4137940 0.4271578 0.0109672 0.0222834 0.0000000 0.0203402 0.3577341 0.5466852 0.5416795 0.5447405 0.5425970 0.5486740 0.5348277 0.5339146 0.5466852 0.8590403 0.5579598 0.8102929 
S0032_G5933_R2_N 0.4780592 0.4996513 0.4598490 0.4395572 0.4195798 0.4430949 0.4553870 0.4569992 0.3911113 0.5155737 0.4894082 0.4812083 0.4749652 0.4881071 0.4797532 0.6979364 0.7283387 0.7502706 0.7433777 0.7019639 0.8069408 0.5140208 0.4698292 0.5203893 0.7322805 0.4998944 0.7857984 0.5331114 0.7589256 0.7943033 0.7975096 0.7081888 0.2133323 0.2159850 0.2132324 0.4183519 0.4276926 0.0279770 0.0358546 0.0203402 0.0000000 0.3626247 0.5556632 0.5506140 0.5537815 0.5515511 0.5576912 0.5436815 0.5428581 0.5556632 0.8354803 0.5451341 0.7945801 
S0033_G5933_R1_A 0.1293546 0.1294030 0.1264537 0.1039127 0.0963549 0.1352223 0.1525549 0.1712181 0.1663313 0.0978327 0.0747178 0.0672015 0.0626157 0.0822865 0.0765397 0.1890299 0.2065093 0.2108637 0.2214093 0.1992001 0.2151443 0.0839698 0.0670257 0.2070928 0.2204605 0.0828619 0.2187742 0.0783710 0.2239027 0.2600727 0.2675140 0.2372810 0.2071312 0.2076442 0.2187346 0.1801139 0.2511929 0.3588728 0.3753221 0.3577341 0.3626247 0.0000000 0.2917237 0.2917237 0.2879289 0.2883252 0.2969325 0.2903993 0.2811708 0.2862555 0.3945973 0.1861484 0.4575144 
S0040_G5933_R1_N 0.3128554 0.3268831 0.2957788 0.3020211 0.2976134 0.3037179 0.3255780 0.3201765 0.3283415 0.3013301 0.3005779 0.2992674 0.2916419 0.3175215 0.3004848 0.4342376 0.4735228 0.4764642 0.4841802 0.4404718 0.4906376 0.3345410 0.2974712 0.3249657 0.4811297 0.3109192 0.4727617 0.3018244 0.4752615 0.5203999 0.5212987 0.4861636 0.2775359 0.2839565 0.2990481 0.3215028 0.2877062 0.5466573 0.5574122 0.5466852 0.5556632 0.2917237 0.0000000 0.0072599 0.0110697 0.0054363 0.0109588 0.0146384 0.0166764 0.0128303 0.6750870 0.5018132 0.7422422 
S0042_G5933_R1_N 0.3195093 0.3336577 0.2992242 0.3054563 0.3010535 0.3002419 0.3219828 0.3233441 0.3318737 0.2982893 0.3005779 0.2992674 0.2916419 0.3175215 0.3004848 0.4342376 0.4735228 0.4764642 0.4841802 0.4404718 0.4906376 0.3345410 0.2974712 0.3249814 0.4811297 0.3109192 0.4765071 0.3018244 0.4752615 0.5203999 0.5212987 0.4861636 0.2741863 0.2805764 0.2955442 0.3148072 0.2813464 0.5416519 0.5523079 0.5416795 0.5506140 0.2917237 0.0072599 0.0000000 0.0148148 0.0090938 0.0109525 0.0109390 0.0129228 0.0054618 0.6750870 0.5018132 0.7422422 
S0045_G5933_R1_A 0.3155407 0.3296998 0.3026725 0.3089425 0.2975628 0.3107808 0.3330563 0.3275440 0.3325895 0.3016721 0.3039769 0.3096372 0.3018084 0.3180183 0.3038796 0.4396805 0.4795090 0.4825252 0.4903879 0.4461126 0.4969104 0.3290979 0.2965446 0.3360097 0.4871183 0.3187136 0.4825482 0.3097755 0.4860651 0.5279139 0.5288360 0.4969785 0.2723828 0.2788454 0.2976544 0.3143452 0.2852313 0.5447124 0.5555254 0.5447405 0.5537815 0.2879289 0.0110697 0.0148148 0.0000000 0.0092046 0.0186381 0.0204949 0.0167607 0.0167614 0.6727988 0.4940899 0.7591025 
S0041_G5933_R1_N 0.3097457 0.3237262 0.2927185 0.2989774 0.2945601 0.3006203 0.3224016 0.3170159 0.3248181 0.3013160 0.3036015 0.3023041 0.2946458 0.3206269 0.3035054 0.4378678 0.4772599 0.4802300 0.4879901 0.4441923 0.4944492 0.3377540 0.3005483 0.3318465 0.4848285 0.3142983 0.4802597 0.3053170 0.4790753 0.5242647 0.5251703 0.4899387 0.2805463 0.2869862 0.3021694 0.3246507 0.2907183 0.5425693 0.5532575 0.5425970 0.5515511 0.2883252 0.0054363 0.0090938 0.0092046 0.0000000 0.0128121 0.0146378 0.0148090 0.0146941 0.6648307 0.5009711 0.7469597 
S0047_G5933_R1_N 0.3191581 0.3296807 0.2985227 0.3102085 0.3088974 0.2995351 0.3212044 0.3283698 0.3375356 0.3060373 0.3052645 0.3039685 0.2962512 0.3224298 0.3051662 0.4407092 0.4804279 0.4834407 0.4912866 0.4471440 0.5016358 0.3397165 0.3022252 0.3300795 0.4880081 0.3196356 0.4834597 0.3107799 0.4823200 0.5278333 0.5326604 0.4932169 0.2749871 0.2813990 0.3034885 0.3260741 0.2858849 0.5486459 0.5594667 0.5486740 0.5576912 0.2969325 0.0109588 0.0109525 0.0186381 0.0128121 0.0000000 0.0146780 0.0205016 0.0165919 0.6776910 0.4996678 0.7528591 
S0043_G5933_R1_N 0.3150660 0.3290913 0.3041194 0.3011707 0.2967714 0.2959355 0.3174804 0.3156860 0.3233020 0.3031276 0.3054015 0.3041177 0.2964691 0.3224095 0.3053040 0.4249583 0.4637950 0.4666491 0.4742162 0.4346418 0.4920118 0.3395284 0.3023920 0.3327162 0.4862134 0.3162639 0.4779229 0.3073881 0.4805288 0.5255376 0.5303059 0.4913297 0.2730693 0.2794272 0.2943004 0.3103566 0.2802164 0.5348005 0.5452962 0.5348277 0.5436815 0.2903993 0.0146384 0.0109390 0.0204949 0.0146378 0.0146780 0.0000000 0.0242734 0.0165711 0.6865386 0.5111382 0.7379787 
S0044_G5933_R1_N 0.3040079 0.3224226 0.2913199 0.2976137 0.2931728 0.2923079 0.3139126 0.3197875 0.3239504 0.2965257 0.2988220 0.2974998 0.2898713 0.3126488 0.2987304 0.4368786 0.4764221 0.4793993 0.4910432 0.4432077 0.4936734 0.3313358 0.2860923 0.3374174 0.4750841 0.3128269 0.4748916 0.3037515 0.4736152 0.5188662 0.5197648 0.4845658 0.2701498 0.2765495 0.2937515 0.3142189 0.2803437 0.5439331 0.5598902 0.5339146 0.5428581 0.2811708 0.0166764 0.0129228 0.0167607 0.0148090 0.0205016 0.0242734 0.0000000 0.0148526 0.6533737 0.4908730 0.7411210 
S0038_G5933_R1_A 0.3230611 0.3314220 0.2942293 0.3004502 0.2960584 0.2952200 0.3166927 0.3180391 0.3259016 0.2982754 0.2956419 0.2943181 0.2867935 0.3123432 0.2955542 0.4273288 0.4661217 0.4689852 0.4765570 0.4333468 0.4829629 0.3290718 0.2924687 0.3286414 0.4693500 0.3053361 0.4690540 0.2961219 0.4752375 0.5123971 0.5132742 0.4785942 0.2694569 0.2757763 0.2905031 0.3148072 0.2765791 0.5466573 0.5574122 0.5466852 0.5556632 0.2862555 0.0128303 0.0054618 0.0167614 0.0146941 0.0165919 0.0165711 0.0148526 0.0000000 0.6645218 0.4977996 0.7422422 
S0002_G5933_R1_A 0.5541898 0.5618040 0.5399181 0.5122473 0.4772440 0.5464812 0.5512723 0.5534575 0.5110228 0.3813700 0.3630307 0.3834561 0.3743361 0.3766179 0.3937917 0.3955769 0.3955373 0.4087673 0.4027303 0.3947772 0.3702677 0.4778065 0.4380347 0.6511295 0.2354047 0.3119012 0.3084637 0.3029743 0.2657123 0.2547973 0.2619178 0.2485151 0.6395883 0.6556311 0.6627701 0.6919380 0.6657752 0.8774030 0.8943441 0.8590403 0.8354803 0.3945973 0.6750870 0.6750870 0.6727988 0.6648307 0.6776910 0.6865386 0.6533737 0.6645218 0.0000000 0.2350672 0.2798693 
S0011_G5933_R1_A 0.3272953 0.3428120 0.3406146 0.3051142 0.2914795 0.3478337 0.3503972 0.3676153 0.3167877 0.1915873 0.1717371 0.1875812 0.1827356 0.1776458 0.1885415 0.3180726 0.3442318 0.3499343 0.3543670 0.3318025 0.3455031 0.2719249 0.2293343 0.4022482 0.3455566 0.1837013 0.3566916 0.2028210 0.3462628 0.3878745 0.3890722 0.3715481 0.4191362 0.4241258 0.4232807 0.4449793 0.4436217 0.5684496 0.5918841 0.5579598 0.5451341 0.1861484 0.5018132 0.5018132 0.4940899 0.5009711 0.4996678 0.5111382 0.4908730 0.4977996 0.2350672 0.0000000 0.4670362 
S0022_G5933_R1_A 0.5610116 0.5887245 0.5269461 0.5110961 0.4961584 0.5350095 0.5396843 0.5490023 0.5347190 0.3828288 0.3731613 0.3819486 0.3829889 0.3820283 0.3787070 0.3810119 0.3880538 0.4047685 0.3987777 0.4029411 0.3895754 0.4630326 0.4380240 0.6181079 0.2578224 0.3205357 0.3241765 0.2923980 0.2666697 0.2536361 0.2607910 0.2559881 0.6307596 0.6363532 0.6389013 0.6797482 0.6489677 0.8205864 0.7952149 0.8102929 0.7945801 0.4575144 0.7422422 0.7422422 0.7591025 0.7469597 0.7528591 0.7379787 0.7411210 0.7422422 0.2798693 0.4670362 0.0000000 
