75
S0046_G5943_R1_A  0.0000000 0.6637667 0.6216859 0.6328367 0.6496828 0.6602935 0.6715512 0.7911015 0.6602935 0.6715512 0.6442649 0.6203802 0.6444390 0.6273935 0.6349049 0.7003298 0.7153620 0.7238510 0.7607134 0.7607134 0.7959209 0.7393344 0.8053824 0.7926147 0.7842136 0.7829773 0.7986246 0.7015052 0.8424020 0.7953589 0.8699436 0.8581774 0.8581774 0.8987542 0.8699436 0.8370396 0.8485765 0.8370396 0.8441319 0.7531534 0.7531534 0.7164442 0.7164442 0.5276866 0.5177528 0.5414129 0.4874105 0.4791176 0.4819434 0.4864992 0.3793057 0.4107108 0.4174145 0.4555588 0.3850858 0.3850858 0.4351780 0.4199781 0.4296980 0.4012077 0.4092972 0.4053209 0.4328041 0.4189097 0.4891840 0.4694438 0.4833665 0.4532804 0.4305933 0.3167024 0.4919943 0.5921050 0.5720454 0.7627892 0.8609571 
S0004_G5943_R3_A  0.6637667 0.0000000 0.0189570 0.0347544 0.0287720 0.0335787 0.0335485 0.1046521 0.0335787 0.0335485 0.0438417 0.0437643 0.0289039 0.0349192 0.2523359 0.2689280 0.2397888 0.3234669 0.3397142 0.3397142 0.2703532 0.3830738 0.5607966 0.5488681 0.5602720 0.4834660 0.5356401 0.5175646 0.5516484 0.5155376 0.6169396 0.6079339 0.6079339 0.6158348 0.6169396 0.5835172 0.5923231 0.5835172 0.5977610 0.4430699 0.4430699 0.4442001 0.4442001 0.6112890 0.6410586 0.6715976 0.6506035 0.6567194 0.6508872 0.6569623 0.6286162 0.6947202 0.6769660 0.7751109 0.6647605 0.6676314 0.6595104 0.6665317 0.6441404 0.6513061 0.6509517 0.6767752 0.7227092 0.6890641 0.6829321 0.6441884 0.6505546 0.7151592 0.7073324 0.6018946 0.8560890 0.7048267 0.6770822 0.4608977 0.7045741 
S0004_G5943_R4_A  0.6216859 0.0189570 0.0000000 0.0245269 0.0189596 0.0334054 0.0333755 0.1096929 0.0334054 0.0333755 0.0386536 0.0385863 0.0190457 0.0246420 0.2438035 0.2682110 0.2316447 0.3412330 0.3629202 0.3629202 0.2683496 0.3637295 0.5449518 0.5335924 0.5446786 0.4718099 0.5207709 0.5042515 0.5253167 0.4907905 0.6215628 0.6126091 0.6126091 0.6204557 0.6215628 0.5882760 0.5970339 0.5882760 0.6024823 0.4214017 0.4214017 0.4318242 0.4318242 0.5818174 0.5999431 0.6185454 0.6197577 0.6253883 0.6196253 0.6255913 0.5975499 0.6595499 0.6435564 0.7354946 0.6328307 0.6354507 0.6274664 0.6343868 0.6129418 0.6200440 0.6196915 0.6426813 0.6878396 0.6556362 0.6503969 0.6123072 0.6192395 0.6928797 0.6852534 0.5687317 0.8145047 0.6587543 0.6326026 0.4432185 0.6838886 
S0021_G5943_R5_A  0.6328367 0.0347544 0.0245269 0.0000000 0.0195932 0.0500112 0.0499639 0.0963214 0.0500112 0.0499639 0.0502702 0.0398999 0.0196851 0.0000010 0.2092215 0.2463590 0.2067808 0.3116370 0.3395079 0.3395079 0.2859580 0.3302056 0.5488694 0.5370486 0.5485255 0.4732121 0.5051210 0.4631865 0.5145708 0.4714677 0.5602360 0.5513054 0.5513054 0.5592462 0.5602360 0.5277163 0.5364461 0.5277163 0.5413562 0.3856389 0.3856389 0.4160259 0.4160259 0.5703189 0.5890636 0.6298203 0.6308363 0.6368408 0.6308509 0.6271082 0.6198121 0.6737305 0.6564464 0.7544718 0.6447689 0.6475765 0.6392573 0.6464610 0.6239080 0.6312848 0.6309190 0.6558090 0.7029085 0.6689654 0.6410538 0.6114943 0.6304702 0.6954348 0.6874850 0.5786637 0.8373012 0.6494168 0.6223891 0.4276353 0.6656764 
S0021_G5943_R6_A  0.6496828 0.0287720 0.0189596 0.0195932 0.0000000 0.0434613 0.0434217 0.1094447 0.0434613 0.0434217 0.0385789 0.0385118 0.0000010 0.0196851 0.2501071 0.2747318 0.2396585 0.3401055 0.3629819 0.3629819 0.2587719 0.3486854 0.5449026 0.5335542 0.5446303 0.4718200 0.5207438 0.5042365 0.5396524 0.5140860 0.6283072 0.6192290 0.6192290 0.6271720 0.6283072 0.5944920 0.6033686 0.5944920 0.6089462 0.4331607 0.4331607 0.4232505 0.4232505 0.6087440 0.6273270 0.6688651 0.6477579 0.6537999 0.6480010 0.6442735 0.6375534 0.6912417 0.6737501 0.7707426 0.6617468 0.6645800 0.6565098 0.6634888 0.6412909 0.6484181 0.6480654 0.6734934 0.7191245 0.6857889 0.6580461 0.6195398 0.6476647 0.7116699 0.7039062 0.5990708 0.8510689 0.6893100 0.6621525 0.4520793 0.6922716 
S0011_G5943_R3_A  0.6602935 0.0335787 0.0334054 0.0500112 0.0434613 0.0000000 0.0093662 0.1156281 0.0000010 0.0093662 0.0640315 0.0639151 0.0436614 0.0502495 0.2651574 0.2905766 0.2452855 0.3471792 0.3463153 0.3463153 0.2835356 0.3804815 0.5518420 0.5403303 0.5514637 0.4693684 0.5274347 0.5242802 0.5579564 0.4741942 0.5864425 0.5777658 0.5777658 0.5854334 0.5864425 0.5545442 0.5630355 0.5545442 0.5766502 0.4312597 0.4312597 0.4688289 0.4688289 0.5950994 0.6242407 0.6537150 0.6335881 0.6394230 0.6336390 0.6396433 0.6017952 0.6646603 0.6584743 0.7529646 0.6471174 0.6498434 0.6418109 0.6487650 0.6269378 0.6340576 0.6337046 0.6579018 0.6808507 0.6486223 0.6892727 0.6507778 0.6332765 0.6739111 0.6663052 0.5731107 0.8075759 0.6754819 0.6704065 0.4818920 0.7243350 
S0011_G5943_R4_A  0.6715512 0.0335485 0.0333755 0.0499639 0.0434217 0.0093662 0.0000000 0.1155090 0.0093662 0.0000010 0.0639713 0.0638551 0.0436214 0.0502017 0.2720689 0.2977890 0.2518868 0.3547889 0.3537540 0.3537540 0.2831699 0.3884089 0.5617687 0.5499766 0.5612361 0.4874941 0.5369074 0.5346788 0.5680644 0.4926498 0.6063024 0.5975046 0.5975046 0.6052427 0.6063024 0.5737501 0.5823585 0.5737501 0.5963262 0.4484424 0.4484424 0.4681017 0.4681017 0.6057502 0.6351351 0.6651209 0.6445568 0.6505379 0.6447557 0.6507713 0.6128655 0.6768661 0.6702356 0.7664084 0.6584091 0.6612112 0.6531681 0.6601253 0.6380631 0.6451723 0.6448203 0.6699067 0.6926922 0.6601233 0.7009815 0.6624365 0.6444141 0.6855943 0.6779400 0.5850606 0.8210295 0.6872067 0.6822019 0.4911366 0.7364530 
S0035_G5943_R1_A  0.7911015 0.1046521 0.1096929 0.0963214 0.1094447 0.1156281 0.1155090 0.0000000 0.1156281 0.1155090 0.1331629 0.1214808 0.1099822 0.0968086 0.2730846 0.3049307 0.2545961 0.3477151 0.3805962 0.3805962 0.2428878 0.4005289 0.6039204 0.5575434 0.5693527 0.5176617 0.5410763 0.5007964 0.5288017 0.4883041 0.5872452 0.5978918 0.5978918 0.5760163 0.5872452 0.5732196 0.5821578 0.5732196 0.5875891 0.4357403 0.4357403 0.4593626 0.4593626 0.6971095 0.7301889 0.7623069 0.7407712 0.7484840 0.7424238 0.7488551 0.7460690 0.7869380 0.7642724 0.8793166 0.7478719 0.7514421 0.7430362 0.7502667 0.7124541 0.7384579 0.7381072 0.7660178 0.8137144 0.7762646 0.8072225 0.7662991 0.7423040 0.8114024 0.8060061 0.6952794 0.9488373 0.8206131 0.7628857 0.4679661 0.7239002 
S0011_G5943_R5_A  0.6602935 0.0335787 0.0334054 0.0500112 0.0434613 0.0000010 0.0093662 0.1156281 0.0000000 0.0093662 0.0640315 0.0639151 0.0436614 0.0502495 0.2651574 0.2905766 0.2452855 0.3471792 0.3463153 0.3463153 0.2835356 0.3804815 0.5518420 0.5403303 0.5514637 0.4693684 0.5274347 0.5242802 0.5579564 0.4741942 0.5864425 0.5777658 0.5777658 0.5854334 0.5864425 0.5545442 0.5630355 0.5545442 0.5766502 0.4312597 0.4312597 0.4688289 0.4688289 0.5950994 0.6242407 0.6537150 0.6335881 0.6394230 0.6336390 0.6396433 0.6017952 0.6646603 0.6584743 0.7529646 0.6471174 0.6498434 0.6418109 0.6487650 0.6269378 0.6340576 0.6337046 0.6579018 0.6808507 0.6486223 0.6892727 0.6507778 0.6332765 0.6739111 0.6663052 0.5731107 0.8075759 0.6754819 0.6704065 0.4818920 0.7243350 
S0011_G5943_R6_A  0.6715512 0.0335485 0.0333755 0.0499639 0.0434217 0.0093662 0.0000010 0.1155090 0.0093662 0.0000000 0.0639713 0.0638551 0.0436214 0.0502017 0.2720689 0.2977890 0.2518868 0.3547889 0.3537540 0.3537540 0.2831699 0.3884089 0.5617687 0.5499766 0.5612361 0.4874941 0.5369074 0.5346788 0.5680644 0.4926498 0.6063024 0.5975046 0.5975046 0.6052427 0.6063024 0.5737501 0.5823585 0.5737501 0.5963262 0.4484424 0.4484424 0.4681017 0.4681017 0.6057502 0.6351351 0.6651209 0.6445568 0.6505379 0.6447557 0.6507713 0.6128655 0.6768661 0.6702356 0.7664084 0.6584091 0.6612112 0.6531681 0.6601253 0.6380631 0.6451723 0.6448203 0.6699067 0.6926922 0.6601233 0.7009815 0.6624365 0.6444141 0.6855943 0.6779400 0.5850606 0.8210295 0.6872067 0.6822019 0.4911366 0.7364530 
S0021_G5943_R7_A  0.6442649 0.0438417 0.0386536 0.0502702 0.0385789 0.0640315 0.0639713 0.1331629 0.0640315 0.0639713 0.0000000 0.0094032 0.0387565 0.0505109 0.2805846 0.2893219 0.2692091 0.3487546 0.3824117 0.3824117 0.2826773 0.4003443 0.5838133 0.5711706 0.5829160 0.5064078 0.5574845 0.5476253 0.5314839 0.4929764 0.6339418 0.6248696 0.6248696 0.6327965 0.6339418 0.6000858 0.6089567 0.6000858 0.6145795 0.4396628 0.4396628 0.4463447 0.4463447 0.6235682 0.6424824 0.6852659 0.6633480 0.6696537 0.6538496 0.6699129 0.6337616 0.6924201 0.6696991 0.7658574 0.6578877 0.6606878 0.6526408 0.6596017 0.6375386 0.6446521 0.6442999 0.6569830 0.7148609 0.6817267 0.6962960 0.6573990 0.6635029 0.7291710 0.7212649 0.5998819 0.8584697 0.7065563 0.6786978 0.4861170 0.6614056 
S0021_G5943_R8_A  0.6203802 0.0437643 0.0385863 0.0398999 0.0385118 0.0639151 0.0638551 0.1214808 0.0639151 0.0638551 0.0094032 0.0000000 0.0386888 0.0400898 0.2660175 0.2982626 0.2550560 0.3328608 0.3660797 0.3660797 0.2819112 0.3832939 0.5813147 0.5688034 0.5804621 0.5044560 0.5364597 0.5246646 0.5105466 0.4732358 0.6116366 0.6027228 0.6027228 0.6105529 0.6116366 0.5786062 0.5873246 0.5786062 0.5926654 0.4343552 0.4343552 0.4282408 0.4282408 0.6000102 0.6185895 0.6598620 0.6389828 0.6449411 0.6293456 0.6451698 0.6095070 0.6655168 0.6443070 0.7365930 0.6335279 0.6361584 0.6281553 0.6350916 0.6135847 0.6207021 0.6203489 0.6313883 0.6887148 0.6564118 0.6708210 0.6421872 0.6387519 0.7025355 0.6947633 0.5737782 0.8276900 0.6800699 0.6530007 0.4842849 0.6370641 
S0021_G5943_R9_A  0.6444390 0.0289039 0.0190457 0.0196851 0.0000010 0.0436614 0.0436214 0.1099822 0.0436614 0.0436214 0.0387565 0.0386888 0.0000000 0.0196851 0.2449924 0.2695472 0.2409232 0.3349464 0.3579300 0.3579300 0.2523905 0.3506667 0.5396035 0.5369333 0.5394112 0.4665102 0.5155346 0.4985012 0.5342911 0.5087526 0.6232540 0.6141502 0.6141502 0.6221252 0.6232540 0.5894021 0.5983027 0.5894021 0.6038514 0.4278946 0.4278946 0.4257359 0.4257359 0.6033800 0.6220215 0.6635355 0.6424958 0.6485071 0.6426684 0.6389480 0.6320746 0.6856488 0.6682845 0.7652204 0.6564225 0.6592385 0.6511182 0.6581433 0.6359087 0.6430895 0.6427339 0.6679112 0.7138361 0.6804307 0.6527294 0.6139875 0.6423195 0.7064034 0.6986093 0.5929194 0.8460085 0.6839082 0.6567123 0.4548752 0.6870792 
S0021_G5943_R10_A 0.6273935 0.0349192 0.0246420 0.0000010 0.0196851 0.0502495 0.0502017 0.0968086 0.0502495 0.0502017 0.0505109 0.0400898 0.0196851 0.0000000 0.2039953 0.2410641 0.2078842 0.3063496 0.3342663 0.3342663 0.2791410 0.3321248 0.5434042 0.5405626 0.5431454 0.4677340 0.4997164 0.4572248 0.5090759 0.4659753 0.5549165 0.5459626 0.5459626 0.5539340 0.5549165 0.5223729 0.5311245 0.5223729 0.5360007 0.3802274 0.3802274 0.4185490 0.4185490 0.5647159 0.5835170 0.6242326 0.6253775 0.6313486 0.6253164 0.6215822 0.6141211 0.6679091 0.6507655 0.7487143 0.6392413 0.6420301 0.6336587 0.6409108 0.6183214 0.6257541 0.6253854 0.6500013 0.6974117 0.6633979 0.6355353 0.6057568 0.6249227 0.6899627 0.6819812 0.5722524 0.8320325 0.6437423 0.6166824 0.4302991 0.6602545 
S0033_G5943_R3_A  0.6349049 0.2523359 0.2438035 0.2092215 0.2501071 0.2651574 0.2720689 0.2730846 0.2651574 0.2720689 0.2805846 0.2660175 0.2449924 0.2039953 0.0000000 0.0594234 0.1671449 0.2651340 0.3000348 0.3000348 0.3476360 0.2924896 0.4397036 0.4478385 0.4409016 0.4224010 0.4345453 0.3785554 0.4715435 0.4337950 0.5380610 0.5295294 0.5295294 0.5276613 0.5380610 0.5164941 0.5248998 0.5164941 0.5295294 0.2895713 0.2895713 0.3444954 0.3444954 0.5491032 0.5473536 0.5725694 0.5942811 0.5996542 0.5938126 0.5998303 0.6032189 0.6335990 0.6088939 0.7204347 0.5994669 0.6018773 0.5942749 0.5803808 0.5684799 0.5802936 0.5799377 0.6291921 0.6524229 0.6354765 0.6242851 0.5955432 0.5933802 0.6437841 0.6362315 0.5269259 0.7377719 0.6299728 0.5765190 0.3635417 0.5798644 
S0033_G5943_R4_A  0.7003298 0.2689280 0.2682110 0.2463590 0.2747318 0.2905766 0.2977890 0.3049307 0.2905766 0.2977890 0.2893219 0.2982626 0.2695472 0.2410641 0.0594234 0.0000000 0.2142230 0.3296783 0.3557428 0.3557428 0.3456396 0.3517443 0.4235183 0.4319739 0.4249517 0.4058949 0.4351364 0.3853395 0.5315980 0.4818191 0.5556058 0.5468670 0.5468670 0.5448815 0.5556058 0.5333726 0.5419794 0.5333726 0.5468670 0.3267286 0.3267286 0.3601593 0.3601593 0.5946334 0.5926214 0.6203300 0.6431571 0.6492999 0.6433424 0.6495388 0.6442669 0.6886974 0.6606595 0.7835247 0.6489947 0.6517867 0.6555591 0.6289117 0.6045263 0.6286262 0.6282637 0.6834936 0.7064806 0.6729599 0.6758680 0.6363182 0.6429876 0.6975787 0.6896330 0.5781765 0.7993947 0.6521635 0.6255594 0.3644735 0.6061186 
S0008_G5943_R1_A  0.7153620 0.2397888 0.2316447 0.2067808 0.2396585 0.2452855 0.2518868 0.2545961 0.2452855 0.2518868 0.2692091 0.2550560 0.2409232 0.2078842 0.1671449 0.2142230 0.0000000 0.2273868 0.2705919 0.2705919 0.4254704 0.2506218 0.4383012 0.4301110 0.4479338 0.4271703 0.4242151 0.3973448 0.3965427 0.4591286 0.6142270 0.6051480 0.6051480 0.6028320 0.6142270 0.5805676 0.5894430 0.5805676 0.5948999 0.2218610 0.2218610 0.2767634 0.2767634 0.6150931 0.6097076 0.6472205 0.6600382 0.6662661 0.6478306 0.6665198 0.6821968 0.7062619 0.6780100 0.7712762 0.6659251 0.6687653 0.6726166 0.6676797 0.6331829 0.6457592 0.6454066 0.7009592 0.7231353 0.7054634 0.6810043 0.6524761 0.6601393 0.7144345 0.7066113 0.5980997 0.8153140 0.6871815 0.6430454 0.4012942 0.6010529 
S0015_G5943_R1_A  0.7238510 0.3234669 0.3412330 0.3116370 0.3401055 0.3471792 0.3547889 0.3477151 0.3471792 0.3547889 0.3487546 0.3328608 0.3349464 0.3063496 0.2651340 0.3296783 0.2273868 0.0000000 0.1527490 0.1527490 0.3683501 0.2538081 0.4326339 0.4408729 0.4297080 0.4460532 0.4275544 0.3696280 0.4762324 0.4460393 0.6064298 0.5974685 0.5974685 0.5841557 0.6064298 0.5732879 0.5820496 0.5732879 0.5962687 0.3024671 0.3024671 0.3761345 0.3761345 0.6546763 0.6296341 0.6269419 0.6802241 0.6866193 0.6809084 0.6868931 0.6707203 0.7044102 0.6766661 0.7928289 0.6648075 0.6675992 0.6713829 0.6665299 0.6558532 0.6449467 0.6445991 0.6764749 0.7210839 0.7036930 0.7014423 0.6734733 0.6806452 0.7352115 0.7274390 0.6192291 0.8475442 0.7305880 0.6941153 0.4648514 0.6151756 
S0034_G5943_R1_A  0.7607134 0.3397142 0.3629202 0.3395079 0.3629819 0.3463153 0.3537540 0.3805962 0.3463153 0.3537540 0.3824117 0.3660797 0.3579300 0.3342663 0.3000348 0.3557428 0.2705919 0.1527490 0.0000000 0.0000010 0.4028927 0.2296370 0.4892245 0.4969333 0.4847622 0.4465185 0.4648196 0.3790421 0.5398658 0.5005423 0.5719879 0.5634212 0.5634212 0.5509646 0.5719879 0.5406452 0.5490286 0.5406452 0.5623535 0.3046485 0.3046485 0.3655129 0.3655129 0.6977175 0.7040204 0.7233797 0.7258106 0.7328392 0.7138467 0.7331688 0.7280406 0.7673797 0.7469988 0.8355482 0.7323144 0.7355579 0.7400196 0.7344595 0.7231430 0.7014652 0.7011266 0.7722258 0.7694027 0.7515000 0.7484285 0.7206565 0.7269909 0.7843625 0.7763870 0.6707698 0.8789306 0.8170579 0.7775424 0.4695989 0.5813801 
S0034_G5943_R3_A  0.7607134 0.3397142 0.3629202 0.3395079 0.3629819 0.3463153 0.3537540 0.3805962 0.3463153 0.3537540 0.3824117 0.3660797 0.3579300 0.3342663 0.3000348 0.3557428 0.2705919 0.1527490 0.0000010 0.0000000 0.4028927 0.2296370 0.4892245 0.4969333 0.4847622 0.4465185 0.4648196 0.3790421 0.5398658 0.5005423 0.5719879 0.5634212 0.5634212 0.5509646 0.5719879 0.5406452 0.5490286 0.5406452 0.5623535 0.3046485 0.3046485 0.3655129 0.3655129 0.6977175 0.7040204 0.7233797 0.7258106 0.7328392 0.7138467 0.7331688 0.7280406 0.7673797 0.7469988 0.8355482 0.7323144 0.7355579 0.7400196 0.7344595 0.7231430 0.7014652 0.7011266 0.7722258 0.7694027 0.7515000 0.7484285 0.7206565 0.7269909 0.7843625 0.7763870 0.6707698 0.8789306 0.8170579 0.7775424 0.4695989 0.5813801 
S0005_G5943_R2_A  0.7959209 0.2703532 0.2683496 0.2859580 0.2587719 0.2835356 0.2831699 0.2428878 0.2835356 0.2831699 0.2826773 0.2819112 0.2523905 0.2791410 0.3476360 0.3456396 0.4254704 0.3683501 0.4028927 0.4028927 0.0000000 0.4228811 0.5597567 0.5565354 0.5592338 0.4838174 0.5353263 0.4770110 0.5709133 0.5422138 0.6273572 0.6181813 0.6181813 0.6262114 0.6273572 0.6033884 0.6124230 0.6033884 0.6181813 0.4435577 0.4435577 0.4189445 0.4189445 0.6909652 0.7472577 0.7842786 0.7817038 0.7899903 0.7839922 0.7904108 0.7749099 0.8030633 0.7933905 0.8795760 0.7757963 0.7795488 0.7712171 0.7649855 0.7418286 0.7662955 0.7659555 0.7957838 0.8431367 0.8050928 0.8210345 0.7805404 0.7839962 0.8060895 0.8374353 0.7058773 0.9812710 0.8642895 0.8161161 0.4912384 0.6299094 
S0027_G5943_R1_A  0.7393344 0.3830738 0.3637295 0.3302056 0.3486854 0.3804815 0.3884089 0.4005289 0.3804815 0.3884089 0.4003443 0.3832939 0.3506667 0.3321248 0.2924896 0.3517443 0.2506218 0.2538081 0.2296370 0.2296370 0.4228811 0.0000000 0.4595340 0.4600254 0.4783361 0.4405846 0.4457063 0.4271061 0.5406469 0.4685949 0.6125181 0.6034230 0.6034230 0.5898627 0.6125181 0.5788231 0.5877110 0.5788231 0.5931620 0.2588464 0.2588464 0.2498519 0.2498519 0.6072142 0.6126365 0.6485210 0.6824679 0.6889053 0.6704516 0.6792970 0.6831148 0.6892955 0.6843489 0.7761511 0.6885092 0.6914578 0.6954755 0.6687494 0.6580319 0.6682977 0.6679533 0.7121526 0.7463124 0.7286648 0.6819172 0.6537604 0.6829262 0.7377322 0.7299351 0.6234512 0.8393049 0.7197370 0.6742090 0.4640832 0.5375978 
S0024_G5943_R1_A  0.8053824 0.5607966 0.5449518 0.5488694 0.5449026 0.5518420 0.5617687 0.6039204 0.5518420 0.5617687 0.5838133 0.5813147 0.5396035 0.5434042 0.4397036 0.4235183 0.4383012 0.4326339 0.4892245 0.4892245 0.5597567 0.4595340 0.0000000 0.0192063 0.0192391 0.0560613 0.0443180 0.0658381 0.4230684 0.4803686 0.5152798 0.5152798 0.5152798 0.5342583 0.5152798 0.5027808 0.5111295 0.5027808 0.5143332 0.4859494 0.4859494 0.4861228 0.4861228 0.7524193 0.7238946 0.7087710 0.7789988 0.7893173 0.7943527 0.8005789 0.7413660 0.7458457 0.7717839 0.8075651 0.7497435 0.7531401 0.7702874 0.7520257 0.7280318 0.7284363 0.7029814 0.7868215 0.8255276 0.7936454 0.8169611 0.7547630 0.7835142 0.8279427 0.8087010 0.7139749 0.9837372 0.8191144 0.8074107 0.5228439 0.9053898 
S0032_G5943_R1_N  0.7926147 0.5488681 0.5335924 0.5370486 0.5335542 0.5403303 0.5499766 0.5575434 0.5403303 0.5499766 0.5711706 0.5688034 0.5369333 0.5405626 0.4478385 0.4319739 0.4301110 0.4408729 0.4969333 0.4969333 0.5565354 0.4600254 0.0192063 0.0000000 0.0094097 0.0448029 0.0336976 0.0651299 0.4586329 0.4877071 0.5280552 0.5280552 0.5280552 0.5470886 0.5280552 0.5154512 0.5237988 0.5154512 0.5270796 0.4763442 0.4763442 0.4765197 0.4765197 0.7784958 0.7494761 0.7309749 0.8185332 0.8295027 0.8347724 0.8409682 0.7812761 0.7860132 0.8122708 0.8496242 0.7882883 0.7919241 0.8097285 0.7908116 0.7662890 0.7666086 0.7405312 0.8284844 0.8663332 0.8339201 0.8578463 0.7950075 0.8233543 0.8690239 0.8495240 0.7570371 1.0165150 0.8743493 0.8488021 0.5002812 0.9068137 
S0032_G5943_R2_N  0.7842136 0.5602720 0.5446786 0.5485255 0.5446303 0.5514637 0.5612361 0.5693527 0.5514637 0.5612361 0.5829160 0.5804621 0.5394112 0.5431454 0.4409016 0.4249517 0.4479338 0.4297080 0.4847622 0.4847622 0.5592338 0.4783361 0.0192391 0.0094097 0.0000000 0.0448841 0.0337561 0.0594554 0.4513762 0.4804789 0.5206646 0.5206646 0.5206646 0.5396440 0.5206646 0.5081374 0.5164743 0.5081374 0.5197078 0.4780735 0.4780735 0.4957638 0.4957638 0.7701504 0.7412337 0.7347176 0.8101173 0.8209818 0.8262189 0.8324411 0.7726619 0.7773577 0.8036300 0.8546588 0.7799926 0.7835877 0.8013052 0.7824710 0.7579894 0.7583290 0.7323116 0.8196455 0.8578011 0.8253949 0.8492692 0.7863640 0.8148878 0.8604422 0.8409328 0.7476562 1.0076222 0.8656355 0.8400887 0.4971612 0.8977614 
S0025_G5943_R1_U  0.7829773 0.4834660 0.4718099 0.4732121 0.4718200 0.4693684 0.4874941 0.5176617 0.4693684 0.4874941 0.5064078 0.5044560 0.4665102 0.4677340 0.4224010 0.4058949 0.4271703 0.4460532 0.4465185 0.4465185 0.4838174 0.4405846 0.0560613 0.0448029 0.0448841 0.0000000 0.0194348 0.0948447 0.4234467 0.4440631 0.5094540 0.5094540 0.5094540 0.5284135 0.5094540 0.4874866 0.4957801 0.4874866 0.5085213 0.4334095 0.4334095 0.4894961 0.4894961 0.7381590 0.7353377 0.7044048 0.7874519 0.7979974 0.7921420 0.8093995 0.7369182 0.7892851 0.8167025 0.8559038 0.7915148 0.7953217 0.8139333 0.7941636 0.7685935 0.7628751 0.7360244 0.8337683 0.8731338 0.8392515 0.8260315 0.7631614 0.8031903 0.8492964 0.8294666 0.7335340 1.0477817 0.8495426 0.8237681 0.4545439 0.8477118 
S0029_G5943_R1_U  0.7986246 0.5356401 0.5207709 0.5051210 0.5207438 0.5274347 0.5369074 0.5410763 0.5274347 0.5369074 0.5574845 0.5364597 0.5155346 0.4997164 0.4345453 0.4351364 0.4242151 0.4275544 0.4648196 0.4648196 0.5353263 0.4457063 0.0443180 0.0336976 0.0337561 0.0194348 0.0000000 0.0771249 0.4315053 0.4832629 0.5181853 0.5181853 0.5181853 0.5370412 0.5181853 0.4962871 0.5045203 0.4962871 0.5172388 0.4626192 0.4626192 0.4900040 0.4900040 0.7634269 0.7349035 0.7164714 0.8028863 0.8135352 0.8077911 0.8248545 0.7530924 0.8056299 0.8327780 0.8720320 0.8071421 0.8109957 0.8296162 0.8098559 0.7844221 0.7785959 0.7518511 0.8500670 0.8885081 0.8549097 0.8414377 0.7900806 0.8187930 0.8647203 0.8450777 0.7514888 1.0621671 0.8461872 0.8210828 0.5227496 0.8637693 
S0001_G5943_R1_A  0.7015052 0.5175646 0.5042515 0.4631865 0.5042365 0.5242802 0.5346788 0.5007964 0.5242802 0.5346788 0.5476253 0.5246646 0.4985012 0.4572248 0.3785554 0.3853395 0.3973448 0.3696280 0.3790421 0.3790421 0.4770110 0.4271061 0.0658381 0.0651299 0.0594554 0.0948447 0.0771249 0.0000000 0.3220771 0.3491460 0.4583323 0.4583323 0.4583323 0.4776510 0.4583323 0.4459343 0.4545432 0.4459343 0.4488127 0.4237855 0.4237855 0.4317166 0.4317166 0.7167850 0.6975115 0.6640075 0.7138431 0.7238605 0.7288831 0.7356672 0.6725399 0.6769164 0.7043825 0.7707559 0.6840494 0.6872794 0.7046025 0.6860850 0.6612078 0.6883586 0.6614010 0.7185556 0.7619180 0.7283636 0.7525330 0.6978278 0.7181883 0.7939663 0.7437025 0.6369300 0.9136334 0.8148149 0.7917679 0.4526372 0.8193882 
S0003_G5943_R1_N  0.8424020 0.5516484 0.5253167 0.5145708 0.5396524 0.5579564 0.5680644 0.5288017 0.5579564 0.5680644 0.5314839 0.5105466 0.5342911 0.5090759 0.4715435 0.5315980 0.3965427 0.4762324 0.5398658 0.5398658 0.5709133 0.5406469 0.4230684 0.4586329 0.4513762 0.4234467 0.4315053 0.3220771 0.0000000 0.4428344 0.5946477 0.6052293 0.6052293 0.5935889 0.5946477 0.6092839 0.6184384 0.6092839 0.5949872 0.5384304 0.5384304 0.5730535 0.5730535 0.7513873 0.7361008 0.7675514 0.7821484 0.7793426 0.7460028 0.7907912 0.7733401 0.7820696 0.8168323 0.9122560 0.7913728 0.7952191 0.8005785 0.7805769 0.7410672 0.7624418 0.7353314 0.8340982 0.8597088 0.8257750 0.8077293 0.7481642 0.7844307 0.8504061 0.8440754 0.7130731 1.0318332 0.8966823 0.8348498 0.5938747 0.8523567 
S0049_G5943_R1_A  0.7953589 0.5155376 0.4907905 0.4714677 0.5140860 0.4741942 0.4926498 0.4883041 0.4741942 0.4926498 0.4929764 0.4732358 0.5087526 0.4659753 0.4337950 0.4818191 0.4591286 0.4460393 0.5005423 0.5005423 0.5422138 0.4685949 0.4803686 0.4877071 0.4804789 0.4440631 0.4832629 0.3491460 0.4428344 0.0000000 0.4429796 0.4518049 0.4518049 0.4338836 0.4429796 0.4451132 0.4529317 0.4451132 0.4432857 0.4116141 0.4116141 0.5779660 0.5779660 0.7660160 0.7223189 0.7420171 0.7939853 0.7912977 0.7578518 0.8027775 0.6940359 0.7014125 0.7487538 0.8495825 0.7540744 0.7575787 0.7624234 0.7330273 0.7074603 0.6962157 0.6709843 0.7899618 0.7958963 0.7770948 0.8627911 0.8020154 0.7964808 0.8491557 0.8111181 0.6862851 0.9517859 0.8226885 0.8196514 0.6156799 0.7837355 
S0038_G5943_R1_A  0.8699436 0.6169396 0.6215628 0.5602360 0.6283072 0.5864425 0.6063024 0.5872452 0.5864425 0.6063024 0.6339418 0.6116366 0.6232540 0.5549165 0.5380610 0.5556058 0.6142270 0.6064298 0.5719879 0.5719879 0.6273572 0.6125181 0.5152798 0.5280552 0.5206646 0.5094540 0.5181853 0.4583323 0.5946477 0.4429796 0.0000000 0.0046261 0.0046261 0.0092693 0.0000010 0.0140116 0.0187205 0.0140116 0.0139558 0.5687695 0.5687695 0.5998215 0.5998215 0.7032382 0.7157497 0.7427057 0.8126900 0.8211805 0.8658848 0.8106479 0.7851618 0.8063710 0.8195310 0.8719155 0.8225659 0.8264930 0.8055924 0.8253632 0.7445831 0.8132318 0.7857844 0.7981280 0.8391078 0.8140193 0.8560019 0.8013027 0.8290529 0.8382607 0.8303317 0.7537177 1.0472803 0.8578043 0.8800512 0.6756473 0.9998764 
S0042_G5943_R1_N  0.8581774 0.6079339 0.6126091 0.5513054 0.6192290 0.5777658 0.5975046 0.5978918 0.5777658 0.5975046 0.6248696 0.6027228 0.6141502 0.5459626 0.5295294 0.5468670 0.6051480 0.5974685 0.5634212 0.5634212 0.6181813 0.6034230 0.5152798 0.5280552 0.5206646 0.5094540 0.5181853 0.4583323 0.6052293 0.4518049 0.0046261 0.0000000 0.0000010 0.0139528 0.0046261 0.0093218 0.0140116 0.0093218 0.0092849 0.5601451 0.5601451 0.5909967 0.5909967 0.6931279 0.7055700 0.7320879 0.8018774 0.8102161 0.8544473 0.7997240 0.7742389 0.7950864 0.8083645 0.8600130 0.8117592 0.8156139 0.7947804 0.8144832 0.7342900 0.8024664 0.7752214 0.7869833 0.8281282 0.8032284 0.8447015 0.8013027 0.8179477 0.8271284 0.8192228 0.7419204 1.0343014 0.8462068 0.8681767 0.6756473 0.9871975 
S0041_G5943_R1_N  0.8581774 0.6079339 0.6126091 0.5513054 0.6192290 0.5777658 0.5975046 0.5978918 0.5777658 0.5975046 0.6248696 0.6027228 0.6141502 0.5459626 0.5295294 0.5468670 0.6051480 0.5974685 0.5634212 0.5634212 0.6181813 0.6034230 0.5152798 0.5280552 0.5206646 0.5094540 0.5181853 0.4583323 0.6052293 0.4518049 0.0046261 0.0000010 0.0000000 0.0139528 0.0046261 0.0093218 0.0140116 0.0093218 0.0092849 0.5601451 0.5601451 0.5909967 0.5909967 0.6931279 0.7055700 0.7320879 0.8018774 0.8102161 0.8544473 0.7997240 0.7742389 0.7950864 0.8083645 0.8600130 0.8117592 0.8156139 0.7947804 0.8144832 0.7342900 0.8024664 0.7752214 0.7869833 0.8281282 0.8032284 0.8447015 0.8013027 0.8179477 0.8271284 0.8192228 0.7419204 1.0343014 0.8462068 0.8681767 0.6756473 0.9871975 
S0043_G5943_R1_N  0.8987542 0.6158348 0.6204557 0.5592462 0.6271720 0.5854334 0.6052427 0.5760163 0.5854334 0.6052427 0.6327965 0.6105529 0.6221252 0.5539340 0.5276613 0.5448815 0.6028320 0.5841557 0.5509646 0.5509646 0.6262114 0.5898627 0.5342583 0.5470886 0.5396440 0.5284135 0.5370412 0.4776510 0.5935889 0.4338836 0.0092693 0.0139528 0.0139528 0.0000000 0.0092693 0.0234799 0.0282341 0.0234799 0.0233854 0.5677983 0.5677983 0.5888051 0.5888051 0.7270758 0.7398195 0.7679769 0.8388273 0.8477398 0.8938637 0.8370477 0.8114118 0.8336292 0.8465758 0.9010847 0.8487412 0.8528683 0.8316879 0.8517352 0.7690809 0.8392534 0.8111599 0.8249932 0.8658023 0.8401102 0.8835844 0.8284236 0.8560019 0.8653292 0.8572953 0.7819024 1.0801736 0.8861288 0.9091948 0.6743231 0.9973244 
S0047_G5943_R1_N  0.8699436 0.6169396 0.6215628 0.5602360 0.6283072 0.5864425 0.6063024 0.5872452 0.5864425 0.6063024 0.6339418 0.6116366 0.6232540 0.5549165 0.5380610 0.5556058 0.6142270 0.6064298 0.5719879 0.5719879 0.6273572 0.6125181 0.5152798 0.5280552 0.5206646 0.5094540 0.5181853 0.4583323 0.5946477 0.4429796 0.0000010 0.0046261 0.0046261 0.0092693 0.0000000 0.0140116 0.0187205 0.0140116 0.0139558 0.5687695 0.5687695 0.5998215 0.5998215 0.7032382 0.7157497 0.7427057 0.8126900 0.8211805 0.8658848 0.8106479 0.7851618 0.8063710 0.8195310 0.8719155 0.8225659 0.8264930 0.8055924 0.8253632 0.7445831 0.8132318 0.7857844 0.7981280 0.8391078 0.8140193 0.8560019 0.8013027 0.8290529 0.8382607 0.8303317 0.7537177 1.0472803 0.8578043 0.8800512 0.6756473 0.9998764 
S0044_G5943_R1_N  0.8370396 0.5835172 0.5882760 0.5277163 0.5944920 0.5545442 0.5737501 0.5732196 0.5545442 0.5737501 0.6000858 0.5786062 0.5894021 0.5223729 0.5164941 0.5333726 0.5805676 0.5732879 0.5406452 0.5406452 0.6033884 0.5788231 0.5027808 0.5154512 0.5081374 0.4874866 0.4962871 0.4459343 0.6092839 0.4451132 0.0140116 0.0093218 0.0093218 0.0234799 0.0140116 0.0000000 0.0046248 0.0000010 0.0093158 0.5467131 0.5467131 0.5878516 0.5878516 0.7102474 0.7229420 0.7505138 0.7937202 0.8019721 0.8459999 0.7914760 0.7659086 0.7865506 0.7999622 0.8512424 0.8036381 0.8074509 0.7866006 0.8063161 0.7263189 0.7943463 0.7671683 0.7785260 0.8199313 0.7950917 0.8363219 0.7927797 0.8096235 0.8188147 0.8108999 0.7328125 1.0254317 0.8677312 0.8904879 0.6717459 1.0125229 
S0045_G5943_R2_A  0.8485765 0.5923231 0.5970339 0.5364461 0.6033686 0.5630355 0.5823585 0.5821578 0.5630355 0.5823585 0.6089567 0.5873246 0.5983027 0.5311245 0.5248998 0.5419794 0.5894430 0.5820496 0.5490286 0.5490286 0.6124230 0.5877110 0.5111295 0.5237988 0.5164743 0.4957801 0.5045203 0.4545432 0.6184384 0.4529317 0.0187205 0.0140116 0.0140116 0.0282341 0.0187205 0.0046248 0.0000000 0.0046248 0.0140025 0.5552100 0.5552100 0.5966259 0.5966259 0.7205464 0.7333122 0.7613384 0.8045293 0.8129328 0.8574345 0.8023962 0.7768275 0.7978313 0.8111251 0.8631420 0.8144419 0.8183273 0.7974091 0.8171931 0.7366069 0.8051087 0.7777278 0.7896671 0.8309081 0.8058794 0.8476194 0.8040714 0.8207252 0.8299436 0.8220056 0.7446037 1.0384070 0.8532517 0.8756026 0.6815377 1.0255013 
S0045_G5943_R1_A  0.8370396 0.5835172 0.5882760 0.5277163 0.5944920 0.5545442 0.5737501 0.5732196 0.5545442 0.5737501 0.6000858 0.5786062 0.5894021 0.5223729 0.5164941 0.5333726 0.5805676 0.5732879 0.5406452 0.5406452 0.6033884 0.5788231 0.5027808 0.5154512 0.5081374 0.4874866 0.4962871 0.4459343 0.6092839 0.4451132 0.0140116 0.0093218 0.0093218 0.0234799 0.0140116 0.0000010 0.0046248 0.0000000 0.0093158 0.5467131 0.5467131 0.5878516 0.5878516 0.7102474 0.7229420 0.7505138 0.7937202 0.8019721 0.8459999 0.7914760 0.7659086 0.7865506 0.7999622 0.8512424 0.8036381 0.8074509 0.7866006 0.8063161 0.7263189 0.7943463 0.7671683 0.7785260 0.8199313 0.7950917 0.8363219 0.7927797 0.8096235 0.8188147 0.8108999 0.7328125 1.0254317 0.8677312 0.8904879 0.6717459 1.0125229 
S0040_G5943_R1_N  0.8441319 0.5977610 0.6024823 0.5413562 0.6089462 0.5766502 0.5963262 0.5875891 0.5766502 0.5963262 0.6145795 0.5926654 0.6038514 0.5360007 0.5295294 0.5468670 0.5948999 0.5962687 0.5623535 0.5623535 0.6181813 0.5931620 0.5143332 0.5270796 0.5197078 0.5085213 0.5172388 0.4488127 0.5949872 0.4432857 0.0139558 0.0092849 0.0092849 0.0233854 0.0139558 0.0093158 0.0140025 0.0093158 0.0000000 0.5601451 0.5601451 0.6020811 0.6020811 0.7063380 0.7189322 0.7461637 0.7891169 0.7972551 0.8408037 0.7868397 0.7614273 0.7817933 0.7951713 0.8458031 0.7989777 0.8027366 0.7820402 0.8016083 0.7223211 0.7897587 0.7628257 0.7738765 0.8150984 0.7904893 0.8312475 0.7879789 0.8047995 0.8139225 0.8060662 0.7281936 1.0183093 0.8478700 0.8846827 0.6884364 1.0054829 
S0009_G5943_R1_A  0.7531534 0.4430699 0.4214017 0.3856389 0.4331607 0.4312597 0.4484424 0.4357403 0.4312597 0.4484424 0.4396628 0.4343552 0.4278946 0.3802274 0.2895713 0.3267286 0.2218610 0.3024671 0.3046485 0.3046485 0.4435577 0.2588464 0.4859494 0.4763442 0.4780735 0.4334095 0.4626192 0.4237855 0.5384304 0.4116141 0.5687695 0.5601451 0.5601451 0.5677983 0.5687695 0.5467131 0.5552100 0.5467131 0.5601451 0.0000000 0.0000010 0.3363725 0.3363725 0.6159102 0.6401913 0.6899378 0.6939037 0.7130404 0.6937322 0.7133555 0.7311115 0.7388628 0.7087623 0.7858932 0.7125618 0.7157649 0.7079759 0.7146404 0.6759078 0.6812163 0.6808633 0.7387080 0.7737671 0.7552985 0.7162190 0.7000396 0.7069529 0.7649228 0.7567782 0.6473196 0.8607654 0.7684660 0.7186956 0.4708975 0.5299876 
S0010_G5943_R1_A  0.7531534 0.4430699 0.4214017 0.3856389 0.4331607 0.4312597 0.4484424 0.4357403 0.4312597 0.4484424 0.4396628 0.4343552 0.4278946 0.3802274 0.2895713 0.3267286 0.2218610 0.3024671 0.3046485 0.3046485 0.4435577 0.2588464 0.4859494 0.4763442 0.4780735 0.4334095 0.4626192 0.4237855 0.5384304 0.4116141 0.5687695 0.5601451 0.5601451 0.5677983 0.5687695 0.5467131 0.5552100 0.5467131 0.5601451 0.0000010 0.0000000 0.3363725 0.3363725 0.6159102 0.6401913 0.6899378 0.6939037 0.7130404 0.6937322 0.7133555 0.7311115 0.7388628 0.7087623 0.7858932 0.7125618 0.7157649 0.7079759 0.7146404 0.6759078 0.6812163 0.6808633 0.7387080 0.7737671 0.7552985 0.7162190 0.7000396 0.7069529 0.7649228 0.7567782 0.6473196 0.8607654 0.7684660 0.7186956 0.4708975 0.5299876 
S0039_G5943_R1_A  0.7164442 0.4442001 0.4318242 0.4160259 0.4232505 0.4688289 0.4681017 0.4593626 0.4688289 0.4681017 0.4463447 0.4282408 0.4257359 0.4185490 0.3444954 0.3601593 0.2767634 0.3761345 0.3655129 0.3655129 0.4189445 0.2498519 0.4861228 0.4765197 0.4957638 0.4894961 0.4900040 0.4317166 0.5730535 0.5779660 0.5998215 0.5909967 0.5909967 0.5888051 0.5998215 0.5878516 0.5966259 0.5878516 0.6020811 0.3363725 0.3363725 0.0000000 0.0000010 0.6077822 0.6515239 0.6798414 0.7406607 0.7481061 0.7179398 0.7484640 0.7675866 0.7965856 0.7633161 0.8421951 0.7475161 0.7509607 0.7557161 0.7498259 0.7132962 0.7258502 0.7255083 0.7698592 0.7735095 0.7550588 0.7644012 0.7359098 0.7297571 0.7289435 0.7938724 0.6853108 0.8864944 0.7535273 0.7021189 0.4581871 0.4924303 
S0051_G5943_R1_A  0.7164442 0.4442001 0.4318242 0.4160259 0.4232505 0.4688289 0.4681017 0.4593626 0.4688289 0.4681017 0.4463447 0.4282408 0.4257359 0.4185490 0.3444954 0.3601593 0.2767634 0.3761345 0.3655129 0.3655129 0.4189445 0.2498519 0.4861228 0.4765197 0.4957638 0.4894961 0.4900040 0.4317166 0.5730535 0.5779660 0.5998215 0.5909967 0.5909967 0.5888051 0.5998215 0.5878516 0.5966259 0.5878516 0.6020811 0.3363725 0.3363725 0.0000010 0.0000000 0.6077822 0.6515239 0.6798414 0.7406607 0.7481061 0.7179398 0.7484640 0.7675866 0.7965856 0.7633161 0.8421951 0.7475161 0.7509607 0.7557161 0.7498259 0.7132962 0.7258502 0.7255083 0.7698592 0.7735095 0.7550588 0.7644012 0.7359098 0.7297571 0.7289435 0.7938724 0.6853108 0.8864944 0.7535273 0.7021189 0.4581871 0.4924303 
S0005_G5943_R1_A  0.5276866 0.6112890 0.5818174 0.5703189 0.6087440 0.5950994 0.6057502 0.6971095 0.5950994 0.6057502 0.6235682 0.6000102 0.6033800 0.5647159 0.5491032 0.5946334 0.6150931 0.6546763 0.6977175 0.6977175 0.6909652 0.6072142 0.7524193 0.7784958 0.7701504 0.7381590 0.7634269 0.7167850 0.7513873 0.7660160 0.7032382 0.6931279 0.6931279 0.7270758 0.7032382 0.7102474 0.7205464 0.7102474 0.7063380 0.6159102 0.6159102 0.6077822 0.6077822 0.0000000 0.0853490 0.1151666 0.1701595 0.1585434 0.1852311 0.1640051 0.1897544 0.2160295 0.2237209 0.2443858 0.2245899 0.2120735 0.2200946 0.2116543 0.2118102 0.2113103 0.2111375 0.2447256 0.2474895 0.2356897 0.1769127 0.1586487 0.1785262 0.2806134 0.2413118 0.1256188 0.2942161 0.1946710 0.1676077 0.8145717 0.7555362 
S0033_G5943_R1_A  0.5177528 0.6410586 0.5999431 0.5890636 0.6273270 0.6242407 0.6351351 0.7301889 0.6242407 0.6351351 0.6424824 0.6185895 0.6220215 0.5835170 0.5473536 0.5926214 0.6097076 0.6296341 0.7040204 0.7040204 0.7472577 0.6126365 0.7238946 0.7494761 0.7412337 0.7353377 0.7349035 0.6975115 0.7361008 0.7223189 0.7157497 0.7055700 0.7055700 0.7398195 0.7157497 0.7229420 0.7333122 0.7229420 0.7189322 0.6401913 0.6401913 0.6515239 0.6515239 0.0853490 0.0000000 0.0548113 0.1431658 0.1373417 0.1695799 0.1315750 0.1735536 0.1769580 0.1920336 0.2467269 0.2006797 0.1883887 0.2025716 0.1880101 0.1881480 0.1877189 0.1875623 0.2327024 0.2220037 0.2041580 0.1483223 0.1367069 0.1500600 0.2556148 0.2232367 0.0941832 0.2706138 0.1688613 0.1549113 0.7862822 0.8691105 
S0033_G5943_R2_A  0.5414129 0.6715976 0.6185454 0.6298203 0.6688651 0.6537150 0.6651209 0.7623069 0.6537150 0.6651209 0.6852659 0.6598620 0.6635355 0.6242326 0.5725694 0.6203300 0.6472205 0.6269419 0.7233797 0.7233797 0.7842786 0.6485210 0.7087710 0.7309749 0.7347176 0.7044048 0.7164714 0.6640075 0.7675514 0.7420171 0.7427057 0.7320879 0.7320879 0.7679769 0.7427057 0.7505138 0.7613384 0.7505138 0.7461637 0.6899378 0.6899378 0.6798414 0.6798414 0.1151666 0.0548113 0.0000000 0.1584281 0.1462694 0.1796781 0.1521672 0.1520625 0.1826306 0.1909597 0.2301680 0.1925700 0.1801359 0.1944075 0.1797653 0.1859937 0.1794866 0.1793331 0.2037676 0.2222218 0.2038902 0.1637217 0.1522541 0.1729819 0.2546119 0.2205867 0.0899627 0.2697555 0.1996727 0.1845585 0.8288480 0.9131342 
S0002_G5943_R1_A  0.4874105 0.6506035 0.6197577 0.6308363 0.6477579 0.6335881 0.6445568 0.7407712 0.6335881 0.6445568 0.6633480 0.6389828 0.6424958 0.6253775 0.5942811 0.6431571 0.6600382 0.6802241 0.7258106 0.7258106 0.7817038 0.6824679 0.7789988 0.8185332 0.8101173 0.7874519 0.8028863 0.7138431 0.7821484 0.7939853 0.8126900 0.8018774 0.8018774 0.8388273 0.8126900 0.7937202 0.8045293 0.7937202 0.7891169 0.6939037 0.6939037 0.7406607 0.7406607 0.1701595 0.1431658 0.1584281 0.0000000 0.0331797 0.0586480 0.0234979 0.0816053 0.0948353 0.1148649 0.1654360 0.1122472 0.1014869 0.1187994 0.1067737 0.1234012 0.1359347 0.1358214 0.1417211 0.1477342 0.1376143 0.0381056 0.0292780 0.0382227 0.1820178 0.1478772 0.0218498 0.1520945 0.2299436 0.2209668 0.8783665 0.8567111 
S0004_G5943_R1_A  0.4791176 0.6567194 0.6253883 0.6368408 0.6537999 0.6394230 0.6505379 0.7484840 0.6394230 0.6505379 0.6696537 0.6449411 0.6485071 0.6313486 0.5996542 0.6492999 0.6662661 0.6866193 0.7328392 0.7328392 0.7899903 0.6889053 0.7893173 0.8295027 0.8209818 0.7979974 0.8135352 0.7238605 0.7793426 0.7912977 0.8211805 0.8102161 0.8102161 0.8477398 0.8211805 0.8019721 0.8129328 0.8019721 0.7972551 0.7130404 0.7130404 0.7481061 0.7481061 0.1585434 0.1373417 0.1462694 0.0331797 0.0000000 0.0433938 0.0283159 0.0711156 0.0839407 0.1094445 0.1658419 0.1069578 0.0962431 0.1134308 0.1015098 0.1180502 0.1304720 0.1303627 0.1119779 0.1422020 0.1435872 0.0430517 0.0294069 0.0434247 0.1645801 0.1309387 0.0108165 0.1349888 0.2314631 0.2224040 0.8616733 0.8545437 
S0004_G5943_R2_A  0.4819434 0.6508872 0.6196253 0.6308509 0.6480010 0.6336390 0.6447557 0.7424238 0.6336390 0.6447557 0.6538496 0.6293456 0.6426684 0.6253164 0.5938126 0.6433424 0.6478306 0.6809084 0.7138467 0.7138467 0.7839922 0.6704516 0.7943527 0.8347724 0.8262189 0.7921420 0.8077911 0.7288831 0.7460028 0.7578518 0.8658848 0.8544473 0.8544473 0.8938637 0.8658848 0.8459999 0.8574345 0.8459999 0.8408037 0.6937322 0.6937322 0.7179398 0.7179398 0.1852311 0.1695799 0.1796781 0.0586480 0.0433938 0.0000000 0.0535168 0.0941207 0.1022953 0.1227103 0.1814114 0.1198482 0.1088105 0.1266465 0.1142291 0.1313132 0.1267166 0.1266088 0.1247988 0.1564222 0.1579874 0.0690763 0.0556456 0.0644677 0.1857231 0.1389379 0.0333944 0.1538339 0.2362704 0.2338107 0.8823500 0.8032013 
S0036_G5943_R1_A  0.4864992 0.6569623 0.6255913 0.6271082 0.6442735 0.6396433 0.6507713 0.7488551 0.6396433 0.6507713 0.6699129 0.6451698 0.6389480 0.6215822 0.5998303 0.6495388 0.6665198 0.6868931 0.7331688 0.7331688 0.7904108 0.6792970 0.8005789 0.8409682 0.8324411 0.8093995 0.8248545 0.7356672 0.7907912 0.8027775 0.8106479 0.7997240 0.7997240 0.8370477 0.8106479 0.7914760 0.8023962 0.7914760 0.7868397 0.7133555 0.7133555 0.7484640 0.7484640 0.1640051 0.1315750 0.1521672 0.0234979 0.0283159 0.0535168 0.0000000 0.0761425 0.0891234 0.1091013 0.1652722 0.1066298 0.0959523 0.1130780 0.1012014 0.1176839 0.1300572 0.1299487 0.1355638 0.1361710 0.1260862 0.0380792 0.0243826 0.0384070 0.1700311 0.1363000 0.0163057 0.1516893 0.2311318 0.2220894 0.8889715 0.8668239 
S0011_G5943_R1_A  0.3793057 0.6286162 0.5975499 0.6198121 0.6375534 0.6017952 0.6128655 0.7460690 0.6017952 0.6128655 0.6337616 0.6095070 0.6320746 0.6141211 0.6032189 0.6442669 0.6821968 0.6707203 0.7280406 0.7280406 0.7749099 0.6831148 0.7413660 0.7812761 0.7726619 0.7369182 0.7530924 0.6725399 0.7733401 0.6940359 0.7851618 0.7742389 0.7742389 0.8114118 0.7851618 0.7659086 0.7768275 0.7659086 0.7614273 0.7311115 0.7311115 0.7675866 0.7675866 0.1897544 0.1735536 0.1520625 0.0816053 0.0711156 0.0941207 0.0761425 0.0000000 0.0568692 0.0460675 0.1032593 0.0346028 0.0245873 0.0558858 0.0399055 0.0660228 0.0611082 0.0610550 0.0857543 0.0776933 0.0730282 0.0927201 0.0738413 0.0935966 0.1160920 0.0884406 0.0217033 0.1277889 0.2423538 0.2386227 0.9033130 0.8140935 
S0018_G5943_R1_U  0.4107108 0.6947202 0.6595499 0.6737305 0.6912417 0.6646603 0.6768661 0.7869380 0.6646603 0.6768661 0.6924201 0.6655168 0.6856488 0.6679091 0.6335990 0.6886974 0.7062619 0.7044102 0.7673797 0.7673797 0.8030633 0.6892955 0.7458457 0.7860132 0.7773577 0.7892851 0.8056299 0.6769164 0.7820696 0.7014125 0.8063710 0.7950864 0.7950864 0.8336292 0.8063710 0.7865506 0.7978313 0.7865506 0.7817933 0.7388628 0.7388628 0.7965856 0.7965856 0.2160295 0.1769580 0.1826306 0.0948353 0.0839407 0.1022953 0.0891234 0.0568692 0.0000000 0.0099195 0.0631394 0.0400500 0.0298780 0.0350759 0.0247445 0.0452027 0.0562767 0.0509570 0.0636204 0.0672485 0.0678855 0.1064677 0.0929537 0.0954299 0.1242138 0.1074144 0.0275686 0.1170559 0.2884170 0.2774516 0.8949465 0.8717398 
