84
S0015_G5949_R1_A 0.0000000 0.2150763 0.4026898 0.2441059 0.4413288 0.4313895 0.4958502 0.4906324 0.3470460 0.3418829 0.4362660 0.4495455 0.4932378 0.4691991 0.4740165 0.4696396 0.5326571 0.5126769 0.4867073 0.4670634 0.4991558 0.4944959 0.4964337 0.5014076 0.4977804 0.4519197 0.3727806 0.4859150 0.4791487 0.4805540 0.4633051 0.5271290 0.4984666 0.3839649 0.4740767 0.5330288 0.4939408 0.4408021 0.5721685 0.6765205 0.4171072 0.8035149 0.8130671 0.9139068 0.9343102 0.8985026 0.9213667 0.9358581 0.9584691 0.9600365 0.9274749 0.9197754 1.0759928 1.0814795 1.1154644 1.1195395 1.0690048 1.0955779 1.0889132 1.4511991 1.4595017 1.4543661 1.4476829 1.4302453 1.0094926 1.0256734 1.2032775 1.2662183 1.2289090 0.9494675 1.2067962 1.2102317 1.2362313 0.9553573 0.9661462 0.9732898 0.9075285 0.9400156 1.2041849 1.4971367 1.4464648 1.1434070 1.2862815 1.3029032 
S0008_G5949_R1_A 0.2150763 0.0000000 0.3681560 0.2505120 0.4208841 0.4175970 0.4710585 0.4662119 0.3121768 0.3056035 0.3856882 0.4077224 0.5211699 0.4882152 0.4936217 0.4973946 0.5567903 0.5267829 0.5038126 0.4753761 0.5290644 0.5154676 0.5095446 0.5170430 0.5175893 0.4733481 0.3839409 0.4896963 0.4925249 0.4871807 0.4852867 0.5746330 0.5171213 0.4027156 0.4860967 0.5358122 0.4898725 0.4378755 0.6076698 0.6871273 0.3848055 0.8336819 0.8607735 0.9335987 0.9581269 0.9162409 0.9380909 0.9667344 0.9803344 0.9774017 0.9403263 0.9299834 1.1091167 1.0975533 1.1304787 1.1348364 1.1012096 1.1070142 1.1084276 1.3342334 1.3622091 1.3489686 1.3327556 1.3265029 1.0093336 1.0305754 1.2611881 1.3456455 1.2970802 0.9845136 1.2814557 1.2832878 1.3046379 0.9920861 1.0075561 1.0292739 0.9413135 0.9607551 1.2609748 1.4806980 1.4036885 1.1935267 1.3357482 1.3200282 
S0033_G5949_R1_A 0.4026898 0.3681560 0.0000000 0.2923971 0.4746849 0.4654198 0.4047234 0.3843707 0.3001705 0.3877386 0.4493573 0.4492619 0.3262857 0.3264945 0.3461364 0.3567538 0.3608944 0.3321315 0.3290928 0.3354039 0.3326274 0.3544762 0.3370618 0.3436769 0.3413079 0.3269092 0.3275437 0.3173627 0.3246130 0.3205984 0.3248947 0.4036913 0.3405881 0.3399436 0.3405636 0.3679737 0.3938042 0.3556368 0.3563312 0.4076440 0.5472082 0.6794224 0.6855690 0.9168135 0.9257255 0.9191094 0.9210193 0.9390059 0.9260461 0.9155174 0.9008604 0.9088049 0.7188661 0.7224238 0.7279666 0.7288510 0.7256266 0.7128260 0.7161349 0.8397995 0.8509308 0.8622809 0.8461970 0.8401267 0.9738787 0.8475989 0.9042129 0.8836845 0.8713094 0.9725782 0.8368606 0.8601622 0.8607991 0.9734068 0.9882015 0.9569251 0.9724549 0.9994191 0.9040575 0.9745467 0.9387319 0.7019443 0.9500204 1.1776523 
S0034_G5949_R1_A 0.2441059 0.2505120 0.2923971 0.0000000 0.3682468 0.3621885 0.4383303 0.4320313 0.3425435 0.2364133 0.4115492 0.4160675 0.5201422 0.4945853 0.5128159 0.5286784 0.5019287 0.5210269 0.5049150 0.5043049 0.5072296 0.5025429 0.5214842 0.4955383 0.5070031 0.4902568 0.4021945 0.4998817 0.5075721 0.5141806 0.4958427 0.5699401 0.5147702 0.4223441 0.5119597 0.5246545 0.4059204 0.3772895 0.5997996 0.6154293 0.3490943 0.7504195 0.7886936 0.8073273 0.8409412 0.8211951 0.8036483 0.8292564 0.8449548 0.8210200 0.8023217 0.8235267 0.9752307 0.9935709 1.0095142 1.0095734 0.9730792 0.9936573 0.9973991 1.1333415 1.1364459 1.1397677 1.1276796 1.1335457 0.9214925 1.0986387 1.0798217 1.3007457 1.2755295 0.8985204 1.2701690 1.2775930 1.2754090 0.9084286 0.9144376 0.9470706 0.9363639 0.9242805 1.1725560 1.3051157 1.2765059 1.0240230 1.1029425 1.1829361 
S0009_G5949_R1_A 0.4413288 0.4208841 0.4746849 0.3682468 0.0000000 0.0062754 0.0000010 0.0058148 0.3365867 0.3996661 0.4821726 0.4663333 0.5086374 0.4992176 0.5095253 0.5246440 0.4878470 0.5037357 0.5253377 0.5000785 0.5092502 0.5200418 0.5013535 0.5209290 0.5027558 0.4977939 0.5083666 0.4988118 0.5106820 0.4936295 0.4941638 0.5559805 0.5072980 0.5361029 0.5186686 0.4707177 0.6380777 0.5645548 0.5294752 0.4683223 0.5756004 0.5969317 0.6092634 0.8553872 0.8846668 0.8647113 0.8758254 0.8924361 0.8913016 0.8809270 0.8664672 0.8743356 0.9065946 0.9069955 0.9295818 0.9274950 0.9203637 0.8962839 0.9069874 0.9176890 0.9108821 0.9294799 0.9205818 0.9378518 0.9602385 0.8261193 0.7870883 0.9539006 0.9424602 0.9242504 0.9349365 0.9577830 0.9610165 0.9849423 1.0088898 0.9172333 0.9135067 0.9163601 0.9929419 0.9767499 0.9242659 0.7436341 0.8714109 1.0106736 
S0010_G5949_R1_A 0.4313895 0.4175970 0.4654198 0.3621885 0.0062754 0.0000000 0.0058084 0.0000010 0.3302924 0.3948108 0.4676013 0.4504495 0.5063820 0.4975545 0.5083035 0.5229722 0.4863731 0.5066250 0.5220575 0.4978962 0.5051565 0.5146089 0.5020242 0.5199513 0.5016904 0.4945702 0.5029960 0.4971688 0.5073422 0.4896493 0.4908914 0.5550379 0.5008883 0.5304471 0.5170743 0.4644959 0.6397513 0.5611828 0.5274302 0.4698407 0.5634131 0.5935289 0.6056034 0.8464915 0.8756863 0.8558329 0.8734508 0.8835624 0.8846055 0.8802214 0.8637299 0.8697601 0.8924684 0.8928863 0.9149144 0.9128794 0.9059959 0.8821727 0.8954260 0.9139508 0.9072049 0.9256558 0.9168210 0.9339776 0.9819277 0.8360808 0.7833141 0.9495631 0.9382839 0.9212469 0.9309100 0.9533989 0.9565766 0.9818798 1.0058184 0.9141672 0.9057840 0.9273947 1.0016076 0.9617015 0.9078669 0.7498194 0.8805631 1.0112034 
S0009_G5949_R2_A 0.4958502 0.4710585 0.4047234 0.4383303 0.0000010 0.0058084 0.0000000 0.0097488 0.4333251 0.3358335 0.5353301 0.5362433 0.5978780 0.5849185 0.5964328 0.6196326 0.5823644 0.5909118 0.6064929 0.5780559 0.5913413 0.5933741 0.6012170 0.5884592 0.5764015 0.5775396 0.4753687 0.6014929 0.5905620 0.5940035 0.5852753 0.6408355 0.5899077 0.5076710 0.5928020 0.5725090 0.5195993 0.4817437 0.6874370 0.7196497 0.4498787 0.7265433 0.7598673 0.8783763 0.9296880 0.8848048 0.8746504 0.9092646 0.9285381 0.9044564 0.8714381 0.8904451 1.0352869 1.0380931 1.0700098 1.0649113 1.0382086 1.0333821 1.0430157 1.2031034 1.2119209 1.2164176 1.2119627 1.2387383 0.9121635 1.0567573 1.0876092 1.2885078 1.2803685 0.8925889 1.2725685 1.2924890 1.2850611 0.9140757 0.9318228 0.9173300 0.8986873 0.8970386 1.2608702 1.3714039 1.3694243 1.1155785 1.1815709 1.1979529 
S0010_G5949_R2_A 0.4906324 0.4662119 0.3843707 0.4320313 0.0058148 0.0000010 0.0097488 0.0000000 0.4269340 0.3254206 0.5220777 0.5210168 0.5954889 0.5829492 0.5963924 0.6180299 0.5804900 0.5944403 0.6047067 0.5754759 0.5886943 0.5897825 0.6014675 0.5884154 0.5761879 0.5739345 0.4690713 0.6011373 0.5872171 0.5901909 0.5819741 0.6400169 0.5868301 0.5011045 0.5909483 0.5676756 0.5053982 0.4639955 0.6842166 0.7073753 0.4333068 0.7240071 0.7569171 0.8622662 0.9092944 0.8685532 0.8611263 0.8962707 0.9081829 0.8926738 0.8576347 0.8708996 1.0149617 1.0177251 1.0459065 1.0409461 1.0212616 1.0102548 1.0249585 1.2171077 1.2259813 1.2307308 1.2261291 1.2535591 0.9101928 1.0795995 1.0762213 1.2884239 1.2802783 0.8754640 1.2724737 1.2896859 1.2822760 0.8963251 0.9135232 0.8993791 0.8776972 0.8903444 1.2675828 1.3793445 1.3775191 1.1127725 1.1805560 1.1912473 
S0014_G5949_R1_U 0.3470460 0.3121768 0.3001705 0.3425435 0.3365867 0.3302924 0.4333251 0.4269340 0.0000000 0.0000010 0.3609520 0.3687986 0.5244803 0.5151612 0.5360461 0.5420576 0.5291231 0.5331354 0.5268542 0.5237197 0.5263428 0.5018076 0.5340231 0.5186861 0.5199797 0.4976791 0.4029918 0.5055779 0.5107826 0.5176213 0.5101038 0.6049918 0.5387121 0.4404551 0.5229778 0.5325394 0.3991159 0.3746682 0.6352982 0.5921007 0.1814870 0.7466299 0.7869125 0.7405758 0.7735243 0.7515905 0.7478501 0.7473800 0.7797437 0.7625609 0.7367263 0.7514306 0.8892932 0.9072480 0.9288755 0.9321715 0.8918533 0.9187998 0.9115209 1.1825685 1.1571464 1.1718723 1.1636029 1.1517513 0.8723425 1.0642205 1.2207637 1.3141481 1.2795958 0.8970298 1.2894359 1.2897604 1.3187787 0.9143110 0.9336420 0.9317121 0.9160680 0.8853622 1.2008060 1.3496468 1.3343261 1.0638949 1.1503493 1.2381199 
S0014_G5949_R3_U 0.3418829 0.3056035 0.3877386 0.2364133 0.3996661 0.3948108 0.3358335 0.3254206 0.0000010 0.0000000 0.3277952 0.3281463 0.4841942 0.4596958 0.4696508 0.4814435 0.4817825 0.4734416 0.4829898 0.4783850 0.4754415 0.4782239 0.4793864 0.4920174 0.4720202 0.4637528 0.4595263 0.4538547 0.4715953 0.4627872 0.4671476 0.5666009 0.4808501 0.4991671 0.4776083 0.4936582 0.5189082 0.4927813 0.4896710 0.4086968 0.3182648 0.6940230 0.7208688 0.9401748 0.9697626 0.9438571 0.9272827 0.9481749 0.9642827 0.9517450 0.9275425 0.9437239 0.8030591 0.8165135 0.8266972 0.8330326 0.7939012 0.8136583 0.8022308 0.9893085 0.9756654 0.9913834 0.9787738 0.9719459 1.0085947 0.8717280 0.9814440 1.0016715 0.9784390 1.0184330 0.9678597 0.9740140 1.0022828 1.0395766 1.0789830 1.0095758 1.0152545 1.0016090 0.9958199 1.1090578 1.0919203 0.7765797 0.9461685 1.2723667 
S0027_G5949_R2_U 0.4362660 0.3856882 0.4493573 0.4115492 0.4821726 0.4676013 0.5353301 0.5220777 0.3609520 0.3277952 0.0000000 0.1221364 0.5865284 0.5800140 0.6081778 0.6064177 0.6292635 0.6025776 0.5898246 0.5929454 0.5858381 0.5833207 0.5978592 0.5880939 0.5889943 0.5699898 0.4641623 0.6015888 0.5907052 0.5794983 0.5758897 0.6289208 0.6025734 0.4976832 0.5892179 0.6356936 0.5967350 0.5393403 0.6593404 0.7260255 0.3992129 0.8762243 0.9005156 0.9328737 0.9619404 0.9433088 0.9262872 0.9537928 0.9657724 0.9491165 0.9382125 0.9517288 1.0180223 1.0336643 1.0555241 1.0566835 1.0203531 1.0279671 1.0149451 1.4143183 1.3781724 1.4129322 1.3990528 1.3848347 1.0321337 1.1224249 1.2519226 1.3244827 1.3133769 1.1006566 1.2431547 1.2278549 1.2455743 1.1132040 1.1215240 1.0939213 1.0542966 1.1023462 1.2749586 1.3749969 1.3952138 1.1686260 1.2815474 1.2599063 
S0027_G5949_R1_A 0.4495455 0.4077224 0.4492619 0.4160675 0.4663333 0.4504495 0.5362433 0.5210168 0.3687986 0.3281463 0.1221364 0.0000000 0.5842334 0.5946552 0.6178402 0.6125445 0.6581003 0.5935919 0.5983848 0.5987152 0.5953209 0.6058634 0.6108146 0.6038421 0.6071125 0.5789522 0.4776890 0.6161116 0.6054741 0.5903710 0.5867112 0.6394777 0.6150950 0.5092722 0.5924433 0.6334062 0.5843242 0.5428972 0.6829198 0.7187635 0.4031239 0.9164170 0.9384371 0.8830667 0.9084376 0.8926703 0.8605743 0.9008700 0.9119755 0.9050308 0.8741087 0.9095113 1.0105218 1.0311380 1.0445828 1.0456938 1.0102555 1.0146635 0.9956968 1.3837857 1.3767374 1.3616520 1.3648387 1.3709235 1.0048480 1.1247587 1.2558009 1.3787189 1.3543729 1.1077775 1.3102379 1.3101126 1.3349312 1.1232569 1.1351662 1.1184137 1.0710062 1.1104631 1.2989938 1.4031080 1.3869944 1.1423350 1.2796598 1.3396753 
S0002_G5949_R1_A 0.4932378 0.5211699 0.3262857 0.5201422 0.5086374 0.5063820 0.5978780 0.5954889 0.5244803 0.4841942 0.5865284 0.5842334 0.0000000 0.0993545 0.1163769 0.1176080 0.0980403 0.1008267 0.0821901 0.1075250 0.1046142 0.1067657 0.1046653 0.1053284 0.1050054 0.0932390 0.0690221 0.0959914 0.1010663 0.1023338 0.0952823 0.1953404 0.1216345 0.0709053 0.1133317 0.1406099 0.2868546 0.2413059 0.2056612 0.5851816 0.4977032 0.6714144 0.6962735 0.6675777 0.7219416 0.6744937 0.7145603 0.7187792 0.7197183 0.7105995 0.7157314 0.7127809 0.8003503 0.8006076 0.8247761 0.8181810 0.8192397 0.8273737 0.8263820 0.9780493 1.0012554 0.9945145 0.9883815 0.9810120 0.8010949 0.8573022 0.9996416 0.9131437 0.9033403 0.7528584 0.9038366 0.9231238 0.9281111 0.7839975 0.7852597 0.7715947 0.7324253 0.8095434 0.9538049 1.0297037 1.0673719 0.9462925 0.9773755 0.9895926 
S0016_G5949_R1_A 0.4691991 0.4882152 0.3264945 0.4945853 0.4992176 0.4975545 0.5849185 0.5829492 0.5151612 0.4596958 0.5800140 0.5946552 0.0993545 0.0000000 0.0927553 0.1034596 0.1109404 0.1008734 0.0849091 0.0984758 0.0876703 0.0916820 0.0900499 0.1064648 0.1095999 0.0752132 0.0607857 0.0888275 0.0878528 0.0839825 0.0821468 0.1693146 0.1125998 0.0700033 0.0984330 0.1381717 0.3032305 0.2434949 0.1899298 0.5551448 0.4784093 0.6849403 0.7146751 0.6832597 0.7163991 0.6811531 0.7265368 0.7242471 0.7145219 0.7176459 0.7232023 0.7191662 0.8044444 0.8064502 0.8355953 0.8282379 0.8156952 0.8369298 0.8322407 1.0461446 1.0309156 1.0397778 1.0414962 1.0346975 0.8169687 0.8929143 1.0280463 0.9490239 0.9376624 0.7609315 0.9058835 0.9308158 0.9417896 0.7967693 0.7963256 0.7889517 0.7494720 0.8100278 0.9429435 1.0880626 1.1133870 0.8944905 0.9558854 0.9439112 
S0031_G5949_R1_A 0.4740165 0.4936217 0.3461364 0.5128159 0.5095253 0.5083035 0.5964328 0.5963924 0.5360461 0.4696508 0.6081778 0.6178402 0.1163769 0.0927553 0.0000000 0.0719569 0.1321591 0.1212894 0.1152152 0.1121138 0.1089424 0.1140959 0.1187316 0.1254496 0.1306259 0.0960442 0.0784458 0.1163226 0.1103232 0.1036888 0.1065506 0.1971223 0.1372331 0.0855910 0.1161721 0.1513094 0.3029579 0.2611207 0.2102210 0.5699020 0.4963343 0.6628984 0.6849322 0.7229672 0.7639005 0.7210854 0.7640272 0.7708379 0.7616341 0.7675300 0.7560802 0.7592005 0.8285311 0.8277831 0.8642198 0.8566647 0.8545424 0.8570195 0.8585725 1.0561532 1.0358150 1.0509151 1.0528887 1.0382661 0.7808886 0.8500986 1.0949310 0.9645861 0.9538920 0.7778269 0.9260367 0.9465081 0.9519945 0.8076316 0.8082983 0.8053897 0.7686774 0.8262858 0.9551375 1.0950570 1.1136322 0.8964227 0.9502419 0.9460492 
S0018_G5949_R1_A 0.4696396 0.4973946 0.3567538 0.5286784 0.5246440 0.5229722 0.6196326 0.6180299 0.5420576 0.4814435 0.6064177 0.6125445 0.1176080 0.1034596 0.0719569 0.0000000 0.1241436 0.1127501 0.1155057 0.1056108 0.1130618 0.1174105 0.1166794 0.1242049 0.1260936 0.0960069 0.0850420 0.1206477 0.1130081 0.1104425 0.1097565 0.1944457 0.1372329 0.0965483 0.1235883 0.1389291 0.2981369 0.2548480 0.2025199 0.5893004 0.5041958 0.6586255 0.6874737 0.7186437 0.7615770 0.7175494 0.7590720 0.7752922 0.7592588 0.7621769 0.7636911 0.7548046 0.8393252 0.8359956 0.8597946 0.8562668 0.8663415 0.8575128 0.8623201 1.0565144 1.0355255 1.0508830 1.0473805 1.0365730 0.8115177 0.8828320 1.0749860 0.9577812 0.9373272 0.7788521 0.9269194 0.9465377 0.9417237 0.8003491 0.8027600 0.8002030 0.7579293 0.8276352 0.9727797 1.0946263 1.1286362 0.9297939 0.9783324 0.9656788 
S0011_G5949_R1_A 0.5326571 0.5567903 0.3608944 0.5019287 0.4878470 0.4863731 0.5823644 0.5804900 0.5291231 0.4817825 0.6292635 0.6581003 0.0980403 0.1109404 0.1321591 0.1241436 0.0000000 0.1145972 0.0982746 0.1096913 0.1260279 0.1247525 0.1183080 0.1266250 0.1260860 0.0871750 0.0763239 0.1228804 0.1217010 0.1206416 0.1155095 0.1891974 0.1517545 0.0793016 0.1267950 0.1573641 0.3202835 0.2622079 0.2115641 0.6078476 0.5231725 0.6948067 0.7181580 0.7436504 0.7830571 0.7417725 0.7862731 0.7893942 0.7818967 0.7825697 0.7694463 0.7779067 0.8514666 0.8520986 0.8877004 0.8795901 0.8727502 0.8862122 0.8885377 1.0904486 1.0943697 1.0838400 1.0818601 1.0739505 0.8739831 0.9400579 1.0274386 1.0352626 1.0182555 0.7955437 0.9922638 1.0000630 1.0052787 0.8378183 0.8262369 0.8219923 0.7821163 0.8389114 1.0018003 1.1057942 1.1488613 0.9512724 1.0010378 0.9846266 
S0020_G5949_R1_A 0.5126769 0.5267829 0.3321315 0.5210269 0.5037357 0.5066250 0.5909118 0.5944403 0.5331354 0.4734416 0.6025776 0.5935919 0.1008267 0.1008734 0.1212894 0.1127501 0.1145972 0.0000000 0.1012200 0.1106730 0.1179549 0.1213531 0.1148253 0.1241754 0.1257622 0.1015288 0.0620574 0.1128063 0.1151955 0.1101218 0.1081009 0.1940453 0.1411979 0.0634056 0.1213119 0.1469114 0.2912377 0.2456458 0.2064526 0.5949215 0.5101871 0.7227725 0.7583553 0.6945600 0.7310648 0.6911063 0.7391440 0.7444750 0.7288130 0.7377169 0.7378221 0.7319040 0.8258659 0.8285955 0.8568126 0.8492675 0.8536519 0.8670036 0.8593058 1.0501981 1.0364971 1.0359294 1.0324368 1.0362730 0.8118950 0.8594525 1.0310105 0.9357182 0.9251733 0.7551534 0.9091323 0.9219012 0.9440820 0.7745889 0.7802323 0.7851469 0.7470702 0.8103454 0.9796987 1.0828226 1.1200979 0.9633068 1.0183607 1.0078015 
S0019_G5949_R1_A 0.4867073 0.5038126 0.3290928 0.5049150 0.5253377 0.5220575 0.6064929 0.6047067 0.5268542 0.4829898 0.5898246 0.5983848 0.0821901 0.0849091 0.1152152 0.1155057 0.0982746 0.1012200 0.0000000 0.0990912 0.0906257 0.1024486 0.0889304 0.0999982 0.1067018 0.0786635 0.0644737 0.0978981 0.0956810 0.0908032 0.0861591 0.1818694 0.1209013 0.0638532 0.1022452 0.1412656 0.2934160 0.2412176 0.1967467 0.5653523 0.5151521 0.6909773 0.7200942 0.7355360 0.7622098 0.7253200 0.7822246 0.7737880 0.7602730 0.7704858 0.7662300 0.7720021 0.8244846 0.8194305 0.8526364 0.8451226 0.8355876 0.8513911 0.8511883 1.0697236 1.0750556 1.0776619 1.0740268 1.0709426 0.8017042 0.8642041 1.0313738 0.9313407 0.9260208 0.7505355 0.9076237 0.9268064 0.9414591 0.7854575 0.7850500 0.7727524 0.7413012 0.8149953 0.9673359 1.1230384 1.1600348 0.9453060 0.9945862 0.9503024 
S0022_G5949_R1_A 0.4670634 0.4753761 0.3354039 0.5043049 0.5000785 0.4978962 0.5780559 0.5754759 0.5237197 0.4783850 0.5929454 0.5987152 0.1075250 0.0984758 0.1121138 0.1056108 0.1096913 0.1106730 0.0990912 0.0000000 0.0941440 0.1033204 0.0995911 0.1125282 0.1141746 0.0934247 0.0648117 0.1014808 0.0992872 0.0979625 0.0940397 0.1770915 0.1088583 0.0811601 0.0855176 0.1295506 0.2945945 0.2197070 0.1809416 0.5968804 0.4986111 0.6588173 0.6961045 0.6837823 0.7243015 0.6745610 0.7290358 0.7288812 0.7219889 0.7206591 0.7241970 0.7223815 0.8390423 0.8289783 0.8669480 0.8592761 0.8620495 0.8688332 0.8745723 1.0596083 1.0516706 1.0557011 1.0489156 1.0433768 0.8241175 0.8877294 1.0578186 0.9687314 0.9545418 0.8051868 0.9214987 0.9458127 0.9530130 0.8299655 0.8309575 0.8371941 0.7964635 0.8593923 0.9978297 1.0792820 1.0933435 0.9490635 0.9879042 0.9522053 
S0004_G5949_R1_A 0.4991558 0.5290644 0.3326274 0.5072296 0.5092502 0.5051565 0.5913413 0.5886943 0.5263428 0.4754415 0.5858381 0.5953209 0.1046142 0.0876703 0.1089424 0.1130618 0.1260279 0.1179549 0.0906257 0.0941440 0.0000000 0.0990123 0.0959479 0.1069411 0.1069211 0.0807246 0.0675766 0.0989304 0.0964301 0.0914776 0.0895947 0.1913262 0.1212488 0.0830329 0.1032302 0.1496398 0.2992836 0.2426452 0.1980836 0.5760278 0.5098337 0.7000837 0.7389728 0.6984793 0.7252560 0.6896960 0.7350918 0.7409572 0.7222515 0.7329682 0.7308705 0.7275835 0.7999809 0.7923884 0.8233526 0.8159471 0.8172515 0.8177489 0.8271776 1.0194763 1.0276191 1.0421852 1.0398774 1.0265702 0.8455475 0.8809131 1.0231907 0.9476031 0.9371879 0.7575913 0.9168738 0.9391294 0.9525471 0.7868367 0.7892219 0.7771812 0.7431653 0.8004604 0.9726427 1.0671438 1.0866824 0.9459979 0.9641075 0.9554272 
S0046_G5949_R1_A 0.4944959 0.5154676 0.3544762 0.5025429 0.5200418 0.5146089 0.5933741 0.5897825 0.5018076 0.4782239 0.5833207 0.6058634 0.1067657 0.0916820 0.1140959 0.1174105 0.1247525 0.1213531 0.1024486 0.1033204 0.0990123 0.0000000 0.1061479 0.1110182 0.1135325 0.0826675 0.0692809 0.1008201 0.1003513 0.1022740 0.0927772 0.1901859 0.1321896 0.0821045 0.1123615 0.1575656 0.3222661 0.2706593 0.2106477 0.5773211 0.5081684 0.6895970 0.7223638 0.6969133 0.7268563 0.6926829 0.7336326 0.7466424 0.7249497 0.7305672 0.7248832 0.7344538 0.8192986 0.8141078 0.8454201 0.8379902 0.8419039 0.8447416 0.8468300 1.0338049 1.0280955 1.0349918 1.0315720 1.0211984 0.8200018 0.8681260 1.0268642 0.9247313 0.8991593 0.7657135 0.8835425 0.9014857 0.9098824 0.7894777 0.7890879 0.8007193 0.7518091 0.8010690 0.9225627 1.0802091 1.1078406 0.8985595 0.9455928 0.9233455 
S0013_G5949_R1_A 0.4964337 0.5095446 0.3370618 0.5214842 0.5013535 0.5020242 0.6012170 0.6014675 0.5340231 0.4793864 0.5978592 0.6108146 0.1046653 0.0900499 0.1187316 0.1166794 0.1183080 0.1148253 0.0889304 0.0995911 0.0959479 0.1061479 0.0000000 0.0932656 0.0957442 0.0808817 0.0625348 0.0994893 0.0997413 0.0980292 0.0915782 0.1824652 0.1285497 0.0754749 0.1101917 0.1530830 0.2955454 0.2467878 0.1962721 0.5817753 0.5043579 0.6728135 0.7060154 0.6782848 0.7145189 0.6741908 0.7183728 0.7245952 0.7117659 0.7109992 0.7145387 0.7212432 0.8181915 0.8183689 0.8456725 0.8381051 0.8361830 0.8424794 0.8464472 1.0074816 1.0140516 1.0190528 1.0156528 1.0024782 0.8161698 0.8624574 1.0174960 0.9715265 0.9677917 0.7957691 0.9308212 0.9558214 0.9679191 0.8274849 0.8273277 0.8143457 0.7853774 0.8400394 0.9562434 1.0684078 1.0834650 0.9178634 0.9590691 0.9420993 
S0050_G5949_R1_A 0.5014076 0.5170430 0.3436769 0.4955383 0.5209290 0.5199513 0.5884592 0.5884154 0.5186861 0.4920174 0.5880939 0.6038421 0.1053284 0.1064648 0.1254496 0.1242049 0.1266250 0.1241754 0.0999982 0.1125282 0.1069411 0.1110182 0.0932656 0.0000000 0.0359187 0.0872555 0.0705087 0.1070276 0.1073615 0.1065769 0.0966145 0.1851589 0.1340423 0.0777876 0.1152809 0.1562873 0.2967702 0.2451705 0.2042376 0.5759923 0.5243373 0.6753001 0.7017959 0.7162036 0.7521830 0.7142851 0.7528220 0.7547955 0.7539697 0.7557500 0.7404263 0.7459483 0.8492204 0.8469250 0.8742885 0.8707998 0.8748726 0.8802704 0.8664496 1.0666929 1.0760394 1.0820661 1.0783881 1.0696442 0.8493468 0.9245067 1.0840805 0.9784027 0.9644393 0.7789585 0.9261105 0.9427738 0.9567719 0.8109440 0.8148284 0.8151205 0.7775123 0.8546966 0.9829804 1.1326731 1.1781909 0.9127437 0.9642026 0.9737665 
S0048_G5949_R1_A 0.4977804 0.5175893 0.3413079 0.5070031 0.5027558 0.5016904 0.5764015 0.5761879 0.5199797 0.4720202 0.5889943 0.6071125 0.1050054 0.1095999 0.1306259 0.1260936 0.1260860 0.1257622 0.1067018 0.1141746 0.1069211 0.1135325 0.0957442 0.0359187 0.0000000 0.0904854 0.0721153 0.1119667 0.1116434 0.1103307 0.0986516 0.1937251 0.1327377 0.0848729 0.1170075 0.1585702 0.2950674 0.2491082 0.2090345 0.5758617 0.5128931 0.6869194 0.7214447 0.7080224 0.7484074 0.7016705 0.7587396 0.7485611 0.7501884 0.7502052 0.7310375 0.7431101 0.8501298 0.8499302 0.8776893 0.8741658 0.8738663 0.8850116 0.8733918 1.0774549 1.0775718 1.0922102 1.0884815 1.0827072 0.8267314 0.9262296 1.0664512 0.9875256 0.9794983 0.7830865 0.9341218 0.9596982 0.9664031 0.8139860 0.8149895 0.8128639 0.7778285 0.8537691 0.9918953 1.1355347 1.1856925 0.9288704 0.9794168 0.9799335 
S0023_G5949_R1_A 0.4519197 0.4733481 0.3269092 0.4902568 0.4977939 0.4945702 0.5775396 0.5739345 0.4976791 0.4637528 0.5699898 0.5789522 0.0932390 0.0752132 0.0960442 0.0960069 0.0871750 0.1015288 0.0786635 0.0934247 0.0807246 0.0826675 0.0808817 0.0872555 0.0904854 0.0000000 0.0000010 0.0680525 0.0666376 0.0663302 0.0670143 0.1519997 0.0993210 0.0673482 0.0873980 0.1049232 0.2856673 0.2353749 0.1668803 0.5682169 0.4923301 0.6986446 0.7283817 0.6789285 0.7211751 0.6806419 0.7297913 0.7291805 0.7191698 0.7244977 0.7216995 0.7258982 0.8033209 0.8035173 0.8344874 0.8268898 0.8219245 0.8291094 0.8296676 0.9942017 0.9993667 0.9974709 0.9940429 0.9839699 0.8171404 0.8450970 0.9597021 0.9149665 0.9013628 0.7453765 0.8626300 0.8830919 0.8839257 0.7751487 0.7656726 0.7880118 0.7591368 0.8071126 0.9379889 1.0351160 1.0557525 0.9399416 0.9750258 0.9595136 
S0023_G5949_R2_A 0.3727806 0.3839409 0.3275437 0.4021945 0.5083666 0.5029960 0.4753687 0.4690713 0.4029918 0.4595263 0.4641623 0.4776890 0.0690221 0.0607857 0.0784458 0.0850420 0.0763239 0.0620574 0.0644737 0.0648117 0.0675766 0.0692809 0.0625348 0.0705087 0.0721153 0.0000010 0.0000000 0.0557013 0.0545409 0.0487399 0.0590659 0.1240465 0.0830076 0.0773734 0.0748403 0.0903833 0.2897669 0.2428954 0.0715864 0.4667552 0.5095113 0.6252386 0.6523267 0.6328195 0.6831661 0.6339808 0.6756547 0.6703021 0.6808433 0.6675425 0.6615636 0.6745633 0.6851243 0.6687656 0.7206379 0.7169408 0.6928467 0.7031063 0.7067254 0.8146651 0.8192921 0.8056620 0.8042398 0.7999238 0.8424296 0.6962866 0.7888626 0.7371137 0.7243179 0.7468597 0.6893235 0.7127057 0.7016493 0.7646019 0.7463319 0.8039677 0.7788229 0.8152809 0.7462098 0.7624875 0.7598751 0.6185165 0.6895974 0.7281731 
S0021_G5949_R1_A 0.4859150 0.4896963 0.3173627 0.4998817 0.4988118 0.4971688 0.6014929 0.6011373 0.5055779 0.4538547 0.6015888 0.6161116 0.0959914 0.0888275 0.1163226 0.1206477 0.1228804 0.1128063 0.0978981 0.1014808 0.0989304 0.1008201 0.0994893 0.1070276 0.1119667 0.0680525 0.0557013 0.0000000 0.0396224 0.0792899 0.0826223 0.1822974 0.1254599 0.0829356 0.1026048 0.1540640 0.2874449 0.2411231 0.1991381 0.5524099 0.4725170 0.6973831 0.7218879 0.7407992 0.7628856 0.7297437 0.7675555 0.7704622 0.7609552 0.7672034 0.7505459 0.7709394 0.8085834 0.8112488 0.8432667 0.8359200 0.8292420 0.8378730 0.8424443 1.0703509 1.0740113 1.0751926 1.0716175 1.0635698 0.8095434 0.8511286 1.0078966 0.9720627 0.9541782 0.7828531 0.9339215 0.9493889 0.9616801 0.8117597 0.8138210 0.8203568 0.7784357 0.8423819 0.9644029 1.0747469 1.1084173 0.9279837 0.9789544 0.9596850 
S0021_G5949_R2_U 0.4791487 0.4925249 0.3246130 0.5075721 0.5106820 0.5073422 0.5905620 0.5872171 0.5107826 0.4715953 0.5907052 0.6054741 0.1010663 0.0878528 0.1103232 0.1130081 0.1217010 0.1151955 0.0956810 0.0992872 0.0964301 0.1003513 0.0997413 0.1073615 0.1116434 0.0666376 0.0545409 0.0396224 0.0000000 0.0762171 0.0806419 0.1858290 0.1207249 0.0791693 0.1025588 0.1462826 0.2827433 0.2339856 0.1994167 0.5647159 0.4871414 0.6799746 0.7103546 0.7130209 0.7557208 0.7087117 0.7488693 0.7467585 0.7526786 0.7454864 0.7405507 0.7508788 0.8090342 0.8092159 0.8430414 0.8357188 0.8290628 0.8397228 0.8493036 1.0472177 1.0369140 1.0466996 1.0432344 1.0354773 0.7914411 0.8521278 1.0042091 0.9602437 0.9513634 0.7796210 0.9225159 0.9395487 0.9504674 0.8119946 0.8089475 0.8087915 0.7740461 0.8276032 0.9704678 1.0651504 1.1015451 0.9454948 0.9917480 0.9759126 
S0026_G5949_R1_A 0.4805540 0.4871807 0.3205984 0.5141806 0.4936295 0.4896493 0.5940035 0.5901909 0.5176213 0.4627872 0.5794983 0.5903710 0.1023338 0.0839825 0.1036888 0.1104425 0.1206416 0.1101218 0.0908032 0.0979625 0.0914776 0.1022740 0.0980292 0.1065769 0.1103307 0.0663302 0.0487399 0.0792899 0.0762171 0.0000000 0.0784731 0.1946947 0.1161847 0.0779299 0.0957781 0.1467537 0.2725562 0.2198174 0.1940327 0.5661502 0.4908910 0.6865863 0.7142209 0.7184862 0.7577979 0.7140436 0.7487717 0.7600115 0.7537218 0.7514382 0.7458095 0.7527755 0.8158022 0.8159784 0.8397212 0.8323667 0.8339806 0.8437396 0.8403345 1.0672580 1.0543464 1.0567845 1.0532434 1.0487867 0.8166123 0.9109622 1.0436490 0.9353369 0.9220692 0.7556967 0.8892547 0.9053477 0.9122355 0.7881848 0.7780647 0.7919819 0.7543002 0.8187767 0.9683594 1.0786535 1.1239709 0.9287320 0.9532312 0.9319487 
S0028_G5949_R1_A 0.4633051 0.4852867 0.3248947 0.4958427 0.4941638 0.4908914 0.5852753 0.5819741 0.5101038 0.4671476 0.5758897 0.5867112 0.0952823 0.0821468 0.1065506 0.1097565 0.1155095 0.1081009 0.0861591 0.0940397 0.0895947 0.0927772 0.0915782 0.0966145 0.0986516 0.0670143 0.0590659 0.0826223 0.0806419 0.0784731 0.0000000 0.1786361 0.1085166 0.0837480 0.1005969 0.1413649 0.2983262 0.2398343 0.1900446 0.5699174 0.4787782 0.6674300 0.6950793 0.7240075 0.7632706 0.7148747 0.7612036 0.7694341 0.7601446 0.7590692 0.7584671 0.7630468 0.8140845 0.8085003 0.8408904 0.8334988 0.8324026 0.8400045 0.8385955 1.0533169 1.0462701 1.0540053 1.0504585 1.0417913 0.8166746 0.8757980 1.0237288 0.9353025 0.9301569 0.7545677 0.8959277 0.9112995 0.9230838 0.7858621 0.7802527 0.7854629 0.7559736 0.8160724 0.9614442 1.0880606 1.1219985 0.9153642 0.9757565 0.9214298 
S0012_G5949_R1_A 0.5271290 0.5746330 0.4036913 0.5699401 0.5559805 0.5550379 0.6408355 0.6400169 0.6049918 0.5666009 0.6289208 0.6394777 0.1953404 0.1693146 0.1971223 0.1944457 0.1891974 0.1940453 0.1818694 0.1770915 0.1913262 0.1901859 0.1824652 0.1851589 0.1937251 0.1519997 0.1240465 0.1822974 0.1858290 0.1946947 0.1786361 0.0000000 0.1974279 0.1415995 0.1932306 0.1999034 0.3730376 0.3203999 0.2627834 0.6310596 0.5852018 0.7523742 0.7703036 0.7575733 0.8118629 0.7585976 0.8070107 0.8193990 0.8097257 0.8049312 0.8012640 0.7980973 0.8972912 0.8963628 0.9441342 0.9352687 0.9174413 0.9134755 0.9298935 1.1252419 1.1293975 1.1382584 1.1290372 1.1142327 0.9010508 0.9379218 1.0436625 1.0239064 0.9981784 0.8408672 1.0079071 1.0243383 1.0227363 0.8757676 0.8731231 0.8651724 0.8106208 0.8737673 1.0679397 1.1750268 1.1753860 1.0399836 1.0951043 1.0805706 
S0017_G5949_R1_A 0.4984666 0.5171213 0.3405881 0.5147702 0.5072980 0.5008883 0.5899077 0.5868301 0.5387121 0.4808501 0.6025734 0.6150950 0.1216345 0.1125998 0.1372331 0.1372329 0.1517545 0.1411979 0.1209013 0.1088583 0.1212488 0.1321896 0.1285497 0.1340423 0.1327377 0.0993210 0.0830076 0.1254599 0.1207249 0.1161847 0.1085166 0.1974279 0.0000000 0.1039577 0.1181088 0.1643167 0.3146910 0.2597796 0.2238261 0.5863911 0.5244484 0.6778213 0.7142585 0.7254561 0.7649832 0.7203594 0.7627477 0.7677672 0.7595714 0.7634972 0.7579359 0.7576598 0.8236252 0.8227678 0.8605003 0.8536746 0.8446121 0.8628894 0.8584267 1.0775470 1.0750757 1.0822756 1.0678427 1.0625905 0.8427155 0.8907099 1.0673771 0.9506586 0.9389796 0.7803514 0.8969114 0.9191616 0.9343676 0.8113936 0.8123611 0.8170476 0.7764462 0.8357111 0.9697839 1.1408359 1.1543567 0.9442463 0.9851070 0.9473122 
S0036_G5949_R1_U 0.3839649 0.4027156 0.3399436 0.4223441 0.5361029 0.5304471 0.5076710 0.5011045 0.4404551 0.4991671 0.4976832 0.5092722 0.0709053 0.0700033 0.0855910 0.0965483 0.0793016 0.0634056 0.0638532 0.0811601 0.0830329 0.0821045 0.0754749 0.0777876 0.0848729 0.0673482 0.0773734 0.0829356 0.0791693 0.0779299 0.0837480 0.1415995 0.1039577 0.0000000 0.0922185 0.0935869 0.3290160 0.2816942 0.0937649 0.5283323 0.5426068 0.6448261 0.6685374 0.6168425 0.6626427 0.6161878 0.6519530 0.6505748 0.6603841 0.6449649 0.6417665 0.6526336 0.6991561 0.6881345 0.7332594 0.7295934 0.7163538 0.7197074 0.7170786 0.7964154 0.8138617 0.7895861 0.7952924 0.7840601 0.8746791 0.7341459 0.8513302 0.7719162 0.7515414 0.7472967 0.7233882 0.7501837 0.7491744 0.7808830 0.7773951 0.8275607 0.7843925 0.8551961 0.7937411 0.7454181 0.7418161 0.6260354 0.6945827 0.7640150 
S0030_G5949_R1_A 0.4740767 0.4860967 0.3405636 0.5119597 0.5186686 0.5170743 0.5928020 0.5909483 0.5229778 0.4776083 0.5892179 0.5924433 0.1133317 0.0984330 0.1161721 0.1235883 0.1267950 0.1213119 0.1022452 0.0855176 0.1032302 0.1123615 0.1101917 0.1152809 0.1170075 0.0873980 0.0748403 0.1026048 0.1025588 0.0957781 0.1005969 0.1932306 0.1181088 0.0922185 0.0000000 0.1392141 0.2878641 0.2314598 0.1635088 0.6103115 0.4964819 0.6714308 0.7057987 0.6975415 0.7389625 0.6953476 0.7326370 0.7279968 0.7358923 0.7314902 0.7303172 0.7355031 0.8295825 0.8233863 0.8600042 0.8524280 0.8509614 0.8566278 0.8545183 1.0669918 1.0732427 1.0679340 1.0642646 1.0635822 0.8361565 0.8979096 1.0633376 0.9997323 0.9905751 0.7890195 0.9431374 0.9599002 0.9723329 0.8154160 0.8208938 0.8260727 0.7903835 0.8497034 1.0098789 1.1408856 1.1451923 0.9585360 0.9972722 0.9391798 
S0037_G5949_R1_A 0.5330288 0.5358122 0.3679737 0.5246545 0.4707177 0.4644959 0.5725090 0.5676756 0.5325394 0.4936582 0.6356936 0.6334062 0.1406099 0.1381717 0.1513094 0.1389291 0.1573641 0.1469114 0.1412656 0.1295506 0.1496398 0.1575656 0.1530830 0.1562873 0.1585702 0.1049232 0.0903833 0.1540640 0.1462826 0.1467537 0.1413649 0.1999034 0.1643167 0.0935869 0.1392141 0.0000000 0.3428129 0.2785997 0.2292114 0.5848106 0.5295920 0.7684484 0.8018788 0.7770210 0.8168399 0.7659802 0.8339848 0.8170680 0.8148032 0.8174356 0.8074328 0.8172657 0.8562971 0.8510743 0.9033104 0.8929357 0.8764943 0.9072896 0.9037683 1.1531910 1.1625712 1.1541272 1.1548050 1.1447534 0.8787422 0.9526348 1.1551396 1.0033887 0.9938425 0.7834515 0.9753047 0.9958569 1.0050505 0.8065678 0.8051510 0.7943086 0.7609496 0.8431778 1.0271175 1.2435266 1.2496153 0.9885713 1.0329105 0.9961804 
S0035_G5949_R1_A 0.4939408 0.4898725 0.3938042 0.4059204 0.6380777 0.6397513 0.5195993 0.5053982 0.3991159 0.5189082 0.5967350 0.5843242 0.2868546 0.3032305 0.3029579 0.2981369 0.3202835 0.2912377 0.2934160 0.2945945 0.2992836 0.3222661 0.2955454 0.2967702 0.2950674 0.2856673 0.2897669 0.2874449 0.2827433 0.2725562 0.2983262 0.3730376 0.3146910 0.3290160 0.2878641 0.3428129 0.0000000 0.2756957 0.2881775 0.4345370 0.5873682 0.6890500 0.6924441 0.8477671 0.8617081 0.8625071 0.8458091 0.8607948 0.8730555 0.8421439 0.8521716 0.8581036 0.8143129 0.8225496 0.8268207 0.8278462 0.8145239 0.8046268 0.8113409 0.8619499 0.8707669 0.8583393 0.8470067 0.8311884 0.8740680 0.8124527 0.8715715 0.8950757 0.8828447 0.9220056 0.8751702 0.8918681 0.8840973 0.9379059 0.9459722 0.8973632 0.9019563 0.9105436 0.8936025 1.0079140 0.9186000 0.7636610 0.8960915 1.1021533 
S0005_G5949_R1_A 0.4408021 0.4378755 0.3556368 0.3772895 0.5645548 0.5611828 0.4817437 0.4639955 0.3746682 0.4927813 0.5393403 0.5428972 0.2413059 0.2434949 0.2611207 0.2548480 0.2622079 0.2456458 0.2412176 0.2197070 0.2426452 0.2706593 0.2467878 0.2451705 0.2491082 0.2353749 0.2428954 0.2411231 0.2339856 0.2198174 0.2398343 0.3203999 0.2597796 0.2816942 0.2314598 0.2785997 0.2756957 0.0000000 0.2396261 0.4136436 0.5489873 0.6331943 0.6478218 0.7549458 0.7761483 0.7554781 0.7658856 0.7673198 0.7853564 0.7717417 0.7578419 0.7754025 0.7268713 0.7269449 0.7528894 0.7537934 0.7258410 0.7276213 0.7198702 0.8334532 0.8211858 0.8390740 0.8230313 0.8281045 0.8840047 0.8384456 0.9250417 0.8624960 0.8556322 0.8712144 0.8214441 0.8403500 0.8399493 0.8836329 0.9037483 0.8753763 0.8813698 0.8832071 0.8669475 0.9480289 0.8618321 0.6476678 0.7915602 0.9599497 
S0030_G5949_R2_A 0.5721685 0.6076698 0.3563312 0.5997996 0.5294752 0.5274302 0.6874370 0.6842166 0.6352982 0.4896710 0.6593404 0.6829198 0.2056612 0.1899298 0.2102210 0.2025199 0.2115641 0.2064526 0.1967467 0.1809416 0.1980836 0.2106477 0.1962721 0.2042376 0.2090345 0.1668803 0.0715864 0.1991381 0.1994167 0.1940327 0.1900446 0.2627834 0.2238261 0.0937649 0.1635088 0.2292114 0.2881775 0.2396261 0.0000000 0.6700131 0.5170160 0.8617451 0.8722909 0.8046288 0.8530305 0.8006275 0.8456041 0.8447843 0.8494240 0.8334952 0.8333425 0.8539016 0.9474965 0.9363455 0.9734704 0.9646865 0.9618579 0.9567957 0.9697474 1.0978695 1.1007967 1.1134859 1.1004449 1.1079058 0.8685344 0.9480030 1.1460475 1.0517562 1.0175744 0.7979185 1.0324357 1.0476511 1.0635295 0.8233625 0.8371551 0.8381696 0.7794632 0.8648108 1.0587151 1.1739774 1.2175197 1.0912928 1.1464991 1.0778813 
S0006_G5949_R1_A 0.6765205 0.6871273 0.4076440 0.6154293 0.4683223 0.4698407 0.7196497 0.7073753 0.5921007 0.4086968 0.7260255 0.7187635 0.5851816 0.5551448 0.5699020 0.5893004 0.6078476 0.5949215 0.5653523 0.5968804 0.5760278 0.5773211 0.5817753 0.5759923 0.5758617 0.5682169 0.4667552 0.5524099 0.5647159 0.5661502 0.5699174 0.6310596 0.5863911 0.5283323 0.6103115 0.5848106 0.4345370 0.4136436 0.6700131 0.0000000 0.4703949 1.0031759 1.0340537 0.6748679 0.6863406 0.6786752 0.6679667 0.6841378 0.6923357 0.6873875 0.6759764 0.6771338 0.8157126 0.8219648 0.8353278 0.8352302 0.8266742 0.8284136 0.8213707 0.9044378 0.8932649 0.9136960 0.9002230 0.8894112 0.7373481 1.0830213 1.0974842 1.2824306 1.2951685 0.7501847 1.2275341 1.2241230 1.2422481 0.7321590 0.7501879 0.7673520 0.7589869 0.7429524 1.1907133 1.0393773 1.0175372 1.1365429 1.2118804 1.1961740 
S0014_G5949_R2_A 0.4171072 0.3848055 0.5472082 0.3490943 0.5756004 0.5634131 0.4498787 0.4333068 0.1814870 0.3182648 0.3992129 0.4031239 0.4977032 0.4784093 0.4963343 0.5041958 0.5231725 0.5101871 0.5151521 0.4986111 0.5098337 0.5081684 0.5043579 0.5243373 0.5128931 0.4923301 0.5095113 0.4725170 0.4871414 0.4908910 0.4787782 0.5852018 0.5244484 0.5426068 0.4964819 0.5295920 0.5873682 0.5489873 0.5170160 0.4703949 0.0000000 0.7316686 0.7564731 0.8727264 0.8978232 0.8722034 0.8613396 0.8684568 0.9089162 0.8775501 0.8630104 0.8715957 0.8090412 0.8015020 0.8102830 0.8138545 0.7831516 0.8009180 0.7923598 1.0119539 1.0076654 1.0454988 1.0133928 1.0254672 1.0670468 0.9370902 0.9473156 0.9864395 1.0002365 1.0439471 0.9773410 0.9815364 1.0017413 1.0359154 1.0475594 1.0005472 1.0316929 1.0212041 1.0415982 1.1090046 1.0983308 0.8951757 1.0406482 1.2328594 
S0051_G5949_R1_A 0.8035149 0.8336819 0.6794224 0.7504195 0.5969317 0.5935289 0.7265433 0.7240071 0.7466299 0.6940230 0.8762243 0.9164170 0.6714144 0.6849403 0.6628984 0.6586255 0.6948067 0.7227725 0.6909773 0.6588173 0.7000837 0.6895970 0.6728135 0.6753001 0.6869194 0.6986446 0.6252386 0.6973831 0.6799746 0.6865863 0.6674300 0.7523742 0.6778213 0.6448261 0.6714308 0.7684484 0.6890500 0.6331943 0.8617451 1.0031759 0.7316686 0.0000000 0.0291170 0.9259246 0.9484631 0.9225015 0.9449909 0.9353056 0.9464712 0.9427205 0.9201035 0.9471292 1.0481942 1.0516434 1.0427154 1.0393159 1.0573031 1.0566045 1.0346315 1.1761672 1.1577298 1.1735412 1.1587694 1.1751995 1.0712027 1.1818552 1.2304544 1.2848905 1.2806081 0.9675190 1.2638876 1.2803614 1.2835029 0.9948712 0.9928472 1.0100438 0.9947395 0.9446617 1.2102966 1.2732531 1.2204309 1.2809279 1.3011898 1.4106613 
S0039_G5949_R1_A 0.8130671 0.8607735 0.6855690 0.7886936 0.6092634 0.6056034 0.7598673 0.7569171 0.7869125 0.7208688 0.9005156 0.9384371 0.6962735 0.7146751 0.6849322 0.6874737 0.7181580 0.7583553 0.7200942 0.6961045 0.7389728 0.7223638 0.7060154 0.7017959 0.7214447 0.7283817 0.6523267 0.7218879 0.7103546 0.7142209 0.6950793 0.7703036 0.7142585 0.6685374 0.7057987 0.8018788 0.6924441 0.6478218 0.8722909 1.0340537 0.7564731 0.0291170 0.0000000 0.9296018 0.9522931 0.9261372 0.9450368 0.9390512 0.9503001 0.9464958 0.9237417 0.9572461 1.0724198 1.0758779 1.0743060 1.0708026 1.0818216 1.0850657 1.0624304 1.2059752 1.1835810 1.2031812 1.1958437 1.1938563 1.0408347 1.1785597 1.2295194 1.3033204 1.3168196 1.0011065 1.3042991 1.3247341 1.3170924 1.0387780 1.0372149 1.0425342 1.0302485 0.9751513 1.2599265 1.2788555 1.2316788 1.2908491 1.3377370 1.4539493 
S0038_G5949_R1_A 0.9139068 0.9335987 0.9168135 0.8073273 0.8553872 0.8464915 0.8783763 0.8622662 0.7405758 0.9401748 0.9328737 0.8830667 0.6675777 0.6832597 0.7229672 0.7186437 0.7436504 0.6945600 0.7355360 0.6837823 0.6984793 0.6969133 0.6782848 0.7162036 0.7080224 0.6789285 0.6328195 0.7407992 0.7130209 0.7184862 0.7240075 0.7575733 0.7254561 0.6168425 0.6975415 0.7770210 0.8477671 0.7549458 0.8046288 0.6748679 0.8727264 0.9259246 0.9296018 0.0000000 0.0401660 0.0252764 0.0528013 0.0448333 0.0454901 0.0473420 0.0480095 0.0500407 0.0869685 0.1052187 0.1145228 0.1154517 0.1177712 0.1183360 0.1201729 0.4591469 0.4474626 0.4467604 0.4434659 0.4600182 0.8169219 0.7874775 0.8010952 0.9116481 0.8873362 0.8067101 0.8814682 0.8803336 0.9071890 0.8142014 0.8461132 0.8508299 0.8275285 0.8310978 0.9353940 0.7297837 0.6505874 0.8415578 0.9535822 1.0059205 
S0044_G5949_R1_N 0.9343102 0.9581269 0.9257255 0.8409412 0.8846668 0.8756863 0.9296880 0.9092944 0.7735243 0.9697626 0.9619404 0.9084376 0.7219416 0.7163991 0.7639005 0.7615770 0.7830571 0.7310648 0.7622098 0.7243015 0.7252560 0.7268563 0.7145189 0.7521830 0.7484074 0.7211751 0.6831661 0.7628856 0.7557208 0.7577979 0.7632706 0.8118629 0.7649832 0.6626427 0.7389625 0.8168399 0.8617081 0.7761483 0.8530305 0.6863406 0.8978232 0.9484631 0.9522931 0.0401660 0.0000000 0.0355704 0.0454647 0.0423020 0.0066915 0.0391036 0.0402832 0.0437899 0.1147857 0.1177918 0.0811977 0.0838241 0.1158595 0.1096907 0.1145500 0.4850831 0.4734134 0.4687829 0.4653319 0.4823326 0.8197208 0.8030723 0.8416547 0.9387499 0.9171188 0.8128791 0.9061065 0.9134715 0.9412762 0.8299387 0.8699290 0.8504747 0.8312560 0.8346528 0.9650927 0.7153933 0.6483921 0.8536180 0.9803045 1.0011462 
S0042_G5949_R1_N 0.8985026 0.9162409 0.9191094 0.8211951 0.8647113 0.8558329 0.8848048 0.8685532 0.7515905 0.9438571 0.9433088 0.8926703 0.6744937 0.6811531 0.7210854 0.7175494 0.7417725 0.6911063 0.7253200 0.6745610 0.6896960 0.6926829 0.6741908 0.7142851 0.7016705 0.6806419 0.6339808 0.7297437 0.7087117 0.7140436 0.7148747 0.7585976 0.7203594 0.6161878 0.6953476 0.7659802 0.8625071 0.7554781 0.8006275 0.6786752 0.8722034 0.9225015 0.9261372 0.0252764 0.0355704 0.0000000 0.0442401 0.0405941 0.0418648 0.0389862 0.0395993 0.0468125 0.1043205 0.0862720 0.1166194 0.1175529 0.1217291 0.1213813 0.1222981 0.4584238 0.4472228 0.4445439 0.4412670 0.4577691 0.8194429 0.7919682 0.8127332 0.9068921 0.8854954 0.8154751 0.8796650 0.8783488 0.9077082 0.8214449 0.8612971 0.8533455 0.8341821 0.8315615 0.9394554 0.7351328 0.6512569 0.8441598 0.9667735 0.9893429 
