56
S0051_G5974_R1_A 0.0000000 0.0058257 0.4515348 0.4466618 0.4810812 0.4431893 0.4598406 0.4618037 0.4954857 0.4757706 0.4606821 0.5103160 0.4987162 0.4226454 0.4950992 0.5082511 0.4951621 0.5022142 0.4637342 0.4321499 0.4668327 0.4828612 0.4516134 0.4646139 0.4891964 0.4595431 0.4135488 0.4542838 0.4563366 0.4829962 0.4964075 0.4748384 0.4550630 0.4695703 0.5109613 0.4678216 0.4204095 0.4521003 0.4786065 0.7541054 0.7650094 0.7508727 0.7479410 0.7655464 0.7402409 0.7524912 0.7530732 0.7556385 0.7051772 0.6875316 0.6921227 0.6570180 0.6700949 0.6741140 0.7425571 0.9448465 
S0039_G5974_R1_A 0.0058257 0.0000000 0.4585586 0.4536720 0.4809650 0.4482944 0.4577362 0.4596725 0.4905258 0.4709668 0.4559516 0.5184963 0.5066402 0.4329631 0.5029929 0.5162974 0.5030596 0.5101990 0.4673247 0.4396154 0.4743344 0.4905174 0.4581507 0.4708219 0.4970805 0.4613720 0.4206918 0.4618249 0.4530428 0.4907501 0.5042998 0.4825914 0.4568698 0.4691757 0.5189448 0.4746882 0.4282827 0.4540559 0.4793368 0.7567970 0.7677112 0.7535536 0.7506346 0.7682482 0.7429113 0.7551769 0.7557685 0.7583439 0.7026182 0.6930544 0.7010764 0.6652779 0.6785343 0.6874626 0.7455564 0.9399117 
S0009_G5974_R1_A 0.4515348 0.4585586 0.0000000 0.0195055 0.3017646 0.2590607 0.3351250 0.3295613 0.2471415 0.2203847 0.2312252 0.3985129 0.4113869 0.3556632 0.4887067 0.4232418 0.4245046 0.4351043 0.4025611 0.3962249 0.4188139 0.4173177 0.4192728 0.3988145 0.4378770 0.4071452 0.3566950 0.4177814 0.4197433 0.3951493 0.4019549 0.4173722 0.4150785 0.4418523 0.4435694 0.4367076 0.4004447 0.4224490 0.5225535 0.7075763 0.7148772 0.6937297 0.7092427 0.7153197 0.6815432 0.6968610 0.7195161 0.7009758 0.6305479 0.6442577 0.6375976 0.6225406 0.6298829 0.5965673 0.6209784 0.8672597 
S0010_G5974_R1_A 0.4466618 0.4536720 0.0195055 0.0000000 0.3010998 0.2680994 0.3442233 0.3384903 0.2496959 0.2198598 0.2306514 0.4089206 0.4212000 0.3653245 0.4893953 0.4309702 0.4344845 0.4453524 0.4125938 0.4088084 0.4265793 0.4271577 0.4247604 0.4063894 0.4487875 0.4169591 0.3638097 0.4305228 0.4245888 0.4026144 0.4095476 0.4238620 0.4152189 0.4467833 0.4462642 0.4502686 0.4029716 0.4410891 0.5284385 0.7080122 0.7153185 0.7010584 0.7068610 0.7157579 0.6819683 0.6972908 0.7199567 0.7014103 0.6326105 0.6608407 0.6345690 0.6196281 0.6269510 0.5867039 0.6284790 0.8708022 
S0034_G5974_R1_A 0.4810812 0.4809650 0.3017646 0.3010998 0.0000000 0.0973109 0.3268514 0.3399571 0.2654087 0.2628473 0.2450955 0.4811919 0.4601829 0.4234479 0.4791542 0.4841031 0.4815542 0.4753794 0.4401149 0.4509292 0.4633513 0.4539801 0.4415159 0.4421218 0.4598612 0.4512691 0.4299248 0.4760908 0.4618127 0.4355536 0.4470204 0.4663228 0.4711592 0.4669324 0.4902119 0.4515107 0.3929765 0.4476569 0.5328240 0.7935151 0.7844611 0.7768073 0.7884993 0.7985627 0.7761500 0.7808925 0.8003043 0.7826907 0.6130961 0.6159396 0.6372168 0.5976564 0.6104361 0.6498577 0.7318676 0.9386768 
S0015_G5974_R1_A 0.4431893 0.4482944 0.2590607 0.2680994 0.0973109 0.0000000 0.3061493 0.3206231 0.2465470 0.2312613 0.2200257 0.4373074 0.4135964 0.3865594 0.4539257 0.4508090 0.4343784 0.4488998 0.4238735 0.4024225 0.4276746 0.4131780 0.4144787 0.4176597 0.4312142 0.4071005 0.3844981 0.4258582 0.4264615 0.3975881 0.3986231 0.4229789 0.4383146 0.4412389 0.4696358 0.4567875 0.3819973 0.4307583 0.5334954 0.7242948 0.7262093 0.7154103 0.7273628 0.7307385 0.7075273 0.7060229 0.7263580 0.7250816 0.6057984 0.6021375 0.6143601 0.5836929 0.5994508 0.6070708 0.6381063 0.9003038 
S0027_G5974_R1_A 0.4598406 0.4577362 0.3351250 0.3442233 0.3268514 0.3061493 0.0000000 0.0878087 0.2417984 0.2857379 0.3307630 0.4540833 0.4625522 0.3938092 0.4635086 0.4468269 0.4260396 0.4267956 0.4377531 0.4033510 0.4449228 0.4343674 0.4088466 0.4128401 0.4420237 0.4326145 0.3909249 0.4130536 0.4339750 0.4456332 0.4605362 0.4214047 0.4571990 0.4493017 0.4708752 0.4083266 0.3902516 0.3907695 0.4409675 0.8432923 0.8425153 0.8201065 0.8085893 0.8276336 0.7963416 0.8021134 0.8296332 0.8248437 0.6485254 0.6426752 0.6549988 0.6313949 0.6400744 0.6818868 0.6198276 0.9580206 
S0027_G5974_R2_A 0.4618037 0.4596725 0.3295613 0.3384903 0.3399571 0.3206231 0.0878087 0.0000000 0.2378117 0.2773737 0.3220435 0.4654907 0.4815865 0.4239765 0.4696130 0.4718181 0.4514202 0.4474419 0.4514743 0.3942724 0.4620560 0.4561000 0.4164018 0.4348216 0.4818754 0.4559897 0.4232259 0.4020855 0.4453913 0.4649211 0.4805787 0.4343826 0.4821008 0.4675698 0.5005132 0.3948976 0.3793298 0.3894646 0.4224516 0.8465799 0.8383219 0.8155958 0.8078899 0.8234817 0.7986392 0.8045236 0.8326531 0.8239290 0.6826385 0.6678627 0.6302890 0.6177790 0.6264303 0.6532350 0.6347573 0.9392059 
S0014_G5974_R1_A 0.4954857 0.4905258 0.2471415 0.2496959 0.2654087 0.2465470 0.2417984 0.2378117 0.0000000 0.1686676 0.1895057 0.4886071 0.4763637 0.4265017 0.4888156 0.4758852 0.4642592 0.4824827 0.4626987 0.4284524 0.4788499 0.4609794 0.4433448 0.4493843 0.4935273 0.4470238 0.4203676 0.4596003 0.4721527 0.4469055 0.4497233 0.4628362 0.4895555 0.4801179 0.5187150 0.4568988 0.4173045 0.4432178 0.5072482 0.8501365 0.8505467 0.8274304 0.8206231 0.8322743 0.7953706 0.8127533 0.8465705 0.8344737 0.6581195 0.6740563 0.6833868 0.6635579 0.6647380 0.6856595 0.6519717 0.9251265 
S0008_G5974_R2_A 0.4757706 0.4709668 0.2203847 0.2198598 0.2628473 0.2312613 0.2857379 0.2773737 0.1686676 0.0000000 0.0316781 0.4045848 0.4176826 0.3728219 0.4385211 0.4107231 0.4197747 0.4300124 0.3880359 0.3859586 0.4128031 0.3977206 0.4036821 0.3964740 0.4176747 0.3843977 0.3653696 0.4069643 0.4071596 0.3867870 0.4002336 0.4040669 0.4252381 0.4196604 0.4455052 0.4238749 0.3752928 0.4044560 0.5027440 0.7832840 0.7743825 0.7510001 0.7589758 0.7725982 0.7340774 0.7449270 0.7471618 0.7597844 0.6180318 0.6286794 0.6371292 0.6186436 0.6260638 0.6254786 0.6480365 0.8824602 
S0008_G5974_R1_A 0.4606821 0.4559516 0.2312252 0.2306514 0.2450955 0.2200257 0.3307630 0.3220435 0.1895057 0.0316781 0.0000000 0.4091704 0.4123947 0.3511935 0.4311514 0.4109803 0.4167992 0.4309639 0.3870684 0.3750774 0.4130672 0.4001884 0.3836617 0.3997854 0.4108342 0.4017750 0.3487455 0.4128927 0.4047519 0.3975995 0.4171057 0.4015691 0.4306505 0.4255847 0.4375950 0.4035632 0.3377460 0.3794234 0.4804625 0.7939803 0.7918096 0.7750585 0.7794456 0.7975076 0.7625088 0.7687276 0.7829768 0.7842407 0.6253850 0.6362164 0.6515498 0.6241065 0.6315868 0.6287225 0.6543767 0.8693379 
S0018_G5974_R1_A 0.5103160 0.5184963 0.3985129 0.4089206 0.4811919 0.4373074 0.4540833 0.4654907 0.4886071 0.4045848 0.4091704 0.0000000 0.0717777 0.0916331 0.1311305 0.1104415 0.1143990 0.1278090 0.1037435 0.1066621 0.1070857 0.0911952 0.1206115 0.1016137 0.1173134 0.0965561 0.0972545 0.1208413 0.1078321 0.1226878 0.1275788 0.1067706 0.1057692 0.1308642 0.1428063 0.1959670 0.2391299 0.2050458 0.3961195 0.5995487 0.6013924 0.5872353 0.5876993 0.5848175 0.5574413 0.5733349 0.5846950 0.5811704 0.5009036 0.4909831 0.5069095 0.4659457 0.4746360 0.5174706 0.6295657 0.8245143 
S0031_G5974_R1_A 0.4987162 0.5066402 0.4113869 0.4212000 0.4601829 0.4135964 0.4625522 0.4815865 0.4763637 0.4176826 0.4123947 0.0717777 0.0000000 0.0732176 0.1156194 0.0949005 0.1028795 0.1224490 0.0938800 0.1018735 0.1020689 0.0721784 0.1007794 0.0835646 0.0969186 0.0826858 0.0896462 0.1087576 0.0906924 0.1076298 0.1137221 0.0919609 0.1007730 0.1114727 0.1239051 0.1981491 0.2361652 0.1967494 0.3900236 0.5845806 0.5890045 0.5750870 0.5754004 0.5727118 0.5517250 0.5615436 0.5784619 0.5663574 0.5063310 0.4963871 0.4890885 0.4519349 0.4604434 0.5244201 0.6547542 0.8239394 
S0022_G5974_R1_A 0.4226454 0.4329631 0.3556632 0.3653245 0.4234479 0.3865594 0.3938092 0.4239765 0.4265017 0.3728219 0.3511935 0.0916331 0.0732176 0.0000000 0.1088979 0.0828270 0.0813035 0.1074152 0.0781612 0.0803947 0.0839241 0.0679608 0.0777426 0.0785520 0.0908023 0.0774486 0.0849931 0.0852949 0.0721532 0.0860598 0.0891176 0.0702719 0.0837796 0.0844051 0.1220899 0.1694789 0.2096825 0.1974099 0.3401592 0.5578732 0.5636106 0.5513268 0.5437341 0.5455230 0.5228459 0.5371546 0.5535542 0.5480002 0.4565736 0.4464904 0.4322191 0.4033644 0.4117912 0.4729431 0.5481696 0.7837987 
S0037_G5974_R1_U 0.4950992 0.5029929 0.4887067 0.4893953 0.4791542 0.4539257 0.4635086 0.4696130 0.4888156 0.4385211 0.4311514 0.1311305 0.1156194 0.1088979 0.0000000 0.1204679 0.1226659 0.1341668 0.1143700 0.1060907 0.1049702 0.0962852 0.1155278 0.1027263 0.1067770 0.1071804 0.1052071 0.1161132 0.1204351 0.1324934 0.1321943 0.1136321 0.1133557 0.1320896 0.1408849 0.1982541 0.2245280 0.2211359 0.3559648 0.6146840 0.6136506 0.5993371 0.5999564 0.6012490 0.5757761 0.5850845 0.6057706 0.5990197 0.5147484 0.4872685 0.5058036 0.4604520 0.4693061 0.5132879 0.6118634 0.8671770 
S0013_G5974_R1_A 0.5082511 0.5162974 0.4232418 0.4309702 0.4841031 0.4508090 0.4468269 0.4718181 0.4758852 0.4107231 0.4109803 0.1104415 0.0949005 0.0828270 0.1204679 0.0000000 0.0908909 0.1142066 0.0862909 0.0876609 0.0969580 0.0734176 0.0859329 0.0866190 0.0976293 0.0840021 0.0856012 0.1036383 0.0841588 0.0960152 0.1047075 0.0896358 0.0939997 0.0977152 0.1329942 0.1873500 0.2442433 0.2059593 0.3886891 0.5771476 0.5727040 0.5595843 0.5655943 0.5686215 0.5367812 0.5520593 0.5686420 0.5624544 0.4816488 0.4713774 0.4944270 0.4385192 0.4470119 0.4988839 0.6216027 0.8359178 
S0046_G5974_R2_A 0.4951621 0.5030596 0.4245046 0.4344845 0.4815542 0.4343784 0.4260396 0.4514202 0.4642592 0.4197747 0.4167992 0.1143990 0.1028795 0.0813035 0.1226659 0.0908909 0.0000000 0.0444836 0.0857510 0.0904235 0.0936098 0.0771419 0.1024788 0.0820514 0.1056544 0.0825024 0.0773994 0.0932888 0.0839158 0.1115459 0.1162975 0.0786448 0.0914225 0.1015094 0.1360847 0.1898715 0.2505651 0.2186301 0.3811173 0.5918247 0.5935345 0.5771306 0.5732023 0.5862640 0.5508793 0.5663514 0.5863436 0.5828763 0.4760792 0.4633557 0.4817306 0.4335858 0.4419181 0.5007018 0.6055043 0.8238973 
S0046_G5974_R1_A 0.5022142 0.5101990 0.4351043 0.4453524 0.4753794 0.4488998 0.4267956 0.4474419 0.4824827 0.4300124 0.4309639 0.1278090 0.1224490 0.1074152 0.1341668 0.1142066 0.0444836 0.0000000 0.1002665 0.1070191 0.1056296 0.1006144 0.1199784 0.0826325 0.1226831 0.1008261 0.0945376 0.1188204 0.1010105 0.1299063 0.1319506 0.0998324 0.1048733 0.1179432 0.1509551 0.2029676 0.2536972 0.2222464 0.3998623 0.6096952 0.6116364 0.5917347 0.5908060 0.5979855 0.5620130 0.5777130 0.6041772 0.5885440 0.5116863 0.4984344 0.5329409 0.4737782 0.4826440 0.5234687 0.6197647 0.8660611 
S0036_G5974_R1_A 0.4637342 0.4673247 0.4025611 0.4125938 0.4401149 0.4238735 0.4377531 0.4514743 0.4626987 0.3880359 0.3870684 0.1037435 0.0938800 0.0781612 0.1143700 0.0862909 0.0857510 0.1002665 0.0000000 0.0844489 0.0840658 0.0777638 0.0985812 0.0800356 0.0951376 0.0802900 0.0824895 0.0899908 0.0847332 0.1108606 0.1127554 0.0860467 0.0817282 0.1008719 0.1307505 0.1905323 0.2308349 0.2159374 0.4080397 0.5682028 0.5805112 0.5509706 0.5538414 0.5566297 0.5356352 0.5432609 0.5623069 0.5560261 0.4467421 0.4429135 0.4728874 0.4259869 0.4342913 0.4835512 0.6080639 0.8014943 
S0023_G5974_R1_A 0.4321499 0.4396154 0.3962249 0.4088084 0.4509292 0.4024225 0.4033510 0.3942724 0.4284524 0.3859586 0.3750774 0.1066621 0.1018735 0.0803947 0.1060907 0.0876609 0.0904235 0.1070191 0.0844489 0.0000000 0.0818758 0.0736301 0.0885752 0.0681693 0.0916763 0.0821308 0.0846500 0.0483364 0.0739356 0.0990772 0.1025175 0.0795637 0.0883971 0.0834706 0.1334376 0.1542933 0.2081285 0.1770992 0.3677118 0.5523955 0.5492736 0.5404790 0.5256051 0.5320904 0.5141261 0.5297569 0.5435259 0.5315042 0.4947425 0.4744218 0.4941427 0.4458585 0.4559420 0.5100282 0.5986792 0.8232609 
S0011_G5974_R1_A 0.4668327 0.4743344 0.4188139 0.4265793 0.4633513 0.4276746 0.4449228 0.4620560 0.4788499 0.4128031 0.4130672 0.1070857 0.1020689 0.0839241 0.1049702 0.0969580 0.0936098 0.1056296 0.0840658 0.0818758 0.0000000 0.0777025 0.0915790 0.0765538 0.0926424 0.0803619 0.0757418 0.1072102 0.0822116 0.1036659 0.1095856 0.0807625 0.0804258 0.0981277 0.1206851 0.1998166 0.2371273 0.2191306 0.4077705 0.5799201 0.5785604 0.5653296 0.5655281 0.5714882 0.5335507 0.5488534 0.5744131 0.5651132 0.4745152 0.4646747 0.5056475 0.4566024 0.4653008 0.5246087 0.6069001 0.8296415 
S0019_G5974_R1_A 0.4828612 0.4905174 0.4173177 0.4271577 0.4539801 0.4131780 0.4343674 0.4561000 0.4609794 0.3977206 0.4001884 0.0911952 0.0721784 0.0679608 0.0962852 0.0734176 0.0771419 0.1006144 0.0777638 0.0736301 0.0777025 0.0000000 0.0805599 0.0702824 0.0833475 0.0334279 0.0729721 0.0820189 0.0707814 0.0835171 0.0876180 0.0654324 0.0740522 0.0891014 0.1058700 0.1774481 0.2253196 0.2004799 0.3675420 0.5656826 0.5611377 0.5482675 0.5439964 0.5486935 0.5200338 0.5351167 0.5501248 0.5452841 0.4765218 0.4638070 0.4842598 0.4304894 0.4400293 0.5103746 0.6242665 0.8254459 
S0012_G5974_R1_A 0.4516134 0.4581507 0.4192728 0.4247604 0.4415159 0.4144787 0.4088466 0.4164018 0.4433448 0.4036821 0.3836617 0.1206115 0.1007794 0.0777426 0.1155278 0.0859329 0.1024788 0.1199784 0.0985812 0.0885752 0.0915790 0.0805599 0.0000000 0.0856506 0.0917729 0.0864687 0.0891408 0.1086275 0.0939207 0.1123521 0.1203446 0.0885311 0.0954008 0.1068159 0.1372882 0.2059988 0.2357260 0.2081911 0.3784077 0.5674017 0.5705595 0.5545976 0.5608027 0.5505909 0.5271823 0.5390548 0.5642466 0.5544458 0.4922045 0.4804907 0.4640523 0.4344055 0.4433992 0.5048337 0.6225978 0.8489954 
S0028_G5974_R1_A 0.4646139 0.4708219 0.3988145 0.4063894 0.4421218 0.4176597 0.4128401 0.4348216 0.4493843 0.3964740 0.3997854 0.1016137 0.0835646 0.0785520 0.1027263 0.0866190 0.0820514 0.0826325 0.0800356 0.0681693 0.0765538 0.0702824 0.0856506 0.0000000 0.0884967 0.0767937 0.0771866 0.0818734 0.0690278 0.0982036 0.1014728 0.0741980 0.0778256 0.0794536 0.1143244 0.1795824 0.2236165 0.1857777 0.3729530 0.5426257 0.5370190 0.5232308 0.5229484 0.5235465 0.4985627 0.5131538 0.5315352 0.5228642 0.4793296 0.4530863 0.4693804 0.4254279 0.4337600 0.4905395 0.5901900 0.7885896 
S0004_G5974_R1_A 0.4891964 0.4970805 0.4378770 0.4487875 0.4598612 0.4312142 0.4420237 0.4818754 0.4935273 0.4176747 0.4108342 0.1173134 0.0969186 0.0908023 0.1067770 0.0976293 0.1056544 0.1226831 0.0951376 0.0916763 0.0926424 0.0833475 0.0917729 0.0884967 0.0000000 0.0918435 0.0922424 0.0962261 0.1030761 0.1131665 0.1145512 0.0904850 0.0982009 0.1230257 0.1256463 0.1968051 0.2439399 0.1990565 0.3758452 0.5966055 0.5984400 0.5841488 0.5845822 0.5773006 0.5582972 0.5700818 0.5906188 0.5811397 0.4861348 0.4761577 0.5026816 0.4479243 0.4564663 0.5140352 0.6167528 0.8886149 
S0020_G5974_R1_A 0.4595431 0.4613720 0.4071452 0.4169591 0.4512691 0.4071005 0.4326145 0.4559897 0.4470238 0.3843977 0.4017750 0.0965561 0.0826858 0.0774486 0.1071804 0.0840021 0.0825024 0.1008261 0.0802900 0.0821308 0.0803619 0.0334279 0.0864687 0.0767937 0.0918435 0.0000000 0.0785671 0.0904961 0.0760379 0.0836350 0.0881587 0.0758679 0.0766416 0.0977630 0.1116361 0.1883776 0.2324575 0.2007977 0.3674750 0.5433376 0.5457659 0.5333107 0.5261781 0.5336494 0.5055281 0.5177517 0.5350427 0.5303050 0.4793540 0.4750119 0.5108626 0.4548865 0.4647882 0.5276032 0.6160367 0.7692496 
S0017_G5974_R1_A 0.4135488 0.4206918 0.3566950 0.3638097 0.4299248 0.3844981 0.3909249 0.4232259 0.4203676 0.3653696 0.3487455 0.0972545 0.0896462 0.0849931 0.1052071 0.0856012 0.0773994 0.0945376 0.0824895 0.0846500 0.0757418 0.0729721 0.0891408 0.0771866 0.0922424 0.0785671 0.0000000 0.0912649 0.0733010 0.0883410 0.0858805 0.0663856 0.0756768 0.0896875 0.1138252 0.1897375 0.2072484 0.1961562 0.3673055 0.5636666 0.5698224 0.5576222 0.5607251 0.5640766 0.5325371 0.5466894 0.5585797 0.5574871 0.4741955 0.4640327 0.4703503 0.4389937 0.4489703 0.4962914 0.5730024 0.8050314 
S0026_G5974_R1_A 0.4542838 0.4618249 0.4177814 0.4305228 0.4760908 0.4258582 0.4130536 0.4020855 0.4596003 0.4069643 0.4128927 0.1208413 0.1087576 0.0852949 0.1161132 0.1036383 0.0932888 0.1188204 0.0899908 0.0483364 0.1072102 0.0820189 0.1086275 0.0818734 0.0962261 0.0904961 0.0912649 0.0000000 0.0821477 0.1167533 0.1232851 0.0880205 0.0992572 0.0946994 0.1296363 0.1648816 0.2214574 0.1852001 0.3665162 0.5780484 0.5737583 0.5629849 0.5452991 0.5485543 0.5363850 0.5521438 0.5723958 0.5540688 0.4875887 0.4646296 0.4727415 0.4302223 0.4400312 0.4861533 0.5842232 0.8239843 
S0021_G5974_R1_A 0.4563366 0.4530428 0.4197433 0.4245888 0.4618127 0.4264615 0.4339750 0.4453913 0.4721527 0.4071596 0.4047519 0.1078321 0.0906924 0.0721532 0.1204351 0.0841588 0.0839158 0.1010105 0.0847332 0.0739356 0.0822116 0.0707814 0.0939207 0.0690278 0.1030761 0.0760379 0.0733010 0.0821477 0.0000000 0.0964462 0.1009877 0.0839143 0.0914961 0.0235598 0.1275456 0.1774060 0.2261497 0.2050828 0.3539907 0.5546698 0.5530718 0.5377919 0.5283132 0.5352069 0.5097225 0.5245881 0.5434260 0.5345487 0.4956021 0.4826757 0.4743312 0.4484994 0.4571215 0.4958551 0.6144507 0.8204475 
S0050_G5974_R1_A 0.4829962 0.4907501 0.3951493 0.4026144 0.4355536 0.3975881 0.4456332 0.4649211 0.4469055 0.3867870 0.3975995 0.1226878 0.1076298 0.0860598 0.1324934 0.0960152 0.1115459 0.1299063 0.1108606 0.0990772 0.1036659 0.0835171 0.1123521 0.0982036 0.1131665 0.0836350 0.0883410 0.1167533 0.0964462 0.0000000 0.0134165 0.0947534 0.1118940 0.1049256 0.1382690 0.1808705 0.2459863 0.1987127 0.3833629 0.5912369 0.5868732 0.5792172 0.5766662 0.5827329 0.5500586 0.5714732 0.5826386 0.5762858 0.5118498 0.5042399 0.5179390 0.4850411 0.4941065 0.5417655 0.6420479 0.8395344 
S0048_G5974_R1_A 0.4964075 0.5042998 0.4019549 0.4095476 0.4470204 0.3986231 0.4605362 0.4805787 0.4497233 0.4002336 0.4171057 0.1275788 0.1137221 0.0891176 0.1321943 0.1047075 0.1162975 0.1319506 0.1127554 0.1025175 0.1095856 0.0876180 0.1203446 0.1014728 0.1145512 0.0881587 0.0858805 0.1232851 0.1009877 0.0134165 0.0000000 0.0979067 0.1167377 0.1095759 0.1403660 0.1823832 0.2536543 0.2076921 0.3911096 0.5951290 0.5980554 0.5889781 0.5865063 0.5925969 0.5535672 0.5751676 0.5956591 0.5860486 0.5335497 0.5258155 0.5299272 0.4933926 0.5025711 0.5507843 0.6473547 0.8393597 
S0030_G5974_R1_A 0.4748384 0.4825914 0.4173722 0.4238620 0.4663228 0.4229789 0.4214047 0.4343826 0.4628362 0.4040669 0.4015691 0.1067706 0.0919609 0.0702719 0.1136321 0.0896358 0.0786448 0.0998324 0.0860467 0.0795637 0.0807625 0.0654324 0.0885311 0.0741980 0.0904850 0.0758679 0.0663856 0.0880205 0.0839143 0.0947534 0.0979067 0.0000000 0.0861249 0.0977144 0.1229844 0.1653873 0.2273325 0.1983665 0.3460903 0.5468267 0.5480288 0.5380422 0.5350382 0.5356426 0.5061330 0.5213615 0.5465855 0.5345543 0.4653412 0.4583864 0.4725482 0.4324838 0.4410484 0.5097056 0.6333301 0.8338659 
S0002_G5974_R1_A 0.4550630 0.4568698 0.4150785 0.4152189 0.4711592 0.4383146 0.4571990 0.4821008 0.4895555 0.4252381 0.4306505 0.1057692 0.1007730 0.0837796 0.1133557 0.0939997 0.0914225 0.1048733 0.0817282 0.0883971 0.0804258 0.0740522 0.0954008 0.0778256 0.0982009 0.0766416 0.0756768 0.0992572 0.0914961 0.1118940 0.1167377 0.0861249 0.0000000 0.1078666 0.1244004 0.1890128 0.2419498 0.1956753 0.3794874 0.5740863 0.5696416 0.5566623 0.5567586 0.5515801 0.5228676 0.5378546 0.5627856 0.5537199 0.4667369 0.4549634 0.4866466 0.4365856 0.4450292 0.4978471 0.6111142 0.8225208 
S0021_G5974_R2_A 0.4695703 0.4691757 0.4418523 0.4467833 0.4669324 0.4412389 0.4493017 0.4675698 0.4801179 0.4196604 0.4255847 0.1308642 0.1114727 0.0844051 0.1320896 0.0977152 0.1015094 0.1179432 0.1008719 0.0834706 0.0981277 0.0891014 0.1068159 0.0794536 0.1230257 0.0977630 0.0896875 0.0946994 0.0235598 0.1049256 0.1095759 0.0977144 0.1078666 0.0000000 0.1422615 0.1843234 0.2402067 0.2176111 0.3602542 0.5922775 0.5880803 0.5745808 0.5651077 0.5719244 0.5509975 0.5665932 0.5807429 0.5713571 0.5186602 0.5029545 0.5011102 0.4721383 0.4810066 0.5242029 0.6339369 0.8776004 
S0016_G5974_R1_A 0.5109613 0.5189448 0.4435694 0.4462642 0.4902119 0.4696358 0.4708752 0.5005132 0.5187150 0.4455052 0.4375950 0.1428063 0.1239051 0.1220899 0.1408849 0.1329942 0.1360847 0.1509551 0.1307505 0.1334376 0.1206851 0.1058700 0.1372882 0.1143244 0.1256463 0.1116361 0.1138252 0.1296363 0.1275456 0.1382690 0.1403660 0.1229844 0.1244004 0.1422615 0.0000000 0.2263588 0.2692726 0.2224176 0.4159684 0.5855048 0.5868055 0.5760619 0.5734688 0.5764967 0.5636658 0.5655702 0.5825512 0.5671794 0.5030837 0.4929433 0.4964472 0.4643519 0.4731545 0.5078252 0.6430623 0.8170619 
S0005_G5974_R1_A 0.4678216 0.4746882 0.4367076 0.4502686 0.4515107 0.4567875 0.4083266 0.3948976 0.4568988 0.4238749 0.4035632 0.1959670 0.1981491 0.1694789 0.1982541 0.1873500 0.1898715 0.2029676 0.1905323 0.1542933 0.1998166 0.1774481 0.2059988 0.1795824 0.1968051 0.1883776 0.1897375 0.1648816 0.1774060 0.1808705 0.1823832 0.1653873 0.1890128 0.1843234 0.2263588 0.0000000 0.2129976 0.1928751 0.3669636 0.6524513 0.6484035 0.6324768 0.6181792 0.6399554 0.6192829 0.6326504 0.6457011 0.6310260 0.5605650 0.5585889 0.5366124 0.4971611 0.5088269 0.5632457 0.6526900 0.9271024 
S0033_G5974_R1_A 0.4204095 0.4282827 0.4004447 0.4029716 0.3929765 0.3819973 0.3902516 0.3793298 0.4173045 0.3752928 0.3377460 0.2391299 0.2361652 0.2096825 0.2245280 0.2442433 0.2505651 0.2536972 0.2308349 0.2081285 0.2371273 0.2253196 0.2357260 0.2236165 0.2439399 0.2324575 0.2072484 0.2214574 0.2261497 0.2459863 0.2536543 0.2273325 0.2419498 0.2402067 0.2692726 0.2129976 0.0000000 0.2323548 0.3446378 0.7183452 0.7262322 0.6980182 0.6955695 0.7111907 0.6925911 0.6887801 0.6957238 0.6902235 0.5282609 0.5194833 0.5226717 0.4959552 0.5082909 0.5358289 0.6082374 0.9060443 
S0035_G5974_R1_A 0.4521003 0.4540559 0.4224490 0.4410891 0.4476569 0.4307583 0.3907695 0.3894646 0.4432178 0.4044560 0.3794234 0.2050458 0.1967494 0.1974099 0.2211359 0.2059593 0.2186301 0.2222464 0.2159374 0.1770992 0.2191306 0.2004799 0.2081911 0.1857777 0.1990565 0.2007977 0.1961562 0.1852001 0.2050828 0.1987127 0.2076921 0.1983665 0.1956753 0.2176111 0.2224176 0.1928751 0.2323548 0.0000000 0.3279127 0.6680612 0.6504190 0.6424278 0.6234472 0.6358488 0.6226437 0.6434603 0.6424102 0.6426997 0.5918358 0.5784651 0.5282129 0.4984474 0.5105395 0.5890126 0.6707805 0.9280995 
S0006_G5974_R1_A 0.4786065 0.4793368 0.5225535 0.5284385 0.5328240 0.5334954 0.4409675 0.4224516 0.5072482 0.5027440 0.4804625 0.3961195 0.3900236 0.3401592 0.3559648 0.3886891 0.3811173 0.3998623 0.4080397 0.3677118 0.4077705 0.3675420 0.3784077 0.3729530 0.3758452 0.3674750 0.3673055 0.3665162 0.3539907 0.3833629 0.3911096 0.3460903 0.3794874 0.3602542 0.4159684 0.3669636 0.3446378 0.3279127 0.0000000 0.8009508 0.7791025 0.7875116 0.7772920 0.7771564 0.7604961 0.7633592 0.8004524 0.7824193 0.6168387 0.6148742 0.5925040 0.5693430 0.5785934 0.6070387 0.6964376 1.0043936 
S0041_G5974_R1_N 0.7541054 0.7567970 0.7075763 0.7080122 0.7935151 0.7242948 0.8432923 0.8465799 0.8501365 0.7832840 0.7939803 0.5995487 0.5845806 0.5578732 0.6146840 0.5771476 0.5918247 0.6096952 0.5682028 0.5523955 0.5799201 0.5656826 0.5674017 0.5426257 0.5966055 0.5433376 0.5636666 0.5780484 0.5546698 0.5912369 0.5951290 0.5468267 0.5740863 0.5922775 0.5855048 0.6524513 0.7183452 0.6680612 0.8009508 0.0000000 0.0133638 0.0167482 0.0180382 0.0178598 0.0213266 0.0247782 0.0260596 0.0167452 0.7010453 0.7122870 0.6443362 0.6280949 0.6426893 0.6277451 0.5985054 0.7344353 
S0043_G5974_R1_N 0.7650094 0.7677112 0.7148772 0.7153185 0.7844611 0.7262093 0.8425153 0.8383219 0.8505467 0.7743825 0.7918096 0.6013924 0.5890045 0.5636106 0.6136506 0.5727040 0.5935345 0.6116364 0.5805112 0.5492736 0.5785604 0.5611377 0.5705595 0.5370190 0.5984400 0.5457659 0.5698224 0.5737583 0.5530718 0.5868732 0.5980554 0.5480288 0.5696416 0.5880803 0.5868055 0.6484035 0.7262322 0.6504190 0.7791025 0.0133638 0.0000000 0.0179442 0.0204278 0.0202244 0.0214245 0.0272105 0.0261114 0.0191027 0.6771428 0.6843925 0.6164976 0.5983300 0.6124846 0.5934541 0.5738328 0.7283062 
S0044_G5974_R1_N 0.7508727 0.7535536 0.6937297 0.7010584 0.7768073 0.7154103 0.8201065 0.8155958 0.8274304 0.7510001 0.7750585 0.5872353 0.5750870 0.5513268 0.5993371 0.5595843 0.5771306 0.5917347 0.5509706 0.5404790 0.5653296 0.5482675 0.5545976 0.5232308 0.5841488 0.5333107 0.5576222 0.5629849 0.5377919 0.5792172 0.5889781 0.5380422 0.5566623 0.5745808 0.5760619 0.6324768 0.6980182 0.6424278 0.7875116 0.0167482 0.0179442 0.0000000 0.0100062 0.0213607 0.0201557 0.0189752 0.0248662 0.0155916 0.6645873 0.6716384 0.6169131 0.6017838 0.6159094 0.6002227 0.5727812 0.7255437 
S0045_G5974_R2_A 0.7479410 0.7506346 0.7092427 0.7068610 0.7884993 0.7273628 0.8085893 0.8078899 0.8206231 0.7589758 0.7794456 0.5876993 0.5754004 0.5437341 0.5999564 0.5655943 0.5732023 0.5908060 0.5538414 0.5256051 0.5655281 0.5439964 0.5608027 0.5229484 0.5845822 0.5261781 0.5607251 0.5452991 0.5283132 0.5766662 0.5865063 0.5350382 0.5567586 0.5651077 0.5734688 0.6181792 0.6955695 0.6234472 0.7772920 0.0180382 0.0204278 0.0100062 0.0000000 0.0215453 0.0191826 0.0225858 0.0262520 0.0168671 0.6745482 0.6817987 0.6103796 0.6008400 0.6129698 0.5977621 0.5692365 0.7171347 
S0047_G5974_R1_N 0.7655464 0.7682482 0.7153197 0.7157579 0.7985627 0.7307385 0.8276336 0.8234817 0.8322743 0.7725982 0.7975076 0.5848175 0.5727118 0.5455230 0.6012490 0.5686215 0.5862640 0.5979855 0.5566297 0.5320904 0.5714882 0.5486935 0.5505909 0.5235465 0.5773006 0.5336494 0.5640766 0.5485543 0.5352069 0.5827329 0.5925969 0.5356426 0.5515801 0.5719244 0.5764967 0.6399554 0.7111907 0.6358488 0.7771564 0.0178598 0.0202244 0.0213607 0.0215453 0.0000000 0.0259954 0.0259891 0.0284552 0.0190633 0.6785793 0.6857868 0.6108455 0.5994725 0.6099777 0.6035599 0.5794698 0.7230437 
S0042_G5974_R1_N 0.7402409 0.7429113 0.6815432 0.6819683 0.7761500 0.7075273 0.7963416 0.7986392 0.7953706 0.7340774 0.7625088 0.5574413 0.5517250 0.5228459 0.5757761 0.5367812 0.5508793 0.5620130 0.5356352 0.5141261 0.5335507 0.5200338 0.5271823 0.4985627 0.5582972 0.5055281 0.5325371 0.5363850 0.5097225 0.5500586 0.5535672 0.5061330 0.5228676 0.5509975 0.5636658 0.6192829 0.6925911 0.6226437 0.7604961 0.0213266 0.0214245 0.0201557 0.0191826 0.0259954 0.0000000 0.0167068 0.0248890 0.0178772 0.6703815 0.6775030 0.6094433 0.5886766 0.6026405 0.5929573 0.5670950 0.7018262 
S0038_G5974_R1_A 0.7524912 0.7551769 0.6968610 0.6972908 0.7808925 0.7060229 0.8021134 0.8045236 0.8127533 0.7449270 0.7687276 0.5733349 0.5615436 0.5371546 0.5850845 0.5520593 0.5663514 0.5777130 0.5432609 0.5297569 0.5488534 0.5351167 0.5390548 0.5131538 0.5700818 0.5177517 0.5466894 0.5521438 0.5245881 0.5714732 0.5751676 0.5213615 0.5378546 0.5665932 0.5655702 0.6326504 0.6887801 0.6434603 0.7633592 0.0247782 0.0272105 0.0189752 0.0225858 0.0259891 0.0167068 0.0000000 0.0260472 0.0213014 0.6767857 0.6803317 0.6128447 0.5978707 0.6119339 0.5916451 0.5705521 0.7165974 
S0040_G5974_R1_N 0.7530732 0.7557685 0.7195161 0.7199567 0.8003043 0.7263580 0.8296332 0.8326531 0.8465705 0.7471618 0.7829768 0.5846950 0.5784619 0.5535542 0.6057706 0.5686420 0.5863436 0.6041772 0.5623069 0.5435259 0.5744131 0.5501248 0.5642466 0.5315352 0.5906188 0.5350427 0.5585797 0.5723958 0.5434260 0.5826386 0.5956591 0.5465855 0.5627856 0.5807429 0.5825512 0.6457011 0.6957238 0.6424102 0.8004524 0.0260596 0.0261114 0.0248662 0.0262520 0.0284552 0.0248890 0.0260472 0.0000000 0.0225561 0.6898882 0.6972330 0.6279505 0.6139407 0.6266776 0.6003460 0.5807214 0.7234656 
S0045_G5974_R1_A 0.7556385 0.7583439 0.7009758 0.7014103 0.7826907 0.7250816 0.8248437 0.8239290 0.8344737 0.7597844 0.7842407 0.5811704 0.5663574 0.5480002 0.5990197 0.5624544 0.5828763 0.5885440 0.5560261 0.5315042 0.5651132 0.5452841 0.5544458 0.5228642 0.5811397 0.5303050 0.5574871 0.5540688 0.5345487 0.5762858 0.5860486 0.5345543 0.5537199 0.5713571 0.5671794 0.6310260 0.6902235 0.6426997 0.7824193 0.0167452 0.0191027 0.0155916 0.0168671 0.0190633 0.0178772 0.0213014 0.0225561 0.0000000 0.6715475 0.6786566 0.6110474 0.5961723 0.6101792 0.5992596 0.5635048 0.7059753 
S0025_G5974_R1_A 0.7051772 0.7026182 0.6305479 0.6326105 0.6130961 0.6057984 0.6485254 0.6826385 0.6581195 0.6180318 0.6253850 0.5009036 0.5063310 0.4565736 0.5147484 0.4816488 0.4760792 0.5116863 0.4467421 0.4947425 0.4745152 0.4765218 0.4922045 0.4793296 0.4861348 0.4793540 0.4741955 0.4875887 0.4956021 0.5118498 0.5335497 0.4653412 0.4667369 0.5186602 0.5030837 0.5605650 0.5282609 0.5918358 0.6168387 0.7010453 0.6771428 0.6645873 0.6745482 0.6785793 0.6703815 0.6767857 0.6898882 0.6715475 0.0000000 0.0173909 0.1277845 0.0789933 0.0852241 0.1321513 0.3859468 0.6385019 
S0029_G5974_R1_A 0.6875316 0.6930544 0.6442577 0.6608407 0.6159396 0.6021375 0.6426752 0.6678627 0.6740563 0.6286794 0.6362164 0.4909831 0.4963871 0.4464904 0.4872685 0.4713774 0.4633557 0.4984344 0.4429135 0.4744218 0.4646747 0.4638070 0.4804907 0.4530863 0.4761577 0.4750119 0.4640327 0.4646296 0.4826757 0.5042399 0.5258155 0.4583864 0.4549634 0.5029545 0.4929433 0.5585889 0.5194833 0.5784651 0.6148742 0.7122870 0.6843925 0.6716384 0.6817987 0.6857868 0.6775030 0.6803317 0.6972330 0.6786566 0.0173909 0.0000000 0.1203748 0.0750380 0.0812668 0.1367527 0.3868526 0.6411080 
S0024_G5974_R1_A 0.6921227 0.7010764 0.6375976 0.6345690 0.6372168 0.6143601 0.6549988 0.6302890 0.6833868 0.6371292 0.6515498 0.5069095 0.4890885 0.4322191 0.5058036 0.4944270 0.4817306 0.5329409 0.4728874 0.4941427 0.5056475 0.4842598 0.4640523 0.4693804 0.5026816 0.5108626 0.4703503 0.4727415 0.4743312 0.5179390 0.5299272 0.4725482 0.4866466 0.5011102 0.4964472 0.5366124 0.5226717 0.5282129 0.5925040 0.6443362 0.6164976 0.6169131 0.6103796 0.6108455 0.6094433 0.6128447 0.6279505 0.6110474 0.1277845 0.1203748 0.0000000 0.0418432 0.0444325 0.1510468 0.3632791 0.6449055 
S0032_G5974_R1_N 0.6570180 0.6652779 0.6225406 0.6196281 0.5976564 0.5836929 0.6313949 0.6177790 0.6635579 0.6186436 0.6241065 0.4659457 0.4519349 0.4033644 0.4604520 0.4385192 0.4335858 0.4737782 0.4259869 0.4458585 0.4566024 0.4304894 0.4344055 0.4254279 0.4479243 0.4548865 0.4389937 0.4302223 0.4484994 0.4850411 0.4933926 0.4324838 0.4365856 0.4721383 0.4643519 0.4971611 0.4959552 0.4984474 0.5693430 0.6280949 0.5983300 0.6017838 0.6008400 0.5994725 0.5886766 0.5978707 0.6139407 0.5961723 0.0789933 0.0750380 0.0418432 0.0000000 0.0048910 0.1098185 0.3442743 0.6242749 
S0032_G5974_R2_N 0.6700949 0.6785343 0.6298829 0.6269510 0.6104361 0.5994508 0.6400744 0.6264303 0.6647380 0.6260638 0.6315868 0.4746360 0.4604434 0.4117912 0.4693061 0.4470119 0.4419181 0.4826440 0.4342913 0.4559420 0.4653008 0.4400293 0.4433992 0.4337600 0.4564663 0.4647882 0.4489703 0.4400312 0.4571215 0.4941065 0.5025711 0.4410484 0.4450292 0.4810066 0.4731545 0.5088269 0.5082909 0.5105395 0.5785934 0.6426893 0.6124846 0.6159094 0.6129698 0.6099777 0.6026405 0.6119339 0.6266776 0.6101792 0.0852241 0.0812668 0.0444325 0.0048910 0.0000000 0.1178254 0.3454935 0.6211600 
S0001_G5974_R1_A 0.6741140 0.6874626 0.5965673 0.5867039 0.6498577 0.6070708 0.6818868 0.6532350 0.6856595 0.6254786 0.6287225 0.5174706 0.5244201 0.4729431 0.5132879 0.4988839 0.5007018 0.5234687 0.4835512 0.5100282 0.5246087 0.5103746 0.5048337 0.4905395 0.5140352 0.5276032 0.4962914 0.4861533 0.4958551 0.5417655 0.5507843 0.5097056 0.4978471 0.5242029 0.5078252 0.5632457 0.5358289 0.5890126 0.6070387 0.6277451 0.5934541 0.6002227 0.5977621 0.6035599 0.5929573 0.5916451 0.6003460 0.5992596 0.1321513 0.1367527 0.1510468 0.1098185 0.1178254 0.0000000 0.3601950 0.6533515 
S0049_G5974_R1_A 0.7425571 0.7455564 0.6209784 0.6284790 0.7318676 0.6381063 0.6198276 0.6347573 0.6519717 0.6480365 0.6543767 0.6295657 0.6547542 0.5481696 0.6118634 0.6216027 0.6055043 0.6197647 0.6080639 0.5986792 0.6069001 0.6242665 0.6225978 0.5901900 0.6167528 0.6160367 0.5730024 0.5842232 0.6144507 0.6420479 0.6473547 0.6333301 0.6111142 0.6339369 0.6430623 0.6526900 0.6082374 0.6707805 0.6964376 0.5985054 0.5738328 0.5727812 0.5692365 0.5794698 0.5670950 0.5705521 0.5807214 0.5635048 0.3859468 0.3868526 0.3632791 0.3442743 0.3454935 0.3601950 0.0000000 0.6906667 
S0003_G5974_R1_N 0.9448465 0.9399117 0.8672597 0.8708022 0.9386768 0.9003038 0.9580206 0.9392059 0.9251265 0.8824602 0.8693379 0.8245143 0.8239394 0.7837987 0.8671770 0.8359178 0.8238973 0.8660611 0.8014943 0.8232609 0.8296415 0.8254459 0.8489954 0.7885896 0.8886149 0.7692496 0.8050314 0.8239843 0.8204475 0.8395344 0.8393597 0.8338659 0.8225208 0.8776004 0.8170619 0.9271024 0.9060443 0.9280995 1.0043936 0.7344353 0.7283062 0.7255437 0.7171347 0.7230437 0.7018262 0.7165974 0.7234656 0.7059753 0.6385019 0.6411080 0.6449055 0.6242749 0.6211600 0.6533515 0.6906667 0.0000000 
