68
S0039_G6016_R1_U 0.0000000 0.2242742 0.7622587 0.7177696 0.7843988 0.8101709 0.7876838 0.7750799 0.7854028 0.7897779 0.8101129 0.8052268 0.8174058 0.8267617 0.8017417 0.7918347 0.7771041 0.8073797 0.7912275 0.7724345 0.7999910 0.8298123 0.7922968 0.8116000 0.7684731 0.7709854 0.7666335 0.8735802 0.8110353 0.7664256 0.7927458 0.8006709 0.7481034 0.7673090 0.7733497 0.7410862 0.7819892 0.7858417 0.7908678 0.7606585 0.6788799 0.8205040 0.6343057 1.1634984 1.1468146 1.1487437 1.1641184 1.1432403 1.1538217 1.1254109 1.1677397 1.1433278 1.2142985 1.1966679 1.1996280 1.2188838 1.2162285 1.2091460 1.1846681 1.0496934 1.0885016 0.9912625 1.0376813 1.0564297 1.0250856 1.0696935 0.9008782 0.9745098 
S0051_G6016_R1_V 0.2242742 0.0000000 0.6603952 0.6465805 0.6645218 0.6751659 0.6501989 0.6661375 0.6859251 0.6758477 0.7300483 0.7220584 0.6826989 0.6948350 0.6944041 0.6631834 0.6612555 0.6603061 0.6643376 0.6732286 0.6801863 0.7092602 0.6801832 0.6822420 0.6672248 0.6534060 0.6603535 0.7156236 0.6832391 0.6609120 0.6791423 0.7349247 0.7073339 0.6378758 0.6379751 0.6404245 0.6412187 0.6077540 0.6373370 0.6451693 0.5939196 0.8502295 0.6491491 1.1781991 1.1661482 1.1673667 1.1861089 1.1654139 1.1747023 1.1713728 1.2052667 1.1849532 1.2550560 1.2508710 1.2615100 1.2602178 1.2428192 1.2435322 1.2239360 1.1524308 0.9842222 0.9682570 0.9801576 0.9826458 0.9791830 1.0097114 0.9195531 1.1387426 
S0018_G6016_R1_A 0.7622587 0.6603952 0.0000000 0.0202300 0.0339707 0.0477056 0.0365598 0.0420898 0.0464728 0.0474136 0.0690459 0.0648138 0.0452974 0.0516151 0.0471980 0.0381793 0.0436358 0.0398594 0.0485262 0.0366088 0.0409612 0.0578500 0.0543553 0.0598647 0.0448593 0.0531763 0.0554403 0.0586776 0.0541495 0.0807862 0.0451803 0.1667773 0.1572367 0.4841062 0.4875544 0.4971128 0.4906166 0.4401106 0.4617795 0.4458504 0.4831837 0.4139763 0.2039290 0.8903597 0.8884134 0.8772837 0.9016637 0.8920615 0.8953250 0.9052226 0.9246672 0.9044254 0.9944692 0.9923034 1.0249453 1.0162657 0.9901649 1.0136458 1.0094967 0.9370439 0.7129822 0.7206824 0.7180536 0.7237778 0.7120366 0.7161295 0.6690848 0.9430706 
S0031_G6016_R1_A 0.7177696 0.6465805 0.0202300 0.0000000 0.0373022 0.0503025 0.0371973 0.0433727 0.0540684 0.0499347 0.0764349 0.0719891 0.0472239 0.0537325 0.0489119 0.0377215 0.0466242 0.0421947 0.0500140 0.0361762 0.0432994 0.0577753 0.0553187 0.0581343 0.0467820 0.0546823 0.0563938 0.0604108 0.0574012 0.0837020 0.0449098 0.1633591 0.1561600 0.4754177 0.4750205 0.4825510 0.4741407 0.4208318 0.4416981 0.4185871 0.4839514 0.3959965 0.2001343 0.8762491 0.8754837 0.8656333 0.8887838 0.8791513 0.8806913 0.8851075 0.9038214 0.8859378 0.9796903 0.9775401 1.0066708 0.9916103 0.9752508 0.9965889 0.9946721 0.9281491 0.7143446 0.7147498 0.7164131 0.7247321 0.7125810 0.7063897 0.6573190 0.9224189 
S0004_G6016_R1_A 0.7843988 0.6645218 0.0339707 0.0373022 0.0000000 0.0428171 0.0314067 0.0388712 0.0448075 0.0441156 0.0684217 0.0635930 0.0405135 0.0471048 0.0455062 0.0355773 0.0382861 0.0367581 0.0446882 0.0308964 0.0383166 0.0525769 0.0487539 0.0568907 0.0410586 0.0493079 0.0520764 0.0535547 0.0518537 0.0749193 0.0453393 0.1709997 0.1526711 0.4743317 0.4772819 0.4826558 0.4946320 0.4324768 0.4472959 0.4365527 0.4840578 0.4021842 0.2042050 0.8777701 0.8746169 0.8637835 0.8875341 0.8700319 0.8851626 0.8909727 0.9098868 0.8919166 0.9809653 0.9748377 1.0087830 0.9974606 0.9896664 1.0059440 1.0040339 0.9264647 0.7159482 0.7148782 0.7178284 0.7227256 0.7093426 0.7214260 0.6575890 0.9394957 
S0023_G6016_R1_A 0.8101709 0.6751659 0.0477056 0.0503025 0.0428171 0.0000000 0.0336327 0.0422803 0.0476754 0.0464481 0.0643781 0.0618992 0.0335755 0.0455726 0.0462382 0.0367795 0.0411479 0.0389868 0.0459983 0.0411300 0.0395033 0.0520849 0.0472368 0.0582385 0.0444932 0.0538903 0.0566966 0.0581586 0.0485231 0.0732251 0.0566470 0.1660131 0.1452024 0.4730070 0.4724367 0.4740474 0.4879404 0.4151296 0.4459118 0.4353803 0.4737236 0.3907038 0.1995547 0.8681033 0.8627746 0.8556826 0.8792805 0.8604434 0.8733891 0.8770866 0.8976542 0.8857341 0.9889828 0.9889696 1.0192520 1.0057421 0.9887519 1.0080056 1.0038945 0.9257139 0.7266417 0.7229452 0.7252171 0.7335066 0.7208190 0.7272130 0.6703254 0.9467161 
S0019_G6016_R1_A 0.7876838 0.6501989 0.0365598 0.0371973 0.0314067 0.0336327 0.0000000 0.0282880 0.0349909 0.0333669 0.0597399 0.0561398 0.0319338 0.0377356 0.0352104 0.0183911 0.0277278 0.0267193 0.0350314 0.0303053 0.0292749 0.0440708 0.0405470 0.0490387 0.0335415 0.0399680 0.0432062 0.0451507 0.0451489 0.0677653 0.0474492 0.1553841 0.1396680 0.4754197 0.4789441 0.4805841 0.4842078 0.4225504 0.4431645 0.4296568 0.4786970 0.3916520 0.1881933 0.8585105 0.8532807 0.8461610 0.8640662 0.8509985 0.8670633 0.8727106 0.8911774 0.8775607 0.9876555 0.9855257 1.0198881 1.0001972 0.9874148 1.0084922 1.0065685 0.9226546 0.7125317 0.7120828 0.7158805 0.7255779 0.7129975 0.7225631 0.6593880 0.9501171 
S0002_G6016_R1_A 0.7750799 0.6661375 0.0420898 0.0433727 0.0388712 0.0422803 0.0282880 0.0000000 0.0437481 0.0430470 0.0696777 0.0653845 0.0378262 0.0438189 0.0438924 0.0324368 0.0346009 0.0357344 0.0431264 0.0383053 0.0351553 0.0525275 0.0477172 0.0568316 0.0405669 0.0481705 0.0514489 0.0524512 0.0501409 0.0771656 0.0547515 0.1661375 0.1521717 0.4791530 0.4876399 0.4881642 0.4993294 0.4360104 0.4606990 0.4436671 0.4911787 0.4076180 0.2016262 0.8622353 0.8534811 0.8481102 0.8661547 0.8511855 0.8675007 0.8711721 0.8879887 0.8779153 1.0121249 1.0057764 1.0411175 1.0249193 1.0079099 1.0294878 1.0274636 0.9421068 0.7292713 0.7274133 0.7327962 0.7348248 0.7251794 0.7344632 0.6630737 0.9633418 
S0036_G6016_R1_A 0.7854028 0.6859251 0.0464728 0.0540684 0.0448075 0.0476754 0.0349909 0.0437481 0.0000000 0.0474132 0.0628687 0.0597765 0.0458705 0.0527514 0.0482385 0.0392438 0.0436764 0.0415750 0.0491093 0.0458212 0.0436259 0.0601145 0.0559802 0.0613872 0.0481180 0.0526222 0.0565497 0.0598588 0.0574449 0.0799816 0.0605840 0.1608426 0.1489781 0.4798035 0.4851104 0.4827094 0.4882743 0.4365448 0.4480709 0.4317979 0.4638924 0.4073259 0.2001475 0.8724132 0.8669977 0.8579582 0.8799780 0.8681605 0.8794713 0.8851451 0.9041737 0.8864922 0.9657393 0.9748527 0.9980362 0.9886004 0.9717099 0.9852383 0.9833876 0.9201247 0.7178925 0.7073559 0.7188308 0.7295534 0.7099486 0.7264512 0.6659188 0.9208307 
S0013_G6016_R1_A 0.7897779 0.6758477 0.0474136 0.0499347 0.0441156 0.0464481 0.0333669 0.0430470 0.0474132 0.0000000 0.0689115 0.0652030 0.0435914 0.0491526 0.0459104 0.0354420 0.0413918 0.0409142 0.0392194 0.0413314 0.0408511 0.0563240 0.0540911 0.0572753 0.0382934 0.0436969 0.0469599 0.0566697 0.0561495 0.0756344 0.0573832 0.1715503 0.1534837 0.4833674 0.4850350 0.4891264 0.4948023 0.4344828 0.4503650 0.4465321 0.4832121 0.4067041 0.2034790 0.8515105 0.8514203 0.8392711 0.8639843 0.8424481 0.8583618 0.8637870 0.8820742 0.8650658 1.0091421 1.0069406 1.0356950 1.0240240 1.0049299 1.0276256 1.0276087 0.9410354 0.7217468 0.7182683 0.7267067 0.7317719 0.7199343 0.7346585 0.6498292 0.9463168 
S0021_G6016_R1_A 0.8101129 0.7300483 0.0690459 0.0764349 0.0684217 0.0643781 0.0597399 0.0696777 0.0628687 0.0689115 0.0000000 0.0185403 0.0653594 0.0735586 0.0733986 0.0631390 0.0678599 0.0656541 0.0718990 0.0653640 0.0643517 0.0795655 0.0751066 0.0843008 0.0686504 0.0731854 0.0761389 0.0832887 0.0688541 0.1019616 0.0828535 0.1772986 0.1594640 0.4935830 0.4985745 0.4952572 0.4907792 0.4349432 0.4581570 0.4400940 0.4836675 0.4126527 0.2192358 0.9044518 0.9083645 0.8934027 0.9146326 0.9003698 0.9158750 0.9201072 0.9318445 0.9267797 1.0343540 1.0463206 1.0679753 1.0617129 1.0474309 1.0673537 1.0571510 0.9299949 0.7383271 0.7351247 0.7547933 0.7561135 0.7490117 0.7507571 0.6651759 0.9708851 
S0021_G6016_R2_A 0.8052268 0.7220584 0.0648138 0.0719891 0.0635930 0.0618992 0.0561398 0.0653845 0.0597765 0.0652030 0.0185403 0.0000000 0.0616980 0.0703101 0.0684064 0.0594999 0.0641585 0.0636561 0.0687123 0.0617674 0.0612480 0.0744756 0.0707330 0.0798213 0.0649288 0.0694160 0.0723333 0.0793695 0.0662510 0.0985234 0.0789330 0.1753489 0.1577685 0.4986750 0.5025646 0.4969704 0.4931904 0.4340266 0.4569708 0.4436093 0.4873094 0.4084819 0.2193250 0.9110177 0.9088241 0.8957751 0.9150897 0.9008328 0.9182818 0.9205625 0.9322948 0.9234682 1.0313980 1.0433106 1.0687858 1.0563134 1.0407610 1.0671951 1.0593136 0.9321943 0.7324537 0.7323923 0.7538931 0.7535433 0.7464623 0.7449316 0.6770778 0.9667111 
S0028_G6016_R1_A 0.8174058 0.6826989 0.0452974 0.0472239 0.0405135 0.0335755 0.0319338 0.0378262 0.0458705 0.0435914 0.0653594 0.0616980 0.0000000 0.0431991 0.0438979 0.0345202 0.0388220 0.0389128 0.0447451 0.0399032 0.0383261 0.0486141 0.0476293 0.0563532 0.0416457 0.0514921 0.0548182 0.0568141 0.0467017 0.0753776 0.0558700 0.1585563 0.1459735 0.4762501 0.4814118 0.4830656 0.4996744 0.4262048 0.4503629 0.4428548 0.4814365 0.3934193 0.1946432 0.8831623 0.8777296 0.8717925 0.8944446 0.8788702 0.8903524 0.8905557 0.9114016 0.8993096 1.0072102 1.0120152 1.0379841 1.0220790 1.0142176 1.0286264 1.0286068 0.9385674 0.7249456 0.7291402 0.7361333 0.7445393 0.7333838 0.7337793 0.6744171 0.9435810 
S0020_G6016_R2_A 0.8267617 0.6948350 0.0516151 0.0537325 0.0471048 0.0455726 0.0377356 0.0438189 0.0527514 0.0491526 0.0735586 0.0703101 0.0431991 0.0000000 0.0506067 0.0403989 0.0453986 0.0422104 0.0487015 0.0432115 0.0443040 0.0431277 0.0516655 0.0605825 0.0471743 0.0550715 0.0573601 0.0571539 0.0541926 0.0807204 0.0618322 0.1735566 0.1567970 0.4913519 0.4968922 0.4974688 0.5130078 0.4406818 0.4665341 0.4574885 0.5003126 0.4101117 0.2053051 0.8789908 0.8735070 0.8591564 0.8831783 0.8746929 0.8843847 0.8884014 0.9001525 0.8934329 1.0016300 0.9954306 1.0330642 1.0169159 0.9905009 1.0227992 1.0205669 0.9337670 0.7456032 0.7428990 0.7466400 0.7525386 0.7420765 0.7559649 0.6885437 0.9413683 
S0022_G6016_R1_A 0.8017417 0.6944041 0.0471980 0.0489119 0.0455062 0.0462382 0.0352104 0.0438924 0.0482385 0.0459104 0.0733986 0.0684064 0.0438979 0.0506067 0.0000000 0.0388967 0.0421963 0.0379708 0.0470775 0.0432686 0.0341825 0.0561163 0.0527797 0.0565057 0.0444768 0.0549897 0.0566677 0.0598974 0.0547547 0.0774442 0.0588747 0.1757950 0.1505137 0.4853778 0.4890288 0.4871285 0.4997457 0.4274451 0.4513954 0.4391484 0.4872706 0.4062049 0.2019550 0.8678688 0.8625358 0.8498208 0.8749399 0.8602033 0.8709178 0.8717844 0.8914723 0.8755400 0.9897375 0.9875874 1.0116778 1.0043378 0.9854131 1.0087840 1.0088162 0.9382449 0.7264580 0.7308470 0.7284977 0.7336027 0.7210392 0.7317156 0.6576865 0.9505903 
S0020_G6016_R1_A 0.7918347 0.6631834 0.0381793 0.0377215 0.0355773 0.0367795 0.0183911 0.0324368 0.0392438 0.0354420 0.0631390 0.0594999 0.0345202 0.0403989 0.0388967 0.0000000 0.0308266 0.0293102 0.0376416 0.0328934 0.0323812 0.0462460 0.0453419 0.0506441 0.0351046 0.0425903 0.0458431 0.0483842 0.0478374 0.0711471 0.0512478 0.1579917 0.1422279 0.4807737 0.4810485 0.4836617 0.4876599 0.4300351 0.4484787 0.4304622 0.4691409 0.3852729 0.1941801 0.8602874 0.8550376 0.8462516 0.8676780 0.8527456 0.8655141 0.8710004 0.8913412 0.8758488 0.9784638 0.9763658 1.0081712 0.9949094 0.9741206 0.9949388 0.9930733 0.9181992 0.7104066 0.7084848 0.7168044 0.7234415 0.7124531 0.7267472 0.6672472 0.9441781 
S0011_G6016_R1_A 0.7771041 0.6612555 0.0436358 0.0466242 0.0382861 0.0411479 0.0277278 0.0346009 0.0436764 0.0413918 0.0678599 0.0641585 0.0388220 0.0453986 0.0421963 0.0308266 0.0000000 0.0330204 0.0425307 0.0371596 0.0361531 0.0508289 0.0492112 0.0539559 0.0394437 0.0481016 0.0497770 0.0529151 0.0507275 0.0725378 0.0525195 0.1650162 0.1480186 0.4749888 0.4801136 0.4793807 0.4875451 0.4293242 0.4482058 0.4342201 0.4727651 0.3974213 0.1959033 0.8589131 0.8536728 0.8449003 0.8662969 0.8513858 0.8658072 0.8661049 0.8880444 0.8744536 0.9902703 0.9881270 1.0204799 1.0120829 0.9859351 1.0041757 1.0051258 0.9191336 0.6928166 0.6953784 0.7038043 0.7117760 0.7009186 0.7004139 0.6740428 0.9264850 
S0046_G6016_R2_A 0.8073797 0.6603061 0.0398594 0.0421947 0.0367581 0.0389868 0.0267193 0.0357344 0.0415750 0.0409142 0.0656541 0.0636561 0.0389128 0.0422104 0.0379708 0.0293102 0.0330204 0.0000000 0.0414806 0.0356649 0.0346219 0.0491891 0.0476577 0.0546853 0.0400253 0.0470820 0.0497825 0.0496993 0.0513423 0.0707592 0.0513728 0.1631151 0.1477835 0.4716164 0.4730578 0.4779853 0.4819994 0.4302876 0.4522472 0.4305004 0.4740544 0.3995819 0.2009934 0.8676199 0.8606259 0.8517340 0.8734069 0.8583003 0.8729095 0.8767783 0.8937377 0.8760207 0.9802801 0.9781637 1.0102366 0.9946923 0.9799785 1.0010279 1.0032792 0.9155425 0.7231687 0.7243990 0.7281637 0.7347597 0.7250574 0.7326584 0.6901218 0.9427725 
S0011_G6016_R2_A 0.7912275 0.6643376 0.0485262 0.0500140 0.0446882 0.0459983 0.0350314 0.0431264 0.0491093 0.0392194 0.0718990 0.0687123 0.0447451 0.0487015 0.0470775 0.0376416 0.0425307 0.0414806 0.0000000 0.0435765 0.0409301 0.0558762 0.0520171 0.0601347 0.0383675 0.0492063 0.0514273 0.0595176 0.0584700 0.0770579 0.0575233 0.1705344 0.1587510 0.4875817 0.4905649 0.4940326 0.5122722 0.4432057 0.4636815 0.4514076 0.5024508 0.4096748 0.2042106 0.8730091 0.8676682 0.8622149 0.8875564 0.8653290 0.8818088 0.8838578 0.9025796 0.8885978 1.0009773 0.9988006 1.0315233 1.0137351 1.0008457 1.0266540 1.0224460 0.9395253 0.7113299 0.7133133 0.7177373 0.7211625 0.7102131 0.7182080 0.6639819 0.9574747 
S0016_G6016_R1_A 0.7724345 0.6732286 0.0366088 0.0361762 0.0308964 0.0411300 0.0303053 0.0383053 0.0458212 0.0413314 0.0653640 0.0617674 0.0399032 0.0432115 0.0432686 0.0328934 0.0371596 0.0356649 0.0435765 0.0000000 0.0350872 0.0491208 0.0481607 0.0545359 0.0372377 0.0492057 0.0508814 0.0539949 0.0501515 0.0765183 0.0463579 0.1655282 0.1478756 0.4825488 0.4885307 0.4902310 0.5030635 0.4415100 0.4608615 0.4461011 0.4886143 0.3904910 0.2002783 0.8827581 0.8773220 0.8664332 0.8903011 0.8749356 0.8897922 0.8937614 0.9127756 0.8964338 1.0019374 0.9997564 1.0325328 1.0167079 0.9976857 1.0180716 1.0161050 0.9392748 0.7233447 0.7198549 0.7221559 0.7318057 0.7198941 0.7338031 0.6758544 0.9514032 
S0030_G6016_R1_A 0.7999910 0.6801863 0.0409612 0.0432994 0.0383166 0.0395033 0.0292749 0.0351553 0.0436259 0.0408511 0.0643517 0.0612480 0.0383261 0.0443040 0.0341825 0.0323812 0.0361531 0.0346219 0.0409301 0.0350872 0.0000000 0.0507916 0.0476338 0.0513367 0.0389030 0.0470572 0.0514385 0.0523579 0.0474014 0.0725231 0.0519343 0.1632159 0.1444017 0.4762425 0.4797734 0.4799765 0.4957425 0.4286666 0.4532668 0.4384460 0.4776750 0.4041660 0.1908318 0.8634606 0.8581683 0.8493160 0.8744232 0.8558557 0.8704028 0.8742498 0.8928496 0.8808390 0.9793836 0.9772709 1.0092990 0.9957322 0.9790748 1.0000995 0.9982021 0.9287387 0.7203007 0.7169862 0.7254150 0.7295016 0.7209214 0.7210729 0.6554430 0.9301216 
S0019_G6016_R2_A 0.8298123 0.7092602 0.0578500 0.0577753 0.0525769 0.0520849 0.0440708 0.0525275 0.0601145 0.0563240 0.0795655 0.0744756 0.0486141 0.0431277 0.0561163 0.0462460 0.0508289 0.0491891 0.0558762 0.0491208 0.0507916 0.0000000 0.0594735 0.0668491 0.0532213 0.0617890 0.0636270 0.0681384 0.0615781 0.0887231 0.0700750 0.1760245 0.1639471 0.5127384 0.5165571 0.5197043 0.5254204 0.4612820 0.4832540 0.4693736 0.5122802 0.4151870 0.2122907 0.9014559 0.8957568 0.8833830 0.9102196 0.9006072 0.9047588 0.9119136 0.9254646 0.9171515 1.0353432 1.0248327 1.0634906 1.0511853 1.0334295 1.0553081 1.0494560 0.9858776 0.7545191 0.7518441 0.7574396 0.7638376 0.7596825 0.7529117 0.7116325 0.9993615 
S0046_G6016_R1_A 0.7922968 0.6801832 0.0543553 0.0553187 0.0487539 0.0472368 0.0405470 0.0477172 0.0559802 0.0540911 0.0751066 0.0707330 0.0476293 0.0516655 0.0527797 0.0453419 0.0492112 0.0476577 0.0520171 0.0481607 0.0476338 0.0594735 0.0000000 0.0648896 0.0510501 0.0611397 0.0639911 0.0644652 0.0575393 0.0828309 0.0645850 0.1759321 0.1532271 0.4939657 0.4995546 0.4995466 0.5099097 0.4389563 0.4595100 0.4481949 0.4990314 0.4064993 0.2147707 0.8872278 0.8834326 0.8759367 0.9019440 0.8755693 0.8977906 0.8981817 0.9193896 0.9051651 0.9927434 0.9968215 1.0237611 1.0271975 0.9966784 1.0181195 1.0097549 0.9392739 0.7128281 0.7072107 0.7116540 0.7135649 0.7102934 0.7088575 0.6573509 0.9705614 
S0017_G6016_R1_A 0.8116000 0.6822420 0.0598647 0.0581343 0.0568907 0.0582385 0.0490387 0.0568316 0.0613872 0.0572753 0.0843008 0.0798213 0.0563532 0.0605825 0.0565057 0.0506441 0.0539559 0.0546853 0.0601347 0.0545359 0.0513367 0.0668491 0.0648896 0.0000000 0.0580795 0.0636846 0.0682243 0.0711264 0.0686960 0.0902880 0.0689916 0.1781682 0.1651567 0.4939663 0.4983348 0.5000077 0.5151027 0.4484742 0.4688756 0.4522769 0.5002961 0.4001156 0.2098274 0.8608514 0.8556027 0.8486234 0.8735896 0.8551268 0.8695916 0.8734156 0.8919067 0.8799674 1.0310208 1.0294750 1.0582735 1.0440765 1.0288922 1.0582604 1.0561125 0.9639507 0.7355317 0.7290883 0.7375867 0.7442621 0.7315831 0.7319675 0.6797159 0.9548371 
S0002_G6016_R2_A 0.7684731 0.6672248 0.0448593 0.0467820 0.0410586 0.0444932 0.0335415 0.0405669 0.0481180 0.0382934 0.0686504 0.0649288 0.0416457 0.0471743 0.0444768 0.0351046 0.0394437 0.0400253 0.0383675 0.0372377 0.0389030 0.0532213 0.0510501 0.0580795 0.0000000 0.0471631 0.0493798 0.0569503 0.0525036 0.0702365 0.0559394 0.1705471 0.1550459 0.4926824 0.4957679 0.4999703 0.5116660 0.4487200 0.4728175 0.4583281 0.4947700 0.4075638 0.1992838 0.8783840 0.8729829 0.8639900 0.8877588 0.8728375 0.8891372 0.8876192 0.9084255 0.8925745 0.9943992 0.9941705 1.0268092 1.0090648 0.9961674 1.0152863 1.0133247 0.9365796 0.7234551 0.7246932 0.7284680 0.7350882 0.7218901 0.7259887 0.6891056 0.9484854 
S0050_G6016_R1_A 0.7709854 0.6534060 0.0531763 0.0546823 0.0493079 0.0538903 0.0399680 0.0481705 0.0526222 0.0436969 0.0731854 0.0694160 0.0514921 0.0550715 0.0549897 0.0425903 0.0481016 0.0470820 0.0492063 0.0492057 0.0470572 0.0617890 0.0611397 0.0636846 0.0471631 0.0000000 0.0128406 0.0632990 0.0591656 0.0794522 0.0662702 0.1756492 0.1575194 0.4913905 0.4968874 0.4998258 0.5033605 0.4438964 0.4665052 0.4487027 0.4962804 0.4144790 0.2117396 0.8680712 0.8662708 0.8538939 0.8790333 0.8604413 0.8714848 0.8788725 0.8975017 0.8798012 1.0021450 1.0047499 1.0327498 1.0129570 1.0020230 1.0348893 1.0308283 0.9346098 0.7315769 0.7236418 0.7304963 0.7340005 0.7274952 0.7359045 0.6806361 0.9596517 
S0048_G6016_R1_A 0.7666335 0.6603535 0.0554403 0.0563938 0.0520764 0.0566966 0.0432062 0.0514489 0.0565497 0.0469599 0.0761389 0.0723333 0.0548182 0.0573601 0.0566677 0.0458431 0.0497770 0.0497825 0.0514273 0.0508814 0.0514385 0.0636270 0.0639911 0.0682243 0.0493798 0.0128406 0.0000000 0.0678863 0.0625134 0.0800280 0.0685329 0.1793466 0.1633408 0.4970959 0.5022047 0.5051808 0.5036255 0.4540392 0.4697863 0.4574612 0.4924014 0.4159105 0.2152848 0.8758338 0.8739973 0.8614974 0.8868782 0.8681061 0.8792652 0.8867366 0.9055581 0.8822250 1.0049513 1.0075675 1.0356958 1.0158215 1.0048523 1.0358209 1.0337703 0.9394045 0.7404544 0.7324845 0.7378381 0.7415122 0.7317083 0.7468039 0.6900142 0.9624070 
S0022_G6016_R2_A 0.8735802 0.7156236 0.0586776 0.0604108 0.0535547 0.0581586 0.0451507 0.0524512 0.0598588 0.0566697 0.0832887 0.0793695 0.0568141 0.0571539 0.0598974 0.0483842 0.0529151 0.0496993 0.0595176 0.0539949 0.0523579 0.0681384 0.0644652 0.0711264 0.0569503 0.0632990 0.0678863 0.0000000 0.0676729 0.0917110 0.0673205 0.1839393 0.1676615 0.4994553 0.5068659 0.5098916 0.5171520 0.4585861 0.4819805 0.4516570 0.5026074 0.4146137 0.2226775 0.8894817 0.8839352 0.8801464 0.9027080 0.8814978 0.9021845 0.9041676 0.9236109 0.9212852 1.0468985 1.0445575 1.0749152 1.0590366 1.0395114 1.0621117 1.0630613 0.9725038 0.7307220 0.7329009 0.7345492 0.7412330 0.7268775 0.7387916 0.6991034 0.9848307 
S0026_G6016_R1_A 0.8110353 0.6832391 0.0541495 0.0574012 0.0518537 0.0485231 0.0451489 0.0501409 0.0574449 0.0561495 0.0688541 0.0662510 0.0467017 0.0541926 0.0547547 0.0478374 0.0507275 0.0513423 0.0584700 0.0501515 0.0474014 0.0615781 0.0575393 0.0686960 0.0525036 0.0591656 0.0625134 0.0676729 0.0000000 0.0851127 0.0643434 0.1661362 0.1531080 0.5082188 0.5130364 0.5062013 0.5130011 0.4299533 0.4552118 0.4544409 0.4995170 0.4041686 0.2033894 0.8994577 0.8938340 0.8882802 0.9110286 0.8896261 0.9027174 0.9070772 0.9305665 0.9141423 1.0172718 1.0150114 1.0531411 1.0368141 1.0230248 1.0405064 1.0363836 0.9479957 0.7318379 0.7306195 0.7367637 0.7405418 0.7413281 0.7347924 0.6771298 0.9607069 
S0012_G6016_R1_A 0.7664256 0.6609120 0.0807862 0.0837020 0.0749193 0.0732251 0.0677653 0.0771656 0.0799816 0.0756344 0.1019616 0.0985234 0.0753776 0.0807204 0.0774442 0.0711471 0.0725378 0.0707592 0.0770579 0.0765183 0.0725231 0.0887231 0.0828309 0.0902880 0.0702365 0.0794522 0.0800280 0.0917110 0.0851127 0.0000000 0.0908460 0.2008494 0.1860390 0.5093185 0.5111577 0.5209620 0.5347409 0.4690189 0.4910188 0.4874631 0.5233049 0.4262519 0.2281696 0.9186015 0.9127982 0.9031975 0.9302421 0.9108935 0.9259347 0.9282287 0.9465030 0.9380154 1.0376574 1.0375918 1.0677815 1.0599629 1.0357899 1.0602158 1.0601105 0.9782409 0.7613931 0.7622139 0.7654918 0.7741186 0.7593933 0.7631346 0.6873377 0.9720951 
S0037_G6016_R1_A 0.7927458 0.6791423 0.0451803 0.0449098 0.0453393 0.0566470 0.0474492 0.0547515 0.0605840 0.0573832 0.0828535 0.0789330 0.0558700 0.0618322 0.0588747 0.0512478 0.0525195 0.0513728 0.0575233 0.0463579 0.0519343 0.0700750 0.0645850 0.0689916 0.0559394 0.0662702 0.0685329 0.0673205 0.0643434 0.0908460 0.0000000 0.1798944 0.1613922 0.4914550 0.4867131 0.4891802 0.4962219 0.4432412 0.4619823 0.4482023 0.4860552 0.4075614 0.2134489 0.9173866 0.9153169 0.8996390 0.9264347 0.9127551 0.9258931 0.9289047 0.9488888 0.9318290 0.9926424 0.9904849 1.0272404 1.0178201 0.9965628 1.0164591 1.0174137 0.9521617 0.7267958 0.7240164 0.7303071 0.7258356 0.7249750 0.7374561 0.6736670 0.9483246 
S0005_G6016_R1_A 0.8006709 0.7349247 0.1667773 0.1633591 0.1709997 0.1660131 0.1553841 0.1661375 0.1608426 0.1715503 0.1772986 0.1753489 0.1585563 0.1735566 0.1757950 0.1579917 0.1650162 0.1631151 0.1705344 0.1655282 0.1632159 0.1760245 0.1759321 0.1781682 0.1705471 0.1756492 0.1793466 0.1839393 0.1661362 0.2008494 0.1798944 0.0000000 0.1672218 0.4945918 0.4848703 0.4873454 0.4426213 0.4038823 0.4321662 0.4134056 0.4665340 0.3994729 0.2020771 0.9463521 0.9444376 0.9510510 0.9504761 0.9392233 0.9580758 0.9577498 0.9614065 0.9457913 1.0061344 1.0066365 1.0244376 1.0230992 1.0146545 1.0106994 1.0076049 0.9308541 0.7699253 0.7609461 0.7580718 0.7570428 0.7449256 0.7636279 0.6795656 0.9882948 
S0035_G6016_R1_A 0.7481034 0.7073339 0.1572367 0.1561600 0.1526711 0.1452024 0.1396680 0.1521717 0.1489781 0.1534837 0.1594640 0.1577685 0.1459735 0.1567970 0.1505137 0.1422279 0.1480186 0.1477835 0.1587510 0.1478756 0.1444017 0.1639471 0.1532271 0.1651567 0.1550459 0.1575194 0.1633408 0.1676615 0.1531080 0.1860390 0.1613922 0.1672218 0.0000000 0.4879515 0.4880775 0.4803606 0.4701078 0.4090404 0.4287538 0.4285293 0.4732169 0.4054190 0.2036943 0.9264985 0.9288325 0.9195235 0.9449839 0.9180750 0.9426080 0.9448002 0.9493544 0.9430199 1.0484284 1.0332513 1.0633419 1.0543199 1.0324172 1.0563200 1.0526956 0.9801570 0.7262235 0.7352900 0.7202936 0.7267980 0.7112200 0.7260316 0.6794498 0.9899977 
S0010_G6016_R1_A 0.7673090 0.6378758 0.4841062 0.4754177 0.4743317 0.4730070 0.4754197 0.4791530 0.4798035 0.4833674 0.4935830 0.4986750 0.4762501 0.4913519 0.4853778 0.4807737 0.4749888 0.4716164 0.4875817 0.4825488 0.4762425 0.5127384 0.4939657 0.4939663 0.4926824 0.4913905 0.4970959 0.4994553 0.5082188 0.5093185 0.4914550 0.4945918 0.4879515 0.0000000 0.0178003 0.0227645 0.1700145 0.1999574 0.2103001 0.1501981 0.1986065 0.6376658 0.3671043 0.9482199 0.9497177 0.9597660 0.9663156 0.9493302 0.9616705 0.9689081 0.9786597 0.9803144 1.0556917 1.0560553 1.0599274 1.0620370 1.0257358 1.0461100 1.0426679 0.9827218 0.6982880 0.6796862 0.6839457 0.6883369 0.6802100 0.7090524 0.6101563 0.8907510 
S0009_G6016_R1_U 0.7733497 0.6379751 0.4875544 0.4750205 0.4772819 0.4724367 0.4789441 0.4876399 0.4851104 0.4850350 0.4985745 0.5025646 0.4814118 0.4968922 0.4890288 0.4810485 0.4801136 0.4730578 0.4905649 0.4885307 0.4797734 0.5165571 0.4995546 0.4983348 0.4957679 0.4968874 0.5022047 0.5068659 0.5130364 0.5111577 0.4867131 0.4848703 0.4880775 0.0178003 0.0000000 0.0233403 0.1647259 0.1901766 0.2028231 0.1432037 0.1920595 0.6442893 0.3623609 0.9731671 0.9747151 0.9831959 0.9921876 0.9742383 0.9831827 0.9947964 1.0072287 1.0009666 1.0526452 1.0575709 1.0569110 1.0612205 1.0224623 1.0430011 1.0464280 0.9842769 0.7010332 0.6804773 0.6839882 0.6876580 0.6802043 0.7076629 0.6019836 0.9051889 
S0009_G6016_R2_A 0.7410862 0.6404245 0.4971128 0.4825510 0.4826558 0.4740474 0.4805841 0.4881642 0.4827094 0.4891264 0.4952572 0.4969704 0.4830656 0.4974688 0.4871285 0.4836617 0.4793807 0.4779853 0.4940326 0.4902310 0.4799765 0.5197043 0.4995466 0.5000077 0.4999703 0.4998258 0.5051808 0.5098916 0.5062013 0.5209620 0.4891802 0.4873454 0.4803606 0.0227645 0.0233403 0.0000000 0.1616876 0.1980396 0.2061291 0.1486902 0.1942198 0.6261161 0.3574044 0.9462274 0.9431483 0.9581219 0.9649680 0.9427770 0.9600530 0.9602913 0.9744411 0.9787504 1.0182930 1.0223153 1.0260798 1.0370535 0.9966584 1.0081712 1.0070359 0.9682410 0.6991280 0.6835408 0.6835102 0.6832224 0.6775165 0.7073352 0.6072537 0.8971605 
S0014_G6016_R1_A 0.7819892 0.6412187 0.4906166 0.4741407 0.4946320 0.4879404 0.4842078 0.4993294 0.4882743 0.4948023 0.4907792 0.4931904 0.4996744 0.5130078 0.4997457 0.4876599 0.4875451 0.4819994 0.5122722 0.5030635 0.4957425 0.5254204 0.5099097 0.5151027 0.5116660 0.5033605 0.5036255 0.5171520 0.5130011 0.5347409 0.4962219 0.4426213 0.4701078 0.1700145 0.1647259 0.1616876 0.0000000 0.1664108 0.1731956 0.1076541 0.1142495 0.6043336 0.3543254 0.9491752 0.9468259 0.9536109 0.9583782 0.9444535 0.9555765 0.9536923 0.9579856 0.9624787 1.0025843 1.0144310 1.0211517 1.0240449 0.9909196 1.0011626 0.9925721 0.9183873 0.7412652 0.7136911 0.7326263 0.7347934 0.7303711 0.7342100 0.5971666 0.9119090 
S0015_G6016_R1_A 0.7858417 0.6077540 0.4401106 0.4208318 0.4324768 0.4151296 0.4225504 0.4360104 0.4365448 0.4344828 0.4349432 0.4340266 0.4262048 0.4406818 0.4274451 0.4300351 0.4293242 0.4302876 0.4432057 0.4415100 0.4286666 0.4612820 0.4389563 0.4484742 0.4487200 0.4438964 0.4540392 0.4585861 0.4299533 0.4690189 0.4432412 0.4038823 0.4090404 0.1999574 0.1901766 0.1980396 0.1664108 0.0000000 0.0869614 0.1386102 0.1917476 0.5830570 0.3074536 0.9615559 0.9570074 0.9607123 0.9694700 0.9491798 0.9640701 0.9662980 0.9765237 0.9618446 1.0278480 1.0288067 1.0313000 1.0375949 1.0085507 1.0319676 1.0208678 0.9617783 0.7113385 0.6947390 0.7122855 0.7064812 0.6974035 0.7046021 0.5939295 0.9030682 
S0034_G6016_R1_A 0.7908678 0.6373370 0.4617795 0.4416981 0.4472959 0.4459118 0.4431645 0.4606990 0.4480709 0.4503650 0.4581570 0.4569708 0.4503629 0.4665341 0.4513954 0.4484787 0.4482058 0.4522472 0.4636815 0.4608615 0.4532668 0.4832540 0.4595100 0.4688756 0.4728175 0.4665052 0.4697863 0.4819805 0.4552118 0.4910188 0.4619823 0.4321662 0.4287538 0.2103001 0.2028231 0.2061291 0.1731956 0.0869614 0.0000000 0.1573419 0.2101865 0.5862060 0.3294138 0.9852977 0.9723074 0.9761070 0.9890932 0.9643471 0.9753333 0.9903368 0.9893118 0.9814892 1.0678364 1.0622559 1.0705828 1.0761007 1.0492085 1.0639591 1.0588113 0.9890390 0.7073763 0.6934492 0.7179729 0.7081353 0.6982389 0.7032590 0.6487477 0.9085113 
S0008_G6016_R1_A 0.7606585 0.6451693 0.4458504 0.4185871 0.4365527 0.4353803 0.4296568 0.4436671 0.4317979 0.4465321 0.4400940 0.4436093 0.4428548 0.4574885 0.4391484 0.4304622 0.4342201 0.4305004 0.4514076 0.4461011 0.4384460 0.4693736 0.4481949 0.4522769 0.4583281 0.4487027 0.4574612 0.4516570 0.4544409 0.4874631 0.4482023 0.4134056 0.4285293 0.1501981 0.1432037 0.1486902 0.1076541 0.1386102 0.1573419 0.0000000 0.1411263 0.5871280 0.3039078 0.9411895 0.9455639 0.9498313 0.9552553 0.9404100 0.9482240 0.9480866 0.9540498 0.9622467 0.9597516 0.9763859 0.9705903 0.9798104 0.9506988 0.9695273 0.9645931 0.9114431 0.6585870 0.6440487 0.6481195 0.6448880 0.6438503 0.6455934 0.5857145 0.8773489 
S0027_G6016_R1_A 0.6788799 0.5939196 0.4831837 0.4839514 0.4840578 0.4737236 0.4786970 0.4911787 0.4638924 0.4832121 0.4836675 0.4873094 0.4814365 0.5003126 0.4872706 0.4691409 0.4727651 0.4740544 0.5024508 0.4886143 0.4776750 0.5122802 0.4990314 0.5002961 0.4947700 0.4962804 0.4924014 0.5026074 0.4995170 0.5233049 0.4860552 0.4665340 0.4732169 0.1986065 0.1920595 0.1942198 0.1142495 0.1917476 0.2101865 0.1411263 0.0000000 0.5774711 0.3727662 0.9361098 0.9384698 0.9440524 0.9548949 0.9299497 0.9501328 0.9327101 0.9550881 0.9486443 0.9629149 0.9702028 0.9765037 0.9778611 0.9632991 0.9627507 0.9449518 0.9034858 0.7549938 0.7285235 0.7338067 0.7461733 0.7253695 0.7411784 0.5896059 0.8993556 
S0006_G6016_R1_A 0.8205040 0.8502295 0.4139763 0.3959965 0.4021842 0.3907038 0.3916520 0.4076180 0.4073259 0.4067041 0.4126527 0.4084819 0.3934193 0.4101117 0.4062049 0.3852729 0.3974213 0.3995819 0.4096748 0.3904910 0.4041660 0.4151870 0.4064993 0.4001156 0.4075638 0.4144790 0.4159105 0.4146137 0.4041686 0.4262519 0.4075614 0.3994729 0.4054190 0.6376658 0.6442893 0.6261161 0.6043336 0.5830570 0.5862060 0.5871280 0.5774711 0.0000000 0.3973023 1.0490602 1.0464603 1.0465290 1.0496733 1.0475234 1.0547757 1.0675945 1.0856513 1.0592058 1.1512480 1.1634604 1.1709289 1.1529525 1.1331001 1.1591043 1.1629439 1.0398142 0.8608033 0.8526492 0.8482361 0.8693990 0.8558483 0.8772251 0.8231328 1.1007430 
S0033_G6016_R1_A 0.6343057 0.6491491 0.2039290 0.2001343 0.2042050 0.1995547 0.1881933 0.2016262 0.2001475 0.2034790 0.2192358 0.2193250 0.1946432 0.2053051 0.2019550 0.1941801 0.1959033 0.2009934 0.2042106 0.2002783 0.1908318 0.2122907 0.2147707 0.2098274 0.1992838 0.2117396 0.2152848 0.2226775 0.2033894 0.2281696 0.2134489 0.2020771 0.2036943 0.3671043 0.3623609 0.3574044 0.3543254 0.3074536 0.3294138 0.3039078 0.3727662 0.3973023 0.0000000 0.8598025 0.8479875 0.8563792 0.8727047 0.8542819 0.8620821 0.8677966 0.8792053 0.8724737 0.9540328 0.9589648 0.9648098 0.9532011 0.9547435 0.9564058 0.9685720 0.9229099 0.6507876 0.6412547 0.6459419 0.6412435 0.6326155 0.6492123 0.5821354 0.8863731 
S0043_G6016_R1_N 1.1634984 1.1781991 0.8903597 0.8762491 0.8777701 0.8681033 0.8585105 0.8622353 0.8724132 0.8515105 0.9044518 0.9110177 0.8831623 0.8789908 0.8678688 0.8602874 0.8589131 0.8676199 0.8730091 0.8827581 0.8634606 0.9014559 0.8872278 0.8608514 0.8783840 0.8680712 0.8758338 0.8894817 0.8994577 0.9186015 0.9173866 0.9463521 0.9264985 0.9482199 0.9731671 0.9462274 0.9491752 0.9615559 0.9852977 0.9411895 0.9361098 1.0490602 0.8598025 0.0000000 0.0073471 0.0209515 0.0214314 0.0098267 0.0209596 0.0199378 0.0225170 0.0287532 0.2404622 0.2369629 0.2384108 0.2413260 0.2351510 0.2431732 0.2454677 0.2261731 0.8198121 0.8242069 0.8252550 0.8307597 0.8297981 0.8154712 0.7509162 0.6635302 
S0041_G6016_R1_N 1.1468146 1.1661482 0.8884134 0.8754837 0.8746169 0.8627746 0.8532807 0.8534811 0.8669977 0.8514203 0.9083645 0.9088241 0.8777296 0.8735070 0.8625358 0.8550376 0.8536728 0.8606259 0.8676682 0.8773220 0.8581683 0.8957568 0.8834326 0.8556027 0.8729829 0.8662708 0.8739973 0.8839352 0.8938340 0.9127982 0.9153169 0.9444376 0.9288325 0.9497177 0.9747151 0.9431483 0.9468259 0.9570074 0.9723074 0.9455639 0.9384698 1.0464603 0.8479875 0.0073471 0.0000000 0.0193766 0.0188464 0.0093165 0.0193841 0.0173599 0.0199164 0.0255629 0.2367837 0.2333035 0.2355407 0.2376404 0.2303616 0.2394486 0.2417389 0.2212860 0.8205419 0.8249479 0.8278172 0.8333757 0.8288623 0.8145312 0.7532852 0.6603406 
S0045_G6016_R1_A 1.1487437 1.1673667 0.8772837 0.8656333 0.8637835 0.8556826 0.8461610 0.8481102 0.8579582 0.8392711 0.8934027 0.8957751 0.8717925 0.8591564 0.8498208 0.8462516 0.8449003 0.8517340 0.8622149 0.8664332 0.8493160 0.8833830 0.8759367 0.8486234 0.8639900 0.8538939 0.8614974 0.8801464 0.8882802 0.9031975 0.8996390 0.9510510 0.9195235 0.9597660 0.9831959 0.9581219 0.9536109 0.9607123 0.9761070 0.9498313 0.9440524 1.0465290 0.8563792 0.0209515 0.0193766 0.0000000 0.0132810 0.0234581 0.0078295 0.0173361 0.0178489 0.0255247 0.2370737 0.2335992 0.2350455 0.2379292 0.2298755 0.2397367 0.2420225 0.2214270 0.8330320 0.8394658 0.8368328 0.8424744 0.8415363 0.8270928 0.7679606 0.6697587 
S0045_G6016_R2_A 1.1641184 1.1861089 0.9016637 0.8887838 0.8875341 0.8792805 0.8640662 0.8661547 0.8799780 0.8639843 0.9146326 0.9150897 0.8944446 0.8831783 0.8749399 0.8676780 0.8662969 0.8734069 0.8875564 0.8903011 0.8744232 0.9102196 0.9019440 0.8735896 0.8877588 0.8790333 0.8868782 0.9027080 0.9110286 0.9302421 0.9264347 0.9504761 0.9449839 0.9663156 0.9921876 0.9649680 0.9583782 0.9694700 0.9890932 0.9552553 0.9548949 1.0496733 0.8727047 0.0214314 0.0188464 0.0132810 0.0000000 0.0229181 0.0122910 0.0138075 0.0158174 0.0239589 0.2361774 0.2334640 0.2364843 0.2377909 0.2305297 0.2395962 0.2418808 0.2197259 0.8494629 0.8542052 0.8551503 0.8573764 0.8545783 0.8419187 0.7584390 0.6663519 
S0047_G6016_R1_N 1.1432403 1.1654139 0.8920615 0.8791513 0.8700319 0.8604434 0.8509985 0.8511855 0.8681605 0.8424481 0.9003698 0.9008328 0.8788702 0.8746929 0.8602033 0.8527456 0.8513858 0.8583003 0.8653290 0.8749356 0.8558557 0.9006072 0.8755693 0.8551268 0.8728375 0.8604413 0.8681061 0.8814978 0.8896261 0.9108935 0.9127551 0.9392233 0.9180750 0.9493302 0.9742383 0.9427770 0.9444535 0.9491798 0.9643471 0.9404100 0.9299497 1.0475234 0.8542819 0.0098267 0.0093165 0.0234581 0.0229181 0.0000000 0.0234671 0.0214252 0.0240092 0.0292201 0.2445564 0.2410523 0.2432881 0.2454241 0.2392646 0.2473062 0.2495944 0.2288532 0.8313783 0.8359140 0.8387054 0.8408026 0.8398607 0.8254278 0.7532745 0.6684681 
S0044_G6016_R1_N 1.1538217 1.1747023 0.8953250 0.8806913 0.8851626 0.8733891 0.8670633 0.8675007 0.8794713 0.8583618 0.9158750 0.9182818 0.8903524 0.8843847 0.8709178 0.8655141 0.8658072 0.8729095 0.8818088 0.8897922 0.8704028 0.9047588 0.8977906 0.8695916 0.8891372 0.8714848 0.8792652 0.9021845 0.9027174 0.9259347 0.9258931 0.9580758 0.9426080 0.9616705 0.9831827 0.9600530 0.9555765 0.9640701 0.9753333 0.9482240 0.9501328 1.0547757 0.8620821 0.0209596 0.0193841 0.0078295 0.0122910 0.0234671 0.0000000 0.0173427 0.0178557 0.0255346 0.2390953 0.2356081 0.2370545 0.2399552 0.2326710 0.2417852 0.2440748 0.2235111 0.8553017 0.8601271 0.8591318 0.8650343 0.8641444 0.8494903 0.7824406 0.6735129 
S0038_G6016_R1_A 1.1254109 1.1713728 0.9052226 0.8851075 0.8909727 0.8770866 0.8727106 0.8711721 0.8851451 0.8637870 0.9201072 0.9205625 0.8905557 0.8884014 0.8717844 0.8710004 0.8661049 0.8767783 0.8838578 0.8937614 0.8742498 0.9119136 0.8981817 0.8734156 0.8876192 0.8788725 0.8867366 0.9041676 0.9070772 0.9282287 0.9289047 0.9577498 0.9448002 0.9689081 0.9947964 0.9602913 0.9536923 0.9662980 0.9903368 0.9480866 0.9327101 1.0675945 0.8677966 0.0199378 0.0173599 0.0173361 0.0138075 0.0214252 0.0173427 0.0000000 0.0108211 0.0219770 0.2362833 0.2328115 0.2358326 0.2371376 0.2298744 0.2389376 0.2412235 0.2190454 0.8476933 0.8505274 0.8532194 0.8554395 0.8526153 0.8345947 0.7705404 0.6678043 
S0042_G6016_R1_N 1.1677397 1.2052667 0.9246672 0.9038214 0.9098868 0.8976542 0.8911774 0.8879887 0.9041737 0.8820742 0.9318445 0.9322948 0.9114016 0.9001525 0.8914723 0.8913412 0.8880444 0.8937377 0.9025796 0.9127756 0.8928496 0.9254646 0.9193896 0.8919067 0.9084255 0.8975017 0.9055581 0.9236109 0.9305665 0.9465030 0.9488888 0.9614065 0.9493544 0.9786597 1.0072287 0.9744411 0.9579856 0.9765237 0.9893118 0.9540498 0.9550881 1.0856513 0.8792053 0.0225170 0.0199164 0.0178489 0.0158174 0.0240092 0.0178557 0.0108211 0.0000000 0.0250811 0.2365510 0.2330746 0.2353099 0.2374066 0.2301349 0.2392110 0.2399345 0.2221706 0.8605904 0.8674252 0.8663470 0.8686788 0.8677921 0.8494016 0.7800887 0.6648084 
S0040_G6016_R1_N 1.1433278 1.1849532 0.9044254 0.8859378 0.8919166 0.8857341 0.8775607 0.8779153 0.8864922 0.8650658 0.9267797 0.9234682 0.8993096 0.8934329 0.8755400 0.8758488 0.8744536 0.8760207 0.8885978 0.8964338 0.8808390 0.9171515 0.9051651 0.8799674 0.8925745 0.8798012 0.8822250 0.9212852 0.9141423 0.9380154 0.9318290 0.9457913 0.9430199 0.9803144 1.0009666 0.9787504 0.9624787 0.9618446 0.9814892 0.9622467 0.9486443 1.0592058 0.8724737 0.0287532 0.0255629 0.0255247 0.0239589 0.0292201 0.0255346 0.0219770 0.0250811 0.0000000 0.2412471 0.2377454 0.2384291 0.2421120 0.2348059 0.2439668 0.2462611 0.2239170 0.8408301 0.8455036 0.8482395 0.8504248 0.8494979 0.8367868 0.7730600 0.6833765 
S0038_G6016_R2_A 1.2142985 1.2550560 0.9944692 0.9796903 0.9809653 0.9889828 0.9876555 1.0121249 0.9657393 1.0091421 1.0343540 1.0313980 1.0072102 1.0016300 0.9897375 0.9784638 0.9902703 0.9802801 1.0009773 1.0019374 0.9793836 1.0353432 0.9927434 1.0310208 0.9943992 1.0021450 1.0049513 1.0468985 1.0172718 1.0376574 0.9926424 1.0061344 1.0484284 1.0556917 1.0526452 1.0182930 1.0025843 1.0278480 1.0678364 0.9597516 0.9629149 1.1512480 0.9540328 0.2404622 0.2367837 0.2370737 0.2361774 0.2445564 0.2390953 0.2362833 0.2365510 0.2412471 0.0000000 0.0184266 0.0169102 0.0210106 0.0180927 0.0298489 0.0272206 0.0480860 0.9408654 0.9350403 0.9289028 0.9335106 0.9295770 0.9096178 0.7503732 0.6277960 
S0042_G6016_R2_N 1.1966679 1.2508710 0.9923034 0.9775401 0.9748377 0.9889696 0.9855257 1.0057764 0.9748527 1.0069406 1.0463206 1.0433106 1.0120152 0.9954306 0.9875874 0.9763658 0.9881270 0.9781637 0.9988006 0.9997564 0.9772709 1.0248327 0.9968215 1.0294750 0.9941705 1.0047499 1.0075675 1.0445575 1.0150114 1.0375918 0.9904849 1.0066365 1.0332513 1.0560553 1.0575709 1.0223153 1.0144310 1.0288067 1.0622559 0.9763859 0.9702028 1.1634604 0.9589648 0.2369629 0.2333035 0.2335992 0.2334640 0.2410523 0.2356081 0.2328115 0.2330746 0.2377454 0.0184266 0.0000000 0.0174268 0.0225580 0.0186196 0.0293404 0.0298193 0.0481761 0.9414784 0.9356452 0.9294867 0.9361804 0.9323648 0.9085206 0.7488728 0.6325032 
S0044_G6016_R2_N 1.1996280 1.2615100 1.0249453 1.0066708 1.0087830 1.0192520 1.0198881 1.0411175 0.9980362 1.0356950 1.0679753 1.0687858 1.0379841 1.0330642 1.0116778 1.0081712 1.0204799 1.0102366 1.0315233 1.0325328 1.0092990 1.0634906 1.0237611 1.0582735 1.0268092 1.0327498 1.0356958 1.0749152 1.0531411 1.0677815 1.0272404 1.0244376 1.0633419 1.0599274 1.0569110 1.0260798 1.0211517 1.0313000 1.0705828 0.9705903 0.9765037 1.1709289 0.9648098 0.2384108 0.2355407 0.2350455 0.2364843 0.2432881 0.2370545 0.2358326 0.2353099 0.2384291 0.0169102 0.0174268 0.0000000 0.0189318 0.0165405 0.0288194 0.0282626 0.0361276 0.9318039 0.9280380 0.9187312 0.9273312 0.9235341 0.8970847 0.7484541 0.6269820 
S0045_G6016_R3_A 1.2188838 1.2602178 1.0162657 0.9916103 0.9974606 1.0057421 1.0001972 1.0249193 0.9886004 1.0240240 1.0617129 1.0563134 1.0220790 1.0169159 1.0043378 0.9949094 1.0120829 0.9946923 1.0137351 1.0167079 0.9957322 1.0511853 1.0271975 1.0440765 1.0090648 1.0129570 1.0158215 1.0590366 1.0368141 1.0599629 1.0178201 1.0230992 1.0543199 1.0620370 1.0612205 1.0370535 1.0240449 1.0375949 1.0761007 0.9798104 0.9778611 1.1529525 0.9532011 0.2413260 0.2376404 0.2379292 0.2377909 0.2454241 0.2399552 0.2371376 0.2374066 0.2421120 0.0210106 0.0225580 0.0189318 0.0000000 0.0222047 0.0320109 0.0319690 0.0457855 0.9346942 0.9309307 0.9250443 0.9335675 0.9294410 0.9106873 0.7482397 0.6296316 
S0040_G6016_R2_N 1.2162285 1.2428192 0.9901649 0.9752508 0.9896664 0.9887519 0.9874148 1.0079099 0.9717099 1.0049299 1.0474309 1.0407610 1.0142176 0.9905009 0.9854131 0.9741206 0.9859351 0.9799785 1.0008457 0.9976857 0.9790748 1.0334295 0.9966784 1.0288922 0.9961674 1.0020230 1.0048523 1.0395114 1.0230248 1.0357899 0.9965628 1.0146545 1.0324172 1.0257358 1.0224623 0.9966584 0.9909196 1.0085507 1.0492085 0.9506988 0.9632991 1.1331001 0.9547435 0.2351510 0.2303616 0.2298755 0.2305297 0.2392646 0.2326710 0.2298744 0.2301349 0.2348059 0.0180927 0.0186196 0.0165405 0.0222047 0.0000000 0.0243325 0.0248170 0.0456515 0.9389714 0.9352181 0.9290452 0.9357580 0.9351416 0.9063294 0.7416938 0.6345675 
