54
S0051_G6035_R1_A 0.0000000 0.0103270 0.3527023 0.3166108 0.3753433 0.3152563 0.3152563 0.3556069 0.3789601 0.4286782 0.4498668 0.4093092 0.4235376 0.3947046 0.4034400 0.4258784 0.4188653 0.4280551 0.3969064 0.4086698 0.4222089 0.4456762 0.4273645 0.4278716 0.4361335 0.4093754 0.4116069 0.4187040 0.4314296 0.4213120 0.4537450 0.4534797 0.4418648 0.4205763 0.4178800 0.3946714 0.4763109 0.4237460 0.4674170 0.4744716 0.4701479 0.5050658 0.4924203 0.4960901 0.4908417 0.6382546 0.6342353 0.6301010 0.6248839 0.6476785 0.6412194 0.6384443 0.6143533 0.6539325 
S0039_G6035_R1_A 0.0103270 0.0000000 0.3443853 0.3088257 0.3740559 0.3099423 0.3099423 0.3456968 0.3730878 0.4257173 0.4510602 0.4043709 0.4184868 0.3897309 0.3974978 0.4224955 0.4138544 0.4229167 0.3965672 0.4037445 0.4171402 0.4437145 0.4191241 0.4227955 0.4309845 0.4044789 0.4066934 0.4137351 0.4263358 0.4162269 0.4472916 0.4521540 0.4388122 0.4155762 0.4169345 0.3866975 0.4705365 0.4229748 0.4480659 0.4600845 0.4564253 0.4925356 0.4800440 0.4809964 0.4820231 0.6304480 0.6264737 0.6222649 0.6171732 0.6397035 0.6333310 0.6274989 0.6068010 0.6459037 
S0027_G6035_R1_A 0.3527023 0.3443853 0.0000000 0.0853048 0.1269136 0.2313528 0.2313528 0.1626390 0.1802993 0.2676341 0.2852793 0.2872248 0.2678211 0.2383345 0.2696078 0.2701169 0.2752367 0.2662608 0.2497472 0.2825714 0.2723543 0.2793609 0.2740745 0.2920006 0.2830131 0.2565298 0.2579795 0.2659829 0.2887048 0.2932654 0.2839514 0.2938278 0.2901365 0.2756505 0.2691266 0.2701548 0.3170654 0.3096079 0.4199214 0.4299471 0.3913800 0.4188919 0.4261467 0.4278319 0.3911609 0.5451993 0.5346503 0.5312790 0.5352502 0.5551242 0.5505329 0.5593389 0.5564832 0.5513288 
S0014_G6035_R1_A 0.3166108 0.3088257 0.0853048 0.0000000 0.1123991 0.2146366 0.2146366 0.1380722 0.1665629 0.2439167 0.2625772 0.2502246 0.2338995 0.2091800 0.2416884 0.2382687 0.2441388 0.2364411 0.2180872 0.2527870 0.2515177 0.2531404 0.2427515 0.2517051 0.2519529 0.2350521 0.2350521 0.2465127 0.2565880 0.2541984 0.2639572 0.2631392 0.2563176 0.2362096 0.2463816 0.2692483 0.3189403 0.2877302 0.4274482 0.4317563 0.4090508 0.4425938 0.4501201 0.4347800 0.3878236 0.4905525 0.4808874 0.4837119 0.4814000 0.4995098 0.4981698 0.5035480 0.4957092 0.5038805 
S0008_G6035_R1_A 0.3753433 0.3740559 0.1269136 0.1123991 0.0000000 0.2508902 0.2508902 0.1168226 0.1781379 0.2715150 0.2913387 0.2772913 0.2640325 0.2503585 0.2513164 0.2604874 0.2666343 0.2670445 0.2567139 0.2687032 0.2717254 0.2796463 0.2844722 0.2811857 0.2863801 0.2741730 0.2738420 0.2838912 0.2910772 0.3140979 0.2904603 0.2985738 0.2964093 0.2692344 0.2684699 0.2701174 0.3133011 0.3210013 0.4729317 0.4737066 0.4614971 0.4898511 0.5021193 0.4971722 0.4982123 0.5627567 0.5512965 0.5522372 0.5508556 0.5731369 0.5760102 0.5770098 0.5711011 0.5735475 
S0009_G6035_R1_A 0.3152563 0.3099423 0.2313528 0.2146366 0.2508902 0.0000000 0.0000010 0.2539922 0.2814671 0.3480108 0.3606971 0.3300992 0.3161019 0.3049537 0.3206972 0.3200703 0.3341797 0.3091067 0.2895936 0.3465064 0.3326303 0.3305647 0.3295618 0.3406523 0.3374363 0.3324152 0.3344064 0.3372189 0.3317140 0.3279142 0.3685232 0.3517427 0.3489739 0.3176416 0.3111045 0.3204589 0.3751869 0.3549214 0.4484855 0.4519591 0.4206762 0.4512137 0.4530379 0.4365774 0.4356790 0.6140825 0.5874358 0.6115016 0.5915564 0.6135245 0.6089635 0.6203314 0.6095392 0.6156034 
S0010_G6035_R1_A 0.3152563 0.3099423 0.2313528 0.2146366 0.2508902 0.0000010 0.0000000 0.2539922 0.2814671 0.3480108 0.3606971 0.3300992 0.3161019 0.3049537 0.3206972 0.3200703 0.3341797 0.3091067 0.2895936 0.3465064 0.3326303 0.3305647 0.3295618 0.3406523 0.3374363 0.3324152 0.3344064 0.3372189 0.3317140 0.3279142 0.3685232 0.3517427 0.3489739 0.3176416 0.3111045 0.3204589 0.3751869 0.3549214 0.4484855 0.4519591 0.4206762 0.4512137 0.4530379 0.4365774 0.4356790 0.6140825 0.5874358 0.6115016 0.5915564 0.6135245 0.6089635 0.6203314 0.6095392 0.6156034 
S0015_G6035_R1_A 0.3556069 0.3456968 0.1626390 0.1380722 0.1168226 0.2539922 0.2539922 0.0000000 0.1046337 0.2705816 0.3049801 0.2662310 0.2582481 0.2504610 0.2457329 0.2514177 0.2656462 0.2550772 0.2488139 0.2666212 0.2698920 0.2847263 0.2776106 0.2684038 0.2625921 0.2678076 0.2674630 0.2789936 0.2740184 0.2915385 0.2932040 0.2872800 0.2753875 0.2667951 0.2626246 0.2655352 0.2956027 0.3003305 0.4891474 0.4931889 0.4583171 0.4958424 0.4973925 0.4924248 0.4199991 0.5502698 0.5490347 0.5438738 0.5412787 0.5648798 0.5718602 0.5574667 0.5717290 0.5695117 
S0034_G6035_R1_A 0.3789601 0.3730878 0.1802993 0.1665629 0.1781379 0.2814671 0.2814671 0.1046337 0.0000000 0.2939732 0.3153918 0.3001060 0.2917756 0.2835371 0.2872589 0.2895516 0.2991464 0.2793191 0.2840195 0.2957594 0.2925650 0.3292129 0.3099179 0.3093292 0.3009010 0.2970890 0.2970890 0.3126361 0.3037909 0.3202482 0.3249454 0.3249902 0.3148048 0.2953117 0.2925736 0.3028099 0.3367442 0.3307973 0.5667371 0.5662149 0.5415056 0.5795415 0.5849150 0.5717814 0.4785738 0.5794685 0.5900396 0.5766986 0.5837946 0.6104518 0.6104158 0.5895861 0.6026922 0.6135024 
S0031_G6035_R1_A 0.4286782 0.4257173 0.2676341 0.2439167 0.2715150 0.3480108 0.3480108 0.2705816 0.2939732 0.0000000 0.0334665 0.0583108 0.0457443 0.0496831 0.0550301 0.0620795 0.0538971 0.0595387 0.0555264 0.0680939 0.0508860 0.0931111 0.0636740 0.0747449 0.0695507 0.0576174 0.0575657 0.0660910 0.0648298 0.0773663 0.0514003 0.0790987 0.0718167 0.0562207 0.1509348 0.1873049 0.2267268 0.2801247 0.4434397 0.4364277 0.4556995 0.4768251 0.4795805 0.5058290 0.4917968 0.4662220 0.4632486 0.4728233 0.4649884 0.4721584 0.4698856 0.4858707 0.4709407 0.4845178 
S0018_G6035_R1_U 0.4498668 0.4510602 0.2852793 0.2625772 0.2913387 0.3606971 0.3606971 0.3049801 0.3153918 0.0334665 0.0000000 0.0742996 0.0656522 0.0683903 0.0704347 0.0787210 0.0744868 0.0782831 0.0709126 0.0857451 0.0668844 0.1059392 0.0823771 0.0937715 0.0884391 0.0728323 0.0727656 0.0882264 0.0802129 0.0931702 0.0685153 0.1020631 0.0942498 0.0789586 0.1740148 0.2018980 0.2454337 0.3003300 0.4494609 0.4450739 0.4611745 0.4842158 0.4898171 0.5164887 0.5268416 0.4838480 0.4785185 0.4908336 0.4827055 0.4926627 0.4876775 0.5014517 0.4863302 0.5001796 
S0004_G6035_R1_A 0.4093092 0.4043709 0.2872248 0.2502246 0.2772913 0.3300992 0.3300992 0.2662310 0.3001060 0.0583108 0.0742996 0.0000000 0.0432633 0.0527068 0.0611339 0.0648824 0.0619982 0.0623111 0.0563138 0.0708477 0.0528733 0.0936845 0.0698707 0.0818496 0.0745015 0.0658379 0.0657785 0.0756273 0.0697666 0.0778999 0.0706353 0.0856256 0.0770158 0.0601149 0.1685465 0.2007577 0.2403960 0.2847256 0.4525335 0.4530910 0.4567548 0.4872841 0.4872754 0.5054807 0.4883313 0.4951722 0.4825439 0.4955635 0.4873191 0.5042231 0.4970192 0.4984367 0.4951779 0.5096220 
S0016_G6035_R1_A 0.4235376 0.4184868 0.2678211 0.2338995 0.2640325 0.3161019 0.3161019 0.2582481 0.2917756 0.0457443 0.0656522 0.0432633 0.0000000 0.0419440 0.0471441 0.0540984 0.0471677 0.0484507 0.0446026 0.0568141 0.0424283 0.0832745 0.0556191 0.0633727 0.0624847 0.0530433 0.0529963 0.0625460 0.0558797 0.0688753 0.0598896 0.0676477 0.0647907 0.0495952 0.1485188 0.1771091 0.2136726 0.2640249 0.4314259 0.4321092 0.4343261 0.4555636 0.4580665 0.4784179 0.4953384 0.4707576 0.4628907 0.4754624 0.4630185 0.4746920 0.4770056 0.4784306 0.4709410 0.4871945 
S0019_G6035_R1_A 0.3947046 0.3897309 0.2383345 0.2091800 0.2503585 0.3049537 0.3049537 0.2504610 0.2835371 0.0496831 0.0683903 0.0527068 0.0419440 0.0000000 0.0488745 0.0518090 0.0457889 0.0320389 0.0505749 0.0505693 0.0507332 0.0762463 0.0597850 0.0637029 0.0573071 0.0528143 0.0527658 0.0636604 0.0462666 0.0689677 0.0693493 0.0701633 0.0662091 0.0503986 0.1422433 0.1670045 0.2126016 0.2277581 0.4570161 0.4554215 0.4624759 0.4973419 0.4975922 0.5254052 0.5043332 0.4894872 0.4809705 0.4889339 0.4806145 0.4977591 0.4904542 0.5033169 0.4951335 0.5032478 
S0022_G6035_R1_A 0.4034400 0.3974978 0.2696078 0.2416884 0.2513164 0.3206972 0.3206972 0.2457329 0.2872589 0.0550301 0.0704347 0.0611339 0.0471441 0.0488745 0.0000000 0.0594804 0.0544411 0.0555359 0.0529611 0.0679462 0.0526707 0.0876820 0.0666504 0.0723742 0.0703552 0.0616449 0.0615876 0.0670592 0.0633096 0.0772010 0.0696373 0.0818370 0.0730751 0.0556873 0.1436512 0.1767776 0.2195581 0.2663095 0.4521472 0.4532827 0.4533428 0.4873887 0.4877210 0.5110106 0.5076360 0.4821256 0.4806666 0.4900244 0.4824251 0.4949073 0.4923944 0.5004888 0.4910248 0.4950144 
S0011_G6035_R1_A 0.4258784 0.4224955 0.2701169 0.2382687 0.2604874 0.3200703 0.3200703 0.2514177 0.2895516 0.0620795 0.0787210 0.0648824 0.0540984 0.0518090 0.0594804 0.0000000 0.0458484 0.0607309 0.0540768 0.0637939 0.0640727 0.0898975 0.0716398 0.0738623 0.0653207 0.0608242 0.0607685 0.0696412 0.0613684 0.0786160 0.0740770 0.0809879 0.0734713 0.0615798 0.1479201 0.1905380 0.2214940 0.2751860 0.4445327 0.4369037 0.4396328 0.4692828 0.4731378 0.4806217 0.4951002 0.4799007 0.4761202 0.4830746 0.4757705 0.4879417 0.4855091 0.4946963 0.4867777 0.4981733 
S0036_G6035_R1_U 0.4188653 0.4138544 0.2752367 0.2441388 0.2666343 0.3341797 0.3341797 0.2656462 0.2991464 0.0538971 0.0744868 0.0619982 0.0471677 0.0457889 0.0544411 0.0458484 0.0000000 0.0514695 0.0524875 0.0619842 0.0579513 0.0891149 0.0607854 0.0610168 0.0569545 0.0536377 0.0535896 0.0611394 0.0523023 0.0741026 0.0753544 0.0730116 0.0678714 0.0533056 0.1519506 0.1910176 0.2265913 0.2684035 0.4598366 0.4546315 0.4591607 0.4915787 0.4987949 0.5092860 0.5037538 0.4657222 0.4652192 0.4749587 0.4648881 0.4765766 0.4720407 0.4854184 0.4755125 0.4818020 
S0020_G6035_R1_U 0.4280551 0.4229167 0.2662608 0.2364411 0.2670445 0.3091067 0.3091067 0.2550772 0.2793191 0.0595387 0.0782831 0.0623111 0.0484507 0.0320389 0.0555359 0.0607309 0.0514695 0.0000000 0.0562496 0.0648244 0.0594359 0.0887198 0.0700409 0.0699549 0.0669136 0.0594481 0.0593940 0.0691897 0.0529398 0.0769116 0.0759303 0.0815670 0.0752735 0.0570607 0.1617081 0.1947354 0.2392986 0.2812655 0.4604747 0.4589160 0.4609371 0.4929568 0.4892333 0.5180189 0.5291049 0.4864064 0.4825839 0.4885026 0.4873437 0.4973378 0.4948239 0.5012801 0.4898534 0.5077513 
S0026_G6035_R1_A 0.3969064 0.3965672 0.2497472 0.2180872 0.2567139 0.2895936 0.2895936 0.2488139 0.2840195 0.0555264 0.0709126 0.0563138 0.0446026 0.0505749 0.0529611 0.0540768 0.0524875 0.0562496 0.0000000 0.0625769 0.0543253 0.0806935 0.0646826 0.0671776 0.0640990 0.0497020 0.0496575 0.0550466 0.0595356 0.0728313 0.0741062 0.0772570 0.0708959 0.0389951 0.1391114 0.1690378 0.2118853 0.2504448 0.4372091 0.4353652 0.4408385 0.4652702 0.4700690 0.4942586 0.4924695 0.4666723 0.4639224 0.4738003 0.4658263 0.4777255 0.4753730 0.4840838 0.4766365 0.4851895 
S0013_G6035_R1_A 0.4086698 0.4037445 0.2825714 0.2527870 0.2687032 0.3465064 0.3465064 0.2666212 0.2957594 0.0680939 0.0857451 0.0708477 0.0568141 0.0505693 0.0679462 0.0637939 0.0619842 0.0648244 0.0625769 0.0000000 0.0656347 0.0875069 0.0695674 0.0729314 0.0677993 0.0646764 0.0646182 0.0744535 0.0663502 0.0880546 0.0821955 0.0868385 0.0781855 0.0621229 0.1487377 0.1875416 0.2220457 0.2755015 0.4500156 0.4523574 0.4513778 0.4864163 0.4893026 0.5103715 0.5231864 0.4743760 0.4715369 0.4791311 0.4711998 0.4829997 0.4806540 0.4892496 0.4793687 0.4955731 
S0030_G6035_R1_A 0.4222089 0.4171402 0.2723543 0.2515177 0.2717254 0.3326303 0.3326303 0.2698920 0.2925650 0.0508860 0.0668844 0.0528733 0.0424283 0.0507332 0.0526707 0.0640727 0.0579513 0.0594359 0.0543253 0.0656347 0.0000000 0.0881620 0.0633783 0.0799968 0.0726391 0.0618516 0.0617958 0.0682417 0.0658109 0.0714993 0.0665062 0.0824710 0.0737714 0.0572364 0.1585207 0.1917023 0.2218479 0.2776591 0.4615522 0.4618439 0.4707407 0.4964063 0.4952577 0.5096926 0.5332843 0.4757614 0.4728913 0.4805925 0.4725491 0.4845065 0.4821252 0.4934590 0.4765332 0.4972393 
S0012_G6035_R1_A 0.4456762 0.4437145 0.2793609 0.2531404 0.2796463 0.3305647 0.3305647 0.2847263 0.3292129 0.0931111 0.1059392 0.0936845 0.0832745 0.0762463 0.0876820 0.0898975 0.0891149 0.0887198 0.0806935 0.0875069 0.0881620 0.0000000 0.0962724 0.0982985 0.0928780 0.0895282 0.0894437 0.0963105 0.0913944 0.1040089 0.1071077 0.1138971 0.1008568 0.0864235 0.1779404 0.2063400 0.2572442 0.3003629 0.4589532 0.4540674 0.4534223 0.4876674 0.4880043 0.5118494 0.5214146 0.5020751 0.4992031 0.5047412 0.4988316 0.5141150 0.5088209 0.5177444 0.5100757 0.5217967 
S0046_G6035_R1_A 0.4273645 0.4191241 0.2740745 0.2427515 0.2844722 0.3295618 0.3295618 0.2776106 0.3099179 0.0636740 0.0823771 0.0698707 0.0556191 0.0597850 0.0666504 0.0716398 0.0607854 0.0700409 0.0646826 0.0695674 0.0633783 0.0962724 0.0000000 0.0855349 0.0802166 0.0710581 0.0709928 0.0778053 0.0743247 0.0856496 0.0787051 0.0844928 0.0790618 0.0663147 0.1645550 0.1965346 0.2329120 0.2724108 0.4647377 0.4588311 0.4755890 0.4816592 0.5007518 0.5202574 0.5116152 0.4807148 0.4778492 0.4879181 0.4751111 0.4895527 0.4845219 0.4911499 0.4814978 0.5023453 
S0050_G6035_R1_A 0.4278716 0.4227955 0.2920006 0.2517051 0.2811857 0.3406523 0.3406523 0.2684038 0.3093292 0.0747449 0.0937715 0.0818496 0.0633727 0.0637029 0.0723742 0.0738623 0.0610168 0.0699549 0.0671776 0.0729314 0.0799968 0.0982985 0.0855349 0.0000000 0.0186661 0.0680001 0.0690063 0.0767721 0.0752249 0.0860783 0.0913866 0.0951118 0.0860474 0.0697161 0.1612411 0.2022657 0.2429300 0.2896528 0.4277787 0.4334377 0.4378272 0.4773828 0.4801617 0.5064079 0.4997752 0.4709060 0.4661124 0.4702393 0.4635856 0.4774469 0.4751417 0.4767028 0.4717993 0.4826593 
S0048_G6035_R1_A 0.4361335 0.4309845 0.2830131 0.2519529 0.2863801 0.3374363 0.3374363 0.2625921 0.3009010 0.0695507 0.0884391 0.0745015 0.0624847 0.0573071 0.0703552 0.0653207 0.0569545 0.0669136 0.0640990 0.0677993 0.0726391 0.0928780 0.0802166 0.0186661 0.0000000 0.0628712 0.0638751 0.0715748 0.0711440 0.0841000 0.0837664 0.0872615 0.0784057 0.0646058 0.1656094 0.1967026 0.2330199 0.2844454 0.4511410 0.4521534 0.4582568 0.5006984 0.5037543 0.5166375 0.5021172 0.4732502 0.4661037 0.4702301 0.4635772 0.4774371 0.4751321 0.4812924 0.4763711 0.4826489 
S0021_G6035_R1_A 0.4093754 0.4044789 0.2565298 0.2350521 0.2741730 0.3324152 0.3324152 0.2678076 0.2970890 0.0576174 0.0728323 0.0658379 0.0530433 0.0528143 0.0616449 0.0608242 0.0536377 0.0594481 0.0497020 0.0646764 0.0618516 0.0895282 0.0710581 0.0680001 0.0628712 0.0000000 0.0000010 0.0215410 0.0626783 0.0802228 0.0804859 0.0789161 0.0728027 0.0494928 0.1494275 0.1760666 0.2195399 0.2778111 0.4433515 0.4441800 0.4492812 0.4767349 0.4807784 0.4950845 0.5020036 0.4749822 0.4655548 0.4771950 0.4718258 0.4835624 0.4812281 0.4873897 0.4751852 0.4934500 
S0021_G6035_R2_A 0.4116069 0.4066934 0.2579795 0.2350521 0.2738420 0.3344064 0.3344064 0.2674630 0.2970890 0.0575657 0.0727656 0.0657785 0.0529963 0.0527658 0.0615876 0.0607685 0.0535896 0.0593940 0.0496575 0.0646182 0.0617958 0.0894437 0.0709928 0.0690063 0.0638751 0.0000010 0.0000000 0.0215228 0.0626219 0.0801481 0.0804107 0.0788428 0.0727361 0.0494495 0.1492730 0.1758731 0.2195399 0.2774434 0.4433515 0.4441800 0.4492812 0.4767349 0.4807784 0.4950845 0.5010632 0.4742178 0.4648094 0.4764168 0.4710657 0.4827724 0.4804460 0.4865965 0.4744166 0.4926394 
S0021_G6035_R3_A 0.4187040 0.4137351 0.2659829 0.2465127 0.2838912 0.3372189 0.3372189 0.2789936 0.3126361 0.0660910 0.0882264 0.0756273 0.0625460 0.0636604 0.0670592 0.0696412 0.0611394 0.0691897 0.0550466 0.0744535 0.0682417 0.0963105 0.0778053 0.0767721 0.0715748 0.0215410 0.0215228 0.0000000 0.0692051 0.0836071 0.0894718 0.0879988 0.0828088 0.0588403 0.1534583 0.1909117 0.2242229 0.2791894 0.4637017 0.4624970 0.4692748 0.4914683 0.4996974 0.5156208 0.5071773 0.4818113 0.4789831 0.4841300 0.4786394 0.4905552 0.4881678 0.4943816 0.4894036 0.5005509 
S0002_G6035_R1_A 0.4314296 0.4263358 0.2887048 0.2565880 0.2910772 0.3317140 0.3317140 0.2740184 0.3037909 0.0648298 0.0802129 0.0697666 0.0558797 0.0462666 0.0633096 0.0613684 0.0523023 0.0529398 0.0595356 0.0663502 0.0658109 0.0913944 0.0743247 0.0752249 0.0711440 0.0626783 0.0626219 0.0692051 0.0000000 0.0753754 0.0856400 0.0832088 0.0780195 0.0612063 0.1654325 0.2007990 0.2443155 0.2836947 0.4551569 0.4451128 0.4520316 0.4765290 0.4754385 0.4867758 0.5138040 0.4802875 0.4791483 0.4869087 0.4788017 0.4908126 0.4884053 0.4997301 0.4896505 0.5008879 
S0017_G6035_R1_U 0.4213120 0.4162269 0.2932654 0.2541984 0.3140979 0.3279142 0.3279142 0.2915385 0.3202482 0.0773663 0.0931702 0.0778999 0.0688753 0.0689677 0.0772010 0.0786160 0.0741026 0.0769116 0.0728313 0.0880546 0.0714993 0.1040089 0.0856496 0.0860783 0.0841000 0.0802228 0.0801481 0.0836071 0.0753754 0.0000000 0.0875938 0.0978232 0.0896813 0.0721690 0.1676632 0.2051533 0.2506167 0.3022486 0.4536335 0.4569199 0.4646659 0.4963890 0.4833530 0.5155116 0.5331294 0.4928896 0.4928071 0.4884643 0.4824083 0.5021175 0.4947607 0.5087531 0.5008533 0.5000854 
S0037_G6035_R1_A 0.4537450 0.4472916 0.2839514 0.2639572 0.2904603 0.3685232 0.3685232 0.2932040 0.3249454 0.0514003 0.0685153 0.0706353 0.0598896 0.0693493 0.0696373 0.0740770 0.0753544 0.0759303 0.0741062 0.0821955 0.0665062 0.1071077 0.0787051 0.0913866 0.0837664 0.0804859 0.0804107 0.0894718 0.0856400 0.0875938 0.0000000 0.0919791 0.0887351 0.0720482 0.1713900 0.1965307 0.2413573 0.3040285 0.4483033 0.4430826 0.4546947 0.4666029 0.4779905 0.5019294 0.5096170 0.4900330 0.4845507 0.4941680 0.4888927 0.4965104 0.4940270 0.5046374 0.4979156 0.5094828 
S0028_G6035_R1_A 0.4534797 0.4521540 0.2938278 0.2631392 0.2985738 0.3517427 0.3517427 0.2872800 0.3249902 0.0790987 0.1020631 0.0856256 0.0676477 0.0701633 0.0818370 0.0809879 0.0730116 0.0815670 0.0772570 0.0868385 0.0824710 0.1138971 0.0844928 0.0951118 0.0872615 0.0789161 0.0788428 0.0879988 0.0832088 0.0978232 0.0919791 0.0000000 0.0324633 0.0730924 0.1798742 0.2128879 0.2470847 0.3012147 0.4923537 0.5023010 0.5013376 0.5309771 0.5347000 0.5597339 0.5291602 0.4948090 0.4919383 0.4999944 0.4891423 0.5014826 0.5014470 0.5105196 0.4954766 0.5147307 
S0028_G6035_R2_A 0.4418648 0.4388122 0.2901365 0.2563176 0.2964093 0.3489739 0.3489739 0.2753875 0.3148048 0.0718167 0.0942498 0.0770158 0.0647907 0.0662091 0.0730751 0.0734713 0.0678714 0.0752735 0.0708959 0.0781855 0.0737714 0.1008568 0.0790618 0.0860474 0.0784057 0.0728027 0.0727361 0.0828088 0.0780195 0.0896813 0.0887351 0.0324633 0.0000000 0.0691102 0.1766926 0.2050733 0.2404380 0.2894288 0.4767645 0.4805310 0.4804320 0.5101334 0.5092373 0.5377560 0.5150646 0.4740657 0.4712354 0.4787985 0.4709007 0.4826528 0.4803170 0.4844499 0.4746803 0.4951785 
S0023_G6035_R1_A 0.4205763 0.4155762 0.2756505 0.2362096 0.2692344 0.3176416 0.3176416 0.2667951 0.2953117 0.0562207 0.0789586 0.0601149 0.0495952 0.0503986 0.0556873 0.0615798 0.0533056 0.0570607 0.0389951 0.0621229 0.0572364 0.0864235 0.0663147 0.0697161 0.0646058 0.0494928 0.0494495 0.0588403 0.0612063 0.0721690 0.0720482 0.0730924 0.0691102 0.0000000 0.1472344 0.1853514 0.2255752 0.2674756 0.4440488 0.4470799 0.4417469 0.4661776 0.4738235 0.4983175 0.4964446 0.4556571 0.4528446 0.4600390 0.4525301 0.4619080 0.4597294 0.4721839 0.4628540 0.4734543 
S0005_G6035_R1_A 0.4178800 0.4169345 0.2691266 0.2463816 0.2684699 0.3111045 0.3111045 0.2626246 0.2925736 0.1509348 0.1740148 0.1685465 0.1485188 0.1422433 0.1436512 0.1479201 0.1519506 0.1617081 0.1391114 0.1487377 0.1585207 0.1779404 0.1645550 0.1612411 0.1656094 0.1494275 0.1492730 0.1534583 0.1654325 0.1676632 0.1713900 0.1798742 0.1766926 0.1472344 0.0000000 0.1541819 0.2086236 0.2455073 0.4363881 0.4414232 0.4491454 0.4831668 0.4908674 0.5191060 0.4802150 0.5572050 0.5439410 0.5505338 0.5422316 0.5640940 0.5627640 0.5645528 0.5694889 0.5579173 
S0033_G6035_R1_A 0.3946714 0.3866975 0.2701548 0.2692483 0.2701174 0.3204589 0.3204589 0.2655352 0.3028099 0.1873049 0.2018980 0.2007577 0.1771091 0.1670045 0.1767776 0.1905380 0.1910176 0.1947354 0.1690378 0.1875416 0.1917023 0.2063400 0.1965346 0.2022657 0.1967026 0.1760666 0.1758731 0.1909117 0.2007990 0.2051533 0.1965307 0.2128879 0.2050733 0.1853514 0.1541819 0.0000000 0.2257980 0.2492200 0.4485911 0.4426034 0.4360927 0.4516924 0.4618684 0.4717863 0.4759175 0.5526170 0.5407053 0.5340596 0.5302279 0.5442111 0.5515868 0.5585440 0.5619424 0.5548967 
S0035_G6035_R1_A 0.4763109 0.4705365 0.3170654 0.3189403 0.3133011 0.3751869 0.3751869 0.2956027 0.3367442 0.2267268 0.2454337 0.2403960 0.2136726 0.2126016 0.2195581 0.2214940 0.2265913 0.2392986 0.2118853 0.2220457 0.2218479 0.2572442 0.2329120 0.2429300 0.2330199 0.2195399 0.2195399 0.2242229 0.2443155 0.2506167 0.2413573 0.2470847 0.2404380 0.2255752 0.2086236 0.2257980 0.0000000 0.2531429 0.4636923 0.4651934 0.4776662 0.5124968 0.5187777 0.5464591 0.5360225 0.6101211 0.6053742 0.6046222 0.5997311 0.6241288 0.6205199 0.6089205 0.6107303 0.6306077 
S0006_G6035_R1_A 0.4237460 0.4229748 0.3096079 0.2877302 0.3210013 0.3549214 0.3549214 0.3003305 0.3307973 0.2801247 0.3003300 0.2847256 0.2640249 0.2277581 0.2663095 0.2751860 0.2684035 0.2812655 0.2504448 0.2755015 0.2776591 0.3003629 0.2724108 0.2896528 0.2844454 0.2778111 0.2774434 0.2791894 0.2836947 0.3022486 0.3040285 0.3012147 0.2894288 0.2674756 0.2455073 0.2492200 0.2531429 0.0000000 0.4380595 0.4410843 0.4178919 0.4173942 0.4444898 0.4488784 0.4897070 0.6050798 0.6082314 0.6050852 0.6018605 0.6141205 0.6134895 0.6193845 0.6119786 0.6161221 
S0025_G6035_R1_A 0.4674170 0.4480659 0.4199214 0.4274482 0.4729317 0.4484855 0.4484855 0.4891474 0.5667371 0.4434397 0.4494609 0.4525335 0.4314259 0.4570161 0.4521472 0.4445327 0.4598366 0.4604747 0.4372091 0.4500156 0.4615522 0.4589532 0.4647377 0.4277787 0.4511410 0.4433515 0.4433515 0.4637017 0.4551569 0.4536335 0.4483033 0.4923537 0.4767645 0.4440488 0.4363881 0.4485911 0.4636923 0.4380595 0.0000000 0.0327818 0.0557019 0.0595779 0.0615651 0.0988760 0.3764609 0.4287632 0.4082120 0.4222253 0.4183715 0.4307850 0.4206054 0.4176451 0.4190653 0.4318344 
S0029_G6035_R1_A 0.4744716 0.4600845 0.4299471 0.4317563 0.4737066 0.4519591 0.4519591 0.4931889 0.5662149 0.4364277 0.4450739 0.4530910 0.4321092 0.4554215 0.4532827 0.4369037 0.4546315 0.4589160 0.4353652 0.4523574 0.4618439 0.4540674 0.4588311 0.4334377 0.4521534 0.4441800 0.4441800 0.4624970 0.4451128 0.4569199 0.4430826 0.5023010 0.4805310 0.4470799 0.4414232 0.4426034 0.4651934 0.4410843 0.0327818 0.0000000 0.0482480 0.0539611 0.0558752 0.0914302 0.3835261 0.4598212 0.4376817 0.4525655 0.4484617 0.4567435 0.4509404 0.4478248 0.4492438 0.4566845 
S0032_G6035_R1_N 0.4701479 0.4564253 0.3913800 0.4090508 0.4614971 0.4206762 0.4206762 0.4583171 0.5415056 0.4556995 0.4611745 0.4567548 0.4343261 0.4624759 0.4533428 0.4396328 0.4591607 0.4609371 0.4408385 0.4513778 0.4707407 0.4534223 0.4755890 0.4378272 0.4582568 0.4492812 0.4492812 0.4692748 0.4520316 0.4646659 0.4546947 0.5013376 0.4804320 0.4417469 0.4491454 0.4360927 0.4776662 0.4178919 0.0557019 0.0482480 0.0000000 0.0247064 0.0173035 0.0724307 0.3864787 0.4703301 0.4487007 0.4606580 0.4595764 0.4650935 0.4620313 0.4590017 0.4603554 0.4705108 
S0024_G6035_R1_A 0.5050658 0.4925356 0.4188919 0.4425938 0.4898511 0.4512137 0.4512137 0.4958424 0.5795415 0.4768251 0.4842158 0.4872841 0.4555636 0.4973419 0.4873887 0.4692828 0.4915787 0.4929568 0.4652702 0.4864163 0.4964063 0.4876674 0.4816592 0.4773828 0.5006984 0.4767349 0.4767349 0.4914683 0.4765290 0.4963890 0.4666029 0.5309771 0.5101334 0.4661776 0.4831668 0.4516924 0.5124968 0.4173942 0.0595779 0.0539611 0.0247064 0.0000000 0.0262933 0.0712083 0.4288534 0.4892503 0.4732365 0.4752055 0.4784061 0.4831183 0.4797415 0.4836697 0.4836384 0.4923554 
S0032_G6035_R2_N 0.4924203 0.4800440 0.4261467 0.4501201 0.5021193 0.4530379 0.4530379 0.4973925 0.5849150 0.4795805 0.4898171 0.4872754 0.4580665 0.4975922 0.4877210 0.4731378 0.4987949 0.4892333 0.4700690 0.4893026 0.4952577 0.4880043 0.5007518 0.4801617 0.5037543 0.4807784 0.4807784 0.4996974 0.4754385 0.4833530 0.4779905 0.5347000 0.5092373 0.4738235 0.4908674 0.4618684 0.5187777 0.4444898 0.0615651 0.0558752 0.0173035 0.0262933 0.0000000 0.0729873 0.4330796 0.4911973 0.4738157 0.4831885 0.4864779 0.4882596 0.4848003 0.4888298 0.4891513 0.4977199 
S0001_G6035_R1_A 0.4960901 0.4809964 0.4278319 0.4347800 0.4971722 0.4365774 0.4365774 0.4924248 0.5717814 0.5058290 0.5164887 0.5054807 0.4784179 0.5254052 0.5110106 0.4806217 0.5092860 0.5180189 0.4942586 0.5103715 0.5096926 0.5118494 0.5202574 0.5064079 0.5166375 0.4950845 0.4950845 0.5156208 0.4867758 0.5155116 0.5019294 0.5597339 0.5377560 0.4983175 0.5191060 0.4717863 0.5464591 0.4488784 0.0988760 0.0914302 0.0724307 0.0712083 0.0729873 0.0000000 0.3964544 0.4904742 0.4726573 0.4858747 0.4890622 0.4907948 0.4874433 0.4913497 0.4821786 0.4935316 
S0003_G6035_R1_N 0.4908417 0.4820231 0.3911609 0.3878236 0.4982123 0.4356790 0.4356790 0.4199991 0.4785738 0.4917968 0.5268416 0.4883313 0.4953384 0.5043332 0.5076360 0.4951002 0.5037538 0.5291049 0.4924695 0.5231864 0.5332843 0.5214146 0.5116152 0.4997752 0.5021172 0.5020036 0.5010632 0.5071773 0.5138040 0.5331294 0.5096170 0.5291602 0.5150646 0.4964446 0.4802150 0.4759175 0.5360225 0.4897070 0.3764609 0.3835261 0.3864787 0.4288534 0.4330796 0.3964544 0.0000000 0.4587332 0.4471821 0.4514657 0.4524917 0.4694502 0.4688224 0.4489677 0.4416687 0.4500112 
S0045_G6035_R1_A 0.6382546 0.6304480 0.5451993 0.4905525 0.5627567 0.6140825 0.6140825 0.5502698 0.5794685 0.4662220 0.4838480 0.4951722 0.4707576 0.4894872 0.4821256 0.4799007 0.4657222 0.4864064 0.4666723 0.4743760 0.4757614 0.5020751 0.4807148 0.4709060 0.4732502 0.4749822 0.4742178 0.4818113 0.4802875 0.4928896 0.4900330 0.4948090 0.4740657 0.4556571 0.5572050 0.5526170 0.6101211 0.6050798 0.4287632 0.4598212 0.4703301 0.4892503 0.4911973 0.4904742 0.4587332 0.0000000 0.0216608 0.0296194 0.0228062 0.0239455 0.0227744 0.0295401 0.0272833 0.0295155 
S0042_G6035_R1_N 0.6342353 0.6264737 0.5346503 0.4808874 0.5512965 0.5874358 0.5874358 0.5490347 0.5900396 0.4632486 0.4785185 0.4825439 0.4628907 0.4809705 0.4806666 0.4761202 0.4652192 0.4825839 0.4639224 0.4715369 0.4728913 0.4992031 0.4778492 0.4661124 0.4661037 0.4655548 0.4648094 0.4789831 0.4791483 0.4928071 0.4845507 0.4919383 0.4712354 0.4528446 0.5439410 0.5407053 0.6053742 0.6082314 0.4082120 0.4376817 0.4487007 0.4732365 0.4738157 0.4726573 0.4471821 0.0216608 0.0000000 0.0217507 0.0172661 0.0172791 0.0161473 0.0216958 0.0183732 0.0227939 
S0041_G6035_R1_N 0.6301010 0.6222649 0.5312790 0.4837119 0.5522372 0.6115016 0.6115016 0.5438738 0.5766986 0.4728233 0.4908336 0.4955635 0.4754624 0.4889339 0.4900244 0.4830746 0.4749587 0.4885026 0.4738003 0.4791311 0.4805925 0.5047412 0.4879181 0.4702393 0.4702301 0.4771950 0.4764168 0.4841300 0.4869087 0.4884643 0.4941680 0.4999944 0.4787985 0.4600390 0.5505338 0.5340596 0.6046222 0.6050852 0.4222253 0.4525655 0.4606580 0.4752055 0.4831885 0.4858747 0.4514657 0.0296194 0.0217507 0.0000000 0.0172891 0.0285222 0.0273370 0.0331203 0.0319839 0.0295882 
S0043_G6035_R1_N 0.6248839 0.6171732 0.5352502 0.4814000 0.5508556 0.5915564 0.5915564 0.5412787 0.5837946 0.4649884 0.4827055 0.4873191 0.4630185 0.4806145 0.4824251 0.4757705 0.4648881 0.4873437 0.4658263 0.4711998 0.4725491 0.4988316 0.4751111 0.4635856 0.4635772 0.4718258 0.4710657 0.4786394 0.4788017 0.4824083 0.4888927 0.4891423 0.4709007 0.4525301 0.5422316 0.5302279 0.5997311 0.6018605 0.4183715 0.4484617 0.4595764 0.4784061 0.4864779 0.4890622 0.4524917 0.0228062 0.0172661 0.0172891 0.0000000 0.0217294 0.0205685 0.0251374 0.0273550 0.0239543 
S0044_G6035_R1_N 0.6476785 0.6397035 0.5551242 0.4995098 0.5731369 0.6135245 0.6135245 0.5648798 0.6104518 0.4721584 0.4926627 0.5042231 0.4746920 0.4977591 0.4949073 0.4879417 0.4765766 0.4973378 0.4777255 0.4829997 0.4845065 0.5141150 0.4895527 0.4774469 0.4774371 0.4835624 0.4827724 0.4905552 0.4908126 0.5021175 0.4965104 0.5014826 0.4826528 0.4619080 0.5640940 0.5442111 0.6241288 0.6141205 0.4307850 0.4567435 0.4650935 0.4831183 0.4882596 0.4907948 0.4694502 0.0239455 0.0172791 0.0285222 0.0217294 0.0000000 0.0117744 0.0307853 0.0285019 0.0295620 
S0045_G6035_R2_A 0.6412194 0.6333310 0.5505329 0.4981698 0.5760102 0.6089635 0.6089635 0.5718602 0.6104158 0.4698856 0.4876775 0.4970192 0.4770056 0.4904542 0.4923944 0.4855091 0.4720407 0.4948239 0.4753730 0.4806540 0.4821252 0.5088209 0.4845219 0.4751417 0.4751321 0.4812281 0.4804460 0.4881678 0.4884053 0.4947607 0.4940270 0.5014470 0.4803170 0.4597294 0.5627640 0.5515868 0.6205199 0.6134895 0.4206054 0.4509404 0.4620313 0.4797415 0.4848003 0.4874433 0.4688224 0.0227744 0.0161473 0.0273370 0.0205685 0.0117744 0.0000000 0.0295772 0.0295573 0.0283748 
S0038_G6035_R1_A 0.6384443 0.6274989 0.5593389 0.5035480 0.5770098 0.6203314 0.6203314 0.5574667 0.5895861 0.4858707 0.5014517 0.4984367 0.4784306 0.5033169 0.5004888 0.4946963 0.4854184 0.5012801 0.4840838 0.4892496 0.4934590 0.5177444 0.4911499 0.4767028 0.4812924 0.4873897 0.4865965 0.4943816 0.4997301 0.5087531 0.5046374 0.5105196 0.4844499 0.4721839 0.5645528 0.5585440 0.6089205 0.6193845 0.4176451 0.4478248 0.4590017 0.4836697 0.4888298 0.4913497 0.4489677 0.0295401 0.0216958 0.0331203 0.0251374 0.0307853 0.0295772 0.0000000 0.0262067 0.0364551 
S0040_G6035_R1_N 0.6143533 0.6068010 0.5564832 0.4957092 0.5711011 0.6095392 0.6095392 0.5717290 0.6026922 0.4709407 0.4863302 0.4951779 0.4709410 0.4951335 0.4910248 0.4867777 0.4755125 0.4898534 0.4766365 0.4793687 0.4765332 0.5100757 0.4814978 0.4717993 0.4763711 0.4751852 0.4744166 0.4894036 0.4896505 0.5008533 0.4979156 0.4954766 0.4746803 0.4628540 0.5694889 0.5619424 0.6107303 0.6119786 0.4190653 0.4492438 0.4603554 0.4836384 0.4891513 0.4821786 0.4416687 0.0272833 0.0183732 0.0319839 0.0273550 0.0285019 0.0295573 0.0262067 0.0000000 0.0341457 
S0047_G6035_R1_N 0.6539325 0.6459037 0.5513288 0.5038805 0.5735475 0.6156034 0.6156034 0.5695117 0.6135024 0.4845178 0.5001796 0.5096220 0.4871945 0.5032478 0.4950144 0.4981733 0.4818020 0.5077513 0.4851895 0.4955731 0.4972393 0.5217967 0.5023453 0.4826593 0.4826489 0.4934500 0.4926394 0.5005509 0.5008879 0.5000854 0.5094828 0.5147307 0.4951785 0.4734543 0.5579173 0.5548967 0.6306077 0.6161221 0.4318344 0.4566845 0.4705108 0.4923554 0.4977199 0.4935316 0.4500112 0.0295155 0.0227939 0.0295882 0.0239543 0.0295620 0.0283748 0.0364551 0.0341457 0.0000000 
