72
S0032_G6036_R1_N 0.0000000 0.0167416 0.0594611 0.0707264 0.0627544 0.5980215 0.4526494 0.4722718 0.4578952 0.5296789 0.4603464 0.4679463 0.4640414 0.4600979 0.4631992 0.4479838 0.4612592 0.4674693 0.4619320 0.4335964 0.4423475 0.4603365 0.4559748 0.4563330 0.4564285 0.4627977 0.5090358 0.5238740 0.4362881 0.4204472 0.4246723 0.4180954 0.4416260 0.4137922 0.4100019 0.4439984 0.4439984 0.5931256 0.5949259 0.6080495 0.5975116 0.6067086 0.6051464 0.6204197 0.6257446 0.6280230 0.6109337 0.5971531 0.6226341 0.6213810 0.6117809 0.6100639 0.6016800 0.5992508 0.6190397 0.6187221 0.6045109 0.5983145 0.6311136 0.6044546 0.5868450 0.5595786 0.5809643 0.4129996 0.4121814 0.4229284 0.4294918 0.4259426 0.4246527 0.4231985 0.4251200 0.4316118 
S0024_G6036_R1_A 0.0167416 0.0000000 0.0676379 0.0801517 0.0725612 0.6056724 0.4575742 0.4795387 0.4602355 0.5530017 0.4589542 0.4648900 0.4626026 0.4606747 0.4596189 0.4449033 0.4612280 0.4624743 0.4635151 0.4288679 0.4374796 0.4589411 0.4546310 0.4589006 0.4541548 0.4569999 0.5073212 0.5238969 0.4244922 0.4204495 0.4265169 0.4245216 0.4509634 0.4238368 0.4229452 0.4512103 0.4512103 0.5947699 0.5965969 0.6081911 0.5991797 0.6049900 0.6019007 0.6183746 0.6237155 0.6320125 0.6126603 0.5969897 0.6209353 0.6250600 0.6097029 0.6117860 0.6029749 0.6009353 0.6197140 0.6186744 0.6077345 0.5999901 0.6341839 0.6066738 0.5991417 0.5713101 0.5911860 0.4144804 0.4151546 0.4201700 0.4295589 0.4260275 0.4219017 0.4232973 0.4223553 0.4287931 
S0001_G6036_R1_A 0.0594611 0.0676379 0.0000000 0.0974379 0.0967485 0.6111483 0.4764366 0.4875157 0.4595870 0.5550645 0.4594542 0.4719447 0.4637535 0.4712859 0.4766681 0.4557823 0.4653306 0.4666302 0.4771049 0.4482763 0.4551011 0.4675281 0.4586537 0.4603899 0.4626179 0.4652632 0.5191406 0.5427184 0.4341774 0.4485060 0.4472944 0.4579502 0.4590894 0.4401032 0.4392502 0.4842147 0.4842147 0.6038392 0.6058380 0.6249656 0.6172974 0.6236158 0.6201335 0.6312807 0.6375959 0.6292234 0.6338330 0.6185981 0.6399074 0.6445355 0.6203287 0.6315152 0.6228532 0.6208494 0.6365086 0.6342679 0.6169860 0.6165818 0.6394322 0.6285289 0.6083083 0.5724819 0.6080939 0.4296928 0.4279482 0.4290409 0.4413088 0.4386707 0.4379273 0.4365338 0.4369108 0.4364812 
S0025_G6036_R1_A 0.0707264 0.0801517 0.0974379 0.0000000 0.0243917 0.5952751 0.4209548 0.4540751 0.4526854 0.5409231 0.4347829 0.4331391 0.4350138 0.4407843 0.4445945 0.4269421 0.4418799 0.4437840 0.4488399 0.4291513 0.4329621 0.4410580 0.4352818 0.4382593 0.4322834 0.4478919 0.4994695 0.4820087 0.4332537 0.4468659 0.4510652 0.4403796 0.4577061 0.4172956 0.4163915 0.4630988 0.4630988 0.5638517 0.5603343 0.5774331 0.5684810 0.5766755 0.5753388 0.5858944 0.5946764 0.5900240 0.5833052 0.5721774 0.5961801 0.5989882 0.5800470 0.5711748 0.5721874 0.5749113 0.5907086 0.5900375 0.5635879 0.5737606 0.5877819 0.5930899 0.5873528 0.5550148 0.5808550 0.3866984 0.3858693 0.3976565 0.4013454 0.3989019 0.3982055 0.3952452 0.3970902 0.4033743 
S0029_G6036_R1_A 0.0627544 0.0725612 0.0967485 0.0243917 0.0000000 0.5922032 0.4247505 0.4524740 0.4547354 0.5275493 0.4419894 0.4434775 0.4462096 0.4481484 0.4520187 0.4324775 0.4506758 0.4512185 0.4554111 0.4362694 0.4401417 0.4484321 0.4429722 0.4465392 0.4379834 0.4560881 0.5013944 0.4967237 0.4186148 0.4348318 0.4370485 0.4208946 0.4488526 0.4186028 0.4176905 0.4502913 0.4502913 0.5749914 0.5731723 0.5905181 0.5812702 0.5831377 0.5880560 0.5953991 0.6043727 0.6037638 0.5971559 0.5866119 0.6076710 0.6104868 0.6004158 0.5821798 0.5800427 0.5811360 0.6062635 0.6089657 0.5751432 0.5832218 0.5951158 0.6018504 0.5797397 0.5498364 0.5595650 0.3961538 0.3953170 0.4059309 0.4125458 0.4074739 0.4064301 0.4076366 0.4053204 0.4132746 
S0049_G6036_R1_A 0.5980215 0.6056724 0.6111483 0.5952751 0.5922032 0.0000000 0.6437939 0.7675064 0.7203620 0.8128628 0.7393151 0.7433885 0.7614954 0.7576836 0.7431728 0.7371896 0.7627579 0.7478442 0.7709869 0.7473956 0.7581831 0.7569056 0.7473554 0.7647548 0.7373388 0.7630608 0.7834036 0.8527989 0.7605570 0.7194659 0.7616345 0.5657248 0.7463273 0.7589965 0.7580744 0.7173373 0.7173373 0.8553815 0.8387618 0.8486907 0.8505534 0.8828658 0.8610228 0.8383287 0.8305219 0.8640793 0.8690484 0.8779160 0.8787212 0.8907175 0.8597820 0.8410407 0.8399562 0.8626721 0.8477984 0.8568313 0.8688850 0.8558365 0.9062911 0.8595005 0.8764017 0.8696809 0.8872707 0.7796815 0.7766904 0.7692670 0.7817878 0.7804372 0.7870946 0.7954152 0.7793886 0.7911062 
S0003_G6036_R1_N 0.4526494 0.4575742 0.4764366 0.4209548 0.4247505 0.6437939 0.0000000 0.5348554 0.5848598 0.6519378 0.5433912 0.5612864 0.5464779 0.5561748 0.5581898 0.5629435 0.5727674 0.5443703 0.5629254 0.5301325 0.5276940 0.5392747 0.5547791 0.5579589 0.5178869 0.5537453 0.6018299 0.6558292 0.5401819 0.5428794 0.5942235 0.5034359 0.5703937 0.4957712 0.4985718 0.5919511 0.5991486 0.7846671 0.7777998 0.7555871 0.7727730 0.7716618 0.7876886 0.7929473 0.7717713 0.7927524 0.8059529 0.7950603 0.8058306 0.8255695 0.7986682 0.7866511 0.7812485 0.7696650 0.7719005 0.7644478 0.7751554 0.8004084 0.8041642 0.7252920 0.8434423 0.7985901 0.8159325 0.5090356 0.5103509 0.5099830 0.5237440 0.5253730 0.5170274 0.5172514 0.5213556 0.5193864 
S0035_G6036_R1_A 0.4722718 0.4795387 0.4875157 0.4540751 0.4524740 0.7675064 0.5348554 0.0000000 0.1494833 0.3275613 0.1442550 0.1458949 0.1498180 0.1466756 0.1442507 0.1464668 0.1449257 0.1398968 0.1552826 0.1436307 0.1462410 0.1475492 0.1453916 0.1518343 0.1458366 0.1462583 0.1758043 0.2347402 0.2853497 0.2500558 0.3005693 0.3060661 0.2954195 0.3715527 0.3803885 0.2871494 0.2854936 0.4542855 0.4463976 0.4454724 0.4668768 0.4577577 0.4663932 0.4503509 0.4506587 0.4668860 0.4884640 0.4813892 0.4863083 0.4887987 0.4833501 0.4583447 0.4677567 0.4606465 0.4758437 0.4735557 0.4625661 0.5000476 0.5005050 0.2761819 0.2973095 0.2916934 0.3139501 0.5096180 0.5078790 0.5100053 0.5206014 0.5209413 0.5131080 0.5136976 0.5139795 0.5140782 
S0005_G6036_R2_A 0.4578952 0.4602355 0.4595870 0.4526854 0.4547354 0.7203620 0.5848598 0.1494833 0.0000000 0.1396343 0.1229234 0.1274082 0.1267251 0.1290725 0.1219079 0.1299524 0.1282966 0.1245185 0.1343710 0.1184026 0.1212474 0.1258253 0.1260164 0.1401458 0.1400434 0.1253153 0.1545867 0.2197314 0.2529733 0.2251120 0.2752314 0.2749068 0.2706463 0.3596097 0.3630672 0.2929395 0.2901060 0.4167942 0.4136678 0.4217314 0.4257025 0.4175689 0.4290929 0.4176542 0.4129122 0.4321812 0.4448031 0.4407006 0.4448424 0.4439991 0.4415629 0.4212688 0.4281460 0.4284190 0.4523957 0.4467340 0.4460885 0.4514746 0.4534875 0.1097844 0.1566243 0.1444395 0.1823520 0.5171184 0.5183555 0.5168804 0.5350472 0.5282551 0.5231876 0.5293093 0.5226068 0.5227068 
S0005_G6036_R1_A 0.5296789 0.5530017 0.5550645 0.5409231 0.5275493 0.8128628 0.6519378 0.3275613 0.1396343 0.0000000 0.2707218 0.2733243 0.2769697 0.2725081 0.2696527 0.2734586 0.2697898 0.2699413 0.2802064 0.2591298 0.2609243 0.2643273 0.2715696 0.2779011 0.2816585 0.2717318 0.2876419 0.3240217 0.4558396 0.3043202 0.3855273 0.4050806 0.3512039 0.4630488 0.4632226 0.3899562 0.3868215 0.5159571 0.5117765 0.5302325 0.5488230 0.5552479 0.5507523 0.5234558 0.5272147 0.5426968 0.5453928 0.5486826 0.5521189 0.5475960 0.5456015 0.5425690 0.5384115 0.5211609 0.5588180 0.5538439 0.5572655 0.5732798 0.5559930 0.2467379 0.2825003 0.2719100 0.2758374 0.7006873 0.6982645 0.7003693 0.7178870 0.7232165 0.7021858 0.7071719 0.7022995 0.7060339 
S0002_G6036_R2_A 0.4603464 0.4589542 0.4594542 0.4347829 0.4419894 0.7393151 0.5433912 0.1442550 0.1229234 0.2707218 0.0000000 0.0328081 0.0421835 0.0364986 0.0404129 0.0354715 0.0322089 0.0384556 0.0455271 0.0400343 0.0418366 0.0396784 0.0366208 0.0456010 0.0414576 0.0422759 0.0702957 0.1214057 0.2488992 0.2124664 0.2660629 0.2825773 0.2565209 0.3607110 0.3660758 0.2752900 0.2728521 0.3804001 0.3739622 0.3755657 0.3957082 0.3943832 0.3896331 0.3770219 0.3820605 0.3945312 0.4026283 0.4013641 0.4138281 0.4120022 0.4028245 0.3921139 0.3986984 0.3988355 0.4154614 0.4126312 0.4013866 0.4170651 0.4206341 0.2459544 0.2644826 0.2624404 0.2874204 0.4877835 0.4897967 0.4835835 0.5004907 0.4968331 0.4896627 0.4939037 0.4904311 0.4932822 
S0011_G6036_R2_A 0.4679463 0.4648900 0.4719447 0.4331391 0.4434775 0.7433885 0.5612864 0.1458949 0.1274082 0.2733243 0.0328081 0.0000000 0.0401456 0.0314282 0.0364756 0.0284986 0.0271648 0.0370943 0.0447361 0.0353588 0.0371476 0.0395162 0.0321052 0.0409650 0.0405953 0.0408507 0.0667241 0.1184862 0.2571968 0.2141511 0.2709037 0.2840150 0.2560974 0.3662022 0.3716080 0.2843967 0.2819268 0.3837927 0.3753712 0.3770795 0.4020014 0.4007010 0.3918621 0.3811645 0.3861832 0.3974222 0.4048977 0.4036352 0.4128617 0.4134548 0.4011428 0.3963476 0.4012931 0.3960350 0.4176779 0.4164976 0.4083666 0.4198018 0.4297107 0.2476329 0.2703943 0.2638265 0.2928786 0.4752850 0.4772575 0.4734429 0.4840235 0.4847317 0.4729853 0.4770778 0.4737556 0.4806244 
S0011_G6036_R3_A 0.4640414 0.4626026 0.4637535 0.4350138 0.4462096 0.7614954 0.5464779 0.1498180 0.1267251 0.2769697 0.0421835 0.0401456 0.0000000 0.0413880 0.0415693 0.0428857 0.0395425 0.0358727 0.0421790 0.0379060 0.0397042 0.0356647 0.0377321 0.0505945 0.0478974 0.0408848 0.0666311 0.1217058 0.2611202 0.2184606 0.2711044 0.2842530 0.2593799 0.3635614 0.3689797 0.2799051 0.2774504 0.3814381 0.3711221 0.3781922 0.3982726 0.3960581 0.3900985 0.3786389 0.3820907 0.3965517 0.3996524 0.3997346 0.4146057 0.4097491 0.4054969 0.3962153 0.4015953 0.4005939 0.4153426 0.4125146 0.4046230 0.4189407 0.4249473 0.2520003 0.2825493 0.2772296 0.3058451 0.4848653 0.4868740 0.4820961 0.4950376 0.4938987 0.4852492 0.4881673 0.4860201 0.4903407 
S0019_G6036_R3_A 0.4600979 0.4606747 0.4712859 0.4407843 0.4481484 0.7576836 0.5561748 0.1466756 0.1290725 0.2725081 0.0364986 0.0314282 0.0413880 0.0000000 0.0396680 0.0309851 0.0289888 0.0377608 0.0460045 0.0392413 0.0403657 0.0401875 0.0339794 0.0440978 0.0393804 0.0441168 0.0701042 0.1185440 0.2620711 0.2102697 0.2693415 0.2749565 0.2600157 0.3615449 0.3669085 0.2684947 0.2660900 0.3861804 0.3790281 0.3802836 0.4072372 0.4013954 0.4004962 0.3836824 0.3887215 0.3951117 0.4091441 0.4092299 0.4156712 0.4191682 0.4066731 0.3994545 0.4048937 0.4071795 0.4230715 0.4218565 0.4077633 0.4257904 0.4337456 0.2490460 0.2718968 0.2655789 0.2908668 0.4946433 0.4966895 0.4891281 0.5049844 0.5010580 0.4950374 0.4993504 0.4958093 0.5002592 
S0023_G6036_R1_A 0.4631992 0.4596189 0.4766681 0.4445945 0.4520187 0.7431728 0.5581898 0.1442507 0.1219079 0.2696527 0.0404129 0.0364756 0.0415693 0.0396680 0.0000000 0.0385419 0.0365473 0.0372166 0.0398755 0.0323415 0.0341352 0.0396883 0.0347809 0.0480992 0.0458438 0.0416293 0.0661780 0.1158857 0.2553360 0.2082820 0.2669993 0.2806157 0.2459323 0.3672812 0.3717747 0.2692627 0.2668410 0.3811667 0.3726695 0.3761784 0.4007286 0.3971437 0.3935410 0.3793993 0.3836092 0.3956454 0.4065166 0.4052450 0.4146844 0.4125913 0.4027616 0.3903544 0.3986279 0.3939645 0.4151894 0.4138362 0.4038880 0.4190369 0.4238889 0.2464905 0.2676120 0.2636899 0.2862496 0.4925362 0.4945785 0.4897625 0.5028626 0.5017117 0.4929289 0.4972291 0.4937022 0.4981335 
S0030_G6036_R3_A 0.4479838 0.4449033 0.4557823 0.4269421 0.4324775 0.7371896 0.5629435 0.1464668 0.1299524 0.2734586 0.0354715 0.0284986 0.0428857 0.0309851 0.0385419 0.0000000 0.0273006 0.0366813 0.0462496 0.0387365 0.0405369 0.0403818 0.0334999 0.0424025 0.0355820 0.0436582 0.0684639 0.1198423 0.2542444 0.2183547 0.2734454 0.2840263 0.2570696 0.3570944 0.3636740 0.2706758 0.2682379 0.3757682 0.3675219 0.3692218 0.3940059 0.3905322 0.3867158 0.3743983 0.3798879 0.3902917 0.3984984 0.3992135 0.4075526 0.4057946 0.3950747 0.3870950 0.3919933 0.3941009 0.4056190 0.4045042 0.3958971 0.4113973 0.4161670 0.2543031 0.2753342 0.2694147 0.2926179 0.4749645 0.4769522 0.4709025 0.4837712 0.4826359 0.4740746 0.4782100 0.4748509 0.4790643 
S0036_G6036_R3_U 0.4612592 0.4612280 0.4653306 0.4418799 0.4506758 0.7627579 0.5727674 0.1449257 0.1282966 0.2697898 0.0322089 0.0271648 0.0395425 0.0289888 0.0365473 0.0273006 0.0000000 0.0352656 0.0428802 0.0347841 0.0365753 0.0382506 0.0272155 0.0372294 0.0360418 0.0396412 0.0667397 0.1153610 0.2621549 0.2188530 0.2737221 0.2808459 0.2608205 0.3652185 0.3706194 0.2730192 0.2705898 0.3825295 0.3753816 0.3773858 0.4020841 0.3984407 0.3955233 0.3814884 0.3865229 0.3974926 0.4039316 0.4026662 0.4120036 0.4142313 0.4041561 0.3953619 0.4025801 0.3997417 0.4181096 0.4183061 0.4042197 0.4204169 0.4298704 0.2544572 0.2751320 0.2698619 0.2928259 0.4863354 0.4883482 0.4806271 0.4965252 0.4953853 0.4858593 0.4890850 0.4874910 0.4918276 
S0030_G6036_R2_A 0.4674693 0.4624743 0.4666302 0.4437840 0.4512185 0.7478442 0.5443703 0.1398968 0.1245185 0.2699413 0.0384556 0.0370943 0.0358727 0.0377608 0.0372166 0.0366813 0.0352656 0.0000000 0.0390960 0.0329849 0.0341132 0.0358186 0.0347352 0.0461845 0.0427052 0.0371844 0.0640401 0.1165157 0.2593792 0.2163729 0.2695053 0.2793149 0.2546905 0.3637350 0.3728231 0.2747527 0.2723212 0.3808967 0.3744561 0.3772087 0.4024891 0.4013424 0.3980176 0.3826374 0.3838858 0.3974400 0.4024244 0.4046330 0.4136223 0.4157519 0.4074076 0.3913037 0.4017825 0.3988288 0.4225276 0.4196370 0.4072426 0.4236362 0.4298460 0.2480082 0.2753221 0.2679601 0.2930301 0.4894215 0.4914446 0.4839329 0.4969039 0.4957628 0.4843713 0.4885794 0.4851430 0.4922023 
S0022_G6036_R2_A 0.4619320 0.4635151 0.4771049 0.4488399 0.4554111 0.7709869 0.5629254 0.1552826 0.1343710 0.2802064 0.0455271 0.0447361 0.0421790 0.0460045 0.0398755 0.0462496 0.0428802 0.0390960 0.0000000 0.0368380 0.0392907 0.0428243 0.0404609 0.0533170 0.0513957 0.0462059 0.0702606 0.1182304 0.2660348 0.2103081 0.2625255 0.2806812 0.2520987 0.3670188 0.3736710 0.2773395 0.2748792 0.3906174 0.3886289 0.3869987 0.4089142 0.4047726 0.4042130 0.3910919 0.3947860 0.4057236 0.4153661 0.4111498 0.4264755 0.4196760 0.4165195 0.4063570 0.4089649 0.4122886 0.4278033 0.4288022 0.4150380 0.4279853 0.4356259 0.2522018 0.2833577 0.2743034 0.3030152 0.5102896 0.5123950 0.5101608 0.5235554 0.5223837 0.5133301 0.5178255 0.5141019 0.5187876 
S0021_G6036_R3_A 0.4335964 0.4288679 0.4482763 0.4291513 0.4362694 0.7473956 0.5301325 0.1436307 0.1184026 0.2591298 0.0400343 0.0353588 0.0379060 0.0392413 0.0323415 0.0387365 0.0347841 0.0329849 0.0368380 0.0000000 0.0094738 0.0366815 0.0311008 0.0468958 0.0443829 0.0386059 0.0663514 0.1020550 0.2480111 0.2063440 0.2609011 0.2771648 0.2485324 0.3607476 0.3645348 0.2710588 0.2683921 0.3862901 0.3790419 0.3783889 0.4018578 0.4012851 0.3945579 0.3847956 0.3885649 0.4014974 0.4041835 0.4076164 0.4194411 0.4202004 0.4095504 0.4004165 0.4024701 0.3983110 0.4198304 0.4178568 0.4122279 0.4231933 0.4356700 0.2405491 0.2659556 0.2531579 0.2759639 0.4874141 0.4894647 0.4843798 0.4977939 0.4966335 0.4892216 0.4935398 0.4900047 0.4930144 
S0021_G6036_R4_A 0.4423475 0.4374796 0.4551011 0.4329621 0.4401417 0.7581831 0.5276940 0.1462410 0.1212474 0.2609243 0.0418366 0.0371476 0.0397042 0.0403657 0.0341352 0.0405369 0.0365753 0.0341132 0.0392907 0.0094738 0.0000000 0.0390975 0.0335359 0.0486939 0.0456016 0.0410933 0.0689228 0.1062941 0.2517894 0.2097000 0.2628888 0.2824685 0.2520198 0.3625701 0.3663478 0.2731049 0.2704399 0.3912731 0.3815432 0.3820476 0.4055620 0.4037373 0.4010224 0.3884908 0.3895505 0.4052360 0.4109701 0.4101164 0.4263720 0.4267773 0.4133673 0.4041760 0.4084153 0.4003818 0.4262066 0.4242180 0.4133784 0.4269473 0.4344408 0.2424678 0.2681129 0.2553017 0.2764185 0.4902180 0.4922726 0.4871926 0.5006117 0.4994517 0.4905056 0.4948249 0.4928089 0.4958401 
S0036_G6036_R2_A 0.4603365 0.4589411 0.4675281 0.4410580 0.4484321 0.7569056 0.5392747 0.1475492 0.1258253 0.2643273 0.0396784 0.0395162 0.0356647 0.0401875 0.0396883 0.0403818 0.0382506 0.0358186 0.0428243 0.0366815 0.0390975 0.0000000 0.0377453 0.0486837 0.0478911 0.0402186 0.0666579 0.1224678 0.2586954 0.2062993 0.2679859 0.2827845 0.2539406 0.3548532 0.3601992 0.2711010 0.2697407 0.3788947 0.3669868 0.3716527 0.4007253 0.3956509 0.3894274 0.3772551 0.3813951 0.3935855 0.4010636 0.4010112 0.4099185 0.4052939 0.4012323 0.3919110 0.3989469 0.3961031 0.4194764 0.4193407 0.4055479 0.4179509 0.4232854 0.2493692 0.2709824 0.2634909 0.2931969 0.4886006 0.4906227 0.4885639 0.4988327 0.4976896 0.4889882 0.4932368 0.4897592 0.4968850 
S0019_G6036_R2_A 0.4559748 0.4546310 0.4586537 0.4352818 0.4429722 0.7473554 0.5547791 0.1453916 0.1260164 0.2715696 0.0366208 0.0321052 0.0377321 0.0339794 0.0347809 0.0334999 0.0272155 0.0347352 0.0404609 0.0311008 0.0335359 0.0377453 0.0000000 0.0429699 0.0433735 0.0384693 0.0675423 0.1188801 0.2582100 0.2165289 0.2679424 0.2790925 0.2535836 0.3555441 0.3608879 0.2756667 0.2732331 0.3747769 0.3701955 0.3707031 0.3953662 0.3956222 0.3912104 0.3747034 0.3760263 0.3921116 0.4031575 0.3985805 0.4088340 0.4084194 0.3999729 0.3896922 0.3945963 0.3928963 0.4133225 0.4133624 0.4002256 0.4122506 0.4172162 0.2482709 0.2729487 0.2643541 0.2943134 0.4819964 0.4839921 0.4792296 0.4921088 0.4909746 0.4810579 0.4857948 0.4804514 0.4874252 
S0048_G6036_R2_A 0.4563330 0.4589006 0.4603899 0.4382593 0.4465392 0.7647548 0.5579589 0.1518343 0.1401458 0.2779011 0.0456010 0.0409650 0.0505945 0.0440978 0.0480992 0.0424025 0.0372294 0.0461845 0.0533170 0.0468958 0.0486939 0.0486837 0.0429699 0.0000000 0.0494759 0.0527270 0.0725645 0.1224126 0.2533245 0.2178906 0.2757297 0.2883613 0.2625096 0.3484530 0.3537416 0.2766158 0.2741627 0.3873271 0.3794451 0.3811416 0.4022049 0.3975313 0.3953513 0.3838252 0.3875424 0.3961245 0.4047895 0.4035273 0.4143638 0.4167408 0.4064019 0.3966948 0.4016396 0.4026159 0.4162249 0.4143143 0.4011569 0.4178791 0.4313601 0.2602351 0.2808311 0.2738907 0.2987065 0.4894052 0.4914288 0.4851309 0.4966525 0.4955118 0.4868404 0.4910678 0.4876112 0.4906641 
S0022_G6036_R3_A 0.4564285 0.4541548 0.4626179 0.4322834 0.4379834 0.7373388 0.5178869 0.1458366 0.1400434 0.2816585 0.0414576 0.0405953 0.0478974 0.0393804 0.0458438 0.0355820 0.0360418 0.0427052 0.0513957 0.0443829 0.0456016 0.0478911 0.0433735 0.0494759 0.0000000 0.0501733 0.0798162 0.1290531 0.2372456 0.1969970 0.2536876 0.2492849 0.2419047 0.3532726 0.3576552 0.2566023 0.2541575 0.3714515 0.3636112 0.3643606 0.3911210 0.3873124 0.3808100 0.3707723 0.3768319 0.3817155 0.3912561 0.3955311 0.3996246 0.3951524 0.3924593 0.3804665 0.3874838 0.3926633 0.4049275 0.4024263 0.3896344 0.4062580 0.4223898 0.2642765 0.2853524 0.2799032 0.3071288 0.4792194 0.4812687 0.4744887 0.4882945 0.4864881 0.4779329 0.4822109 0.4768433 0.4815189 
S0002_G6036_R3_A 0.4627977 0.4569999 0.4652632 0.4478919 0.4560881 0.7630608 0.5537453 0.1462583 0.1253153 0.2717318 0.0422759 0.0408507 0.0408848 0.0441168 0.0416293 0.0436582 0.0396412 0.0371844 0.0462059 0.0386059 0.0410933 0.0402186 0.0384693 0.0527270 0.0501733 0.0000000 0.0679223 0.1218074 0.2708721 0.2206733 0.2701301 0.2819583 0.2564321 0.3817076 0.3872469 0.2842218 0.2817038 0.3854238 0.3781488 0.3742495 0.4042648 0.3985995 0.4014901 0.3839307 0.3902946 0.4032013 0.4035625 0.4072944 0.4197772 0.4177693 0.4054421 0.3990395 0.4061644 0.4011359 0.4196089 0.4180981 0.4000920 0.4270752 0.4282742 0.2545234 0.2761052 0.2677423 0.2918397 0.4854047 0.4888848 0.4825651 0.4931288 0.4944579 0.4876500 0.4919162 0.4884264 0.4908744 
S0048_G6036_R3_A 0.5090358 0.5073212 0.5191406 0.4994695 0.5013944 0.7834036 0.6018299 0.1758043 0.1545867 0.2876419 0.0702957 0.0667241 0.0666311 0.0701042 0.0661780 0.0684639 0.0667397 0.0640401 0.0702606 0.0663514 0.0689228 0.0666579 0.0675423 0.0725645 0.0798162 0.0679223 0.0000000 0.1468152 0.2867444 0.2476680 0.3018361 0.3115569 0.2828879 0.4010680 0.4068984 0.2984616 0.2958654 0.4189878 0.4060077 0.4025086 0.4280535 0.4113170 0.4262288 0.4124685 0.4161646 0.4299223 0.4440051 0.4455939 0.4518004 0.4454740 0.4398236 0.4241456 0.4291617 0.4358454 0.4466514 0.4446980 0.4376934 0.4534026 0.4597138 0.2799643 0.2969374 0.2898285 0.3132600 0.5265700 0.5287699 0.5237745 0.5376206 0.5364128 0.5294674 0.5321643 0.5304603 0.5311717 
S0022_G6036_R4_A 0.5238740 0.5238969 0.5427184 0.4820087 0.4967237 0.8527989 0.6558292 0.2347402 0.2197314 0.3240217 0.1214057 0.1184862 0.1217058 0.1185440 0.1158857 0.1198423 0.1153610 0.1165157 0.1182304 0.1020550 0.1062941 0.1224678 0.1188801 0.1224126 0.1290531 0.1218074 0.1468152 0.0000000 0.3637055 0.2496682 0.3215380 0.3271312 0.3117065 0.4187532 0.4249802 0.3289882 0.3261741 0.4723160 0.4604910 0.4700609 0.4937600 0.4917057 0.4945504 0.4730243 0.4820538 0.4885514 0.4883284 0.4872205 0.5060165 0.4969856 0.4895425 0.4925374 0.4860765 0.4785252 0.5357798 0.5303698 0.5035881 0.5213458 0.5256465 0.3500331 0.3960837 0.3798861 0.3794352 0.5980264 0.6006301 0.5955901 0.6040362 0.6034360 0.5982507 0.6040139 0.5988294 0.6026818 
S0006_G6036_R1_A 0.4362881 0.4244922 0.4341774 0.4332537 0.4186148 0.7605570 0.5401819 0.2853497 0.2529733 0.4558396 0.2488992 0.2571968 0.2611202 0.2620711 0.2553360 0.2542444 0.2621549 0.2593792 0.2660348 0.2480111 0.2517894 0.2586954 0.2582100 0.2533245 0.2372456 0.2708721 0.2867444 0.3637055 0.0000000 0.2771472 0.2900313 0.3135246 0.3126683 0.3527961 0.3523740 0.3241110 0.3231355 0.4188602 0.4213382 0.4162030 0.4378754 0.4374428 0.4242305 0.4278191 0.4254887 0.4317403 0.4526956 0.4602467 0.4488974 0.4504469 0.4569644 0.4350607 0.4383251 0.4386946 0.4527109 0.4529382 0.4609327 0.4694024 0.4626050 0.3729514 0.4196850 0.4091870 0.4243274 0.4677255 0.4688332 0.4661009 0.4711017 0.4718396 0.4567598 0.4579963 0.4556860 0.4572114 
S0008_G6036_R1_A 0.4204472 0.4204495 0.4485060 0.4468659 0.4348318 0.7194659 0.5428794 0.2500558 0.2251120 0.3043202 0.2124664 0.2141511 0.2184606 0.2102697 0.2082820 0.2183547 0.2188530 0.2163729 0.2103081 0.2063440 0.2097000 0.2062993 0.2165289 0.2178906 0.1969970 0.2206733 0.2476680 0.2496682 0.2771472 0.0000000 0.1021027 0.1006106 0.1243589 0.2720792 0.2674513 0.1565649 0.1574432 0.4398918 0.4441492 0.4300879 0.4539964 0.4407627 0.4534221 0.4476523 0.4454128 0.4572166 0.4698771 0.4761199 0.4786291 0.4794905 0.4680565 0.4488285 0.4534101 0.4495278 0.4773498 0.4732984 0.4655791 0.4740099 0.4910142 0.3411908 0.3512517 0.3334702 0.3381409 0.4541586 0.4553557 0.4532365 0.4588528 0.4615125 0.4555887 0.4596603 0.4542761 0.4618794 
S0027_G6036_R1_A 0.4246723 0.4265169 0.4472944 0.4510652 0.4370485 0.7616345 0.5942235 0.3005693 0.2752314 0.3855273 0.2660629 0.2709037 0.2711044 0.2693415 0.2669993 0.2734454 0.2737221 0.2695053 0.2625255 0.2609011 0.2628888 0.2679859 0.2679424 0.2757297 0.2536876 0.2701301 0.3018361 0.3215380 0.2900313 0.1021027 0.0000000 0.0000010 0.1455495 0.2775945 0.2744579 0.1596127 0.1586771 0.4485295 0.4476770 0.4447278 0.4608699 0.4651427 0.4615656 0.4595720 0.4475035 0.4643650 0.4912526 0.4841010 0.4935764 0.4801353 0.4916976 0.4653260 0.4730759 0.4592219 0.4931408 0.4921747 0.4684894 0.4928864 0.5024787 0.3834214 0.3931445 0.3788242 0.3630396 0.4897629 0.4892671 0.4879258 0.4956179 0.4962132 0.4959254 0.4977083 0.4964373 0.4977543 
S0027_G6036_R2_A 0.4180954 0.4245216 0.4579502 0.4403796 0.4208946 0.5657248 0.5034359 0.3060661 0.2749068 0.4050806 0.2825773 0.2840150 0.2842530 0.2749565 0.2806157 0.2840263 0.2808459 0.2793149 0.2806812 0.2771648 0.2824685 0.2827845 0.2790925 0.2883613 0.2492849 0.2819583 0.3115569 0.3271312 0.3135246 0.1006106 0.0000010 0.0000000 0.1201913 0.2357761 0.2315979 0.1468059 0.1455629 0.4661591 0.4661775 0.4618172 0.4692579 0.4806189 0.4766369 0.4795548 0.4610142 0.4791829 0.5018386 0.4887354 0.5076014 0.5016829 0.5046094 0.4747279 0.4993195 0.4843835 0.5014523 0.4997273 0.4799829 0.5077050 0.5268010 0.4235740 0.4562142 0.4308306 0.4001373 0.4475088 0.4469560 0.4487478 0.4580195 0.4605513 0.4545550 0.4607008 0.4543729 0.4542534 
S0014_G6036_R1_A 0.4416260 0.4509634 0.4590894 0.4577061 0.4488526 0.7463273 0.5703937 0.2954195 0.2706463 0.3512039 0.2565209 0.2560974 0.2593799 0.2600157 0.2459323 0.2570696 0.2608205 0.2546905 0.2520987 0.2485324 0.2520198 0.2539406 0.2535836 0.2625096 0.2419047 0.2564321 0.2828879 0.3117065 0.3126683 0.1243589 0.1455495 0.1201913 0.0000000 0.2990624 0.2969745 0.1798506 0.1788904 0.4749423 0.4747165 0.4696661 0.4911426 0.4802114 0.4918775 0.4859554 0.4797919 0.4962200 0.5139630 0.5148712 0.5244556 0.5250440 0.5118232 0.4977698 0.4983273 0.5013574 0.5225341 0.5191049 0.4973896 0.5182257 0.5402048 0.3928604 0.4039400 0.3922609 0.3929591 0.4851852 0.4864016 0.4842924 0.4967483 0.4973923 0.4850544 0.4878276 0.4855922 0.4940491 
S0039_G6036_R1_A 0.4137922 0.4238368 0.4401032 0.4172956 0.4186028 0.7589965 0.4957712 0.3715527 0.3596097 0.4630488 0.3607110 0.3662022 0.3635614 0.3615449 0.3672812 0.3570944 0.3652185 0.3637350 0.3670188 0.3607476 0.3625701 0.3548532 0.3555441 0.3484530 0.3532726 0.3817076 0.4010680 0.4187532 0.3527961 0.2720792 0.2775945 0.2357761 0.2990624 0.0000000 0.0088340 0.2492632 0.2476272 0.5231507 0.5268132 0.5304931 0.5365875 0.5552586 0.5411160 0.5553639 0.5605178 0.5505106 0.5713118 0.5687868 0.5806648 0.5633831 0.5617668 0.5447243 0.5513815 0.5629436 0.5740348 0.5653300 0.5578219 0.5583289 0.5856541 0.4618795 0.5233452 0.5018810 0.5250432 0.5062070 0.5073382 0.4927642 0.5042946 0.5035471 0.4966199 0.4967602 0.4965456 0.5065799 
S0051_G6036_R1_A 0.4100019 0.4229452 0.4392502 0.4163915 0.4176905 0.7580744 0.4985718 0.3803885 0.3630672 0.4632226 0.3660758 0.3716080 0.3689797 0.3669085 0.3717747 0.3636740 0.3706194 0.3728231 0.3736710 0.3645348 0.3663478 0.3601992 0.3608879 0.3537416 0.3576552 0.3872469 0.4068984 0.4249802 0.3523740 0.2674513 0.2744579 0.2315979 0.2969745 0.0088340 0.0000000 0.2449153 0.2432996 0.5233594 0.5317136 0.5353636 0.5421389 0.5602123 0.5442996 0.5604772 0.5656174 0.5507361 0.5765336 0.5739761 0.5859567 0.5685337 0.5670431 0.5481952 0.5532687 0.5664629 0.5776336 0.5688808 0.5570866 0.5618414 0.5926696 0.4676820 0.5304388 0.5087088 0.5304436 0.4972085 0.4983361 0.4868085 0.4982649 0.4991056 0.4906487 0.4907745 0.4905901 0.5005162 
S0009_G6036_R1_A 0.4439984 0.4512103 0.4842147 0.4630988 0.4502913 0.7173373 0.5919511 0.2871494 0.2929395 0.3899562 0.2752900 0.2843967 0.2799051 0.2684947 0.2692627 0.2706758 0.2730192 0.2747527 0.2773395 0.2710588 0.2731049 0.2711010 0.2756667 0.2766158 0.2566023 0.2842218 0.2984616 0.3289882 0.3241110 0.1565649 0.1596127 0.1468059 0.1798506 0.2492632 0.2449153 0.0000000 0.0019822 0.5026076 0.5070822 0.5003584 0.5184344 0.5169817 0.5212141 0.5210196 0.5034608 0.5262131 0.5408132 0.5479497 0.5491503 0.5419280 0.5466803 0.5201080 0.5338707 0.5283274 0.5435949 0.5516695 0.5384121 0.5408867 0.5524155 0.3967832 0.4208468 0.3920591 0.3956568 0.4732316 0.4744378 0.4750676 0.4828917 0.4765991 0.4710960 0.4712279 0.4665484 0.4814980 
S0010_G6036_R1_A 0.4439984 0.4512103 0.4842147 0.4630988 0.4502913 0.7173373 0.5991486 0.2854936 0.2901060 0.3868215 0.2728521 0.2819268 0.2774504 0.2660900 0.2668410 0.2682379 0.2705898 0.2723212 0.2748792 0.2683921 0.2704399 0.2697407 0.2732331 0.2741627 0.2541575 0.2817038 0.2958654 0.3261741 0.3231355 0.1574432 0.1586771 0.1455629 0.1788904 0.2476272 0.2432996 0.0019822 0.0000000 0.4999458 0.5043649 0.4982187 0.5156785 0.5142924 0.5184287 0.5182423 0.5007857 0.5245984 0.5379419 0.5450431 0.5445040 0.5390469 0.5437188 0.5173123 0.5310301 0.5277557 0.5412840 0.5493236 0.5338578 0.5392522 0.5500855 0.3935574 0.4165535 0.3880120 0.3897861 0.4658392 0.4670398 0.4676205 0.4753941 0.4691764 0.4653256 0.4654562 0.4629432 0.4740101 
S0021_G6036_R1_A 0.5931256 0.5947699 0.6038392 0.5638517 0.5749914 0.8553815 0.7846671 0.4542855 0.4167942 0.5159571 0.3804001 0.3837927 0.3814381 0.3861804 0.3811667 0.3757682 0.3825295 0.3808967 0.3906174 0.3862901 0.3912731 0.3788947 0.3747769 0.3873271 0.3714515 0.3854238 0.4189878 0.4723160 0.4188602 0.4398918 0.4485295 0.4661591 0.4749423 0.5231507 0.5233594 0.5026076 0.4999458 0.0000000 0.0249787 0.0648580 0.0588632 0.0645478 0.0632123 0.0577309 0.0625651 0.0674212 0.0814295 0.0731142 0.0735310 0.0745579 0.0828212 0.0684902 0.0686932 0.0696678 0.0951659 0.0913368 0.0845167 0.0844607 0.0984027 0.4862773 0.4895827 0.4706656 0.5103563 0.5847025 0.5859495 0.5847836 0.5922278 0.5809209 0.5791493 0.5759007 0.5726525 0.5893119 
S0021_G6036_R2_A 0.5949259 0.5965969 0.6058380 0.5603343 0.5731723 0.8387618 0.7777998 0.4463976 0.4136678 0.5117765 0.3739622 0.3753712 0.3711221 0.3790281 0.3726695 0.3675219 0.3753816 0.3744561 0.3886289 0.3790419 0.3815432 0.3669868 0.3701955 0.3794451 0.3636112 0.3781488 0.4060077 0.4604910 0.4213382 0.4441492 0.4476770 0.4661775 0.4747165 0.5268132 0.5317136 0.5070822 0.5043649 0.0249787 0.0000000 0.0609130 0.0554961 0.0618374 0.0588705 0.0534019 0.0585941 0.0637148 0.0787223 0.0689323 0.0713522 0.0726088 0.0794584 0.0645017 0.0643157 0.0640988 0.0920423 0.0896368 0.0821301 0.0802093 0.0929894 0.4733662 0.4828290 0.4671718 0.5016118 0.5873961 0.5886675 0.5874963 0.5950883 0.5835392 0.5817243 0.5784080 0.5750925 0.5921190 
S0011_G6036_R1_A 0.6080495 0.6081911 0.6249656 0.5774331 0.5905181 0.8486907 0.7555871 0.4454724 0.4217314 0.5302325 0.3755657 0.3770795 0.3781922 0.3802836 0.3761784 0.3692218 0.3773858 0.3772087 0.3869987 0.3783889 0.3820476 0.3716527 0.3707031 0.3811416 0.3643606 0.3742495 0.4025086 0.4700609 0.4162030 0.4300879 0.4447278 0.4618172 0.4696661 0.5304931 0.5353636 0.5003584 0.4982187 0.0648580 0.0609130 0.0000000 0.0587382 0.0642412 0.0502312 0.0443469 0.0475684 0.0536652 0.0819622 0.0723068 0.0733667 0.0708308 0.0785400 0.0626314 0.0690988 0.0735537 0.0923159 0.0885211 0.0763183 0.0844511 0.0988969 0.4985021 0.4937499 0.4786860 0.5207193 0.5906568 0.5919023 0.5889243 0.5925491 0.5847022 0.5849206 0.5816676 0.5784155 0.5969233 
S0028_G6036_R1_A 0.5975116 0.5991797 0.6172974 0.5684810 0.5812702 0.8505534 0.7727730 0.4668768 0.4257025 0.5488230 0.3957082 0.4020014 0.3982726 0.4072372 0.4007286 0.3940059 0.4020841 0.4024891 0.4089142 0.4018578 0.4055620 0.4007253 0.3953662 0.4022049 0.3911210 0.4042648 0.4280535 0.4937600 0.4378754 0.4539964 0.4608699 0.4692579 0.4911426 0.5365875 0.5421389 0.5184344 0.5156785 0.0588632 0.0554961 0.0587382 0.0000000 0.0618210 0.0577502 0.0549059 0.0611042 0.0652725 0.0771136 0.0688952 0.0699084 0.0689052 0.0805067 0.0642186 0.0597907 0.0680664 0.0942639 0.0898498 0.0830091 0.0746757 0.0926020 0.4957499 0.5003343 0.4823077 0.5233978 0.5894992 0.5907615 0.5912431 0.6026683 0.5872874 0.5854725 0.5821727 0.5826715 0.5997253 
S0026_G6036_R1_A 0.6067086 0.6049900 0.6236158 0.5766755 0.5831377 0.8828658 0.7716618 0.4577577 0.4175689 0.5552479 0.3943832 0.4007010 0.3960581 0.4013954 0.3971437 0.3905322 0.3984407 0.4013424 0.4047726 0.4012851 0.4037373 0.3956509 0.3956222 0.3975313 0.3873124 0.3985995 0.4113170 0.4917057 0.4374428 0.4407627 0.4651427 0.4806189 0.4802114 0.5552586 0.5602123 0.5169817 0.5142924 0.0645478 0.0618374 0.0642412 0.0618210 0.0000000 0.0606260 0.0577557 0.0637746 0.0648867 0.0764362 0.0708136 0.0710840 0.0685073 0.0784599 0.0672307 0.0682417 0.0711013 0.0861463 0.0802031 0.0785833 0.0853130 0.0967945 0.5111854 0.4853596 0.4706957 0.5142719 0.5974181 0.5986508 0.5913808 0.6011511 0.5923376 0.5900446 0.5905451 0.5835933 0.6004758 
S0002_G6036_R1_A 0.6051464 0.6019007 0.6201335 0.5753388 0.5880560 0.8610228 0.7876886 0.4663932 0.4290929 0.5507523 0.3896331 0.3918621 0.3900985 0.4004962 0.3935410 0.3867158 0.3955233 0.3980176 0.4042130 0.3945579 0.4010224 0.3894274 0.3912104 0.3953513 0.3808100 0.4014901 0.4262288 0.4945504 0.4242305 0.4534221 0.4615656 0.4766369 0.4918775 0.5411160 0.5442996 0.5212141 0.5184287 0.0632123 0.0588705 0.0502312 0.0577502 0.0606260 0.0000000 0.0379460 0.0434599 0.0484266 0.0766775 0.0663377 0.0665866 0.0669945 0.0756210 0.0652839 0.0677526 0.0678263 0.0847051 0.0823204 0.0729487 0.0783484 0.0969103 0.4966692 0.5023447 0.4888094 0.5262518 0.5803033 0.5815579 0.5818917 0.5913288 0.5823823 0.5781651 0.5748946 0.5735311 0.5883903 
S0019_G6036_R1_A 0.6204197 0.6183746 0.6312807 0.5858944 0.5953991 0.8383287 0.7929473 0.4503509 0.4176542 0.5234558 0.3770219 0.3811645 0.3786389 0.3836824 0.3793993 0.3743983 0.3814884 0.3826374 0.3910919 0.3847956 0.3884908 0.3772551 0.3747034 0.3838252 0.3707723 0.3839307 0.4124685 0.4730243 0.4278191 0.4476523 0.4595720 0.4795548 0.4859554 0.5553639 0.5604772 0.5210196 0.5182423 0.0577309 0.0534019 0.0443469 0.0549059 0.0577557 0.0379460 0.0000000 0.0248526 0.0444628 0.0702459 0.0620361 0.0616768 0.0633987 0.0684366 0.0610882 0.0635450 0.0594405 0.0775520 0.0751705 0.0680019 0.0713132 0.0894009 0.4922153 0.4960719 0.4789418 0.5212100 0.5983363 0.5996022 0.6001489 0.6057934 0.5942225 0.5957559 0.5924222 0.5890904 0.6028755 
S0020_G6036_R1_A 0.6257446 0.6237155 0.6375959 0.5946764 0.6043727 0.8305219 0.7717713 0.4506587 0.4129122 0.5272147 0.3820605 0.3861832 0.3820907 0.3887215 0.3836092 0.3798879 0.3865229 0.3838858 0.3947860 0.3885649 0.3895505 0.3813951 0.3760263 0.3875424 0.3768319 0.3902946 0.4161646 0.4820538 0.4254887 0.4454128 0.4475035 0.4610142 0.4797919 0.5605178 0.5656174 0.5034608 0.5007857 0.0625651 0.0585941 0.0475684 0.0611042 0.0637746 0.0434599 0.0248526 0.0000000 0.0520768 0.0748740 0.0679625 0.0682934 0.0705446 0.0782257 0.0629767 0.0682529 0.0676860 0.0872668 0.0827673 0.0734876 0.0774418 0.0949187 0.4897669 0.4807287 0.4678364 0.5111208 0.5896318 0.5908830 0.5894997 0.5966994 0.5871762 0.5853984 0.5821287 0.5788599 0.5956704 
S0036_G6036_R1_A 0.6280230 0.6320125 0.6292234 0.5900240 0.6037638 0.8640793 0.7927524 0.4668860 0.4321812 0.5426968 0.3945312 0.3974222 0.3965517 0.3951117 0.3956454 0.3902917 0.3974926 0.3974400 0.4057236 0.4014974 0.4052360 0.3935855 0.3921116 0.3961245 0.3817155 0.4032013 0.4299223 0.4885514 0.4317403 0.4572166 0.4643650 0.4791829 0.4962200 0.5505106 0.5507361 0.5262131 0.5245984 0.0674212 0.0637148 0.0536652 0.0652725 0.0648867 0.0484266 0.0444628 0.0520768 0.0000000 0.0789942 0.0700114 0.0709548 0.0720862 0.0800407 0.0694872 0.0700319 0.0743120 0.0897894 0.0874028 0.0763909 0.0833939 0.0993283 0.4961024 0.5034374 0.4880577 0.5285843 0.5951722 0.5964397 0.5947182 0.6045390 0.5945835 0.5911117 0.5932537 0.5844680 0.6032394 
S0018_G6036_R1_A 0.6109337 0.6126603 0.6338330 0.5833052 0.5971559 0.8690484 0.8059529 0.4884640 0.4448031 0.5453928 0.4026283 0.4048977 0.3996524 0.4091441 0.4065166 0.3984984 0.4039316 0.4024244 0.4153661 0.4041835 0.4109701 0.4010636 0.4031575 0.4047895 0.3912561 0.4035625 0.4440051 0.4883284 0.4526956 0.4698771 0.4912526 0.5018386 0.5139630 0.5713118 0.5765336 0.5408132 0.5379419 0.0814295 0.0787223 0.0819622 0.0771136 0.0764362 0.0766775 0.0702459 0.0748740 0.0789942 0.0000000 0.0426398 0.0639436 0.0650781 0.0620691 0.0814746 0.0816596 0.0827451 0.1124729 0.1078932 0.1004239 0.0959793 0.1087622 0.5226932 0.5365029 0.5184147 0.5552479 0.5939247 0.5951953 0.5937344 0.6033052 0.5916996 0.5896111 0.5846629 0.5814202 0.5984461 
S0031_G6036_R1_A 0.5971531 0.5969897 0.6185981 0.5721774 0.5866119 0.8779160 0.7950603 0.4813892 0.4407006 0.5486826 0.4013641 0.4036352 0.3997346 0.4092299 0.4052450 0.3992135 0.4026662 0.4046330 0.4111498 0.4076164 0.4101164 0.4010112 0.3985805 0.4035273 0.3955311 0.4072944 0.4455939 0.4872205 0.4602467 0.4761199 0.4841010 0.4887354 0.5148712 0.5687868 0.5739761 0.5479497 0.5450431 0.0731142 0.0689323 0.0723068 0.0688952 0.0708136 0.0663377 0.0620361 0.0679625 0.0700114 0.0426398 0.0000000 0.0532394 0.0576689 0.0546172 0.0743928 0.0746004 0.0748824 0.1043715 0.1019662 0.0923216 0.0894131 0.1053016 0.5157493 0.5356003 0.5176043 0.5529730 0.5891870 0.5904513 0.5889698 0.5984852 0.5869715 0.5832972 0.5799980 0.5818996 0.5936486 
S0004_G6036_R1_A 0.6226341 0.6209353 0.6399074 0.5961801 0.6076710 0.8787212 0.8058306 0.4863083 0.4448424 0.5521189 0.4138281 0.4128617 0.4146057 0.4156712 0.4146844 0.4075526 0.4120036 0.4136223 0.4264755 0.4194411 0.4263720 0.4099185 0.4088340 0.4143638 0.3996246 0.4197772 0.4518004 0.5060165 0.4488974 0.4786291 0.4935764 0.5076014 0.5244556 0.5806648 0.5859567 0.5491503 0.5445040 0.0735310 0.0713522 0.0733667 0.0699084 0.0710840 0.0665866 0.0616768 0.0682934 0.0709548 0.0639436 0.0532394 0.0000000 0.0566107 0.0628332 0.0752200 0.0762715 0.0785233 0.1023546 0.1012863 0.0924295 0.0898150 0.1069385 0.5195247 0.5304733 0.5136507 0.5511382 0.5972939 0.5985635 0.5991043 0.6066923 0.5950717 0.5913463 0.5863999 0.5899574 0.6018382 
S0016_G6036_R1_A 0.6213810 0.6250600 0.6445355 0.5989882 0.6104868 0.8907175 0.8255695 0.4887987 0.4439991 0.5475960 0.4120022 0.4134548 0.4097491 0.4191682 0.4125913 0.4057946 0.4142313 0.4157519 0.4196760 0.4202004 0.4267773 0.4052939 0.4084194 0.4167408 0.3951524 0.4177693 0.4454740 0.4969856 0.4504469 0.4794905 0.4801353 0.5016829 0.5250440 0.5633831 0.5685337 0.5419280 0.5390469 0.0745579 0.0726088 0.0708308 0.0689052 0.0685073 0.0669945 0.0633987 0.0705446 0.0720862 0.0650781 0.0576689 0.0566107 0.0000000 0.0625858 0.0736031 0.0802415 0.0781153 0.1003692 0.0964403 0.0935824 0.0924870 0.1055751 0.5085691 0.5286220 0.5118654 0.5493330 0.6011394 0.6024054 0.6039173 0.6105401 0.5989246 0.5951926 0.5918698 0.5919427 0.6057011 
S0037_G6036_R1_U 0.6117809 0.6097029 0.6203287 0.5800470 0.6004158 0.8597820 0.7986682 0.4833501 0.4415629 0.5456015 0.4028245 0.4011428 0.4054969 0.4066731 0.4027616 0.3950747 0.4041561 0.4074076 0.4165195 0.4095504 0.4133673 0.4012323 0.3999729 0.4064019 0.3924593 0.4054421 0.4398236 0.4895425 0.4569644 0.4680565 0.4916976 0.5046094 0.5118232 0.5617668 0.5670431 0.5466803 0.5437188 0.0828212 0.0794584 0.0785400 0.0805067 0.0784599 0.0756210 0.0684366 0.0782257 0.0800407 0.0620691 0.0546172 0.0628332 0.0625858 0.0000000 0.0863131 0.0861806 0.0835754 0.1108220 0.1068855 0.0971518 0.0989354 0.1124673 0.5051291 0.5280448 0.5165187 0.5515979 0.6042827 0.6055830 0.6006749 0.6176262 0.6056296 0.6017620 0.5983346 0.6003571 0.6126516 
S0030_G6036_R1_A 0.6100639 0.6117860 0.6315152 0.5711748 0.5821798 0.8410407 0.7866511 0.4583447 0.4212688 0.5425690 0.3921139 0.3963476 0.3962153 0.3994545 0.3903544 0.3870950 0.3953619 0.3913037 0.4063570 0.4004165 0.4041760 0.3919110 0.3896922 0.3966948 0.3804665 0.3990395 0.4241456 0.4925374 0.4350607 0.4488285 0.4653260 0.4747279 0.4977698 0.5447243 0.5481952 0.5201080 0.5173123 0.0684902 0.0645017 0.0626314 0.0642186 0.0672307 0.0652839 0.0610882 0.0629767 0.0694872 0.0814746 0.0743928 0.0752200 0.0736031 0.0863131 0.0000000 0.0619746 0.0668415 0.0954001 0.0950848 0.0896208 0.0774905 0.0989364 0.4928428 0.5022132 0.4909026 0.5347044 0.5880620 0.5893263 0.5897984 0.5934807 0.5839028 0.5840330 0.5807301 0.5807771 0.5944009 
S0046_G6036_R1_A 0.6016800 0.6029749 0.6228532 0.5721874 0.5800427 0.8399562 0.7812485 0.4677567 0.4281460 0.5384115 0.3986984 0.4012931 0.4015953 0.4048937 0.3986279 0.3919933 0.4025801 0.4017825 0.4089649 0.4024701 0.4084153 0.3989469 0.3945963 0.4016396 0.3874838 0.4061644 0.4291617 0.4860765 0.4383251 0.4534101 0.4730759 0.4993195 0.4983273 0.5513815 0.5532687 0.5338707 0.5310301 0.0686932 0.0643157 0.0690988 0.0597907 0.0682417 0.0677526 0.0635450 0.0682529 0.0700319 0.0816596 0.0746004 0.0762715 0.0802415 0.0861806 0.0619746 0.0000000 0.0670665 0.0998167 0.0951973 0.0914887 0.0748834 0.0999535 0.4972094 0.5085563 0.4899474 0.5271391 0.5911575 0.5924229 0.5929177 0.5985050 0.5869917 0.5851749 0.5818703 0.5838592 0.5955562 
S0022_G6036_R1_A 0.5992508 0.6009353 0.6208494 0.5749113 0.5811360 0.8626721 0.7696650 0.4606465 0.4284190 0.5211609 0.3988355 0.3960350 0.4005939 0.4071795 0.3939645 0.3941009 0.3997417 0.3988288 0.4122886 0.3983110 0.4003818 0.3961031 0.3928963 0.4026159 0.3926633 0.4011359 0.4358454 0.4785252 0.4386946 0.4495278 0.4592219 0.4843835 0.5013574 0.5629436 0.5664629 0.5283274 0.5277557 0.0696678 0.0640988 0.0735537 0.0680664 0.0711013 0.0678263 0.0594405 0.0676860 0.0743120 0.0827451 0.0748824 0.0785233 0.0781153 0.0835754 0.0668415 0.0670665 0.0000000 0.0994152 0.0968864 0.0893765 0.0818813 0.1000069 0.5135791 0.5155603 0.4943548 0.5221343 0.6050835 0.6063686 0.6030321 0.6146570 0.6028366 0.6009366 0.5975519 0.5907247 0.6096598 
