59
S0027_G6056_R1_A 0.0000000 0.2552314 0.8456998 0.8112071 0.3249741 0.9628050 0.4710182 0.3721764 0.1874249 0.1914607 0.1902017 0.2391124 0.2143006 0.2027096 0.2219831 0.2204371 0.7305003 0.7799357 0.7609961 0.7359419 0.7585288 0.7490733 0.7602610 0.9062586 0.8757348 0.9197941 0.9195404 0.8462374 0.9794555 0.2657171 0.2664986 0.2588354 0.2707803 0.2765038 0.2815606 0.2402872 0.2587834 0.2450418 0.2721510 0.2435422 0.2641306 0.2472656 0.2474108 0.2543911 0.2681581 0.2330514 0.2938426 0.2404876 0.2650485 0.2900514 0.2596669 0.2793097 0.3398973 0.2886328 1.0428964 0.5964047 0.5527940 1.1570943 1.2420011 
S0012_G6056_R1_A 0.2552314 0.0000000 0.4552039 0.4277791 0.2383180 0.6226298 0.0748995 0.1776463 0.2548572 0.2618890 0.2414938 0.2586485 0.2794310 0.2689052 0.2515400 0.2420836 0.5829000 0.6253604 0.6096856 0.5829350 0.6078158 0.6001584 0.6201191 0.7629742 0.7459879 0.7841016 0.8134705 0.7617925 0.7897648 0.1887143 0.1190309 0.1190284 0.1288359 0.1321103 0.1400932 0.1068733 0.1040750 0.1227117 0.1415337 0.1130442 0.1290788 0.1157470 0.1186801 0.1083492 0.1197485 0.1101981 0.1286589 0.1071580 0.1281528 0.1420807 0.1287903 0.1644100 0.2058748 0.1748203 0.6921774 0.4810887 0.4753865 0.7293041 0.8221909 
S0021_G6056_R3_A 0.8456998 0.4552039 0.0000000 0.0722081 0.6414252 0.6781063 0.3405707 0.5627766 0.7673148 0.7719115 0.7697478 0.8477302 0.7938969 0.8489105 0.8391634 0.8408765 1.3207411 1.3215047 1.3503780 1.3187427 1.3183772 1.3358890 1.3746838 1.1642010 1.1161571 1.1193396 1.1584636 1.1036178 1.1299038 0.7535614 0.6406451 0.6371372 0.6798920 0.7024961 0.7126256 0.6333063 0.6415604 0.6702544 0.6415316 0.6417640 0.6427867 0.6159335 0.6675510 0.6706422 0.6582919 0.6418592 0.6475576 0.6595803 0.6870593 0.6920170 0.6837422 0.7069969 0.7537969 0.7812523 0.9586021 1.0062875 0.9803298 1.2047687 1.2303836 
S0021_G6056_R4_A 0.8112071 0.4277791 0.0722081 0.0000000 0.6362589 0.7547180 0.2947171 0.5579003 0.7539333 0.7584965 0.7370122 0.8131702 0.7605275 0.7916406 0.8482207 0.8499064 1.2537856 1.2403242 1.2817971 1.2231720 1.2373197 1.2539613 1.2900022 1.1569598 1.1085864 1.1117728 1.1511380 1.0958071 1.1220390 0.7301843 0.5932460 0.5899929 0.6491589 0.6528404 0.6805703 0.5940583 0.5940717 0.6383787 0.5940583 0.5942566 0.5952112 0.5860446 0.6195180 0.6214715 0.5915883 0.6117764 0.6082350 0.6097380 0.6371311 0.6290309 0.6345196 0.6656847 0.7110039 0.7388161 0.9251113 0.9701360 0.9526040 1.2233605 1.2713969 
S0006_G6056_R1_A 0.3249741 0.2383180 0.6414252 0.6362589 0.0000000 0.7109939 0.2375184 0.0102327 0.2784826 0.2858829 0.2801475 0.3180183 0.3221551 0.3154609 0.2648122 0.2630245 0.6088673 0.6332326 0.6118881 0.6008870 0.6209096 0.6130684 0.6191942 0.7947176 0.7910491 0.8295264 0.8262863 0.7991634 0.8326700 0.2669802 0.2845010 0.2739829 0.2885469 0.2869188 0.3057514 0.2575772 0.2653486 0.2608542 0.2814843 0.2620627 0.2703513 0.2647396 0.2646624 0.2609772 0.2786087 0.2660653 0.2800507 0.2618973 0.2876373 0.2817775 0.2863873 0.2705713 0.3414630 0.3090560 0.8420155 0.5814284 0.4924340 0.7939374 0.8781074 
S0033_G6056_R2_A 0.9628050 0.6226298 0.6781063 0.7547180 0.7109939 0.0000000 0.4395824 0.6305372 0.8294970 0.8574117 0.7603509 0.8707457 0.8713019 0.8981650 0.8087246 0.8545456 1.0260828 1.0364441 1.0532875 1.0401106 1.0274802 1.0267861 1.0847878 1.1786848 1.1095415 1.1613628 1.1628425 1.1460373 1.1852248 0.8982469 0.7663576 0.7470811 0.7481921 0.7735579 0.8146316 0.6881128 0.7291796 0.7631618 0.7952339 0.6907733 0.7475921 0.7361361 0.7191627 0.7431281 0.7411786 0.7430524 0.7950378 0.7431700 0.7602986 0.7779652 0.7291829 0.8269888 0.8620742 0.8433116 1.4336417 1.0215470 0.9489727 0.9484737 1.0802064 
S0037_G6056_R2_A 0.4710182 0.0748995 0.3405707 0.2947171 0.2375184 0.4395824 0.0000000 0.2375184 0.3927141 0.3927141 0.3857141 0.4046794 0.4132273 0.4419710 0.3858317 0.4041162 0.5886671 0.5785232 0.5886671 0.5536562 0.5821777 0.5966743 0.6256843 0.5046897 0.4711566 0.4841461 0.5233236 0.4711322 0.5507407 0.2916765 0.2227282 0.2046153 0.2147915 0.2347176 0.2479105 0.2219147 0.2046153 0.2363284 0.2143283 0.2055419 0.2237964 0.1946887 0.2046153 0.2316133 0.2068650 0.2324033 0.2193501 0.2025155 0.2576091 0.1522008 0.2646402 0.2161774 0.3129306 0.3775057 0.6831904 0.5554345 0.4896643 0.5624472 0.6411096 
S0006_G6056_R2_A 0.3721764 0.1776463 0.5627766 0.5579003 0.0102327 0.6305372 0.2375184 0.0000000 0.2889766 0.2966814 0.2864022 0.3628596 0.2971476 0.3720576 0.2629626 0.2522936 0.5444619 0.5379480 0.5561854 0.5170742 0.5396229 0.5510561 0.5489700 0.6257407 0.5956038 0.6076871 0.5961103 0.5856479 0.5937604 0.2742080 0.2834954 0.2675814 0.2973685 0.3131526 0.3347331 0.2689928 0.2767713 0.2665949 0.2913809 0.2618199 0.2767808 0.2762759 0.2675814 0.2609824 0.2699923 0.2767808 0.2600279 0.2599482 0.2984932 0.2922342 0.3206773 0.2705413 0.3293908 0.3223236 0.7857063 0.6247207 0.4717398 0.7629111 0.8445820 
S0009_G6056_R1_A 0.1874249 0.2548572 0.7673148 0.7539333 0.2784826 0.8294970 0.3927141 0.2889766 0.0000000 0.0075477 0.0978057 0.1112689 0.1096381 0.1446920 0.1234671 0.1163822 0.5916965 0.6443700 0.6237245 0.5904669 0.6156146 0.6177487 0.6210011 0.8722370 0.8745520 0.9346538 0.9211605 0.8535910 0.9514616 0.2595628 0.2528949 0.2500836 0.2579911 0.2643783 0.2776213 0.2304299 0.2487530 0.2312793 0.2707159 0.2409134 0.2626879 0.2302717 0.2411214 0.2377481 0.2505176 0.2206190 0.2820920 0.2305814 0.2578440 0.2814493 0.2509184 0.2705391 0.3125439 0.2767151 0.9253350 0.5572180 0.5115946 0.9674208 1.0632274 
S0010_G6056_R1_A 0.1914607 0.2618890 0.7719115 0.7584965 0.2858829 0.8574117 0.3927141 0.2966814 0.0075477 0.0000000 0.1068744 0.1206783 0.1125409 0.1483080 0.1335252 0.1262706 0.6067589 0.6548227 0.6394137 0.6054881 0.6311252 0.6333335 0.6367012 0.8857972 0.8882332 0.9418356 0.9282186 0.8604544 0.9595088 0.2593231 0.2599543 0.2571456 0.2651228 0.2715302 0.2849978 0.2373143 0.2557721 0.2381919 0.2704666 0.2478648 0.2698767 0.2337063 0.2480778 0.2447767 0.2575946 0.2274590 0.2894264 0.2376605 0.2614455 0.2906563 0.2580067 0.2778817 0.3202498 0.2855250 0.9406360 0.5772023 0.5335394 0.9596034 1.0390921 
S0015_G6056_R1_A 0.1902017 0.2414938 0.7697478 0.7370122 0.2801475 0.7603509 0.3857141 0.2864022 0.0978057 0.1068744 0.0000000 0.1192285 0.0685722 0.1345317 0.1428033 0.1354601 0.6117510 0.6596458 0.6442882 0.6051226 0.6305485 0.6327371 0.6360745 0.8473781 0.8217003 0.8700386 0.8420817 0.7780239 0.8439736 0.2406792 0.2349197 0.2357675 0.2434181 0.2390992 0.2584568 0.2099118 0.2206192 0.2173604 0.2395356 0.2278873 0.2373403 0.2234953 0.2198728 0.2166950 0.2325068 0.2071729 0.2482378 0.2025226 0.2432511 0.2633656 0.2326838 0.2551412 0.2878982 0.2545570 0.9459669 0.5344319 0.5160066 0.9517314 1.0201951 
S0008_G6056_R1_A 0.2391124 0.2586485 0.8477302 0.8131702 0.3180183 0.8707457 0.4046794 0.3628596 0.1112689 0.1206783 0.1192285 0.0000000 0.1251782 0.1559297 0.1684210 0.1605960 0.6462403 0.7002009 0.6784217 0.6552172 0.6698075 0.6721696 0.6644035 0.8388311 0.8136162 0.8609554 0.8681740 0.8263380 0.8261581 0.2481649 0.2419238 0.2326494 0.2590679 0.2581102 0.2738310 0.2279152 0.2390943 0.2320250 0.2589204 0.2347460 0.2676714 0.2454924 0.2347580 0.2243336 0.2311888 0.2287337 0.2680401 0.2242676 0.2432190 0.2842632 0.2481631 0.2679981 0.2793809 0.2880012 0.9705962 0.5106191 0.4839659 0.9679315 1.0240352 
S0034_G6056_R1_A 0.2143006 0.2794310 0.7938969 0.7605275 0.3221551 0.8713019 0.4132273 0.2971476 0.1096381 0.1125409 0.0685722 0.1251782 0.0000000 0.1538746 0.1456209 0.1382584 0.6280561 0.6641402 0.6486266 0.6158314 0.6416956 0.6439453 0.6403561 0.9486805 0.9208738 0.9674180 0.9588147 0.8897806 0.9575492 0.2727790 0.2704123 0.2587080 0.2831704 0.2749089 0.2996464 0.2475267 0.2588705 0.2554694 0.2666327 0.2542599 0.2609204 0.2618038 0.2581796 0.2516511 0.2680805 0.2447597 0.2963015 0.2408119 0.2682276 0.2842218 0.2646656 0.2791553 0.3357011 0.2801610 1.0168164 0.5497452 0.5433148 0.9133314 0.9346120 
S0014_G6056_R1_A 0.2027096 0.2689052 0.8489105 0.7916406 0.3154609 0.8981650 0.4419710 0.3720576 0.1446920 0.1483080 0.1345317 0.1559297 0.1538746 0.0000000 0.1610829 0.1567696 0.6252163 0.6673943 0.6459985 0.6302040 0.6375723 0.6469032 0.6311156 0.8939507 0.8821204 0.9335085 0.9253613 0.8913792 0.9218542 0.2749562 0.2559746 0.2602541 0.2723207 0.2641587 0.2849887 0.2370951 0.2520372 0.2414863 0.2781188 0.2559488 0.2606537 0.2477566 0.2442064 0.2439254 0.2558348 0.2381543 0.2803845 0.2374343 0.2688656 0.2905167 0.2613151 0.2762007 0.3277385 0.2845438 0.9598628 0.5671521 0.5309674 1.0429892 1.0788680 
S0039_G6056_R1_A 0.2219831 0.2515400 0.8391634 0.8482207 0.2648122 0.8087246 0.3858317 0.2629626 0.1234671 0.1335252 0.1428033 0.1684210 0.1456209 0.1610829 0.0000000 0.0160518 0.5900036 0.6201490 0.6116659 0.5775624 0.6038284 0.6060336 0.6181782 0.8470042 0.8196752 0.8711596 0.8532695 0.8093007 0.8842211 0.2599225 0.2485155 0.2400966 0.2575040 0.2566200 0.2850693 0.2324524 0.2399800 0.2481602 0.2796719 0.2473369 0.2662428 0.2397333 0.2435194 0.2473632 0.2453176 0.2257340 0.2575406 0.2326715 0.2566337 0.2743987 0.2614637 0.2773276 0.3340831 0.2689677 0.9239634 0.5259444 0.4978469 0.8807384 1.0075092 
S0051_G6056_R1_A 0.2204371 0.2420836 0.8408765 0.8499064 0.2630245 0.8545456 0.4041162 0.2522936 0.1163822 0.1262706 0.1354601 0.1605960 0.1382584 0.1567696 0.0160518 0.0000000 0.5886445 0.6186922 0.6102373 0.5762403 0.6024254 0.6046207 0.6167295 0.8460989 0.8187978 0.8702158 0.8523520 0.8084192 0.8842211 0.2579886 0.2427097 0.2384063 0.2633151 0.2547842 0.2829584 0.2308258 0.2382928 0.2464005 0.2776167 0.2455899 0.2643135 0.2380494 0.2418044 0.2419230 0.2435753 0.2241576 0.2556913 0.2309955 0.2547742 0.2762085 0.2595809 0.2710093 0.3315050 0.2670214 0.9583869 0.5147645 0.4918561 0.9310209 1.0448420 
S0040_G6056_R1_N 0.7305003 0.5829000 1.3207411 1.2537856 0.6088673 1.0260828 0.5886671 0.5444619 0.5916965 0.6067589 0.6117510 0.6462403 0.6280561 0.6252163 0.5900036 0.5886445 0.0000000 0.0408969 0.0226153 0.0329155 0.0303847 0.0278388 0.0331876 1.0313131 1.0196720 1.0436765 1.0112440 1.0489307 1.0251746 0.6128555 0.5239738 0.5091274 0.5340887 0.5404011 0.5659263 0.5383465 0.5396103 0.5230891 0.5597561 0.5459823 0.5509341 0.5342151 0.5382471 0.5365167 0.5682350 0.5168263 0.5556702 0.5212324 0.5520222 0.5380350 0.5520311 0.5491932 0.5551437 0.5668973 1.2029241 0.6178579 0.6235286 1.1559626 1.2700662 
S0041_G6056_R1_N 0.7799357 0.6253604 1.3215047 1.2403242 0.6332326 1.0364441 0.5785232 0.5379480 0.6443700 0.6548227 0.6596458 0.7002009 0.6641402 0.6673943 0.6201490 0.6186922 0.0408969 0.0000000 0.0302752 0.0327747 0.0225795 0.0225148 0.0331996 1.0245805 1.0130901 1.0195789 1.0047815 1.0243271 1.0078513 0.6275622 0.5632794 0.5318335 0.5573114 0.5638100 0.5904112 0.5618152 0.5746319 0.5611361 0.5790987 0.5697221 0.5684084 0.5574437 0.5617128 0.5602360 0.5924978 0.5510057 0.5795714 0.5467168 0.5804374 0.5768625 0.5761000 0.5565456 0.5895952 0.6065794 1.2415998 0.6245790 0.6251909 1.1641459 1.2787297 
S0042_G6056_R1_N 0.7609961 0.6096856 1.3503780 1.2817971 0.6118881 1.0532875 0.5886671 0.5561854 0.6237245 0.6394137 0.6442882 0.6784217 0.6486266 0.6459985 0.6116659 0.6102373 0.0226153 0.0302752 0.0000000 0.0275969 0.0199964 0.0225691 0.0253691 1.0202029 1.0086919 1.0322465 1.0171556 1.0372496 1.0231920 0.6344190 0.5536070 0.5223433 0.5476837 0.5541248 0.5803629 0.5520987 0.5648118 0.5476230 0.5742873 0.5599174 0.5586310 0.5478140 0.5519973 0.5504097 0.5825483 0.5413524 0.5697309 0.5349920 0.5662795 0.5521922 0.5661785 0.5569674 0.5798414 0.5814032 1.2181122 0.6280258 0.6420705 1.1665897 1.2828362 
S0044_G6056_R1_N 0.7359419 0.5829350 1.3187427 1.2231720 0.6008870 1.0401106 0.5536562 0.5170742 0.5904669 0.6054881 0.6051226 0.6552172 0.6158314 0.6302040 0.5775624 0.5762403 0.0329155 0.0327747 0.0275969 0.0000000 0.0174189 0.0149232 0.0356861 0.9964048 0.9850568 1.0078946 0.9933241 1.0124248 0.9964142 0.6053635 0.5289227 0.5150691 0.5231742 0.5294035 0.5544424 0.5273202 0.5396371 0.5231106 0.5493524 0.5348343 0.5397450 0.5232980 0.5272221 0.5253739 0.5568548 0.5168461 0.5444513 0.5101499 0.5406386 0.5336572 0.5458090 0.5367581 0.5546736 0.5553630 1.1905648 0.6248794 0.6375744 1.1542411 1.2681088 
S0043_G6056_R1_N 0.7585288 0.6078158 1.3183772 1.2373197 0.6209096 1.0274802 0.5821777 0.5396229 0.6156146 0.6311252 0.6305485 0.6698075 0.6416956 0.6375723 0.6038284 0.6024254 0.0303847 0.0225795 0.0199964 0.0174189 0.0000000 0.0124362 0.0253650 1.0075042 0.9960794 1.0192520 1.0044385 1.0240016 1.0002819 0.6324034 0.5519726 0.5268201 0.5460697 0.5587029 0.5786050 0.5504602 0.5631277 0.5460089 0.5737673 0.5582467 0.5569678 0.5461994 0.5503591 0.5492806 0.5808027 0.5397481 0.5680325 0.5333752 0.5645616 0.5576996 0.5644741 0.5552894 0.5730407 0.5796354 1.2115181 0.6323015 0.6375964 1.1562345 1.2703647 
S0047_G6056_R1_N 0.7490733 0.6001584 1.3358890 1.2539613 0.6130684 1.0267861 0.5966743 0.5510561 0.6177487 0.6333335 0.6327371 0.6721696 0.6439453 0.6469032 0.6060336 0.6046207 0.0278388 0.0225148 0.0225691 0.0149232 0.0124362 0.0000000 0.0305741 0.9949285 0.9836015 1.0063729 0.9918488 1.0108695 0.9947560 0.6242145 0.5449813 0.5309780 0.5391362 0.5454846 0.5712239 0.5434441 0.5559814 0.5427901 0.5663176 0.5511331 0.5561018 0.5392638 0.5433441 0.5416694 0.5734835 0.5328240 0.5608494 0.5281870 0.5612558 0.5523441 0.5572487 0.5481295 0.5709709 0.5816210 1.1764992 0.6241729 0.6374667 1.1562017 1.2702728 
S0045_G6056_R1_A 0.7602610 0.6201191 1.3746838 1.2900022 0.6191942 1.0847878 0.6256843 0.5489700 0.6210011 0.6367012 0.6360745 0.6644035 0.6403561 0.6311156 0.6181782 0.6167295 0.0331876 0.0331996 0.0253691 0.0356861 0.0253650 0.0305741 0.0000000 1.0239060 1.0123528 1.0360546 1.0208596 1.0411403 1.0109446 0.6471246 0.5579113 0.5263479 0.5519262 0.5584384 0.5797195 0.5564119 0.5692625 0.5467993 0.5789579 0.5643261 0.5630182 0.5520582 0.5563094 0.5439084 0.5871864 0.5455613 0.5684865 0.5392261 0.5655467 0.5546068 0.5706854 0.5730972 0.5792136 0.5747493 1.2264401 0.6413256 0.6502744 1.1677488 1.2842428 
S0032_G6056_R1_N 0.9062586 0.7629742 1.1642010 1.1569598 0.7947176 1.1786848 0.5046897 0.6257407 0.8722370 0.8857972 0.8473781 0.8388311 0.9486805 0.8939507 0.8470042 0.8460989 1.0313131 1.0245805 1.0202029 0.9964048 1.0075042 0.9949285 1.0239060 0.0000000 0.0174997 0.0279147 0.0913852 0.1084332 0.1617667 0.7922937 0.7344912 0.7306063 0.7371100 0.7784091 0.8008059 0.7053393 0.7188467 0.7281255 0.7684886 0.7337674 0.7716751 0.7368634 0.7028563 0.7308596 0.7594467 0.7159555 0.7446389 0.7106483 0.7734456 0.7877125 0.7279552 0.7915952 0.7343178 0.8681455 1.3522429 0.9010443 0.8195474 1.1466559 1.2887839 
S0032_G6056_R2_N 0.8757348 0.7459879 1.1161571 1.1085864 0.7910491 1.1095415 0.4711566 0.5956038 0.8745520 0.8882332 0.8217003 0.8136162 0.9208738 0.8821204 0.8196752 0.8187978 1.0196720 1.0130901 1.0086919 0.9850568 0.9960794 0.9836015 1.0123528 0.0174997 0.0000000 0.0305148 0.0768983 0.0990653 0.1402590 0.7991461 0.7377396 0.7338636 0.7404031 0.7819508 0.8045298 0.7084317 0.7220177 0.7444112 0.7720654 0.7370327 0.7751773 0.7401344 0.7059264 0.7281222 0.7436133 0.7191224 0.7479777 0.7169524 0.7737569 0.7945391 0.7283897 0.7815799 0.7375860 0.8607278 1.3162281 0.8729247 0.7969091 1.0756773 1.2091184 
S0024_G6056_R1_A 0.9197941 0.7841016 1.1193396 1.1117728 0.8295264 1.1613628 0.4841461 0.6076871 0.9346538 0.9418356 0.8700386 0.8609554 0.9674180 0.9335085 0.8711596 0.8702158 1.0436765 1.0195789 1.0322465 1.0078946 1.0192520 1.0063729 1.0360546 0.0279147 0.0305148 0.0000000 0.0803318 0.0969386 0.1623253 0.8248554 0.7543686 0.7505660 0.7572474 0.7998004 0.8231610 0.7244436 0.7383491 0.7614186 0.7901591 0.7537554 0.7928692 0.7568654 0.7218378 0.7509392 0.7667850 0.7415079 0.7650081 0.7336164 0.7981450 0.8067804 0.7391381 0.8125032 0.7481684 0.8892000 1.3467827 0.9063237 0.8567484 1.1089007 1.2469351 
S0029_G6056_R1_U 0.9195404 0.8134705 1.1584636 1.1511380 0.8262863 1.1628425 0.5233236 0.5961103 0.9211605 0.9282186 0.8420817 0.8681740 0.9588147 0.9253613 0.8532695 0.8523520 1.0112440 1.0047815 1.0171556 0.9933241 1.0044385 0.9918488 1.0208596 0.0913852 0.0768983 0.0803318 0.0000000 0.0583054 0.1942762 0.8120855 0.7431242 0.7453214 0.7519488 0.7735767 0.8172068 0.7135430 0.7409529 0.7560618 0.7844186 0.7485001 0.7872539 0.7516032 0.7168831 0.7395673 0.7694257 0.7363533 0.7604164 0.7161633 0.7796686 0.8094213 0.7537264 0.7928036 0.7439405 0.8957861 1.3658856 0.9695744 0.8805081 1.1611800 1.3325754 
S0025_G6056_R1_U 0.8462374 0.7617925 1.1036178 1.0958071 0.7991634 1.1460373 0.4711322 0.5856479 0.8535910 0.8604544 0.7780239 0.8263380 0.8897806 0.8913792 0.8093007 0.8084192 1.0489307 1.0243271 1.0372496 1.0124248 1.0240016 1.0108695 1.0411403 0.1084332 0.0990653 0.0969386 0.0583054 0.0000000 0.2129698 0.7582531 0.7237489 0.7468276 0.7333768 0.7608393 0.7823787 0.6883085 0.7078617 0.7302831 0.7578024 0.7229447 0.7613135 0.7261219 0.6791399 0.7199032 0.7277659 0.7032500 0.7268632 0.6962857 0.7525090 0.7762130 0.7280305 0.7490626 0.7462359 0.8306759 1.3501306 0.9323632 0.8244122 1.0814479 1.2201812 
S0001_G6056_R1_A 0.9794555 0.7897648 1.1299038 1.1220390 0.8326700 1.1852248 0.5507407 0.5937604 0.9514616 0.9595088 0.8439736 0.8261581 0.9575492 0.9218542 0.8842211 0.8842211 1.0251746 1.0078513 1.0231920 0.9964142 1.0002819 0.9947560 1.0109446 0.1617667 0.1402590 0.1623253 0.1942762 0.2129698 0.0000000 0.8583100 0.7520650 0.7616213 0.7534620 0.8004418 0.8367628 0.7182437 0.7184239 0.7657990 0.7918420 0.7660579 0.7504280 0.7615643 0.7312158 0.7327178 0.7502823 0.7447688 0.7608803 0.7519397 0.7945512 0.8129490 0.7720248 0.8211513 0.7647452 0.8554266 1.3034256 0.8464383 0.7832379 1.2280145 1.3675131 
S0033_G6056_R1_A 0.2657171 0.1887143 0.7535614 0.7301843 0.2669802 0.8982469 0.2916765 0.2742080 0.2595628 0.2593231 0.2406792 0.2481649 0.2727790 0.2749562 0.2599225 0.2579886 0.6128555 0.6275622 0.6344190 0.6053635 0.6324034 0.6242145 0.6471246 0.7922937 0.7991461 0.8248554 0.8120855 0.7582531 0.8583100 0.0000000 0.1314653 0.1226706 0.1323851 0.1388623 0.1364365 0.1127325 0.1159921 0.1166638 0.1197861 0.1222317 0.1384732 0.1188285 0.1127234 0.1143339 0.1347228 0.1004960 0.1519696 0.1051825 0.1258335 0.1490569 0.1288063 0.0794525 0.1768709 0.2088686 0.9257853 0.4928751 0.4513670 0.9289397 1.0212899 
S0002_G6056_R1_A 0.2664986 0.1190309 0.6406451 0.5932460 0.2845010 0.7663576 0.2227282 0.2834954 0.2528949 0.2599543 0.2349197 0.2419238 0.2704123 0.2559746 0.2485155 0.2427097 0.5239738 0.5632794 0.5536070 0.5289227 0.5519726 0.5449813 0.5579113 0.7344912 0.7377396 0.7543686 0.7431242 0.7237489 0.7520650 0.1314653 0.0000000 0.0545344 0.0573643 0.0628748 0.0636969 0.0409374 0.0436380 0.0519244 0.0788717 0.0490690 0.0629332 0.0542024 0.0488691 0.0414661 0.0600368 0.0410832 0.0743010 0.0421550 0.0722159 0.0951808 0.0573422 0.1064784 0.1396412 0.1444830 0.8184196 0.5203188 0.5267865 0.9076323 1.0100048 
S0004_G6056_R1_A 0.2588354 0.1190284 0.6371372 0.5899929 0.2739829 0.7470811 0.2046153 0.2675814 0.2500836 0.2571456 0.2357675 0.2326494 0.2587080 0.2602541 0.2400966 0.2384063 0.5091274 0.5318335 0.5223433 0.5150691 0.5268201 0.5309780 0.5263479 0.7306063 0.7338636 0.7505660 0.7453214 0.7468276 0.7616213 0.1226706 0.0545344 0.0000000 0.0492570 0.0603622 0.0608439 0.0384452 0.0411424 0.0492343 0.0586757 0.0492232 0.0520013 0.0517108 0.0463777 0.0389427 0.0575282 0.0331912 0.0717105 0.0395906 0.0696680 0.0895531 0.0548323 0.1128544 0.1530968 0.1481630 0.8549490 0.4985728 0.5041389 0.8215948 0.9281690 
S0013_G6056_R1_A 0.2707803 0.1288359 0.6798920 0.6491589 0.2885469 0.7481921 0.2147915 0.2973685 0.2579911 0.2651228 0.2434181 0.2590679 0.2831704 0.2723207 0.2575040 0.2633151 0.5340887 0.5573114 0.5476837 0.5231742 0.5460697 0.5391362 0.5519262 0.7371100 0.7404031 0.7572474 0.7519488 0.7333768 0.7534620 0.1323851 0.0573643 0.0492570 0.0000000 0.0523155 0.0582109 0.0358893 0.0438900 0.0411141 0.0703905 0.0466419 0.0521518 0.0438114 0.0438099 0.0336183 0.0549246 0.0306548 0.0719229 0.0369587 0.0670032 0.0838515 0.0522320 0.1130461 0.1503734 0.1453510 0.8377081 0.5289741 0.5362784 0.8449704 0.9384815 
S0016_G6056_R1_A 0.2765038 0.1321103 0.7024961 0.6528404 0.2869188 0.7735579 0.2347176 0.3131526 0.2643783 0.2715302 0.2390992 0.2581102 0.2749089 0.2641587 0.2566200 0.2547842 0.5404011 0.5638100 0.5541248 0.5294035 0.5587029 0.5454846 0.5584384 0.7784091 0.7819508 0.7998004 0.7735767 0.7608393 0.8004418 0.1388623 0.0628748 0.0603622 0.0523155 0.0000000 0.0610750 0.0385779 0.0439422 0.0577445 0.0794265 0.0520681 0.0606332 0.0436887 0.0491929 0.0389697 0.0549912 0.0467031 0.0689592 0.0424408 0.0670869 0.0777325 0.0522951 0.1162637 0.1530455 0.1386849 0.8193952 0.5290514 0.5398028 0.9447035 1.0527857 
S0022_G6056_R1_A 0.2815606 0.1400932 0.7126256 0.6805703 0.3057514 0.8146316 0.2479105 0.3347331 0.2776213 0.2849978 0.2584568 0.2738310 0.2996464 0.2849887 0.2850693 0.2829584 0.5659263 0.5904112 0.5803629 0.5544424 0.5786050 0.5712239 0.5797195 0.8008059 0.8045298 0.8231610 0.8172068 0.7823787 0.8367628 0.1364365 0.0636969 0.0608439 0.0582109 0.0610750 0.0000000 0.0417355 0.0526221 0.0637227 0.0711791 0.0554601 0.0638676 0.0523124 0.0525246 0.0421656 0.0639874 0.0414648 0.0725677 0.0428804 0.0734801 0.0904775 0.0612291 0.1201345 0.1686733 0.1396980 0.8714223 0.5549774 0.5741845 0.9314240 1.0213176 
S0046_G6056_R1_A 0.2402872 0.1068733 0.6333063 0.5940583 0.2575772 0.6881128 0.2219147 0.2689928 0.2304299 0.2373143 0.2099118 0.2279152 0.2475267 0.2370951 0.2324524 0.2308258 0.5383465 0.5618152 0.5520987 0.5273202 0.5504602 0.5434441 0.5564119 0.7053393 0.7084317 0.7244436 0.7135430 0.6883085 0.7182437 0.1127325 0.0409374 0.0384452 0.0358893 0.0385779 0.0417355 0.0000000 0.0278723 0.0358861 0.0533628 0.0305147 0.0412445 0.0329945 0.0278221 0.0203863 0.0384935 0.0253457 0.0576007 0.0207184 0.0499409 0.0714725 0.0358751 0.0946269 0.1306238 0.1256090 0.7731218 0.5050632 0.5181261 0.8677280 0.9649100 
S0031_G6056_R1_A 0.2587834 0.1040750 0.6415604 0.5940717 0.2653486 0.7291796 0.2046153 0.2767713 0.2487530 0.2557721 0.2206192 0.2390943 0.2588705 0.2520372 0.2399800 0.2382928 0.5396103 0.5746319 0.5648118 0.5396371 0.5631277 0.5559814 0.5692625 0.7188467 0.7220177 0.7383491 0.7409529 0.7078617 0.7184239 0.1159921 0.0436380 0.0411424 0.0438900 0.0439422 0.0526221 0.0278723 0.0000000 0.0438701 0.0506775 0.0384127 0.0439665 0.0356600 0.0356585 0.0282289 0.0385885 0.0279703 0.0468385 0.0286925 0.0500678 0.0687124 0.0438728 0.1035117 0.1399747 0.1167854 0.7503671 0.4962817 0.5067846 0.8417919 0.9357478 
S0048_G6056_R1_A 0.2450418 0.1227117 0.6702544 0.6383787 0.2608542 0.7631618 0.2363284 0.2665949 0.2312793 0.2381919 0.2173604 0.2320250 0.2554694 0.2414863 0.2481602 0.2464005 0.5230891 0.5611361 0.5476230 0.5231106 0.5460089 0.5427901 0.5467993 0.7281255 0.7444112 0.7614186 0.7560618 0.7302831 0.7657990 0.1166638 0.0519244 0.0492343 0.0411141 0.0577445 0.0637227 0.0358861 0.0438701 0.0000000 0.0760728 0.0520008 0.0575628 0.0544914 0.0437901 0.0389219 0.0603618 0.0358714 0.0775196 0.0368507 0.0638597 0.0835915 0.0576521 0.1070827 0.1440768 0.1415367 0.8900063 0.5037071 0.5224317 0.9336666 1.0228155 
S0021_G6056_R1_A 0.2721510 0.1415337 0.6415316 0.5940583 0.2814843 0.7952339 0.2143283 0.2913809 0.2707159 0.2704666 0.2395356 0.2589204 0.2666327 0.2781188 0.2796719 0.2776167 0.5597561 0.5790987 0.5742873 0.5493524 0.5737673 0.5663176 0.5789579 0.7684886 0.7720654 0.7901591 0.7844186 0.7578024 0.7918420 0.1197861 0.0788717 0.0586757 0.0703905 0.0794265 0.0711791 0.0533628 0.0506775 0.0760728 0.0000000 0.0562930 0.0733797 0.0644567 0.0561287 0.0539664 0.0734078 0.0588512 0.0854670 0.0521339 0.0775884 0.1077046 0.0649779 0.1290710 0.1575588 0.1664959 0.7897811 0.4847816 0.5223453 0.8629213 0.9590608 
S0021_G6056_R2_A 0.2435422 0.1130442 0.6417640 0.5942566 0.2620627 0.6907733 0.2055419 0.2618199 0.2409134 0.2478648 0.2278873 0.2347460 0.2542599 0.2559488 0.2473369 0.2455899 0.5459823 0.5697221 0.5599174 0.5348343 0.5582467 0.5511331 0.5643261 0.7337674 0.7370327 0.7537554 0.7485001 0.7229447 0.7660579 0.1222317 0.0490690 0.0492232 0.0466419 0.0520681 0.0554601 0.0305147 0.0384127 0.0520008 0.0562930 0.0000000 0.0521162 0.0383310 0.0331049 0.0309066 0.0437993 0.0358622 0.0688282 0.0260786 0.0555911 0.0834288 0.0412841 0.1125337 0.1371650 0.1287811 0.7831435 0.5074686 0.5203308 0.8427788 0.9358609 
S0017_G6056_R1_A 0.2641306 0.1290788 0.6427867 0.5952112 0.2703513 0.7475921 0.2237964 0.2767808 0.2626879 0.2698767 0.2373403 0.2676714 0.2609204 0.2606537 0.2662428 0.2643135 0.5509341 0.5684084 0.5586310 0.5397450 0.5569678 0.5561018 0.5630182 0.7716751 0.7751773 0.7928692 0.7872539 0.7613135 0.7504280 0.1384732 0.0629332 0.0520013 0.0521518 0.0606332 0.0638676 0.0412445 0.0439665 0.0575628 0.0733797 0.0521162 0.0000000 0.0439036 0.0492381 0.0391150 0.0577979 0.0412422 0.0720522 0.0424807 0.0700028 0.0866415 0.0577813 0.1218078 0.1507786 0.1519891 0.7931765 0.5238636 0.5517271 0.8684199 0.9366805 
S0011_G6056_R1_A 0.2472656 0.1157470 0.6159335 0.5860446 0.2647396 0.7361361 0.1946887 0.2762759 0.2302717 0.2337063 0.2234953 0.2454924 0.2618038 0.2477566 0.2397333 0.2380494 0.5342151 0.5574437 0.5478140 0.5232980 0.5461994 0.5392638 0.5520582 0.7368634 0.7401344 0.7568654 0.7516032 0.7261219 0.7615643 0.1188285 0.0542024 0.0517108 0.0438114 0.0436887 0.0523124 0.0329945 0.0356600 0.0544914 0.0644567 0.0383310 0.0439036 0.0000000 0.0355831 0.0334173 0.0464380 0.0331225 0.0600874 0.0286307 0.0472177 0.0654392 0.0437784 0.1121169 0.1428073 0.1250308 0.7831946 0.5106041 0.5304477 0.8948680 0.9955741 
S0023_G6056_R1_A 0.2474108 0.1186801 0.6675510 0.6195180 0.2646624 0.7191627 0.2046153 0.2675814 0.2411214 0.2480778 0.2198728 0.2347580 0.2581796 0.2442064 0.2435194 0.2418044 0.5382471 0.5617128 0.5519973 0.5272221 0.5503591 0.5433441 0.5563094 0.7028563 0.7059264 0.7218378 0.7168831 0.6791399 0.7312158 0.1127234 0.0488691 0.0463777 0.0438099 0.0491929 0.0525246 0.0278221 0.0356585 0.0437901 0.0561287 0.0331049 0.0492381 0.0355831 0.0000000 0.0281775 0.0464365 0.0331210 0.0603092 0.0233420 0.0526480 0.0801729 0.0332340 0.0946196 0.1216194 0.1286144 0.7911264 0.5109530 0.5180199 0.8371784 0.9142260 
S0019_G6056_R1_A 0.2543911 0.1083492 0.6706422 0.6214715 0.2609772 0.7431281 0.2316133 0.2609824 0.2377481 0.2447767 0.2166950 0.2243336 0.2516511 0.2439254 0.2473632 0.2419230 0.5365167 0.5602360 0.5504097 0.5253739 0.5492806 0.5416694 0.5439084 0.7308596 0.7281222 0.7509392 0.7395673 0.7199032 0.7327178 0.1143339 0.0414661 0.0389427 0.0336183 0.0389697 0.0421656 0.0203863 0.0282289 0.0389219 0.0539664 0.0309066 0.0391150 0.0334173 0.0281775 0.0000000 0.0335644 0.0256701 0.0528482 0.0209896 0.0449627 0.0724640 0.0363393 0.0959166 0.1352671 0.1243594 0.7772667 0.4983435 0.5221308 0.8323116 0.9242067 
S0020_G6056_R1_A 0.2681581 0.1197485 0.6582919 0.5915883 0.2786087 0.7411786 0.2068650 0.2699923 0.2505176 0.2575946 0.2325068 0.2311888 0.2680805 0.2558348 0.2453176 0.2435753 0.5682350 0.5924978 0.5825483 0.5568548 0.5808027 0.5734835 0.5871864 0.7594467 0.7436133 0.7667850 0.7694257 0.7277659 0.7502823 0.1347228 0.0600368 0.0575282 0.0549246 0.0549912 0.0639874 0.0384935 0.0385885 0.0603618 0.0734078 0.0437993 0.0577979 0.0464380 0.0464365 0.0335644 0.0000000 0.0439499 0.0691537 0.0396418 0.0554435 0.0808160 0.0549033 0.1190151 0.1566204 0.1292429 0.7690196 0.5090415 0.5151634 0.8349863 0.9274514 
S0030_G6056_R1_A 0.2330514 0.1101981 0.6418592 0.6117764 0.2660653 0.7430524 0.2324033 0.2767808 0.2206190 0.2274590 0.2071729 0.2287337 0.2447597 0.2381543 0.2257340 0.2241576 0.5168263 0.5510057 0.5413524 0.5168461 0.5397481 0.5328240 0.5455613 0.7159555 0.7191224 0.7415079 0.7363533 0.7032500 0.7447688 0.1004960 0.0410832 0.0331912 0.0306548 0.0467031 0.0414648 0.0253457 0.0279703 0.0358714 0.0588512 0.0358622 0.0412422 0.0331225 0.0331210 0.0256701 0.0439499 0.0000000 0.0605478 0.0260917 0.0556181 0.0775846 0.0413041 0.0944763 0.1434235 0.1224373 0.7991779 0.4904881 0.5011102 0.8683712 0.9657346 
S0018_G6056_R1_A 0.2938426 0.1286589 0.6475576 0.6082350 0.2800507 0.7950378 0.2193501 0.2600279 0.2820920 0.2894264 0.2482378 0.2680401 0.2963015 0.2803845 0.2575406 0.2556913 0.5556702 0.5795714 0.5697309 0.5444513 0.5680325 0.5608494 0.5684865 0.7446389 0.7479777 0.7650081 0.7604164 0.7268632 0.7608803 0.1519696 0.0743010 0.0717105 0.0719229 0.0689592 0.0725677 0.0576007 0.0468385 0.0775196 0.0854670 0.0688282 0.0720522 0.0600874 0.0603092 0.0528482 0.0691537 0.0605478 0.0000000 0.0537353 0.0789123 0.0868679 0.0691069 0.1376351 0.1567371 0.1331809 0.7487339 0.5329319 0.5311500 0.8906809 0.9906284 
S0026_G6056_R1_A 0.2404876 0.1071580 0.6595803 0.6097380 0.2618973 0.7431700 0.2025155 0.2599482 0.2305814 0.2376605 0.2025226 0.2242676 0.2408119 0.2374343 0.2326715 0.2309955 0.5212324 0.5467168 0.5349920 0.5101499 0.5333752 0.5281870 0.5392261 0.7106483 0.7169524 0.7336164 0.7161633 0.6962857 0.7519397 0.1051825 0.0421550 0.0395906 0.0369587 0.0424408 0.0428804 0.0207184 0.0286925 0.0368507 0.0521339 0.0260786 0.0424807 0.0286307 0.0233420 0.0209896 0.0396418 0.0260917 0.0537353 0.0000000 0.0369332 0.0659619 0.0261245 0.0944364 0.1251765 0.1102560 0.8113184 0.5013316 0.5068760 0.8780564 0.9820596 
S0036_G6056_R1_A 0.2650485 0.1281528 0.6870593 0.6371311 0.2876373 0.7602986 0.2576091 0.2984932 0.2578440 0.2614455 0.2432511 0.2432190 0.2682276 0.2688656 0.2566337 0.2547742 0.5520222 0.5804374 0.5662795 0.5406386 0.5645616 0.5612558 0.5655467 0.7734456 0.7737569 0.7981450 0.7796686 0.7525090 0.7945512 0.1258335 0.0722159 0.0696680 0.0670032 0.0670869 0.0734801 0.0499409 0.0500678 0.0638597 0.0775884 0.0555911 0.0700028 0.0472177 0.0526480 0.0449627 0.0554435 0.0556181 0.0789123 0.0369332 0.0000000 0.0837093 0.0529540 0.1120419 0.1434537 0.1308840 0.8277915 0.5076212 0.5421017 0.8644070 0.9444385 
S0037_G6056_R1_A 0.2900514 0.1420807 0.6920170 0.6290309 0.2817775 0.7779652 0.1522008 0.2922342 0.2814493 0.2906563 0.2633656 0.2842632 0.2842218 0.2905167 0.2743987 0.2762085 0.5380350 0.5768625 0.5521922 0.5336572 0.5576996 0.5523441 0.5546068 0.7877125 0.7945391 0.8067804 0.8094213 0.7762130 0.8129490 0.1490569 0.0951808 0.0895531 0.0838515 0.0777325 0.0904775 0.0714725 0.0687124 0.0835915 0.1077046 0.0834288 0.0866415 0.0654392 0.0801729 0.0724640 0.0808160 0.0775846 0.0868679 0.0659619 0.0837093 0.0000000 0.0835829 0.1273875 0.1884108 0.1309065 0.8355737 0.5114959 0.4903391 0.8884298 0.9958424 
S0028_G6056_R1_A 0.2596669 0.1287903 0.6837422 0.6345196 0.2863873 0.7291829 0.2646402 0.3206773 0.2509184 0.2580067 0.2326838 0.2481631 0.2646656 0.2613151 0.2614637 0.2595809 0.5520311 0.5761000 0.5661785 0.5458090 0.5644741 0.5572487 0.5706854 0.7279552 0.7283897 0.7391381 0.7537264 0.7280305 0.7720248 0.1288063 0.0573422 0.0548323 0.0522320 0.0522951 0.0612291 0.0358751 0.0438728 0.0576521 0.0649779 0.0412841 0.0577813 0.0437784 0.0332340 0.0363393 0.0549033 0.0413041 0.0691069 0.0261245 0.0529540 0.0835829 0.0000000 0.1190052 0.1439744 0.1322377 0.8101884 0.5225217 0.5214948 0.9184993 1.0085763 
S0005_G6056_R1_A 0.2793097 0.1644100 0.7069969 0.6656847 0.2705713 0.8269888 0.2161774 0.2705413 0.2705391 0.2778817 0.2551412 0.2679981 0.2791553 0.2762007 0.2773276 0.2710093 0.5491932 0.5565456 0.5569674 0.5367581 0.5552894 0.5481295 0.5730972 0.7915952 0.7815799 0.8125032 0.7928036 0.7490626 0.8211513 0.0794525 0.1064784 0.1128544 0.1130461 0.1162637 0.1201345 0.0946269 0.1035117 0.1070827 0.1290710 0.1125337 0.1218078 0.1121169 0.0946196 0.0959166 0.1190151 0.0944763 0.1376351 0.0944364 0.1120419 0.1273875 0.1190052 0.0000000 0.1742442 0.1890099 0.8951614 0.4965006 0.4588015 0.8775858 0.9601916 
S0035_G6056_R1_A 0.3398973 0.2058748 0.7537969 0.7110039 0.3414630 0.8620742 0.3129306 0.3293908 0.3125439 0.3202498 0.2878982 0.2793809 0.3357011 0.3277385 0.3340831 0.3315050 0.5551437 0.5895952 0.5798414 0.5546736 0.5730407 0.5709709 0.5792136 0.7343178 0.7375860 0.7481684 0.7439405 0.7462359 0.7647452 0.1768709 0.1396412 0.1530968 0.1503734 0.1530455 0.1686733 0.1306238 0.1399747 0.1440768 0.1575588 0.1371650 0.1507786 0.1428073 0.1216194 0.1352671 0.1566204 0.1434235 0.1567371 0.1251765 0.1434537 0.1884108 0.1439744 0.1742442 0.0000000 0.2471709 0.9198030 0.5430455 0.4943354 1.0206415 1.1426836 
S0050_G6056_R1_A 0.2886328 0.1748203 0.7812523 0.7388161 0.3090560 0.8433116 0.3775057 0.3223236 0.2767151 0.2855250 0.2545570 0.2880012 0.2801610 0.2845438 0.2689677 0.2670214 0.5668973 0.6065794 0.5814032 0.5553630 0.5796354 0.5816210 0.5747493 0.8681455 0.8607278 0.8892000 0.8957861 0.8306759 0.8554266 0.2088686 0.1444830 0.1481630 0.1453510 0.1386849 0.1396980 0.1256090 0.1167854 0.1415367 0.1664959 0.1287811 0.1519891 0.1250308 0.1286144 0.1243594 0.1292429 0.1224373 0.1331809 0.1102560 0.1308840 0.1309065 0.1322377 0.1890099 0.2471709 0.0000000 0.8148274 0.5521804 0.5386254 1.0478031 1.1017981 
S0038_G6056_R1_A 1.0428964 0.6921774 0.9586021 0.9251113 0.8420155 1.4336417 0.6831904 0.7857063 0.9253350 0.9406360 0.9459669 0.9705962 1.0168164 0.9598628 0.9239634 0.9583869 1.2029241 1.2415998 1.2181122 1.1905648 1.2115181 1.1764992 1.2264401 1.3522429 1.3162281 1.3467827 1.3658856 1.3501306 1.3034256 0.9257853 0.8184196 0.8549490 0.8377081 0.8193952 0.8714223 0.7731218 0.7503671 0.8900063 0.7897811 0.7831435 0.7931765 0.7831946 0.7911264 0.7772667 0.7690196 0.7991779 0.7487339 0.8113184 0.8277915 0.8355737 0.8101884 0.8951614 0.9198030 0.8148274 0.0000000 1.1394172 1.0824921 1.4290244 1.4796837 
S0049_G6056_R2_A 0.5964047 0.4810887 1.0062875 0.9701360 0.5814284 1.0215470 0.5554345 0.6247207 0.5572180 0.5772023 0.5344319 0.5106191 0.5497452 0.5671521 0.5259444 0.5147645 0.6178579 0.6245790 0.6280258 0.6248794 0.6323015 0.6241729 0.6413256 0.9010443 0.8729247 0.9063237 0.9695744 0.9323632 0.8464383 0.4928751 0.5203188 0.4985728 0.5289741 0.5290514 0.5549774 0.5050632 0.4962817 0.5037071 0.4847816 0.5074686 0.5238636 0.5106041 0.5109530 0.4983435 0.5090415 0.4904881 0.5329319 0.5013316 0.5076212 0.5114959 0.5225217 0.4965006 0.5430455 0.5521804 1.1394172 0.0000000 0.0947563 1.2846173 1.3678068 
S0049_G6056_R3_A 0.5527940 0.4753865 0.9803298 0.9526040 0.4924340 0.9489727 0.4896643 0.4717398 0.5115946 0.5335394 0.5160066 0.4839659 0.5433148 0.5309674 0.4978469 0.4918561 0.6235286 0.6251909 0.6420705 0.6375744 0.6375964 0.6374667 0.6502744 0.8195474 0.7969091 0.8567484 0.8805081 0.8244122 0.7832379 0.4513670 0.5267865 0.5041389 0.5362784 0.5398028 0.5741845 0.5181261 0.5067846 0.5224317 0.5223453 0.5203308 0.5517271 0.5304477 0.5180199 0.5221308 0.5151634 0.5011102 0.5311500 0.5068760 0.5421017 0.4903391 0.5214948 0.4588015 0.4943354 0.5386254 1.0824921 0.0947563 0.0000000 1.2762340 1.3184092 
S0049_G6056_R1_A 1.1570943 0.7293041 1.2047687 1.2233605 0.7939374 0.9484737 0.5624472 0.7629111 0.9674208 0.9596034 0.9517314 0.9679315 0.9133314 1.0429892 0.8807384 0.9310209 1.1559626 1.1641459 1.1665897 1.1542411 1.1562345 1.1562017 1.1677488 1.1466559 1.0756773 1.1089007 1.1611800 1.0814479 1.2280145 0.9289397 0.9076323 0.8215948 0.8449704 0.9447035 0.9314240 0.8677280 0.8417919 0.9336666 0.8629213 0.8427788 0.8684199 0.8948680 0.8371784 0.8323116 0.8349863 0.8683712 0.8906809 0.8780564 0.8644070 0.8884298 0.9184993 0.8775858 1.0206415 1.0478031 1.4290244 1.2846173 1.2762340 0.0000000 0.0825563 
S0049_G6056_R4_A 1.2420011 0.8221909 1.2303836 1.2713969 0.8781074 1.0802064 0.6411096 0.8445820 1.0632274 1.0390921 1.0201951 1.0240352 0.9346120 1.0788680 1.0075092 1.0448420 1.2700662 1.2787297 1.2828362 1.2681088 1.2703647 1.2702728 1.2842428 1.2887839 1.2091184 1.2469351 1.3325754 1.2201812 1.3675131 1.0212899 1.0100048 0.9281690 0.9384815 1.0527857 1.0213176 0.9649100 0.9357478 1.0228155 0.9590608 0.9358609 0.9366805 0.9955741 0.9142260 0.9242067 0.9274514 0.9657346 0.9906284 0.9820596 0.9444385 0.9958424 1.0085763 0.9601916 1.1426836 1.1017981 1.4796837 1.3678068 1.3184092 0.0825563 0.0000000 
