59
S0038_G6098_R2_A 0.0000000 0.0015526 0.0023311 0.0023317 0.0054654 0.0031112 0.0031120 0.0150374 0.0150567 0.0142491 0.0150367 0.0142522 0.0110579 0.0183298 0.0200116 0.6829629 0.7638237 0.8378773 0.8236917 0.8338954 0.7490856 0.9719400 0.9623187 0.5765887 0.5790541 0.5858235 0.5856976 0.5716435 0.5744828 0.5699351 0.5658343 0.5707009 0.5653279 0.5895754 0.5651969 0.5686673 0.6028441 0.5875152 0.5617318 0.6066625 0.6066841 0.5625283 0.6037542 0.6181752 0.5914222 0.5863629 0.5680285 0.6718819 0.6592354 0.6592354 0.5979314 0.5651532 0.5716683 0.5728315 0.5856802 0.5744075 0.5330025 0.5206233 0.5782771 
S0047_G6098_R5_N 0.0015526 0.0000000 0.0006621 0.0033232 0.0060047 0.0046600 0.0066888 0.0169395 0.0162593 0.0148796 0.0169388 0.0148853 0.0128392 0.0183648 0.0212325 0.6496665 0.7081808 0.7929195 0.7693777 0.7838765 0.7233411 0.9370790 0.9362450 0.5764994 0.5756129 0.5810947 0.5909384 0.5722770 0.5716693 0.5682887 0.5694921 0.5738626 0.5655408 0.5850784 0.5616342 0.5668124 0.5979867 0.5911760 0.5672600 0.6006345 0.6029880 0.5698321 0.6041135 0.6092831 0.5935632 0.5769827 0.5572922 0.6650075 0.6482938 0.6482938 0.6048587 0.5768512 0.5775895 0.5834554 0.6013561 0.5907946 0.5353929 0.5200662 0.5593182 
S0047_G6098_R6_N 0.0023311 0.0006621 0.0000000 0.0039911 0.0066771 0.0053300 0.0073645 0.0176312 0.0169505 0.0155686 0.0176305 0.0155745 0.0135260 0.0190603 0.0219352 0.6496665 0.7081808 0.7929195 0.7693777 0.7838765 0.7233411 0.9370790 0.9362450 0.5784395 0.5775452 0.5830384 0.5928933 0.5742057 0.5735878 0.5701899 0.5714058 0.5757926 0.5674508 0.5870295 0.5635308 0.5687214 0.5999602 0.5931429 0.5691811 0.6026084 0.6049642 0.5717481 0.6061079 0.6112787 0.5955239 0.5789106 0.5591773 0.6671083 0.6503475 0.6503475 0.6070907 0.5790060 0.5797728 0.5856508 0.6036115 0.5930236 0.5376815 0.5218473 0.5611707 
S0047_G6098_R1_N 0.0023317 0.0033232 0.0039911 0.0000000 0.0026564 0.0039902 0.0060137 0.0148599 0.0141822 0.0114433 0.0148593 0.0128150 0.0094155 0.0162728 0.0191169 0.6444576 0.7026364 0.7869530 0.7635145 0.7779733 0.7178659 0.9300993 0.9292526 0.5701624 0.5693018 0.5747439 0.5845464 0.5659792 0.5654048 0.5620827 0.5632448 0.5675601 0.5593070 0.5787014 0.5554456 0.5605812 0.5915305 0.5847438 0.5609929 0.5941792 0.5965198 0.5635772 0.5975862 0.6027494 0.5871506 0.5706851 0.5511437 0.6630289 0.6481411 0.6481411 0.6047019 0.5767056 0.5774418 0.5833056 0.6011983 0.5906409 0.5299429 0.5158324 0.5548882 
S0047_G6098_R2_N 0.0054654 0.0060047 0.0066771 0.0026564 0.0000000 0.0066767 0.0087212 0.0176302 0.0169495 0.0141912 0.0176295 0.0155736 0.0121531 0.0190592 0.0212264 0.6472765 0.7025735 0.7868818 0.7634455 0.7779032 0.7178032 0.9300098 0.9291629 0.5742890 0.5734117 0.5788787 0.5887064 0.5700810 0.5694849 0.5661253 0.5673141 0.5716647 0.5633681 0.5828526 0.5594772 0.5646404 0.5957311 0.5889292 0.5650755 0.5983788 0.6007267 0.5676514 0.6018321 0.6069986 0.5890589 0.5747859 0.5551506 0.6675277 0.6525423 0.6525423 0.6094784 0.5813109 0.5821084 0.5880000 0.6060245 0.5954086 0.5348040 0.5196155 0.5610089 
S0047_G6098_R3_N 0.0031112 0.0046600 0.0053300 0.0039902 0.0066767 0.0000000 0.0073629 0.0176273 0.0169467 0.0155651 0.0176266 0.0155711 0.0135230 0.0190560 0.0219302 0.6495334 0.7080300 0.7927420 0.7692075 0.7837025 0.7231898 0.9329732 0.9321319 0.5802862 0.5793846 0.5848880 0.5908777 0.5760420 0.5754146 0.5720006 0.5732281 0.5776299 0.5692703 0.5888856 0.5615771 0.5705398 0.6018360 0.5950134 0.5710100 0.6044836 0.6068422 0.5735726 0.6040507 0.6131742 0.5935021 0.5807467 0.5572357 0.6649374 0.6482264 0.6482264 0.6022037 0.5742973 0.5750014 0.5808501 0.5986742 0.5881472 0.5372243 0.5235494 0.5592626 
S0047_G6098_R4_N 0.0031120 0.0066888 0.0073645 0.0060137 0.0087212 0.0073629 0.0000000 0.0197564 0.0190722 0.0176805 0.0197556 0.0176873 0.0156268 0.0212002 0.0241035 0.6595645 0.7189491 0.8023644 0.7785742 0.7931886 0.7317628 0.9486508 0.9478356 0.5822553 0.5813420 0.5868803 0.5967980 0.5779815 0.5773419 0.5738952 0.5751410 0.5795775 0.5711626 0.5909023 0.5671992 0.5724367 0.6039307 0.5970717 0.5729189 0.6065876 0.6089594 0.5754892 0.6101451 0.6153392 0.5994511 0.5827050 0.5628052 0.6716054 0.6564784 0.6564784 0.6045008 0.5746354 0.5753441 0.5811962 0.5990338 0.5885003 0.5330415 0.5266977 0.5663764 
S0045_G6098_R1_A 0.0150374 0.0169395 0.0176312 0.0148599 0.0176302 0.0176273 0.0197564 0.0000000 0.0087170 0.0155608 0.0080307 0.0087197 0.0135193 0.0107713 0.0156411 0.6476076 0.6941004 0.8026740 0.7791480 0.7945940 0.7240650 0.9237704 0.9229116 0.5794208 0.5717766 0.5840238 0.5847579 0.5751791 0.5745560 0.5711474 0.5679012 0.5767674 0.5646240 0.5834570 0.5644826 0.5614529 0.5986773 0.5934363 0.5701468 0.5951002 0.5997275 0.5727139 0.6071299 0.6007668 0.5919341 0.5798862 0.5622552 0.6755324 0.6448091 0.6448091 0.5995396 0.5717363 0.5724061 0.5782365 0.5959835 0.5854919 0.5342083 0.5215450 0.5516759 
S0038_G6098_R1_A 0.0150567 0.0162593 0.0169505 0.0141822 0.0169495 0.0169467 0.0190722 0.0087170 0.0000000 0.0107658 0.0060117 0.0053449 0.0114710 0.0073758 0.0121993 0.6433878 0.6812815 0.7818813 0.7641533 0.7794627 0.7163018 0.9201050 0.9192406 0.5730887 0.5624062 0.5783575 0.5790991 0.5695724 0.5689795 0.5656279 0.5668122 0.5666735 0.5591047 0.5823254 0.5589886 0.5603781 0.5929082 0.5922791 0.5645741 0.5893657 0.5939649 0.5671486 0.6012745 0.5995924 0.5862247 0.5742728 0.5524119 0.6593405 0.6379928 0.6379928 0.5880962 0.5649650 0.5655438 0.5670324 0.5888321 0.5784504 0.5252243 0.5128505 0.5348186 
S0043_G6098_R1_N 0.0142491 0.0148796 0.0155686 0.0114433 0.0141912 0.0155651 0.0176805 0.0155608 0.0107658 0.0000000 0.0141844 0.0107640 0.0107946 0.0142093 0.0170419 0.6579332 0.6849256 0.7833753 0.7698316 0.7809425 0.7236141 0.9261790 0.9253236 0.5887959 0.5733733 0.5895400 0.5948526 0.5806346 0.5799820 0.5743013 0.5777777 0.5776917 0.5738006 0.5935658 0.5653707 0.5712641 0.6042980 0.5997479 0.5755678 0.5960681 0.5984169 0.5781285 0.6128374 0.6134639 0.5974946 0.5853496 0.5631368 0.6650788 0.6469603 0.6469603 0.5987672 0.5751941 0.5759112 0.5774344 0.5996526 0.5890975 0.5361545 0.5208278 0.5521880 
S0044_G6098_R1_N 0.0150367 0.0169388 0.0176305 0.0148593 0.0176295 0.0176266 0.0197556 0.0080307 0.0060117 0.0141844 0.0000000 0.0073661 0.0107750 0.0094094 0.0128723 0.6334983 0.6800746 0.7807029 0.7629682 0.7837747 0.7182188 0.9150897 0.9142150 0.5659670 0.5591256 0.5795751 0.5757959 0.5662794 0.5657033 0.5623777 0.5591080 0.5633872 0.5558408 0.5790077 0.5557386 0.5571173 0.5895697 0.5843548 0.5612907 0.5860399 0.5906324 0.5638749 0.5979031 0.5962354 0.5829070 0.5709861 0.5491805 0.6624739 0.6322221 0.6322221 0.5848388 0.5575705 0.5580529 0.5637954 0.5811332 0.5708234 0.5243676 0.5138659 0.5295993 
S0042_G6098_R1_N 0.0142522 0.0148853 0.0155745 0.0128150 0.0155736 0.0155711 0.0176873 0.0087197 0.0053449 0.0107640 0.0073661 0.0000000 0.0114747 0.0073782 0.0128875 0.6479656 0.6829832 0.7872024 0.7727350 0.7847595 0.7273533 0.9263330 0.9254804 0.5773799 0.5659726 0.5819696 0.5827053 0.5731588 0.5725482 0.5691642 0.5703712 0.5702500 0.5626499 0.5859504 0.5678055 0.5639211 0.5965656 0.5959411 0.5681467 0.5930059 0.5976166 0.5707117 0.6049754 0.6032761 0.5898532 0.5778577 0.5521959 0.6682718 0.6443023 0.6443023 0.5955416 0.5679299 0.5685481 0.5743457 0.5919508 0.5815264 0.5311095 0.5189539 0.5479575 
S0041_G6098_R1_N 0.0110579 0.0128392 0.0135260 0.0094155 0.0121531 0.0135230 0.0156268 0.0135193 0.0114710 0.0107946 0.0107750 0.0114747 0.0000000 0.0135493 0.0163722 0.6334035 0.6879397 0.7890369 0.7775625 0.7865787 0.7204917 0.9329218 0.9320794 0.5641413 0.5573290 0.5687014 0.5694573 0.5600028 0.5594607 0.5613308 0.5573208 0.5571361 0.5534030 0.5726271 0.5495923 0.5509428 0.5831023 0.5786073 0.5550544 0.5796125 0.5841718 0.5576455 0.5913358 0.5919776 0.5765089 0.5647002 0.5447294 0.6623460 0.6515233 0.6515233 0.5966545 0.5683989 0.5690254 0.5729423 0.5930615 0.5845193 0.5280051 0.5144611 0.5390731 
S0045_G6098_R2_A 0.0183298 0.0183648 0.0190603 0.0162728 0.0190592 0.0190560 0.0212002 0.0107713 0.0073758 0.0142093 0.0094094 0.0073782 0.0135493 0.0000000 0.0149777 0.6532763 0.6862832 0.7997550 0.7818144 0.7948338 0.7327951 0.9280000 0.9271501 0.5832281 0.5700468 0.5878381 0.5885660 0.5789640 0.5783211 0.5748786 0.5761257 0.5760321 0.5683629 0.5879716 0.5682048 0.5658483 0.6025429 0.6019242 0.5739160 0.5949095 0.5995355 0.5764738 0.6110435 0.6086892 0.5957676 0.5836696 0.5615428 0.6728505 0.6511018 0.6511018 0.5960466 0.5732835 0.5739767 0.5798419 0.5977092 0.5871527 0.5299546 0.5182590 0.5442389 
S0040_G6098_R1_N 0.0200116 0.0212325 0.0219352 0.0191169 0.0212264 0.0219302 0.0241035 0.0156411 0.0121993 0.0170419 0.0128723 0.0128875 0.0163722 0.0149777 0.0000000 0.6697610 0.6913958 0.8020429 0.7873658 0.7995179 0.7408150 0.9260188 0.9396700 0.5993169 0.5836311 0.5977118 0.6007737 0.5910078 0.5902970 0.5867117 0.5880501 0.5880131 0.5801617 0.6041525 0.5782568 0.5814384 0.6150634 0.6122169 0.5858596 0.6113735 0.6137650 0.5884157 0.6237961 0.6219880 0.6024297 0.5818547 0.5670670 0.6752843 0.6514103 0.6514103 0.6122867 0.5881274 0.5890233 0.5905925 0.6133662 0.6025800 0.5231250 0.5172369 0.5508877 
S0035_G6098_R1_A 0.6829629 0.6496665 0.6496665 0.6444576 0.6472765 0.6495334 0.6595645 0.6476076 0.6433878 0.6579332 0.6334983 0.6479656 0.6334035 0.6532763 0.6697610 0.0000000 0.1976515 0.2326599 0.2275558 0.2498306 0.2123145 0.3331605 0.3241939 0.0980973 0.0992634 0.0951264 0.0987520 0.0892734 0.0889329 0.0892108 0.0993160 0.1007203 0.0978785 0.1036734 0.0872665 0.0924929 0.1137797 0.0918084 0.0875825 0.1106196 0.1107249 0.0933837 0.0998074 0.1152001 0.0941620 0.0807458 0.0914136 0.2568123 0.2555602 0.2555602 0.4248422 0.4102336 0.4064446 0.4097771 0.4247741 0.4171952 0.3273811 0.3066767 0.4746437 
S0006_G6098_R1_A 0.7638237 0.7081808 0.7081808 0.7026364 0.7025735 0.7080300 0.7189491 0.6941004 0.6812815 0.6849256 0.6800746 0.6829832 0.6879397 0.6862832 0.6913958 0.1976515 0.0000000 0.3315555 0.3357495 0.3035647 0.2886028 0.3948288 0.3942128 0.2133474 0.2076755 0.2097219 0.2037181 0.1988238 0.2020392 0.1963227 0.2129995 0.2078641 0.2094465 0.2158652 0.2004250 0.2074610 0.2208030 0.2093210 0.2035292 0.2281424 0.2323787 0.2060157 0.2168563 0.2095063 0.2046898 0.1929316 0.1971867 0.3152153 0.3169892 0.3169892 0.4559333 0.4501509 0.4425696 0.4461254 0.4741712 0.4611004 0.4238388 0.4015389 0.4890626 
S0027_G6098_R1_A 0.8378773 0.7929195 0.7929195 0.7869530 0.7868818 0.7927420 0.8023644 0.8026740 0.7818813 0.7833753 0.7807029 0.7872024 0.7890369 0.7997550 0.8020429 0.2326599 0.3315555 0.0000000 0.0537796 0.1066951 0.0904807 0.1917013 0.1889276 0.2672959 0.2706557 0.2632072 0.2659966 0.2508319 0.2568634 0.2609496 0.2580241 0.2693025 0.2700355 0.2685671 0.2603791 0.2720012 0.2656257 0.2630440 0.2503105 0.2825185 0.2831370 0.2597852 0.2678177 0.2744114 0.2598701 0.2331208 0.2328866 0.1213753 0.1104904 0.1104904 0.4949427 0.4772205 0.4794901 0.4784905 0.4857463 0.4819212 0.3910212 0.3688946 0.5287247 
S0014_G6098_R1_A 0.8236917 0.7693777 0.7693777 0.7635145 0.7634455 0.7692075 0.7785742 0.7791480 0.7641533 0.7698316 0.7629682 0.7727350 0.7775625 0.7818144 0.7873658 0.2275558 0.3357495 0.0537796 0.0000000 0.1004609 0.0928446 0.1855452 0.1839873 0.2755414 0.2714005 0.2654964 0.2695721 0.2552689 0.2584558 0.2645426 0.2676164 0.2743390 0.2750746 0.2723478 0.2642421 0.2754150 0.2689875 0.2650319 0.2585045 0.2844862 0.2807015 0.2678202 0.2761379 0.2795396 0.2691745 0.2310394 0.2431656 0.1221939 0.1094302 0.1094302 0.4884212 0.4688201 0.4709693 0.4652471 0.4815297 0.4777507 0.3727078 0.3466275 0.5197160 
S0015_G6098_R1_A 0.8338954 0.7838765 0.7838765 0.7779733 0.7779032 0.7837025 0.7931886 0.7945940 0.7794627 0.7809425 0.7837747 0.7847595 0.7865787 0.7948338 0.7995179 0.2498306 0.3035647 0.1066951 0.1004609 0.0000000 0.0836066 0.2038368 0.1982361 0.2691921 0.2593906 0.2640653 0.2768446 0.2583229 0.2584104 0.2611968 0.2646059 0.2695630 0.2640135 0.2766319 0.2596680 0.2741644 0.2749204 0.2591085 0.2584576 0.2860394 0.2836470 0.2704946 0.2778766 0.2792652 0.2645401 0.2270961 0.2419818 0.0820461 0.1308469 0.1308469 0.4983259 0.4790882 0.4739159 0.4776109 0.4871299 0.4902924 0.3677049 0.3546270 0.4996987 
S0008_G6098_R1_A 0.7490856 0.7233411 0.7233411 0.7178659 0.7178032 0.7231898 0.7317628 0.7240650 0.7163018 0.7236141 0.7182188 0.7273533 0.7204917 0.7327951 0.7408150 0.2123145 0.2886028 0.0904807 0.0928446 0.0836066 0.0000000 0.2063526 0.2021437 0.2401488 0.2416028 0.2345244 0.2463199 0.2251902 0.2279634 0.2330588 0.2363855 0.2466331 0.2416883 0.2432043 0.2288748 0.2404752 0.2448269 0.2333706 0.2289486 0.2530933 0.2496297 0.2347506 0.2501174 0.2502205 0.2351053 0.2061593 0.2077030 0.0983549 0.1133761 0.1133761 0.4782198 0.4561591 0.4535312 0.4525350 0.4564928 0.4643947 0.3761025 0.3458900 0.5037386 
S0039_G6098_R1_A 0.9719400 0.9370790 0.9370790 0.9300993 0.9300098 0.9329732 0.9486508 0.9237704 0.9201050 0.9261790 0.9150897 0.9263330 0.9329218 0.9280000 0.9260188 0.3331605 0.3948288 0.1917013 0.1855452 0.2038368 0.2063526 0.0000000 0.0080017 0.3697994 0.3773722 0.3586947 0.3713636 0.3640108 0.3656820 0.3647910 0.3683794 0.3773598 0.3845730 0.3848120 0.3625451 0.3593908 0.3687554 0.3523551 0.3564677 0.3912314 0.3881882 0.3775916 0.3799036 0.3765290 0.3605487 0.3472727 0.3657081 0.2156140 0.1740119 0.1740119 0.5661624 0.5449619 0.5371779 0.5362086 0.5538497 0.5515341 0.4634575 0.4522942 0.6586409 
S0051_G6098_R1_A 0.9623187 0.9362450 0.9362450 0.9292526 0.9291629 0.9321319 0.9478356 0.9229116 0.9192406 0.9253236 0.9142150 0.9254804 0.9320794 0.9271501 0.9396700 0.3241939 0.3942128 0.1889276 0.1839873 0.1982361 0.2021437 0.0080017 0.0000000 0.3581093 0.3654475 0.3472931 0.3596107 0.3524715 0.3541178 0.3531267 0.3567044 0.3688973 0.3725815 0.3742923 0.3509254 0.3478152 0.3570050 0.3409953 0.3450294 0.3790508 0.3760486 0.3657623 0.3717543 0.3647059 0.3490673 0.3343933 0.3560696 0.2112441 0.1746727 0.1746727 0.5564405 0.5354698 0.5276132 0.5266329 0.5439486 0.5417023 0.4585450 0.4499825 0.6550285 
S0004_G6098_R1_A 0.5765887 0.5764994 0.5784395 0.5701624 0.5742890 0.5802862 0.5822553 0.5794208 0.5730887 0.5887959 0.5659670 0.5773799 0.5641413 0.5832281 0.5993169 0.0980973 0.2133474 0.2672959 0.2755414 0.2691921 0.2401488 0.3697994 0.3581093 0.0000000 0.0263399 0.0191736 0.0226868 0.0249539 0.0233325 0.0321768 0.0277886 0.0263592 0.0292654 0.0315634 0.0329883 0.0366729 0.0360893 0.0301205 0.0249817 0.0435484 0.0450662 0.0269718 0.0263608 0.0453650 0.0234131 0.0831158 0.1011618 0.2517213 0.2479999 0.2479999 0.3730427 0.3622105 0.3645743 0.3650850 0.3698561 0.3660086 0.3040613 0.3075538 0.5431261 
S0017_G6098_R1_A 0.5790541 0.5756129 0.5775452 0.5693018 0.5734117 0.5793846 0.5813420 0.5717766 0.5624062 0.5733733 0.5591256 0.5659726 0.5573290 0.5700468 0.5836311 0.0992634 0.2076755 0.2706557 0.2714005 0.2593906 0.2416028 0.3773722 0.3654475 0.0263399 0.0000000 0.0263649 0.0277245 0.0249372 0.0233181 0.0307066 0.0262780 0.0248573 0.0255205 0.0308255 0.0315112 0.0359253 0.0344291 0.0293756 0.0221112 0.0380211 0.0395071 0.0269538 0.0314733 0.0429260 0.0277404 0.0829494 0.0934785 0.2440382 0.2438809 0.2438809 0.3659731 0.3586975 0.3610238 0.3567239 0.3612580 0.3541381 0.3011919 0.2999789 0.5295588 
S0016_G6098_R1_A 0.5858235 0.5810947 0.5830384 0.5747439 0.5788787 0.5848880 0.5868803 0.5840238 0.5783575 0.5895400 0.5795751 0.5819696 0.5687014 0.5878381 0.5977118 0.0951264 0.2097219 0.2632072 0.2654964 0.2640653 0.2345244 0.3586947 0.3472931 0.0191736 0.0263649 0.0000000 0.0212859 0.0228328 0.0233544 0.0300079 0.0278148 0.0220972 0.0278512 0.0308568 0.0314888 0.0359619 0.0361240 0.0301491 0.0250052 0.0435909 0.0451103 0.0255554 0.0249561 0.0408558 0.0234350 0.0806069 0.0957628 0.2485051 0.2423905 0.2423905 0.3693164 0.3655286 0.3679295 0.3651120 0.3698042 0.3659564 0.3003596 0.2998816 0.5496637 
S0031_G6098_R1_A 0.5856976 0.5909384 0.5928933 0.5845464 0.5887064 0.5908777 0.5967980 0.5847579 0.5790991 0.5948526 0.5757959 0.5827053 0.5694573 0.5885660 0.6007737 0.0987520 0.2037181 0.2659966 0.2695721 0.2768446 0.2463199 0.3713636 0.3596107 0.0226868 0.0277245 0.0212859 0.0000000 0.0248965 0.0239915 0.0328353 0.0284489 0.0263003 0.0299256 0.0329607 0.0336481 0.0358432 0.0367727 0.0293355 0.0256449 0.0419264 0.0434338 0.0269098 0.0241588 0.0429790 0.0142347 0.0839223 0.0955873 0.2575134 0.2554643 0.2554643 0.3615786 0.3560570 0.3583371 0.3522801 0.3566970 0.3529779 0.2854240 0.2963604 0.5279202 
S0019_G6098_R1_A 0.5716435 0.5722770 0.5742057 0.5659792 0.5700810 0.5760420 0.5779815 0.5751791 0.5695724 0.5806346 0.5662794 0.5731588 0.5600028 0.5789640 0.5910078 0.0892734 0.1988238 0.2508319 0.2552689 0.2583229 0.2251902 0.3640108 0.3524715 0.0249539 0.0249372 0.0228328 0.0248965 0.0000000 0.0176766 0.0248878 0.0220716 0.0228010 0.0219850 0.0184337 0.0242374 0.0285451 0.0323423 0.0228450 0.0164258 0.0367231 0.0382113 0.0176745 0.0300744 0.0407075 0.0248520 0.0692298 0.0900920 0.2406082 0.2363827 0.2363827 0.3639445 0.3584296 0.3607506 0.3564541 0.3609801 0.3572028 0.2831043 0.2930114 0.5338909 
S0028_G6098_R1_A 0.5744828 0.5716693 0.5735878 0.5654048 0.5694849 0.5754146 0.5773419 0.5745560 0.5689795 0.5799820 0.5657033 0.5725482 0.5594607 0.5783211 0.5902970 0.0889329 0.2020392 0.2568634 0.2584558 0.2584104 0.2279634 0.3656820 0.3541178 0.0233325 0.0233181 0.0233544 0.0239915 0.0176766 0.0000000 0.0225747 0.0183981 0.0212063 0.0204668 0.0226704 0.0240485 0.0276137 0.0291667 0.0212593 0.0163085 0.0342309 0.0356981 0.0169051 0.0276805 0.0381443 0.0233068 0.0723087 0.0869287 0.2393727 0.2349204 0.2349204 0.3746965 0.3638792 0.3612820 0.3602965 0.3682437 0.3644259 0.2889023 0.2925829 0.5425977 
S0023_G6098_R1_A 0.5699351 0.5682887 0.5701899 0.5620827 0.5661253 0.5720006 0.5738952 0.5711474 0.5656279 0.5743013 0.5623777 0.5691642 0.5613308 0.5748786 0.5867117 0.0892108 0.1963227 0.2609496 0.2645426 0.2611968 0.2330588 0.3647910 0.3531267 0.0321768 0.0307066 0.0300079 0.0328353 0.0248878 0.0225747 0.0000000 0.0278096 0.0278287 0.0284756 0.0329485 0.0241212 0.0262569 0.0381616 0.0235307 0.0206611 0.0403470 0.0418453 0.0254929 0.0366830 0.0467441 0.0321384 0.0725617 0.0898164 0.2401015 0.2408396 0.2408396 0.3596002 0.3573474 0.3568596 0.3525987 0.3551975 0.3481900 0.2867729 0.2898377 0.5333172 
S0022_G6098_R1_A 0.5658343 0.5694921 0.5714058 0.5632448 0.5673141 0.5732281 0.5751410 0.5679012 0.5668122 0.5777777 0.5591080 0.5703712 0.5573208 0.5761257 0.5880501 0.0993160 0.2129995 0.2580241 0.2676164 0.2646059 0.2363855 0.3683794 0.3567044 0.0277886 0.0262780 0.0278148 0.0284489 0.0220716 0.0183981 0.0278096 0.0000000 0.0204975 0.0263001 0.0279000 0.0314950 0.0329612 0.0352542 0.0271822 0.0220958 0.0389283 0.0404243 0.0226729 0.0306860 0.0444527 0.0284652 0.0798087 0.0930248 0.2439082 0.2392385 0.2392385 0.3531140 0.3510530 0.3500102 0.3490197 0.3533971 0.3496858 0.2907476 0.3011760 0.5463514 
S0030_G6098_R1_A 0.5707009 0.5738626 0.5757926 0.5675601 0.5716647 0.5776299 0.5795775 0.5767674 0.5666735 0.5776917 0.5633872 0.5702500 0.5571361 0.5760321 0.5880131 0.1007203 0.2078641 0.2693025 0.2743390 0.2695630 0.2466331 0.3773598 0.3688973 0.0263592 0.0248573 0.0220972 0.0263003 0.0228010 0.0212063 0.0278287 0.0204975 0.0000000 0.0263180 0.0293621 0.0300685 0.0337235 0.0330521 0.0286582 0.0235433 0.0404385 0.0419415 0.0248176 0.0292476 0.0414306 0.0277604 0.0798763 0.0920157 0.2505199 0.2400450 0.2400450 0.3654367 0.3580607 0.3603659 0.3560922 0.3605877 0.3568326 0.2865660 0.2987426 0.5522844 
S0046_G6098_R1_A 0.5653279 0.5655408 0.5674508 0.5593070 0.5633681 0.5692703 0.5711626 0.5646240 0.5591047 0.5738006 0.5558408 0.5626499 0.5534030 0.5683629 0.5801617 0.0978785 0.2094465 0.2700355 0.2750746 0.2640135 0.2416883 0.3845730 0.3725815 0.0292654 0.0255205 0.0278512 0.0299256 0.0219850 0.0204668 0.0284756 0.0263001 0.0263180 0.0000000 0.0299744 0.0299986 0.0329108 0.0337150 0.0264296 0.0213605 0.0358808 0.0373615 0.0240618 0.0329900 0.0406010 0.0269892 0.0791943 0.0932986 0.2410619 0.2446321 0.2446321 0.3741862 0.3666616 0.3690709 0.3647578 0.3694369 0.3655970 0.2791455 0.2914808 0.5436250 
S0020_G6098_R1_A 0.5895754 0.5850784 0.5870295 0.5787014 0.5828526 0.5888856 0.5909023 0.5834570 0.5823254 0.5935658 0.5790077 0.5859504 0.5726271 0.5879716 0.6041525 0.1036734 0.2158652 0.2685671 0.2723478 0.2766319 0.2432043 0.3848120 0.3742923 0.0315634 0.0308255 0.0308568 0.0329607 0.0184337 0.0226704 0.0329485 0.0279000 0.0293621 0.0299744 0.0000000 0.0323042 0.0337602 0.0383812 0.0293689 0.0228104 0.0443897 0.0459137 0.0262176 0.0375554 0.0453866 0.0344603 0.0828819 0.1031221 0.2540643 0.2533778 0.2533778 0.3801616 0.3724403 0.3749368 0.3705685 0.3719752 0.3680785 0.2991672 0.3018861 0.5550105 
S0026_G6098_R1_A 0.5651969 0.5616342 0.5635308 0.5554456 0.5594772 0.5615771 0.5671992 0.5644826 0.5589886 0.5653707 0.5557386 0.5678055 0.5495923 0.5682048 0.5782568 0.0872665 0.2004250 0.2603791 0.2642421 0.2596680 0.2288748 0.3625451 0.3509254 0.0329883 0.0315112 0.0314888 0.0336481 0.0242374 0.0240485 0.0241212 0.0314950 0.0300685 0.0299986 0.0323042 0.0000000 0.0284709 0.0405860 0.0293914 0.0214092 0.0427919 0.0443067 0.0276966 0.0375178 0.0499679 0.0329488 0.0734078 0.0898242 0.2416687 0.2324105 0.2324105 0.3629591 0.3569814 0.3592879 0.3549937 0.3594935 0.3523946 0.2870989 0.2913529 0.5229030 
S0021_G6098_R1_A 0.5686673 0.5668124 0.5687214 0.5605812 0.5646404 0.5705398 0.5724367 0.5614529 0.5603781 0.5712641 0.5571173 0.5639211 0.5509428 0.5658483 0.5814384 0.0924929 0.2074610 0.2720012 0.2754150 0.2741644 0.2404752 0.3593908 0.3478152 0.0366729 0.0359253 0.0359619 0.0358432 0.0285451 0.0276137 0.0262569 0.0329612 0.0337235 0.0329108 0.0337602 0.0284709 0.0000000 0.0405773 0.0293179 0.0263524 0.0428102 0.0443256 0.0313063 0.0412541 0.0507087 0.0351426 0.0751804 0.0926364 0.2514334 0.2504661 0.2504661 0.3613670 0.3595537 0.3618930 0.3594034 0.3549776 0.3568349 0.2912748 0.2838028 0.5327448 
S0013_G6098_R1_A 0.6028441 0.5979867 0.5999602 0.5915305 0.5957311 0.6018360 0.6039307 0.5986773 0.5929082 0.6042980 0.5895697 0.5965656 0.5831023 0.6025429 0.6150634 0.1137797 0.2208030 0.2656257 0.2689875 0.2749204 0.2448269 0.3687554 0.3570050 0.0360893 0.0344291 0.0361240 0.0367727 0.0323423 0.0291667 0.0381616 0.0352542 0.0330521 0.0337150 0.0383812 0.0405860 0.0405773 0.0000000 0.0332126 0.0316394 0.0397897 0.0398032 0.0343691 0.0421810 0.0507572 0.0353012 0.0939661 0.1056988 0.2524693 0.2397239 0.2397239 0.3812431 0.3720497 0.3779440 0.3701674 0.3750142 0.3710791 0.3001255 0.3018275 0.5663555 
S0002_G6098_R1_A 0.5875152 0.5911760 0.5931429 0.5847438 0.5889292 0.5950134 0.5970717 0.5934363 0.5922791 0.5997479 0.5843548 0.5959411 0.5786073 0.6019242 0.6122169 0.0918084 0.2093210 0.2630440 0.2650319 0.2591085 0.2333706 0.3523551 0.3409953 0.0301205 0.0293756 0.0301491 0.0293355 0.0228450 0.0212593 0.0235307 0.0271822 0.0286582 0.0264296 0.0293689 0.0293914 0.0293179 0.0332126 0.0000000 0.0170537 0.0406151 0.0406289 0.0234581 0.0338286 0.0469731 0.0279098 0.0780339 0.0940008 0.2458246 0.2467826 0.2467826 0.3482613 0.3499137 0.3504874 0.3462387 0.3468444 0.3468722 0.2897069 0.2983643 0.5343182 
S0036_G6098_R1_A 0.5617318 0.5672600 0.5691811 0.5609929 0.5650755 0.5710100 0.5729189 0.5701468 0.5645741 0.5755678 0.5612907 0.5681467 0.5550544 0.5739160 0.5858596 0.0875825 0.2035292 0.2503105 0.2585045 0.2584576 0.2289486 0.3564677 0.3450294 0.0249817 0.0221112 0.0250052 0.0256449 0.0164258 0.0163085 0.0206611 0.0220958 0.0235433 0.0213605 0.0228104 0.0214092 0.0263524 0.0316394 0.0170537 0.0000000 0.0338042 0.0352823 0.0170537 0.0286244 0.0399918 0.0242338 0.0720954 0.0893145 0.2454873 0.2381664 0.2381664 0.3628541 0.3658096 0.3682121 0.3638965 0.3685644 0.3613709 0.2844118 0.2967204 0.5350561 
S0048_G6098_R1_A 0.6066625 0.6006345 0.6026084 0.5941792 0.5983788 0.6044836 0.6065876 0.5951002 0.5893657 0.5960681 0.5860399 0.5930059 0.5796125 0.5949095 0.6113735 0.1106196 0.2281424 0.2825185 0.2844862 0.2860394 0.2530933 0.3912314 0.3790508 0.0435484 0.0380211 0.0435909 0.0419264 0.0367231 0.0342309 0.0403470 0.0389283 0.0404385 0.0358808 0.0443897 0.0427919 0.0428102 0.0397897 0.0406151 0.0338042 0.0000000 0.0094109 0.0380204 0.0482461 0.0561025 0.0397076 0.0976420 0.1079476 0.2602608 0.2544854 0.2544854 0.3823016 0.3783613 0.3843797 0.3765237 0.3780424 0.3740592 0.3039988 0.3034167 0.5613259 
S0050_G6098_R1_A 0.6066841 0.6029880 0.6049642 0.5965198 0.6007267 0.6068422 0.6089594 0.5997275 0.5939649 0.5984169 0.5906324 0.5976166 0.5841718 0.5995355 0.6137650 0.1107249 0.2323787 0.2831370 0.2807015 0.2836470 0.2496297 0.3881882 0.3760486 0.0450662 0.0395071 0.0451103 0.0434338 0.0382113 0.0356981 0.0418453 0.0404243 0.0419415 0.0373615 0.0459137 0.0443067 0.0443256 0.0398032 0.0406289 0.0352823 0.0094109 0.0000000 0.0395063 0.0497859 0.0576759 0.0412079 0.0994273 0.1079949 0.2603806 0.2561304 0.2561304 0.3828560 0.3755178 0.3815015 0.3736533 0.3786009 0.3746106 0.3010050 0.3044854 0.5573880 
S0011_G6098_R1_A 0.5625283 0.5698321 0.5717481 0.5635772 0.5676514 0.5735726 0.5754892 0.5727139 0.5671486 0.5781285 0.5638749 0.5707117 0.5576455 0.5764738 0.5884157 0.0933837 0.2060157 0.2597852 0.2678202 0.2704946 0.2347506 0.3775916 0.3657623 0.0269718 0.0269538 0.0255554 0.0269098 0.0176745 0.0169051 0.0254929 0.0226729 0.0248176 0.0240618 0.0262176 0.0276966 0.0313063 0.0343691 0.0234581 0.0170537 0.0380204 0.0395063 0.0000000 0.0292119 0.0412755 0.0269404 0.0734286 0.0898534 0.2443624 0.2437222 0.2437222 0.3630840 0.3557335 0.3542873 0.3537416 0.3582018 0.3544582 0.2895444 0.2981112 0.5335105 
S0037_G6098_R1_A 0.6037542 0.6041135 0.6061079 0.5975862 0.6018321 0.6040507 0.6101451 0.6071299 0.6012745 0.6128374 0.5979031 0.6049754 0.5913358 0.6110435 0.6237961 0.0998074 0.2168563 0.2678177 0.2761379 0.2778766 0.2501174 0.3799036 0.3717543 0.0263608 0.0314733 0.0249561 0.0241588 0.0300744 0.0276805 0.0366830 0.0306860 0.0292476 0.0329900 0.0375554 0.0375178 0.0412541 0.0421810 0.0338286 0.0286244 0.0482461 0.0497859 0.0292119 0.0000000 0.0499657 0.0241844 0.0859037 0.0956620 0.2595259 0.2497720 0.2497720 0.3708947 0.3623943 0.3689859 0.3623973 0.3708753 0.3632093 0.3020915 0.3068107 0.5557383 
S0012_G6098_R1_A 0.6181752 0.6092831 0.6112787 0.6027494 0.6069986 0.6131742 0.6153392 0.6007668 0.5995924 0.6134639 0.5962354 0.6032761 0.5919776 0.6086892 0.6219880 0.1152001 0.2095063 0.2744114 0.2795396 0.2792652 0.2502205 0.3765290 0.3647059 0.0453650 0.0429260 0.0408558 0.0429790 0.0407075 0.0381443 0.0467441 0.0444527 0.0414306 0.0406010 0.0453866 0.0499679 0.0507087 0.0507572 0.0469731 0.0399918 0.0561025 0.0576759 0.0412755 0.0499657 0.0000000 0.0460512 0.0913738 0.1105955 0.2553110 0.2535061 0.2535061 0.3705183 0.3715127 0.3732340 0.3684244 0.3786300 0.3747009 0.2959419 0.3057984 0.5462911 
S0018_G6098_R1_A 0.5914222 0.5935632 0.5955239 0.5871506 0.5890589 0.5935021 0.5994511 0.5919341 0.5862247 0.5974946 0.5829070 0.5898532 0.5765089 0.5957676 0.6024297 0.0941620 0.2046898 0.2598701 0.2691745 0.2645401 0.2351053 0.3605487 0.3490673 0.0234131 0.0277404 0.0234350 0.0142347 0.0248520 0.0233068 0.0321384 0.0284652 0.0277604 0.0269892 0.0344603 0.0329488 0.0351426 0.0353012 0.0279098 0.0242338 0.0397076 0.0412079 0.0269404 0.0241844 0.0460512 0.0000000 0.0818494 0.0945541 0.2534785 0.2514265 0.2514265 0.3673120 0.3606940 0.3630316 0.3602333 0.3614550 0.3610200 0.2952804 0.3009491 0.5417170 
S0005_G6098_R1_A 0.5863629 0.5769827 0.5789106 0.5706851 0.5747859 0.5807467 0.5827050 0.5798862 0.5742728 0.5853496 0.5709861 0.5778577 0.5647002 0.5836696 0.5818547 0.0807458 0.1929316 0.2331208 0.2310394 0.2270961 0.2061593 0.3472727 0.3343933 0.0831158 0.0829494 0.0806069 0.0839223 0.0692298 0.0723087 0.0725617 0.0798087 0.0798763 0.0791943 0.0828819 0.0734078 0.0751804 0.0939661 0.0780339 0.0720954 0.0976420 0.0994273 0.0734286 0.0859037 0.0913738 0.0818494 0.0000000 0.0735031 0.2124882 0.2198883 0.2198883 0.3544643 0.3393613 0.3405258 0.3381113 0.3463665 0.3460145 0.2841821 0.2762749 0.5338976 
S0033_G6098_R1_A 0.5680285 0.5572922 0.5591773 0.5511437 0.5551506 0.5572357 0.5628052 0.5622552 0.5524119 0.5631368 0.5491805 0.5521959 0.5447294 0.5615428 0.5670670 0.0914136 0.1971867 0.2328866 0.2431656 0.2419818 0.2077030 0.3657081 0.3560696 0.1011618 0.0934785 0.0957628 0.0955873 0.0900920 0.0869287 0.0898164 0.0930248 0.0920157 0.0932986 0.1031221 0.0898242 0.0926364 0.1056988 0.0940008 0.0893145 0.1079476 0.1079949 0.0898534 0.0956620 0.1105955 0.0945541 0.0735031 0.0000000 0.2140360 0.2182875 0.2182875 0.3545912 0.3442995 0.3396748 0.3390462 0.3563498 0.3508702 0.2653379 0.2589392 0.5004403 
S0034_G6098_R1_A 0.6718819 0.6650075 0.6671083 0.6630289 0.6675277 0.6649374 0.6716054 0.6755324 0.6593405 0.6650788 0.6624739 0.6682718 0.6623460 0.6728505 0.6752843 0.2568123 0.3152153 0.1213753 0.1221939 0.0820461 0.0983549 0.2156140 0.2112441 0.2517213 0.2440382 0.2485051 0.2575134 0.2406082 0.2393727 0.2401015 0.2439082 0.2505199 0.2410619 0.2540643 0.2416687 0.2514334 0.2524693 0.2458246 0.2454873 0.2602608 0.2603806 0.2443624 0.2595259 0.2553110 0.2534785 0.2124882 0.2140360 0.0000000 0.1248914 0.1248914 0.4109468 0.3956577 0.3948331 0.3992409 0.4043325 0.4129266 0.3359354 0.3317657 0.5783903 
S0009_G6098_R1_A 0.6592354 0.6482938 0.6503475 0.6481411 0.6525423 0.6482264 0.6564784 0.6448091 0.6379928 0.6469603 0.6322221 0.6443023 0.6515233 0.6511018 0.6514103 0.2555602 0.3169892 0.1104904 0.1094302 0.1308469 0.1133761 0.1740119 0.1746727 0.2479999 0.2438809 0.2423905 0.2554643 0.2363827 0.2349204 0.2408396 0.2392385 0.2400450 0.2446321 0.2533778 0.2324105 0.2504661 0.2397239 0.2467826 0.2381664 0.2544854 0.2561304 0.2437222 0.2497720 0.2535061 0.2514265 0.2198883 0.2182875 0.1248914 0.0000000 0.0000010 0.4079910 0.4038411 0.4030891 0.4040212 0.4113462 0.4070795 0.3374419 0.3332681 0.5779896 
S0010_G6098_R1_A 0.6592354 0.6482938 0.6503475 0.6481411 0.6525423 0.6482264 0.6564784 0.6448091 0.6379928 0.6469603 0.6322221 0.6443023 0.6515233 0.6511018 0.6514103 0.2555602 0.3169892 0.1104904 0.1094302 0.1308469 0.1133761 0.1740119 0.1746727 0.2479999 0.2438809 0.2423905 0.2554643 0.2363827 0.2349204 0.2408396 0.2392385 0.2400450 0.2446321 0.2533778 0.2324105 0.2504661 0.2397239 0.2467826 0.2381664 0.2544854 0.2561304 0.2437222 0.2497720 0.2535061 0.2514265 0.2198883 0.2182875 0.1248914 0.0000010 0.0000000 0.4079910 0.4038411 0.4030891 0.4040212 0.4113462 0.4070795 0.3374419 0.3332681 0.5779896 
S0001_G6098_R1_A 0.5979314 0.6048587 0.6070907 0.6047019 0.6094784 0.6022037 0.6045008 0.5995396 0.5880962 0.5987672 0.5848388 0.5955416 0.5966545 0.5960466 0.6122867 0.4248422 0.4559333 0.4949427 0.4884212 0.4983259 0.4782198 0.5661624 0.5564405 0.3730427 0.3659731 0.3693164 0.3615786 0.3639445 0.3746965 0.3596002 0.3531140 0.3654367 0.3741862 0.3801616 0.3629591 0.3613670 0.3812431 0.3482613 0.3628541 0.3823016 0.3828560 0.3630840 0.3708947 0.3705183 0.3673120 0.3544643 0.3545912 0.4109468 0.4079910 0.4079910 0.0000000 0.0566381 0.0567934 0.0479833 0.0631982 0.0584723 0.2799332 0.2866837 0.4813995 
S0024_G6098_R1_A 0.5651532 0.5768512 0.5790060 0.5767056 0.5813109 0.5742973 0.5746354 0.5717363 0.5649650 0.5751941 0.5575705 0.5679299 0.5683989 0.5732835 0.5881274 0.4102336 0.4501509 0.4772205 0.4688201 0.4790882 0.4561591 0.5449619 0.5354698 0.3622105 0.3586975 0.3655286 0.3560570 0.3584296 0.3638792 0.3573474 0.3510530 0.3580607 0.3666616 0.3724403 0.3569814 0.3595537 0.3720497 0.3499137 0.3658096 0.3783613 0.3755178 0.3557335 0.3623943 0.3715127 0.3606940 0.3393613 0.3442995 0.3956577 0.4038411 0.4038411 0.0566381 0.0000000 0.0100883 0.0125035 0.0358473 0.0306684 0.2698639 0.2766644 0.4379785 
S0032_G6098_R2_N 0.5716683 0.5775895 0.5797728 0.5774418 0.5821084 0.5750014 0.5753441 0.5724061 0.5655438 0.5759112 0.5580529 0.5685481 0.5690254 0.5739767 0.5890233 0.4064446 0.4425696 0.4794901 0.4709693 0.4739159 0.4535312 0.5371779 0.5276132 0.3645743 0.3610238 0.3679295 0.3583371 0.3607506 0.3612820 0.3568596 0.3500102 0.3603659 0.3690709 0.3749368 0.3592879 0.3618930 0.3779440 0.3504874 0.3682121 0.3843797 0.3815015 0.3542873 0.3689859 0.3732340 0.3630316 0.3405258 0.3396748 0.3948331 0.4030891 0.4030891 0.0567934 0.0100883 0.0000000 0.0108991 0.0357737 0.0306253 0.2739977 0.2777397 0.4469436 
S0032_G6098_R1_N 0.5728315 0.5834554 0.5856508 0.5833056 0.5880000 0.5808501 0.5811962 0.5782365 0.5670324 0.5774344 0.5637954 0.5743457 0.5729423 0.5798419 0.5905925 0.4097771 0.4461254 0.4784905 0.4652471 0.4776109 0.4525350 0.5362086 0.5266329 0.3650850 0.3567239 0.3651120 0.3522801 0.3564541 0.3602965 0.3525987 0.3490197 0.3560922 0.3647578 0.3705685 0.3549937 0.3594034 0.3701674 0.3462387 0.3638965 0.3765237 0.3736533 0.3537416 0.3623973 0.3684244 0.3602333 0.3381113 0.3390462 0.3992409 0.4040212 0.4040212 0.0479833 0.0125035 0.0108991 0.0000000 0.0306838 0.0255979 0.2653837 0.2707679 0.4383424 
S0025_G6098_R1_U 0.5856802 0.6013561 0.6036115 0.6011983 0.6060245 0.5986742 0.5990338 0.5959835 0.5888321 0.5996526 0.5811332 0.5919508 0.5930615 0.5977092 0.6133662 0.4247741 0.4741712 0.4857463 0.4815297 0.4871299 0.4564928 0.5538497 0.5439486 0.3698561 0.3612580 0.3698042 0.3566970 0.3609801 0.3682437 0.3551975 0.3533971 0.3605877 0.3694369 0.3719752 0.3594935 0.3549776 0.3750142 0.3468444 0.3685644 0.3780424 0.3786009 0.3582018 0.3708753 0.3786300 0.3614550 0.3463665 0.3563498 0.4043325 0.4113462 0.4113462 0.0631982 0.0358473 0.0357737 0.0306838 0.0000000 0.0125488 0.2652257 0.2733867 0.4503815 
S0029_G6098_R1_U 0.5744075 0.5907946 0.5930236 0.5906409 0.5954086 0.5881472 0.5885003 0.5854919 0.5784504 0.5890975 0.5708234 0.5815264 0.5845193 0.5871527 0.6025800 0.4171952 0.4611004 0.4819212 0.4777507 0.4902924 0.4643947 0.5515341 0.5417023 0.3660086 0.3541381 0.3659564 0.3529779 0.3572028 0.3644259 0.3481900 0.3496858 0.3568326 0.3655970 0.3680785 0.3523946 0.3568349 0.3710791 0.3468722 0.3613709 0.3740592 0.3746106 0.3544582 0.3632093 0.3747009 0.3610200 0.3460145 0.3508702 0.4129266 0.4070795 0.4070795 0.0584723 0.0306684 0.0306253 0.0255979 0.0125488 0.0000000 0.2620949 0.2704472 0.4484968 
S0049_G6098_R1_A 0.5330025 0.5353929 0.5376815 0.5299429 0.5348040 0.5372243 0.5330415 0.5342083 0.5252243 0.5361545 0.5243676 0.5311095 0.5280051 0.5299546 0.5231250 0.3273811 0.4238388 0.3910212 0.3727078 0.3677049 0.3761025 0.4634575 0.4585450 0.3040613 0.3011919 0.3003596 0.2854240 0.2831043 0.2889023 0.2867729 0.2907476 0.2865660 0.2791455 0.2991672 0.2870989 0.2912748 0.3001255 0.2897069 0.2844118 0.3039988 0.3010050 0.2895444 0.3020915 0.2959419 0.2952804 0.2841821 0.2653379 0.3359354 0.3374419 0.3374419 0.2799332 0.2698639 0.2739977 0.2653837 0.2652257 0.2620949 0.0000000 0.0000010 0.4181139 
S0049_G6098_R2_A 0.5206233 0.5200662 0.5218473 0.5158324 0.5196155 0.5235494 0.5266977 0.5215450 0.5128505 0.5208278 0.5138659 0.5189539 0.5144611 0.5182590 0.5172369 0.3066767 0.4015389 0.3688946 0.3466275 0.3546270 0.3458900 0.4522942 0.4499825 0.3075538 0.2999789 0.2998816 0.2963604 0.2930114 0.2925829 0.2898377 0.3011760 0.2987426 0.2914808 0.3018861 0.2913529 0.2838028 0.3018275 0.2983643 0.2967204 0.3034167 0.3044854 0.2981112 0.3068107 0.3057984 0.3009491 0.2762749 0.2589392 0.3317657 0.3332681 0.3332681 0.2866837 0.2766644 0.2777397 0.2707679 0.2733867 0.2704472 0.0000010 0.0000000 0.3838886 
S0003_G6098_R1_N 0.5782771 0.5593182 0.5611707 0.5548882 0.5610089 0.5592626 0.5663764 0.5516759 0.5348186 0.5521880 0.5295993 0.5479575 0.5390731 0.5442389 0.5508877 0.4746437 0.4890626 0.5287247 0.5197160 0.4996987 0.5037386 0.6586409 0.6550285 0.5431261 0.5295588 0.5496637 0.5279202 0.5338909 0.5425977 0.5333172 0.5463514 0.5522844 0.5436250 0.5550105 0.5229030 0.5327448 0.5663555 0.5343182 0.5350561 0.5613259 0.5573880 0.5335105 0.5557383 0.5462911 0.5417170 0.5338976 0.5004403 0.5783903 0.5779896 0.5779896 0.4813995 0.4379785 0.4469436 0.4383424 0.4503815 0.4484968 0.4181139 0.3838886 0.0000000 
