61
S0039_G6139_R1_A 0.0000000 0.0051358 0.4828858 0.4764549 0.4844319 0.4804303 0.4742583 0.4887069 0.4688314 0.4885893 0.4510305 0.5046326 0.4770019 0.4792466 0.4774799 0.5132424 0.4943628 0.4846583 0.5070574 0.4875290 0.4760753 0.4763181 0.5078994 0.5361921 0.5658322 0.5179509 0.5007528 0.4810939 0.5378856 0.4927626 0.4947176 0.4511858 0.4717458 0.4698365 0.3439271 0.3449176 0.5704599 0.6052828 0.3382469 0.6407414 0.6035466 0.6176083 0.6362068 0.6097408 0.8571708 0.8030855 0.6101260 0.5411141 0.5334312 0.5326501 0.5228472 0.5302017 0.5504875 0.5452288 0.5442075 0.5443914 0.6190288 0.6065402 0.6158028 0.6277030 0.6562096 
S0051_G6139_R1_A 0.0051358 0.0000000 0.4720769 0.4713745 0.4770474 0.4800763 0.4711516 0.4829123 0.4637934 0.4859068 0.4469408 0.5025616 0.4738680 0.4732444 0.4672037 0.4933733 0.4929355 0.4833471 0.5002684 0.4805657 0.4747358 0.4774192 0.4814773 0.5251290 0.5488913 0.5164802 0.5011967 0.4700919 0.5325162 0.4900991 0.4627468 0.4410414 0.4644615 0.4536827 0.3361515 0.3371983 0.5640066 0.6033597 0.3171129 0.6267852 0.5876258 0.5976556 0.6144566 0.5891867 0.8075372 0.7782938 0.5755125 0.5199790 0.5196075 0.5281397 0.5077292 0.5136654 0.5405003 0.5349343 0.5306288 0.5253294 0.6281828 0.6151751 0.6249876 0.6371546 0.6177195 
S0030_G6139_R1_A 0.4828858 0.4720769 0.0000000 0.0556358 0.0658081 0.0608088 0.0587707 0.0604843 0.0613254 0.0734049 0.0553435 0.0631457 0.0552577 0.0597332 0.0981452 0.0913374 0.0646533 0.0604168 0.0566666 0.0474682 0.0769560 0.0756182 0.1947626 0.1629423 0.1820423 0.0825739 0.0795997 0.0772943 0.1058145 0.0729088 0.3410827 0.2954485 0.3179413 0.2929747 0.3083512 0.3101808 0.3907065 0.4171710 0.2614688 0.5103204 0.4742472 0.4982310 0.5760232 0.5383431 0.6942750 0.8949894 0.5072916 0.4393009 0.4457745 0.4432609 0.4420401 0.4445914 0.4542804 0.4514651 0.4531705 0.4524350 0.5207168 0.5156343 0.5251534 0.5392950 0.5364286 
S0036_G6139_R1_A 0.4764549 0.4713745 0.0556358 0.0000000 0.0462914 0.0474138 0.0545528 0.0529756 0.0505737 0.0648952 0.0494690 0.0568890 0.0498287 0.0530921 0.0894743 0.0864703 0.0638090 0.0583144 0.0661144 0.0520579 0.0673823 0.0667905 0.1905220 0.1510433 0.1799447 0.0792463 0.0709209 0.0672446 0.1024131 0.0654966 0.3616305 0.2983019 0.3154295 0.2917482 0.2988302 0.2996373 0.3820837 0.4151923 0.2605425 0.5163456 0.4919018 0.5150356 0.5825487 0.5452034 0.6832433 0.8679103 0.5356598 0.4326094 0.4447954 0.4369478 0.4353503 0.4344168 0.4491296 0.4463338 0.4467173 0.4450084 0.5208018 0.5196975 0.5344685 0.5362332 0.5349824 
S0002_G6139_R1_A 0.4844319 0.4770474 0.0658081 0.0462914 0.0000000 0.0558894 0.0624312 0.0589020 0.0537546 0.0710424 0.0503768 0.0594309 0.0556282 0.0586571 0.1012265 0.0926473 0.0690786 0.0642374 0.0674997 0.0595938 0.0753650 0.0726182 0.2080127 0.1607613 0.1834977 0.0826525 0.0783971 0.0667825 0.1068871 0.0704251 0.3550304 0.3038352 0.3143109 0.2862579 0.3040485 0.3058645 0.3700827 0.4030340 0.2624177 0.5091269 0.4742774 0.5081151 0.5709638 0.5341637 0.7047970 0.8724335 0.5316825 0.4288835 0.4412335 0.4356216 0.4316733 0.4303944 0.4456408 0.4428093 0.4450934 0.4382117 0.5077138 0.5066311 0.5171125 0.5254091 0.5252965 
S0013_G6139_R1_A 0.4804303 0.4800763 0.0608088 0.0474138 0.0558894 0.0000000 0.0522389 0.0484487 0.0530197 0.0674137 0.0491468 0.0573734 0.0559254 0.0595015 0.0771927 0.0903006 0.0627897 0.0565971 0.0673003 0.0554347 0.0611466 0.0628387 0.1772369 0.1451879 0.1622910 0.0745651 0.0715237 0.0709093 0.1016246 0.0657901 0.3340251 0.2728487 0.2842589 0.2642119 0.2742925 0.2754348 0.3421592 0.3801288 0.2394304 0.5177107 0.4874063 0.5064470 0.5921872 0.5567340 0.6947139 0.9179080 0.5293363 0.4378140 0.4483456 0.4421579 0.4405309 0.4430463 0.4523977 0.4496152 0.4519007 0.4490426 0.5210388 0.5199498 0.5281453 0.5385168 0.5356717 
S0023_G6139_R1_A 0.4742583 0.4711516 0.0587707 0.0545528 0.0624312 0.0522389 0.0000000 0.0478192 0.0546520 0.0605482 0.0407272 0.0523458 0.0472589 0.0488412 0.0922093 0.0812832 0.0515432 0.0461196 0.0653711 0.0559590 0.0733442 0.0749916 0.1848411 0.1439376 0.1688409 0.0749491 0.0720638 0.0678581 0.0994500 0.0681511 0.3542045 0.2973455 0.3048815 0.2930152 0.3015809 0.3023874 0.3929399 0.4219641 0.2586924 0.5013756 0.4684821 0.5003083 0.5610758 0.5244765 0.6928733 0.8461285 0.5174943 0.4272319 0.4372406 0.4292808 0.4300048 0.4324662 0.4438592 0.4438526 0.4433055 0.4402702 0.4945830 0.4975547 0.5079725 0.5118329 0.5148935 
S0026_G6139_R1_A 0.4887069 0.4829123 0.0604843 0.0529756 0.0589020 0.0484487 0.0478192 0.0000000 0.0552715 0.0672066 0.0424136 0.0508892 0.0459266 0.0480540 0.0928352 0.0851396 0.0536642 0.0489452 0.0655591 0.0563585 0.0756778 0.0743706 0.1955282 0.1475459 0.1740974 0.0730407 0.0716079 0.0642812 0.1012953 0.0692624 0.3522773 0.2966660 0.3121015 0.2839798 0.2937942 0.2945969 0.3878245 0.4163174 0.2564119 0.5098721 0.4802610 0.5060765 0.5755045 0.5385907 0.7152318 0.8653977 0.5291102 0.4315978 0.4422406 0.4364291 0.4343657 0.4349858 0.4463652 0.4463587 0.4458265 0.4404641 0.5086966 0.5076236 0.5180034 0.5240131 0.5332545 
S0011_G6139_R1_A 0.4688314 0.4637934 0.0613254 0.0505737 0.0537546 0.0530197 0.0546520 0.0552715 0.0000000 0.0676746 0.0478951 0.0562051 0.0524967 0.0563209 0.0898120 0.0873777 0.0617386 0.0569714 0.0674446 0.0584081 0.0713563 0.0707688 0.1873309 0.1524219 0.1775220 0.0778978 0.0737901 0.0711302 0.1014554 0.0679501 0.3626661 0.2920511 0.3225274 0.2935411 0.2993371 0.3011525 0.3803773 0.4124482 0.2535446 0.5192271 0.4850830 0.5145413 0.5950520 0.5565924 0.6851484 0.8633780 0.5305943 0.4210787 0.4331834 0.4253518 0.4238396 0.4262290 0.4375333 0.4347643 0.4369484 0.4305699 0.5079643 0.5068983 0.5172142 0.5232011 0.5252652 
S0017_G6139_R1_A 0.4885893 0.4859068 0.0734049 0.0648952 0.0710424 0.0674137 0.0605482 0.0672066 0.0676746 0.0000000 0.0606663 0.0736912 0.0643533 0.0685290 0.1017012 0.0934254 0.0734381 0.0664635 0.0756519 0.0694430 0.0867341 0.0839995 0.1968293 0.1595954 0.1943906 0.0883708 0.0875103 0.0824744 0.1135438 0.0837563 0.3601111 0.3057550 0.3131508 0.2935907 0.3042204 0.3050274 0.3983261 0.4368273 0.2682635 0.5091978 0.4783846 0.5007899 0.5827817 0.5446894 0.7330861 0.8691110 0.5194770 0.4319314 0.4425569 0.4362982 0.4346936 0.4409534 0.4485708 0.4457554 0.4480445 0.4432503 0.5118742 0.5107937 0.5241488 0.5347587 0.5297435 
S0028_G6139_R1_A 0.4510305 0.4469408 0.0553435 0.0494690 0.0503768 0.0491468 0.0407272 0.0424136 0.0478951 0.0606663 0.0000000 0.0448061 0.0420901 0.0462534 0.0745620 0.0845025 0.0484506 0.0441485 0.0634636 0.0535037 0.0643042 0.0629048 0.1732117 0.1345953 0.1537604 0.0702704 0.0702801 0.0651986 0.0927939 0.0649420 0.3438799 0.2678302 0.2825504 0.2646491 0.2799312 0.2810051 0.3677312 0.3981713 0.2425454 0.4927139 0.4648681 0.4814691 0.5679690 0.5313012 0.6923879 0.8780800 0.5068251 0.4142975 0.4226229 0.4184222 0.4169987 0.4192698 0.4302844 0.4302783 0.4278315 0.4250747 0.5053509 0.5043059 0.5121705 0.5174450 0.5218414 
S0020_G6139_R1_A 0.5046326 0.5025616 0.0631457 0.0568890 0.0594309 0.0573734 0.0523458 0.0508892 0.0562051 0.0736912 0.0448061 0.0000000 0.0235310 0.0275163 0.0887457 0.0903615 0.0607685 0.0560409 0.0700578 0.0621453 0.0748415 0.0742522 0.1888345 0.1504623 0.1755464 0.0742483 0.0708734 0.0677449 0.1014194 0.0661494 0.3631663 0.2901741 0.3069151 0.2914456 0.3010727 0.3028965 0.3878593 0.4202067 0.2567108 0.5078814 0.4790924 0.4981997 0.5455935 0.5218491 0.6785629 0.8491268 0.5006809 0.4111083 0.4197150 0.4152539 0.4138401 0.4145021 0.4272276 0.4272214 0.4265949 0.4182846 0.4955206 0.4944957 0.4967823 0.5076000 0.5120005 
S0019_G6139_R2_A 0.4770019 0.4738680 0.0552577 0.0498287 0.0556282 0.0559254 0.0472589 0.0459266 0.0524967 0.0643533 0.0420901 0.0235310 0.0000000 0.0155565 0.0886788 0.0811130 0.0542906 0.0516023 0.0634346 0.0550053 0.0712033 0.0706165 0.1817299 0.1474721 0.1737195 0.0708257 0.0668232 0.0685815 0.0945662 0.0602482 0.3514052 0.2828256 0.2953258 0.2760820 0.2903925 0.2921898 0.3791427 0.4154840 0.2504009 0.5194967 0.4897142 0.5103381 0.5583529 0.5341105 0.6830138 0.8635571 0.5128880 0.4199279 0.4287050 0.4241727 0.4226769 0.4234234 0.4362905 0.4362841 0.4357017 0.4309908 0.4982468 0.4972123 0.4995464 0.5132232 0.5146981 
S0019_G6139_R1_A 0.4792466 0.4732444 0.0597332 0.0530921 0.0586571 0.0595015 0.0488412 0.0480540 0.0563209 0.0685290 0.0462534 0.0275163 0.0155565 0.0000000 0.0908584 0.0848426 0.0580050 0.0546194 0.0678732 0.0590803 0.0745165 0.0732420 0.1870849 0.1499363 0.1766294 0.0734686 0.0686211 0.0711515 0.1000589 0.0633794 0.3547291 0.2900213 0.3004558 0.2812284 0.2902447 0.2920298 0.3792952 0.4147353 0.2592232 0.5013766 0.4780425 0.4973663 0.5523556 0.5286629 0.6761364 0.8787408 0.5105354 0.4185346 0.4271303 0.4249351 0.4212329 0.4219527 0.4345705 0.4345643 0.4339837 0.4310356 0.4984462 0.4974264 0.4997289 0.5132007 0.5146550 
S0012_G6139_R1_A 0.4774799 0.4672037 0.0981452 0.0894743 0.1012265 0.0771927 0.0922093 0.0928352 0.0898120 0.1017012 0.0745620 0.0887457 0.0886788 0.0908584 0.0000000 0.1285671 0.1020353 0.0980719 0.1040582 0.0965146 0.1017603 0.1012992 0.2178814 0.1790323 0.1944921 0.1137727 0.1117625 0.0984176 0.1361637 0.1088026 0.3659408 0.3299393 0.3351003 0.3165682 0.3130599 0.3128396 0.3739546 0.4087748 0.2822116 0.5548541 0.5202482 0.5515715 0.6230735 0.5889657 0.7259633 0.9332476 0.5599155 0.4738630 0.4868456 0.4794163 0.4766388 0.4795822 0.4913013 0.4912939 0.4910060 0.4808186 0.5367941 0.5356428 0.5477460 0.5507659 0.5603265 
S0046_G6139_R1_A 0.5132424 0.4933733 0.0913374 0.0864703 0.0926473 0.0903006 0.0812832 0.0851396 0.0873777 0.0934254 0.0845025 0.0903615 0.0811130 0.0848426 0.1285671 0.0000000 0.0877192 0.0861053 0.1009224 0.0876499 0.1136388 0.1057541 0.2176599 0.1763173 0.2085624 0.1137836 0.1085527 0.1105954 0.1363028 0.1029261 0.3802261 0.3154031 0.3278193 0.3104369 0.3054378 0.3062646 0.4168451 0.4346752 0.2791092 0.5371318 0.5022003 0.5172766 0.6163687 0.5762374 0.7289210 0.8756338 0.5844501 0.4953336 0.5024613 0.4900353 0.4945225 0.4949223 0.5004126 0.4972432 0.4996269 0.4969587 0.5459472 0.5404868 0.5456899 0.5537255 0.5611422 
S0021_G6139_R2_A 0.4943628 0.4929355 0.0646533 0.0638090 0.0690786 0.0627897 0.0515432 0.0536642 0.0617386 0.0734381 0.0484506 0.0607685 0.0542906 0.0580050 0.1020353 0.0877192 0.0000000 0.0271936 0.0719632 0.0604218 0.0822094 0.0793834 0.1949075 0.1535083 0.1820577 0.0814035 0.0792236 0.0779246 0.1059998 0.0732019 0.3646952 0.2964823 0.3036322 0.2949173 0.3048963 0.3057053 0.3868081 0.4225053 0.2580786 0.5081833 0.4780977 0.4903481 0.5630957 0.5303040 0.7117932 0.8369022 0.5194227 0.4303674 0.4411476 0.4324605 0.4331751 0.4357001 0.4437315 0.4437249 0.4467165 0.4436408 0.4996046 0.4985456 0.5111663 0.5143035 0.5173397 
S0021_G6139_R1_A 0.4846583 0.4833471 0.0604168 0.0583144 0.0642374 0.0565971 0.0461196 0.0489452 0.0569714 0.0664635 0.0441485 0.0560409 0.0516023 0.0546194 0.0980719 0.0861053 0.0271936 0.0000000 0.0676487 0.0569945 0.0763456 0.0750379 0.1852999 0.1436706 0.1726558 0.0798058 0.0755830 0.0658812 0.1013129 0.0710399 0.3575467 0.2934962 0.3015585 0.2921325 0.2963898 0.2971967 0.3802942 0.4141450 0.2536775 0.5056425 0.4723868 0.5015949 0.5688253 0.5319152 0.7107654 0.8429187 0.5208792 0.4249647 0.4356146 0.4270162 0.4277588 0.4302166 0.4416834 0.4416769 0.4411137 0.4380558 0.4969680 0.4959225 0.5084081 0.5122138 0.5153026 
S0022_G6139_R2_A 0.5070574 0.5002684 0.0566666 0.0661144 0.0674997 0.0673003 0.0653711 0.0655591 0.0674446 0.0756519 0.0634636 0.0700578 0.0634346 0.0678732 0.1040582 0.1009224 0.0719632 0.0676487 0.0000000 0.0419391 0.0856153 0.0850294 0.1991461 0.1591610 0.1877247 0.0917582 0.0896460 0.0901848 0.1242833 0.0823476 0.3671261 0.2997270 0.3120587 0.2973006 0.3144034 0.3141064 0.3922810 0.4227701 0.2662944 0.5106248 0.4808710 0.5052461 0.5866665 0.5485773 0.7165599 0.9023383 0.5200356 0.4540803 0.4651067 0.4558068 0.4552123 0.4596069 0.4712167 0.4682850 0.4708098 0.4658667 0.5349640 0.5296821 0.5449090 0.5466240 0.5541872 
S0022_G6139_R1_A 0.4875290 0.4805657 0.0474682 0.0520579 0.0595938 0.0554347 0.0559590 0.0563585 0.0584081 0.0694430 0.0535037 0.0621453 0.0550053 0.0590803 0.0965146 0.0876499 0.0604218 0.0569945 0.0419391 0.0000000 0.0759018 0.0746022 0.1950383 0.1524465 0.1805134 0.0839963 0.0764116 0.0763920 0.1098124 0.0705821 0.3457526 0.3016646 0.3167017 0.2967198 0.3083629 0.3080781 0.3876147 0.4254813 0.2551208 0.5469009 0.5135274 0.5343152 0.6067665 0.5674614 0.7289312 0.9390634 0.5344412 0.4471976 0.4599575 0.4507672 0.4499608 0.4545145 0.4660170 0.4631257 0.4631414 0.4606985 0.5285827 0.5233931 0.5382749 0.5441628 0.5469333 
S0050_G6139_R1_A 0.4760753 0.4747358 0.0769560 0.0673823 0.0753650 0.0611466 0.0733442 0.0756778 0.0713563 0.0867341 0.0643042 0.0748415 0.0712033 0.0745165 0.1017603 0.1136388 0.0822094 0.0763456 0.0856153 0.0759018 0.0000000 0.0166828 0.2118159 0.1682612 0.1909468 0.0975755 0.0914850 0.0915056 0.1244730 0.0868819 0.3371087 0.2897733 0.3202549 0.2930708 0.3083785 0.3091376 0.3971238 0.4358740 0.2627669 0.5342006 0.5080516 0.5194204 0.5878543 0.5502417 0.7109193 0.8972076 0.5247558 0.4362153 0.4469457 0.4429976 0.4389886 0.4415411 0.4510821 0.4482467 0.4524830 0.4475305 0.5203254 0.5220961 0.5210030 0.5390017 0.5367294 
S0048_G6139_R1_A 0.4763181 0.4774192 0.0756182 0.0667905 0.0726182 0.0628387 0.0749916 0.0743706 0.0707688 0.0839995 0.0629048 0.0742522 0.0706165 0.0732420 0.1012992 0.1057541 0.0793834 0.0750379 0.0850294 0.0746022 0.0166828 0.0000000 0.2118094 0.1675277 0.1911375 0.0961978 0.0885581 0.0899108 0.1245851 0.0855096 0.3425048 0.2976266 0.3244350 0.2972910 0.2992608 0.3000223 0.4025523 0.4387852 0.2596324 0.5500376 0.5249383 0.5371453 0.6087865 0.5699032 0.7280593 0.9149104 0.5449886 0.4324561 0.4431160 0.4391846 0.4352252 0.4377357 0.4472433 0.4444283 0.4486154 0.4436785 0.5233453 0.5251195 0.5240586 0.5421202 0.5390354 
S0033_G6139_R1_A 0.5078994 0.4814773 0.1947626 0.1905220 0.2080127 0.1772369 0.1848411 0.1955282 0.1873309 0.1968293 0.1732117 0.1888345 0.1817299 0.1870849 0.2178814 0.2176599 0.1949075 0.1852999 0.1991461 0.1950383 0.2118159 0.2118094 0.0000000 0.1675370 0.2072827 0.2025130 0.1992865 0.1868021 0.2364924 0.2022134 0.3603309 0.2586638 0.2786168 0.2483797 0.2863986 0.2872874 0.3503971 0.3954743 0.2508605 0.5267900 0.4950942 0.5355782 0.5969995 0.5719243 0.7103647 0.8323385 0.5343114 0.5094748 0.5186190 0.5247978 0.5136308 0.5187486 0.5284075 0.5254242 0.5262936 0.5288848 0.5793184 0.5752518 0.5859596 0.5953636 0.5994054 
S0005_G6139_R1_A 0.5361921 0.5251290 0.1629423 0.1510433 0.1607613 0.1451879 0.1439376 0.1475459 0.1524219 0.1595954 0.1345953 0.1504623 0.1474721 0.1499363 0.1790323 0.1763173 0.1535083 0.1436706 0.1591610 0.1524465 0.1682612 0.1675277 0.1675370 0.0000000 0.1762505 0.1731927 0.1665778 0.1596621 0.1952293 0.1680743 0.3617347 0.2949708 0.3113836 0.2789149 0.2939893 0.2926998 0.4078516 0.4461453 0.2568685 0.5233765 0.5021432 0.5252147 0.6028432 0.5734871 0.6618972 0.8738260 0.5307893 0.4680626 0.4772037 0.4697164 0.4739585 0.4682151 0.4810135 0.4810060 0.4765889 0.4746805 0.5379953 0.5410108 0.5339883 0.5482867 0.5591541 
S0035_G6139_R1_A 0.5658322 0.5488913 0.1820423 0.1799447 0.1834977 0.1622910 0.1688409 0.1740974 0.1775220 0.1943906 0.1537604 0.1755464 0.1737195 0.1766294 0.1944921 0.2085624 0.1820577 0.1726558 0.1877247 0.1805134 0.1909468 0.1911375 0.2072827 0.1762505 0.0000000 0.2089728 0.2016908 0.1771343 0.2247072 0.2011675 0.3506876 0.3202276 0.3402105 0.3253734 0.3291911 0.3277482 0.3958158 0.4323451 0.2736518 0.5783960 0.5399222 0.5802299 0.6243395 0.6036728 0.7579510 0.9126943 0.5687413 0.5065052 0.5131233 0.5180642 0.5128155 0.5143764 0.5232274 0.5232193 0.5144915 0.5233992 0.5411586 0.5384714 0.5459076 0.5519978 0.5679366 
S0018_G6139_R1_A 0.5179509 0.5164802 0.0825739 0.0792463 0.0826525 0.0745651 0.0749491 0.0730407 0.0778978 0.0883708 0.0702704 0.0742483 0.0708257 0.0734686 0.1137727 0.1137836 0.0814035 0.0798058 0.0917582 0.0839963 0.0975755 0.0961978 0.2025130 0.1731927 0.2089728 0.0000000 0.0395650 0.0499231 0.0810374 0.0643044 0.3753698 0.3191311 0.3251109 0.3058507 0.3146795 0.3165278 0.4018384 0.4375641 0.2841222 0.5252760 0.4942088 0.5115422 0.5989207 0.5661296 0.7148529 0.9011103 0.5384983 0.4390602 0.4502439 0.4407319 0.4402171 0.4393009 0.4532398 0.4532330 0.4527304 0.4454226 0.5465133 0.5452885 0.5474864 0.5621438 0.5550581 
S0031_G6139_R1_A 0.5007528 0.5011967 0.0795997 0.0709209 0.0783971 0.0715237 0.0720638 0.0716079 0.0737901 0.0875103 0.0702801 0.0708734 0.0668232 0.0686211 0.1117625 0.1085527 0.0792236 0.0755830 0.0896460 0.0764116 0.0914850 0.0885581 0.1992865 0.1665778 0.2016908 0.0395650 0.0000000 0.0462272 0.0773510 0.0596502 0.3781759 0.3171293 0.3236489 0.3078584 0.3168224 0.3186673 0.4105849 0.4412056 0.2793765 0.5302668 0.4986211 0.5170189 0.5988816 0.5662006 0.7344736 0.9107130 0.5388326 0.4464054 0.4577308 0.4481144 0.4475594 0.4466709 0.4607134 0.4607065 0.4602438 0.4534429 0.5489019 0.5519266 0.5521997 0.5646546 0.5574440 
S0004_G6139_R1_A 0.4810939 0.4700919 0.0772943 0.0672446 0.0667825 0.0709093 0.0678581 0.0642812 0.0711302 0.0824744 0.0651986 0.0677449 0.0685815 0.0711515 0.0984176 0.1105954 0.0779246 0.0658812 0.0901848 0.0763920 0.0915056 0.0899108 0.1868021 0.1596621 0.1771343 0.0499231 0.0462272 0.0000000 0.0788998 0.0572330 0.3381520 0.3072531 0.3054822 0.2932993 0.2939199 0.2951033 0.3705379 0.4097053 0.2740603 0.5609925 0.5131926 0.5539635 0.6351640 0.6042836 0.7600940 0.9505865 0.5872129 0.4446939 0.4595925 0.4525160 0.4495825 0.4487190 0.4625137 0.4625069 0.4620628 0.4566178 0.5467127 0.5455138 0.5537724 0.5596297 0.5610238 
S0037_G6139_R1_A 0.5378856 0.5325162 0.1058145 0.1024131 0.1068871 0.1016246 0.0994500 0.1012953 0.1014554 0.1135438 0.0927939 0.1014194 0.0945662 0.1000589 0.1361637 0.1363028 0.1059998 0.1013129 0.1242833 0.1098124 0.1244730 0.1245851 0.2364924 0.1952293 0.2247072 0.0810374 0.0773510 0.0788998 0.0000000 0.0913312 0.3803834 0.3344107 0.3388491 0.3132213 0.3269124 0.3277363 0.4253520 0.4651217 0.3042105 0.5582302 0.5184979 0.5526946 0.6219502 0.5912615 0.7035047 0.9638218 0.5696469 0.4864017 0.4965003 0.4875285 0.4875403 0.4847850 0.4957243 0.4957166 0.4933954 0.4928287 0.5771139 0.5757779 0.5809404 0.5891990 0.5830658 
S0016_G6139_R1_A 0.4927626 0.4900991 0.0729088 0.0654966 0.0704251 0.0657901 0.0681511 0.0692624 0.0679501 0.0837563 0.0649420 0.0661494 0.0602482 0.0633794 0.1088026 0.1029261 0.0732019 0.0710399 0.0823476 0.0705821 0.0868819 0.0855096 0.2022134 0.1680743 0.2011675 0.0643044 0.0596502 0.0572330 0.0913312 0.0000000 0.3718730 0.3157179 0.3220615 0.3115583 0.3123720 0.3142098 0.4181994 0.4555642 0.2903447 0.5414998 0.5120279 0.5242535 0.6131156 0.5718446 0.7377266 0.8970110 0.5534217 0.4499815 0.4612899 0.4516958 0.4511253 0.4502569 0.4642437 0.4642367 0.4637964 0.4576444 0.5490438 0.5478229 0.5586468 0.5645532 0.5621108 
S0006_G6139_R1_A 0.4947176 0.4627468 0.3410827 0.3616305 0.3550304 0.3340251 0.3542045 0.3522773 0.3626661 0.3601111 0.3438799 0.3631663 0.3514052 0.3547291 0.3659408 0.3802261 0.3646952 0.3575467 0.3671261 0.3457526 0.3371087 0.3425048 0.3603309 0.3617347 0.3506876 0.3753698 0.3781759 0.3381520 0.3803834 0.3718730 0.0000000 0.4450624 0.4455581 0.3864974 0.4105849 0.4105849 0.5079336 0.5393172 0.3999092 0.5118925 0.4689721 0.5255372 0.5535549 0.5336711 0.7089979 0.8166576 0.5284884 0.5655349 0.5712897 0.5652703 0.5611292 0.5748381 0.5841585 0.5808906 0.5762787 0.5752846 0.5659955 0.5691211 0.5663072 0.5796912 0.5939740 
S0015_G6139_R1_A 0.4511858 0.4410414 0.2954485 0.2983019 0.3038352 0.2728487 0.2973455 0.2966660 0.2920511 0.3057550 0.2678302 0.2901741 0.2828256 0.2900213 0.3299393 0.3154031 0.2964823 0.2934962 0.2997270 0.3016646 0.2897733 0.2976266 0.2586638 0.2949708 0.3202276 0.3191311 0.3171293 0.3072531 0.3344107 0.3157179 0.4450624 0.0000000 0.1234889 0.1693314 0.2367208 0.2365108 0.4194226 0.4672777 0.1812241 0.5846096 0.5567500 0.5754357 0.6115267 0.5802712 0.7484114 0.8069256 0.5342624 0.5166372 0.5202803 0.5266704 0.5150558 0.5211040 0.5338216 0.5321907 0.5245870 0.5301765 0.5395120 0.5390723 0.5499352 0.5623294 0.5622005 
S0034_G6139_R1_A 0.4717458 0.4644615 0.3179413 0.3154295 0.3143109 0.2842589 0.3048815 0.3121015 0.3225274 0.3131508 0.2825504 0.3069151 0.2953258 0.3004558 0.3351003 0.3278193 0.3036322 0.3015585 0.3120587 0.3167017 0.3202549 0.3244350 0.2786168 0.3113836 0.3402105 0.3251109 0.3236489 0.3054822 0.3388491 0.3220615 0.4455581 0.1234889 0.0000000 0.1870771 0.2539950 0.2527508 0.4239398 0.4686883 0.1870150 0.5711421 0.5455705 0.5662037 0.6199747 0.5874336 0.7454534 0.8386717 0.5430807 0.5063835 0.5120860 0.5107016 0.5048475 0.5107796 0.5233698 0.5217847 0.5142478 0.5197486 0.5715479 0.5752926 0.5814847 0.5811254 0.5869947 
S0014_G6139_R1_A 0.4698365 0.4536827 0.2929747 0.2917482 0.2862579 0.2642119 0.2930152 0.2839798 0.2935411 0.2935907 0.2646491 0.2914456 0.2760820 0.2812284 0.3165682 0.3104369 0.2949173 0.2921325 0.2973006 0.2967198 0.2930708 0.2972910 0.2483797 0.2789149 0.3253734 0.3058507 0.3078584 0.2932993 0.3132213 0.3115583 0.3864974 0.1693314 0.1870771 0.0000000 0.2106476 0.2084714 0.3578115 0.4072101 0.1686786 0.5178859 0.5005634 0.5138853 0.5701120 0.5301821 0.6799217 0.8149513 0.5183790 0.5235573 0.5282914 0.5370033 0.5158900 0.5221463 0.5394638 0.5354330 0.5310347 0.5340054 0.5774657 0.5778763 0.5788918 0.5945763 0.5954484 
S0009_G6139_R1_A 0.3439271 0.3361515 0.3083512 0.2988302 0.3040485 0.2742925 0.3015809 0.2937942 0.2993371 0.3042204 0.2799312 0.3010727 0.2903925 0.2902447 0.3130599 0.3054378 0.3048963 0.2963898 0.3144034 0.3083629 0.3083785 0.2992608 0.2863986 0.2939893 0.3291911 0.3146795 0.3168224 0.2939199 0.3269124 0.3123720 0.4105849 0.2367208 0.2539950 0.2106476 0.0000000 0.0026006 0.4091365 0.4508815 0.1936022 0.5748880 0.5488294 0.5808818 0.6350121 0.6061581 0.7824389 0.8647404 0.5660797 0.4823285 0.4892872 0.4841055 0.4782085 0.4769731 0.4947288 0.4912861 0.4890103 0.4889949 0.5402805 0.5365801 0.5387925 0.5495544 0.5628828 
S0010_G6139_R1_A 0.3449176 0.3371983 0.3101808 0.2996373 0.3058645 0.2754348 0.3023874 0.2945969 0.3011525 0.3050274 0.2810051 0.3028965 0.2921898 0.2920298 0.3128396 0.3062646 0.3057053 0.2971967 0.3141064 0.3080781 0.3091376 0.3000223 0.2872874 0.2926998 0.3277482 0.3165278 0.3186673 0.2951033 0.3277363 0.3142098 0.4105849 0.2365108 0.2527508 0.2084714 0.0026006 0.0000000 0.4092773 0.4510427 0.1936563 0.5748880 0.5488294 0.5808818 0.6350121 0.6061581 0.7824389 0.8682496 0.5660797 0.4823285 0.4892872 0.4841055 0.4782085 0.4769731 0.4947288 0.4912861 0.4890103 0.4889949 0.5402805 0.5365801 0.5387925 0.5495544 0.5628828 
S0008_G6139_R1_A 0.5704599 0.5640066 0.3907065 0.3820837 0.3700827 0.3421592 0.3929399 0.3878245 0.3803773 0.3983261 0.3677312 0.3878593 0.3791427 0.3792952 0.3739546 0.4168451 0.3868081 0.3802942 0.3922810 0.3876147 0.3971238 0.4025523 0.3503971 0.4078516 0.3958158 0.4018384 0.4105849 0.3705379 0.4253520 0.4181994 0.5079336 0.4194226 0.4239398 0.3578115 0.4091365 0.4092773 0.0000000 0.0947760 0.3495464 0.6795823 0.6259856 0.6203392 0.6638733 0.6388204 0.6943954 1.0262726 0.5717791 0.5195063 0.5291164 0.5362671 0.5169721 0.5259296 0.5366247 0.5385758 0.5285747 0.5237819 0.5412154 0.5373723 0.5342053 0.5486064 0.5433370 
S0014_G6139_R2_A 0.6052828 0.6033597 0.4171710 0.4151923 0.4030340 0.3801288 0.4219641 0.4163174 0.4124482 0.4368273 0.3981713 0.4202067 0.4154840 0.4147353 0.4087748 0.4346752 0.4225053 0.4141450 0.4227701 0.4254813 0.4358740 0.4387852 0.3954743 0.4461453 0.4323451 0.4375641 0.4412056 0.4097053 0.4651217 0.4555642 0.5393172 0.4672777 0.4686883 0.4072101 0.4508815 0.4510427 0.0947760 0.0000000 0.3778743 0.6652400 0.6196841 0.5985384 0.6444454 0.6107136 0.7162084 1.1007134 0.5956469 0.5626069 0.5730401 0.5807083 0.5597014 0.5695472 0.5811212 0.5831718 0.5700976 0.5697536 0.5712875 0.5671687 0.5669711 0.5725195 0.5899009 
S0027_G6139_R1_A 0.3382469 0.3171129 0.2614688 0.2605425 0.2624177 0.2394304 0.2586924 0.2564119 0.2535446 0.2682635 0.2425454 0.2567108 0.2504009 0.2592232 0.2822116 0.2791092 0.2580786 0.2536775 0.2662944 0.2551208 0.2627669 0.2596324 0.2508605 0.2568685 0.2736518 0.2841222 0.2793765 0.2740603 0.3042105 0.2903447 0.3999092 0.1812241 0.1870150 0.1686786 0.1936022 0.1936563 0.3495464 0.3778743 0.0000000 0.5234504 0.5050849 0.5176724 0.5916217 0.5699957 0.6823492 0.8166320 0.5435748 0.4580937 0.4576494 0.4705494 0.4518830 0.4661811 0.4744314 0.4709152 0.4710768 0.4709243 0.5157670 0.5099779 0.5171971 0.5364020 0.5229244 
S0024_G6139_R1_A 0.6407414 0.6267852 0.5103204 0.5163456 0.5091269 0.5177107 0.5013756 0.5098721 0.5192271 0.5091978 0.4927139 0.5078814 0.5194967 0.5013766 0.5548541 0.5371318 0.5081833 0.5056425 0.5106248 0.5469009 0.5342006 0.5500376 0.5267900 0.5233765 0.5783960 0.5252760 0.5302668 0.5609925 0.5582302 0.5414998 0.5118925 0.5846096 0.5711421 0.5178859 0.5748880 0.5748880 0.6795823 0.6652400 0.5234504 0.0000000 0.0324845 0.0247898 0.1520596 0.1338445 0.4830987 0.5960726 0.1266330 0.6172070 0.6217390 0.6185765 0.6164571 0.6078814 0.6351351 0.6343447 0.6237753 0.6273575 0.6673023 0.6641979 0.6925168 0.7173065 0.7089312 
S0032_G6139_R1_N 0.6035466 0.5876258 0.4742472 0.4919018 0.4742774 0.4874063 0.4684821 0.4802610 0.4850830 0.4783846 0.4648681 0.4790924 0.4897142 0.4780425 0.5202482 0.5022003 0.4780977 0.4723868 0.4808710 0.5135274 0.5080516 0.5249383 0.4950942 0.5021432 0.5399222 0.4942088 0.4986211 0.5131926 0.5184979 0.5120279 0.4689721 0.5567500 0.5455705 0.5005634 0.5488294 0.5488294 0.6259856 0.6196841 0.5050849 0.0324845 0.0000000 0.0235609 0.1541867 0.1306044 0.5325811 0.6036839 0.1401285 0.5386826 0.5488245 0.5451086 0.5416560 0.5424546 0.5601277 0.5564821 0.5442235 0.5506169 0.5748980 0.5694383 0.5887736 0.6172470 0.5988423 
S0032_G6139_R2_N 0.6176083 0.5976556 0.4982310 0.5150356 0.5081151 0.5064470 0.5003083 0.5060765 0.5145413 0.5007899 0.4814691 0.4981997 0.5103381 0.4973663 0.5515715 0.5172766 0.4903481 0.5015949 0.5052461 0.5343152 0.5194204 0.5371453 0.5355782 0.5252147 0.5802299 0.5115422 0.5170189 0.5539635 0.5526946 0.5242535 0.5255372 0.5754357 0.5662037 0.5138853 0.5808818 0.5808818 0.6203392 0.5985384 0.5176724 0.0247898 0.0235609 0.0000000 0.1322676 0.1191904 0.4637027 0.5378033 0.1182114 0.6227764 0.6255986 0.6142114 0.6163204 0.6156139 0.6334590 0.6348273 0.6108838 0.6263403 0.6447151 0.6465817 0.6690341 0.6955840 0.7137471 
S0025_G6139_R1_U 0.6362068 0.6144566 0.5760232 0.5825487 0.5709638 0.5921872 0.5610758 0.5755045 0.5950520 0.5827817 0.5679690 0.5455935 0.5583529 0.5523556 0.6230735 0.6163687 0.5630957 0.5688253 0.5866665 0.6067665 0.5878543 0.6087865 0.5969995 0.6028432 0.6243395 0.5989207 0.5988816 0.6351640 0.6219502 0.6131156 0.5535549 0.6115267 0.6199747 0.5701120 0.6350121 0.6350121 0.6638733 0.6444454 0.5916217 0.1520596 0.1541867 0.1322676 0.0000000 0.0454582 0.6056177 0.6487928 0.1508243 0.7381045 0.7413726 0.7308378 0.7308136 0.7163839 0.7431760 0.7448462 0.7236055 0.7415087 0.6995031 0.6949557 0.6930349 0.7384059 0.7604081 
S0029_G6139_R1_U 0.6097408 0.5891867 0.5383431 0.5452034 0.5341637 0.5567340 0.5244765 0.5385907 0.5565924 0.5446894 0.5313012 0.5218491 0.5341105 0.5286629 0.5889657 0.5762374 0.5303040 0.5319152 0.5485773 0.5674614 0.5502417 0.5699032 0.5719243 0.5734871 0.6036728 0.5661296 0.5662006 0.6042836 0.5912615 0.5718446 0.5336711 0.5802712 0.5874336 0.5301821 0.6061581 0.6061581 0.6388204 0.6107136 0.5699957 0.1338445 0.1306044 0.1191904 0.0454582 0.0000000 0.5920804 0.6058155 0.1234800 0.6961192 0.6991036 0.6967647 0.6894067 0.6755426 0.7008671 0.7023546 0.6912616 0.6985981 0.6754075 0.6710595 0.6729227 0.7124300 0.7326516 
S0003_G6139_R1_N 0.8571708 0.8075372 0.6942750 0.6832433 0.7047970 0.6947139 0.6928733 0.7152318 0.6851484 0.7330861 0.6923879 0.6785629 0.6830138 0.6761364 0.7259633 0.7289210 0.7117932 0.7107654 0.7165599 0.7289312 0.7109193 0.7280593 0.7103647 0.6618972 0.7579510 0.7148529 0.7344736 0.7600940 0.7035047 0.7377266 0.7089979 0.7484114 0.7454534 0.6799217 0.7824389 0.7824389 0.6943954 0.7162084 0.6823492 0.4830987 0.5325811 0.4637027 0.6056177 0.5920804 0.0000000 0.7540869 0.5603716 0.6332617 0.6480468 0.6395385 0.6464708 0.6459938 0.6344477 0.6411691 0.6321561 0.6368076 0.6771890 0.6609052 0.6589445 0.6904923 0.7169924 
S0049_G6139_R1_A 0.8030855 0.7782938 0.8949894 0.8679103 0.8724335 0.9179080 0.8461285 0.8653977 0.8633780 0.8691110 0.8780800 0.8491268 0.8635571 0.8787408 0.9332476 0.8756338 0.8369022 0.8429187 0.9023383 0.9390634 0.8972076 0.9149104 0.8323385 0.8738260 0.9126943 0.9011103 0.9107130 0.9505865 0.9638218 0.8970110 0.8166576 0.8069256 0.8386717 0.8149513 0.8647404 0.8682496 1.0262726 1.1007134 0.8166320 0.5960726 0.6036839 0.5378033 0.6487928 0.6058155 0.7540869 0.0000000 0.6113503 0.8668717 0.8650357 0.8695352 0.8757276 0.8533522 0.8777825 0.8815114 0.8886751 0.8659056 0.8303895 0.8275320 0.8310466 0.8695035 0.8446830 
S0001_G6139_R1_A 0.6101260 0.5755125 0.5072916 0.5356598 0.5316825 0.5293363 0.5174943 0.5291102 0.5305943 0.5194770 0.5068251 0.5006809 0.5128880 0.5105354 0.5599155 0.5844501 0.5194227 0.5208792 0.5200356 0.5344412 0.5247558 0.5449886 0.5343114 0.5307893 0.5687413 0.5384983 0.5388326 0.5872129 0.5696469 0.5534217 0.5284884 0.5342624 0.5430807 0.5183790 0.5660797 0.5660797 0.5717791 0.5956469 0.5435748 0.1266330 0.1401285 0.1182114 0.1508243 0.1234800 0.5603716 0.6113503 0.0000000 0.6440844 0.6437264 0.6289560 0.6305588 0.6228752 0.6515491 0.6528895 0.6340554 0.6441255 0.6585701 0.6580008 0.6607471 0.7090159 0.7137863 
S0041_G6139_R1_N 0.5411141 0.5199790 0.4393009 0.4326094 0.4288835 0.4378140 0.4272319 0.4315978 0.4210787 0.4319314 0.4142975 0.4111083 0.4199279 0.4185346 0.4738630 0.4953336 0.4303674 0.4249647 0.4540803 0.4471976 0.4362153 0.4324561 0.5094748 0.4680626 0.5065052 0.4390602 0.4464054 0.4446939 0.4864017 0.4499815 0.5655349 0.5166372 0.5063835 0.5235573 0.4823285 0.4823285 0.5195063 0.5626069 0.4580937 0.6172070 0.5386826 0.6227764 0.7381045 0.6961192 0.6332617 0.8668717 0.6440844 0.0000000 0.0138313 0.0119565 0.0100791 0.0194717 0.0156587 0.0147272 0.0166670 0.0185772 0.2806382 0.2774796 0.2816601 0.2850008 0.2735099 
S0043_G6139_R1_N 0.5334312 0.5196075 0.4457745 0.4447954 0.4412335 0.4483456 0.4372406 0.4422406 0.4331834 0.4425569 0.4226229 0.4197150 0.4287050 0.4271303 0.4868456 0.5024613 0.4411476 0.4356146 0.4651067 0.4599575 0.4469457 0.4431160 0.5186190 0.4772037 0.5131233 0.4502439 0.4577308 0.4595925 0.4965003 0.4612899 0.5712897 0.5202803 0.5120860 0.5282914 0.4892872 0.4892872 0.5291164 0.5730401 0.4576494 0.6217390 0.5488245 0.6255986 0.7413726 0.6991036 0.6480468 0.8650357 0.6437264 0.0138313 0.0000000 0.0186109 0.0147964 0.0243357 0.0213945 0.0223669 0.0224432 0.0263368 0.2820723 0.2789096 0.2816378 0.2849779 0.2715742 
S0042_G6139_R1_N 0.5326501 0.5281397 0.4432609 0.4369478 0.4356216 0.4421579 0.4292808 0.4364291 0.4253518 0.4362982 0.4184222 0.4152539 0.4241727 0.4249351 0.4794163 0.4900353 0.4324605 0.4270162 0.4558068 0.4507672 0.4429976 0.4391846 0.5247978 0.4697164 0.5180642 0.4407319 0.4481144 0.4525160 0.4875285 0.4516958 0.5652703 0.5266704 0.5107016 0.5370033 0.4841055 0.4841055 0.5362671 0.5807083 0.4705494 0.6185765 0.5451086 0.6142114 0.7308378 0.6967647 0.6395385 0.8695352 0.6289560 0.0119565 0.0186109 0.0000000 0.0176055 0.0166682 0.0166209 0.0156863 0.0176368 0.0148233 0.2805119 0.2789274 0.2847410 0.2895115 0.2736348 
S0047_G6139_R1_N 0.5228472 0.5077292 0.4420401 0.4353503 0.4316733 0.4405309 0.4300048 0.4343657 0.4238396 0.4346936 0.4169987 0.4138401 0.4226769 0.4212329 0.4766388 0.4945225 0.4331751 0.4277588 0.4552123 0.4499608 0.4389886 0.4352252 0.5136308 0.4739585 0.5128155 0.4402171 0.4475594 0.4495825 0.4875403 0.4511253 0.5611292 0.5150558 0.5048475 0.5158900 0.4782085 0.4782085 0.5169721 0.5597014 0.4518830 0.6164571 0.5416560 0.6163204 0.7308136 0.6894067 0.6464708 0.8757276 0.6305588 0.0100791 0.0147964 0.0176055 0.0000000 0.0242780 0.0213441 0.0204014 0.0214288 0.0224337 0.2852216 0.2820456 0.2881891 0.2918878 0.2802980 
S0040_G6139_R1_N 0.5302017 0.5136654 0.4445914 0.4344168 0.4303944 0.4430463 0.4324662 0.4349858 0.4262290 0.4409534 0.4192698 0.4145021 0.4234234 0.4219527 0.4795822 0.4949223 0.4357001 0.4302166 0.4596069 0.4545145 0.4415411 0.4377357 0.5187486 0.4682151 0.5143764 0.4393009 0.4466709 0.4487190 0.4847850 0.4502569 0.5748381 0.5211040 0.5107796 0.5221463 0.4769731 0.4769731 0.5259296 0.5695472 0.4661811 0.6078814 0.5424546 0.6156139 0.7163839 0.6755426 0.6459938 0.8533522 0.6228752 0.0194717 0.0243357 0.0166682 0.0242780 0.0000000 0.0242044 0.0232567 0.0243215 0.0195600 0.2799819 0.2783933 0.2826023 0.2857981 0.2748583 
S0044_G6139_R1_N 0.5504875 0.5405003 0.4542804 0.4491296 0.4456408 0.4523977 0.4438592 0.4463652 0.4375333 0.4485708 0.4302844 0.4272276 0.4362905 0.4345705 0.4913013 0.5004126 0.4437315 0.4416834 0.4712167 0.4660170 0.4510821 0.4472433 0.5284075 0.4810135 0.5232274 0.4532398 0.4607134 0.4625137 0.4957243 0.4642437 0.5841585 0.5338216 0.5233698 0.5394638 0.4947288 0.4947288 0.5366247 0.5811212 0.4744314 0.6351351 0.5601277 0.6334590 0.7431760 0.7008671 0.6344477 0.8777825 0.6515491 0.0156587 0.0213945 0.0166209 0.0213441 0.0242044 0.0000000 0.0045601 0.0119766 0.0233149 0.2868565 0.2836721 0.2879646 0.2943352 0.2797340 
S0045_G6139_R2_A 0.5452288 0.5349343 0.4514651 0.4463338 0.4428093 0.4496152 0.4438526 0.4463587 0.4347643 0.4457554 0.4302783 0.4272214 0.4362841 0.4345643 0.4912939 0.4972432 0.4437249 0.4416769 0.4682850 0.4631257 0.4482467 0.4444283 0.5254242 0.4810060 0.5232193 0.4532330 0.4607065 0.4625069 0.4957166 0.4642367 0.5808906 0.5321907 0.5217847 0.5354330 0.4912861 0.4912861 0.5385758 0.5831718 0.4709152 0.6343447 0.5564821 0.6348273 0.7448462 0.7023546 0.6411691 0.8815114 0.6528895 0.0147272 0.0223669 0.0156863 0.0204014 0.0232567 0.0045601 0.0000000 0.0129220 0.0223661 0.2889594 0.2857608 0.2900991 0.2964755 0.2817437 
S0045_G6139_R1_A 0.5442075 0.5306288 0.4531705 0.4467173 0.4450934 0.4519007 0.4433055 0.4458265 0.4369484 0.4480445 0.4278315 0.4265949 0.4357017 0.4339837 0.4910060 0.4996269 0.4467165 0.4411137 0.4708098 0.4631414 0.4524830 0.4486154 0.5262936 0.4765889 0.5144915 0.4527304 0.4602438 0.4620628 0.4933954 0.4637964 0.5762787 0.5245870 0.5142478 0.5310347 0.4890103 0.4890103 0.5285747 0.5700976 0.4710768 0.6237753 0.5442235 0.6108838 0.7236055 0.6912616 0.6321561 0.8886751 0.6340554 0.0166670 0.0224432 0.0176368 0.0214288 0.0243215 0.0119766 0.0129220 0.0000000 0.0243768 0.2831873 0.2800096 0.2842468 0.2906429 0.2746606 
S0038_G6139_R1_A 0.5443914 0.5253294 0.4524350 0.4450084 0.4382117 0.4490426 0.4402702 0.4404641 0.4305699 0.4432503 0.4250747 0.4182846 0.4309908 0.4310356 0.4808186 0.4969587 0.4436408 0.4380558 0.4658667 0.4606985 0.4475305 0.4436785 0.5288848 0.4746805 0.5233992 0.4454226 0.4534429 0.4566178 0.4928287 0.4576444 0.5752846 0.5301765 0.5197486 0.5340054 0.4889949 0.4889949 0.5237819 0.5697536 0.4709243 0.6273575 0.5506169 0.6263403 0.7415087 0.6985981 0.6368076 0.8659056 0.6441255 0.0185772 0.0263368 0.0148233 0.0224337 0.0195600 0.0233149 0.0223661 0.0243768 0.0000000 0.2876097 0.2860062 0.2887322 0.2929674 0.2789063 
S0041_G6139_R2_N 0.6190288 0.6281828 0.5207168 0.5208018 0.5077138 0.5210388 0.4945830 0.5086966 0.5079643 0.5118742 0.5053509 0.4955206 0.4982468 0.4984462 0.5367941 0.5459472 0.4996046 0.4969680 0.5349640 0.5285827 0.5203254 0.5233453 0.5793184 0.5379953 0.5411586 0.5465133 0.5489019 0.5467127 0.5771139 0.5490438 0.5659955 0.5395120 0.5715479 0.5774657 0.5402805 0.5402805 0.5412154 0.5712875 0.5157670 0.6673023 0.5748980 0.6447151 0.6995031 0.6754075 0.6771890 0.8303895 0.6585701 0.2806382 0.2820723 0.2805119 0.2852216 0.2799819 0.2868565 0.2889594 0.2831873 0.2876097 0.0000000 0.0117671 0.0190224 0.0395642 0.0272258 
S0043_G6139_R2_N 0.6065402 0.6151751 0.5156343 0.5196975 0.5066311 0.5199498 0.4975547 0.5076236 0.5068983 0.5107937 0.5043059 0.4944957 0.4972123 0.4974264 0.5356428 0.5404868 0.4985456 0.4959225 0.5296821 0.5233931 0.5220961 0.5251195 0.5752518 0.5410108 0.5384714 0.5452885 0.5519266 0.5455138 0.5757779 0.5478229 0.5691211 0.5390723 0.5752926 0.5778763 0.5365801 0.5365801 0.5373723 0.5671687 0.5099779 0.6641979 0.5694383 0.6465817 0.6949557 0.6710595 0.6609052 0.8275320 0.6580008 0.2774796 0.2789096 0.2789274 0.2820456 0.2783933 0.2836721 0.2857608 0.2800096 0.2860062 0.0117671 0.0000000 0.0159825 0.0332370 0.0272103 
S0047_G6139_R2_N 0.6158028 0.6249876 0.5251534 0.5344685 0.5171125 0.5281453 0.5079725 0.5180034 0.5172142 0.5241488 0.5121705 0.4967823 0.4995464 0.4997289 0.5477460 0.5456899 0.5111663 0.5084081 0.5449090 0.5382749 0.5210030 0.5240586 0.5859596 0.5339883 0.5459076 0.5474864 0.5521997 0.5537724 0.5809404 0.5586468 0.5663072 0.5499352 0.5814847 0.5788918 0.5387925 0.5387925 0.5342053 0.5669711 0.5171971 0.6925168 0.5887736 0.6690341 0.6930349 0.6729227 0.6589445 0.8310466 0.6607471 0.2816601 0.2816378 0.2847410 0.2881891 0.2826023 0.2879646 0.2900991 0.2842468 0.2887322 0.0190224 0.0159825 0.0000000 0.0379306 0.0254857 
S0045_G6139_R3_A 0.6277030 0.6371546 0.5392950 0.5362332 0.5254091 0.5385168 0.5118329 0.5240131 0.5232011 0.5347587 0.5174450 0.5076000 0.5132232 0.5132007 0.5507659 0.5537255 0.5143035 0.5122138 0.5466240 0.5441628 0.5390017 0.5421202 0.5953636 0.5482867 0.5519978 0.5621438 0.5646546 0.5596297 0.5891990 0.5645532 0.5796912 0.5623294 0.5811254 0.5945763 0.5495544 0.5495544 0.5486064 0.5725195 0.5364020 0.7173065 0.6172470 0.6955840 0.7384059 0.7124300 0.6904923 0.8695035 0.7090159 0.2850008 0.2849779 0.2895115 0.2918878 0.2857981 0.2943352 0.2964755 0.2906429 0.2929674 0.0395642 0.0332370 0.0379306 0.0000000 0.0325323 
S0042_G6139_R2_N 0.6562096 0.6177195 0.5364286 0.5349824 0.5252965 0.5356717 0.5148935 0.5332545 0.5252652 0.5297435 0.5218414 0.5120005 0.5146981 0.5146550 0.5603265 0.5611422 0.5173397 0.5153026 0.5541872 0.5469333 0.5367294 0.5390354 0.5994054 0.5591541 0.5679366 0.5550581 0.5574440 0.5610238 0.5830658 0.5621108 0.5939740 0.5622005 0.5869947 0.5954484 0.5628828 0.5628828 0.5433370 0.5899009 0.5229244 0.7089312 0.5988423 0.7137471 0.7604081 0.7326516 0.7169924 0.8446830 0.7137863 0.2735099 0.2715742 0.2736348 0.2802980 0.2748583 0.2797340 0.2817437 0.2746606 0.2789063 0.0272258 0.0272103 0.0254857 0.0325323 0.0000000 
