101
S0008_G6164_R1_A  0.0000000 0.1084653 0.1084653 0.1199473 0.1727903 0.1812651 0.1338456 0.0000010 0.1626916 0.1626916 0.1653348 0.1653348 0.3679192 0.3756237 0.4698824 0.4698824 0.2683790 0.2576563 0.2581555 0.2393397 0.2670525 0.2545897 0.2530590 0.2474695 0.2474695 0.2450949 0.2450949 0.2630453 0.2476170 0.2500171 0.2393397 0.2616862 0.2737446 0.2558676 0.2533335 0.2671951 0.2446147 0.2534381 0.2534381 0.2617880 0.2671951 0.4766910 0.2621819 0.2874237 0.3836004 0.2836323 0.3728504 0.3659141 0.3659141 0.3728504 0.2413798 0.2575926 0.2062191 0.2062191 0.3741272 0.2388313 0.5490628 0.6751525 0.5806304 0.7908698 0.7617489 0.8148975 0.8622908 0.8527498 0.9085746 0.7620571 0.7876372 0.7754101 0.6152297 0.6133610 0.6264832 0.6456498 0.6125959 0.5996024 0.6448490 0.6266518 0.6338120 0.5996897 0.6148423 0.6249996 0.6184032 0.6136762 0.6183070 0.6270767 0.6407023 0.6434841 0.6112775 0.5765072 0.5832166 0.5935387 0.5670191 0.5865727 0.5816531 0.5816531 0.5855037 0.5895507 0.6069674 0.6024103 0.5689221 0.5785239 0.6072181 
S0015_G6164_R2_A  0.1084653 0.0000000 0.0000010 0.1065149 0.2020955 0.2101589 0.1552749 0.1100599 0.2177980 0.2177980 0.2235751 0.2235751 0.4036871 0.4154609 0.4890652 0.4890652 0.3288886 0.3010597 0.3087807 0.2921373 0.3199064 0.3200206 0.3057912 0.2958983 0.2958983 0.2998912 0.2998912 0.3194498 0.2964602 0.2970011 0.2921373 0.3149240 0.3133436 0.3157444 0.3177007 0.3283522 0.3125064 0.3060354 0.3060354 0.3088635 0.3276057 0.5097543 0.3133027 0.3612611 0.4407364 0.3472586 0.4131848 0.4131661 0.4131661 0.4131848 0.3283660 0.3462698 0.2991324 0.2991324 0.4391906 0.2599062 0.6858446 0.8277676 0.6212998 0.8352514 0.8281244 0.8883230 0.9004329 0.8943273 0.9852129 0.8438754 0.8922822 0.8820729 0.6879554 0.6926660 0.6997791 0.7043261 0.6712349 0.6628150 0.7037704 0.6767107 0.7038774 0.6629088 0.6882425 0.6931792 0.6886486 0.6864320 0.6957825 0.7001633 0.7093419 0.7119847 0.6789784 0.6660727 0.6660727 0.6666064 0.6397830 0.6616874 0.6594377 0.6594377 0.6627165 0.6622649 0.6795463 0.6758539 0.6418659 0.6464870 0.6985831 
S0015_G6164_R1_A  0.1084653 0.0000010 0.0000000 0.1045960 0.1912390 0.1998287 0.1515653 0.1084653 0.1633433 0.1633433 0.1688619 0.1688619 0.3570525 0.3647469 0.4871878 0.4871878 0.2871415 0.2687662 0.2728899 0.2566570 0.2881231 0.2881706 0.2732488 0.2649161 0.2649161 0.2661149 0.2661149 0.2907907 0.2710214 0.2736075 0.2566570 0.2791335 0.2887767 0.2831922 0.2768839 0.2869067 0.2715795 0.2710152 0.2710152 0.2766241 0.2869067 0.5097543 0.2829881 0.3194427 0.3948052 0.3137684 0.3738219 0.3738083 0.3738083 0.3738219 0.2818514 0.2961875 0.2388385 0.2388385 0.3840077 0.2599062 0.5980588 0.7529777 0.6212998 0.7633133 0.7464567 0.8044056 0.8256097 0.8227378 0.8969920 0.7678727 0.8109528 0.7926949 0.6484989 0.6533730 0.6604461 0.6701909 0.6311247 0.6225852 0.6694702 0.6416422 0.6580669 0.6226778 0.6485875 0.6538818 0.6519054 0.6469826 0.6566593 0.6561019 0.6703604 0.6731796 0.6416774 0.6229756 0.6229756 0.6235002 0.5958598 0.6213222 0.6161840 0.6161840 0.6148552 0.6192087 0.6372246 0.6328875 0.5979092 0.6027019 0.6293137 
S0034_G6164_R1_A  0.1199473 0.1065149 0.1045960 0.0000000 0.1808752 0.1862986 0.1444119 0.1138355 0.2089069 0.2089069 0.2116226 0.2116226 0.4047665 0.4166659 0.4659444 0.4659444 0.3436410 0.3343529 0.3388854 0.3180632 0.3364915 0.3342830 0.3267093 0.3158483 0.3158483 0.3188455 0.3188455 0.3367389 0.3107719 0.3176019 0.3180632 0.3357842 0.3400375 0.3297759 0.3295146 0.3468585 0.3295604 0.3265049 0.3265049 0.3297410 0.3460446 0.5263281 0.3371108 0.3790197 0.4544463 0.3595428 0.4325056 0.4254886 0.4254886 0.4325056 0.3535012 0.3791633 0.3246624 0.3246624 0.4611362 0.2803985 0.6754712 0.8562214 0.6065711 0.8920043 0.8730139 0.9369491 0.9767745 0.9632141 1.0675962 0.8291701 0.8776845 0.8733733 0.7162956 0.7141210 0.7188566 0.7234681 0.6989000 0.6900094 0.7329867 0.7095378 0.7434011 0.6901101 0.6973756 0.6977279 0.6979192 0.6956317 0.7003939 0.7146645 0.7241564 0.7268430 0.6957300 0.6683569 0.6755217 0.6933642 0.6485953 0.6659549 0.6636521 0.6636521 0.6890649 0.6685218 0.7066441 0.6959048 0.6507468 0.6624236 0.6433142 
S0027_G6164_R1_A  0.1727903 0.2020955 0.1912390 0.1808752 0.0000000 0.0053961 0.1348070 0.1828266 0.2466747 0.2466747 0.2445239 0.2445239 0.3738209 0.3814445 0.5048378 0.5048378 0.3618061 0.3398376 0.3482842 0.3289074 0.3381074 0.3429204 0.3162655 0.3326246 0.3326246 0.3403931 0.3403931 0.3254807 0.3308824 0.3197293 0.3289074 0.3275945 0.3432661 0.3292327 0.3342047 0.3436622 0.3505036 0.3281913 0.3281913 0.3352314 0.3428628 0.5316606 0.3387556 0.3660070 0.4251839 0.3765116 0.4568915 0.4462805 0.4462805 0.4568915 0.3449403 0.3776727 0.3115514 0.3115514 0.4421216 0.2744640 0.6873602 0.8181903 0.6498130 0.8744709 0.8736200 0.9340121 0.9536478 0.9339168 1.0023892 0.8797854 0.9016305 0.9274485 0.6851971 0.6767335 0.7015688 0.7157002 0.6686972 0.6604003 0.7151892 0.6833766 0.7008494 0.6696274 0.6948285 0.6810030 0.6905324 0.6883326 0.6923413 0.6972329 0.7062755 0.7088886 0.7033608 0.6616991 0.6754859 0.6809604 0.6492214 0.6760285 0.6737390 0.6737390 0.6720557 0.6618576 0.6888785 0.6852729 0.6610373 0.6559321 0.6572555 
S0027_G6164_R2_A  0.1812651 0.2101589 0.1998287 0.1862986 0.0053961 0.0000000 0.1422071 0.1907803 0.2556410 0.2556410 0.2534831 0.2534831 0.3862013 0.3939487 0.5193371 0.5193371 0.3723543 0.3468350 0.3586291 0.3388926 0.3482151 0.3531367 0.3262258 0.3348972 0.3348972 0.3505888 0.3505888 0.3354102 0.3410175 0.3297441 0.3388926 0.3376037 0.3536483 0.3392297 0.3442392 0.3539048 0.3607773 0.3381483 0.3381483 0.3453846 0.3530755 0.5428917 0.3488106 0.3715794 0.4312294 0.3873044 0.4617139 0.4510289 0.4510289 0.4617139 0.3553831 0.3886562 0.3185944 0.3185944 0.4472317 0.2846093 0.6873602 0.8274433 0.6463159 0.8774809 0.8766776 0.9373298 0.9570669 0.9372339 1.0062925 0.8886474 0.9106467 0.9366770 0.7014839 0.6928201 0.7182435 0.7325316 0.6847433 0.6762504 0.7320772 0.6996051 0.7084436 0.6856304 0.7113572 0.6972282 0.7069208 0.7046484 0.7087867 0.7137630 0.7230240 0.7256484 0.7157338 0.6735729 0.6875844 0.6931370 0.6609612 0.6881421 0.6857947 0.6857947 0.6840084 0.6737351 0.7010708 0.6880989 0.6729539 0.6677798 0.6593403 
S0014_G6164_R1_A  0.1338456 0.1552749 0.1515653 0.1444119 0.1348070 0.1422071 0.0000000 0.1339857 0.2013066 0.2013066 0.2039659 0.2039659 0.3627691 0.3701765 0.4592468 0.4592468 0.3467606 0.3330593 0.3406747 0.3170033 0.3459823 0.3453211 0.3133224 0.3251937 0.3251937 0.3274928 0.3274928 0.3384927 0.3249081 0.3297423 0.3170033 0.3321256 0.3170240 0.3194937 0.3282425 0.3345681 0.3283527 0.3283214 0.3283214 0.3345856 0.3337935 0.5355995 0.3251329 0.3592436 0.4380666 0.3861766 0.4356107 0.4252303 0.4252303 0.4356107 0.3431488 0.3667571 0.2974172 0.2974172 0.4241384 0.2721166 0.6685327 0.8187530 0.6712934 0.9026464 0.8961864 0.8963365 0.9212943 0.9087107 1.0001746 0.9060348 0.8925543 0.9246039 0.7214872 0.7193214 0.7366837 0.7485104 0.7042515 0.6954165 0.7481053 0.7339242 0.7383172 0.6955169 0.7218876 0.7171050 0.7173031 0.7149547 0.7197531 0.7342149 0.7438602 0.7465292 0.7224649 0.6917572 0.6990346 0.7024698 0.6718254 0.6893980 0.6870189 0.6870189 0.6952852 0.6848469 0.7127339 0.7092764 0.6740480 0.6788085 0.7014406 
S0008_G6164_R2_A  0.0000010 0.1100599 0.1084653 0.1138355 0.1828266 0.1907803 0.1339857 0.0000000 0.2146395 0.2146395 0.2173533 0.2173533 0.4102522 0.4219876 0.4759888 0.4759888 0.3110458 0.2909350 0.2950140 0.2758294 0.3001081 0.2879985 0.2840264 0.2796408 0.2796408 0.2798905 0.2798905 0.2932001 0.2799316 0.2745752 0.2758294 0.2982304 0.2993493 0.2897067 0.2952424 0.3098150 0.2837830 0.2895210 0.2895210 0.2922220 0.3091136 0.4766910 0.2967348 0.3335249 0.4248611 0.3155872 0.4133362 0.4065701 0.4065701 0.4133362 0.2901585 0.3098817 0.2689295 0.2689295 0.4343751 0.2388313 0.6398823 0.7539730 0.5806304 0.8486294 0.8296761 0.9031931 0.9416062 0.9219566 1.0006115 0.8358080 0.8724773 0.8682256 0.6444663 0.6426177 0.6554428 0.6691524 0.6420094 0.6294404 0.6684835 0.6510543 0.6683986 0.6295271 0.6442328 0.6538319 0.6449464 0.6429304 0.6473642 0.6604230 0.6690317 0.6716338 0.6378474 0.6093720 0.6158621 0.6257536 0.6002962 0.6163389 0.6143084 0.6143084 0.6224071 0.6217943 0.6383627 0.6343694 0.6021946 0.6113809 0.6846298 
S0010_G6164_R1_A  0.1626916 0.2177980 0.1633433 0.2089069 0.2466747 0.2556410 0.2013066 0.2146395 0.0000000 0.0000010 0.0108306 0.0108306 0.3809031 0.3885226 0.4537187 0.4537187 0.3531162 0.3252573 0.3351627 0.3220650 0.3575881 0.3467719 0.3511633 0.3348037 0.3348037 0.3250603 0.3250603 0.3459244 0.3510856 0.3541394 0.3220650 0.3421711 0.3552336 0.3546094 0.3410044 0.3444662 0.3358531 0.3396685 0.3396685 0.3390277 0.3467208 0.5337624 0.3557519 0.4007635 0.4887233 0.3651246 0.4480747 0.4409647 0.4409647 0.4480747 0.3519420 0.3858208 0.2897886 0.2897886 0.4346577 0.2787593 0.6673341 0.8227175 0.6179437 0.8698209 0.8748102 0.8906256 0.9316236 0.9187070 0.9856109 0.9285394 0.9637745 0.9782896 0.6936884 0.7030209 0.7080619 0.7245912 0.6722485 0.6638459 0.7192538 0.7150859 0.6869594 0.6594827 0.6891536 0.6846864 0.6895549 0.6826752 0.6967324 0.6916415 0.7102667 0.7129014 0.7000108 0.6769358 0.6721158 0.6752945 0.6409075 0.6626895 0.6555777 0.6555777 0.6540948 0.6535457 0.6805561 0.6725151 0.6383026 0.6475947 0.5414644 
S0010_G6164_R2_A  0.1626916 0.2177980 0.1633433 0.2089069 0.2466747 0.2556410 0.2013066 0.2146395 0.0000010 0.0000000 0.0108306 0.0108306 0.3809031 0.3885226 0.4537187 0.4537187 0.3531162 0.3252573 0.3351627 0.3220650 0.3575881 0.3467719 0.3511633 0.3348037 0.3348037 0.3250603 0.3250603 0.3459244 0.3510856 0.3541394 0.3220650 0.3421711 0.3552336 0.3546094 0.3410044 0.3444662 0.3358531 0.3396685 0.3396685 0.3390277 0.3467208 0.5337624 0.3557519 0.4007635 0.4887233 0.3651246 0.4480747 0.4409647 0.4409647 0.4480747 0.3519420 0.3858208 0.2897886 0.2897886 0.4346577 0.2787593 0.6673341 0.8227175 0.6179437 0.8698209 0.8748102 0.8906256 0.9316236 0.9187070 0.9856109 0.9285394 0.9637745 0.9782896 0.6936884 0.7030209 0.7080619 0.7245912 0.6722485 0.6638459 0.7192538 0.7150859 0.6869594 0.6594827 0.6891536 0.6846864 0.6895549 0.6826752 0.6967324 0.6916415 0.7102667 0.7129014 0.7000108 0.6769358 0.6721158 0.6752945 0.6409075 0.6626895 0.6555777 0.6555777 0.6540948 0.6535457 0.6805561 0.6725151 0.6383026 0.6475947 0.5414644 
S0009_G6164_R2_A  0.1653348 0.2235751 0.1688619 0.2116226 0.2445239 0.2534831 0.2039659 0.2173533 0.0108306 0.0108306 0.0000000 0.0000010 0.3811034 0.3887280 0.4563211 0.4563211 0.3604680 0.3261306 0.3360702 0.3229275 0.3585720 0.3477162 0.3521395 0.3357092 0.3357092 0.3259325 0.3259325 0.3468568 0.3520536 0.3551180 0.3229275 0.3423162 0.3562113 0.3555763 0.3419234 0.3454045 0.3367575 0.3405871 0.3405871 0.3399570 0.3476647 0.5309958 0.3567253 0.4019065 0.4902232 0.3791369 0.4457698 0.4386610 0.4386610 0.4457698 0.3465343 0.3902815 0.2875768 0.2875768 0.4272623 0.2744629 0.6553505 0.8137482 0.6178696 0.8436256 0.8480606 0.8696268 0.9097302 0.8970627 0.9646680 0.9317569 0.9671071 0.9816743 0.7104149 0.7152139 0.7203824 0.7370952 0.6840662 0.6755111 0.7317355 0.7274663 0.6989788 0.6710950 0.7012264 0.6966474 0.7015822 0.6945868 0.7088265 0.7037191 0.7226379 0.7252832 0.7129081 0.6822622 0.6822622 0.6806044 0.6460433 0.6679476 0.6607877 0.6607877 0.6663446 0.6587345 0.6931920 0.6778222 0.6434377 0.6527739 0.5689768 
S0009_G6164_R1_A  0.1653348 0.2235751 0.1688619 0.2116226 0.2445239 0.2534831 0.2039659 0.2173533 0.0108306 0.0108306 0.0000010 0.0000000 0.3811034 0.3887280 0.4563211 0.4563211 0.3604680 0.3261306 0.3360702 0.3229275 0.3585720 0.3477162 0.3521395 0.3357092 0.3357092 0.3259325 0.3259325 0.3468568 0.3520536 0.3551180 0.3229275 0.3423162 0.3562113 0.3555763 0.3419234 0.3454045 0.3367575 0.3405871 0.3405871 0.3399570 0.3476647 0.5309958 0.3567253 0.4019065 0.4902232 0.3791369 0.4457698 0.4386610 0.4386610 0.4457698 0.3465343 0.3902815 0.2875768 0.2875768 0.4272623 0.2744629 0.6553505 0.8137482 0.6178696 0.8436256 0.8480606 0.8696268 0.9097302 0.8970627 0.9646680 0.9317569 0.9671071 0.9816743 0.7104149 0.7152139 0.7203824 0.7370952 0.6840662 0.6755111 0.7317355 0.7274663 0.6989788 0.6710950 0.7012264 0.6966474 0.7015822 0.6945868 0.7088265 0.7037191 0.7226379 0.7252832 0.7129081 0.6822622 0.6822622 0.6806044 0.6460433 0.6679476 0.6607877 0.6607877 0.6663446 0.6587345 0.6931920 0.6778222 0.6434377 0.6527739 0.5689768 
S0051_G6164_R1_A  0.3679192 0.4036871 0.3570525 0.4047665 0.3738209 0.3862013 0.3627691 0.4102522 0.3809031 0.3809031 0.3811034 0.3811034 0.0000000 0.0083226 0.5229915 0.5229915 0.3631489 0.3826231 0.3770967 0.3777070 0.3873021 0.3805136 0.3872480 0.3898610 0.3898610 0.3748890 0.3748890 0.3967339 0.3692167 0.3977952 0.3777070 0.3946423 0.4060743 0.3881441 0.3609869 0.3837279 0.3899242 0.3739514 0.3739514 0.3847183 0.3826732 0.6741965 0.3887485 0.3767359 0.4928691 0.3991550 0.4632701 0.4549734 0.4549734 0.4632701 0.3909131 0.4031231 0.4019603 0.4019603 0.4767555 0.3766878 0.7427516 0.8184738 0.6923665 0.9725603 0.9428582 1.0241602 1.0366542 1.0362058 1.1294188 0.9032849 0.9397564 0.9380483 0.6620436 0.6652894 0.6577171 0.6751392 0.6703708 0.6701667 0.6697181 0.6800861 0.6702330 0.6605800 0.6888271 0.6890783 0.7052227 0.6971279 0.6835805 0.6861349 0.7018489 0.7105851 0.6503917 0.6415621 0.6436677 0.6316785 0.6523659 0.6725683 0.6641859 0.6584249 0.6563865 0.6672504 0.6789525 0.6690473 0.6445508 0.6557159 0.7992264 
S0039_G6164_R1_A  0.3756237 0.4154609 0.3647469 0.4166659 0.3814445 0.3939487 0.3701765 0.4219876 0.3885226 0.3885226 0.3887280 0.3887280 0.0083226 0.0000000 0.5229915 0.5229915 0.3632814 0.3902855 0.3847454 0.3778461 0.3950192 0.3956521 0.3949640 0.4013144 0.4013144 0.3824815 0.3824815 0.4044997 0.3767843 0.4095085 0.3778461 0.4024181 0.4139466 0.3882878 0.3757670 0.3914164 0.3976449 0.3815202 0.3815202 0.3924334 0.3903360 0.6862214 0.3964399 0.3805162 0.5017630 0.4030900 0.4801749 0.4717323 0.4717323 0.4801749 0.3986566 0.3955694 0.4098550 0.4098550 0.4769515 0.3879931 0.7432150 0.8189527 0.6855071 0.9659239 0.9362901 1.0172251 1.0296185 1.0291979 1.1214251 0.9105797 0.9334014 0.9178170 0.6623525 0.6655997 0.6580238 0.6754570 0.6706842 0.6704799 0.6700325 0.6804086 0.6705480 0.6608859 0.6891546 0.6894042 0.7055606 0.6974597 0.6839029 0.6864597 0.7021853 0.7109264 0.6507148 0.6418822 0.6439899 0.6319907 0.6526940 0.6729100 0.6645210 0.6587561 0.6567138 0.6675866 0.6792947 0.6693873 0.6448719 0.6560454 0.7863789 
S0049_G6164_R1_A  0.4698824 0.4890652 0.4871878 0.4659444 0.5048378 0.5193371 0.4592468 0.4759888 0.4537187 0.4537187 0.4563211 0.4563211 0.5229915 0.5229915 0.0000000 0.0000010 0.3981540 0.4114663 0.4173055 0.3942512 0.3889971 0.4188147 0.3978412 0.4115121 0.4115121 0.4064486 0.4064486 0.4067168 0.3913184 0.3780527 0.3942512 0.4061746 0.4032703 0.4021932 0.3893343 0.3962500 0.4204134 0.3932407 0.3932407 0.4200630 0.3962500 0.6728279 0.4201582 0.4298253 0.5067161 0.4197967 0.4623602 0.4569746 0.4569746 0.4623602 0.3788410 0.4254750 0.4294508 0.4294508 0.5212903 0.3817426 0.7271246 0.8359740 0.4780583 0.8039616 0.7893450 0.7492170 0.7729715 0.7734886 0.8092400 0.7657598 0.7388546 0.7563947 0.6397460 0.6546699 0.6619628 0.6723140 0.6517927 0.6570285 0.6712024 0.6576300 0.6643946 0.6568595 0.6743105 0.6747979 0.6800514 0.6747979 0.6723518 0.6877069 0.7030919 0.7060325 0.6474420 0.6344090 0.6134288 0.6417118 0.6366375 0.6476136 0.6421650 0.6421650 0.6554789 0.6421650 0.6744349 0.6390867 0.6291000 0.6259674 0.8212259 
S0049_G6164_R2_A  0.4698824 0.4890652 0.4871878 0.4659444 0.5048378 0.5193371 0.4592468 0.4759888 0.4537187 0.4537187 0.4563211 0.4563211 0.5229915 0.5229915 0.0000010 0.0000000 0.3981540 0.4114663 0.4173055 0.3942512 0.3889971 0.4188147 0.3978412 0.4115121 0.4115121 0.4064486 0.4064486 0.4067168 0.3913184 0.3780527 0.3942512 0.4061746 0.4032703 0.4021932 0.3893343 0.3962500 0.4204134 0.3932407 0.3932407 0.4200630 0.3962500 0.6728279 0.4201582 0.4298253 0.5067161 0.4197967 0.4623602 0.4569746 0.4569746 0.4623602 0.3788410 0.4254750 0.4294508 0.4294508 0.5212903 0.3817426 0.7271246 0.8359740 0.4780583 0.8039616 0.7893450 0.7492170 0.7729715 0.7734886 0.8092400 0.7657598 0.7388546 0.7563947 0.6397460 0.6546699 0.6619628 0.6723140 0.6517927 0.6570285 0.6712024 0.6576300 0.6643946 0.6568595 0.6743105 0.6747979 0.6800514 0.6747979 0.6723518 0.6877069 0.7030919 0.7060325 0.6474420 0.6344090 0.6134288 0.6417118 0.6366375 0.6476136 0.6421650 0.6421650 0.6554789 0.6421650 0.6744349 0.6390867 0.6291000 0.6259674 0.8212259 
S0037_G6164_R1_A  0.2683790 0.3288886 0.2871415 0.3436410 0.3618061 0.3723543 0.3467606 0.3110458 0.3531162 0.3531162 0.3604680 0.3604680 0.3631489 0.3632814 0.3981540 0.3981540 0.0000000 0.0579836 0.0602120 0.0519579 0.0522937 0.0680291 0.0711643 0.0656750 0.0656750 0.0622000 0.0622000 0.0620149 0.0627008 0.0732641 0.0519579 0.0726634 0.0732037 0.0597517 0.0776030 0.0863065 0.0759983 0.0559159 0.0559159 0.0704969 0.0861505 0.2768967 0.0676496 0.1322140 0.1768531 0.1131442 0.1874935 0.1833898 0.1833898 0.1874935 0.1947178 0.1934056 0.2151621 0.2151621 0.3451203 0.0680989 0.4833598 0.5909316 0.5778618 0.7504716 0.7665904 0.8189196 0.8384431 0.8240839 0.9139238 0.8197415 0.8348232 0.8424995 0.4747465 0.4881609 0.4938348 0.4944305 0.4723413 0.4774067 0.5083633 0.4873257 0.4925275 0.4701702 0.4851124 0.4897995 0.4886819 0.4836252 0.4985097 0.4948792 0.4974414 0.5037333 0.4877772 0.4763962 0.4660895 0.4820499 0.4649618 0.4742295 0.4689348 0.4689348 0.4803916 0.4792952 0.4921498 0.4808050 0.4599897 0.4660452 0.7151693 
S0028_G6164_R1_A  0.2576563 0.3010597 0.2687662 0.3343529 0.3398376 0.3468350 0.3330593 0.2909350 0.3252573 0.3252573 0.3261306 0.3261306 0.3826231 0.3902855 0.4114663 0.4114663 0.0579836 0.0000000 0.0346569 0.0307713 0.0538976 0.0479845 0.0547798 0.0440628 0.0440628 0.0327963 0.0327963 0.0480726 0.0584460 0.0669646 0.0307713 0.0483138 0.0508602 0.0402487 0.0613647 0.0657456 0.0595401 0.0345401 0.0345401 0.0542794 0.0656292 0.2724457 0.0497764 0.1137514 0.1629606 0.0956369 0.1719639 0.1679174 0.1679174 0.1719639 0.1826625 0.1715705 0.1911445 0.1911445 0.3540824 0.0616330 0.4334233 0.5540036 0.5711002 0.7385525 0.7541182 0.8218430 0.8273500 0.8048972 0.8876669 0.8282065 0.8712018 0.8731657 0.5019058 0.5119499 0.5177637 0.5182564 0.5032352 0.5083213 0.5325580 0.5110272 0.5242319 0.5034750 0.5164338 0.5211137 0.5200939 0.5148349 0.5301204 0.5263973 0.5291551 0.5355570 0.5033671 0.4960265 0.4894430 0.4977371 0.4921891 0.5017119 0.4962473 0.4962473 0.5038674 0.5028557 0.5158217 0.5085428 0.4897260 0.4894765 0.7383334 
S0026_G6164_R1_A  0.2581555 0.3087807 0.2728899 0.3388854 0.3482842 0.3586291 0.3406747 0.2950140 0.3351627 0.3351627 0.3360702 0.3360702 0.3770967 0.3847454 0.4173055 0.4173055 0.0602120 0.0346569 0.0000000 0.0290474 0.0521990 0.0501236 0.0530566 0.0442639 0.0442639 0.0310670 0.0310670 0.0502162 0.0587203 0.0672843 0.0290474 0.0465985 0.0530620 0.0442248 0.0596897 0.0680314 0.0578582 0.0328201 0.0328201 0.0486753 0.0679102 0.2742721 0.0519243 0.1143078 0.1608218 0.1045594 0.1606349 0.1566034 0.1566034 0.1606349 0.1861078 0.1767156 0.2085260 0.2085260 0.3465373 0.0588348 0.4272795 0.5446924 0.5665576 0.7449578 0.7608175 0.8240321 0.8407722 0.8291927 0.8904625 0.8415674 0.8623303 0.8755659 0.5055394 0.5195087 0.5215670 0.5297737 0.5068883 0.5120072 0.5443619 0.5224306 0.5281095 0.5071317 0.5202176 0.5249244 0.5239106 0.5185954 0.5340214 0.5302647 0.5330632 0.5395171 0.5182225 0.5068447 0.4961285 0.5045166 0.4988917 0.5085339 0.5029948 0.5029948 0.5106541 0.5096612 0.5227382 0.5154692 0.4964178 0.4961632 0.7588026 
S0021_G6164_R1_A  0.2393397 0.2921373 0.2566570 0.3180632 0.3289074 0.3388926 0.3170033 0.2758294 0.3220650 0.3220650 0.3229275 0.3229275 0.3777070 0.3778461 0.3942512 0.3942512 0.0519579 0.0307713 0.0290474 0.0000000 0.0441302 0.0498722 0.0448446 0.0363803 0.0363803 0.0272018 0.0272018 0.0421933 0.0465649 0.0548046 0.0000010 0.0367755 0.0448493 0.0382283 0.0515142 0.0557493 0.0498560 0.0142316 0.0142316 0.0444393 0.0556516 0.2554574 0.0439016 0.1093598 0.1528572 0.0931714 0.1620155 0.1580025 0.1580025 0.1620155 0.1704679 0.1642655 0.1892354 0.1892354 0.3329689 0.0462910 0.4228524 0.5342301 0.5630376 0.7027612 0.7171781 0.7724441 0.7881861 0.7773765 0.8559347 0.8164961 0.8430093 0.8450169 0.4855010 0.4953153 0.5008670 0.5088971 0.4867655 0.4917885 0.5229148 0.5017863 0.5034424 0.4869936 0.4996011 0.5042369 0.5031752 0.4980783 0.5129922 0.5093570 0.5119814 0.5182581 0.5031146 0.4879753 0.4814407 0.4896116 0.4841627 0.4935302 0.4881618 0.4881618 0.4957240 0.4946918 0.5075073 0.5002277 0.4817160 0.4814726 0.7203427 
S0004_G6164_R1_A  0.2670525 0.3199064 0.2881231 0.3364915 0.3381074 0.3482151 0.3459823 0.3001081 0.3575881 0.3575881 0.3585720 0.3585720 0.3873021 0.3950192 0.3889971 0.3889971 0.0522937 0.0538976 0.0521990 0.0441302 0.0000000 0.0538953 0.0606865 0.0557032 0.0557032 0.0541553 0.0541553 0.0499744 0.0505911 0.0589406 0.0441302 0.0582920 0.0585241 0.0537386 0.0672032 0.0756488 0.0616573 0.0480176 0.0480176 0.0581615 0.0755140 0.2657229 0.0615302 0.1202171 0.1706407 0.0973592 0.1795769 0.1755035 0.1755035 0.1795769 0.1981089 0.1943073 0.2185792 0.2185792 0.3605453 0.0615960 0.4716622 0.5888190 0.5782287 0.7478452 0.7638386 0.8102807 0.8268125 0.8153985 0.8939715 0.8438065 0.8344325 0.8554913 0.4796667 0.4929538 0.5022820 0.5028337 0.4809077 0.4859053 0.5129028 0.4957862 0.4973040 0.4811315 0.4873763 0.4919727 0.4908833 0.4859099 0.5005348 0.4969682 0.4994936 0.5056708 0.4966742 0.4816059 0.4713983 0.4910763 0.4741020 0.4833182 0.4780452 0.4780452 0.4893535 0.4883045 0.5010180 0.4859666 0.4716652 0.4751942 0.7394867 
S0046_G6164_R1_A  0.2545897 0.3200206 0.2881706 0.3342830 0.3429204 0.3531367 0.3453211 0.2879985 0.3467719 0.3467719 0.3477162 0.3477162 0.3805136 0.3956521 0.4188147 0.4188147 0.0680291 0.0479845 0.0501236 0.0498722 0.0538953 0.0000000 0.0626945 0.0499376 0.0499376 0.0462880 0.0462880 0.0519148 0.0623930 0.0709853 0.0498722 0.0580239 0.0607111 0.0556882 0.0652661 0.0696993 0.0556595 0.0538028 0.0538028 0.0621186 0.0695755 0.2618756 0.0596006 0.1202758 0.1653021 0.0956197 0.1844204 0.1803359 0.1803359 0.1844204 0.1826322 0.1788286 0.2047470 0.2047470 0.3756931 0.0491814 0.4669210 0.5816419 0.5875817 0.7582652 0.7665937 0.8327199 0.8613308 0.8494438 0.9233321 0.8502390 0.8653929 0.8673987 0.4919683 0.5055733 0.5151303 0.5232408 0.5007052 0.5057686 0.5375765 0.5160072 0.5177304 0.5009426 0.5138138 0.5184750 0.5174512 0.5122309 0.5274194 0.5237195 0.5264492 0.5328153 0.5182266 0.4988695 0.4883303 0.5046012 0.4990087 0.5085949 0.5030880 0.5030880 0.5107024 0.5097154 0.5227159 0.5114436 0.4965494 0.4962963 0.7454269 
S0019_G6164_R1_A  0.2530590 0.3057912 0.2732488 0.3267093 0.3162655 0.3262258 0.3133224 0.2840264 0.3511633 0.3511633 0.3521395 0.3521395 0.3872480 0.3949640 0.3978412 0.3978412 0.0711643 0.0547798 0.0530566 0.0448446 0.0606865 0.0626945 0.0000000 0.0487850 0.0487850 0.0470295 0.0470295 0.0547075 0.0612945 0.0659196 0.0448446 0.0612523 0.0516796 0.0507032 0.0524498 0.0607320 0.0624716 0.0487987 0.0487987 0.0429538 0.0606233 0.2522456 0.0546504 0.1113159 0.1711083 0.1058233 0.1653347 0.1612409 0.1612409 0.1653347 0.1835494 0.1871838 0.1779797 0.1779797 0.3472473 0.0527056 0.4326863 0.5497738 0.6038220 0.7444513 0.7554697 0.8238595 0.8348979 0.8233102 0.9036003 0.8312717 0.8523470 0.8656427 0.5025652 0.5165759 0.5186336 0.5308901 0.5039130 0.5090619 0.5415199 0.5272776 0.5175012 0.5041562 0.5211813 0.5220219 0.5249024 0.5195446 0.5311485 0.5273766 0.5301747 0.5366594 0.5262265 0.5104961 0.4996075 0.5081210 0.5024044 0.5163426 0.5106816 0.5106816 0.5143168 0.5133254 0.5265794 0.5110910 0.4999026 0.4996432 0.7799941 
S0030_G6164_R1_A  0.2474695 0.2958983 0.2649161 0.3158483 0.3326246 0.3348972 0.3251937 0.2796408 0.3348037 0.3348037 0.3357092 0.3357092 0.3898610 0.4013144 0.4115121 0.4115121 0.0656750 0.0440628 0.0442639 0.0363803 0.0557032 0.0499376 0.0487850 0.0000000 0.0000010 0.0404682 0.0404682 0.0498747 0.0543064 0.0627957 0.0363803 0.0562114 0.0449086 0.0459752 0.0515814 0.0519541 0.0537714 0.0420820 0.0420820 0.0464223 0.0537851 0.2546603 0.0381815 0.1130410 0.1666125 0.0867912 0.1645406 0.1605180 0.1605180 0.1645406 0.1828355 0.1766107 0.1971950 0.1971950 0.3496339 0.0462753 0.4367176 0.5581795 0.6022491 0.7596946 0.7760946 0.8121630 0.8286821 0.8172740 0.8834858 0.8350883 0.8670406 0.8690127 0.5077748 0.5216707 0.5199075 0.5357547 0.5053750 0.5104513 0.5424849 0.5284311 0.5197817 0.5056155 0.5185740 0.5232431 0.5222322 0.5169710 0.5322501 0.5285289 0.5312939 0.5376891 0.5314383 0.5160254 0.5052255 0.5096276 0.5039873 0.5136462 0.5080931 0.5080931 0.5157238 0.5147525 0.5278134 0.5136351 0.5015242 0.5012679 0.7278184 
S0030_G6164_R2_A  0.2474695 0.2958983 0.2649161 0.3158483 0.3326246 0.3348972 0.3251937 0.2796408 0.3348037 0.3348037 0.3357092 0.3357092 0.3898610 0.4013144 0.4115121 0.4115121 0.0656750 0.0440628 0.0442639 0.0363803 0.0557032 0.0499376 0.0487850 0.0000010 0.0000000 0.0404682 0.0404682 0.0498747 0.0543064 0.0627957 0.0363803 0.0562114 0.0449086 0.0459752 0.0515814 0.0519541 0.0537714 0.0420820 0.0420820 0.0464223 0.0537851 0.2546603 0.0381815 0.1130410 0.1666125 0.0867912 0.1645406 0.1605180 0.1605180 0.1645406 0.1828355 0.1766107 0.1971950 0.1971950 0.3496339 0.0462753 0.4367176 0.5581795 0.6022491 0.7596946 0.7760946 0.8121630 0.8286821 0.8172740 0.8834858 0.8350883 0.8670406 0.8690127 0.5077748 0.5216707 0.5199075 0.5357547 0.5053750 0.5104513 0.5424849 0.5284311 0.5197817 0.5056155 0.5185740 0.5232431 0.5222322 0.5169710 0.5322501 0.5285289 0.5312939 0.5376891 0.5314383 0.5160254 0.5052255 0.5096276 0.5039873 0.5136462 0.5080931 0.5080931 0.5157238 0.5147525 0.5278134 0.5136351 0.5015242 0.5012679 0.7278184 
S0023_G6164_R1_A  0.2450949 0.2998912 0.2661149 0.3188455 0.3403931 0.3505888 0.3274928 0.2798905 0.3250603 0.3250603 0.3259325 0.3259325 0.3748890 0.3824815 0.4064486 0.4064486 0.0622000 0.0327963 0.0310670 0.0272018 0.0541553 0.0462880 0.0470295 0.0404682 0.0404682 0.0000000 0.0000010 0.0483010 0.0587297 0.0651459 0.0272018 0.0446834 0.0510118 0.0442381 0.0519494 0.0601450 0.0462793 0.0309622 0.0309622 0.0506342 0.0600383 0.2555041 0.0500129 0.1165217 0.1659009 0.1003525 0.1612340 0.1571876 0.1571876 0.1612340 0.1735782 0.1795053 0.1977755 0.1977755 0.3564752 0.0524506 0.4194856 0.5328112 0.5631083 0.7271010 0.7318218 0.7908508 0.8151607 0.8039504 0.8710838 0.8358198 0.8621943 0.8530613 0.4882141 0.5018319 0.5037974 0.5082243 0.4895004 0.4945778 0.5261324 0.5047164 0.5101373 0.4897323 0.5025094 0.5071931 0.5061295 0.5009603 0.5160684 0.5123862 0.5189770 0.5214104 0.5023419 0.4948408 0.4842958 0.4925808 0.4870496 0.4965532 0.4911040 0.4911040 0.4987511 0.4977180 0.5106970 0.5033570 0.4845762 0.4843285 0.7455760 
S0023_G6164_R2_A  0.2450949 0.2998912 0.2661149 0.3188455 0.3403931 0.3505888 0.3274928 0.2798905 0.3250603 0.3250603 0.3259325 0.3259325 0.3748890 0.3824815 0.4064486 0.4064486 0.0622000 0.0327963 0.0310670 0.0272018 0.0541553 0.0462880 0.0470295 0.0404682 0.0404682 0.0000010 0.0000000 0.0483010 0.0587297 0.0651459 0.0272018 0.0446834 0.0510118 0.0442381 0.0519494 0.0601450 0.0462793 0.0309622 0.0309622 0.0506342 0.0600383 0.2555041 0.0500129 0.1165217 0.1659009 0.1003525 0.1612340 0.1571876 0.1571876 0.1612340 0.1735782 0.1795053 0.1977755 0.1977755 0.3564752 0.0524506 0.4194856 0.5328112 0.5631083 0.7271010 0.7318218 0.7908508 0.8151607 0.8039504 0.8710838 0.8358198 0.8621943 0.8530613 0.4882141 0.5018319 0.5037974 0.5082243 0.4895004 0.4945778 0.5261324 0.5047164 0.5101373 0.4897323 0.5025094 0.5071931 0.5061295 0.5009603 0.5160684 0.5123862 0.5189770 0.5214104 0.5023419 0.4948408 0.4842958 0.4925808 0.4870496 0.4965532 0.4911040 0.4911040 0.4987511 0.4977180 0.5106970 0.5033570 0.4845762 0.4843285 0.7455760 
S0016_G6164_R1_A  0.2630453 0.3194498 0.2907907 0.3367389 0.3254807 0.3354102 0.3384927 0.2932001 0.3459244 0.3459244 0.3468568 0.3468568 0.3967339 0.4044997 0.4067168 0.4067168 0.0620149 0.0480726 0.0502162 0.0421933 0.0499744 0.0519148 0.0547075 0.0498747 0.0498747 0.0483010 0.0483010 0.0000000 0.0505483 0.0588899 0.0421933 0.0562698 0.0506231 0.0441207 0.0572189 0.0654388 0.0596480 0.0422597 0.0422597 0.0542084 0.0653235 0.2750109 0.0517914 0.1205201 0.1680553 0.0951869 0.1716900 0.1676488 0.1676488 0.1716900 0.1851256 0.1764414 0.2017853 0.2017853 0.3591710 0.0709191 0.4201921 0.5451770 0.5836881 0.7376969 0.7533631 0.8163983 0.8330464 0.8157267 0.9008443 0.8203712 0.8353774 0.8430637 0.4797904 0.4931616 0.5025497 0.5106057 0.4883817 0.4934197 0.5246898 0.5034660 0.5050660 0.4886113 0.5012753 0.5059236 0.5048642 0.4997424 0.5147190 0.5110688 0.5137110 0.5200111 0.5049015 0.4856633 0.4753324 0.4913548 0.4858774 0.4952907 0.4898944 0.4898944 0.4974792 0.4964501 0.5093150 0.4980400 0.4834238 0.4831788 0.7183402 
S0018_G6164_R1_A  0.2476170 0.2964602 0.2710214 0.3107719 0.3308824 0.3410175 0.3249081 0.2799316 0.3510856 0.3510856 0.3520536 0.3520536 0.3692167 0.3767843 0.3913184 0.3913184 0.0627008 0.0584460 0.0587203 0.0465649 0.0505911 0.0623930 0.0612945 0.0543064 0.0543064 0.0587297 0.0587297 0.0505483 0.0000000 0.0337683 0.0465649 0.0649529 0.0534137 0.0503705 0.0719626 0.0805945 0.0641404 0.0505136 0.0505136 0.0587465 0.0804488 0.2605911 0.0621530 0.1079893 0.1554225 0.1117437 0.1771104 0.1777748 0.1777748 0.1771104 0.1793858 0.1706692 0.1830654 0.1830654 0.3392287 0.0521975 0.4560803 0.5734995 0.5992229 0.7445879 0.7606574 0.7880799 0.7985684 0.7989118 0.8536580 0.8146168 0.8220781 0.8132465 0.5025344 0.5165425 0.5263894 0.5346650 0.5192262 0.5243945 0.5494389 0.5272424 0.5326053 0.5194789 0.5328387 0.5375800 0.5365988 0.5311570 0.5468737 0.5430480 0.5459507 0.5525029 0.5261027 0.5023750 0.4916041 0.5122154 0.5106623 0.5205546 0.5148611 0.5148611 0.5266389 0.5256905 0.5390470 0.5235391 0.5081601 0.5118945 0.6995789 
S0031_G6164_R1_A  0.2500171 0.2970011 0.2736075 0.3176019 0.3197293 0.3297441 0.3297423 0.2745752 0.3541394 0.3541394 0.3551180 0.3551180 0.3977952 0.4095085 0.3780527 0.3780527 0.0732641 0.0669646 0.0672843 0.0548046 0.0589406 0.0709853 0.0659196 0.0627957 0.0627957 0.0651459 0.0651459 0.0588899 0.0337683 0.0000000 0.0548046 0.0694734 0.0712081 0.0607719 0.0766467 0.0854462 0.0770525 0.0588488 0.0588488 0.0651702 0.0852899 0.2646294 0.0727190 0.1174013 0.1665610 0.1039261 0.1837478 0.1795823 0.1795823 0.1837478 0.1890652 0.1902843 0.2048997 0.2048997 0.3305299 0.0582725 0.4795760 0.6001464 0.5555646 0.7284672 0.7416929 0.8021933 0.8274716 0.8157935 0.8708117 0.8012106 0.7952824 0.8027395 0.5101842 0.5243264 0.5342707 0.5425710 0.5270171 0.5321955 0.5574894 0.5310896 0.5396683 0.5272746 0.5407537 0.5454973 0.5445408 0.5390411 0.5548770 0.5510236 0.5539800 0.5605672 0.5385820 0.5187737 0.5077662 0.5246473 0.5270935 0.5371823 0.5313611 0.5313611 0.5391341 0.5382298 0.5516914 0.5402872 0.5245912 0.5243169 0.7289779 
S0021_G6164_R4_A  0.2393397 0.2921373 0.2566570 0.3180632 0.3289074 0.3388926 0.3170033 0.2758294 0.3220650 0.3220650 0.3229275 0.3229275 0.3777070 0.3778461 0.3942512 0.3942512 0.0519579 0.0307713 0.0290474 0.0000010 0.0441302 0.0498722 0.0448446 0.0363803 0.0363803 0.0272018 0.0272018 0.0421933 0.0465649 0.0548046 0.0000000 0.0367755 0.0448493 0.0382283 0.0515142 0.0557493 0.0498560 0.0142316 0.0142316 0.0444393 0.0556516 0.2554574 0.0439016 0.1093598 0.1528572 0.0931714 0.1620155 0.1580025 0.1580025 0.1620155 0.1704679 0.1642655 0.1892354 0.1892354 0.3329689 0.0462910 0.4228524 0.5342301 0.5630376 0.7027612 0.7171781 0.7724441 0.7881861 0.7773765 0.8559347 0.8164961 0.8430093 0.8450169 0.4855010 0.4953153 0.5008670 0.5088971 0.4867655 0.4917885 0.5229148 0.5017863 0.5034424 0.4869936 0.4996011 0.5042369 0.5031752 0.4980783 0.5129922 0.5093570 0.5119814 0.5182581 0.5031146 0.4879753 0.4814407 0.4896116 0.4841627 0.4935302 0.4881618 0.4881618 0.4957240 0.4946918 0.5075073 0.5002277 0.4817160 0.4814726 0.7203427 
S0036_G6164_R1_A  0.2616862 0.3149240 0.2791335 0.3357842 0.3275945 0.3376037 0.3321256 0.2982304 0.3421711 0.3421711 0.3423162 0.3423162 0.3946423 0.4024181 0.4061746 0.4061746 0.0726634 0.0483138 0.0465985 0.0367755 0.0582920 0.0580239 0.0612523 0.0562114 0.0562114 0.0446834 0.0446834 0.0562698 0.0649529 0.0694734 0.0367755 0.0000000 0.0571674 0.0501742 0.0678199 0.0763527 0.0660789 0.0406308 0.0406308 0.0587055 0.0762153 0.2719319 0.0581649 0.1216259 0.1669562 0.1114710 0.1838233 0.1773347 0.1773347 0.1838233 0.1891030 0.1852787 0.2072997 0.2072997 0.3485179 0.0587009 0.4686663 0.5789788 0.5887273 0.7375465 0.7453886 0.8215296 0.8382761 0.8266959 0.8835949 0.8117430 0.8326735 0.8399918 0.4910678 0.4972460 0.5029708 0.5111245 0.4960998 0.5012078 0.5253874 0.5038966 0.5131813 0.4963367 0.5016799 0.5063837 0.5053130 0.5001271 0.5152893 0.5115937 0.5142710 0.5206490 0.5053773 0.4899195 0.4873284 0.4916567 0.4940768 0.4956441 0.4901766 0.4901766 0.4978582 0.4968172 0.5098492 0.5065523 0.4915915 0.4913386 0.7613399 
S0002_G6164_R1_A  0.2737446 0.3133436 0.2887767 0.3400375 0.3432661 0.3536483 0.3170240 0.2993493 0.3552336 0.3552336 0.3562113 0.3562113 0.4060743 0.4139466 0.4032703 0.4032703 0.0732037 0.0508602 0.0530620 0.0448493 0.0585241 0.0607111 0.0516796 0.0449086 0.0449086 0.0510118 0.0510118 0.0506231 0.0534137 0.0712081 0.0448493 0.0571674 0.0000000 0.0448799 0.0584082 0.0668181 0.0606938 0.0449212 0.0449212 0.0530782 0.0666978 0.2689381 0.0504885 0.1223466 0.1761329 0.0988884 0.1709526 0.1715942 0.1715942 0.1709526 0.1857322 0.1843437 0.1999033 0.1999033 0.3463730 0.0615871 0.4542708 0.5717651 0.6013235 0.7602493 0.7769130 0.8363759 0.8506121 0.8442972 0.9225123 0.8621302 0.8719270 0.8825068 0.4925319 0.5139452 0.5083131 0.5242087 0.4938409 0.4989567 0.5308908 0.5168812 0.5109017 0.4940770 0.5070025 0.5117180 0.5106612 0.5054263 0.5206992 0.5169775 0.5196959 0.5261106 0.5177490 0.5062996 0.4875424 0.4958957 0.4903120 0.4998997 0.4943993 0.4943993 0.5020865 0.5010597 0.5141287 0.5027175 0.4878266 0.4875759 0.7422561 
S0011_G6164_R1_A  0.2558676 0.3157444 0.2831922 0.3297759 0.3292327 0.3392297 0.3194937 0.2897067 0.3546094 0.3546094 0.3555763 0.3555763 0.3881441 0.3882878 0.4021932 0.4021932 0.0597517 0.0402487 0.0442248 0.0382283 0.0537386 0.0556882 0.0507032 0.0459752 0.0459752 0.0442381 0.0442381 0.0441207 0.0503705 0.0607719 0.0382283 0.0501742 0.0448799 0.0000000 0.0573137 0.0655487 0.0634499 0.0382875 0.0382875 0.0483120 0.0654329 0.2517556 0.0517036 0.1137607 0.1629706 0.0953357 0.1696697 0.1656259 0.1656259 0.1696697 0.1823424 0.1736990 0.1940804 0.1940804 0.3221473 0.0521940 0.4464986 0.5560454 0.5992860 0.7386507 0.7542232 0.8054625 0.8217895 0.7994583 0.8845864 0.8227762 0.8380714 0.8400802 0.4968907 0.5067894 0.5087198 0.5243658 0.4944683 0.4995037 0.5309430 0.5171531 0.5112695 0.4947010 0.5074287 0.5120695 0.5110306 0.5058760 0.5209114 0.5172479 0.5199247 0.5262382 0.5234405 0.5041756 0.4975460 0.5018442 0.4962968 0.5058106 0.5003477 0.5003477 0.5079271 0.5069350 0.5198579 0.5086276 0.4938482 0.4935977 0.7205537 
S0048_G6164_R1_A  0.2533335 0.3177007 0.2768839 0.3295146 0.3342047 0.3442392 0.3282425 0.2952424 0.3410044 0.3410044 0.3419234 0.3419234 0.3609869 0.3757670 0.3893343 0.3893343 0.0776030 0.0613647 0.0596897 0.0515142 0.0672032 0.0652661 0.0524498 0.0515814 0.0515814 0.0519494 0.0519494 0.0572189 0.0719626 0.0766467 0.0515142 0.0678199 0.0584082 0.0573137 0.0000000 0.0143032 0.0613434 0.0554359 0.0554359 0.0598209 0.0142790 0.2223981 0.0612168 0.1221745 0.1696754 0.1098219 0.1124397 0.1085478 0.1085478 0.1124397 0.1870233 0.1881518 0.1913493 0.1913493 0.3497283 0.0140490 0.4184391 0.5233794 0.5962282 0.7353508 0.7349446 0.7964495 0.8181754 0.8180974 0.8839959 0.8248380 0.8510030 0.8640649 0.4660742 0.4791492 0.4883110 0.4962970 0.4744680 0.4794636 0.5025700 0.4892815 0.4907269 0.4782952 0.4870869 0.4917077 0.4906117 0.4856137 0.5003127 0.4967280 0.4992652 0.5054745 0.4898445 0.4707951 0.4607251 0.4764117 0.4710781 0.4802718 0.4750143 0.4750143 0.4825434 0.4814707 0.4941468 0.4829027 0.4724744 0.4684029 0.7172679 
S0050_G6164_R4_A  0.2671951 0.3283522 0.2869067 0.3468585 0.3436622 0.3539048 0.3345681 0.3098150 0.3444662 0.3444662 0.3454045 0.3454045 0.3837279 0.3914164 0.3962500 0.3962500 0.0863065 0.0657456 0.0680314 0.0557493 0.0756488 0.0696993 0.0607320 0.0519541 0.0519541 0.0601450 0.0601450 0.0654388 0.0805945 0.0854462 0.0557493 0.0763527 0.0668181 0.0655487 0.0143032 0.0000000 0.0657319 0.0636426 0.0636426 0.0661952 0.0000010 0.2236101 0.0655854 0.1317837 0.1832384 0.1106456 0.1198063 0.1158709 0.1158709 0.1198063 0.1886268 0.1897754 0.1930805 0.1930805 0.3435986 0.0169488 0.4123695 0.5197172 0.6163832 0.7503367 0.7502046 0.7963984 0.8183108 0.8182315 0.8815374 0.8499235 0.8768969 0.8843370 0.4819170 0.4953687 0.5048008 0.5129044 0.4905459 0.4956030 0.5193985 0.5057267 0.5073395 0.4944715 0.5035152 0.5081793 0.5071232 0.5019689 0.5170273 0.5133574 0.5160231 0.5223537 0.5098089 0.4905158 0.4801027 0.4962109 0.4906884 0.5001701 0.4947304 0.4947304 0.5023303 0.5013160 0.5142377 0.5029573 0.4921676 0.4879834 0.7094580 
S0013_G6164_R1_A  0.2446147 0.3125064 0.2715795 0.3295604 0.3505036 0.3607773 0.3283527 0.2837830 0.3358531 0.3358531 0.3367575 0.3367575 0.3899242 0.3976449 0.4204134 0.4204134 0.0759983 0.0595401 0.0578582 0.0498560 0.0616573 0.0556595 0.0624716 0.0537714 0.0537714 0.0462793 0.0462793 0.0596480 0.0641404 0.0770525 0.0498560 0.0660789 0.0606938 0.0634499 0.0613434 0.0657319 0.0000000 0.0576574 0.0576574 0.0597442 0.0675785 0.2716354 0.0595816 0.1158861 0.1652659 0.1082663 0.1672286 0.1725179 0.1725179 0.1672286 0.1843250 0.1854302 0.1844875 0.1844875 0.3654941 0.0582462 0.4383415 0.5592991 0.5851986 0.7227012 0.7377490 0.7994153 0.8211993 0.8099496 0.8777618 0.8330212 0.8537873 0.8338232 0.4979140 0.5116690 0.5213341 0.5218113 0.5030001 0.5080841 0.5361711 0.5145620 0.5201435 0.5032397 0.5161905 0.5208687 0.5198485 0.5145931 0.5298697 0.5261487 0.5289039 0.5353025 0.5166988 0.5053435 0.4946728 0.5111106 0.5014503 0.5111014 0.5055550 0.5055550 0.5132003 0.5122182 0.5252878 0.5139786 0.4989818 0.4987263 0.7361555 
S0021_G6164_R2_A  0.2534381 0.3060354 0.2710152 0.3265049 0.3281913 0.3381483 0.3283214 0.2895210 0.3396685 0.3396685 0.3405871 0.3405871 0.3739514 0.3815202 0.3932407 0.3932407 0.0559159 0.0345401 0.0328201 0.0142316 0.0480176 0.0538028 0.0487987 0.0420820 0.0420820 0.0309622 0.0309622 0.0422597 0.0505136 0.0588488 0.0142316 0.0406308 0.0449212 0.0382875 0.0554359 0.0636426 0.0576574 0.0000000 0.0000010 0.0483558 0.0635302 0.2689792 0.0477676 0.1117219 0.1531381 0.0954231 0.1669279 0.1628987 0.1628987 0.1669279 0.1725598 0.1687578 0.1914188 0.1914188 0.3385639 0.0585219 0.4227713 0.5401640 0.5764995 0.7178992 0.7327974 0.7887100 0.8047357 0.7937050 0.8683032 0.8193510 0.8511607 0.8531520 0.4793055 0.5000777 0.4945635 0.5025879 0.4805520 0.4855757 0.5165189 0.4955047 0.4971029 0.4807767 0.4933151 0.4979567 0.4968746 0.4918130 0.5066616 0.5030413 0.5056294 0.5118904 0.4964498 0.4930344 0.4748186 0.4829476 0.4775404 0.4868487 0.4815199 0.4815199 0.4890887 0.4880328 0.5008173 0.4934862 0.4750896 0.4748495 0.7276818 
