54
S0039_G6227_R1_A 0.0000000 0.0091737 0.4002054 0.4893807 0.4826922 0.5778113 0.5114911 0.5959178 0.4807837 0.4854991 0.4901210 0.4984773 0.4897640 0.4850699 0.4774415 0.4880796 0.4933476 0.4718510 0.4907766 0.4715700 0.4770297 0.4849405 0.4822246 0.4750949 0.4505267 0.4879197 0.4757902 0.5002877 0.4810243 0.4850489 0.5144145 0.4878814 0.4859361 0.5234571 0.4902516 0.5129095 0.9852656 0.7876123 0.9774005 0.9874322 0.9792140 0.9669536 1.0016984 1.0799573 0.7034697 0.7244607 0.7293998 0.7257660 0.7166164 0.7082892 0.6925919 0.6995192 0.6994671 0.8647337 
S0051_G6227_R1_A 0.0091737 0.0000000 0.3929786 0.4820106 0.4752655 0.5653255 0.5083220 0.5858487 0.4804809 0.4795196 0.4855181 0.4910323 0.4838535 0.4770922 0.4730093 0.4821737 0.4902294 0.4659526 0.4863235 0.4657290 0.4710567 0.4749167 0.4763027 0.4699987 0.4415728 0.4820516 0.4726582 0.4915617 0.4748620 0.4790137 0.5084700 0.4819416 0.4855094 0.5132986 0.4817929 0.5027192 0.9758610 0.7785497 0.9723561 0.9819138 0.9721841 0.9598564 0.9946077 1.0697703 0.6936989 0.7144010 0.7193055 0.7177535 0.7099971 0.6984557 0.6828564 0.6897681 0.6896868 0.8664397 
S0027_G6227_R1_A 0.4002054 0.3929786 0.0000000 0.2713447 0.2676873 0.2541927 0.2289002 0.2750735 0.1718590 0.3627020 0.3580893 0.3673537 0.3648814 0.3586051 0.3609940 0.3610107 0.3833865 0.3592454 0.3676308 0.3618943 0.3526161 0.3824634 0.3584431 0.3566610 0.3741677 0.3681513 0.3739539 0.3926681 0.3592359 0.3688635 0.3690455 0.3672788 0.3456051 0.3633567 0.3636492 0.4310042 0.8110685 0.7565160 0.8710009 0.9183511 0.8543092 0.8817326 0.8877674 0.9553017 0.6693984 0.6883222 0.6923120 0.6905584 0.6761037 0.6697119 0.6658882 0.6640930 0.6673356 0.7837650 
S0009_G6227_R1_A 0.4893807 0.4820106 0.2713447 0.0000000 0.0023954 0.3002615 0.3103364 0.2981842 0.2950326 0.4213181 0.4060485 0.4100520 0.4186757 0.4050326 0.4037763 0.4233717 0.4354463 0.4251595 0.4154605 0.4118235 0.4104321 0.4473252 0.4122157 0.4100804 0.4336012 0.4091303 0.4151929 0.4647799 0.4070511 0.4225863 0.4121744 0.4131359 0.3870673 0.4166685 0.4094365 0.4750356 0.8264554 0.8211807 0.9023454 0.9184635 0.8993658 0.9238644 0.9270062 1.0011896 0.7155444 0.7527931 0.7601558 0.7539126 0.7376658 0.7246156 0.7241076 0.7166805 0.7206383 0.9214381 
S0010_G6227_R1_A 0.4826922 0.4752655 0.2676873 0.0023954 0.0000000 0.3009036 0.3133889 0.3001485 0.2969776 0.4179322 0.4026268 0.4066497 0.4152757 0.4015955 0.4017195 0.4185073 0.4321309 0.4226511 0.4120973 0.4084414 0.4070175 0.4440341 0.4088336 0.4045633 0.4350420 0.4057579 0.4118099 0.4594396 0.4104424 0.4259577 0.4087758 0.4112128 0.3825111 0.4201552 0.4079142 0.4717274 0.8205653 0.8162586 0.8743778 0.8918813 0.8693694 0.8974342 0.8959083 0.9721162 0.7182058 0.7561216 0.7608461 0.7572635 0.7407284 0.7274347 0.7269172 0.7193631 0.7233888 0.9240453 
S0034_G6227_R1_A 0.5778113 0.5653255 0.2541927 0.3002615 0.3009036 0.0000000 0.2239259 0.1493382 0.2178490 0.4172160 0.4009395 0.4207921 0.4065155 0.4020859 0.4065621 0.4180500 0.4310304 0.4244804 0.4225989 0.4148238 0.4007168 0.4309236 0.3997647 0.4023932 0.4229837 0.4212521 0.4073393 0.4542507 0.4327746 0.4309093 0.4218646 0.4148552 0.3717795 0.4173664 0.4170569 0.4624732 0.8196372 0.8665769 1.0208052 1.0614133 1.0008326 1.0336745 1.0449533 1.0711066 0.6535347 0.6813100 0.6852955 0.6798203 0.6662888 0.6483220 0.6659898 0.6594439 0.6683832 0.8877826 
S0008_G6227_R1_A 0.5114911 0.5083220 0.2289002 0.3103364 0.3133889 0.2239259 0.0000000 0.2294291 0.2045048 0.3298442 0.3288366 0.3278854 0.3312479 0.3120271 0.3207385 0.3245765 0.3267128 0.3325506 0.3264755 0.3239595 0.3194637 0.3487766 0.3213719 0.3236039 0.3411080 0.3302259 0.3283448 0.3678123 0.3429146 0.3395278 0.3331216 0.3323499 0.3042777 0.3378715 0.3092681 0.4171300 0.7134218 0.8462033 0.8946272 0.9012811 0.8857339 0.8885404 0.9200537 0.9417959 0.6305501 0.6544210 0.6585610 0.6490696 0.6470601 0.6234777 0.6351307 0.6310224 0.6316007 0.8666176 
S0015_G6227_R1_A 0.5959178 0.5858487 0.2750735 0.2981842 0.3001485 0.1493382 0.2294291 0.0000000 0.2115090 0.4205562 0.4112159 0.4251304 0.4121437 0.4061480 0.4109691 0.4214770 0.4203997 0.4280368 0.4188599 0.4141105 0.4028484 0.4438712 0.4068615 0.4182822 0.4296718 0.4240075 0.4099136 0.4631927 0.4270063 0.4272331 0.4257536 0.4203979 0.3942361 0.4532406 0.4409056 0.4917622 0.8360122 0.8404916 1.0233882 1.0590766 1.0065529 1.0351026 1.0452217 1.1068481 0.6755443 0.7104749 0.7146598 0.7065315 0.6911952 0.6671647 0.6857769 0.6860182 0.6955326 0.8918671 
S0014_G6227_R1_A 0.4807837 0.4804809 0.1718590 0.2950326 0.2969776 0.2178490 0.2045048 0.2115090 0.0000000 0.3760143 0.3722591 0.3849397 0.3775337 0.3556244 0.3677917 0.3736674 0.3904711 0.3899729 0.3805887 0.3792646 0.3680297 0.3970809 0.3660742 0.3756929 0.3957659 0.3802849 0.3794611 0.4282047 0.3764184 0.3863961 0.3764550 0.3857286 0.3527364 0.3736441 0.3695649 0.4619221 0.7424226 0.8419245 0.9244257 0.9645832 0.9222577 0.9281161 0.9646516 1.0008115 0.6449259 0.6630361 0.6672584 0.6630452 0.6528186 0.6391476 0.6434180 0.6392247 0.6396607 0.8829375 
S0018_G6227_R1_A 0.4854991 0.4795196 0.3627020 0.4213181 0.4179322 0.4172160 0.3298442 0.4205562 0.3760143 0.0000000 0.0322613 0.0710829 0.0707313 0.0648941 0.0584789 0.0553572 0.0819025 0.0604315 0.0608775 0.0571008 0.0567603 0.0858375 0.0651081 0.0742318 0.0768047 0.0618697 0.0627221 0.1044656 0.0762136 0.0747172 0.0660442 0.0576491 0.2251056 0.2108865 0.2017039 0.3494561 0.7552108 0.6407799 0.6957056 0.7233149 0.6885309 0.7099662 0.7189624 0.8020568 0.4873953 0.5045752 0.5047536 0.5035872 0.4997651 0.4954129 0.4946991 0.4952001 0.4987105 0.7918431 
S0031_G6227_R1_A 0.4901210 0.4855181 0.3580893 0.4060485 0.4026268 0.4009395 0.3288366 0.4112159 0.3722591 0.0322613 0.0000000 0.0614357 0.0603565 0.0535729 0.0505411 0.0494037 0.0747773 0.0550124 0.0521395 0.0491371 0.0464980 0.0791522 0.0568381 0.0705034 0.0708313 0.0544966 0.0579368 0.1024833 0.0673670 0.0674393 0.0578914 0.0488607 0.2196381 0.2045295 0.1981120 0.3462455 0.7508577 0.6118333 0.7215372 0.7421019 0.7000510 0.7186549 0.7282812 0.8108609 0.4762396 0.4914858 0.4916567 0.4960005 0.4868268 0.4840440 0.4819263 0.4824415 0.4828382 0.7955170 
S0037_G6227_R1_A 0.4984773 0.4910323 0.3673537 0.4100520 0.4066497 0.4207921 0.3278854 0.4251304 0.3849397 0.0710829 0.0614357 0.0000000 0.0890122 0.0795743 0.0741616 0.0711067 0.1028368 0.0753717 0.0738269 0.0733190 0.0711917 0.0993563 0.0824259 0.0864863 0.0882163 0.0775446 0.0833289 0.1209084 0.0945707 0.0941641 0.0784606 0.0691319 0.2419535 0.2178189 0.2097097 0.3537361 0.8000611 0.6313639 0.7516557 0.7511261 0.7146250 0.7347389 0.7476904 0.8291095 0.4836659 0.4951294 0.4953022 0.4996824 0.4958755 0.4930804 0.4894602 0.4899662 0.4903974 0.7636591 
S0013_G6227_R1_A 0.4897640 0.4838535 0.3648814 0.4186757 0.4152757 0.4065155 0.3312479 0.4121437 0.3775337 0.0707313 0.0603565 0.0890122 0.0000000 0.0669656 0.0616948 0.0647985 0.0916019 0.0690168 0.0619561 0.0581430 0.0591330 0.0866577 0.0662065 0.0751629 0.0785040 0.0683495 0.0690721 0.1067068 0.0667747 0.0676362 0.0710542 0.0730716 0.2314562 0.2071686 0.2068176 0.3551203 0.7456694 0.6305077 0.7560434 0.7782233 0.7421635 0.7565782 0.7701416 0.8612840 0.4895828 0.5027362 0.5012870 0.5073594 0.4996172 0.4964812 0.4954632 0.4990077 0.4964207 0.7917463 
S0046_G6227_R1_A 0.4850699 0.4770922 0.3586051 0.4050326 0.4015955 0.4020859 0.3120271 0.4061480 0.3556244 0.0648941 0.0535729 0.0795743 0.0669656 0.0000000 0.0574327 0.0544231 0.0815445 0.0587173 0.0570962 0.0533226 0.0542205 0.0777545 0.0598816 0.0747920 0.0722351 0.0573165 0.0623043 0.1056310 0.0722410 0.0707994 0.0642155 0.0632860 0.2323455 0.2130935 0.2094720 0.3507391 0.7572052 0.6258120 0.7487258 0.7688861 0.7409592 0.7650546 0.7702757 0.8327054 0.5044026 0.5202857 0.5204731 0.5214224 0.5178522 0.5148137 0.5095374 0.5100212 0.5105522 0.7798571 
S0016_G6227_R1_A 0.4774415 0.4730093 0.3609940 0.4037763 0.4017195 0.4065621 0.3207385 0.4109691 0.3677917 0.0584789 0.0505411 0.0741616 0.0616948 0.0574327 0.0000000 0.0505449 0.0813214 0.0521855 0.0473253 0.0483897 0.0477710 0.0775747 0.0568219 0.0718147 0.0685821 0.0543552 0.0591660 0.1045881 0.0663593 0.0643767 0.0553673 0.0572269 0.2140248 0.2041827 0.2032447 0.3318441 0.7421605 0.6092576 0.7137007 0.7307047 0.7044667 0.7240475 0.7367622 0.8146093 0.4667980 0.4806843 0.4808489 0.4850772 0.4799651 0.4773338 0.4737848 0.4743077 0.4746668 0.7779747 
S0030_G6227_R1_A 0.4880796 0.4821737 0.3610107 0.4233717 0.4185073 0.4180500 0.3245765 0.4214770 0.3736674 0.0553572 0.0494037 0.0711067 0.0647985 0.0544231 0.0505449 0.0000000 0.0813671 0.0558686 0.0550677 0.0499809 0.0494353 0.0779914 0.0585181 0.0663873 0.0682975 0.0546698 0.0622456 0.1014084 0.0670028 0.0663854 0.0558321 0.0596671 0.2242211 0.2103514 0.1987715 0.3508232 0.7709728 0.6496768 0.7127445 0.7339093 0.7066359 0.7283259 0.7312702 0.8131905 0.5093445 0.5229851 0.5263232 0.5309357 0.5253122 0.5207148 0.5109159 0.5159243 0.5180557 0.8157499 
S0017_G6227_R1_A 0.4933476 0.4902294 0.3833865 0.4354463 0.4321309 0.4310304 0.3267128 0.4203997 0.3904711 0.0819025 0.0747773 0.1028368 0.0916019 0.0815445 0.0813214 0.0813671 0.0000000 0.0858102 0.0790909 0.0757391 0.0751123 0.1069585 0.0853327 0.0930095 0.0965125 0.0848775 0.0828157 0.1303903 0.0970535 0.0941910 0.0907933 0.0862347 0.2385253 0.2311480 0.2163537 0.3586204 0.7870425 0.6398106 0.7446358 0.7605344 0.7493441 0.7570020 0.7696438 0.8466762 0.5198564 0.5258337 0.5260211 0.5306429 0.5329324 0.5245430 0.5207593 0.5212190 0.5217964 0.7885111 
S0011_G6227_R1_A 0.4718510 0.4659526 0.3592454 0.4251595 0.4226511 0.4244804 0.3325506 0.4280368 0.3899729 0.0604315 0.0550124 0.0753717 0.0690168 0.0587173 0.0521855 0.0558686 0.0858102 0.0000000 0.0456051 0.0459319 0.0432909 0.0803170 0.0598833 0.0726055 0.0734368 0.0499239 0.0621844 0.1105277 0.0706962 0.0713767 0.0628740 0.0647007 0.2274526 0.2067376 0.2033326 0.3487120 0.7485040 0.6205148 0.7286791 0.7511784 0.7068693 0.7293985 0.7416639 0.8164906 0.4846401 0.4946221 0.4947954 0.4991910 0.4914078 0.4925689 0.4858459 0.4849456 0.4883749 0.7930556 
S0002_G6227_R1_A 0.4907766 0.4863235 0.3676308 0.4154605 0.4120973 0.4225989 0.3264755 0.4188599 0.3805887 0.0608775 0.0521395 0.0738269 0.0619561 0.0570962 0.0473253 0.0550677 0.0790909 0.0456051 0.0000000 0.0399259 0.0417912 0.0737452 0.0550757 0.0685209 0.0675165 0.0471734 0.0587469 0.1003700 0.0689873 0.0690662 0.0619602 0.0619843 0.2172956 0.2026562 0.1972625 0.3533559 0.7486562 0.6137438 0.7182717 0.7341522 0.7022172 0.7285633 0.7326546 0.8229154 0.5006636 0.5125780 0.5127595 0.5172874 0.5133184 0.5119261 0.5051637 0.5025858 0.5061524 0.7940135 
S0019_G6227_R1_A 0.4715700 0.4657290 0.3618943 0.4118235 0.4084414 0.4148238 0.3239595 0.4141105 0.3792646 0.0571008 0.0491371 0.0733190 0.0581430 0.0533226 0.0483897 0.0499809 0.0757391 0.0459319 0.0399259 0.0000000 0.0408199 0.0704117 0.0519171 0.0572757 0.0634786 0.0363596 0.0562319 0.0982417 0.0670648 0.0685695 0.0595052 0.0550752 0.2154173 0.2012641 0.1945612 0.3442894 0.7584311 0.6320503 0.7197488 0.7413376 0.7001627 0.7233947 0.7301741 0.8098763 0.4892697 0.5037890 0.5039639 0.5083602 0.5045230 0.5016828 0.4965958 0.4970861 0.4975444 0.7743844 
S0036_G6227_R1_A 0.4770297 0.4710567 0.3526161 0.4104321 0.4070175 0.4007168 0.3194637 0.4028484 0.3680297 0.0567603 0.0464980 0.0711917 0.0591330 0.0542205 0.0477710 0.0494353 0.0751123 0.0432909 0.0417912 0.0408199 0.0000000 0.0762155 0.0521093 0.0648547 0.0647375 0.0461938 0.0579784 0.1005593 0.0610097 0.0619289 0.0592290 0.0581628 0.2188081 0.1925397 0.1932295 0.3456244 0.7595943 0.6326536 0.6970347 0.7157401 0.6889446 0.7035733 0.7124109 0.7838796 0.4892291 0.4986161 0.4987955 0.5033262 0.4993815 0.4996008 0.4912115 0.4902745 0.4900841 0.7809834 
S0021_G6227_R2_A 0.4849405 0.4749167 0.3824634 0.4473252 0.4440341 0.4309236 0.3487766 0.4438712 0.3970809 0.0858375 0.0791522 0.0993563 0.0866577 0.0777545 0.0775747 0.0779914 0.1069585 0.0803170 0.0737452 0.0704117 0.0762155 0.0000000 0.0637252 0.0755556 0.0297736 0.0780649 0.0788552 0.1277546 0.0958528 0.0916921 0.0866884 0.0838118 0.2364014 0.2114255 0.2048373 0.3598436 0.7913808 0.6474183 0.7522264 0.7789239 0.7497063 0.7602589 0.7706490 0.8599067 0.5099278 0.5202570 0.5204410 0.5250000 0.5238457 0.5237986 0.5184982 0.5191634 0.5180644 0.8194843 
S0023_G6227_R1_A 0.4822246 0.4763027 0.3584431 0.4122157 0.4088336 0.3997647 0.3213719 0.4068615 0.3660742 0.0651081 0.0568381 0.0824259 0.0662065 0.0598816 0.0568219 0.0585181 0.0853327 0.0598833 0.0550757 0.0519171 0.0521093 0.0637252 0.0000000 0.0560758 0.0558953 0.0606986 0.0552440 0.1080658 0.0731999 0.0717304 0.0681861 0.0666064 0.2191394 0.1910506 0.1838945 0.3424029 0.7579595 0.6190713 0.7275741 0.7460579 0.7097671 0.7252534 0.7331202 0.8138055 0.5020005 0.5144973 0.5146799 0.5192260 0.5161458 0.5117129 0.5065142 0.5100847 0.5075068 0.7825711 
S0026_G6227_R1_A 0.4750949 0.4699987 0.3566610 0.4100804 0.4045633 0.4023932 0.3236039 0.4182822 0.3756929 0.0742318 0.0705034 0.0864863 0.0751629 0.0747920 0.0718147 0.0663873 0.0930095 0.0726055 0.0685209 0.0572757 0.0648547 0.0755556 0.0560758 0.0000000 0.0698185 0.0694132 0.0702076 0.1150432 0.0865604 0.0854512 0.0782108 0.0765975 0.2190098 0.2002793 0.1812334 0.3447889 0.7711401 0.6255726 0.7054814 0.7310372 0.7098024 0.7198345 0.7305044 0.8045186 0.4901310 0.5009337 0.4994018 0.5031002 0.4988177 0.5002155 0.4932601 0.4953781 0.4942671 0.7296769 
S0021_G6227_R1_A 0.4505267 0.4415728 0.3741677 0.4336012 0.4350420 0.4229837 0.3411080 0.4296718 0.3957659 0.0768047 0.0708313 0.0882163 0.0785040 0.0722351 0.0685821 0.0682975 0.0965125 0.0734368 0.0675165 0.0634786 0.0647375 0.0297736 0.0558953 0.0698185 0.0000000 0.0712483 0.0713114 0.1186376 0.0882781 0.0834457 0.0800030 0.0762039 0.2283429 0.1971545 0.1936397 0.3313069 0.7405685 0.6303098 0.7443434 0.7701103 0.7403106 0.7509171 0.7616369 0.8402836 0.5096366 0.5242031 0.5260441 0.5291417 0.5211506 0.5218072 0.5180379 0.5187253 0.5191791 0.8084218 
S0020_G6227_R1_A 0.4879197 0.4820516 0.3681513 0.4091303 0.4057579 0.4212521 0.3302259 0.4240075 0.3802849 0.0618697 0.0544966 0.0775446 0.0683495 0.0573165 0.0543552 0.0546698 0.0848775 0.0499239 0.0471734 0.0363596 0.0461938 0.0780649 0.0606986 0.0694132 0.0712483 0.0000000 0.0629967 0.1024836 0.0728786 0.0706754 0.0629550 0.0633474 0.2238232 0.2120936 0.2047467 0.3612455 0.7756490 0.6454089 0.7368903 0.7558047 0.7272457 0.7482931 0.7585144 0.8318993 0.5043990 0.5162689 0.5164502 0.5209549 0.5169993 0.5140389 0.5048946 0.5053737 0.5058705 0.8124327 
S0028_G6227_R1_A 0.4757902 0.4726582 0.3739539 0.4151929 0.4118099 0.4073393 0.3283448 0.4099136 0.3794611 0.0627221 0.0579368 0.0833289 0.0690721 0.0623043 0.0591660 0.0622456 0.0828157 0.0621844 0.0587469 0.0562319 0.0579784 0.0788552 0.0552440 0.0702076 0.0713114 0.0629967 0.0000000 0.1161241 0.0780196 0.0778037 0.0671481 0.0662668 0.2236885 0.2039295 0.1990833 0.3597420 0.7572471 0.6246115 0.7383885 0.7521666 0.7224915 0.7460253 0.7472068 0.8315348 0.5053119 0.5131527 0.5133325 0.5163617 0.5119743 0.5107670 0.5098162 0.5133578 0.5108092 0.8107599 
S0012_G6227_R1_A 0.5002877 0.4915617 0.3926681 0.4647799 0.4594396 0.4542507 0.3678123 0.4631927 0.4282047 0.1044656 0.1024833 0.1209084 0.1067068 0.1056310 0.1045881 0.1014084 0.1303903 0.1105277 0.1003700 0.0982417 0.1005593 0.1277546 0.1080658 0.1150432 0.1186376 0.1024836 0.1161241 0.0000000 0.1106507 0.1098535 0.1105501 0.1074944 0.2654509 0.2542272 0.2348377 0.3723314 0.8004030 0.6810516 0.7666084 0.7774404 0.7585832 0.7633140 0.7823475 0.8488283 0.5365808 0.5396520 0.5381340 0.5462598 0.5442879 0.5457462 0.5323463 0.5344787 0.5366211 0.8293023 
S0050_G6227_R1_A 0.4810243 0.4748620 0.3592359 0.4070511 0.4104424 0.4327746 0.3429146 0.4270063 0.3764184 0.0762136 0.0673670 0.0945707 0.0667747 0.0722410 0.0663593 0.0670028 0.0970535 0.0706962 0.0689873 0.0670648 0.0610097 0.0958528 0.0731999 0.0865604 0.0882781 0.0728786 0.0780196 0.1106507 0.0000000 0.0220078 0.0815610 0.0733332 0.2305252 0.2133700 0.2048819 0.3258484 0.7448009 0.6163938 0.7152915 0.7335789 0.6970479 0.7123948 0.7272073 0.8174548 0.4879192 0.4946948 0.4948082 0.5015314 0.4996597 0.4926039 0.4914428 0.4918620 0.4939127 0.7630532 
S0048_G6227_R1_A 0.4850489 0.4790137 0.3688635 0.4225863 0.4259577 0.4309093 0.3395278 0.4272331 0.3863961 0.0747172 0.0674393 0.0941641 0.0676362 0.0707994 0.0643767 0.0663854 0.0941910 0.0713767 0.0690662 0.0685695 0.0619289 0.0916921 0.0717304 0.0854512 0.0834457 0.0706754 0.0778037 0.1098535 0.0220078 0.0000000 0.0799409 0.0740789 0.2271490 0.2147981 0.2060465 0.3302775 0.7335858 0.6052330 0.7315511 0.7530197 0.7129295 0.7291300 0.7434010 0.8209137 0.4983619 0.5078959 0.5080113 0.5152829 0.5112437 0.5041269 0.5013583 0.5034081 0.5054982 0.7512184 
S0022_G6227_R1_A 0.5144145 0.5084700 0.3690455 0.4121744 0.4087758 0.4218646 0.3331216 0.4257536 0.3764550 0.0660442 0.0578914 0.0784606 0.0710542 0.0642155 0.0553673 0.0558321 0.0907933 0.0628740 0.0619602 0.0595052 0.0592290 0.0866884 0.0681861 0.0782108 0.0800030 0.0629550 0.0671481 0.1105501 0.0815610 0.0799409 0.0000000 0.0647734 0.2291726 0.2176924 0.2077639 0.3589472 0.7861882 0.6406799 0.7214550 0.7382505 0.7041070 0.7252641 0.7343442 0.8188818 0.5156579 0.5249385 0.5251249 0.5328862 0.5287224 0.5240970 0.5219560 0.5224115 0.5215284 0.8184501 
S0004_G6227_R1_A 0.4878814 0.4819416 0.3672788 0.4131359 0.4112128 0.4148552 0.3323499 0.4203979 0.3857286 0.0576491 0.0488607 0.0691319 0.0730716 0.0632860 0.0572269 0.0596671 0.0862347 0.0647007 0.0619843 0.0550752 0.0581628 0.0838118 0.0666064 0.0765975 0.0762039 0.0633474 0.0662668 0.1074944 0.0733332 0.0740789 0.0647734 0.0000000 0.2163216 0.2030167 0.1958181 0.3501140 0.7754836 0.6281551 0.7193146 0.7361777 0.7034243 0.7185031 0.7280870 0.8026575 0.4822135 0.4932787 0.4934529 0.4978735 0.4940350 0.4927693 0.4875614 0.4880764 0.4885044 0.7901076 
S0033_G6227_R1_A 0.4859361 0.4855094 0.3456051 0.3870673 0.3825111 0.3717795 0.3042777 0.3942361 0.3527364 0.2251056 0.2196381 0.2419535 0.2314562 0.2323455 0.2140248 0.2242211 0.2385253 0.2274526 0.2172956 0.2154173 0.2188081 0.2364014 0.2191394 0.2190098 0.2283429 0.2238232 0.2236885 0.2654509 0.2305252 0.2271490 0.2291726 0.2163216 0.0000000 0.2004965 0.1656385 0.3491785 0.7798551 0.6969490 0.8389263 0.8658285 0.8492717 0.8686524 0.8801182 0.9916176 0.6178295 0.6260513 0.6303991 0.6250059 0.6329978 0.6260812 0.6144190 0.6145948 0.6120005 0.8391807 
S0035_G6227_R1_A 0.5234571 0.5132986 0.3633567 0.4166685 0.4201552 0.4173664 0.3378715 0.4532406 0.3736441 0.2108865 0.2045295 0.2178189 0.2071686 0.2130935 0.2041827 0.2103514 0.2311480 0.2067376 0.2026562 0.2012641 0.1925397 0.2114255 0.1910506 0.2002793 0.1971545 0.2120936 0.2039295 0.2542272 0.2133700 0.2147981 0.2176924 0.2030167 0.2004965 0.0000000 0.1817728 0.3689479 0.8297447 0.6875627 0.8603747 0.9014522 0.8367445 0.8538835 0.8661953 0.9268572 0.5866464 0.5939171 0.5960679 0.5974282 0.6030715 0.5934359 0.5858456 0.5916475 0.5800005 0.8813611 
S0005_G6227_R1_A 0.4902516 0.4817929 0.3636492 0.4094365 0.4079142 0.4170569 0.3092681 0.4409056 0.3695649 0.2017039 0.1981120 0.2097097 0.2068176 0.2094720 0.2032447 0.1987715 0.2163537 0.2033326 0.1972625 0.1945612 0.1932295 0.2048373 0.1838945 0.1812334 0.1936397 0.2047467 0.1990833 0.2348377 0.2048819 0.2060465 0.2077639 0.1958181 0.1656385 0.1817728 0.0000000 0.3535677 0.8368700 0.6294743 0.8305297 0.8496769 0.8036061 0.8043041 0.8264258 0.8879557 0.5840319 0.5954383 0.5996243 0.5951928 0.6046714 0.6000403 0.5842079 0.5923520 0.5879710 0.8702125 
S0006_G6227_R1_A 0.5129095 0.5027192 0.4310042 0.4750356 0.4717274 0.4624732 0.4171300 0.4917622 0.4619221 0.3494561 0.3462455 0.3537361 0.3551203 0.3507391 0.3318441 0.3508232 0.3586204 0.3487120 0.3533559 0.3442894 0.3456244 0.3598436 0.3424029 0.3447889 0.3313069 0.3612455 0.3597420 0.3723314 0.3258484 0.3302775 0.3589472 0.3501140 0.3491785 0.3689479 0.3535677 0.0000000 0.3933917 0.7598673 1.0114817 1.0709321 1.0064518 1.0099229 1.0269353 1.1085564 0.6326357 0.6489120 0.6585477 0.6521103 0.6459318 0.6331493 0.6299240 0.6303473 0.6369476 0.8261641 
S0006_G6227_R2_U 0.9852656 0.9758610 0.8110685 0.8264554 0.8205653 0.8196372 0.7134218 0.8360122 0.7424226 0.7552108 0.7508577 0.8000611 0.7456694 0.7572052 0.7421605 0.7709728 0.7870425 0.7485040 0.7486562 0.7584311 0.7595943 0.7913808 0.7579595 0.7711401 0.7405685 0.7756490 0.7572471 0.8004030 0.7448009 0.7335858 0.7861882 0.7754836 0.7798551 0.8297447 0.8368700 0.3933917 0.0000000 1.0089033 1.4504095 1.5259018 1.4635759 1.4562782 1.4892808 1.5047060 1.1429978 1.1589009 1.1583890 1.1448787 1.1434787 1.1485638 1.1248647 1.1233485 1.1265884 1.0523768 
S0003_G6227_R1_N 0.7876123 0.7785497 0.7565160 0.8211807 0.8162586 0.8665769 0.8462033 0.8404916 0.8419245 0.6407799 0.6118333 0.6313639 0.6305077 0.6258120 0.6092576 0.6496768 0.6398106 0.6205148 0.6137438 0.6320503 0.6326536 0.6474183 0.6190713 0.6255726 0.6303098 0.6454089 0.6246115 0.6810516 0.6163938 0.6052330 0.6406799 0.6281551 0.6969490 0.6875627 0.6294743 0.7598673 1.0089033 0.0000000 0.8732434 0.9592448 0.9544605 0.9674341 0.9575241 0.9995931 0.6205737 0.6324466 0.6326629 0.6398404 0.6387326 0.6330719 0.6339484 0.6292800 0.6352496 0.8710425 
S0025_G6227_R1_A 0.9774005 0.9723561 0.8710009 0.9023454 0.8743778 1.0208052 0.8946272 1.0233882 0.9244257 0.6957056 0.7215372 0.7516557 0.7560434 0.7487258 0.7137007 0.7127445 0.7446358 0.7286791 0.7182717 0.7197488 0.6970347 0.7522264 0.7275741 0.7054814 0.7443434 0.7368903 0.7383885 0.7666084 0.7152915 0.7315511 0.7214550 0.7193146 0.8389263 0.8603747 0.8305297 1.0114817 1.4504095 0.8732434 0.0000000 0.0426320 0.1075179 0.0998299 0.1213541 0.1992645 0.9961451 1.0212284 1.0354868 1.0131521 0.9933993 1.0056656 1.0174080 1.0182923 1.0305760 0.9901612 
S0029_G6227_R1_A 0.9874322 0.9819138 0.9183511 0.9184635 0.8918813 1.0614133 0.9012811 1.0590766 0.9645832 0.7233149 0.7421019 0.7511261 0.7782233 0.7688861 0.7307047 0.7339093 0.7605344 0.7511784 0.7341522 0.7413376 0.7157401 0.7789239 0.7460579 0.7310372 0.7701103 0.7558047 0.7521666 0.7774404 0.7335789 0.7530197 0.7382505 0.7361777 0.8658285 0.9014522 0.8496769 1.0709321 1.5259018 0.9592448 0.0426320 0.0000000 0.1163764 0.1026488 0.1269543 0.1927402 1.0106040 1.0386186 1.0391838 1.0310284 1.0080291 1.0200936 1.0304779 1.0313498 1.0456280 1.0228121 
S0032_G6227_R1_N 0.9792140 0.9721841 0.8543092 0.8993658 0.8693694 1.0008326 0.8857339 1.0065529 0.9222577 0.6885309 0.7000510 0.7146250 0.7421635 0.7409592 0.7044667 0.7066359 0.7493441 0.7068693 0.7022172 0.7001627 0.6889446 0.7497063 0.7097671 0.7098024 0.7403106 0.7272457 0.7224915 0.7585832 0.6970479 0.7129295 0.7041070 0.7034243 0.8492717 0.8367445 0.8036061 1.0064518 1.4635759 0.9544605 0.1075179 0.1163764 0.0000000 0.0440078 0.0324942 0.1507063 0.9851303 0.9999700 1.0035364 0.9951938 0.9771014 0.9827971 0.9867889 0.9934049 1.0007709 1.0164321 
S0032_G6227_R2_N 0.9669536 0.9598564 0.8817326 0.9238644 0.8974342 1.0336745 0.8885404 1.0351026 0.9281161 0.7099662 0.7186549 0.7347389 0.7565782 0.7650546 0.7240475 0.7283259 0.7570020 0.7293985 0.7285633 0.7233947 0.7035733 0.7602589 0.7252534 0.7198345 0.7509171 0.7482931 0.7460253 0.7633140 0.7123948 0.7291300 0.7252641 0.7185031 0.8686524 0.8538835 0.8043041 1.0099229 1.4562782 0.9674341 0.0998299 0.1026488 0.0440078 0.0000000 0.0444567 0.1365319 1.0175071 1.0357085 1.0362553 1.0308561 1.0119607 1.0177811 1.0219065 1.0286879 1.0425041 1.0311656 
S0024_G6227_R1_A 1.0016984 0.9946077 0.8877674 0.9270062 0.8959083 1.0449533 0.9200537 1.0452217 0.9646516 0.7189624 0.7282812 0.7476904 0.7701416 0.7702757 0.7367622 0.7312702 0.7696438 0.7416639 0.7326546 0.7301741 0.7124109 0.7706490 0.7331202 0.7305044 0.7616369 0.7585144 0.7472068 0.7823475 0.7272073 0.7434010 0.7343442 0.7280870 0.8801182 0.8661953 0.8264258 1.0269353 1.4892808 0.9575241 0.1213541 0.1269543 0.0324942 0.0444567 0.0000000 0.1612854 1.0035880 1.0218231 1.0255131 1.0169111 0.9979928 0.9979186 1.0080164 1.0179552 1.0226151 1.0258385 
S0001_G6227_R1_A 1.0799573 1.0697703 0.9553017 1.0011896 0.9721162 1.0711066 0.9417959 1.1068481 1.0008115 0.8020568 0.8108609 0.8291095 0.8612840 0.8327054 0.8146093 0.8131905 0.8466762 0.8164906 0.8229154 0.8098763 0.7838796 0.8599067 0.8138055 0.8045186 0.8402836 0.8318993 0.8315348 0.8488283 0.8174548 0.8209137 0.8188818 0.8026575 0.9916176 0.9268572 0.8879557 1.1085564 1.5047060 0.9995931 0.1992645 0.1927402 0.1507063 0.1365319 0.1612854 0.0000000 1.0382424 1.0459613 1.0465360 1.0535860 1.0210322 1.0333532 1.0327432 1.0398306 1.0543475 1.0913103 
S0040_G6227_R1_N 0.7034697 0.6936989 0.6693984 0.7155444 0.7182058 0.6535347 0.6305501 0.6755443 0.6449259 0.4873953 0.4762396 0.4836659 0.4895828 0.5044026 0.4667980 0.5093445 0.5198564 0.4846401 0.5006636 0.4892697 0.4892291 0.5099278 0.5020005 0.4901310 0.5096366 0.5043990 0.5053119 0.5365808 0.4879192 0.4983619 0.5156579 0.4822135 0.6178295 0.5866464 0.5840319 0.6326357 1.1429978 0.6205737 0.9961451 1.0106040 0.9851303 1.0175071 1.0035880 1.0382424 0.0000000 0.0291417 0.0315300 0.0315492 0.0220868 0.0235667 0.0275276 0.0290942 0.0283424 0.6795874 
S0044_G6227_R1_N 0.7244607 0.7144010 0.6883222 0.7527931 0.7561216 0.6813100 0.6544210 0.7104749 0.6630361 0.5045752 0.4914858 0.4951294 0.5027362 0.5202857 0.4806843 0.5229851 0.5258337 0.4946221 0.5125780 0.5037890 0.4986161 0.5202570 0.5144973 0.5009337 0.5242031 0.5162689 0.5131527 0.5396520 0.4946948 0.5078959 0.5249385 0.4932787 0.6260513 0.5939171 0.5954383 0.6489120 1.1589009 0.6324466 1.0212284 1.0386186 0.9999700 1.0357085 1.0218231 1.0459613 0.0291417 0.0000000 0.0037351 0.0112906 0.0275842 0.0275076 0.0251781 0.0267382 0.0259869 0.6983710 
S0045_G6227_R2_A 0.7293998 0.7193055 0.6923120 0.7601558 0.7608461 0.6852955 0.6585610 0.7146598 0.6672584 0.5047536 0.4916567 0.4953022 0.5012870 0.5204731 0.4808489 0.5263232 0.5260211 0.4947954 0.5127595 0.5039639 0.4987955 0.5204410 0.5146799 0.4994018 0.5260441 0.5164502 0.5133325 0.5381340 0.4948082 0.5080113 0.5251249 0.4934529 0.6303991 0.5960679 0.5996243 0.6585477 1.1583890 0.6326629 1.0354868 1.0391838 1.0035364 1.0362553 1.0255131 1.0465360 0.0315300 0.0037351 0.0000000 0.0120639 0.0284002 0.0283212 0.0275431 0.0291106 0.0275772 0.6969911 
S0045_G6227_R1_A 0.7257660 0.7177535 0.6905584 0.7539126 0.7572635 0.6798203 0.6490696 0.7065315 0.6630452 0.5035872 0.4960005 0.4996824 0.5073594 0.5214224 0.4850772 0.5309357 0.5306429 0.4991910 0.5172874 0.5083602 0.5033262 0.5250000 0.5192260 0.5031002 0.5291417 0.5209549 0.5163617 0.5462598 0.5015314 0.5152829 0.5328862 0.4978735 0.6250059 0.5974282 0.5951928 0.6521103 1.1448787 0.6398404 1.0131521 1.0310284 0.9951938 1.0308561 1.0169111 1.0535860 0.0315492 0.0112906 0.0120639 0.0000000 0.0299843 0.0299007 0.0267814 0.0283481 0.0268145 0.6893485 
S0042_G6227_R1_N 0.7166164 0.7099971 0.6761037 0.7376658 0.7407284 0.6662888 0.6470601 0.6911952 0.6528186 0.4997651 0.4868268 0.4958755 0.4996172 0.5178522 0.4799651 0.5253122 0.5329324 0.4914078 0.5133184 0.5045230 0.4993815 0.5238457 0.5161458 0.4988177 0.5211506 0.5169993 0.5119743 0.5442879 0.4996597 0.5112437 0.5287224 0.4940350 0.6329978 0.6030715 0.6046714 0.6459318 1.1434787 0.6387326 0.9933993 1.0080291 0.9771014 1.0119607 0.9979928 1.0210322 0.0220868 0.0275842 0.0284002 0.0299843 0.0000000 0.0189324 0.0283145 0.0306619 0.0291275 0.6828741 
S0038_G6227_R1_A 0.7082892 0.6984557 0.6697119 0.7246156 0.7274347 0.6483220 0.6234777 0.6671647 0.6391476 0.4954129 0.4840440 0.4930804 0.4964812 0.5148137 0.4773338 0.5207148 0.5245430 0.4925689 0.5119261 0.5016828 0.4996008 0.5237986 0.5117129 0.5002155 0.5218072 0.5140389 0.5107670 0.5457462 0.4926039 0.5041269 0.5240970 0.4927693 0.6260812 0.5934359 0.6000403 0.6331493 1.1485638 0.6330719 1.0056656 1.0200936 0.9827971 1.0177811 0.9979186 1.0333532 0.0235667 0.0275076 0.0283212 0.0299007 0.0189324 0.0000000 0.0259041 0.0282370 0.0267098 0.6899177 
S0041_G6227_R1_N 0.6925919 0.6828564 0.6658882 0.7241076 0.7269172 0.6659898 0.6351307 0.6857769 0.6434180 0.4946991 0.4819263 0.4894602 0.4954632 0.5095374 0.4737848 0.5109159 0.5207593 0.4858459 0.5051637 0.4965958 0.4912115 0.5184982 0.5065142 0.4932601 0.5180379 0.5048946 0.5098162 0.5323463 0.4914428 0.5013583 0.5219560 0.4875614 0.6144190 0.5858456 0.5842079 0.6299240 1.1248647 0.6339484 1.0174080 1.0304779 0.9867889 1.0219065 1.0080164 1.0327432 0.0275276 0.0251781 0.0275431 0.0267814 0.0283145 0.0259041 0.0000000 0.0089849 0.0097480 0.6825656 
S0043_G6227_R1_N 0.6995192 0.6897681 0.6640930 0.7166805 0.7193631 0.6594439 0.6310224 0.6860182 0.6392247 0.4952001 0.4824415 0.4899662 0.4990077 0.5100212 0.4743077 0.5159243 0.5212190 0.4849456 0.5025858 0.4970861 0.4902745 0.5191634 0.5100847 0.4953781 0.5187253 0.5053737 0.5133578 0.5344787 0.4918620 0.5034081 0.5224115 0.4880764 0.6145948 0.5916475 0.5923520 0.6303473 1.1233485 0.6292800 1.0182923 1.0313498 0.9934049 1.0286879 1.0179552 1.0398306 0.0290942 0.0267382 0.0291106 0.0283481 0.0306619 0.0282370 0.0089849 0.0000000 0.0097505 0.6757692 
S0047_G6227_R1_N 0.6994671 0.6896868 0.6673356 0.7206383 0.7233888 0.6683832 0.6316007 0.6955326 0.6396607 0.4987105 0.4828382 0.4903974 0.4964207 0.5105522 0.4746668 0.5180557 0.5217964 0.4883749 0.5061524 0.4975444 0.4900841 0.5180644 0.5075068 0.4942671 0.5191791 0.5058705 0.5108092 0.5366211 0.4939127 0.5054982 0.5215284 0.4885044 0.6120005 0.5800005 0.5879710 0.6369476 1.1265884 0.6352496 1.0305760 1.0456280 1.0007709 1.0425041 1.0226151 1.0543475 0.0283424 0.0259869 0.0275772 0.0268145 0.0291275 0.0267098 0.0097480 0.0097505 0.0000000 0.6771196 
S0049_G6227_R1_A 0.8647337 0.8664397 0.7837650 0.9214381 0.9240453 0.8877826 0.8666176 0.8918671 0.8829375 0.7918431 0.7955170 0.7636591 0.7917463 0.7798571 0.7779747 0.8157499 0.7885111 0.7930556 0.7940135 0.7743844 0.7809834 0.8194843 0.7825711 0.7296769 0.8084218 0.8124327 0.8107599 0.8293023 0.7630532 0.7512184 0.8184501 0.7901076 0.8391807 0.8813611 0.8702125 0.8261641 1.0523768 0.8710425 0.9901612 1.0228121 1.0164321 1.0311656 1.0258385 1.0913103 0.6795874 0.6983710 0.6969911 0.6893485 0.6828741 0.6899177 0.6825656 0.6757692 0.6771196 0.0000000 
