59
S0015_G6226_R1_A 0.0000000 0.0582818 0.0643600 0.0921080 0.1314171 0.1314171 0.0943404 0.1347573 0.1413209 0.1269476 0.1214211 0.1342196 0.1350111 0.1213706 0.1235465 0.1325880 0.1183630 0.1429879 0.1328144 0.1265101 0.1511175 0.1365103 0.1394168 0.1359915 0.1313989 0.1311991 0.1335492 0.1381671 0.1446795 0.1429375 0.1482000 0.1494067 0.1311991 0.1335492 0.1147389 0.1147389 0.1211278 0.1120546 0.2979263 0.2979263 0.4624790 0.3352791 0.4034088 0.3970631 0.4185592 0.4241861 0.4363310 0.4231316 0.2086170 0.2193336 0.4508870 0.4550674 0.4575344 0.4472762 0.4616777 0.4377301 0.4508870 0.4355308 0.4530626 
S0034_G6226_R1_A 0.0582818 0.0000000 0.0753387 0.1110872 0.1463948 0.1463948 0.1163687 0.1600075 0.1669539 0.1478971 0.1422206 0.1556598 0.1566202 0.1357327 0.1311658 0.1542125 0.1455073 0.1652259 0.1474658 0.1473529 0.1734423 0.1584524 0.1614316 0.1577925 0.1527656 0.1525189 0.1548465 0.1599276 0.1667525 0.1651488 0.1592117 0.1755707 0.1525189 0.1548465 0.1353437 0.1353437 0.1285474 0.1380588 0.3019951 0.3019951 0.4907240 0.3341361 0.4425227 0.4354588 0.4584926 0.4538585 0.4687595 0.4645978 0.2052959 0.2197330 0.4781572 0.4823937 0.4795753 0.4742839 0.4781742 0.4642637 0.4781572 0.4621095 0.4820066 
S0008_G6226_R1_A 0.0643600 0.0753387 0.0000000 0.0552889 0.1072962 0.1072962 0.0544370 0.1151976 0.1215104 0.1178563 0.1160003 0.1187601 0.1257027 0.1062261 0.1110565 0.1199640 0.1122370 0.1301070 0.1140588 0.1185899 0.1285269 0.1237422 0.1266298 0.1232945 0.1191017 0.1232882 0.1288856 0.1251681 0.1315365 0.1233695 0.1256413 0.1398302 0.1232882 0.1288856 0.1039933 0.1039933 0.0911653 0.0910696 0.2673171 0.2673171 0.4313962 0.2989893 0.4041712 0.3978136 0.4193282 0.4145385 0.4258907 0.4133122 0.2043412 0.2075192 0.4114763 0.4156258 0.4180936 0.4134992 0.4222859 0.3995963 0.4114763 0.3969507 0.4305715 
S0027_G6226_R1_A 0.0921080 0.1110872 0.0552889 0.0000000 0.1118885 0.1118885 0.0609843 0.1226500 0.1292790 0.1333758 0.1380877 0.1311595 0.1418143 0.1212669 0.1261534 0.1358773 0.1275605 0.1466120 0.1292880 0.1342425 0.1377649 0.1399380 0.1359071 0.1393859 0.1280131 0.1427436 0.1451509 0.1314773 0.1446341 0.1394824 0.1351911 0.1600133 0.1427436 0.1451509 0.1314552 0.1314552 0.1231898 0.1169177 0.2446660 0.2446660 0.4949222 0.3584538 0.4077961 0.4012299 0.4309461 0.4425440 0.4467696 0.4360697 0.1968053 0.2006777 0.4378392 0.4420550 0.4445463 0.4397941 0.4542160 0.4302543 0.4378392 0.4280102 0.4578116 
S0009_G6226_R1_A 0.1314171 0.1463948 0.1072962 0.1118885 0.0000000 0.0000010 0.1047720 0.1246654 0.1310914 0.1939072 0.2034503 0.1919189 0.2079233 0.1874697 0.1811898 0.2016008 0.1840319 0.2094351 0.1923091 0.1916026 0.1952993 0.1950780 0.2016696 0.1866714 0.1998281 0.2012973 0.1883933 0.1856059 0.2000648 0.1959339 0.1857661 0.2030001 0.2012973 0.1883933 0.1812571 0.1812571 0.1908775 0.1699592 0.3033399 0.3033399 0.5030930 0.3572520 0.4409334 0.4339415 0.4593420 0.4657194 0.4762803 0.4641481 0.2502278 0.2615532 0.4623164 0.4587546 0.4689721 0.4641738 0.4653776 0.4543831 0.4623164 0.4467334 0.4700672 
S0010_G6226_R1_A 0.1314171 0.1463948 0.1072962 0.1118885 0.0000010 0.0000000 0.1047720 0.1246654 0.1310914 0.1939072 0.2034503 0.1919189 0.2079233 0.1874697 0.1811898 0.2016008 0.1840319 0.2094351 0.1923091 0.1916026 0.1952993 0.1950780 0.2016696 0.1866714 0.1998281 0.2012973 0.1883933 0.1856059 0.2000648 0.1959339 0.1857661 0.2030001 0.2012973 0.1883933 0.1812571 0.1812571 0.1908775 0.1699592 0.3033399 0.3033399 0.5030930 0.3572520 0.4409334 0.4339415 0.4593420 0.4657194 0.4762803 0.4641481 0.2502278 0.2615532 0.4623164 0.4587546 0.4689721 0.4641738 0.4653776 0.4543831 0.4623164 0.4467334 0.4700672 
S0014_G6226_R1_A 0.0943404 0.1163687 0.0544370 0.0609843 0.1047720 0.1047720 0.0000000 0.1278862 0.1345279 0.1293430 0.1339651 0.1303685 0.1376372 0.1173446 0.1222231 0.1317428 0.1272561 0.1353442 0.1253269 0.1301755 0.1405294 0.1357346 0.1317703 0.1352099 0.1307550 0.1385315 0.1409389 0.1254996 0.1382797 0.1338130 0.1310844 0.1474526 0.1385315 0.1409389 0.1224314 0.1224314 0.1291611 0.1180463 0.2890533 0.2890533 0.5030150 0.3503168 0.4077538 0.4012374 0.4307429 0.4366663 0.4370981 0.4358256 0.2264931 0.2351182 0.4334579 0.4581600 0.4606562 0.4558352 0.4705516 0.4460498 0.4334579 0.4383298 0.4531072 
S0039_G6226_R1_A 0.1347573 0.1600075 0.1151976 0.1226500 0.1246654 0.1246654 0.1278862 0.0000000 0.0045078 0.2184836 0.2209166 0.2205110 0.2181367 0.2045796 0.2092651 0.2233339 0.2044827 0.2278155 0.2129113 0.2201282 0.2252088 0.2288143 0.2234175 0.2197728 0.1977345 0.2315621 0.2259952 0.2059344 0.2211751 0.2278207 0.2219994 0.2408395 0.2315621 0.2259952 0.2081356 0.2081356 0.1923020 0.1804866 0.3200546 0.3200546 0.5234606 0.3438452 0.4579871 0.4449018 0.4686437 0.4753324 0.4688748 0.4696593 0.3024638 0.2970559 0.4681727 0.4724113 0.4749116 0.4810476 0.4898752 0.4600469 0.4681727 0.4522919 0.4760334 
S0051_G6226_R1_A 0.1413209 0.1669539 0.1215104 0.1292790 0.1310914 0.1310914 0.1345279 0.0045078 0.0000000 0.2264953 0.2290331 0.2286117 0.2262685 0.2124976 0.2171252 0.2315666 0.2123991 0.2361197 0.2208005 0.2282120 0.2333793 0.2371604 0.2316548 0.2279759 0.2056062 0.2398760 0.2341998 0.2137862 0.2291832 0.2361135 0.2301702 0.2412647 0.2398760 0.2341998 0.2158151 0.2158151 0.1997821 0.1876518 0.3298072 0.3298072 0.5225424 0.3445182 0.4619998 0.4488530 0.4726792 0.4794294 0.4731933 0.4622803 0.3117484 0.3053334 0.4564009 0.4606277 0.4631224 0.4691756 0.4778731 0.4484865 0.4564009 0.4407711 0.4642152 
S0011_G6226_R1_A 0.1269476 0.1478971 0.1178563 0.1333758 0.1939072 0.1939072 0.1293430 0.2184836 0.2264953 0.0000000 0.0207208 0.0136177 0.0136744 0.0159639 0.0136509 0.0207758 0.0231867 0.0256258 0.0206451 0.0182669 0.0376211 0.0256258 0.0279874 0.0255781 0.0229927 0.0283154 0.0306104 0.0304792 0.0353703 0.0280705 0.0255231 0.0353045 0.0283154 0.0306104 0.0624816 0.0624816 0.0985136 0.0765159 0.2531387 0.2531387 0.4341153 0.3416396 0.4289268 0.4171288 0.4394351 0.4454597 0.4651492 0.4349187 0.2027234 0.2061432 0.4043195 0.4278126 0.4302846 0.4256276 0.4291656 0.4163802 0.4043195 0.4088134 0.4127791 
S0046_G6226_R1_A 0.1214211 0.1422206 0.1160003 0.1380877 0.2034503 0.2034503 0.1339651 0.2209166 0.2290331 0.0207208 0.0000000 0.0256171 0.0257292 0.0280842 0.0256825 0.0331771 0.0357066 0.0382755 0.0329571 0.0279325 0.0456214 0.0382755 0.0407118 0.0381960 0.0329344 0.0412029 0.0435283 0.0433373 0.0433507 0.0408343 0.0381125 0.0483402 0.0412029 0.0435283 0.0715706 0.0715706 0.1087477 0.0802458 0.2453315 0.2453315 0.4374194 0.3274753 0.4182219 0.4064941 0.4287602 0.4346798 0.4479867 0.4304499 0.2023920 0.2058400 0.3850853 0.4082974 0.4108159 0.4008152 0.4042291 0.3917964 0.3850853 0.3894241 0.3881363 
S0036_G6226_R1_U 0.1342196 0.1556598 0.1187601 0.1311595 0.1919189 0.1919189 0.1303685 0.2205110 0.2286117 0.0136177 0.0256171 0.0000000 0.0136112 0.0160588 0.0184090 0.0209014 0.0233277 0.0257826 0.0207689 0.0183759 0.0378555 0.0257826 0.0281591 0.0233386 0.0182103 0.0334257 0.0357357 0.0306676 0.0355910 0.0282432 0.0256786 0.0306187 0.0334257 0.0357357 0.0683209 0.0683209 0.0992190 0.0826420 0.2443821 0.2443821 0.4393998 0.3546580 0.4267133 0.4150073 0.4320811 0.4379633 0.4625150 0.4326151 0.2100499 0.2127646 0.3955515 0.4186180 0.4210796 0.4164828 0.4199370 0.4074217 0.3955515 0.3999188 0.4038412 
S0020_G6226_R1_A 0.1350111 0.1566202 0.1257027 0.1418143 0.2079233 0.2079233 0.1376372 0.2181367 0.2262685 0.0136744 0.0257292 0.0136112 0.0000000 0.0208487 0.0184881 0.0257997 0.0282718 0.0283655 0.0256330 0.0231945 0.0380266 0.0307764 0.0331817 0.0307162 0.0182874 0.0335772 0.0358979 0.0357417 0.0407438 0.0332813 0.0306493 0.0406667 0.0335772 0.0358979 0.0741687 0.0741687 0.1055647 0.0887553 0.2501579 0.2501579 0.4485338 0.3386928 0.4304876 0.4186441 0.4410231 0.4470805 0.4669386 0.4209684 0.2027234 0.2061432 0.4038412 0.4273036 0.4297744 0.4251219 0.4286552 0.4158874 0.4038412 0.4083269 0.4122885 
S0023_G6226_R1_A 0.1213706 0.1357327 0.1062261 0.1212669 0.1874697 0.1874697 0.1173446 0.2045796 0.2124976 0.0159639 0.0280842 0.0160588 0.0208487 0.0000000 0.0114152 0.0185333 0.0209443 0.0233818 0.0137381 0.0160406 0.0304605 0.0233818 0.0257501 0.0233386 0.0231738 0.0260534 0.0283621 0.0282401 0.0331383 0.0258270 0.0256553 0.0330764 0.0260534 0.0283621 0.0575434 0.0575434 0.0878209 0.0715106 0.2397869 0.2397869 0.4410849 0.3498093 0.4266296 0.4148104 0.4371755 0.4431958 0.4627939 0.4325881 0.1973806 0.2013457 0.4157108 0.4397646 0.4422522 0.4375156 0.4411626 0.4280240 0.4157108 0.4203709 0.4243946 
S0028_G6226_R1_A 0.1235465 0.1311658 0.1110565 0.1261534 0.1811898 0.1811898 0.1222231 0.2092651 0.2171252 0.0136509 0.0256825 0.0184090 0.0184881 0.0114152 0.0000000 0.0209157 0.0233438 0.0258003 0.0112933 0.0183883 0.0354058 0.0258003 0.0281785 0.0257519 0.0279788 0.0185789 0.0208592 0.0306888 0.0356157 0.0282627 0.0280740 0.0355490 0.0185789 0.0208592 0.0596957 0.0596957 0.0898185 0.0706265 0.2356562 0.2356562 0.4090746 0.3337744 0.4192830 0.4077421 0.4296445 0.4354736 0.4541553 0.4249612 0.1844825 0.1895420 0.3904068 0.4133071 0.4157715 0.4111937 0.4146110 0.4022092 0.3904068 0.3947159 0.3986277 
S0022_G6226_R1_A 0.1325880 0.1542125 0.1199640 0.1358773 0.2016008 0.2016008 0.1317428 0.2233339 0.2315666 0.0207758 0.0331771 0.0209014 0.0257997 0.0185333 0.0209157 0.0000000 0.0160226 0.0183960 0.0233060 0.0208770 0.0356586 0.0160578 0.0207197 0.0159357 0.0305950 0.0361869 0.0385139 0.0333656 0.0383567 0.0309096 0.0283502 0.0278779 0.0361869 0.0385139 0.0689213 0.0689213 0.1001489 0.0833952 0.2508789 0.2508789 0.4521327 0.3758127 0.4391773 0.4345993 0.4499440 0.4562382 0.4714336 0.4455749 0.2108888 0.2135339 0.4213163 0.4455657 0.4480541 0.4432922 0.4469823 0.4337118 0.4213163 0.4260418 0.4300805 
S0031_G6226_R1_A 0.1183630 0.1455073 0.1122370 0.1275605 0.1840319 0.1840319 0.1272561 0.2044827 0.2123991 0.0231867 0.0357066 0.0233277 0.0282718 0.0209443 0.0233438 0.0160226 0.0000000 0.0207875 0.0257511 0.0233006 0.0432192 0.0207875 0.0231239 0.0160518 0.0330957 0.0387766 0.0411084 0.0334121 0.0384104 0.0334387 0.0357973 0.0303346 0.0387766 0.0411084 0.0745594 0.0745594 0.1061499 0.0855095 0.2632637 0.2632637 0.4421322 0.3617668 0.4451727 0.4405317 0.4559984 0.4623976 0.4839686 0.4517573 0.2231495 0.2246238 0.4220418 0.4463364 0.4488271 0.4440587 0.4477564 0.4344584 0.4220418 0.4267787 0.4308236 
S0004_G6226_R1_A 0.1429879 0.1652259 0.1301070 0.1466120 0.2094351 0.2094351 0.1353442 0.2278155 0.2361197 0.0256258 0.0382755 0.0257826 0.0283655 0.0233818 0.0258003 0.0183960 0.0207875 0.0000000 0.0282266 0.0257526 0.0458503 0.0232057 0.0255561 0.0231634 0.0356329 0.0414100 0.0437480 0.0358735 0.0408976 0.0360054 0.0383740 0.0328249 0.0414100 0.0437480 0.0775703 0.0775703 0.1094566 0.0924013 0.2730130 0.2730130 0.4724732 0.3817751 0.4518089 0.4598855 0.4757789 0.4825351 0.5060467 0.4587832 0.2035214 0.2234299 0.4280525 0.4525889 0.4550845 0.4502834 0.4540297 0.4405749 0.4280525 0.4328664 0.4369325 
S0026_G6226_R1_A 0.1328144 0.1474658 0.1140588 0.1292880 0.1923091 0.1923091 0.1253269 0.2129113 0.2208005 0.0206451 0.0329571 0.0207689 0.0256330 0.0137381 0.0112933 0.0233060 0.0257511 0.0282266 0.0000000 0.0207452 0.0378708 0.0282266 0.0306134 0.0281726 0.0303947 0.0257606 0.0280436 0.0331431 0.0380968 0.0307050 0.0330392 0.0380252 0.0257606 0.0280436 0.0623560 0.0623560 0.0926213 0.0705982 0.2393746 0.2393746 0.4105697 0.3438475 0.4242096 0.4125776 0.4346120 0.4405208 0.4652630 0.4300268 0.1918479 0.1962293 0.4066843 0.4197686 0.4222325 0.4176273 0.4314812 0.4187115 0.4066843 0.4111805 0.4151296 
S0030_G6226_R1_A 0.1265101 0.1473529 0.1185899 0.1342425 0.1916026 0.1916026 0.1301755 0.2201282 0.2282120 0.0182669 0.0279325 0.0183759 0.0231945 0.0160406 0.0183883 0.0208770 0.0233006 0.0257526 0.0207452 0.0000000 0.0329059 0.0257526 0.0281263 0.0257044 0.0255224 0.0333860 0.0356933 0.0306316 0.0355490 0.0257792 0.0305363 0.0354825 0.0333860 0.0356933 0.0682334 0.0682334 0.0990861 0.0825333 0.2471953 0.2471953 0.4275000 0.3491153 0.4431685 0.4310427 0.4538530 0.4536114 0.4741279 0.4430572 0.2104008 0.2197533 0.4132703 0.4371927 0.4396762 0.4295117 0.4276424 0.4201561 0.4132703 0.4178924 0.4165346 
S0012_G6226_R1_A 0.1511175 0.1734423 0.1285269 0.1377649 0.1952993 0.1952993 0.1405294 0.2252088 0.2333793 0.0376211 0.0456214 0.0378555 0.0380266 0.0304605 0.0354058 0.0356586 0.0432192 0.0458503 0.0378708 0.0329059 0.0000000 0.0458503 0.0483133 0.0457499 0.0429195 0.0514721 0.0537958 0.0457979 0.0509122 0.0407556 0.0429897 0.0560743 0.0514721 0.0537958 0.0856741 0.0856741 0.1144126 0.0857196 0.2527423 0.2527423 0.4461731 0.3545788 0.4336901 0.4217205 0.4443106 0.4504563 0.4707333 0.4289589 0.2054270 0.2086214 0.4435489 0.4685385 0.4710336 0.4661787 0.4643527 0.4562587 0.4435489 0.4485227 0.4526200 
S0016_G6226_R1_A 0.1365103 0.1584524 0.1237422 0.1399380 0.1950780 0.1950780 0.1357346 0.2288143 0.2371604 0.0256258 0.0382755 0.0257826 0.0307764 0.0233818 0.0258003 0.0160578 0.0207875 0.0232057 0.0282266 0.0257526 0.0458503 0.0000000 0.0255561 0.0160582 0.0356329 0.0362582 0.0385910 0.0384975 0.0435683 0.0309685 0.0383740 0.0328249 0.0362582 0.0385910 0.0719832 0.0719832 0.1035494 0.0866304 0.2534555 0.2534555 0.4359922 0.3618559 0.4354622 0.4309063 0.4462324 0.4524854 0.4732084 0.4328179 0.2119554 0.2145072 0.4355633 0.4603896 0.4628904 0.4580503 0.4492764 0.4482127 0.4355633 0.4404698 0.4445624 
S0037_G6226_R1_A 0.1394168 0.1614316 0.1266298 0.1359071 0.2016696 0.2016696 0.1317703 0.2234175 0.2316548 0.0279874 0.0407118 0.0281591 0.0331817 0.0257501 0.0281785 0.0207197 0.0231239 0.0255561 0.0306134 0.0281263 0.0483133 0.0255561 0.0000000 0.0255087 0.0380499 0.0438946 0.0437280 0.0409495 0.0460377 0.0384493 0.0408176 0.0352080 0.0438946 0.0437280 0.0802296 0.0802296 0.0995840 0.0893300 0.2464275 0.2464275 0.4525835 0.3719007 0.4320803 0.4275803 0.4380171 0.4441142 0.4640110 0.4333969 0.2123047 0.2148244 0.4141252 0.4380904 0.4405749 0.4358512 0.4394825 0.4263973 0.4141252 0.4187601 0.4227733 
S0018_G6226_R1_A 0.1359915 0.1577925 0.1232945 0.1393859 0.1866714 0.1866714 0.1352099 0.2197728 0.2279759 0.0255781 0.0381960 0.0233386 0.0307162 0.0233386 0.0257519 0.0159357 0.0160518 0.0231634 0.0281726 0.0257044 0.0457499 0.0160582 0.0255087 0.0000000 0.0355607 0.0361822 0.0385093 0.0384172 0.0434730 0.0359316 0.0382942 0.0303486 0.0361822 0.0385093 0.0690535 0.0690535 0.1061928 0.0892752 0.2633108 0.2633108 0.4529191 0.3714441 0.4451737 0.4405322 0.4456503 0.4518404 0.4839750 0.4463771 0.2194132 0.2212347 0.4048314 0.4285460 0.4310384 0.4263400 0.4177765 0.4170048 0.4048314 0.4093719 0.4133729 
S0019_G6226_R1_A 0.1313989 0.1527656 0.1191017 0.1280131 0.1998281 0.1998281 0.1307550 0.1977345 0.2056062 0.0229927 0.0329344 0.0182103 0.0182874 0.0231738 0.0279788 0.0305950 0.0330957 0.0356329 0.0303947 0.0255224 0.0429195 0.0356329 0.0380499 0.0355607 0.0000000 0.0435585 0.0458736 0.0406430 0.0456872 0.0381639 0.0354834 0.0405784 0.0435585 0.0458736 0.0739858 0.0739858 0.1052832 0.0828613 0.2405827 0.2405827 0.4570085 0.3605225 0.4439371 0.4318937 0.4545452 0.4607999 0.4818069 0.4394526 0.2103931 0.2130774 0.3918312 0.4148173 0.4172847 0.4025085 0.4058719 0.3936295 0.3918312 0.3961641 0.3900373 
S0021_G6226_R1_A 0.1311991 0.1525189 0.1232882 0.1427436 0.2012973 0.2012973 0.1385315 0.2315621 0.2398760 0.0283154 0.0412029 0.0334257 0.0335772 0.0260534 0.0185789 0.0361869 0.0387766 0.0414100 0.0257606 0.0333860 0.0514721 0.0362582 0.0438946 0.0361822 0.0435585 0.0000000 0.0160589 0.0465867 0.0517980 0.0440289 0.0464328 0.0516969 0.0000010 0.0160589 0.0720680 0.0720680 0.1036412 0.0835506 0.2593164 0.2593164 0.4464701 0.3640736 0.4603431 0.4478092 0.4712594 0.4720705 0.4944220 0.4633071 0.2116478 0.2250033 0.4328446 0.4576333 0.4601384 0.4553009 0.4573616 0.4454837 0.4328446 0.4377318 0.4525655 
S0021_G6226_R2_U 0.1335492 0.1548465 0.1288856 0.1451509 0.1883933 0.1883933 0.1409389 0.2259952 0.2341998 0.0306104 0.0435283 0.0357357 0.0358979 0.0283621 0.0208592 0.0385139 0.0411084 0.0437480 0.0280436 0.0356933 0.0537958 0.0385910 0.0437280 0.0385093 0.0458736 0.0160589 0.0000000 0.0437876 0.0489419 0.0463690 0.0487642 0.0540314 0.0160589 0.0000010 0.0744501 0.0744501 0.1031841 0.0859269 0.2359682 0.2359682 0.4556113 0.3735246 0.4585858 0.4461362 0.4567727 0.4631253 0.4845513 0.4525884 0.2078311 0.2212510 0.4245868 0.4413134 0.4514859 0.4467033 0.4487172 0.4370544 0.4245868 0.4293597 0.4440217 
S0050_G6226_R1_A 0.1381671 0.1599276 0.1251681 0.1314773 0.1856059 0.1856059 0.1254996 0.2059344 0.2137862 0.0304792 0.0433373 0.0306676 0.0357417 0.0282401 0.0306888 0.0333656 0.0334121 0.0358735 0.0331431 0.0306316 0.0457979 0.0384975 0.0409495 0.0384172 0.0406430 0.0465867 0.0437876 0.0000000 0.0089687 0.0306316 0.0384088 0.0486307 0.0465867 0.0437876 0.0770302 0.0770302 0.1070288 0.0888281 0.2329834 0.2329834 0.4449468 0.3499791 0.4166751 0.4051230 0.4270699 0.4328872 0.4420646 0.4223105 0.2089964 0.2219040 0.3933242 0.4162120 0.4186635 0.4140961 0.4175183 0.4051104 0.3933242 0.3976455 0.4015459 
S0048_G6226_R1_A 0.1446795 0.1667525 0.1315365 0.1446341 0.2000648 0.2000648 0.1382797 0.2211751 0.2291832 0.0353703 0.0433507 0.0355910 0.0407438 0.0331383 0.0356157 0.0383567 0.0384104 0.0408976 0.0380968 0.0355490 0.0509122 0.0435683 0.0460377 0.0434730 0.0456872 0.0517980 0.0489419 0.0089687 0.0000000 0.0355490 0.0485633 0.0538094 0.0517980 0.0489419 0.0770631 0.0770631 0.1128934 0.0946187 0.2331945 0.2331945 0.4561403 0.3503535 0.4171272 0.4055626 0.4275283 0.4333542 0.4425675 0.4279513 0.2093512 0.2222580 0.4037078 0.4269307 0.4293777 0.4247716 0.4282680 0.4156319 0.4037078 0.4081469 0.4120686 
S0013_G6226_R1_A 0.1429375 0.1651488 0.1233695 0.1394824 0.1959339 0.1959339 0.1338130 0.2278207 0.2361135 0.0280705 0.0408343 0.0282432 0.0332813 0.0258270 0.0282627 0.0309096 0.0334387 0.0360054 0.0307050 0.0257792 0.0407556 0.0309685 0.0384493 0.0359316 0.0381639 0.0440289 0.0463690 0.0306316 0.0355490 0.0000000 0.0409408 0.0460895 0.0440289 0.0463690 0.0804809 0.0804809 0.1080718 0.0954145 0.2401924 0.2401924 0.4020918 0.3283496 0.3837541 0.3799050 0.3936904 0.3988774 0.4141602 0.3956160 0.1820675 0.1872816 0.4089779 0.4325538 0.4350175 0.4303562 0.4143671 0.4210664 0.4089779 0.4135115 0.4174756 
S0002_G6226_R1_A 0.1482000 0.1592117 0.1256413 0.1351911 0.1857661 0.1857661 0.1310844 0.2219994 0.2301702 0.0255231 0.0381125 0.0256786 0.0306493 0.0256553 0.0280740 0.0283502 0.0357973 0.0383740 0.0330392 0.0305363 0.0429897 0.0383740 0.0408176 0.0382942 0.0354834 0.0464328 0.0487642 0.0384088 0.0485633 0.0409408 0.0000000 0.0484702 0.0464328 0.0487642 0.0802635 0.0802635 0.1088468 0.0919083 0.2536413 0.2536413 0.4466565 0.3434439 0.4409837 0.4288327 0.4517067 0.4579973 0.4732593 0.4473999 0.2194132 0.2212347 0.4159963 0.4401357 0.4426314 0.4378780 0.4415397 0.4283510 0.4159963 0.4206737 0.4247104 
S0017_G6226_R1_A 0.1494067 0.1755707 0.1398302 0.1600133 0.2030001 0.2030001 0.1474526 0.2408395 0.2412647 0.0353045 0.0483402 0.0306187 0.0406667 0.0330764 0.0355490 0.0278779 0.0303346 0.0328249 0.0380252 0.0354825 0.0560743 0.0328249 0.0352080 0.0303486 0.0405784 0.0516969 0.0540314 0.0486307 0.0538094 0.0460895 0.0484702 0.0000000 0.0516969 0.0540314 0.0888517 0.0888517 0.1213444 0.0923324 0.2732328 0.2732328 0.4658776 0.3989414 0.4785734 0.4735933 0.4842970 0.4911931 0.5110124 0.4747277 0.2538252 0.2506370 0.4186242 0.4426630 0.4451386 0.4404127 0.4440640 0.4309207 0.4186242 0.4232957 0.4273075 
S0021_G6226_R3_A 0.1311991 0.1525189 0.1232882 0.1427436 0.2012973 0.2012973 0.1385315 0.2315621 0.2398760 0.0283154 0.0412029 0.0334257 0.0335772 0.0260534 0.0185789 0.0361869 0.0387766 0.0414100 0.0257606 0.0333860 0.0514721 0.0362582 0.0438946 0.0361822 0.0435585 0.0000010 0.0160589 0.0465867 0.0517980 0.0440289 0.0464328 0.0516969 0.0000000 0.0160589 0.0720680 0.0720680 0.1036412 0.0835506 0.2593164 0.2593164 0.4464701 0.3640736 0.4603431 0.4478092 0.4712594 0.4720705 0.4944220 0.4633071 0.2116478 0.2250033 0.4328446 0.4576333 0.4601384 0.4553009 0.4573616 0.4454837 0.4328446 0.4377318 0.4525655 
S0021_G6226_R4_U 0.1335492 0.1548465 0.1288856 0.1451509 0.1883933 0.1883933 0.1409389 0.2259952 0.2341998 0.0306104 0.0435283 0.0357357 0.0358979 0.0283621 0.0208592 0.0385139 0.0411084 0.0437480 0.0280436 0.0356933 0.0537958 0.0385910 0.0437280 0.0385093 0.0458736 0.0160589 0.0000010 0.0437876 0.0489419 0.0463690 0.0487642 0.0540314 0.0160589 0.0000000 0.0744501 0.0744501 0.1031841 0.0859269 0.2359682 0.2359682 0.4556113 0.3735246 0.4585858 0.4461362 0.4567727 0.4631253 0.4845513 0.4525884 0.2078311 0.2212510 0.4245868 0.4413134 0.4514859 0.4467033 0.4487172 0.4370544 0.4245868 0.4293597 0.4440217 
S0035_G6226_R1_A 0.1147389 0.1353437 0.1039933 0.1314552 0.1812571 0.1812571 0.1224314 0.2081356 0.2158151 0.0624816 0.0715706 0.0683209 0.0741687 0.0575434 0.0596957 0.0689213 0.0745594 0.0775703 0.0623560 0.0682334 0.0856741 0.0719832 0.0802296 0.0690535 0.0739858 0.0720680 0.0744501 0.0770302 0.0770631 0.0804809 0.0802635 0.0888517 0.0720680 0.0744501 0.0000000 0.0000010 0.0777761 0.0567544 0.2217472 0.2217472 0.3928849 0.2910417 0.3890537 0.3830340 0.3900291 0.3950829 0.4046167 0.3827356 0.1788316 0.1824974 0.4098993 0.4140092 0.4164544 0.4119089 0.4255496 0.4029821 0.4098993 0.3955450 0.4121571 
S0035_G6226_R2_A 0.1147389 0.1353437 0.1039933 0.1314552 0.1812571 0.1812571 0.1224314 0.2081356 0.2158151 0.0624816 0.0715706 0.0683209 0.0741687 0.0575434 0.0596957 0.0689213 0.0745594 0.0775703 0.0623560 0.0682334 0.0856741 0.0719832 0.0802296 0.0690535 0.0739858 0.0720680 0.0744501 0.0770302 0.0770631 0.0804809 0.0802635 0.0888517 0.0720680 0.0744501 0.0000010 0.0000000 0.0777761 0.0567544 0.2217472 0.2217472 0.3928849 0.2910417 0.3890537 0.3830340 0.3900291 0.3950829 0.4046167 0.3827356 0.1788316 0.1824974 0.4098993 0.4140092 0.4164544 0.4119089 0.4255496 0.4029821 0.4098993 0.3955450 0.4121571 
S0005_G6226_R1_A 0.1211278 0.1285474 0.0911653 0.1231898 0.1908775 0.1908775 0.1291611 0.1923020 0.1997821 0.0985136 0.1087477 0.0992190 0.1055647 0.0878209 0.0898185 0.1001489 0.1061499 0.1094566 0.0926213 0.0990861 0.1144126 0.1035494 0.0995840 0.1061928 0.1052832 0.1036412 0.1031841 0.1070288 0.1128934 0.1080718 0.1088468 0.1213444 0.1036412 0.1031841 0.0777761 0.0777761 0.0000000 0.0779316 0.2269167 0.2269167 0.4215286 0.3488133 0.4449955 0.4381072 0.4558735 0.4513567 0.4715876 0.4551934 0.2365609 0.2305463 0.4353709 0.4444888 0.4419046 0.4372834 0.4462436 0.4231237 0.4353709 0.4205644 0.4547732 
S0033_G6226_R1_A 0.1120546 0.1380588 0.0910696 0.1169177 0.1699592 0.1699592 0.1180463 0.1804866 0.1876518 0.0765159 0.0802458 0.0826420 0.0887553 0.0715106 0.0706265 0.0833952 0.0855095 0.0924013 0.0705982 0.0825333 0.0857196 0.0866304 0.0893300 0.0892752 0.0828613 0.0835506 0.0859269 0.0888281 0.0946187 0.0954145 0.0919083 0.0923324 0.0835506 0.0859269 0.0567544 0.0567544 0.0779316 0.0000000 0.2033034 0.2033034 0.3816314 0.3317134 0.3970624 0.3908374 0.4120740 0.4175745 0.4228554 0.4164068 0.1941923 0.1982573 0.3974123 0.4015083 0.4039566 0.3994645 0.4079805 0.3859861 0.3974123 0.3833402 0.4159648 
S0006_G6226_R1_A 0.2979263 0.3019951 0.2673171 0.2446660 0.3033399 0.3033399 0.2890533 0.3200546 0.3298072 0.2531387 0.2453315 0.2443821 0.2501579 0.2397869 0.2356562 0.2508789 0.2632637 0.2730130 0.2393746 0.2471953 0.2527423 0.2534555 0.2464275 0.2633108 0.2405827 0.2593164 0.2359682 0.2329834 0.2331945 0.2401924 0.2536413 0.2732328 0.2593164 0.2359682 0.2217472 0.2217472 0.2269167 0.2033034 0.0000000 0.0000010 0.5289241 0.4265737 0.4709352 0.4713580 0.4744985 0.4718435 0.4782648 0.4858489 0.2621938 0.2900134 0.5225409 0.5269123 0.5381566 0.5386287 0.5304979 0.5217838 0.5225409 0.5136185 0.5450615 
S0006_G6226_R2_A 0.2979263 0.3019951 0.2673171 0.2446660 0.3033399 0.3033399 0.2890533 0.3200546 0.3298072 0.2531387 0.2453315 0.2443821 0.2501579 0.2397869 0.2356562 0.2508789 0.2632637 0.2730130 0.2393746 0.2471953 0.2527423 0.2534555 0.2464275 0.2633108 0.2405827 0.2593164 0.2359682 0.2329834 0.2331945 0.2401924 0.2536413 0.2732328 0.2593164 0.2359682 0.2217472 0.2217472 0.2269167 0.2033034 0.0000010 0.0000000 0.5289241 0.4265737 0.4709352 0.4713580 0.4744985 0.4718435 0.4782648 0.4858489 0.2621938 0.2900134 0.5225409 0.5269123 0.5381566 0.5386287 0.5304979 0.5217838 0.5225409 0.5136185 0.5450615 
S0003_G6226_R1_N 0.4624790 0.4907240 0.4313962 0.4949222 0.5030930 0.5030930 0.5030150 0.5234606 0.5225424 0.4341153 0.4374194 0.4393998 0.4485338 0.4410849 0.4090746 0.4521327 0.4421322 0.4724732 0.4105697 0.4275000 0.4461731 0.4359922 0.4525835 0.4529191 0.4570085 0.4464701 0.4556113 0.4449468 0.4561403 0.4020918 0.4466565 0.4658776 0.4464701 0.4556113 0.3928849 0.3928849 0.4215286 0.3816314 0.5289241 0.5289241 0.0000000 0.2772773 0.3444293 0.3351252 0.3396994 0.3384861 0.3179895 0.3319329 0.2451263 0.2478662 0.4417715 0.4355612 0.4379643 0.4436441 0.4567977 0.4413178 0.4417715 0.4269901 0.4492628 
S0049_G6226_R1_A 0.3352791 0.3341361 0.2989893 0.3584538 0.3572520 0.3572520 0.3503168 0.3438452 0.3445182 0.3416396 0.3274753 0.3546580 0.3386928 0.3498093 0.3337744 0.3758127 0.3617668 0.3817751 0.3438475 0.3491153 0.3545788 0.3618559 0.3719007 0.3714441 0.3605225 0.3640736 0.3735246 0.3499791 0.3503535 0.3283496 0.3434439 0.3989414 0.3640736 0.3735246 0.2910417 0.2910417 0.3488133 0.3317134 0.4265737 0.4265737 0.2772773 0.0000000 0.2187708 0.2216838 0.2369830 0.2307680 0.2321350 0.2190220 0.1872909 0.1709549 0.3448973 0.3394018 0.3373306 0.3521392 0.3404855 0.3345849 0.3448973 0.3317848 0.3427372 
S0025_G6226_R1_A 0.4034088 0.4425227 0.4041712 0.4077961 0.4409334 0.4409334 0.4077538 0.4579871 0.4619998 0.4289268 0.4182219 0.4267133 0.4304876 0.4266296 0.4192830 0.4391773 0.4451727 0.4518089 0.4242096 0.4431685 0.4336901 0.4354622 0.4320803 0.4451737 0.4439371 0.4603431 0.4585858 0.4166751 0.4171272 0.3837541 0.4409837 0.4785734 0.4603431 0.4585858 0.3890537 0.3890537 0.4449955 0.3970624 0.4709352 0.4709352 0.3444293 0.2187708 0.0000000 0.0114493 0.0260453 0.0312079 0.0253624 0.0346979 0.0045377 0.0123454 0.4874546 0.4804893 0.4830244 0.4892874 0.4661242 0.4735473 0.4874546 0.4821114 0.4841791 
S0029_G6226_R1_A 0.3970631 0.4354588 0.3978136 0.4012299 0.4339415 0.4339415 0.4012374 0.4449018 0.4488530 0.4171288 0.4064941 0.4150073 0.4186441 0.4148104 0.4077421 0.4345993 0.4405317 0.4598855 0.4125776 0.4310427 0.4217205 0.4309063 0.4275803 0.4405322 0.4318937 0.4478092 0.4461362 0.4051230 0.4055626 0.3799050 0.4288327 0.4735933 0.4478092 0.4461362 0.3830340 0.3830340 0.4381072 0.3908374 0.4713580 0.4713580 0.3351252 0.2216838 0.0114493 0.0000000 0.0235202 0.0286142 0.0226641 0.0294039 0.0138119 0.0208440 0.4796763 0.4728343 0.4753475 0.4815169 0.4665580 0.4660368 0.4796763 0.4744500 0.4764760 
S0024_G6226_R1_A 0.4185592 0.4584926 0.4193282 0.4309461 0.4593420 0.4593420 0.4307429 0.4686437 0.4726792 0.4394351 0.4287602 0.4320811 0.4410231 0.4371755 0.4296445 0.4499440 0.4559984 0.4757789 0.4346120 0.4538530 0.4443106 0.4462324 0.4380171 0.4456503 0.4545452 0.4712594 0.4567727 0.4270699 0.4275283 0.3936904 0.4517067 0.4842970 0.4712594 0.4567727 0.3900291 0.3900291 0.4558735 0.4120740 0.4744985 0.4744985 0.3396994 0.2369830 0.0260453 0.0235202 0.0000000 0.0092145 0.0124222 0.0243666 0.0137874 0.0123650 0.5269797 0.5195376 0.5221400 0.5225983 0.5041266 0.5120491 0.5269797 0.5211744 0.5234015 
S0032_G6226_R2_N 0.4241861 0.4538585 0.4145385 0.4425440 0.4657194 0.4657194 0.4366663 0.4753324 0.4794294 0.4454597 0.4346798 0.4379633 0.4470805 0.4431958 0.4354736 0.4562382 0.4623976 0.4825351 0.4405208 0.4536114 0.4504563 0.4524854 0.4441142 0.4518404 0.4607999 0.4720705 0.4631253 0.4328872 0.4333542 0.3988774 0.4579973 0.4911931 0.4720705 0.4631253 0.3950829 0.3950829 0.4513567 0.4175745 0.4718435 0.4718435 0.3384861 0.2307680 0.0312079 0.0286142 0.0092145 0.0000000 0.0099030 0.0243430 0.0092962 0.0000010 0.5275137 0.5199876 0.5226179 0.5230823 0.5044060 0.5124152 0.5275137 0.5098157 0.5238941 
S0032_G6226_R1_N 0.4363310 0.4687595 0.4258907 0.4467696 0.4762803 0.4762803 0.4370981 0.4688748 0.4731933 0.4651492 0.4479867 0.4625150 0.4669386 0.4627939 0.4541553 0.4714336 0.4839686 0.5060467 0.4652630 0.4741279 0.4707333 0.4732084 0.4640110 0.4839750 0.4818069 0.4944220 0.4845513 0.4420646 0.4425675 0.4141602 0.4732593 0.5110124 0.4944220 0.4845513 0.4046167 0.4046167 0.4715876 0.4228554 0.4782648 0.4782648 0.3179895 0.2321350 0.0253624 0.0226641 0.0124222 0.0099030 0.0000000 0.0152442 0.0000010 0.0046864 0.4860850 0.4844211 0.4871453 0.4876008 0.4632648 0.4711999 0.4860850 0.4803652 0.4825784 
S0001_G6226_R1_A 0.4231316 0.4645978 0.4133122 0.4360697 0.4641481 0.4641481 0.4358256 0.4696593 0.4622803 0.4349187 0.4304499 0.4326151 0.4209684 0.4325881 0.4249612 0.4455749 0.4517573 0.4587832 0.4300268 0.4430572 0.4289589 0.4328179 0.4333969 0.4463771 0.4394526 0.4633071 0.4525884 0.4223105 0.4279513 0.3956160 0.4473999 0.4747277 0.4633071 0.4525884 0.3827356 0.3827356 0.4551934 0.4164068 0.4858489 0.4858489 0.3319329 0.2190220 0.0346979 0.0294039 0.0243666 0.0243430 0.0152442 0.0000000 0.0143841 0.0216232 0.4985313 0.4911616 0.4938107 0.4942582 0.4843127 0.4837959 0.4985313 0.4928468 0.4950406 
S0032_G6226_R3_N 0.2086170 0.2052959 0.2043412 0.1968053 0.2502278 0.2502278 0.2264931 0.3024638 0.3117484 0.2027234 0.2023920 0.2100499 0.2027234 0.1973806 0.1844825 0.2108888 0.2231495 0.2035214 0.1918479 0.2104008 0.2054270 0.2119554 0.2123047 0.2194132 0.2103931 0.2116478 0.2078311 0.2089964 0.2093512 0.1820675 0.2194132 0.2538252 0.2116478 0.2078311 0.1788316 0.1788316 0.2365609 0.1941923 0.2621938 0.2621938 0.2451263 0.1872909 0.0045377 0.0138119 0.0137874 0.0092962 0.0000010 0.0143841 0.0000000 0.0091310 0.3036871 0.2806133 0.2891053 0.2806133 0.2786823 0.2891053 0.3036871 0.2891053 0.2949528 
S0032_G6226_R4_N 0.2193336 0.2197330 0.2075192 0.2006777 0.2615532 0.2615532 0.2351182 0.2970559 0.3053334 0.2061432 0.2058400 0.2127646 0.2061432 0.2013457 0.1895420 0.2135339 0.2246238 0.2234299 0.1962293 0.2197533 0.2086214 0.2145072 0.2148244 0.2212347 0.2130774 0.2250033 0.2212510 0.2219040 0.2222580 0.1872816 0.2212347 0.2506370 0.2250033 0.2212510 0.1824974 0.1824974 0.2305463 0.1982573 0.2900134 0.2900134 0.2478662 0.1709549 0.0123454 0.0208440 0.0123650 0.0000010 0.0046864 0.0216232 0.0091310 0.0000000 0.3222522 0.3004779 0.3083866 0.3004779 0.2985250 0.3083866 0.3222522 0.3083866 0.3102417 
S0041_G6226_R1_N 0.4508870 0.4781572 0.4114763 0.4378392 0.4623164 0.4623164 0.4334579 0.4681727 0.4564009 0.4043195 0.3850853 0.3955515 0.4038412 0.4157108 0.3904068 0.4213163 0.4220418 0.4280525 0.4066843 0.4132703 0.4435489 0.4355633 0.4141252 0.4048314 0.3918312 0.4328446 0.4245868 0.3933242 0.4037078 0.4089779 0.4159963 0.4186242 0.4328446 0.4245868 0.4098993 0.4098993 0.4353709 0.3974123 0.5225409 0.5225409 0.4417715 0.3448973 0.4874546 0.4796763 0.5269797 0.5275137 0.4860850 0.4985313 0.3036871 0.3222522 0.0000000 0.0115375 0.0090939 0.0137326 0.0162381 0.0068221 0.0000010 0.0067985 0.0067825 
S0038_G6226_R1_A 0.4550674 0.4823937 0.4156258 0.4420550 0.4587546 0.4587546 0.4581600 0.4724113 0.4606277 0.4278126 0.4082974 0.4186180 0.4273036 0.4397646 0.4133071 0.4455657 0.4463364 0.4525889 0.4197686 0.4371927 0.4685385 0.4603896 0.4380904 0.4285460 0.4148173 0.4576333 0.4413134 0.4162120 0.4269307 0.4325538 0.4401357 0.4426630 0.4576333 0.4413134 0.4140092 0.4140092 0.4444888 0.4015083 0.5269123 0.5269123 0.4355612 0.3394018 0.4804893 0.4728343 0.5195376 0.5199876 0.4844211 0.4911616 0.2806133 0.3004779 0.0115375 0.0000000 0.0068418 0.0114813 0.0235748 0.0138623 0.0115375 0.0138126 0.0186856 
S0040_G6226_R1_N 0.4575344 0.4795753 0.4180936 0.4445463 0.4689721 0.4689721 0.4606562 0.4749116 0.4631224 0.4302846 0.4108159 0.4210796 0.4297744 0.4422522 0.4157715 0.4480541 0.4488271 0.4550845 0.4222325 0.4396762 0.4710336 0.4628904 0.4405749 0.4310384 0.4172847 0.4601384 0.4514859 0.4186635 0.4293777 0.4350175 0.4426314 0.4451386 0.4601384 0.4514859 0.4164544 0.4164544 0.4419046 0.4039566 0.5381566 0.5381566 0.4379643 0.3373306 0.4830244 0.4753475 0.5221400 0.5226179 0.4871453 0.4938107 0.2891053 0.3083866 0.0090939 0.0068418 0.0000000 0.0090500 0.0208966 0.0113813 0.0090939 0.0113415 0.0161052 
S0042_G6226_R1_N 0.4472762 0.4742839 0.4134992 0.4397941 0.4641738 0.4641738 0.4558352 0.4810476 0.4691756 0.4256276 0.4008152 0.4164828 0.4251219 0.4375156 0.4111937 0.4432922 0.4440587 0.4502834 0.4176273 0.4295117 0.4661787 0.4580503 0.4358512 0.4263400 0.4025085 0.4553009 0.4467033 0.4140961 0.4247716 0.4303562 0.4378780 0.4404127 0.4553009 0.4467033 0.4119089 0.4119089 0.4372834 0.3994645 0.5386287 0.5386287 0.4436441 0.3521392 0.4892874 0.4815169 0.5225983 0.5230823 0.4876008 0.4942582 0.2806133 0.3004779 0.0137326 0.0114813 0.0090500 0.0000000 0.0209249 0.0113958 0.0137326 0.0159838 0.0161271 
S0044_G6226_R1_N 0.4616777 0.4781742 0.4222859 0.4542160 0.4653776 0.4653776 0.4705516 0.4898752 0.4778731 0.4291656 0.4042291 0.4199370 0.4286552 0.4411626 0.4146110 0.4469823 0.4477564 0.4540297 0.4314812 0.4276424 0.4643527 0.4492764 0.4394825 0.4177765 0.4058719 0.4573616 0.4487172 0.4175183 0.4282680 0.4143671 0.4415397 0.4440640 0.4573616 0.4487172 0.4255496 0.4255496 0.4462436 0.4079805 0.5304979 0.5304979 0.4567977 0.3404855 0.4661242 0.4665580 0.5041266 0.5044060 0.4632648 0.4843127 0.2786823 0.2985250 0.0162381 0.0235748 0.0208966 0.0209249 0.0000000 0.0091324 0.0162381 0.0185143 0.0139355 
S0045_G6226_R2_A 0.4377301 0.4642637 0.3995963 0.4302543 0.4543831 0.4543831 0.4460498 0.4600469 0.4484865 0.4163802 0.3917964 0.4074217 0.4158874 0.4280240 0.4022092 0.4337118 0.4344584 0.4405749 0.4187115 0.4201561 0.4562587 0.4482127 0.4263973 0.4170048 0.3936295 0.4454837 0.4370544 0.4051104 0.4156319 0.4210664 0.4283510 0.4309207 0.4454837 0.4370544 0.4029821 0.4029821 0.4231237 0.3859861 0.5217838 0.5217838 0.4413178 0.3345849 0.4735473 0.4660368 0.5120491 0.5124152 0.4711999 0.4837959 0.2891053 0.3083866 0.0068221 0.0138623 0.0113813 0.0113958 0.0091324 0.0000000 0.0068221 0.0090758 0.0091559 
S0047_G6226_R1_N 0.4508870 0.4781572 0.4114763 0.4378392 0.4623164 0.4623164 0.4334579 0.4681727 0.4564009 0.4043195 0.3850853 0.3955515 0.4038412 0.4157108 0.3904068 0.4213163 0.4220418 0.4280525 0.4066843 0.4132703 0.4435489 0.4355633 0.4141252 0.4048314 0.3918312 0.4328446 0.4245868 0.3933242 0.4037078 0.4089779 0.4159963 0.4186242 0.4328446 0.4245868 0.4098993 0.4098993 0.4353709 0.3974123 0.5225409 0.5225409 0.4417715 0.3448973 0.4874546 0.4796763 0.5269797 0.5275137 0.4860850 0.4985313 0.3036871 0.3222522 0.0000010 0.0115375 0.0090939 0.0137326 0.0162381 0.0068221 0.0000000 0.0067985 0.0067825 
S0045_G6226_R1_A 0.4355308 0.4621095 0.3969507 0.4280102 0.4467334 0.4467334 0.4383298 0.4522919 0.4407711 0.4088134 0.3894241 0.3999188 0.4083269 0.4203709 0.3947159 0.4260418 0.4267787 0.4328664 0.4111805 0.4178924 0.4485227 0.4404698 0.4187601 0.4093719 0.3961641 0.4377318 0.4293597 0.3976455 0.4081469 0.4135115 0.4206737 0.4232957 0.4377318 0.4293597 0.3955450 0.3955450 0.4205644 0.3833402 0.5136185 0.5136185 0.4269901 0.3317848 0.4821114 0.4744500 0.5211744 0.5098157 0.4803652 0.4928468 0.2891053 0.3083866 0.0067985 0.0138126 0.0113415 0.0159838 0.0185143 0.0090758 0.0067985 0.0000000 0.0137599 
S0043_G6226_R1_N 0.4530626 0.4820066 0.4305715 0.4578116 0.4700672 0.4700672 0.4531072 0.4760334 0.4642152 0.4127791 0.3881363 0.4038412 0.4122885 0.4243946 0.3986277 0.4300805 0.4308236 0.4369325 0.4151296 0.4165346 0.4526200 0.4445624 0.4227733 0.4133729 0.3900373 0.4525655 0.4440217 0.4015459 0.4120686 0.4174756 0.4247104 0.4273075 0.4525655 0.4440217 0.4121571 0.4121571 0.4547732 0.4159648 0.5450615 0.5450615 0.4492628 0.3427372 0.4841791 0.4764760 0.5234015 0.5238941 0.4825784 0.4950406 0.2949528 0.3102417 0.0067825 0.0186856 0.0161052 0.0161271 0.0139355 0.0091559 0.0067825 0.0137599 0.0000000 
