51
S0039_G6238_R1_A 0.0000000 0.0114361 0.6835239 0.6847562 0.7819490 0.6865675 0.6759666 0.8436863 0.8336324 0.6993005 0.9142740 0.6639120 0.7145433 0.7426449 0.7020795 0.7104127 0.7518130 0.7065102 0.7111099 0.7354309 0.7085379 0.7379338 0.7219078 0.7627297 0.7281399 0.6762253 0.6984202 0.7157587 0.7189901 0.6777956 0.7403902 0.7955703 0.7226999 0.7274829 1.0509773 1.0738784 1.0107671 1.0578092 1.0402530 0.9578147 2.1991904 2.0417671 1.2954598 1.3166354 1.3063132 1.2815911 1.3246088 1.3107013 1.3964923 1.3025456 1.3682260 
S0051_G6238_R1_A 0.0114361 0.0000000 0.6219321 0.6230808 0.6661161 0.6125876 0.6127051 0.7597561 0.7391065 0.6225154 0.7960674 0.5801322 0.6390699 0.6784570 0.6438901 0.6597323 0.6871848 0.6475886 0.6584733 0.6794159 0.6327821 0.6748760 0.6937596 0.7002317 0.6665721 0.6424365 0.6419632 0.6427638 0.6572776 0.6049925 0.6913327 0.7185722 0.6577307 0.6698149 1.0076764 0.9998423 0.9457867 1.0209797 0.9977144 0.9347544 2.1844284 1.9004406 1.2651644 1.2752719 1.2807126 1.2513344 1.2953210 1.2723300 1.3089573 1.2615289 1.2491067 
S0027_G6238_R1_A 0.6835239 0.6219321 0.0000000 0.0000010 0.3828927 0.6295771 0.6210108 0.7567986 0.7260877 0.5194521 0.7143061 0.5231876 0.6906937 0.6674013 0.6851272 0.6408360 0.6593022 0.6392234 0.6538032 0.6230448 0.6228743 0.6176098 0.6503557 0.6619797 0.6761765 0.6052268 0.6218675 0.6574950 0.6168272 0.6647996 0.6364425 0.6413706 0.6843737 0.6185066 1.0477000 1.0154434 1.0053088 1.0335273 1.0430341 0.9976455 2.1812748 2.1227338 1.2759579 1.2696033 1.2665540 1.2383839 1.2845608 1.2745339 1.4365094 1.2718977 1.3749659 
S0027_G6238_R2_A 0.6847562 0.6230808 0.0000010 0.0000000 0.3828927 0.6295771 0.6210108 0.7567986 0.7260877 0.5194521 0.7143061 0.5240832 0.6922955 0.6684857 0.6862572 0.6418624 0.6603664 0.6402405 0.6548548 0.6240601 0.6238733 0.6185798 0.6514450 0.6630653 0.6772812 0.6062697 0.6228930 0.6585629 0.6178543 0.6659050 0.6374580 0.6424183 0.6855101 0.6194880 1.0477000 1.0154434 1.0053088 1.0335273 1.0430341 0.9976455 2.1812748 2.1227338 1.2759579 1.2696033 1.2665540 1.2383839 1.2845608 1.2745339 1.4365094 1.2718977 1.3749659 
S0014_G6238_R1_A 0.7819490 0.6661161 0.3828927 0.3828927 0.0000000 0.8773461 0.8928072 1.0443912 0.9008196 0.8051589 0.9539632 0.6513886 0.8390757 0.9727525 0.9208455 0.9372323 0.9208210 0.8777361 0.9746931 0.9399806 0.9564401 0.9673568 0.9175506 0.9398818 1.0271876 0.8142639 0.9697781 0.9394196 0.8807615 0.8605360 0.9145984 0.9358077 0.9273852 0.8891190 1.3039203 1.3377404 1.2569377 1.2746245 1.2776752 1.2089745 1.9553012 2.1092340 1.9358960 1.8588804 1.9478377 1.9102381 1.9629057 1.9420566 2.0719014 1.9375693 1.9858439 
S0010_G6238_R1_A 0.6865675 0.6125876 0.6295771 0.6295771 0.8773461 0.0000000 0.0213950 0.8232382 0.8067756 0.6156022 0.9425046 0.6593743 0.7561852 0.8949503 0.8646981 0.8929485 0.8772445 0.8343406 0.8266143 0.8995461 0.8920188 0.8313453 0.9212517 0.9302229 0.9136057 0.8183988 0.8455259 0.8442045 0.8826704 0.8594423 0.8471385 0.8998563 0.8985918 0.8614518 1.2709381 1.2939305 1.3246485 1.3288330 1.3721928 1.3383232 2.0324054 2.0213235 1.5618378 1.5305174 1.5533634 1.5141486 1.5805106 1.5228984 1.7327240 1.5160509 1.6359614 
S0009_G6238_R1_A 0.6759666 0.6127051 0.6210108 0.6210108 0.8928072 0.0213950 0.0000000 0.8303681 0.7749439 0.6342120 0.9064445 0.6320242 0.7596006 0.8603308 0.8206607 0.8597104 0.8175304 0.7988805 0.7871875 0.8495092 0.8445489 0.7900961 0.8631505 0.8701658 0.8667729 0.7710244 0.8151795 0.8137048 0.8279766 0.8267051 0.7991322 0.8472490 0.8744487 0.8298485 1.2672040 1.2804051 1.3147913 1.3093693 1.3529763 1.2950479 1.9923881 1.9943552 1.5446493 1.5025164 1.5393502 1.5068208 1.5740455 1.4991017 1.7043232 1.5093734 1.5864006 
S0015_G6238_R1_A 0.8436863 0.7597561 0.7567986 0.7567986 1.0443912 0.8232382 0.8303681 0.0000000 0.2640302 0.6075510 0.9586296 0.6946018 0.7376373 0.7687190 0.8038903 0.7731169 0.7807870 0.8287350 0.7560180 0.8262474 0.7419819 0.7940605 0.8184313 0.8214836 0.7905807 0.7357268 0.7006901 0.7802755 0.7619352 0.7567074 0.7570922 0.8713757 0.7637497 0.7199688 1.3372829 1.3726583 1.3129737 1.2518828 1.2741264 1.2999510 1.8774724 1.7747118 1.5196085 1.4835118 1.4904140 1.5061774 1.5482084 1.4752586 1.6100971 1.5065880 1.6048793 
S0034_G6238_R1_A 0.8336324 0.7391065 0.7260877 0.7260877 0.9008196 0.8067756 0.7749439 0.2640302 0.0000000 0.6217068 0.8826549 0.6884557 0.8343643 0.7868096 0.7972090 0.8132942 0.8002609 0.8008702 0.7753496 0.8113743 0.7584200 0.8047751 0.8374195 0.8249578 0.8669320 0.7853519 0.6844918 0.7921396 0.7357056 0.7636580 0.7711910 0.7987855 0.7807879 0.7143601 1.2446835 1.2735695 1.2257239 1.2320875 1.2147264 1.2676061 1.7194844 1.6324274 1.4863571 1.4043459 1.4448710 1.4399679 1.4974213 1.4329377 1.5012287 1.4857030 1.4991763 
S0008_G6238_R1_A 0.6993005 0.6225154 0.5194521 0.5194521 0.8051589 0.6156022 0.6342120 0.6075510 0.6217068 0.0000000 0.6401610 0.4510618 0.6698493 0.6269969 0.6338638 0.6163455 0.6276365 0.6092716 0.5962997 0.6608821 0.6289175 0.6260116 0.6370492 0.6527497 0.6782604 0.5886285 0.6054068 0.5963322 0.5891643 0.6471503 0.6048454 0.6864741 0.6211965 0.5915583 1.1461533 1.1094235 1.0947329 1.0346400 1.0552296 1.0642479 2.0753930 1.7847540 1.1426314 1.1352402 1.1544004 1.1347309 1.1575986 1.1465688 1.2393219 1.2458230 1.2419429 
S0033_G6238_R1_A 0.9142740 0.7960674 0.7143061 0.7143061 0.9539632 0.9425046 0.9064445 0.9586296 0.8826549 0.6401610 0.0000000 0.2645844 0.5978308 0.6152317 0.6122497 0.6227800 0.6155635 0.6309310 0.6100673 0.6367805 0.6124625 0.6025526 0.6034330 0.6728960 0.6498724 0.5520118 0.5973986 0.6134594 0.5972734 0.6122152 0.6148737 0.5852166 0.6200882 0.6018103 1.0188805 1.0649306 1.0527959 1.0293864 1.0344091 0.9904972 2.1753791 1.9412749 1.3722059 1.3508880 1.3653611 1.3392492 1.3525501 1.3262413 1.3961587 1.3129720 1.3637159 
S0005_G6238_R1_A 0.6639120 0.5801322 0.5231876 0.5240832 0.6513886 0.6593743 0.6320242 0.6946018 0.6884557 0.4510618 0.2645844 0.0000000 0.4463059 0.2888120 0.2829272 0.2944512 0.2851839 0.2829857 0.2796642 0.3068126 0.2841364 0.2657603 0.2837370 0.2989971 0.3185143 0.2573192 0.2946261 0.3022510 0.2830730 0.2932863 0.3118438 0.2955220 0.2998527 0.2872887 0.8725759 0.8896340 0.8617041 0.8667846 0.8508139 0.8394570 2.2547369 1.8541459 1.1275781 1.1914848 1.1896250 1.1110244 1.0688048 1.0480749 1.1666640 1.1287238 1.1507330 
S0006_G6238_R1_A 0.7145433 0.6390699 0.6906937 0.6922955 0.8390757 0.7561852 0.7596006 0.7376373 0.8343643 0.6698493 0.5978308 0.4463059 0.0000000 0.5148811 0.4963417 0.4962867 0.4932672 0.4916299 0.4969679 0.5255783 0.4918483 0.5052825 0.5364664 0.5066555 0.5170978 0.4392820 0.5051904 0.5468054 0.4874921 0.5146362 0.5049002 0.5384482 0.4865217 0.5034264 0.8128548 0.8623530 0.7648601 0.8071958 0.8128638 0.8567475 1.8239133 1.7608077 0.9533559 1.0111696 0.9870842 0.9518557 0.9208766 0.9348921 1.0190057 0.9894847 1.0250115 
S0031_G6238_R1_A 0.7426449 0.6784570 0.6674013 0.6684857 0.9727525 0.8949503 0.8603308 0.7687190 0.7868096 0.6269969 0.6152317 0.2888120 0.5148811 0.0000000 0.0694588 0.0912379 0.0813960 0.1023420 0.1093796 0.1367868 0.1113157 0.1120773 0.1292219 0.1163982 0.1307517 0.0819608 0.1111535 0.1042195 0.1098900 0.1286514 0.1172280 0.1361976 0.1252429 0.1067221 1.0167968 1.0304380 0.9947429 1.0221645 1.0168522 1.0876189 2.1985438 1.7238542 1.0326200 1.0672922 1.0752401 1.0267688 1.0081925 0.9961374 1.1041979 1.0141736 1.0887536 
S0018_G6238_R1_A 0.7020795 0.6438901 0.6851272 0.6862572 0.9208455 0.8646981 0.8206607 0.8038903 0.7972090 0.6338638 0.6122497 0.2829272 0.4963417 0.0694588 0.0000000 0.0887813 0.0803816 0.1030366 0.1177633 0.1425562 0.1176275 0.1152901 0.1291287 0.1196356 0.1313717 0.0873099 0.1196040 0.1110959 0.1092317 0.1255577 0.1123783 0.1344319 0.1228174 0.1099227 1.0073905 1.0442124 0.9871142 1.0175651 1.0122569 1.0820155 2.1895569 1.6770550 1.0409031 1.0903670 1.0899314 1.0286401 1.0146424 1.0071561 1.1081908 1.0736479 1.0932876 
S0004_G6238_R1_A 0.7104127 0.6597323 0.6408360 0.6418624 0.9372323 0.8929485 0.8597104 0.7731169 0.8132942 0.6163455 0.6227800 0.2944512 0.4962867 0.0912379 0.0887813 0.0000000 0.0716913 0.1064634 0.1174824 0.1399091 0.1158909 0.1208290 0.1347384 0.1242765 0.1230553 0.0815778 0.1046895 0.1012435 0.0979310 0.1174128 0.1055548 0.1285081 0.1141645 0.1062601 1.0088851 1.0274963 0.9766350 0.9706539 0.9639937 1.0725604 2.2720529 1.7621932 1.0502528 1.0928203 1.1106522 1.0288675 1.0027816 1.0000906 1.0770871 1.0336288 1.1215827 
S0016_G6238_R1_A 0.7518130 0.6871848 0.6593022 0.6603664 0.9208210 0.8772445 0.8175304 0.7807870 0.8002609 0.6276365 0.6155635 0.2851839 0.4932672 0.0813960 0.0803816 0.0716913 0.0000000 0.1021222 0.1022535 0.1240477 0.1055664 0.1072870 0.1119132 0.1056286 0.1229312 0.0780768 0.1071125 0.0916566 0.0966744 0.1108683 0.0942664 0.1268914 0.1132029 0.0959593 1.0213106 1.0633877 0.9774900 0.9870165 0.9864504 1.0519899 2.3474321 1.7468298 1.0320297 1.0625640 1.0780113 1.0208160 0.9958636 0.9886503 1.0778666 1.0062075 1.0845773 
S0030_G6238_R1_A 0.7065102 0.6475886 0.6392234 0.6402405 0.8777361 0.8343406 0.7988805 0.8287350 0.8008702 0.6092716 0.6309310 0.2829857 0.4916299 0.1023420 0.1030366 0.1064634 0.1021222 0.0000000 0.1092852 0.1221627 0.0967316 0.0985311 0.1263601 0.1054406 0.1212600 0.0744932 0.1054456 0.0995000 0.0870183 0.1179702 0.0901321 0.1370589 0.1132101 0.0823574 0.9686005 1.0382434 0.9581913 0.9553641 0.9594417 1.0378930 2.2699077 1.7077842 1.0293817 1.0744822 1.0834915 1.0268121 0.9961289 0.9824679 1.0828162 1.0357695 1.1178826 
S0028_G6238_R1_A 0.7111099 0.6584733 0.6538032 0.6548548 0.9746931 0.8266143 0.7871875 0.7560180 0.7753496 0.5962997 0.6100673 0.2796642 0.4969679 0.1093796 0.1177633 0.1174824 0.1022535 0.1092852 0.0000000 0.1262846 0.1104402 0.1046504 0.1121934 0.1195591 0.1229795 0.0814210 0.1164818 0.1020524 0.1044634 0.1210921 0.1171431 0.1371260 0.1178421 0.1032925 0.9669301 1.0140023 0.9606001 0.9674755 0.9730505 1.0334886 2.3011236 1.7043079 1.0844942 1.0860320 1.1197838 1.0815476 1.0593254 1.0557905 1.1350950 1.0815826 1.1095199 
S0021_G6238_R1_A 0.7354309 0.6794159 0.6230448 0.6240601 0.9399806 0.8995461 0.8495092 0.8262474 0.8113743 0.6608821 0.6367805 0.3068126 0.5255783 0.1367868 0.1425562 0.1399091 0.1240477 0.1221627 0.1262846 0.0000000 0.1283650 0.1141683 0.1276444 0.1397769 0.1421888 0.0944837 0.1202481 0.1328169 0.1239974 0.1378064 0.1376017 0.0865898 0.1323909 0.1245820 1.0144336 1.0410637 0.9865889 0.9967671 1.0111691 1.0361489 2.2982328 1.7151170 1.0190590 1.0518447 1.0821105 1.0153669 0.9873741 0.9865313 1.1239415 1.0449918 1.1091943 
S0046_G6238_R1_A 0.7085379 0.6327821 0.6228743 0.6238733 0.9564401 0.8920188 0.8445489 0.7419819 0.7584200 0.6289175 0.6124625 0.2841364 0.4918483 0.1113157 0.1176275 0.1158909 0.1055664 0.0967316 0.1104402 0.1283650 0.0000000 0.1029010 0.1356081 0.1118270 0.1311332 0.0831340 0.1043203 0.1078009 0.1017499 0.1244708 0.1166321 0.1413495 0.1140367 0.1052554 1.0105872 1.0601958 0.9739222 0.9803711 0.9891617 1.0890754 2.1990837 1.7212243 1.0241728 1.0389386 1.0609470 0.9987922 0.9758690 0.9600688 1.0397812 0.9918328 1.0403512 
S0023_G6238_R1_A 0.7379338 0.6748760 0.6176098 0.6185798 0.9673568 0.8313453 0.7900961 0.7940605 0.8047751 0.6260116 0.6025526 0.2657603 0.5052825 0.1120773 0.1152901 0.1208290 0.1072870 0.0985311 0.1046504 0.1141683 0.1029010 0.0000000 0.1164004 0.1143656 0.1303635 0.0837566 0.1124269 0.1127596 0.1034798 0.1271117 0.1149514 0.1210660 0.1236960 0.1088951 1.0072628 1.0533194 0.9984567 1.0030751 0.9978137 1.0864269 2.3455539 1.7186563 0.9975529 1.0230531 1.0313755 0.9772480 0.9491200 0.9327144 1.0517668 1.0001125 1.0396135 
S0026_G6238_R1_A 0.7219078 0.6937596 0.6503557 0.6514450 0.9175506 0.9212517 0.8631505 0.8184313 0.8374195 0.6370492 0.6034330 0.2837370 0.5364664 0.1292219 0.1291287 0.1347384 0.1119132 0.1263601 0.1121934 0.1276444 0.1356081 0.1164004 0.0000000 0.1285054 0.1513402 0.1124118 0.1333635 0.1279122 0.1241225 0.1362923 0.1346834 0.1351029 0.1349009 0.1305731 0.9882237 1.0373448 0.9950069 0.9937377 1.0030926 1.0437831 2.4063853 1.7621386 1.0388678 1.0860405 1.0793703 1.0368844 1.0131252 1.0079650 1.1485448 1.0582849 1.1190220 
S0013_G6238_R1_A 0.7627297 0.7002317 0.6619797 0.6630653 0.9398818 0.9302229 0.8701658 0.8214836 0.8249578 0.6527497 0.6728960 0.2989971 0.5066555 0.1163982 0.1196356 0.1242765 0.1056286 0.1054406 0.1195591 0.1397769 0.1118270 0.1143656 0.1285054 0.0000000 0.1179486 0.0841828 0.1230468 0.1124391 0.1087033 0.1245948 0.1279117 0.1523564 0.1431650 0.1194946 0.9797395 1.0155108 0.9778086 0.9639282 0.9703840 1.0587254 2.2655773 1.7367420 1.0381688 1.0785168 1.0770451 1.0452843 1.0208371 1.0084036 1.0883660 1.0510738 1.1052385 
S0050_G6238_R1_A 0.7281399 0.6665721 0.6761765 0.6772812 1.0271876 0.9136057 0.8667729 0.7905807 0.8669320 0.6782604 0.6498724 0.3185143 0.5170978 0.1307517 0.1313717 0.1230553 0.1229312 0.1212600 0.1229795 0.1421888 0.1311332 0.1303635 0.1513402 0.1179486 0.0000000 0.0103598 0.1233742 0.1333302 0.1120108 0.1412046 0.1358095 0.1636333 0.1386655 0.1163271 1.0368690 1.0421349 1.0223752 1.0113391 1.0227588 1.0873833 2.3422897 1.7922386 1.1155744 1.1582612 1.1693495 1.1158309 1.1016678 1.0883735 1.1781547 1.1109392 1.2003124 
S0048_G6238_R1_A 0.6762253 0.6424365 0.6052268 0.6062697 0.8142639 0.8183988 0.7710244 0.7357268 0.7853519 0.5886285 0.5520118 0.2573192 0.4392820 0.0819608 0.0873099 0.0815778 0.0780768 0.0744932 0.0814210 0.0944837 0.0831340 0.0837566 0.1124118 0.0841828 0.0103598 0.0000000 0.0834393 0.0865359 0.0720232 0.0926773 0.0913589 0.1100787 0.0862604 0.0794770 0.9902592 0.9880161 0.9709366 0.9792357 0.9957308 1.0645741 2.2188425 1.6946571 1.0306211 1.0795952 1.0862234 1.0403887 1.0185015 1.0052405 1.0546011 1.0244279 1.0650247 
S0002_G6238_R1_A 0.6984202 0.6419632 0.6218675 0.6228930 0.9697781 0.8455259 0.8151795 0.7006901 0.6844918 0.6054068 0.5973986 0.2946261 0.5051904 0.1111535 0.1196040 0.1046895 0.1071125 0.1054456 0.1164818 0.1202481 0.1043203 0.1124269 0.1333635 0.1230468 0.1233742 0.0834393 0.0000000 0.0918673 0.0797618 0.1047988 0.1189867 0.1296453 0.1021257 0.1121632 0.9825452 1.0123494 0.9505804 0.9458679 0.9547465 0.9993295 2.2329395 1.7095035 1.0012269 1.0602015 1.0485452 1.0178894 0.9824464 0.9521160 1.0653624 1.0078833 1.0766883 
S0011_G6238_R1_A 0.7157587 0.6427638 0.6574950 0.6585629 0.9394196 0.8442045 0.8137048 0.7802755 0.7921396 0.5963322 0.6134594 0.3022510 0.5468054 0.1042195 0.1110959 0.1012435 0.0916566 0.0995000 0.1020524 0.1328169 0.1078009 0.1127596 0.1279122 0.1124391 0.1333302 0.0865359 0.0918673 0.0000000 0.0777134 0.0701542 0.1070405 0.1337163 0.0965200 0.1025542 0.9890299 1.0369736 0.9604680 0.9560847 0.9554763 1.0380447 2.2511760 1.6708800 1.0573251 1.0658129 1.1025203 1.0546452 1.0095010 1.0094580 1.1009302 1.0125129 1.0853327 
S0036_G6238_R1_U 0.7189901 0.6572776 0.6168272 0.6178543 0.8807615 0.8826704 0.8279766 0.7619352 0.7357056 0.5891643 0.5972734 0.2830730 0.4874921 0.1098900 0.1092317 0.0979310 0.0966744 0.0870183 0.1044634 0.1239974 0.1017499 0.1034798 0.1241225 0.1087033 0.1120108 0.0720232 0.0797618 0.0777134 0.0000000 0.0979993 0.1112570 0.1199217 0.1064263 0.1001869 1.0125067 1.0180524 0.9689406 0.9820711 0.9864014 1.0618667 2.2399834 1.7734066 1.0304149 1.0553536 1.0611109 1.0428456 1.0192027 0.9968860 1.0036961 0.9616854 1.1128241 
S0019_G6238_R1_A 0.6777956 0.6049925 0.6647996 0.6659050 0.8605360 0.8594423 0.8267051 0.7567074 0.7636580 0.6471503 0.6122152 0.2932863 0.5146362 0.1286514 0.1255577 0.1174128 0.1108683 0.1179702 0.1210921 0.1378064 0.1244708 0.1271117 0.1362923 0.1245948 0.1412046 0.0926773 0.1047988 0.0701542 0.0979993 0.0000000 0.1095237 0.1382301 0.0977420 0.1154863 1.0021974 1.0721417 1.0028083 0.9662337 0.9751990 1.0597277 2.2741616 1.6860337 1.1683435 1.1413902 1.1857212 1.1449186 1.1236289 1.1333247 1.1616261 1.1128840 1.2311425 
S0022_G6238_R1_A 0.7403902 0.6913327 0.6364425 0.6374580 0.9145984 0.8471385 0.7991322 0.7570922 0.7711910 0.6048454 0.6148737 0.3118438 0.5049002 0.1172280 0.1123783 0.1055548 0.0942664 0.0901321 0.1171431 0.1376017 0.1166321 0.1149514 0.1346834 0.1279117 0.1358095 0.0913589 0.1189867 0.1070405 0.1112570 0.1095237 0.0000000 0.1437458 0.1240488 0.1048438 0.9763179 1.0217999 1.0007765 0.9929929 1.0020522 1.0758995 2.1711097 1.6568561 1.0458296 1.0746358 1.0837486 1.0337293 1.0078595 0.9869843 1.0952710 1.0566466 1.1517219 
S0021_G6238_R2_A 0.7955703 0.7185722 0.6413706 0.6424183 0.9358077 0.8998563 0.8472490 0.8713757 0.7987855 0.6864741 0.5852166 0.2955220 0.5384482 0.1361976 0.1344319 0.1285081 0.1268914 0.1370589 0.1371260 0.0865898 0.1413495 0.1210660 0.1351029 0.1523564 0.1636333 0.1100787 0.1296453 0.1337163 0.1199217 0.1382301 0.1437458 0.0000000 0.1351965 0.1304276 0.9866664 1.0206720 0.9403513 0.9590861 0.9645666 1.0520721 2.1791125 1.8710473 1.0417666 1.0919539 1.0912680 1.0235306 0.9901194 1.0075907 1.1391594 1.0966370 1.1413693 
S0020_G6238_R1_A 0.7226999 0.6577307 0.6843737 0.6855101 0.9273852 0.8985918 0.8744487 0.7637497 0.7807879 0.6211965 0.6200882 0.2998527 0.4865217 0.1252429 0.1228174 0.1141645 0.1132029 0.1132101 0.1178421 0.1323909 0.1140367 0.1236960 0.1349009 0.1431650 0.1386655 0.0862604 0.1021257 0.0965200 0.1064263 0.0977420 0.1240488 0.1351965 0.0000000 0.1146950 1.0318099 1.0901212 1.0242451 1.0264430 1.0208765 1.0738974 2.2696860 1.7751239 1.0505137 1.1016979 1.0947509 1.0497891 1.0208679 1.0111027 1.1176131 1.0643346 1.0947186 
S0017_G6238_R1_A 0.7274829 0.6698149 0.6185066 0.6194880 0.8891190 0.8614518 0.8298485 0.7199688 0.7143601 0.5915583 0.6018103 0.2872887 0.5034264 0.1067221 0.1099227 0.1062601 0.0959593 0.0823574 0.1032925 0.1245820 0.1052554 0.1088951 0.1305731 0.1194946 0.1163271 0.0794770 0.1121632 0.1025542 0.1001869 0.1154863 0.1048438 0.1304276 0.1146950 0.0000000 1.0119864 1.0651039 0.9851447 0.9931744 0.9832357 1.0968840 2.3041067 1.7189272 0.9987606 1.0482358 1.0448139 1.0032252 0.9760812 0.9601865 1.0733690 1.0245525 1.1066290 
S0025_G6238_R1_A 1.0509773 1.0076764 1.0477000 1.0477000 1.3039203 1.2709381 1.2672040 1.3372829 1.2446835 1.1461533 1.0188805 0.8725759 0.8128548 1.0167968 1.0073905 1.0088851 1.0213106 0.9686005 0.9669301 1.0144336 1.0105872 1.0072628 0.9882237 0.9797395 1.0368690 0.9902592 0.9825452 0.9890299 1.0125067 1.0021974 0.9763179 0.9866664 1.0318099 1.0119864 0.0000000 0.0482724 0.0728751 0.0742031 0.0701907 0.1425622 1.8932343 1.9786397 1.3559929 1.3309297 1.3273209 1.3428871 1.3777881 1.3537158 1.3144131 1.2349045 1.3500695 
S0029_G6238_R1_A 1.0738784 0.9998423 1.0154434 1.0154434 1.3377404 1.2939305 1.2804051 1.3726583 1.2735695 1.1094235 1.0649306 0.8896340 0.8623530 1.0304380 1.0442124 1.0274963 1.0633877 1.0382434 1.0140023 1.0410637 1.0601958 1.0533194 1.0373448 1.0155108 1.0421349 0.9880161 1.0123494 1.0369736 1.0180524 1.0721417 1.0217999 1.0206720 1.0901212 1.0651039 0.0482724 0.0000000 0.0777445 0.0877108 0.0837748 0.1287304 1.9068855 2.0052299 1.3572481 1.3172068 1.3264619 1.3415442 1.3759948 1.3585110 1.2957114 1.3015845 1.3680912 
S0032_G6238_R1_N 1.0107671 0.9457867 1.0053088 1.0053088 1.2569377 1.3246485 1.3147913 1.3129737 1.2257239 1.0947329 1.0527959 0.8617041 0.7648601 0.9947429 0.9871142 0.9766350 0.9774900 0.9581913 0.9606001 0.9865889 0.9739222 0.9984567 0.9950069 0.9778086 1.0223752 0.9709366 0.9505804 0.9604680 0.9689406 1.0028083 1.0007765 0.9403513 1.0242451 0.9851447 0.0728751 0.0777445 0.0000000 0.0340686 0.0238225 0.0924140 1.8143942 1.9574557 1.2518271 1.2299326 1.2498518 1.2338784 1.2747314 1.2422359 1.2794790 1.2254056 1.3211725 
S0024_G6238_R1_A 1.0578092 1.0209797 1.0335273 1.0335273 1.2746245 1.3288330 1.3093693 1.2518828 1.2320875 1.0346400 1.0293864 0.8667846 0.8071958 1.0221645 1.0175651 0.9706539 0.9870165 0.9553641 0.9674755 0.9967671 0.9803711 1.0030751 0.9937377 0.9639282 1.0113391 0.9792357 0.9458679 0.9560847 0.9820711 0.9662337 0.9929929 0.9590861 1.0264430 0.9931744 0.0742031 0.0877108 0.0340686 0.0000000 0.0220532 0.1112076 1.8551479 1.9762766 1.2789635 1.2424360 1.2940850 1.2761489 1.3200008 1.2735344 1.2844887 1.2709517 1.3569944 
S0032_G6238_R2_N 1.0402530 0.9977144 1.0430341 1.0430341 1.2776752 1.3721928 1.3529763 1.2741264 1.2147264 1.0552296 1.0344091 0.8508139 0.8128638 1.0168522 1.0122569 0.9639937 0.9864504 0.9594417 0.9730505 1.0111691 0.9891617 0.9978137 1.0030926 0.9703840 1.0227588 0.9957308 0.9547465 0.9554763 0.9864014 0.9751990 1.0020522 0.9645666 1.0208765 0.9832357 0.0701907 0.0837748 0.0238225 0.0220532 0.0000000 0.1048504 1.8865669 1.9104533 1.2614404 1.2212521 1.2708226 1.2530524 1.2958581 1.2501889 1.2691848 1.2260786 1.3265303 
S0001_G6238_R1_A 0.9578147 0.9347544 0.9976455 0.9976455 1.2089745 1.3383232 1.2950479 1.2999510 1.2676061 1.0642479 0.9904972 0.8394570 0.8567475 1.0876189 1.0820155 1.0725604 1.0519899 1.0378930 1.0334886 1.0361489 1.0890754 1.0864269 1.0437831 1.0587254 1.0873833 1.0645741 0.9993295 1.0380447 1.0618667 1.0597277 1.0758995 1.0520721 1.0738974 1.0968840 0.1425622 0.1287304 0.0924140 0.1112076 0.1048504 0.0000000 1.8274349 2.0101773 1.2798242 1.2712941 1.2744914 1.2668069 1.3005880 1.2752191 1.3389024 1.2114890 1.3152074 
S0049_G6238_R1_A 2.1991904 2.1844284 2.1812748 2.1812748 1.9553012 2.0324054 1.9923881 1.8774724 1.7194844 2.0753930 2.1753791 2.2547369 1.8239133 2.1985438 2.1895569 2.2720529 2.3474321 2.2699077 2.3011236 2.2982328 2.1990837 2.3455539 2.4063853 2.2655773 2.3422897 2.2188425 2.2329395 2.2511760 2.2399834 2.2741616 2.1711097 2.1791125 2.2696860 2.3041067 1.8932343 1.9068855 1.8143942 1.8551479 1.8865669 1.8274349 0.0000000 1.5631499 1.5242635 1.5819008 1.5398711 1.4838685 1.5525691 1.5405609 1.6712377 1.6083155 1.6716566 
S0003_G6238_R1_N 2.0417671 1.9004406 2.1227338 2.1227338 2.1092340 2.0213235 1.9943552 1.7747118 1.6324274 1.7847540 1.9412749 1.8541459 1.7608077 1.7238542 1.6770550 1.7621932 1.7468298 1.7077842 1.7043079 1.7151170 1.7212243 1.7186563 1.7621386 1.7367420 1.7922386 1.6946571 1.7095035 1.6708800 1.7734066 1.6860337 1.6568561 1.8710473 1.7751239 1.7189272 1.9786397 2.0052299 1.9574557 1.9762766 1.9104533 2.0101773 1.5631499 0.0000000 1.7946383 1.7590844 1.8292638 1.7584265 1.7619769 1.7147751 1.9074838 1.8531629 1.8817815 
S0047_G6238_R1_N 1.2954598 1.2651644 1.2759579 1.2759579 1.9358960 1.5618378 1.5446493 1.5196085 1.4863571 1.1426314 1.3722059 1.1275781 0.9533559 1.0326200 1.0409031 1.0502528 1.0320297 1.0293817 1.0844942 1.0190590 1.0241728 0.9975529 1.0388678 1.0381688 1.1155744 1.0306211 1.0012269 1.0573251 1.0304149 1.1683435 1.0458296 1.0417666 1.0505137 0.9987606 1.3559929 1.3572481 1.2518271 1.2789635 1.2614404 1.2798242 1.5242635 1.7946383 0.0000000 0.0449387 0.0349940 0.0456188 0.0421169 0.0436965 0.0913281 0.0694182 0.0965935 
S0042_G6238_R1_N 1.3166354 1.2752719 1.2696033 1.2696033 1.8588804 1.5305174 1.5025164 1.4835118 1.4043459 1.1352402 1.3508880 1.1914848 1.0111696 1.0672922 1.0903670 1.0928203 1.0625640 1.0744822 1.0860320 1.0518447 1.0389386 1.0230531 1.0860405 1.0785168 1.1582612 1.0795952 1.0602015 1.0658129 1.0553536 1.1413902 1.0746358 1.0919539 1.1016979 1.0482358 1.3309297 1.3172068 1.2299326 1.2424360 1.2212521 1.2712941 1.5819008 1.7590844 0.0449387 0.0000000 0.0388028 0.0412985 0.0387413 0.0404427 0.0837543 0.0758386 0.0868915 
S0041_G6238_R1_N 1.3063132 1.2807126 1.2665540 1.2665540 1.9478377 1.5533634 1.5393502 1.4904140 1.4448710 1.1544004 1.3653611 1.1896250 0.9870842 1.0752401 1.0899314 1.1106522 1.0780113 1.0834915 1.1197838 1.0821105 1.0609470 1.0313755 1.0793703 1.0770451 1.1693495 1.0862234 1.0485452 1.1025203 1.0611109 1.1857212 1.0837486 1.0912680 1.0947509 1.0448139 1.3273209 1.3264619 1.2498518 1.2940850 1.2708226 1.2744914 1.5398711 1.8292638 0.0349940 0.0388028 0.0000000 0.0396579 0.0393719 0.0409194 0.0829753 0.0825322 0.0845978 
S0045_G6238_R1_A 1.2815911 1.2513344 1.2383839 1.2383839 1.9102381 1.5141486 1.5068208 1.5061774 1.4399679 1.1347309 1.3392492 1.1110244 0.9518557 1.0267688 1.0286401 1.0288675 1.0208160 1.0268121 1.0815476 1.0153669 0.9987922 0.9772480 1.0368844 1.0452843 1.1158309 1.0403887 1.0178894 1.0546452 1.0428456 1.1449186 1.0337293 1.0235306 1.0497891 1.0032252 1.3428871 1.3415442 1.2338784 1.2761489 1.2530524 1.2668069 1.4838685 1.7584265 0.0456188 0.0412985 0.0396579 0.0000000 0.0255391 0.0316496 0.0846051 0.0811167 0.0910227 
S0044_G6238_R1_N 1.3246088 1.2953210 1.2845608 1.2845608 1.9629057 1.5805106 1.5740455 1.5482084 1.4974213 1.1575986 1.3525501 1.0688048 0.9208766 1.0081925 1.0146424 1.0027816 0.9958636 0.9961289 1.0593254 0.9873741 0.9758690 0.9491200 1.0131252 1.0208371 1.1016678 1.0185015 0.9824464 1.0095010 1.0192027 1.1236289 1.0078595 0.9901194 1.0208679 0.9760812 1.3777881 1.3759948 1.2747314 1.3200008 1.2958581 1.3005880 1.5525691 1.7619769 0.0421169 0.0387413 0.0393719 0.0255391 0.0000000 0.0200760 0.0816125 0.0827940 0.0892116 
S0045_G6238_R2_A 1.3107013 1.2723300 1.2745339 1.2745339 1.9420566 1.5228984 1.4991017 1.4752586 1.4329377 1.1465688 1.3262413 1.0480749 0.9348921 0.9961374 1.0071561 1.0000906 0.9886503 0.9824679 1.0557905 0.9865313 0.9600688 0.9327144 1.0079650 1.0084036 1.0883735 1.0052405 0.9521160 1.0094580 0.9968860 1.1333247 0.9869843 1.0075907 1.0111027 0.9601865 1.3537158 1.3585110 1.2422359 1.2735344 1.2501889 1.2752191 1.5405609 1.7147751 0.0436965 0.0404427 0.0409194 0.0316496 0.0200760 0.0000000 0.0832462 0.0786822 0.0836196 
S0038_G6238_R1_A 1.3964923 1.3089573 1.4365094 1.4365094 2.0719014 1.7327240 1.7043232 1.6100971 1.5012287 1.2393219 1.3961587 1.1666640 1.0190057 1.1041979 1.1081908 1.0770871 1.0778666 1.0828162 1.1350950 1.1239415 1.0397812 1.0517668 1.1485448 1.0883660 1.1781547 1.0546011 1.0653624 1.1009302 1.0036961 1.1616261 1.0952710 1.1391594 1.1176131 1.0733690 1.3144131 1.2957114 1.2794790 1.2844887 1.2691848 1.3389024 1.6712377 1.9074838 0.0913281 0.0837543 0.0829753 0.0846051 0.0816125 0.0832462 0.0000000 0.0751346 0.0915495 
S0043_G6238_R1_N 1.3025456 1.2615289 1.2718977 1.2718977 1.9375693 1.5160509 1.5093734 1.5065880 1.4857030 1.2458230 1.3129720 1.1287238 0.9894847 1.0141736 1.0736479 1.0336288 1.0062075 1.0357695 1.0815826 1.0449918 0.9918328 1.0001125 1.0582849 1.0510738 1.1109392 1.0244279 1.0078833 1.0125129 0.9616854 1.1128840 1.0566466 1.0966370 1.0643346 1.0245525 1.2349045 1.3015845 1.2254056 1.2709517 1.2260786 1.2114890 1.6083155 1.8531629 0.0694182 0.0758386 0.0825322 0.0811167 0.0827940 0.0786822 0.0751346 0.0000000 0.0952089 
S0040_G6238_R1_N 1.3682260 1.2491067 1.3749659 1.3749659 1.9858439 1.6359614 1.5864006 1.6048793 1.4991763 1.2419429 1.3637159 1.1507330 1.0250115 1.0887536 1.0932876 1.1215827 1.0845773 1.1178826 1.1095199 1.1091943 1.0403512 1.0396135 1.1190220 1.1052385 1.2003124 1.0650247 1.0766883 1.0853327 1.1128241 1.2311425 1.1517219 1.1413693 1.0947186 1.1066290 1.3500695 1.3680912 1.3211725 1.3569944 1.3265303 1.3152074 1.6716566 1.8817815 0.0965935 0.0868915 0.0845978 0.0910227 0.0892116 0.0836196 0.0915495 0.0952089 0.0000000 
