38
S0051_G6258_R1_A 0.0000000 0.4981683 0.5037138 0.6360006 0.6134277 0.5805990 0.6239542 0.6218055 0.5950477 0.5898703 0.6044284 0.6199529 0.5994860 0.5970022 0.6268747 0.6966452 0.5959950 0.5979081 0.5948420 0.5997190 0.6477440 0.6032786 0.6123195 0.6250162 0.5986815 0.6020477 0.5530469 0.6827493 0.6339180 0.5754786 0.4510255 0.4523495 0.7614139 0.7448521 0.7453325 0.7538379 0.7940347 0.9044034 
S0009_G6258_R1_A 0.4981683 0.0000000 0.0202926 0.7890943 0.8030457 0.8134896 0.8563846 0.7935334 0.8377742 0.7961539 0.8412474 0.8419778 0.8462910 0.8623494 0.8546206 0.8805336 0.8821816 0.9166498 0.8561719 0.8353266 0.8433221 0.8214421 0.8110429 0.8128998 0.8139370 0.8242954 0.9346265 0.8579893 0.9120865 0.7657239 0.4882820 0.4882430 1.2878834 1.3207856 1.3473269 1.3492171 1.3768183 1.3375420 
S0010_G6258_R1_A 0.5037138 0.0202926 0.0000000 0.7990935 0.8276872 0.8290256 0.8624615 0.8180070 0.8614497 0.8191317 0.8566410 0.8685120 0.8539722 0.8765805 0.8702110 0.8896593 0.9018980 0.9378831 0.8614984 0.8538158 0.8474399 0.8244495 0.8310797 0.8339847 0.8340308 0.8481211 0.9323452 0.8680452 0.9268072 0.7621032 0.4989602 0.4988647 1.3008700 1.3303519 1.3461986 1.3480873 1.3679145 1.3488945 
S0033_G6258_R1_A 0.6360006 0.7890943 0.7990935 0.0000000 0.5012947 0.4894457 0.5234655 0.4965707 0.4981211 0.4897568 0.4998268 0.5001734 0.5117890 0.4977078 0.5273775 0.5450348 0.5250498 0.5186902 0.4961460 0.4645823 0.4914917 0.4666008 0.5060847 0.4872074 0.4683329 0.4964680 0.5428153 0.5228829 0.6298432 0.6659641 0.7199159 0.7168920 1.0454198 1.0465339 1.0951929 1.0683373 1.1133974 1.2207105 
S0031_G6258_R1_A 0.6134277 0.8030457 0.8276872 0.5012947 0.0000000 0.0822613 0.1111936 0.1364746 0.1010711 0.0811871 0.0853152 0.1286958 0.0973132 0.1143913 0.1617163 0.1564488 0.2273172 0.2380773 0.1295734 0.1210699 0.1487145 0.1217106 0.1166810 0.0968747 0.0945485 0.0906721 0.2524146 0.4203298 0.7128638 0.8281733 0.7803722 0.7806644 1.0087247 1.0381462 1.0310551 1.0205212 1.1127052 1.3312822 
S0037_G6258_R1_A 0.5805990 0.8134896 0.8290256 0.4894457 0.0822613 0.0000000 0.1544081 0.1574364 0.1120325 0.0956773 0.1044640 0.1218846 0.0976728 0.1355224 0.1712133 0.1615958 0.2268410 0.2318127 0.1377719 0.1340479 0.1581930 0.1401586 0.1170037 0.1094727 0.1070308 0.1028343 0.2586575 0.3908582 0.6644434 0.8097911 0.7724790 0.7727986 1.0115355 1.0407244 1.0449395 1.0390107 1.1263280 1.3647536 
S0018_G6258_R1_U 0.6239542 0.8563846 0.8624615 0.5234655 0.1111936 0.1544081 0.0000000 0.1564175 0.1657592 0.1483049 0.1514423 0.1935067 0.1637336 0.1676551 0.1981754 0.2193714 0.2305337 0.2413587 0.1499172 0.1554357 0.1780730 0.1361765 0.1564486 0.1582099 0.1564369 0.1562875 0.2939391 0.4341823 0.6983935 0.8872360 0.8204564 0.8186433 0.9830734 0.9986321 1.0413729 1.0245444 1.1108529 1.3123544 
S0011_G6258_R1_A 0.6218055 0.7935334 0.8180070 0.4965707 0.1364746 0.1574364 0.1564175 0.0000000 0.1219781 0.1260715 0.1395324 0.1786102 0.1540705 0.1412765 0.1522833 0.1937217 0.2185229 0.2205674 0.1319889 0.1243355 0.1545104 0.1225635 0.1273518 0.1263380 0.1088379 0.1263611 0.2551180 0.4356400 0.6832954 0.8421103 0.7661858 0.7625811 1.0168010 1.0425821 1.0636899 1.0541037 1.1201065 1.3271791 
S0002_G6258_R1_A 0.5950477 0.8377742 0.8614497 0.4981211 0.1010711 0.1120325 0.1657592 0.1219781 0.0000000 0.0888750 0.0921155 0.1241022 0.1093990 0.1096595 0.1508861 0.1495438 0.2270109 0.2326416 0.1249109 0.1305943 0.1424198 0.1183042 0.1108006 0.0745731 0.0714208 0.0847081 0.2432082 0.4179750 0.7054431 0.8446866 0.7659759 0.7601047 1.0812115 1.1051257 1.0840168 1.0903205 1.1523734 1.4081754 
S0016_G6258_R1_A 0.5898703 0.7961539 0.8191317 0.4897568 0.0811871 0.0956773 0.1483049 0.1260715 0.0888750 0.0000000 0.0783986 0.1182164 0.0913803 0.1029125 0.1582808 0.1386337 0.2230829 0.2345109 0.1245852 0.1219265 0.1341968 0.1211616 0.1071092 0.0862291 0.0835277 0.0813970 0.2501284 0.4207670 0.7200261 0.8001713 0.7724015 0.7695151 1.0416575 1.0700150 1.0650705 1.0631222 1.1359687 1.3404381 
S0046_G6258_R1_A 0.6044284 0.8412474 0.8566410 0.4998268 0.0853152 0.1044640 0.1514423 0.1395324 0.0921155 0.0783986 0.0000000 0.1124253 0.0947998 0.1105441 0.1684818 0.1442634 0.2250681 0.2338551 0.1273459 0.1325115 0.1465023 0.1252917 0.1088916 0.0896545 0.0843175 0.0883031 0.2523892 0.4143201 0.6953361 0.8283700 0.7664927 0.7627093 1.0004137 1.0219825 1.0259322 1.0215947 1.1083386 1.3464517 
S0030_G6258_R1_A 0.6199529 0.8419778 0.8685120 0.5001734 0.1286958 0.1218846 0.1935067 0.1786102 0.1241022 0.1182164 0.1124253 0.0000000 0.1247151 0.1433017 0.2029847 0.1485979 0.2329676 0.2425305 0.1641189 0.1703466 0.1833516 0.1593921 0.1437795 0.1202989 0.1203108 0.1176609 0.2556670 0.4469120 0.7040296 0.8309249 0.7549017 0.7541555 1.0833453 1.1252016 1.1401212 1.1354243 1.2477842 1.3609842 
S0004_G6258_R1_A 0.5994860 0.8462910 0.8539722 0.5117890 0.0973132 0.0976728 0.1637336 0.1540705 0.1093990 0.0913803 0.0947998 0.1247151 0.0000000 0.1276846 0.1821698 0.1585749 0.2300012 0.2373207 0.1346910 0.1412818 0.1552648 0.1347693 0.1277752 0.0998784 0.0983094 0.1018443 0.2731062 0.4367445 0.7373881 0.8460016 0.7933530 0.7872108 1.0325680 1.0523144 1.0508153 1.0387984 1.1557560 1.3286779 
S0026_G6258_R1_A 0.5970022 0.8623494 0.8765805 0.4977078 0.1143913 0.1355224 0.1676551 0.1412765 0.1096595 0.1029125 0.1105441 0.1433017 0.1276846 0.0000000 0.1642615 0.1674775 0.2368618 0.2421509 0.1269307 0.1308512 0.1479881 0.1202032 0.1324439 0.1116958 0.1043711 0.1016483 0.2433188 0.4333632 0.7420326 0.8491477 0.7965792 0.7863161 1.0800465 1.1086920 1.1177644 1.1160731 1.1634213 1.3981589 
S0036_G6258_R1_A 0.6268747 0.8546206 0.8702110 0.5273775 0.1617163 0.1712133 0.1981754 0.1522833 0.1508861 0.1582808 0.1684818 0.2029847 0.1821698 0.1642615 0.0000000 0.2245801 0.2345071 0.2384726 0.1591710 0.1535823 0.1721147 0.1506315 0.1573211 0.1372713 0.1366018 0.1567330 0.2813480 0.4845854 0.6927319 0.8421018 0.8203839 0.8139535 1.0439734 1.0736145 1.0572788 1.0567306 1.0986821 1.3907952 
S0022_G6258_R1_A 0.6966452 0.8805336 0.8896593 0.5450348 0.1564488 0.1615958 0.2193714 0.1937217 0.1495438 0.1386337 0.1442634 0.1485979 0.1585749 0.1674775 0.2245801 0.0000000 0.2334980 0.2476520 0.1750625 0.1863557 0.1958306 0.1754738 0.1675640 0.1523980 0.1468180 0.1473306 0.2900906 0.4771869 0.7216262 0.9314003 0.8095549 0.8096807 1.1267804 1.1510412 1.1311506 1.1399066 1.1905094 1.4169069 
S0048_G6258_R1_A 0.5959950 0.8821816 0.9018980 0.5250498 0.2273172 0.2268410 0.2305337 0.2185229 0.2270109 0.2230829 0.2250681 0.2329676 0.2300012 0.2368618 0.2345071 0.2334980 0.0000000 0.0412726 0.2166939 0.2149199 0.1940090 0.1778257 0.2091937 0.2083525 0.2050589 0.2171617 0.2886402 0.4736565 0.6869400 0.8981940 0.8226672 0.8104528 1.0838563 1.1055079 1.1057897 1.1054829 1.1284821 1.3712791 
S0050_G6258_R1_A 0.5979081 0.9166498 0.9378831 0.5186902 0.2380773 0.2318127 0.2413587 0.2205674 0.2326416 0.2345109 0.2338551 0.2425305 0.2373207 0.2421509 0.2384726 0.2476520 0.0412726 0.0000000 0.2239344 0.2177198 0.2040464 0.1859587 0.2252616 0.2164140 0.2125440 0.2328589 0.2930620 0.4846889 0.6897552 0.9168420 0.8268928 0.8101539 1.1137493 1.1416973 1.1321125 1.1302286 1.1550364 1.3580365 
S0021_G6258_R2_A 0.5948420 0.8561719 0.8614984 0.4961460 0.1295734 0.1377719 0.1499172 0.1319889 0.1249109 0.1245852 0.1273459 0.1641189 0.1346910 0.1269307 0.1591710 0.1750625 0.2166939 0.2239344 0.0000000 0.1158423 0.1467956 0.0939938 0.1243169 0.1218722 0.1123843 0.1160543 0.2428768 0.4224092 0.6629098 0.8530095 0.7939479 0.7831045 1.0452500 1.0743233 1.0879881 1.0777647 1.1283575 1.3156469 
S0023_G6258_R1_A 0.5997190 0.8353266 0.8538158 0.4645823 0.1210699 0.1340479 0.1554357 0.1243355 0.1305943 0.1219265 0.1325115 0.1703466 0.1412818 0.1308512 0.1535823 0.1863557 0.2149199 0.2177198 0.1158423 0.0000000 0.1371810 0.1097729 0.1218895 0.1247727 0.1198603 0.1129380 0.2523462 0.4431116 0.6965866 0.8425453 0.7558961 0.7582947 1.0419329 1.0653450 1.0744223 1.0715458 1.1023005 1.3698732 
S0013_G6258_R1_A 0.6477440 0.8433221 0.8474399 0.4914917 0.1487145 0.1581930 0.1780730 0.1545104 0.1424198 0.1341968 0.1465023 0.1833516 0.1552648 0.1479881 0.1721147 0.1958306 0.1940090 0.2040464 0.1467956 0.1371810 0.0000000 0.1345511 0.1317121 0.1330671 0.1347844 0.1435954 0.2700334 0.4445818 0.7186923 0.8989509 0.7912934 0.7803529 1.0190288 1.0445035 1.0812140 1.0796504 1.0879087 1.3350192 
S0021_G6258_R1_A 0.6032786 0.8214421 0.8244495 0.4666008 0.1217106 0.1401586 0.1361765 0.1225635 0.1183042 0.1211616 0.1252917 0.1593921 0.1347693 0.1202032 0.1506315 0.1754738 0.1778257 0.1859587 0.0939938 0.1097729 0.1345511 0.0000000 0.1207899 0.1148650 0.1102344 0.1136929 0.2238438 0.4103051 0.6498218 0.8274123 0.7592875 0.7513844 1.0567946 1.0840453 1.0846736 1.0772910 1.1207813 1.3543062 
S0017_G6258_R1_U 0.6123195 0.8110429 0.8310797 0.5060847 0.1166810 0.1170037 0.1564486 0.1273518 0.1108006 0.1071092 0.1088916 0.1437795 0.1277752 0.1324439 0.1573211 0.1675640 0.2091937 0.2252616 0.1243169 0.1218895 0.1317121 0.1207899 0.0000000 0.1141296 0.1054364 0.1030328 0.2268403 0.4056500 0.6593833 0.8259367 0.7607205 0.7578763 1.0022651 1.0311164 1.0229848 1.0266543 1.0939015 1.3702228 
S0020_G6258_R1_U 0.6250162 0.8128998 0.8339847 0.4872074 0.0968747 0.1094727 0.1582099 0.1263380 0.0745731 0.0862291 0.0896545 0.1202989 0.0998784 0.1116958 0.1372713 0.1523980 0.2083525 0.2164140 0.1218722 0.1247727 0.1330671 0.1148650 0.1141296 0.0000000 0.0575311 0.0804746 0.2451399 0.4111261 0.6720701 0.8030614 0.7604302 0.7606470 1.0322692 1.0434264 1.0420485 1.0390106 1.0996368 1.3357914 
S0019_G6258_R1_A 0.5986815 0.8139370 0.8340308 0.4683329 0.0945485 0.1070308 0.1564369 0.1088379 0.0714208 0.0835277 0.0843175 0.1203108 0.0983094 0.1043711 0.1366018 0.1468180 0.2050589 0.2125440 0.1123843 0.1198603 0.1347844 0.1102344 0.1054364 0.0575311 0.0000000 0.0735677 0.2436040 0.4108314 0.6788009 0.8221322 0.7696726 0.7674440 1.0108972 1.0379843 1.0302769 1.0339388 1.1000269 1.3271914 
S0028_G6258_R1_A 0.6020477 0.8242954 0.8481211 0.4964680 0.0906721 0.1028343 0.1562875 0.1263611 0.0847081 0.0813970 0.0883031 0.1176609 0.1018443 0.1016483 0.1567330 0.1473306 0.2171617 0.2328589 0.1160543 0.1129380 0.1435954 0.1136929 0.1030328 0.0804746 0.0735677 0.0000000 0.2317634 0.4017291 0.6888904 0.8162988 0.7731467 0.7702792 1.0356608 1.0476273 1.0334090 1.0410720 1.1192677 1.3367448 
S0012_G6258_R1_A 0.5530469 0.9346265 0.9323452 0.5428153 0.2524146 0.2586575 0.2939391 0.2551180 0.2432082 0.2501284 0.2523892 0.2556670 0.2731062 0.2433188 0.2813480 0.2900906 0.2886402 0.2930620 0.2428768 0.2523462 0.2700334 0.2238438 0.2268403 0.2451399 0.2436040 0.2317634 0.0000000 0.4885372 0.7064629 0.8762872 0.8063331 0.8079597 1.1315717 1.1225930 1.1049622 1.0889007 1.1475524 1.4178388 
S0035_G6258_R1_A 0.6827493 0.8579893 0.8680452 0.5228829 0.4203298 0.3908582 0.4341823 0.4356400 0.4179750 0.4207670 0.4143201 0.4469120 0.4367445 0.4333632 0.4845854 0.4771869 0.4736565 0.4846889 0.4224092 0.4431116 0.4445818 0.4103051 0.4056500 0.4111261 0.4108314 0.4017291 0.4885372 0.0000000 0.5924015 0.8927415 0.8056399 0.7990031 1.1198166 1.1034349 1.1319802 1.1207600 1.1068225 1.3405867 
S0006_G6258_R1_A 0.6339180 0.9120865 0.9268072 0.6298432 0.7128638 0.6644434 0.6983935 0.6832954 0.7054431 0.7200261 0.6953361 0.7040296 0.7373881 0.7420326 0.6927319 0.7216262 0.6869400 0.6897552 0.6629098 0.6965866 0.7186923 0.6498218 0.6593833 0.6720701 0.6788009 0.6888904 0.7064629 0.5924015 0.0000000 0.8898422 0.8506550 0.8557458 1.2270077 1.2041853 1.2070529 1.1991474 1.2041234 1.3792332 
S0008_G6258_R1_A 0.5754786 0.7657239 0.7621032 0.6659641 0.8281733 0.8097911 0.8872360 0.8421103 0.8446866 0.8001713 0.8283700 0.8309249 0.8460016 0.8491477 0.8421018 0.9314003 0.8981940 0.9168420 0.8530095 0.8425453 0.8989509 0.8274123 0.8259367 0.8030614 0.8221322 0.8162988 0.8762872 0.8927415 0.8898422 0.0000000 0.4701398 0.4779221 1.2002839 1.1578814 1.1921665 1.1933079 1.2297176 1.2314418 
S0015_G6258_R1_A 0.4510255 0.4882820 0.4989602 0.7199159 0.7803722 0.7724790 0.8204564 0.7661858 0.7659759 0.7724015 0.7664927 0.7549017 0.7933530 0.7965792 0.8203839 0.8095549 0.8226672 0.8268928 0.7939479 0.7558961 0.7912934 0.7592875 0.7607205 0.7604302 0.7696726 0.7731467 0.8063331 0.8056399 0.8506550 0.4701398 0.0000000 0.0041407 1.0905365 1.0724920 1.0722142 1.1057206 1.2059094 1.1368694 
S0015_G6258_R2_A 0.4523495 0.4882430 0.4988647 0.7168920 0.7806644 0.7727986 0.8186433 0.7625811 0.7601047 0.7695151 0.7627093 0.7541555 0.7872108 0.7863161 0.8139535 0.8096807 0.8104528 0.8101539 0.7831045 0.7582947 0.7803529 0.7513844 0.7578763 0.7606470 0.7674440 0.7702792 0.8079597 0.7990031 0.8557458 0.4779221 0.0041407 0.0000000 1.0927488 1.0763075 1.0711804 1.1011774 1.2110591 1.1535237 
S0025_G6258_R1_A 0.7614139 1.2878834 1.3008700 1.0454198 1.0087247 1.0115355 0.9830734 1.0168010 1.0812115 1.0416575 1.0004137 1.0833453 1.0325680 1.0800465 1.0439734 1.1267804 1.0838563 1.1137493 1.0452500 1.0419329 1.0190288 1.0567946 1.0022651 1.0322692 1.0108972 1.0356608 1.1315717 1.1198166 1.2270077 1.2002839 1.0905365 1.0927488 0.0000000 0.0319877 0.0748724 0.0828728 0.2000826 1.0235104 
S0029_G6258_R1_A 0.7448521 1.3207856 1.3303519 1.0465339 1.0381462 1.0407244 0.9986321 1.0425821 1.1051257 1.0700150 1.0219825 1.1252016 1.0523144 1.1086920 1.0736145 1.1510412 1.1055079 1.1416973 1.0743233 1.0653450 1.0445035 1.0840453 1.0311164 1.0434264 1.0379843 1.0476273 1.1225930 1.1034349 1.2041853 1.1578814 1.0724920 1.0763075 0.0319877 0.0000000 0.0667763 0.0702891 0.1903119 1.0027501 
S0032_G6258_R2_N 0.7453325 1.3473269 1.3461986 1.0951929 1.0310551 1.0449395 1.0413729 1.0636899 1.0840168 1.0650705 1.0259322 1.1401212 1.0508153 1.1177644 1.0572788 1.1311506 1.1057897 1.1321125 1.0879881 1.0744223 1.0812140 1.0846736 1.0229848 1.0420485 1.0302769 1.0334090 1.1049622 1.1319802 1.2070529 1.1921665 1.0722142 1.0711804 0.0748724 0.0667763 0.0000000 0.0240402 0.1445397 0.9709188 
S0032_G6258_R1_N 0.7538379 1.3492171 1.3480873 1.0683373 1.0205212 1.0390107 1.0245444 1.0541037 1.0903205 1.0631222 1.0215947 1.1354243 1.0387984 1.1160731 1.0567306 1.1399066 1.1054829 1.1302286 1.0777647 1.0715458 1.0796504 1.0772910 1.0266543 1.0390106 1.0339388 1.0410720 1.0889007 1.1207600 1.1991474 1.1933079 1.1057206 1.1011774 0.0828728 0.0702891 0.0240402 0.0000000 0.1367397 0.9761639 
S0001_G6258_R1_A 0.7940347 1.3768183 1.3679145 1.1133974 1.1127052 1.1263280 1.1108529 1.1201065 1.1523734 1.1359687 1.1083386 1.2477842 1.1557560 1.1634213 1.0986821 1.1905094 1.1284821 1.1550364 1.1283575 1.1023005 1.0879087 1.1207813 1.0939015 1.0996368 1.1000269 1.1192677 1.1475524 1.1068225 1.2041234 1.2297176 1.2059094 1.2110591 0.2000826 0.1903119 0.1445397 0.1367397 0.0000000 0.9956413 
S0003_G6258_R1_N 0.9044034 1.3375420 1.3488945 1.2207105 1.3312822 1.3647536 1.3123544 1.3271791 1.4081754 1.3404381 1.3464517 1.3609842 1.3286779 1.3981589 1.3907952 1.4169069 1.3712791 1.3580365 1.3156469 1.3698732 1.3350192 1.3543062 1.3702228 1.3357914 1.3271914 1.3367448 1.4178388 1.3405867 1.3792332 1.2314418 1.1368694 1.1535237 1.0235104 1.0027501 0.9709188 0.9761639 0.9956413 0.0000000 
