76
S0003_G6274_R1_N 0.0000000 0.7632140 0.7756363 0.7686003 0.7769055 0.7895311 0.7789740 0.7875705 0.7673502 0.7739687 0.6596511 0.6523843 0.6755668 0.7143267 0.7358168 0.7072133 0.6960486 0.6682086 0.6862703 0.6714722 0.6512612 0.6459626 0.7188769 0.6590654 0.6562481 0.6577041 0.6662481 0.6662188 0.6813309 0.6528387 0.6794305 0.6500749 0.6675520 0.6767188 0.6419842 0.6572000 0.6740902 0.6631926 0.6909859 0.6821290 0.6690286 0.6743677 0.7071772 0.7058860 0.7083934 0.6795226 0.6734724 0.6583697 0.6621136 0.6579580 0.6374447 0.6611893 0.6522506 0.6372417 0.6415725 0.6537408 0.6636143 0.6529003 0.6814942 0.6825402 0.6499963 0.6715603 0.6699615 0.5838952 0.6440888 0.6586176 1.3439335 1.3547194 1.3398482 0.6045689 0.5914433 0.5976220 0.5860567 0.5942388 0.6168086 0.6545639 
S0038_G6274_R1_A 0.7632140 0.0000000 0.0228794 0.0279513 0.0258763 0.0289118 0.0177922 0.0259105 0.0068399 0.0274417 0.6315454 0.6439640 0.6587178 0.7470342 0.7282944 0.7136104 0.7177778 0.6585211 0.6545623 0.6568634 0.6441570 0.6640052 0.7461115 0.6713816 0.6534662 0.6596676 0.6658788 0.6556982 0.6470363 0.6162633 0.6440857 0.6539669 0.6659108 0.6876103 0.6520495 0.6623035 0.6610664 0.6572021 0.6880130 0.6884586 0.7477244 0.7326398 0.7629149 0.7117515 0.7100556 0.6722287 0.6563841 0.6527861 0.6539956 0.6696710 0.6245899 0.6741241 0.6587447 0.6548584 0.6750675 0.6722295 0.6521570 0.6739365 0.6663923 0.7221575 0.6935669 0.6924897 0.7001164 0.8042638 0.7720330 0.7455409 1.4719792 1.5009127 1.4600903 0.7643592 0.7747018 0.7751160 0.7877863 0.7577800 0.8002838 0.6751614 
S0045_G6274_R2_A 0.7756363 0.0228794 0.0000000 0.0259933 0.0229044 0.0259367 0.0128160 0.0218801 0.0239703 0.0338582 0.6710104 0.6842034 0.6807371 0.7617050 0.7509720 0.7360150 0.7398889 0.6801840 0.6737348 0.6755266 0.6630317 0.6834700 0.7786064 0.6902497 0.6726049 0.6793325 0.6857503 0.6752990 0.6660534 0.6339666 0.6629939 0.6729123 0.6854760 0.7140664 0.6698101 0.6855797 0.6799434 0.6840333 0.7082842 0.7089860 0.7733983 0.7704887 0.7981938 0.7253167 0.7179343 0.6946747 0.6813059 0.6743661 0.6802420 0.6916460 0.6420390 0.6905750 0.6807928 0.6766201 0.6940816 0.6923060 0.6736973 0.6962303 0.6960908 0.7433806 0.7131043 0.7158236 0.7167204 0.8304587 0.7810673 0.7709591 1.4918907 1.5214912 1.4797622 0.7862283 0.7968904 0.7977422 0.8100464 0.7792856 0.8246384 0.7054818 
S0041_G6274_R1_N 0.7686003 0.0279513 0.0259933 0.0000000 0.0078189 0.0127701 0.0168006 0.0249096 0.0280483 0.0338256 0.6617613 0.6747493 0.6754629 0.7657370 0.7482623 0.7312361 0.7331366 0.6786048 0.6673544 0.6794245 0.6614599 0.6846599 0.7651585 0.6891759 0.6710334 0.6765890 0.6841515 0.6736964 0.6671978 0.6277712 0.6614184 0.6719428 0.6789480 0.7144076 0.6714654 0.6833759 0.6811230 0.6748156 0.7067084 0.7073917 0.7648266 0.7367962 0.7660225 0.7323812 0.7157505 0.6882856 0.6727408 0.6626838 0.6689674 0.6772703 0.6369610 0.6876573 0.6721147 0.6680541 0.6886111 0.6768690 0.6563863 0.6874617 0.6881204 0.7256565 0.6967300 0.7017925 0.7095087 0.8186762 0.7792697 0.7541831 1.4993765 1.5291914 1.4871705 0.7748952 0.7853930 0.7880732 0.8082287 0.7743067 0.8142582 0.7034308 
S0047_G6274_R1_N 0.7769055 0.0258763 0.0229044 0.0078189 0.0000000 0.0107704 0.0137825 0.0228468 0.0249453 0.0327175 0.6630510 0.6760837 0.6795722 0.7673992 0.7527520 0.7327669 0.7345050 0.6770557 0.6631616 0.6751585 0.6573056 0.6830981 0.7599771 0.6875238 0.6693893 0.6748968 0.6797834 0.6693846 0.6705469 0.6249994 0.6572563 0.6676349 0.6774050 0.7127214 0.6671650 0.6817060 0.6768528 0.6732929 0.7022604 0.7028868 0.7743987 0.7458819 0.7753068 0.7251739 0.7171535 0.6920894 0.6767278 0.6698249 0.6729641 0.6812720 0.6407974 0.6917430 0.6761541 0.6720410 0.6926998 0.6829054 0.6634786 0.6915451 0.6829976 0.7333836 0.7107271 0.6998247 0.7075090 0.8251690 0.7818204 0.7585950 1.4922159 1.5217932 1.4800960 0.7859694 0.7966309 0.7995875 0.8131192 0.7790214 0.8266681 0.7071693 
S0043_G6274_R1_N 0.7895311 0.0289118 0.0259367 0.0127701 0.0107704 0.0000000 0.0167645 0.0258714 0.0279871 0.0316496 0.6643146 0.6773430 0.6849677 0.7672209 0.7495165 0.7384717 0.7357085 0.6891972 0.6777911 0.6955343 0.6718289 0.6924760 0.7742882 0.7032777 0.6814934 0.6872769 0.6949420 0.6843993 0.6749080 0.6389763 0.6718068 0.6826448 0.6945228 0.7254686 0.6821511 0.6917498 0.6889093 0.6852758 0.7175849 0.7200307 0.7712694 0.7479633 0.7773806 0.7209834 0.7282481 0.6939128 0.6786706 0.6717655 0.6749194 0.6832127 0.6364611 0.6937026 0.6814254 0.6739933 0.6946588 0.6849147 0.6654174 0.6935039 0.6875693 0.7357912 0.7061133 0.7114548 0.7192399 0.8352104 0.8040342 0.7640981 1.4944229 1.5240294 1.4822950 0.7840886 0.7979482 0.7976189 0.8177641 0.7771246 0.8315633 0.7001071 
S0044_G6274_R1_N 0.7789740 0.0177922 0.0128160 0.0168006 0.0137825 0.0167645 0.0000000 0.0107845 0.0188558 0.0264358 0.6551737 0.6680870 0.6780464 0.7587803 0.7452215 0.7306558 0.7395736 0.6787839 0.6723398 0.6768531 0.6616312 0.6820786 0.7710267 0.6852569 0.6712092 0.6767696 0.6843355 0.6738763 0.6646500 0.6312637 0.6615896 0.6721223 0.6840826 0.7059779 0.6688623 0.6840883 0.6758874 0.6749917 0.7069002 0.7075861 0.7725632 0.7452679 0.7726058 0.7240909 0.7130713 0.6883365 0.6720095 0.6651525 0.6682379 0.6822545 0.6362891 0.6868943 0.6713745 0.6673272 0.6845759 0.6811629 0.6645010 0.6866993 0.6808222 0.7310513 0.7017317 0.7043788 0.7086621 0.8305051 0.7758129 0.7576990 1.4607624 1.4894545 1.4489535 0.7845349 0.7951654 0.7980841 0.8082566 0.7775763 0.8250217 0.6955257 
S0045_G6274_R1_A 0.7875705 0.0259105 0.0218801 0.0249096 0.0228468 0.0258714 0.0107845 0.0000000 0.0280403 0.0338069 0.6662333 0.6793277 0.6993337 0.7803634 0.7720132 0.7560574 0.7633513 0.6948954 0.6910182 0.6928754 0.6773982 0.6981676 0.7899393 0.7063468 0.6871176 0.6930256 0.7007502 0.6901550 0.6805122 0.6503759 0.6773866 0.6883993 0.7002392 0.7238160 0.6822795 0.6900192 0.6813774 0.6909006 0.7205955 0.7214538 0.7918159 0.7610308 0.7827184 0.7358490 0.7458097 0.7083210 0.6930559 0.6860444 0.6893486 0.7034660 0.6566556 0.7084125 0.6927015 0.6883887 0.7093771 0.7091712 0.6853567 0.7082056 0.7021444 0.7546038 0.7235660 0.7267532 0.7250134 0.8511688 0.8209780 0.7755818 1.4927710 1.5223597 1.4806470 0.7943432 0.8050811 0.8082341 0.8242446 0.7932125 0.8386812 0.6934227 
S0042_G6274_R1_N 0.7673502 0.0068399 0.0239703 0.0280483 0.0249453 0.0279871 0.0188558 0.0280403 0.0000000 0.0285751 0.6307342 0.6432043 0.6659707 0.7473743 0.7338714 0.7137419 0.7300983 0.6711301 0.6622417 0.6693961 0.6564025 0.6712256 0.7616816 0.6824573 0.6611267 0.6701775 0.6788009 0.6684290 0.6593779 0.6240307 0.6563527 0.6666831 0.6808831 0.6981429 0.6646901 0.6729487 0.6736601 0.6696629 0.7012260 0.7018385 0.7620813 0.7411790 0.7623074 0.7164489 0.7112277 0.6799291 0.6599691 0.6558068 0.6575820 0.6676477 0.6322934 0.6778506 0.6597273 0.6584532 0.6787987 0.6705547 0.6500924 0.6776604 0.6700490 0.7237262 0.6949026 0.6936535 0.7013189 0.7977941 0.7648683 0.7548154 1.5017659 1.5317141 1.4895110 0.7753596 0.7858898 0.7839142 0.7993886 0.7689063 0.8098649 0.6762434 
S0040_G6274_R1_N 0.7739687 0.0274417 0.0338582 0.0338256 0.0327175 0.0316496 0.0264358 0.0338069 0.0285751 0.0000000 0.6491496 0.6620896 0.6716339 0.7496382 0.7485490 0.7228900 0.7357465 0.6809952 0.6796803 0.6847763 0.6665834 0.6872774 0.7634815 0.6873713 0.6729462 0.6822377 0.6802944 0.6698418 0.6603582 0.6312758 0.6643051 0.6773107 0.6893175 0.7054288 0.6740279 0.6851703 0.6864877 0.6800833 0.7124265 0.7074259 0.7634946 0.7475179 0.7784814 0.7080678 0.7223858 0.6892276 0.6757668 0.6686754 0.6718924 0.6830169 0.6406019 0.6911937 0.6750942 0.6695531 0.6941106 0.6817215 0.6765329 0.6909904 0.6817090 0.7298463 0.7035723 0.7035505 0.7114248 0.7645902 0.7448165 0.7556367 1.4504978 1.4794496 1.4450727 0.7943375 0.8004036 0.8067406 0.8189367 0.7873859 0.8262134 0.6780783 
S0039_G6274_R1_A 0.6596511 0.6315454 0.6710104 0.6617613 0.6630510 0.6643146 0.6551737 0.6662333 0.6307342 0.6491496 0.0000000 0.0078917 0.3839477 0.4196080 0.4346420 0.3966708 0.3351128 0.3584930 0.3309929 0.3273023 0.3285722 0.3170085 0.3518690 0.3476997 0.3326443 0.3299989 0.3300049 0.3225892 0.3341911 0.2984465 0.3327471 0.3374714 0.3370949 0.3423808 0.3281576 0.3455857 0.3387350 0.3371908 0.3515262 0.3552615 0.3327219 0.3054455 0.3270394 0.4173692 0.4121437 0.4170358 0.3589113 0.3595144 0.3608454 0.3695141 0.3619373 0.3769935 0.3633544 0.3407601 0.3454237 0.3651067 0.3632336 0.3882602 0.3866988 0.3597095 0.3684803 0.3720200 0.3704724 0.5671458 0.3205912 0.3928342 0.8593238 0.8631443 0.8545218 0.5554575 0.5476926 0.5608139 0.5724205 0.5535732 0.5753767 0.5713198 
S0051_G6274_R1_A 0.6523843 0.6439640 0.6842034 0.6747493 0.6760837 0.6773430 0.6680870 0.6793277 0.6432043 0.6620896 0.0078917 0.0000000 0.3755756 0.4108305 0.4255778 0.3881027 0.3290184 0.3456734 0.3220659 0.3227593 0.3222991 0.3108009 0.3474514 0.3403451 0.3281000 0.3236379 0.3236201 0.3162601 0.3278765 0.2928757 0.3264112 0.3322356 0.3274217 0.3335257 0.3218128 0.3445419 0.3323727 0.3308333 0.3445066 0.3486771 0.3292429 0.3019989 0.3199968 0.4172937 0.4052610 0.4102014 0.3540644 0.3546812 0.3559914 0.3646633 0.3570006 0.3701326 0.3584447 0.3359311 0.3405762 0.3608133 0.3583736 0.3825220 0.3795842 0.3546426 0.3635873 0.3648722 0.3654877 0.5634051 0.3188066 0.3860617 0.8559687 0.8598038 0.8482077 0.5493146 0.5415648 0.5546036 0.5661794 0.5473595 0.5689140 0.5718407 
S0008_G6274_R1_A 0.6755668 0.6587178 0.6807371 0.6754629 0.6795722 0.6849677 0.6780464 0.6993337 0.6659707 0.6716339 0.3839477 0.3755756 0.0000000 0.1067614 0.1004504 0.1131075 0.2930233 0.3088736 0.3073389 0.3173373 0.3092433 0.2945981 0.3270659 0.3241928 0.3141835 0.3091942 0.3002764 0.2970751 0.3138214 0.2577684 0.3112009 0.2961766 0.3026937 0.3194140 0.3022643 0.2758224 0.3114258 0.3160853 0.3202865 0.3342469 0.3314328 0.3131744 0.2997659 0.3679924 0.3494247 0.3436495 0.3070859 0.3050386 0.3140916 0.2935942 0.3098350 0.3211317 0.2996573 0.2846646 0.2953118 0.3072294 0.3046682 0.3250078 0.3315855 0.3428377 0.3339172 0.3099930 0.3177139 0.4682356 0.2932841 0.3282652 0.8990240 0.8931419 0.8712559 0.5607777 0.5582068 0.5440178 0.5609687 0.5643424 0.5630671 0.5796975 
S0027_G6274_R1_A 0.7143267 0.7470342 0.7617050 0.7657370 0.7673992 0.7672209 0.7587803 0.7803634 0.7473743 0.7496382 0.4196080 0.4108305 0.1067614 0.0000000 0.1068579 0.1434094 0.3176787 0.3503625 0.3489288 0.3632450 0.3552860 0.3370729 0.3800425 0.3542781 0.3567982 0.3532873 0.3346287 0.3321171 0.3622848 0.3040068 0.3516440 0.3406189 0.3483927 0.3720125 0.3435998 0.3216027 0.3507576 0.3576567 0.3683815 0.3779348 0.3667893 0.3700684 0.3606221 0.4021418 0.3586253 0.3710393 0.3211477 0.3151931 0.3251453 0.3074317 0.3279621 0.3261762 0.3023817 0.2988971 0.3060842 0.3168806 0.3097651 0.3339062 0.3451833 0.3535681 0.3442451 0.3105808 0.3145253 0.5143794 0.3171342 0.3344943 0.9858550 0.9872438 0.9669463 0.5592902 0.5661824 0.5441637 0.5639063 0.5603567 0.5649475 0.5965073 
S0014_G6274_R1_A 0.7358168 0.7282944 0.7509720 0.7482623 0.7527520 0.7495165 0.7452215 0.7720132 0.7338714 0.7485490 0.4346420 0.4255778 0.1004504 0.1068579 0.0000000 0.1551700 0.3336259 0.3707483 0.3772063 0.3921116 0.3815459 0.3660365 0.4046691 0.3940447 0.3927397 0.3807260 0.3558707 0.3527672 0.3864956 0.3156505 0.3789535 0.3630947 0.3688178 0.3985059 0.3705630 0.3391361 0.3819473 0.3859265 0.3904209 0.4018531 0.3633907 0.3552606 0.3509072 0.4205477 0.3838772 0.3910624 0.3412315 0.3438008 0.3577684 0.3404909 0.3509373 0.3587515 0.3426242 0.3231760 0.3324278 0.3493327 0.3394712 0.3598449 0.3820649 0.3851592 0.3749839 0.3506484 0.3588651 0.5046928 0.3110371 0.3687458 1.0115929 1.0052109 0.9880223 0.6155058 0.6152744 0.5992967 0.6192497 0.6159516 0.6112718 0.6223248 
S0015_G6274_R1_A 0.7072133 0.7136104 0.7360150 0.7312361 0.7327669 0.7384717 0.7306558 0.7560574 0.7137419 0.7228900 0.3966708 0.3881027 0.1131075 0.1434094 0.1551700 0.0000000 0.3206139 0.3489775 0.3425061 0.3684286 0.3545814 0.3402256 0.3829013 0.3758245 0.3653020 0.3589596 0.3490847 0.3465791 0.3607022 0.3065882 0.3549385 0.3461387 0.3414880 0.3757116 0.3421759 0.3124682 0.3584951 0.3596424 0.3642088 0.3784712 0.3542365 0.3219301 0.3275636 0.4065858 0.3725098 0.3650017 0.3329088 0.3324747 0.3346348 0.3188904 0.3383898 0.3511877 0.3282537 0.3061101 0.3168354 0.3287944 0.3267743 0.3499794 0.3553451 0.3570708 0.3419584 0.3344448 0.3404227 0.4800536 0.3105706 0.3346592 0.9615075 0.9572715 0.9385608 0.5709914 0.5706704 0.5540092 0.5764447 0.5684247 0.5752497 0.5761503 
S0005_G6274_R2_A 0.6960486 0.7177778 0.7398889 0.7331366 0.7345050 0.7357085 0.7395736 0.7633513 0.7300983 0.7357465 0.3351128 0.3290184 0.2930233 0.3176787 0.3336259 0.3206139 0.0000000 0.1484171 0.1325863 0.1426398 0.1248462 0.1339055 0.1758488 0.1695866 0.1426091 0.1433228 0.1326213 0.1267211 0.1361459 0.1044474 0.1299616 0.1346669 0.1390419 0.1577671 0.1351557 0.1328176 0.1375729 0.1413255 0.1336490 0.1599637 0.1905709 0.2690389 0.2665207 0.1767549 0.3560751 0.3414575 0.3287438 0.3258401 0.3301179 0.3220740 0.3254260 0.3284418 0.3338362 0.3242822 0.3297099 0.3225975 0.3183950 0.3404154 0.3532350 0.3561500 0.3279006 0.3498287 0.3579742 0.3950266 0.3298875 0.3509052 0.6745519 0.6833923 0.6748166 0.5645585 0.5573767 0.5771929 0.5693906 0.5832536 0.5711136 0.6113670 
S0011_G6274_R1_A 0.6682086 0.6585211 0.6801840 0.6786048 0.6770557 0.6891972 0.6787839 0.6948954 0.6711301 0.6809952 0.3584930 0.3456734 0.3088736 0.3503625 0.3707483 0.3489775 0.1484171 0.0000000 0.0491559 0.0632784 0.0522553 0.0551215 0.0960006 0.0818418 0.0680054 0.0647877 0.0540161 0.0521210 0.0580670 0.0449501 0.0487040 0.0567011 0.0541385 0.0820511 0.0524670 0.0710176 0.0512494 0.0516314 0.0622248 0.0760813 0.2298821 0.2944872 0.2952106 0.1955955 0.3732567 0.3354816 0.3316510 0.3260671 0.3295974 0.3293656 0.3245465 0.3222723 0.3331291 0.3285802 0.3408809 0.3217948 0.3318089 0.3401137 0.3550436 0.3722605 0.3456210 0.3514986 0.3556105 0.4359401 0.3529647 0.3455097 0.6113559 0.6226211 0.5999902 0.6021566 0.5926607 0.5976005 0.5954284 0.6114585 0.6211645 0.6148204 
S0036_G6274_R1_U 0.6862703 0.6545623 0.6737348 0.6673544 0.6631616 0.6777911 0.6723398 0.6910182 0.6622417 0.6796803 0.3309929 0.3220659 0.3073389 0.3489288 0.3772063 0.3425061 0.1325863 0.0491559 0.0000000 0.0432882 0.0394150 0.0432113 0.0860813 0.0750952 0.0527204 0.0504349 0.0409476 0.0381649 0.0431115 0.0272535 0.0359244 0.0428609 0.0469914 0.0724081 0.0422326 0.0554496 0.0412704 0.0463217 0.0462627 0.0632944 0.2261603 0.2764220 0.2819448 0.1776270 0.3551734 0.3284968 0.3157447 0.3137557 0.3177228 0.3134324 0.3067841 0.3151089 0.3240120 0.3073660 0.3192680 0.3122806 0.3093541 0.3240090 0.3364037 0.3522984 0.3252459 0.3330127 0.3369853 0.4224221 0.3365851 0.3437395 0.5966580 0.5989090 0.5725656 0.5821805 0.5730072 0.5781588 0.5818474 0.5883379 0.6112449 0.6015641 
S0004_G6274_R2_A 0.6714722 0.6568634 0.6755266 0.6794245 0.6751585 0.6955343 0.6768531 0.6928754 0.6693961 0.6847763 0.3273023 0.3227593 0.3173373 0.3632450 0.3921116 0.3684286 0.1426398 0.0632784 0.0432882 0.0000000 0.0452623 0.0491162 0.0956683 0.0839939 0.0578195 0.0565429 0.0468707 0.0450048 0.0510738 0.0428991 0.0398734 0.0459567 0.0529711 0.0757683 0.0414607 0.0620375 0.0414683 0.0436333 0.0503435 0.0645935 0.2327888 0.3029972 0.2945322 0.1834258 0.3753651 0.3459756 0.3304746 0.3254126 0.3288180 0.3321130 0.3219011 0.3268422 0.3313808 0.3224522 0.3327756 0.3332641 0.3277492 0.3378130 0.3520440 0.3615019 0.3445041 0.3462405 0.3446843 0.4418369 0.3411212 0.3476272 0.5936592 0.5959069 0.5671701 0.5899341 0.5785058 0.5774402 0.5841882 0.5848807 0.6152153 0.6207226 
S0026_G6274_R1_A 0.6512612 0.6441570 0.6630317 0.6614599 0.6573056 0.6718289 0.6616312 0.6773982 0.6564025 0.6665834 0.3285722 0.3222991 0.3092433 0.3552860 0.3815459 0.3545814 0.1248462 0.0522553 0.0394150 0.0452623 0.0000000 0.0403230 0.0893532 0.0751650 0.0518182 0.0485824 0.0371826 0.0353470 0.0432189 0.0375851 0.0321905 0.0419535 0.0451652 0.0662500 0.0374532 0.0512176 0.0394599 0.0444865 0.0443467 0.0633234 0.2186939 0.2859902 0.2874541 0.1697640 0.3646182 0.3391236 0.3267671 0.3242458 0.3247048 0.3279302 0.3177587 0.3233911 0.3317547 0.3183185 0.3303822 0.3225468 0.3218432 0.3339936 0.3440768 0.3616494 0.3339040 0.3427703 0.3449553 0.4298008 0.3324641 0.3473668 0.5676084 0.5688403 0.5474695 0.5778242 0.5684239 0.5690910 0.5794371 0.5859277 0.6050708 0.5850985 
S0046_G6274_R1_A 0.6459626 0.6640052 0.6834700 0.6846599 0.6830981 0.6924760 0.6820786 0.6981676 0.6712256 0.6872774 0.3170085 0.3108009 0.2945981 0.3370729 0.3660365 0.3402256 0.1339055 0.0551215 0.0432113 0.0491162 0.0403230 0.0000000 0.0927692 0.0762285 0.0575416 0.0543382 0.0419485 0.0419776 0.0461025 0.0406682 0.0378220 0.0448250 0.0432927 0.0664113 0.0441890 0.0607166 0.0403991 0.0435576 0.0500918 0.0633413 0.2109539 0.2834813 0.2855191 0.1826583 0.3612022 0.3346595 0.3186767 0.3166764 0.3199367 0.3197661 0.3097661 0.3180387 0.3235095 0.3103380 0.3221993 0.3102458 0.3182416 0.3294539 0.3374641 0.3592732 0.3337220 0.3344263 0.3365666 0.4259523 0.3305587 0.3488632 0.5771857 0.5724507 0.5513671 0.5605420 0.5496055 0.5544296 0.5561225 0.5725747 0.5853823 0.5824515 
S0002_G6274_R1_A 0.7188769 0.7461115 0.7786064 0.7651585 0.7599771 0.7742882 0.7710267 0.7899393 0.7616816 0.7634815 0.3518690 0.3474514 0.3270659 0.3800425 0.4046691 0.3829013 0.1758488 0.0960006 0.0860813 0.0956683 0.0893532 0.0927692 0.0000000 0.1169612 0.0979940 0.0993539 0.0954426 0.0920132 0.0934611 0.0893114 0.0788801 0.0856193 0.0987762 0.1168059 0.0860744 0.1129687 0.0918198 0.1016907 0.0988158 0.1224935 0.2723662 0.3046943 0.3199304 0.2516475 0.3305211 0.3328337 0.3098904 0.3060656 0.3119408 0.3056001 0.2979057 0.3030609 0.3108978 0.2912863 0.3052985 0.3003687 0.3026202 0.3080150 0.3300331 0.3350907 0.3116993 0.3227975 0.3250006 0.4935342 0.3505276 0.3378293 0.7069119 0.7124446 0.6778429 0.6319468 0.6279657 0.6105411 0.6227863 0.6470914 0.6488959 0.6457463 
S0012_G6274_R1_A 0.6590654 0.6713816 0.6902497 0.6891759 0.6875238 0.7032777 0.6852569 0.7063468 0.6824573 0.6873713 0.3476997 0.3403451 0.3241928 0.3542781 0.3940447 0.3758245 0.1695866 0.0818418 0.0750952 0.0839939 0.0751650 0.0762285 0.1169612 0.0000000 0.0769856 0.0804809 0.0750643 0.0708411 0.0781248 0.0680814 0.0734092 0.0672269 0.0732093 0.1023819 0.0779182 0.0869949 0.0750493 0.0723386 0.0785123 0.0925615 0.2467606 0.3019665 0.3163744 0.2196233 0.3697956 0.3463808 0.3326559 0.3306466 0.3392977 0.3364689 0.3258240 0.3319734 0.3295689 0.3267792 0.3392934 0.3378991 0.3317555 0.3492034 0.3571180 0.3664558 0.3492781 0.3532333 0.3554807 0.4301347 0.3378825 0.3603062 0.6410225 0.6418544 0.6262067 0.5873561 0.5787374 0.5848004 0.5962459 0.6013073 0.6159914 0.5999303 
S0048_G6274_R1_A 0.6562481 0.6534662 0.6726049 0.6710334 0.6693893 0.6814934 0.6712092 0.6871176 0.6611267 0.6729462 0.3326443 0.3281000 0.3141835 0.3567982 0.3927397 0.3653020 0.1426091 0.0680054 0.0527204 0.0578195 0.0518182 0.0575416 0.0979940 0.0769856 0.0000000 0.0104909 0.0544619 0.0555596 0.0586114 0.0447002 0.0464241 0.0545189 0.0537744 0.0837653 0.0539149 0.0692977 0.0536315 0.0579403 0.0598805 0.0774546 0.2378550 0.2990591 0.2921484 0.1881946 0.3667788 0.3377772 0.3198879 0.3196323 0.3281067 0.3245557 0.3093908 0.3210124 0.3248774 0.3115662 0.3234382 0.3220708 0.3134976 0.3342399 0.3386958 0.3630279 0.3333166 0.3350829 0.3372206 0.4445105 0.3450711 0.3424912 0.6268652 0.6292507 0.6022116 0.5801724 0.5729369 0.5733384 0.5839393 0.5903901 0.5900573 0.6063787 
S0050_G6274_R1_A 0.6577041 0.6596676 0.6793325 0.6765890 0.6748968 0.6872769 0.6767696 0.6930256 0.6701775 0.6822377 0.3299989 0.3236379 0.3091942 0.3532873 0.3807260 0.3589596 0.1433228 0.0647877 0.0504349 0.0565429 0.0485824 0.0543382 0.0993539 0.0804809 0.0104909 0.0000000 0.0512841 0.0522949 0.0563375 0.0470214 0.0459892 0.0512522 0.0505465 0.0795691 0.0525824 0.0680040 0.0504113 0.0547178 0.0566687 0.0732986 0.2295811 0.2954989 0.2901936 0.1928590 0.3706725 0.3365368 0.3183519 0.3181025 0.3266636 0.3194457 0.3077187 0.3194917 0.3258594 0.3081494 0.3167295 0.3226067 0.3132467 0.3328744 0.3351438 0.3618122 0.3317327 0.3370295 0.3391834 0.4313208 0.3352311 0.3411904 0.6071996 0.6094965 0.5829198 0.5927489 0.5852609 0.5956086 0.5948451 0.6034358 0.6074138 0.6041820 
S0021_G6274_R1_A 0.6662481 0.6658788 0.6857503 0.6841515 0.6797834 0.6949420 0.6843355 0.7007502 0.6788009 0.6802944 0.3300049 0.3236201 0.3002764 0.3346287 0.3558707 0.3490847 0.1326213 0.0540161 0.0409476 0.0468707 0.0371826 0.0419485 0.0954426 0.0750643 0.0544619 0.0512841 0.0000000 0.0105785 0.0467215 0.0381463 0.0355081 0.0426036 0.0467247 0.0674163 0.0409059 0.0568639 0.0400237 0.0432201 0.0478876 0.0601815 0.2107319 0.2702122 0.2765848 0.1777641 0.3624074 0.3470964 0.3248318 0.3253186 0.3322482 0.3228959 0.3181787 0.3267665 0.3325056 0.3188680 0.3289128 0.3278515 0.3152561 0.3359343 0.3414484 0.3604666 0.3326012 0.3327977 0.3385394 0.4374000 0.3331422 0.3536862 0.5795252 0.5771991 0.5534837 0.5835162 0.5712269 0.5764396 0.5906606 0.5919888 0.6114295 0.5901871 
S0021_G6274_R2_U 0.6662188 0.6556982 0.6752990 0.6736964 0.6693846 0.6843993 0.6738763 0.6901550 0.6684290 0.6698418 0.3225892 0.3162601 0.2970751 0.3321171 0.3527672 0.3465791 0.1267211 0.0521210 0.0381649 0.0450048 0.0353470 0.0419776 0.0920132 0.0708411 0.0555596 0.0522949 0.0105785 0.0000000 0.0448616 0.0350793 0.0336663 0.0426337 0.0468463 0.0654756 0.0390220 0.0548322 0.0381810 0.0404151 0.0460172 0.0581668 0.2098737 0.2688477 0.2735944 0.1742139 0.3579318 0.3385759 0.3177634 0.3182728 0.3250827 0.3141383 0.3145411 0.3196758 0.3252976 0.3117978 0.3217751 0.3205783 0.3136074 0.3287749 0.3358757 0.3516662 0.3244055 0.3307277 0.3329032 0.4319879 0.3213775 0.3503818 0.5846952 0.5869251 0.5584075 0.5823410 0.5700533 0.5752576 0.5949119 0.5962551 0.6091249 0.5899642 
S0020_G6274_R1_A 0.6813309 0.6470363 0.6660534 0.6671978 0.6705469 0.6749080 0.6646500 0.6805122 0.6593779 0.6603582 0.3341911 0.3278765 0.3138214 0.3622848 0.3864956 0.3607022 0.1361459 0.0580670 0.0431115 0.0510738 0.0432189 0.0461025 0.0934611 0.0781248 0.0586114 0.0563375 0.0467215 0.0448616 0.0000000 0.0386230 0.0397204 0.0477241 0.0471898 0.0775868 0.0461000 0.0618261 0.0461019 0.0502968 0.0481880 0.0695122 0.2119395 0.2811891 0.2844029 0.1828939 0.3717246 0.3382878 0.3250245 0.3213835 0.3254226 0.3296143 0.3178538 0.3192252 0.3317820 0.3132411 0.3250187 0.3253743 0.3236906 0.3289947 0.3485464 0.3659209 0.3380363 0.3477160 0.3463719 0.4195717 0.3432945 0.3524859 0.5981639 0.6051878 0.5831496 0.5740981 0.5629303 0.5649627 0.5737666 0.5756908 0.5964283 0.6105183 
S0019_G6274_R1_A 0.6528387 0.6162633 0.6339666 0.6277712 0.6249994 0.6389763 0.6312637 0.6503759 0.6240307 0.6312758 0.2984465 0.2928757 0.2577684 0.3040068 0.3156505 0.3065882 0.1044474 0.0449501 0.0272535 0.0428991 0.0375851 0.0406682 0.0893114 0.0680814 0.0447002 0.0470214 0.0381463 0.0350793 0.0386230 0.0000000 0.0337247 0.0370751 0.0427098 0.0615113 0.0406655 0.0536808 0.0364961 0.0398622 0.0440731 0.0584167 0.2084172 0.2597790 0.2574345 0.1443791 0.3300382 0.3091226 0.2904864 0.2888854 0.2879663 0.2839001 0.2848650 0.2893358 0.2902698 0.2836511 0.2947221 0.2906378 0.2891613 0.3018228 0.3029231 0.3223498 0.2963999 0.3036599 0.3077933 0.3475128 0.2411260 0.3139441 0.5591970 0.5588154 0.5366761 0.5533269 0.5437452 0.5552268 0.5511837 0.5573576 0.5859374 0.5757684 
S0030_G6274_R2_A 0.6794305 0.6440857 0.6629939 0.6614184 0.6572563 0.6718068 0.6615896 0.6773866 0.6563527 0.6643051 0.3327471 0.3264112 0.3112009 0.3516440 0.3789535 0.3549385 0.1299616 0.0487040 0.0359244 0.0398734 0.0321905 0.0378220 0.0788801 0.0734092 0.0464241 0.0459892 0.0355081 0.0336663 0.0397204 0.0337247 0.0000000 0.0393773 0.0416602 0.0657619 0.0338520 0.0537235 0.0359656 0.0399937 0.0389671 0.0578532 0.2164791 0.2837501 0.2824741 0.1798447 0.3527876 0.3388130 0.3248020 0.3223030 0.3290714 0.3255618 0.3140255 0.3241461 0.3279419 0.3145926 0.3265948 0.3233101 0.3199020 0.3313571 0.3402156 0.3562231 0.3326173 0.3388624 0.3391985 0.4349590 0.3243614 0.3511215 0.5944468 0.5966794 0.5704860 0.5814051 0.5723024 0.5774665 0.5834342 0.5899667 0.6141057 0.5847824 
S0028_G6274_R1_A 0.6500749 0.6539669 0.6729123 0.6719428 0.6676349 0.6826448 0.6721223 0.6883993 0.6666831 0.6773107 0.3374714 0.3322356 0.2961766 0.3406189 0.3630947 0.3461387 0.1346669 0.0567011 0.0428609 0.0459567 0.0419535 0.0448250 0.0856193 0.0672269 0.0545189 0.0512522 0.0426036 0.0426337 0.0477241 0.0370751 0.0393773 0.0000000 0.0477275 0.0701478 0.0429049 0.0610191 0.0390448 0.0431890 0.0479632 0.0641801 0.2242031 0.2852321 0.2871746 0.1799834 0.3623392 0.3370206 0.3253190 0.3214738 0.3255283 0.3210586 0.3102098 0.3184024 0.3285031 0.3127675 0.3247910 0.3197953 0.3154077 0.3286850 0.3445399 0.3629851 0.3356188 0.3394954 0.3416789 0.4510193 0.3425430 0.3501664 0.5791442 0.5834715 0.5639459 0.5640464 0.5593572 0.5622614 0.5661828 0.5776852 0.5904103 0.5925669 
S0013_G6274_R1_A 0.6675520 0.6659108 0.6854760 0.6789480 0.6774050 0.6945228 0.6840826 0.7002392 0.6808831 0.6893175 0.3370949 0.3274217 0.3026937 0.3483927 0.3688178 0.3414880 0.1390419 0.0541385 0.0469914 0.0529711 0.0451652 0.0432927 0.0987762 0.0732093 0.0537744 0.0505465 0.0467247 0.0468463 0.0471898 0.0427098 0.0416602 0.0477275 0.0000000 0.0714455 0.0481506 0.0650166 0.0432327 0.0473037 0.0492522 0.0692438 0.2158843 0.2876945 0.2874439 0.1854804 0.3628184 0.3384575 0.3255207 0.3234531 0.3320465 0.3230649 0.3165455 0.3248647 0.3304741 0.3133467 0.3269268 0.3218305 0.3223976 0.3356478 0.3463916 0.3650764 0.3371285 0.3404293 0.3425934 0.4308002 0.3381363 0.3513504 0.5898804 0.5917985 0.5680647 0.5715018 0.5602609 0.5652939 0.5688911 0.5772533 0.5966932 0.5854320 
S0017_G6274_R2_A 0.6767188 0.6876103 0.7140664 0.7144076 0.7127214 0.7254686 0.7059779 0.7238160 0.6981429 0.7054288 0.3423808 0.3335257 0.3194140 0.3720125 0.3985059 0.3757116 0.1577671 0.0820511 0.0724081 0.0757683 0.0662500 0.0664113 0.1168059 0.1023819 0.0837653 0.0795691 0.0674163 0.0654756 0.0775868 0.0615113 0.0657619 0.0701478 0.0714455 0.0000000 0.0637963 0.0759544 0.0673006 0.0668241 0.0737967 0.0878920 0.2522565 0.3076598 0.3099925 0.2130118 0.3981110 0.3721395 0.3572237 0.3567119 0.3641591 0.3555064 0.3503520 0.3569545 0.3579944 0.3527351 0.3634693 0.3538884 0.3575378 0.3691373 0.3732120 0.4008758 0.3771499 0.3691847 0.3714703 0.4381257 0.3649503 0.3769917 0.5553729 0.5635620 0.5429047 0.6056157 0.5938973 0.5944281 0.6048101 0.6165532 0.6241960 0.5868364 
S0023_G6274_R1_A 0.6419842 0.6520495 0.6698101 0.6714654 0.6671650 0.6821511 0.6688623 0.6822795 0.6646901 0.6740279 0.3281576 0.3218128 0.3022643 0.3435998 0.3705630 0.3421759 0.1351557 0.0524670 0.0422326 0.0414607 0.0374532 0.0441890 0.0860744 0.0779182 0.0539149 0.0525824 0.0409059 0.0390220 0.0461000 0.0406655 0.0338520 0.0429049 0.0481506 0.0637963 0.0000000 0.0601384 0.0394411 0.0454735 0.0482836 0.0628210 0.2166422 0.2796427 0.2709745 0.1764857 0.3604786 0.3325105 0.3190963 0.3131618 0.3197841 0.3184080 0.3080756 0.3139163 0.3222717 0.3048596 0.3174420 0.3126826 0.3141432 0.3230218 0.3316460 0.3489629 0.3190998 0.3329070 0.3313252 0.4449573 0.3159645 0.3500419 0.5661042 0.5703027 0.5446472 0.5759548 0.5685924 0.5697084 0.5756414 0.5821847 0.6013685 0.5920699 
S0018_G6274_R2_A 0.6572000 0.6623035 0.6855797 0.6833759 0.6817060 0.6917498 0.6840883 0.6900192 0.6729487 0.6851703 0.3455857 0.3445419 0.2758224 0.3216027 0.3391361 0.3124682 0.1328176 0.0710176 0.0554496 0.0620375 0.0512176 0.0607166 0.1129687 0.0869949 0.0692977 0.0680040 0.0568639 0.0548322 0.0618261 0.0536808 0.0537235 0.0610191 0.0650166 0.0759544 0.0601384 0.0000000 0.0368312 0.0546230 0.0610426 0.0758217 0.2266956 0.2978306 0.2917151 0.1816873 0.3311902 0.3246188 0.3039794 0.2939236 0.3029151 0.3007441 0.2893094 0.2979678 0.3046844 0.2838799 0.2946007 0.2975008 0.2911062 0.3038224 0.3216633 0.3324374 0.3080171 0.3035411 0.3057700 0.4360441 0.3464891 0.3085660 0.6672100 0.6701440 0.6441095 0.5519966 0.5505549 0.5488608 0.5629824 0.5674031 0.5814731 0.5702590 
S0031_G6274_R2_A 0.6740902 0.6610664 0.6799434 0.6811230 0.6768528 0.6889093 0.6758874 0.6813774 0.6736601 0.6864877 0.3387350 0.3323727 0.3114258 0.3507576 0.3819473 0.3584951 0.1375729 0.0512494 0.0412704 0.0414683 0.0394599 0.0403991 0.0918198 0.0750493 0.0536315 0.0504113 0.0400237 0.0381810 0.0461019 0.0364961 0.0359656 0.0390448 0.0432327 0.0673006 0.0394411 0.0368312 0.0000000 0.0378326 0.0463038 0.0553241 0.2197443 0.2933118 0.2928240 0.1797685 0.3712019 0.3392932 0.3231674 0.3211243 0.3296460 0.3242879 0.3158566 0.3225180 0.3298832 0.3130091 0.3285299 0.3234667 0.3218368 0.3358349 0.3439486 0.3670418 0.3390163 0.3373037 0.3376051 0.4318902 0.3433150 0.3475082 0.5952736 0.5996206 0.5733251 0.5729193 0.5661147 0.5667605 0.5687485 0.5841596 0.6004264 0.5834799 
S0016_G6274_R2_A 0.6631926 0.6572021 0.6840333 0.6748156 0.6732929 0.6852758 0.6749917 0.6909006 0.6696629 0.6800833 0.3371908 0.3308333 0.3160853 0.3576567 0.3859265 0.3596424 0.1413255 0.0516314 0.0463217 0.0436333 0.0444865 0.0435576 0.1016907 0.0723386 0.0579403 0.0547178 0.0432201 0.0404151 0.0502968 0.0398622 0.0399937 0.0431890 0.0473037 0.0668241 0.0454735 0.0546230 0.0378326 0.0000000 0.0495751 0.0607589 0.2207530 0.2924880 0.2967663 0.1888041 0.3680578 0.3426399 0.3233891 0.3231095 0.3237387 0.3223773 0.3143961 0.3202088 0.3283258 0.3149627 0.3235610 0.3218672 0.3158390 0.3343090 0.3442816 0.3638862 0.3398341 0.3411169 0.3432951 0.4403848 0.3461785 0.3474409 0.5791813 0.5834406 0.5619731 0.5779867 0.5666656 0.5717799 0.5724323 0.5810745 0.6088004 0.5980548 
S0022_G6274_R2_A 0.6909859 0.6880130 0.7082842 0.7067084 0.7022604 0.7175849 0.7069002 0.7205955 0.7012260 0.7124265 0.3515262 0.3445066 0.3202865 0.3683815 0.3904209 0.3642088 0.1336490 0.0622248 0.0462627 0.0503435 0.0443467 0.0500918 0.0988158 0.0785123 0.0598805 0.0566687 0.0478876 0.0460172 0.0481880 0.0440731 0.0389671 0.0479632 0.0492522 0.0737967 0.0482836 0.0610426 0.0463038 0.0495751 0.0000000 0.0688112 0.2238619 0.2978647 0.2840039 0.1909045 0.3761163 0.3538840 0.3430072 0.3389756 0.3456178 0.3443062 0.3339136 0.3404977 0.3464085 0.3304230 0.3422675 0.3456694 0.3360992 0.3482738 0.3553736 0.3751233 0.3505777 0.3554567 0.3576904 0.4418558 0.3436982 0.3703718 0.6088036 0.6111295 0.5817958 0.6027381 0.5910162 0.5941966 0.6004315 0.6095082 0.6338755 0.6017540 
S0037_G6274_R2_A 0.6821290 0.6884586 0.7089860 0.7073917 0.7028868 0.7200307 0.7075861 0.7214538 0.7018385 0.7074259 0.3552615 0.3486771 0.3342469 0.3779348 0.4018531 0.3784712 0.1599637 0.0760813 0.0632944 0.0645935 0.0633234 0.0633413 0.1224935 0.0925615 0.0774546 0.0732986 0.0601815 0.0581668 0.0695122 0.0584167 0.0578532 0.0641801 0.0692438 0.0878920 0.0628210 0.0758217 0.0553241 0.0607589 0.0688112 0.0000000 0.2379628 0.3167409 0.3193683 0.2128560 0.3766985 0.3578379 0.3408126 0.3385711 0.3457396 0.3418979 0.3264500 0.3395208 0.3460882 0.3303269 0.3404694 0.3333570 0.3356596 0.3425604 0.3610876 0.3799753 0.3544860 0.3448538 0.3470742 0.4425693 0.3422221 0.3778399 0.6012810 0.6057391 0.5833269 0.6070699 0.5986492 0.6028132 0.6073736 0.6077136 0.6170559 0.5984672 
S0033_G6274_R2_A 0.6690286 0.7477244 0.7733983 0.7648266 0.7743987 0.7712694 0.7725632 0.7918159 0.7620813 0.7634946 0.3327219 0.3292429 0.3314328 0.3667893 0.3633907 0.3542365 0.1905709 0.2298821 0.2261603 0.2327888 0.2186939 0.2109539 0.2723662 0.2467606 0.2378550 0.2295811 0.2107319 0.2098737 0.2119395 0.2084172 0.2164791 0.2242031 0.2158843 0.2522565 0.2166422 0.2266956 0.2197443 0.2207530 0.2238619 0.2379628 0.0000000 0.2546559 0.2532290 0.2638652 0.3882012 0.3708411 0.3186405 0.3213871 0.3137121 0.3154386 0.3136165 0.3208864 0.3383826 0.3194581 0.3274313 0.3354437 0.3300795 0.3443562 0.3490091 0.3458987 0.3283928 0.3535045 0.3602132 0.4446779 0.2638549 0.3607726 0.7790959 0.7738940 0.7759158 0.5852862 0.5784406 0.5713180 0.5940490 0.6060923 0.6024340 0.5937816 
S0015_G6274_R2_A 0.6743677 0.7326398 0.7704887 0.7367962 0.7458819 0.7479633 0.7452679 0.7610308 0.7411790 0.7475179 0.3054455 0.3019989 0.3131744 0.3700684 0.3552606 0.3219301 0.2690389 0.2944872 0.2764220 0.3029972 0.2859902 0.2834813 0.3046943 0.3019665 0.2990591 0.2954989 0.2702122 0.2688477 0.2811891 0.2597790 0.2837501 0.2852321 0.2876945 0.3076598 0.2796427 0.2978306 0.2933118 0.2924880 0.2978647 0.3167409 0.2546559 0.0000000 0.0953728 0.3281958 0.3754255 0.3868469 0.3350716 0.3471880 0.3357588 0.3454496 0.3285556 0.3474348 0.3491677 0.3237599 0.3284545 0.3461469 0.3415730 0.3556030 0.3619784 0.3494054 0.3391950 0.3682686 0.3767520 0.4250247 0.3065003 0.3476600 0.9408470 0.9479339 0.9058827 0.5520615 0.5592841 0.5522876 0.5566724 0.5618342 0.5528737 0.5531056 
S0034_G6274_R1_A 0.7071772 0.7629149 0.7981938 0.7660225 0.7753068 0.7773806 0.7726058 0.7827184 0.7623074 0.7784814 0.3270394 0.3199968 0.2997659 0.3606221 0.3509072 0.3275636 0.2665207 0.2952106 0.2819448 0.2945322 0.2874541 0.2855191 0.3199304 0.3163744 0.2921484 0.2901936 0.2765848 0.2735944 0.2844029 0.2574345 0.2824741 0.2871746 0.2874439 0.3099925 0.2709745 0.2917151 0.2928240 0.2967663 0.2840039 0.3193683 0.2532290 0.0953728 0.0000000 0.3230858 0.3487999 0.3558330 0.3121517 0.3233648 0.3134433 0.3231395 0.2998506 0.3218856 0.3236556 0.3079874 0.3125304 0.3182292 0.3167140 0.3320011 0.3390302 0.3192473 0.3026926 0.3353948 0.3434948 0.4147811 0.2987301 0.3263842 0.9391211 0.9403060 0.9023565 0.5723820 0.5747334 0.5679532 0.5801739 0.5793481 0.5678575 0.5634281 
S0035_G6274_R1_A 0.7058860 0.7117515 0.7253167 0.7323812 0.7251739 0.7209834 0.7240909 0.7358490 0.7164489 0.7080678 0.4173692 0.4172937 0.3679924 0.4021418 0.4205477 0.4065858 0.1767549 0.1955955 0.1776270 0.1834258 0.1697640 0.1826583 0.2516475 0.2196233 0.1881946 0.1928590 0.1777641 0.1742139 0.1828939 0.1443791 0.1798447 0.1799834 0.1854804 0.2130118 0.1764857 0.1816873 0.1797685 0.1888041 0.1909045 0.2128560 0.2638652 0.3281958 0.3230858 0.0000000 0.4016973 0.4229737 0.4009623 0.4035756 0.4042085 0.3960412 0.3976387 0.3956677 0.4051741 0.3996130 0.4129320 0.3931843 0.3839538 0.4146973 0.4272515 0.4311220 0.4081821 0.4229781 0.4173553 0.4617418 0.3774971 0.4285716 0.7395363 0.7457126 0.7221451 0.6558389 0.6453830 0.6455178 0.6497915 0.6619433 0.6642534 0.6666763 
S0005_G6274_R1_A 0.7083934 0.7100556 0.7179343 0.7157505 0.7171535 0.7282481 0.7130713 0.7458097 0.7112277 0.7223858 0.4121437 0.4052610 0.3494247 0.3586253 0.3838772 0.3725098 0.3560751 0.3732567 0.3551734 0.3753651 0.3646182 0.3612022 0.3305211 0.3697956 0.3667788 0.3706725 0.3624074 0.3579318 0.3717246 0.3300382 0.3527876 0.3623392 0.3628184 0.3981110 0.3604786 0.3311902 0.3712019 0.3680578 0.3761163 0.3766985 0.3882012 0.3754255 0.3487999 0.4016973 0.0000000 0.1353413 0.1282336 0.1273967 0.1294954 0.1352335 0.1329807 0.1270238 0.1231713 0.1247102 0.1338719 0.1268598 0.1216162 0.1433538 0.1452820 0.1241181 0.1282015 0.1433658 0.1516494 0.3208698 0.1707018 0.1459446 0.8889553 0.8961425 0.8821323 0.6458705 0.6239677 0.6246730 0.6105881 0.6073552 0.6064490 0.6571631 
S0011_G6274_R2_A 0.6795226 0.6722287 0.6946747 0.6882856 0.6920894 0.6939128 0.6883365 0.7083210 0.6799291 0.6892276 0.4170358 0.4102014 0.3436495 0.3710393 0.3910624 0.3650017 0.3414575 0.3354816 0.3284968 0.3459756 0.3391236 0.3346595 0.3328337 0.3463808 0.3377772 0.3365368 0.3470964 0.3385759 0.3382878 0.3091226 0.3388130 0.3370206 0.3384575 0.3721395 0.3325105 0.3246188 0.3392932 0.3426399 0.3538840 0.3578379 0.3708411 0.3868469 0.3558330 0.4229737 0.1353413 0.0000000 0.0331690 0.0287892 0.0397285 0.0355561 0.0500505 0.0394161 0.0365976 0.0366396 0.0453096 0.0370937 0.0437544 0.0486345 0.0626681 0.0444659 0.0429042 0.0627574 0.0707946 0.3409933 0.2025864 0.0600381 0.8259926 0.8298557 0.8185067 0.6369487 0.6315967 0.5998791 0.6071833 0.6024060 0.6116040 0.6217504 
S0022_G6274_R1_A 0.6734724 0.6563841 0.6813059 0.6727408 0.6767278 0.6786706 0.6720095 0.6930559 0.6599691 0.6757668 0.3589113 0.3540644 0.3070859 0.3211477 0.3412315 0.3329088 0.3287438 0.3316510 0.3157447 0.3304746 0.3267671 0.3186767 0.3098904 0.3326559 0.3198879 0.3183519 0.3248318 0.3177634 0.3250245 0.2904864 0.3248020 0.3253190 0.3255207 0.3572237 0.3190963 0.3039794 0.3231674 0.3233891 0.3430072 0.3408126 0.3186405 0.3350716 0.3121517 0.4009623 0.1282336 0.0331690 0.0000000 0.0279426 0.0378262 0.0412103 0.0574092 0.0397445 0.0390719 0.0402108 0.0456807 0.0374099 0.0419323 0.0478485 0.0644901 0.0396255 0.0457762 0.0631856 0.0666665 0.2949869 0.2073370 0.0542779 0.8136086 0.8138193 0.8132853 0.5980103 0.5860272 0.5509875 0.5713493 0.5723389 0.5554248 0.5934196 
S0004_G6274_R1_A 0.6583697 0.6527861 0.6743661 0.6626838 0.6698249 0.6717655 0.6651525 0.6860444 0.6558068 0.6686754 0.3595144 0.3546812 0.3050386 0.3151931 0.3438008 0.3324747 0.3258401 0.3260671 0.3137557 0.3254126 0.3242458 0.3166764 0.3060656 0.3306466 0.3196323 0.3181025 0.3253186 0.3182728 0.3213835 0.2888854 0.3223030 0.3214738 0.3234531 0.3567119 0.3131618 0.2939236 0.3211243 0.3231095 0.3389756 0.3385711 0.3213871 0.3471880 0.3233648 0.4035756 0.1273967 0.0287892 0.0279426 0.0000000 0.0311669 0.0334453 0.0513890 0.0309532 0.0323472 0.0334591 0.0410091 0.0338650 0.0373607 0.0399592 0.0584342 0.0407034 0.0405069 0.0582880 0.0640049 0.2979415 0.2077553 0.0503824 0.8129594 0.8131678 0.8126394 0.5872946 0.5846828 0.5520601 0.5557926 0.5601689 0.5565986 0.5819068 
S0031_G6274_R1_A 0.6621136 0.6539956 0.6802420 0.6689674 0.6729641 0.6749194 0.6682379 0.6893486 0.6575820 0.6718924 0.3608454 0.3559914 0.3140916 0.3251453 0.3577684 0.3346348 0.3301179 0.3295974 0.3177228 0.3288180 0.3247048 0.3199367 0.3119408 0.3392977 0.3281067 0.3266636 0.3322482 0.3250827 0.3254226 0.2879663 0.3290714 0.3255283 0.3320465 0.3641591 0.3197841 0.3029151 0.3296460 0.3237387 0.3456178 0.3457396 0.3137121 0.3357588 0.3134433 0.4042085 0.1294954 0.0397285 0.0378262 0.0311669 0.0000000 0.0435126 0.0584674 0.0277863 0.0435145 0.0457727 0.0512965 0.0452180 0.0495561 0.0444559 0.0689954 0.0447411 0.0521784 0.0701906 0.0737393 0.2948084 0.2053364 0.0646313 0.8193281 0.8195413 0.8155428 0.6065877 0.6015616 0.5704093 0.5755806 0.5801583 0.5654170 0.6005072 
S0030_G6274_R1_A 0.6579580 0.6696710 0.6916460 0.6772703 0.6812720 0.6832127 0.6822545 0.7034660 0.6676477 0.6830169 0.3695141 0.3646633 0.2935942 0.3074317 0.3404909 0.3188904 0.3220740 0.3293656 0.3134324 0.3321130 0.3279302 0.3197661 0.3056001 0.3364689 0.3245557 0.3194457 0.3228959 0.3141383 0.3296143 0.2839001 0.3255618 0.3210586 0.3230649 0.3555064 0.3184080 0.3007441 0.3242879 0.3223773 0.3443062 0.3418979 0.3154386 0.3454496 0.3231395 0.3960412 0.1352335 0.0355561 0.0412103 0.0334453 0.0435126 0.0000000 0.0610767 0.0442913 0.0414660 0.0381279 0.0469099 0.0453835 0.0476354 0.0503992 0.0682425 0.0504101 0.0524113 0.0717372 0.0776511 0.3058638 0.2159030 0.0627859 0.8055983 0.8058074 0.8018186 0.5784699 0.5710082 0.5407137 0.5505637 0.5498573 0.5534077 0.5850067 
S0017_G6274_R1_A 0.6374447 0.6245899 0.6420390 0.6369610 0.6407974 0.6364611 0.6362891 0.6566556 0.6322934 0.6406019 0.3619373 0.3570006 0.3098350 0.3279621 0.3509373 0.3383898 0.3254260 0.3245465 0.3067841 0.3219011 0.3177587 0.3097661 0.2979057 0.3258240 0.3093908 0.3077187 0.3181787 0.3145411 0.3178538 0.2848650 0.3140255 0.3102098 0.3165455 0.3503520 0.3080756 0.2893094 0.3158566 0.3143961 0.3339136 0.3264500 0.3136165 0.3285556 0.2998506 0.3976387 0.1329807 0.0500505 0.0574092 0.0513890 0.0584674 0.0610767 0.0000000 0.0567743 0.0517954 0.0518705 0.0609081 0.0642509 0.0558642 0.0681088 0.0746469 0.0601510 0.0579268 0.0783372 0.0843697 0.3167645 0.2059238 0.0716674 0.8054682 0.8056765 0.8023793 0.5907279 0.5858033 0.5560320 0.5616454 0.5600972 0.5641631 0.5630433 
