73
S0039_G6363_R1_A 0.0000000 0.0030338 0.1439501 0.1447130 0.1611669 0.1955441 0.2236493 0.2376478 0.2066342 0.2101156 0.1976690 0.2194997 0.2274830 0.2231734 0.2235519 0.1970418 0.1887052 0.2242945 0.2070840 0.2112086 0.2010878 0.2102780 0.2056498 0.2045201 0.1962247 0.2105753 0.2154607 0.2199125 1.2825858 1.2820331 1.3457609 1.3388984 1.3543238 1.2855316 1.3841056 1.3291241 1.3291241 0.2390705 0.2129038 1.5473215 1.5308049 0.4136434 0.4246745 0.4193474 0.4136434 0.4252419 0.4263930 0.4341252 0.4318030 0.4252419 0.2154303 1.4693822 1.5168332 1.6117685 1.6157985 1.4085779 1.4150524 1.4021404 1.3540794 1.3269721 1.4484871 0.3890772 0.3780444 0.3804131 0.3657214 0.3538228 0.3572937 0.3563608 0.3518336 0.3632944 1.3507257 1.4416849 1.4656717 
S0051_G6363_R1_A 0.0030338 0.0000000 0.1436942 0.1444545 0.1608837 0.1951939 0.2191486 0.2330421 0.2108625 0.2057098 0.1933346 0.2150203 0.2229668 0.2186851 0.2190527 0.2011990 0.1928181 0.2286240 0.2026735 0.2154657 0.2052628 0.2145139 0.2098542 0.2086990 0.2003620 0.2148186 0.2197361 0.2154262 1.2965680 1.2957262 1.3602215 1.3533856 1.3691448 1.2994077 1.3991897 1.3433386 1.3433386 0.2344331 0.2084308 1.5640395 1.5473215 0.4128281 0.4238371 0.4185203 0.4128281 0.4244025 0.4255494 0.4332626 0.4309486 0.4244025 0.2197831 1.4659081 1.5131960 1.6078618 1.6118763 1.4085779 1.4116515 1.3987705 1.3540794 1.3238695 1.4450346 0.3883162 0.3773058 0.3796735 0.3650102 0.3531462 0.3566130 0.3556754 0.3511640 0.3626004 1.3662458 1.4416849 1.4656717 
S0015_G6363_R1_A 0.1439501 0.1436942 0.0000000 0.0599365 0.0524768 0.0746919 0.1606575 0.1430620 0.1360514 0.1276160 0.1161958 0.1322542 0.1432670 0.1201107 0.1435545 0.1413749 0.1254581 0.1543732 0.1341018 0.1422661 0.1410813 0.1414915 0.1456992 0.1406642 0.1327755 0.1418014 0.1476919 0.1501151 1.2288602 1.2215972 1.2844655 1.2786746 1.2729708 1.2065552 1.3442300 1.2799589 1.2799589 0.1268548 0.1558536 1.8726809 1.8509789 0.3364345 0.3466698 0.3416915 0.3364345 0.3471156 0.3370635 0.3438015 0.3420298 0.3362082 0.1800003 1.4003583 1.3209602 1.3708510 1.3959258 1.3910753 1.3906475 1.3774237 1.3893081 1.3277500 1.3039224 0.2941917 0.2993096 0.2950046 0.3012984 0.2845017 0.2903301 0.2865275 0.2850736 0.2963051 1.4548099 1.5249405 1.5177349 
S0027_G6363_R1_A 0.1447130 0.1444545 0.0599365 0.0000000 0.0670369 0.1018329 0.1720694 0.1505181 0.1296568 0.1212335 0.1136655 0.1298300 0.1409383 0.1333067 0.1333243 0.1429360 0.1338368 0.1550256 0.1346644 0.1428652 0.1416706 0.1420841 0.1463110 0.1461390 0.1381221 0.1344249 0.1469413 0.1507476 1.2444264 1.2386326 1.3204068 1.2838745 1.2618032 1.2322568 1.3507924 1.3157247 1.3157247 0.1338050 0.1457695 1.8830339 1.8610900 0.3707109 0.3814779 0.3762575 0.3707109 0.3819856 0.3771391 0.3786662 0.3766525 0.3704494 0.1691012 1.2619798 1.4804862 1.5010669 1.4666416 1.4866825 1.4140870 1.4006605 1.5011995 1.2742693 1.3793692 0.3215949 0.3269753 0.2847683 0.2906710 0.2888606 0.2896272 0.2780115 0.3068045 0.3186170 1.4803739 1.5517296 1.5446038 
S0014_G6363_R1_A 0.1611669 0.1608837 0.0524768 0.0670369 0.0000000 0.1095906 0.1826555 0.1832409 0.1695711 0.1607418 0.1457092 0.1657022 0.1768527 0.1768728 0.1772103 0.1746271 0.1549395 0.1788856 0.1673347 0.1757348 0.1661815 0.1666643 0.1709644 0.1656939 0.1576892 0.1754642 0.1899220 0.1796953 1.2912580 1.2575078 1.3872891 1.3489065 1.3645556 1.2535816 1.3757124 1.3230523 1.3230523 0.1657528 0.1817635 1.8727834 1.8517685 0.3881436 0.3988631 0.3936743 0.3881436 0.3930515 0.3837339 0.3909572 0.3889097 0.3878716 0.2105207 1.3822581 1.4385541 1.4577697 1.5014783 1.4692126 1.4669991 1.4534371 1.5005040 1.4017979 1.4252582 0.3325532 0.3430920 0.3426856 0.3361633 0.3187968 0.3248409 0.3210628 0.3299613 0.3417621 1.5563105 1.5362427 1.5632111 
S0034_G6363_R2_A 0.1955441 0.1951939 0.0746919 0.1018329 0.1095906 0.0000000 0.1887643 0.1869745 0.1598564 0.1512573 0.1364993 0.1560595 0.1589459 0.1685587 0.1634892 0.1741031 0.1585557 0.1928224 0.1668337 0.1752034 0.1656890 0.1661687 0.1704517 0.1652043 0.1612770 0.1624989 0.1850613 0.1703882 1.3536681 1.3440352 1.4252283 1.3912534 1.3850975 1.2859264 1.3988553 1.3476116 1.3476116 0.1537989 0.1792996 1.7712473 1.7516840 0.3948175 0.4055021 0.4003335 0.3948175 0.4060316 0.3955734 0.4028504 0.3893187 0.3945421 0.2236285 1.4145442 1.3333615 1.3508615 1.3621820 1.4258993 1.3975978 1.3847212 1.3836593 1.3032148 1.2634504 0.3435441 0.3482524 0.3324740 0.3277858 0.3136607 0.3196570 0.3055044 0.3247467 0.3364580 1.5190095 1.6325290 1.6417623 
S0036_G6363_R1_A 0.2236493 0.2191486 0.1606575 0.1720694 0.1826555 0.1887643 0.0000000 0.1557601 0.0928066 0.0890213 0.0823211 0.0892618 0.0996022 0.1076452 0.0997873 0.1221079 0.1043350 0.1309691 0.1117333 0.1118865 0.1075978 0.1040929 0.1151282 0.1035264 0.0999955 0.1080199 0.1313772 0.1190891 1.0790422 1.0622265 1.1388212 1.1208252 1.1008677 1.0376410 1.1189747 1.1142537 1.1142537 0.1310380 0.1425126 1.6563033 1.6382331 0.4129437 0.4238470 0.4185813 0.4129437 0.4244070 0.4137460 0.4212463 0.4190302 0.4126510 0.2076672 1.2748913 1.3381240 1.3252908 1.3484443 1.2929306 1.2810252 1.2692980 1.3120223 1.0980309 1.3120924 0.3697099 0.3806846 0.3509344 0.3847350 0.3644478 0.3679197 0.3670775 0.3618295 0.3740336 1.3751278 1.4688023 1.4581852 
S0035_G6363_R1_A 0.2376478 0.2330421 0.1430620 0.1505181 0.1832409 0.1869745 0.1557601 0.0000000 0.1194830 0.1115865 0.1046178 0.1085804 0.1265207 0.1343067 0.1267632 0.1429994 0.1202159 0.1394524 0.1285760 0.1361953 0.1275758 0.1279292 0.1394932 0.1272149 0.1197556 0.1321040 0.1451246 0.1369516 1.2132949 1.1988749 1.2865130 1.2553862 1.2548466 1.2575400 1.3681151 1.3455591 1.3455591 0.1214078 0.1353729 1.8147842 1.7945380 0.3690850 0.3689454 0.3744126 0.3690850 0.3799130 0.3697747 0.3712083 0.3697747 0.3688347 0.2136351 1.4241003 1.3992137 1.4177908 1.4741212 1.5240318 1.4529770 1.4396646 1.4846457 1.2472878 1.4319528 0.3088118 0.3181024 0.3198409 0.3163959 0.3215027 0.3274571 0.3237473 0.3329934 0.3293046 1.4924609 1.5771118 1.5855016 
S0022_G6363_R1_A 0.2066342 0.2108625 0.1360514 0.1296568 0.1695711 0.1598564 0.0928066 0.1194830 0.0000000 0.0153089 0.0215964 0.0247572 0.0309565 0.0472988 0.0310097 0.0612997 0.0444643 0.0613733 0.0577991 0.0511663 0.0475963 0.0443635 0.0543065 0.0510215 0.0510209 0.0477692 0.0684234 0.0682877 1.1554528 1.1357669 1.2025134 1.1880253 1.1791042 1.1502572 1.2129125 1.2062216 1.2062216 0.0946883 0.1052261 1.6474100 1.6295034 0.3684736 0.3787890 0.3737869 0.3684736 0.3688025 0.3691605 0.3760812 0.3741627 0.3682244 0.1688229 1.3271262 1.2628403 1.2795081 1.3164251 1.3397214 1.3095978 1.2975152 1.4084490 1.2076506 1.3346001 0.3146326 0.3140308 0.3140897 0.3127102 0.3114158 0.3051368 0.3084846 0.2968285 0.3079983 1.3374570 1.4949266 1.5021963 
S0030_G6363_R1_A 0.2101156 0.2057098 0.1276160 0.1212335 0.1607418 0.1512573 0.0890213 0.1115865 0.0153089 0.0000000 0.0184207 0.0215561 0.0277240 0.0439248 0.0214886 0.0678716 0.0476531 0.0578445 0.0510400 0.0543791 0.0507831 0.0475452 0.0575163 0.0542252 0.0542242 0.0509678 0.0717006 0.0647004 1.1365276 1.1175859 1.1830870 1.1686902 1.1596991 1.1314996 1.2312051 1.1866433 1.1866433 0.0943272 0.1012825 1.7081485 1.6894543 0.3736991 0.3840721 0.3790445 0.3736991 0.3740347 0.3743984 0.3813788 0.3794281 0.3734451 0.1724587 1.3571041 1.3209779 1.3384315 1.3774529 1.3290867 1.2968531 1.2849100 1.4118847 1.1722836 1.3402632 0.3204660 0.3298945 0.3040650 0.3128779 0.3115815 0.3052956 0.3086482 0.2969798 0.3081613 1.3754543 1.5201609 1.5277766 
S0026_G6363_R1_A 0.1976690 0.1933346 0.1161958 0.1136655 0.1457092 0.1364993 0.0823211 0.1046178 0.0215964 0.0184207 0.0000000 0.0153789 0.0215376 0.0376047 0.0215744 0.0546256 0.0346366 0.0513969 0.0412921 0.0413446 0.0378701 0.0346675 0.0444793 0.0412283 0.0412285 0.0380065 0.0583245 0.0514618 1.1461754 1.1267932 1.1931481 1.1786563 1.1696705 1.1410455 1.2420671 1.1967950 1.1967950 0.0803616 0.0907757 1.7622328 1.7427603 0.3552865 0.3655373 0.3605604 0.3552865 0.3660038 0.3559475 0.3627721 0.3609195 0.3550474 0.1492492 1.3697316 1.3147864 1.3322213 1.3711678 1.3726744 1.3518509 1.3393904 1.4441342 1.1958062 1.3527066 0.3068872 0.3162425 0.3094398 0.2988064 0.2879230 0.2914272 0.2899388 0.2927691 0.3039024 1.3891069 1.5359622 1.5438266 
S0023_G6363_R1_A 0.2194997 0.2150203 0.1322542 0.1298300 0.1657022 0.1560595 0.0892618 0.1085804 0.0247572 0.0215561 0.0153789 0.0000000 0.0246895 0.0376559 0.0247318 0.0575634 0.0377269 0.0577042 0.0442588 0.0443147 0.0440933 0.0376419 0.0474313 0.0441907 0.0441906 0.0409801 0.0612687 0.0544170 1.1992438 1.1778670 1.2091240 1.2326375 1.2239337 1.1936672 1.2993305 1.2513369 1.2513369 0.0870950 0.0981197 1.7295826 1.7107275 0.3822747 0.3928018 0.3877035 0.3822747 0.3933101 0.3829987 0.3901179 0.3881024 0.3820114 0.1653688 1.3875461 1.3476671 1.3655344 1.4056450 1.3900627 1.3704894 1.3578836 1.4766850 1.1919990 1.3994729 0.2946782 0.3038789 0.3036944 0.3205452 0.3140303 0.3175382 0.3162605 0.3091194 0.3205678 1.4572550 1.6110808 1.6199674 
S0011_G6363_R1_A 0.2274830 0.2229668 0.1432670 0.1409383 0.1768527 0.1589459 0.0996022 0.1265207 0.0309565 0.0277240 0.0215376 0.0246895 0.0000000 0.0471669 0.0309248 0.0712670 0.0509446 0.0680086 0.0576349 0.0510215 0.0540788 0.0508293 0.0541531 0.0575453 0.0575440 0.0542761 0.0751326 0.0680912 1.1725186 1.1392323 1.2333138 1.2187611 1.1964914 1.1802937 1.2843388 1.2261881 1.2261881 0.1014977 0.0941648 1.7552215 1.7359416 0.3625795 0.3728306 0.3678570 0.3625795 0.3733048 0.3632525 0.3701064 0.3682240 0.3623357 0.1563284 1.3616796 1.2809802 1.2834057 1.3205181 1.3437130 1.3012154 1.2892190 1.4274008 1.1759900 1.3396281 0.2992287 0.3084603 0.3183688 0.3028556 0.2919363 0.2954308 0.3041770 0.2871582 0.2981805 1.4090605 1.5376900 1.5603963 
S0012_G6363_R1_A 0.2231734 0.2186851 0.1201107 0.1333067 0.1768728 0.1685587 0.1076452 0.1343067 0.0472988 0.0439248 0.0376047 0.0376559 0.0471669 0.0000000 0.0472495 0.0821779 0.0613724 0.0787963 0.0682203 0.0683094 0.0713197 0.0679860 0.0714817 0.0749409 0.0681100 0.0647820 0.0861900 0.0789636 1.2052166 1.1835803 1.2534520 1.2387612 1.2300790 1.1995800 1.3059284 1.2575517 1.2575517 0.1171430 0.1159718 1.7958495 1.7759486 0.4054649 0.4162541 0.4110400 0.4054649 0.4168001 0.4062462 0.4136377 0.4114755 0.4051800 0.1718776 1.4570871 1.3423577 1.3917128 1.4328609 1.4043210 1.3650197 1.3524350 1.4919946 1.2597518 1.4103915 0.3340383 0.3436591 0.3274724 0.3344268 0.3296323 0.3331373 0.3319902 0.3141810 0.3257151 1.4517511 1.6051866 1.6140009 
S0019_G6363_R1_A 0.2235519 0.2190527 0.1435545 0.1333243 0.1772103 0.1634892 0.0997873 0.1267632 0.0310097 0.0214886 0.0215744 0.0247318 0.0309248 0.0472495 0.0000000 0.0713959 0.0510350 0.0613078 0.0544499 0.0578121 0.0541746 0.0509193 0.0609579 0.0576479 0.0576465 0.0543727 0.0752696 0.0682144 1.1632887 1.1581203 1.2261158 1.2115760 1.2027865 1.1732644 1.2767526 1.2299934 1.2299934 0.1016900 0.1086995 1.7245295 1.7056370 0.3754901 0.3859209 0.3808661 0.3754901 0.3864174 0.3761963 0.3832230 0.3812539 0.3752336 0.1688152 1.4099173 1.3369401 1.3546086 1.3942069 1.3657222 1.3301536 1.3179221 1.4507140 1.1930448 1.3644152 0.3162676 0.3256852 0.3101464 0.3191109 0.3079069 0.3114068 0.3100818 0.3030391 0.3143540 1.3680803 1.5122496 1.5197711 
S0004_G6363_R1_A 0.1970418 0.2011990 0.1413749 0.1429360 0.1746271 0.1741031 0.1221079 0.1429994 0.0612997 0.0678716 0.0546256 0.0575634 0.0712670 0.0821779 0.0713959 0.0000000 0.0311962 0.0541480 0.0247389 0.0312664 0.0375018 0.0375485 0.0375062 0.0341247 0.0341252 0.0375882 0.0345024 0.0344353 1.1068681 1.0980059 1.1623491 1.1480132 1.1293122 1.1020917 1.1976238 1.1657524 1.1657524 0.1061759 0.1170331 1.6647936 1.6467507 0.3763438 0.3867898 0.3817281 0.3763438 0.3872879 0.3770525 0.3840929 0.3821174 0.3760863 0.1486157 1.4006263 1.3191403 1.3365729 1.3755328 1.4210158 1.4451971 1.4319324 1.4721522 1.2437507 1.3899063 0.3016657 0.3109701 0.3244726 0.3349135 0.3226815 0.3262184 0.3250025 0.3127309 0.3117844 1.4686703 1.6312768 1.6404635 
S0021_G6363_R1_A 0.1887052 0.1928181 0.1254581 0.1338368 0.1549395 0.1585557 0.1043350 0.1202159 0.0444643 0.0476531 0.0346366 0.0377269 0.0509446 0.0613724 0.0510350 0.0311962 0.0000000 0.0344465 0.0248069 0.0185313 0.0184417 0.0184639 0.0215995 0.0184808 0.0184815 0.0279531 0.0345981 0.0345308 1.0910174 1.0825239 1.1462457 1.1318922 1.1132155 1.0863433 1.1924917 1.1495453 1.1495453 0.1030928 0.1099492 1.6973014 1.6787648 0.3626479 0.3730098 0.3679824 0.3626479 0.3734893 0.3633283 0.3702570 0.3683535 0.3624014 0.1572905 1.4082709 1.3107375 1.3281244 1.3669367 1.3658167 1.3926698 1.3798078 1.4512661 1.1989110 1.4099755 0.3082739 0.3176725 0.3379107 0.3433766 0.3368623 0.3403797 0.3392897 0.3318165 0.3307907 1.4808523 1.6215680 1.6306558 
S0028_G6363_R1_A 0.2242945 0.2286240 0.1543732 0.1550256 0.1788856 0.1928224 0.1309691 0.1394524 0.0613733 0.0578445 0.0513969 0.0577042 0.0680086 0.0787963 0.0613078 0.0541480 0.0344465 0.0000000 0.0475999 0.0443103 0.0376218 0.0441446 0.0406377 0.0441863 0.0441862 0.0439928 0.0612626 0.0611419 1.1517073 1.1415867 1.2090660 1.1944800 1.1753351 1.1465295 1.2590618 1.2128440 1.2128440 0.1262618 0.1171654 1.7808944 1.7612155 0.4076988 0.4185567 0.4133105 0.4076988 0.4191088 0.4084889 0.4159367 0.4137514 0.4074107 0.1824944 1.4541076 1.3686684 1.3868884 1.4279201 1.4182078 1.4427134 1.4293676 1.5070564 1.2801705 1.4905418 0.3110660 0.3204346 0.3410571 0.3361691 0.3244438 0.3279511 0.3267599 0.3194788 0.3185029 1.4993975 1.6423749 1.6517894 
S0031_G6363_R1_A 0.2070840 0.2026735 0.1341018 0.1346644 0.1673347 0.1668337 0.1117333 0.1285760 0.0577991 0.0510400 0.0412921 0.0442588 0.0576349 0.0682203 0.0544499 0.0247389 0.0248069 0.0475999 0.0000000 0.0248619 0.0310634 0.0311016 0.0343046 0.0311304 0.0311310 0.0343791 0.0280590 0.0216680 1.0992463 1.0905696 1.1545518 1.1402219 1.1215507 1.0945237 1.2011054 1.1579016 1.1579016 0.1031539 0.1178392 1.6868282 1.6684417 0.3897718 0.4004111 0.3952621 0.3897718 0.4009330 0.3905161 0.3977419 0.3956738 0.3895008 0.1618028 1.3990401 1.3177051 1.3351907 1.3742625 1.3597397 1.3834122 1.3706803 1.4444787 1.1809360 1.3721902 0.3183747 0.3278579 0.3400695 0.3273704 0.3159461 0.3194712 0.3182032 0.3085769 0.3076431 1.4243924 1.5638377 1.5720910 
S0002_G6363_R1_A 0.2112086 0.2154657 0.1422661 0.1428652 0.1757348 0.1752034 0.1118865 0.1361953 0.0511663 0.0543791 0.0413446 0.0443147 0.0510215 0.0683094 0.0578121 0.0312664 0.0185313 0.0443103 0.0248619 0.0000000 0.0247519 0.0247820 0.0247549 0.0248048 0.0185076 0.0280155 0.0346770 0.0346094 1.1186481 1.0988238 1.1748050 1.1603571 1.1414757 1.1137524 1.2227045 1.1783183 1.1783183 0.1144797 0.1172494 1.6255726 1.6079935 0.3811353 0.3916182 0.3865409 0.3811353 0.3921232 0.3818545 0.3889391 0.3869369 0.3808739 0.1539155 1.3789801 1.2605219 1.2771861 1.3140791 1.3446992 1.3954172 1.3825814 1.4439637 1.2019105 1.3654055 0.3212169 0.3306690 0.3379676 0.3394827 0.3385393 0.3420732 0.3469464 0.3334606 0.3324237 1.4527750 1.5623880 1.5706083 
S0020_G6363_R1_A 0.2010878 0.2052628 0.1410813 0.1416706 0.1661815 0.1656890 0.1075978 0.1275758 0.0475963 0.0507831 0.0378701 0.0440933 0.0540788 0.0713197 0.0541746 0.0375018 0.0184417 0.0376218 0.0310634 0.0247519 0.0000000 0.0246616 0.0278192 0.0246843 0.0246850 0.0342251 0.0409609 0.0408812 1.0612466 1.0775741 1.1408438 1.1265410 1.1079475 1.0568099 1.1598127 1.1184603 1.1184603 0.1100684 0.1171940 1.6087592 1.5913804 0.3765280 0.3869841 0.3819176 0.3765280 0.3874828 0.3772376 0.3842856 0.3823074 0.3762702 0.1607033 1.3823926 1.2962888 1.3134239 1.3515844 1.3244771 1.3531051 1.3406167 1.3872601 1.1994416 1.3646550 0.3011336 0.3104227 0.3479922 0.3468861 0.3351871 0.3386932 0.3375924 0.3301665 0.3291503 1.4693915 1.6044040 1.6132165 
S0046_G6363_R1_A 0.2102780 0.2145139 0.1414915 0.1420841 0.1666643 0.1661687 0.1040929 0.1279292 0.0443635 0.0475452 0.0346675 0.0376419 0.0508293 0.0679860 0.0509193 0.0375485 0.0184639 0.0441446 0.0311016 0.0247820 0.0246616 0.0000000 0.0278531 0.0247142 0.0247149 0.0278907 0.0410125 0.0409327 1.1103435 1.1013676 1.1660880 1.1517023 1.1225006 1.1055268 1.2133712 1.1589565 1.1589565 0.1026132 0.1096888 1.6900720 1.6716572 0.3582621 0.3684784 0.3635197 0.3582621 0.3689465 0.3589258 0.3657392 0.3589258 0.3580218 0.1488970 1.4187785 1.3334447 1.3511094 1.3906796 1.3438719 1.3530900 1.3406379 1.4573673 1.1814232 1.3880666 0.3068946 0.3162494 0.3226579 0.3323605 0.3160581 0.3195843 0.3183168 0.3158983 0.3101615 1.4071757 1.5401583 1.5480731 
S0013_G6363_R1_A 0.2056498 0.2098542 0.1456992 0.1463110 0.1709644 0.1704517 0.1151282 0.1394932 0.0543065 0.0575163 0.0444793 0.0474313 0.0541531 0.0714817 0.0609579 0.0375062 0.0215995 0.0406377 0.0343046 0.0247549 0.0278192 0.0278531 0.0000000 0.0278788 0.0278795 0.0308872 0.0442874 0.0442011 1.1002408 1.0915250 1.1556676 1.1413115 1.1226030 1.0955029 1.2023622 1.1590310 1.1590310 0.1177945 0.1210038 1.7030807 1.6845388 0.3933941 0.4040295 0.3988841 0.3933941 0.4045550 0.3941442 0.4013818 0.3992997 0.3931208 0.1647764 1.4195444 1.3396883 1.3574482 1.3972689 1.3474853 1.3751254 1.3624339 1.4317327 1.1843933 1.3901413 0.3156128 0.3250037 0.3352189 0.3471139 0.3286895 0.3321856 0.3417359 0.3237178 0.3227291 1.4907092 1.6319929 1.6412050 
S0048_G6363_R1_A 0.2045201 0.2086990 0.1406642 0.1461390 0.1656939 0.1652043 0.1035264 0.1272149 0.0510215 0.0542252 0.0412283 0.0441907 0.0575453 0.0749409 0.0576479 0.0341247 0.0184808 0.0441863 0.0311304 0.0248048 0.0246843 0.0247142 0.0278788 0.0000000 0.0183475 0.0342992 0.0410512 0.0409712 1.0886178 1.0802331 1.1434537 1.1291880 1.1106350 1.0839890 1.1892818 1.1467145 1.1467145 0.1058846 0.1165946 1.6704435 1.6523357 0.3746883 0.3850842 0.3800460 0.3746883 0.3855781 0.3753908 0.3823907 0.3804316 0.3744331 0.1560127 1.3535521 1.2727580 1.2895433 1.3267815 1.2945245 1.3243684 1.3121574 1.3753963 1.1800842 1.3863315 0.3200346 0.3294487 0.3491854 0.3595109 0.3475546 0.3510710 0.3500723 0.3242703 0.3232778 1.4393103 1.5752965 1.5836902 
S0050_G6363_R1_A 0.1962247 0.2003620 0.1327755 0.1381221 0.1576892 0.1612770 0.0999955 0.1197556 0.0510209 0.0542242 0.0412285 0.0441906 0.0575440 0.0681100 0.0576465 0.0341252 0.0184815 0.0441862 0.0311310 0.0185076 0.0246850 0.0247149 0.0278795 0.0183475 0.0000000 0.0342997 0.0410513 0.0409713 1.0773513 1.0692485 1.1318469 1.1176094 1.0991306 1.0728071 1.1770426 1.1350234 1.1350234 0.1022663 0.1092061 1.5986377 1.5814138 0.3695005 0.3798448 0.3748292 0.3695005 0.3803307 0.3701910 0.3771353 0.3752072 0.3692499 0.1443855 1.3573997 1.2640523 1.2807351 1.3176922 1.3123243 1.3730958 1.3604672 1.4089559 1.1833546 1.3903198 0.3099470 0.3192771 0.3388111 0.3434081 0.3424538 0.3459731 0.3449300 0.3298496 0.3288357 1.4586713 1.5965224 1.6052120 
S0017_G6363_R1_A 0.2105753 0.2148186 0.1418014 0.1344249 0.1754642 0.1624989 0.1080199 0.1321040 0.0477692 0.0509678 0.0380065 0.0409801 0.0542761 0.0647820 0.0543727 0.0375882 0.0279531 0.0439928 0.0343791 0.0280155 0.0342251 0.0278907 0.0308872 0.0342992 0.0342997 0.0000000 0.0443862 0.0442995 1.1514355 1.1413645 1.2085456 1.1940188 1.1749565 1.1462820 1.2583084 1.2123036 1.2123036 0.1030017 0.1062212 1.7229944 1.7041303 0.3840357 0.3946109 0.3894902 0.3840357 0.3951234 0.3847660 0.3919250 0.3898930 0.3837701 0.1492566 1.4360308 1.3223745 1.3399025 1.3790997 1.4138024 1.4251571 1.4120154 1.4834405 1.1956767 1.4086846 0.3118913 0.3212812 0.3263299 0.3278021 0.3098190 0.3133368 0.3120208 0.3049163 0.3039921 1.4860621 1.6227637 1.6318663 
S0016_G6363_R1_A 0.2154607 0.2197361 0.1476919 0.1469413 0.1899220 0.1850613 0.1313772 0.1451246 0.0684234 0.0717006 0.0583245 0.0612687 0.0751326 0.0861900 0.0752696 0.0345024 0.0345981 0.0612626 0.0280590 0.0346770 0.0409609 0.0410125 0.0442874 0.0410512 0.0410513 0.0443862 0.0000000 0.0378754 1.0744097 1.0881342 1.1291866 1.1148620 1.0962777 1.0698561 1.1613416 1.1450817 1.1450817 0.1229427 0.1380842 1.6615182 1.6433557 0.3860749 0.3859294 0.3915592 0.3860749 0.3972235 0.3868124 0.3940177 0.3919664 0.3858065 0.1672147 1.3998300 1.2724831 1.2894756 1.2923133 1.3874966 1.3713720 1.3586887 1.4417986 1.1917774 1.3123174 0.3119768 0.3214984 0.3403685 0.3357330 0.3183430 0.3218881 0.3206331 0.3108968 0.3099491 1.3723016 1.6030584 1.5315584 
S0037_G6363_R1_U 0.2199125 0.2154262 0.1501151 0.1507476 0.1796953 0.1703882 0.1190891 0.1369516 0.0682877 0.0647004 0.0514618 0.0544170 0.0680912 0.0789636 0.0682144 0.0344353 0.0345308 0.0611419 0.0216680 0.0346094 0.0408812 0.0409327 0.0442011 0.0409712 0.0409713 0.0442995 0.0378754 0.0000000 1.1311341 1.1216546 1.1872907 1.1729055 1.1540753 1.1402056 1.2515694 1.2059101 1.2059101 0.1066862 0.1253977 1.6411492 1.6234220 0.3980886 0.4088665 0.4036543 0.3980886 0.4094042 0.3904408 0.3976600 0.3955941 0.3978087 0.1709992 1.4718148 1.2855400 1.3025635 1.3404069 1.3540820 1.3779778 1.3653164 1.4383225 1.2418375 1.3697532 0.3204075 0.3250616 0.3443923 0.3442212 0.3250473 0.3285563 0.3273696 0.3175769 0.3166138 1.4529521 1.6352378 1.6445090 
S0018_G6363_R1_A 1.2825858 1.2965680 1.2288602 1.2444264 1.2912580 1.3536681 1.0790422 1.2132949 1.1554528 1.1365276 1.1461754 1.1992438 1.1725186 1.2052166 1.1632887 1.1068681 1.0910174 1.1517073 1.0992463 1.1186481 1.0612466 1.1103435 1.1002408 1.0886178 1.0773513 1.1514355 1.0744097 1.1311341 0.0000000 0.0521808 0.0770834 0.0704313 0.0383346 0.0672524 0.0936674 0.1081045 0.1081045 1.2448286 1.1998797 2.4014822 2.3702943 1.5092011 1.4732018 1.4905236 1.4739578 1.4905236 1.4653105 1.4749437 1.4617362 1.4557483 1.3465823 0.9109391 1.3259741 1.3442368 1.3466372 0.7598446 0.7278981 0.7278981 0.7550297 0.8129465 1.0183285 1.5572844 1.5938909 1.8002338 1.5122816 1.4580423 1.4829526 1.4858550 1.4540505 1.4584124 1.1078984 1.2032805 1.1337292 
S0023_G6363_R3_A 1.2820331 1.2957262 1.2215972 1.2386326 1.2575078 1.3440352 1.0622265 1.1988749 1.1357669 1.1175859 1.1267932 1.1778670 1.1392323 1.1835803 1.1581203 1.0980059 1.0825239 1.1415867 1.0905696 1.0988238 1.0775741 1.1013676 1.0915250 1.0802331 1.0692485 1.1413645 1.0881342 1.1216546 0.0521808 0.0000000 0.0474791 0.0445473 0.0418705 0.0585590 0.0907982 0.0973377 0.0973377 1.2081598 1.1982019 2.5730473 2.5396649 1.4931868 1.4585570 1.4752202 1.4592811 1.4558139 1.4509783 1.4602296 1.4651153 1.4417491 1.3270741 0.9398373 1.3564858 1.3744366 1.3769625 0.7406567 0.7043033 0.6969630 0.7563366 0.7972141 1.0529400 1.6240031 1.6614284 1.6879992 1.5145500 1.4914115 1.5163899 1.5191677 1.5220782 1.4917416 1.1351163 1.1982445 1.0801272 
S0021_G6363_R3_A 1.3457609 1.3602215 1.2844655 1.3204068 1.3872891 1.4252283 1.1388212 1.2865130 1.2025134 1.1830870 1.1931481 1.2091240 1.2333138 1.2534520 1.2261158 1.1623491 1.1462457 1.2090660 1.1545518 1.1748050 1.1408438 1.1660880 1.1556676 1.1434537 1.1318469 1.2085456 1.1291866 1.1872907 0.0770834 0.0474791 0.0000000 0.0412145 0.0661726 0.0729019 0.1176230 0.1167109 0.1167109 1.2445811 1.2979562 2.5538966 2.5209806 1.5891928 1.5519111 1.5698701 1.5527129 1.5698701 1.5436488 1.5537374 1.5588350 1.5338777 1.3554369 0.9394418 1.4260128 1.4446475 1.4476589 0.7487233 0.6942865 0.6870156 0.7650258 0.8278149 1.0666783 1.6157071 1.6145757 1.8451282 1.6745766 1.6460734 1.6743531 1.6995897 1.6421070 1.6462341 1.0778291 1.1925394 1.0746940 
S0021_G6363_R4_A 1.3388984 1.3533856 1.2786746 1.2838745 1.3489065 1.3912534 1.1208252 1.2553862 1.1880253 1.1686902 1.1786563 1.2326375 1.2187611 1.2387612 1.2115760 1.1480132 1.1318922 1.1944800 1.1402219 1.1603571 1.1265410 1.1517023 1.1413115 1.1291880 1.1176094 1.1940188 1.1148620 1.1729055 0.0704313 0.0445473 0.0412145 0.0000000 0.0595970 0.0806934 0.1106972 0.1215624 0.1215624 1.2528133 1.2664551 2.5537404 2.5207272 1.6230050 1.5845599 1.6030860 1.5853937 1.6030860 1.5760069 1.5864525 1.5760069 1.5659862 1.3920467 0.9261611 1.3768776 1.3951178 1.3977986 0.7112893 0.6622967 0.6551868 0.7151724 0.8467584 1.0227689 1.6812669 1.7207328 1.9148969 1.6053813 1.5791443 1.6060902 1.6087278 1.5751861 1.5793846 1.1103373 1.2246538 1.1031973 
S0004_G6363_R2_A 1.3543238 1.3691448 1.2729708 1.2618032 1.3645556 1.3850975 1.1008677 1.2548466 1.1791042 1.1596991 1.1696705 1.2239337 1.1964914 1.2300790 1.2027865 1.1293122 1.1132155 1.1753351 1.1215507 1.1414757 1.1079475 1.1225006 1.1226030 1.1106350 1.0991306 1.1749565 1.0962777 1.1540753 0.0383346 0.0418705 0.0661726 0.0595970 0.0000000 0.0634264 0.0895225 0.0964400 0.0964400 1.2449222 1.2245917 2.4098106 2.3784576 1.5313162 1.4945962 1.5122690 1.4953727 1.5122690 1.4865231 1.4760467 1.4828776 1.4768082 1.3878156 0.9168855 1.4118190 1.4309439 1.4170215 0.7365824 0.7115278 0.7115278 0.7521678 0.7955881 0.9621815 1.5883071 1.6258216 1.8029462 1.5135649 1.4590607 1.4840851 1.4869963 1.4858185 1.4594313 1.1014811 1.1636369 1.0729044 
S0023_G6363_R4_A 1.2855316 1.2994077 1.2065552 1.2322568 1.2535816 1.2859264 1.0376410 1.2575400 1.1502572 1.1314996 1.1410455 1.1936672 1.1802937 1.1995800 1.1732644 1.1020917 1.0863433 1.1465295 1.0945237 1.1137524 1.0568099 1.1055268 1.0955029 1.0839890 1.0728071 1.1462820 1.0698561 1.1402056 0.0672524 0.0585590 0.0729019 0.0806934 0.0634264 0.0000000 0.0555235 0.0519226 0.0519226 1.2249787 1.2265038 2.6587231 2.6228155 1.5399828 1.5034487 1.5210352 1.5042235 1.5210352 1.5319096 1.5747671 1.5472619 1.4857528 1.3671445 0.8504009 1.3325290 1.3324316 1.3528676 0.7292832 0.6832610 0.6758868 0.7246856 0.7446681 0.9738809 1.6589231 1.6980625 1.8155620 1.6125976 1.5856615 1.6132224 1.6381118 1.5816322 1.5858984 1.0968385 1.1710756 1.0537068 
S0004_G6363_R3_A 1.3841056 1.3991897 1.3442300 1.3507924 1.3757124 1.3988553 1.1189747 1.3681151 1.2129125 1.2312051 1.2420671 1.2993305 1.2843388 1.3059284 1.2767526 1.1976238 1.1924917 1.2590618 1.2011054 1.2227045 1.1598127 1.2133712 1.2023622 1.1892818 1.1770426 1.2583084 1.1613416 1.2515694 0.0936674 0.0907982 0.1176230 0.1106972 0.0895225 0.0555235 0.0000000 0.0942725 0.0942725 1.3339553 1.3485037 2.7259917 2.6889424 1.5185466 1.4825714 1.4998850 1.4833294 1.4998850 1.5105397 1.5527120 1.5256596 1.4651317 1.4852243 0.9094372 1.2982555 1.3158429 1.3090756 0.8466082 0.7392231 0.7315545 0.8166088 0.8091218 1.0548627 1.6695309 1.7089326 1.8117915 1.6165452 1.5895165 1.6394039 1.6197750 1.6073067 1.6115439 1.1550469 1.1721281 1.0908007 
S0019_G6363_R2_A 1.3291241 1.3433386 1.2799589 1.3157247 1.3230523 1.3476116 1.1142537 1.3455591 1.2062216 1.1866433 1.1967950 1.2513369 1.2261881 1.2575517 1.2299934 1.1657524 1.1495453 1.2128440 1.1579016 1.1783183 1.1184603 1.1589565 1.1590310 1.1467145 1.1350234 1.2123036 1.1450817 1.2059101 0.1081045 0.0973377 0.1167109 0.1215624 0.0964400 0.0519226 0.0942725 0.0000000 0.0000010 1.2840699 1.2458724 2.7785324 2.7409223 1.5293641 1.5107212 1.5107212 1.4941785 1.5107212 1.5213939 1.5635335 1.5364974 1.4759963 1.4326979 0.9179836 1.3336432 1.3963368 1.3989992 0.7726408 0.7135731 0.7060603 0.7858581 0.7745353 1.0359489 1.6768185 1.7160177 1.8509341 1.6230508 1.5635768 1.5902813 1.6144984 1.5921877 1.5638352 1.0785616 1.1155369 1.0398279 
S0019_G6363_R3_A 1.3291241 1.3433386 1.2799589 1.3157247 1.3230523 1.3476116 1.1142537 1.3455591 1.2062216 1.1866433 1.1967950 1.2513369 1.2261881 1.2575517 1.2299934 1.1657524 1.1495453 1.2128440 1.1579016 1.1783183 1.1184603 1.1589565 1.1590310 1.1467145 1.1350234 1.2123036 1.1450817 1.2059101 0.1081045 0.0973377 0.1167109 0.1215624 0.0964400 0.0519226 0.0942725 0.0000010 0.0000000 1.2840699 1.2458724 2.7785324 2.7409223 1.5293641 1.5107212 1.5107212 1.4941785 1.5107212 1.5213939 1.5635335 1.5364974 1.4759963 1.4326979 0.9179836 1.3336432 1.3963368 1.3989992 0.7726408 0.7135731 0.7060603 0.7858581 0.7745353 1.0359489 1.6768185 1.7160177 1.8509341 1.6230508 1.5635768 1.5902813 1.6144984 1.5921877 1.5638352 1.0785616 1.1155369 1.0398279 
S0033_G6363_R1_A 0.2390705 0.2344331 0.1268548 0.1338050 0.1657528 0.1537989 0.1310380 0.1214078 0.0946883 0.0943272 0.0803616 0.0870950 0.1014977 0.1171430 0.1016900 0.1061759 0.1030928 0.1262618 0.1031539 0.1144797 0.1100684 0.1026132 0.1177945 0.1058846 0.1022663 0.1030017 0.1229427 0.1066862 1.2448286 1.2081598 1.2445811 1.2528133 1.2449222 1.2249787 1.3339553 1.2840699 1.2840699 0.0000000 0.0970177 1.7356575 1.7165441 0.3564068 0.3666889 0.3616973 0.3564068 0.3671580 0.3570717 0.3639217 0.3620588 0.3561662 0.1670286 1.3355238 1.3903625 1.4089670 1.4015453 1.4125512 1.3613008 1.3487730 1.4492292 1.3012828 1.4025986 0.2784100 0.2882010 0.3138554 0.3322747 0.3176557 0.3236759 0.3199075 0.3187688 0.3303662 1.5168034 1.6271831 1.6363741 
S0005_G6363_R1_A 0.2129038 0.2084308 0.1558536 0.1457695 0.1817635 0.1792996 0.1425126 0.1353729 0.1052261 0.1012825 0.0907757 0.0981197 0.0941648 0.1159718 0.1086995 0.1170331 0.1099492 0.1171654 0.1178392 0.1172494 0.1171940 0.1096888 0.1210038 0.1165946 0.1092061 0.1062212 0.1380842 0.1253977 1.1998797 1.1982019 1.2979562 1.2664551 1.2245917 1.2265038 1.3485037 1.2458724 1.2458724 0.0970177 0.0000000 1.8686437 1.8476167 0.4272472 0.4383633 0.4330017 0.4272472 0.4389498 0.4280897 0.4357954 0.4334764 0.4269395 0.1721029 1.3386181 1.3717009 1.4224999 1.4481724 1.3516245 1.2356646 1.2242775 1.3709126 1.2090786 1.4195667 0.3133138 0.3236677 0.3240079 0.3227247 0.3158090 0.3218679 0.3180666 0.3169242 0.3334959 1.4976651 1.5819276 1.6058085 
S0003_G6363_R1_N 1.5473215 1.5640395 1.8726809 1.8830339 1.8727834 1.7712473 1.6563033 1.8147842 1.6474100 1.7081485 1.7622328 1.7295826 1.7552215 1.7958495 1.7245295 1.6647936 1.6973014 1.7808944 1.6868282 1.6255726 1.6087592 1.6900720 1.7030807 1.6704435 1.5986377 1.7229944 1.6615182 1.6411492 2.4014822 2.5730473 2.5538966 2.5537404 2.4098106 2.6587231 2.7259917 2.7785324 2.7785324 1.7356575 1.8686437 0.0000000 0.0030414 1.6353049 1.6533277 1.6533277 1.6736018 1.6769304 1.6416079 1.6260285 1.6198829 1.6921189 1.8508909 3.0773007 3.8370065 3.9141999 4.0198217 2.6652181 2.4856777 2.5213030 2.8850689 3.2108542 2.5595654 1.4038596 1.3881302 1.5948650 1.6292152 1.6857394 1.6358827 1.6917362 1.6045368 1.6128942 2.3722527 2.5410276 2.4525537 
S0003_G6363_R2_N 1.5308049 1.5473215 1.8509789 1.8610900 1.8517685 1.7516840 1.6382331 1.7945380 1.6295034 1.6894543 1.7427603 1.7107275 1.7359416 1.7759486 1.7056370 1.6467507 1.6787648 1.7612155 1.6684417 1.6079935 1.5913804 1.6716572 1.6845388 1.6523357 1.5814138 1.7041303 1.6433557 1.6234220 2.3702943 2.5396649 2.5209806 2.5207272 2.3784576 2.6228155 2.6889424 2.7409223 2.7409223 1.7165441 1.8476167 0.0030414 0.0000000 1.6553249 1.6736018 1.6736018 1.6553249 1.6585929 1.6616876 1.6458440 1.6396593 1.6736018 1.8740595 3.0868400 3.7752884 3.8505930 3.9536104 2.6264512 2.4522748 2.4872328 2.8421525 3.2629415 2.5261174 1.3889319 1.3733665 1.5775572 1.6109726 1.6670336 1.6178461 1.6729121 1.5868868 1.5951290 2.3400699 2.5062067 2.4190676 
S0038_G6363_R1_A 0.4136434 0.4128281 0.3364345 0.3707109 0.3881436 0.3948175 0.4129437 0.3690850 0.3684736 0.3736991 0.3552865 0.3822747 0.3625795 0.4054649 0.3754901 0.3763438 0.3626479 0.4076988 0.3897718 0.3811353 0.3765280 0.3582621 0.3933941 0.3746883 0.3695005 0.3840357 0.3860749 0.3980886 1.5092011 1.4931868 1.5891928 1.6230050 1.5313162 1.5399828 1.5185466 1.5293641 1.5293641 0.3564068 0.4272472 1.6353049 1.6553249 0.0000000 0.0060191 0.0030044 0.0060263 0.0151773 0.0121316 0.0121517 0.0121300 0.0121101 0.3557449 1.3644202 1.4923440 1.4951657 1.5308082 2.0375355 1.9126295 1.8942580 1.9723480 1.5142946 1.3162758 0.3110762 0.3203180 0.3869230 0.3892274 0.4022019 0.4091553 0.4117274 0.4322452 0.4135078 1.4756675 1.4889214 1.4108220 
S0042_G6363_R1_N 0.4246745 0.4238371 0.3466698 0.3814779 0.3988631 0.4055021 0.4238470 0.3689454 0.3787890 0.3840721 0.3655373 0.3928018 0.3728306 0.4162541 0.3859209 0.3867898 0.3730098 0.4185567 0.4004111 0.3916182 0.3869841 0.3684784 0.4040295 0.3850842 0.3798448 0.3946109 0.3859294 0.4088665 1.4732018 1.4585570 1.5519111 1.5845599 1.4945962 1.5034487 1.4825714 1.5107212 1.5107212 0.3666889 0.4383633 1.6533277 1.6736018 0.0060191 0.0000000 0.0030008 0.0060191 0.0151588 0.0182683 0.0182988 0.0182659 0.0120955 0.3659880 1.3920703 1.4575951 1.4603522 1.4949130 2.0860595 1.9544934 1.9356777 2.0182855 1.5135205 1.3306615 0.3208004 0.3301142 0.3976191 0.3999866 0.4131378 0.4201908 0.4228371 0.4435238 0.4245598 1.4931326 1.5064046 1.4273266 
S0044_G6363_R1_N 0.4193474 0.4185203 0.3416915 0.3762575 0.3936743 0.4003335 0.4185813 0.3744126 0.3737869 0.3790445 0.3605604 0.3877035 0.3678570 0.4110400 0.3808661 0.3817281 0.3679824 0.4133105 0.3952621 0.3865409 0.3819176 0.3635197 0.3988841 0.3800460 0.3748292 0.3894902 0.3915592 0.4036543 1.4905236 1.4752202 1.5698701 1.6030860 1.5122690 1.5210352 1.4998850 1.5107212 1.5107212 0.3616973 0.4330017 1.6533277 1.6736018 0.0030044 0.0030008 0.0000000 0.0030044 0.0121061 0.0151972 0.0152225 0.0151952 0.0090559 0.3610152 1.3794166 1.4743150 1.4771037 1.5121917 2.0643266 1.9356777 1.9170504 1.9976706 1.5310401 1.3306615 0.3160595 0.3253424 0.3924410 0.3947791 0.4078510 0.4148592 0.4174709 0.4380861 0.4192224 1.4931326 1.5064046 1.4273266 
S0045_G6363_R1_A 0.4136434 0.4128281 0.3364345 0.3707109 0.3881436 0.3948175 0.4129437 0.3690850 0.3684736 0.3736991 0.3552865 0.3822747 0.3625795 0.4054649 0.3754901 0.3763438 0.3626479 0.4076988 0.3897718 0.3811353 0.3765280 0.3582621 0.3933941 0.3746883 0.3695005 0.3840357 0.3860749 0.3980886 1.4739578 1.4592811 1.5527129 1.5853937 1.4953727 1.5042235 1.4833294 1.4941785 1.4941785 0.3564068 0.4272472 1.6736018 1.6553249 0.0060263 0.0060191 0.0030044 0.0000000 0.0090602 0.0182906 0.0183212 0.0182883 0.0060244 0.3667038 1.3827213 1.4583214 1.4610805 1.4956724 2.0375355 1.9126295 1.8942580 1.9723480 1.5499079 1.3162758 0.3110762 0.3203180 0.3869230 0.3892274 0.4022019 0.4091553 0.4117274 0.4322452 0.4135078 1.4756675 1.4889214 1.4108220 
S0045_G6363_R2_A 0.4252419 0.4244025 0.3471156 0.3819856 0.3930515 0.4060316 0.4244070 0.3799130 0.3688025 0.3740347 0.3660038 0.3933101 0.3733048 0.4168001 0.3864174 0.3872879 0.3734893 0.4191088 0.4009330 0.3921232 0.3874828 0.3689465 0.4045550 0.3855781 0.3803307 0.3951234 0.3972235 0.4094042 1.4905236 1.4558139 1.5698701 1.6030860 1.5122690 1.5210352 1.4998850 1.5107212 1.5107212 0.3671580 0.4389498 1.6769304 1.6585929 0.0151773 0.0151588 0.0121061 0.0090602 0.0000000 0.0214044 0.0276873 0.0276373 0.0151722 0.3775491 1.3979306 1.4572425 1.4600010 1.4945768 2.0643266 1.9356777 1.9170504 1.9976706 1.5528846 1.3458459 0.3211969 0.3305236 0.3981408 0.3895905 0.4136881 0.4095471 0.4174709 0.4326684 0.4139044 1.4931326 1.5064046 1.4273266 
S0041_G6363_R1_N 0.4263930 0.4255494 0.3370635 0.3771391 0.3837339 0.3955734 0.4137460 0.3697747 0.3691605 0.3743984 0.3559475 0.3829987 0.3632525 0.4062462 0.3761963 0.3770525 0.3633283 0.4084889 0.3905161 0.3818545 0.3772376 0.3589258 0.3941442 0.3753908 0.3701910 0.3847660 0.3868124 0.3904408 1.4653105 1.4509783 1.5436488 1.5760069 1.4865231 1.5319096 1.5105397 1.5213939 1.5213939 0.3570717 0.4280897 1.6416079 1.6616876 0.0121316 0.0182683 0.0151972 0.0182906 0.0214044 0.0000000 0.0121264 0.0121048 0.0182845 0.3613745 1.3694429 1.5128188 1.5156833 1.5520295 1.9911331 1.8726864 1.8547678 1.9284933 1.5063907 1.3395057 0.3116338 0.3208944 0.3876664 0.3765146 0.3892201 0.3960235 0.3984956 0.4187163 0.4003356 1.5043628 1.5176812 1.4377631 
S0043_G6363_R2_N 0.4341252 0.4332626 0.3438015 0.3786662 0.3909572 0.4028504 0.4212463 0.3712083 0.3760812 0.3813788 0.3627721 0.3901179 0.3701064 0.4136377 0.3832230 0.3840929 0.3702570 0.4159367 0.3977419 0.3889391 0.3842856 0.3657392 0.4013818 0.3823907 0.3771353 0.3919250 0.3940177 0.3976600 1.4749437 1.4602296 1.5537374 1.5864525 1.4760467 1.5747671 1.5527120 1.5635335 1.5635335 0.3639217 0.4357954 1.6260285 1.6458440 0.0121517 0.0182988 0.0152225 0.0183212 0.0276873 0.0121264 0.0000000 0.0121248 0.0183150 0.3682455 1.3694857 1.4987263 1.5015573 1.5373678 2.0072637 1.9287958 1.9102548 1.9436712 1.5621516 1.3577110 0.3099090 0.3191135 0.3853959 0.3793969 0.3920827 0.3988763 0.4013545 0.4215121 0.4031703 1.5267065 1.5400569 1.4588050 
S0047_G6363_R1_N 0.4318030 0.4309486 0.3420298 0.3766525 0.3889097 0.3893187 0.4190302 0.3697747 0.3741627 0.3794281 0.3609195 0.3881024 0.3682240 0.4114755 0.3812539 0.3821174 0.3683535 0.4137514 0.3956738 0.3869369 0.3823074 0.3589258 0.3992997 0.3804316 0.3752072 0.3898930 0.3919664 0.3955941 1.4617362 1.4651153 1.5588350 1.5760069 1.4828776 1.5472619 1.5256596 1.5364974 1.5364974 0.3620588 0.4334764 1.6198829 1.6396593 0.0121300 0.0182659 0.0151952 0.0182883 0.0276373 0.0121048 0.0121248 0.0000000 0.0182822 0.3663639 1.3829445 1.5277097 1.5306016 1.5674132 1.9855552 1.8726864 1.8547678 1.9232033 1.5352325 1.3395057 0.3060859 0.3152883 0.3928517 0.3765146 0.3892201 0.3960235 0.3984956 0.4187163 0.4003356 1.5043628 1.5176812 1.4377631 
S0040_G6363_R1_N 0.4252419 0.4244025 0.3362082 0.3704494 0.3878716 0.3945421 0.4126510 0.3688347 0.3682244 0.3734451 0.3550474 0.3820114 0.3623357 0.4051800 0.3752336 0.3760863 0.3624014 0.4074107 0.3895008 0.3808739 0.3762702 0.3580218 0.3931208 0.3744331 0.3692499 0.3837701 0.3858065 0.3978087 1.4557483 1.4417491 1.5338777 1.5659862 1.4768082 1.4857528 1.4651317 1.4759963 1.4759963 0.3561662 0.4269395 1.6921189 1.6736018 0.0121101 0.0120955 0.0090559 0.0060244 0.0151722 0.0182845 0.0183150 0.0182822 0.0000000 0.3714637 1.3535293 1.4715308 1.4743150 1.5093244 2.0361880 1.9113897 1.8930200 1.9710289 1.5171625 1.3306615 0.3108775 0.3201117 0.3866525 0.3889538 0.4019152 0.3977905 0.4114300 0.4319299 0.4132107 1.5116550 1.5249491 1.4448041 
S0006_G6363_R1_A 0.2154303 0.2197831 0.1800003 0.1691012 0.2105207 0.2236285 0.2076672 0.2136351 0.1688229 0.1724587 0.1492492 0.1653688 0.1563284 0.1718776 0.1688152 0.1486157 0.1572905 0.1824944 0.1618028 0.1539155 0.1607033 0.1488970 0.1647764 0.1560127 0.1443855 0.1492566 0.1672147 0.1709992 1.3465823 1.3270741 1.3554369 1.3920467 1.3878156 1.3671445 1.4852243 1.4326979 1.4326979 0.1670286 0.1721029 1.8508909 1.8740595 0.3557449 0.3659880 0.3610152 0.3667038 0.3775491 0.3613745 0.3682455 0.3663639 0.3714637 0.0000000 1.4218424 1.3708178 1.3734221 1.3891167 1.5656144 1.5454599 1.5310875 1.6484829 1.4171795 1.4472271 0.3758050 0.3750747 0.3907787 0.3668034 0.3709930 0.3839671 0.3737471 0.3786403 0.3973668 1.5177852 1.6108842 1.6232524 
S0019_G6363_R4_A 1.4693822 1.4659081 1.4003583 1.2619798 1.3822581 1.4145442 1.2748913 1.4241003 1.3271262 1.3571041 1.3697316 1.3875461 1.3616796 1.4570871 1.4099173 1.4006263 1.4082709 1.4541076 1.3990401 1.3789801 1.3823926 1.4187785 1.4195444 1.3535521 1.3573997 1.4360308 1.3998300 1.4718148 0.9109391 0.9398373 0.9394418 0.9261611 0.9168855 0.8504009 0.9094372 0.9179836 0.9179836 1.3355238 1.3386181 3.0773007 3.0868400 1.3644202 1.3920703 1.3794166 1.3827213 1.3979306 1.3694429 1.3694857 1.3829445 1.3535293 1.4218424 0.0000000 1.2466500 1.2794834 1.2076785 0.8832052 0.8913943 0.8826795 0.8812229 0.8947203 0.9726778 1.6500574 1.6533487 1.4666953 1.4615113 1.4611088 1.4386854 1.4546941 1.4571845 1.5135659 1.1570425 1.0499459 1.0492039 
S0041_G6363_R2_N 1.5168332 1.5131960 1.3209602 1.4804862 1.4385541 1.3333615 1.3381240 1.3992137 1.2628403 1.3209779 1.3147864 1.3476671 1.2809802 1.3423577 1.3369401 1.3191403 1.3107375 1.3686684 1.3177051 1.2605219 1.2962888 1.3334447 1.3396883 1.2727580 1.2640523 1.3223745 1.2724831 1.2855400 1.3259741 1.3564858 1.4260128 1.3768776 1.4118190 1.3325290 1.2982555 1.3336432 1.3336432 1.3903625 1.3717009 3.8370065 3.7752884 1.4923440 1.4575951 1.4743150 1.4583214 1.4572425 1.5128188 1.4987263 1.5277097 1.4715308 1.3708178 1.2466500 0.0000000 0.0150619 0.0306891 1.2256829 1.2104519 1.2246468 1.1686188 1.2555690 1.2318279 1.7474518 1.7270721 1.7551259 1.6507713 1.6396488 1.7079775 1.6985215 1.6356307 1.6398197 1.5227314 1.5925186 1.6227017 
