52
S0038_G6404_R1_A 0.0000000 0.0543143 0.0551370 0.0357352 0.0363219 0.0537583 0.0542544 0.0562563 0.0484936 0.8016020 1.4368275 1.1973883 1.1681818 1.6434092 1.2690830 1.2882458 1.1983651 1.2860130 1.2796435 1.2433390 1.2889115 1.2168718 1.2708292 1.3447436 1.2584599 1.3061613 1.2317410 1.1687377 1.2677085 1.2571251 1.2772527 1.3045986 1.2305983 1.3146944 1.3712541 1.3724297 1.6091566 1.4157543 1.5478575 1.6603392 1.4892512 1.5057630 1.4998888 1.6383159 1.5906243 1.4284893 2.0338899 1.8523122 1.6937561 1.7934151 1.9031367 1.8539001 
S0044_G6404_R1_N 0.0543143 0.0000000 0.0006465 0.0571027 0.0594761 0.0547078 0.0535996 0.0587324 0.0504589 0.8366624 1.4900023 1.2201846 1.1786085 1.6681967 1.3104535 1.3344032 1.2163493 1.2856488 1.2781048 1.2852817 1.3036415 1.2373387 1.2724915 1.3502817 1.2775163 1.3391059 1.2766701 1.1984581 1.3174457 1.2806630 1.3041582 1.3218296 1.2467228 1.3490651 1.3954532 1.4254634 1.6523895 1.4103673 1.6635770 1.7326008 1.5382545 1.5134253 1.4937286 1.6666984 1.6474879 1.4680543 2.1269332 1.8453874 1.7299114 1.8350834 1.8767840 1.8323283 
S0045_G6404_R1_A 0.0551370 0.0006465 0.0000000 0.0579285 0.0603084 0.0555261 0.0544209 0.0595633 0.0512713 0.8407736 1.4968153 1.2253724 1.1837805 1.6650490 1.3161732 1.3403335 1.2216699 1.2912743 1.2836090 1.2908972 1.3095786 1.2425868 1.2780937 1.3564673 1.2830525 1.3450873 1.2822634 1.2036363 1.3231726 1.2863530 1.3103112 1.3277252 1.2521112 1.3549602 1.4016727 1.4320945 1.6611188 1.4171252 1.6720751 1.7415987 1.5462780 1.5208855 1.5011057 1.6762229 1.6569374 1.4756299 2.1387610 1.8548004 1.7383677 1.8447453 1.8864671 1.8423229 
S0042_G6404_R1_N 0.0357352 0.0571027 0.0579285 0.0000000 0.0296135 0.0512371 0.0501197 0.0544771 0.0506623 0.8159439 1.4597562 1.2247731 1.1908789 1.6580648 1.2804114 1.3131605 1.2167232 1.3149630 1.2972180 1.2728005 1.3057600 1.2310718 1.2991239 1.3867530 1.2905075 1.3438750 1.2645310 1.2073334 1.3025661 1.2721189 1.2932788 1.3361729 1.2624152 1.3581330 1.3987407 1.4380278 1.6672187 1.4638854 1.5577908 1.6581544 1.5057773 1.5409055 1.5350018 1.6801410 1.6525054 1.4580457 2.1035905 1.9080609 1.6929872 1.8160567 1.9489155 1.8675044 
S0040_G6404_R1_N 0.0363219 0.0594761 0.0603084 0.0296135 0.0000000 0.0486631 0.0483276 0.0518424 0.0459669 0.8197892 1.4648219 1.2271353 1.2004943 1.6684687 1.2871006 1.3100985 1.2084661 1.3096599 1.3013690 1.2733716 1.3041830 1.2274816 1.3083696 1.3879659 1.2884907 1.3462615 1.2646073 1.1961084 1.3069124 1.2844316 1.3059626 1.3389552 1.2512346 1.3486970 1.3912474 1.4271348 1.6479823 1.4299751 1.5815531 1.6870259 1.5381314 1.5544999 1.5433121 1.6864576 1.6865941 1.4601661 2.0892568 1.8671232 1.6911223 1.7976192 1.9065063 1.8470054 
S0041_G6404_R1_N 0.0537583 0.0547078 0.0555261 0.0512371 0.0486631 0.0000000 0.0140435 0.0180162 0.0508694 0.8336140 1.4912407 1.2488347 1.2374056 1.6921162 1.3250480 1.3372036 1.2244992 1.3306771 1.2894754 1.3010773 1.3390797 1.2653820 1.3322139 1.4002644 1.2933858 1.3721163 1.2844487 1.2507577 1.3432623 1.3254330 1.3179042 1.3603442 1.2747547 1.3649220 1.3816707 1.4259088 1.6485478 1.4284192 1.5366976 1.6610953 1.5257446 1.5826332 1.5515262 1.6779697 1.6767422 1.4561161 2.1190733 1.8377299 1.6845113 1.8079122 1.8672216 1.8541126 
S0043_G6404_R1_N 0.0542544 0.0535996 0.0544209 0.0501197 0.0483276 0.0140435 0.0000000 0.0133267 0.0521016 0.8389426 1.4881731 1.2613283 1.2395198 1.7075367 1.3278322 1.3422529 1.2397125 1.3347037 1.2993718 1.3056543 1.3544163 1.2766435 1.3290185 1.3907197 1.2959011 1.3691873 1.3024070 1.2583848 1.3519304 1.3279345 1.3205594 1.3730239 1.2803762 1.3860432 1.4086920 1.4573478 1.6544706 1.4536654 1.5478173 1.7229010 1.5516368 1.6006795 1.5690251 1.6809705 1.6833108 1.4651737 2.1019053 1.8335588 1.6766204 1.7996951 1.8685057 1.8560677 
S0047_G6404_R1_N 0.0562563 0.0587324 0.0595633 0.0544771 0.0518424 0.0180162 0.0133267 0.0000000 0.0579784 0.8346969 1.4951436 1.2592347 1.2291824 1.6852580 1.3241292 1.3284683 1.2218403 1.3322312 1.2848340 1.2871603 1.3303552 1.2645915 1.3271973 1.3883824 1.2851046 1.3719935 1.2800401 1.2460915 1.3283284 1.3144017 1.3101003 1.3649959 1.2697504 1.3450611 1.3897376 1.4283520 1.6480441 1.4439691 1.5500143 1.7030913 1.5345518 1.5721202 1.5411840 1.6760036 1.6688729 1.4831036 2.0919071 1.8241527 1.6793801 1.8020915 1.8586408 1.8548539 
S0045_G6404_R2_A 0.0484936 0.0504589 0.0512713 0.0506623 0.0459669 0.0508694 0.0521016 0.0579784 0.0000000 0.8143668 1.5240746 1.2606349 1.2201196 1.6887856 1.3229997 1.3287368 1.2270993 1.3308207 1.3161133 1.3059570 1.3105162 1.2520882 1.3090322 1.3968592 1.3164016 1.3838033 1.2651966 1.2400046 1.3346158 1.3172453 1.3365663 1.3431877 1.2995022 1.3829042 1.4293849 1.4571752 1.6195534 1.4475881 1.5865466 1.6346570 1.5342543 1.5502362 1.5365379 1.6638057 1.6889103 1.4887148 2.2017487 1.8442561 1.7443705 1.8463041 1.9083297 1.8149012 
S0003_G6404_R1_N 0.8016020 0.8366624 0.8407736 0.8159439 0.8197892 0.8336140 0.8389426 0.8346969 0.8143668 0.0000000 1.3400352 1.7081167 1.7357563 2.0024926 1.7027135 1.7047800 1.6267927 1.7657250 1.6525108 1.7024633 1.7365122 1.7854887 1.6849016 1.7449949 1.6879291 1.7820097 1.6796131 1.6466493 1.7268639 1.7108130 1.7091034 1.6578922 1.6727030 1.7285421 1.8144203 1.7655649 2.1670390 1.7263160 1.6766420 1.8214904 1.8217523 1.8525331 1.8245380 1.8242256 1.8707139 1.7780095 2.1508711 1.8053910 1.6850089 1.8515699 1.7510096 1.6395935 
S0049_G6404_R1_A 1.4368275 1.4900023 1.4968153 1.4597562 1.4648219 1.4912407 1.4881731 1.4951436 1.5240746 1.3400352 0.0000000 1.0508489 1.0319334 1.2243192 1.0257509 1.0309338 1.0344298 1.1135591 1.0552133 1.0584791 1.0657659 1.0414826 1.1089917 1.1080233 1.0334831 1.1031105 1.0199336 1.0414389 1.0528566 1.0112060 1.0195036 1.0555006 1.0070764 1.1177500 1.1486597 0.9879008 1.1512389 1.1721298 1.1761106 1.1481496 1.0783248 1.1186266 1.1041521 1.0639675 1.0932083 1.2109238 1.3070122 1.0568246 1.0117345 1.0327530 1.0634295 1.0318983 
S0031_G6404_R1_A 1.1973883 1.2201846 1.2253724 1.2247731 1.2271353 1.2488347 1.2613283 1.2592347 1.2606349 1.7081167 1.0508489 0.0000000 0.1278413 0.4170807 0.1270678 0.1259186 0.1162449 0.1504727 0.1320077 0.1283551 0.1562169 0.0917088 0.1443190 0.1519007 0.1387995 0.1270851 0.1110723 0.1545158 0.1249014 0.1134507 0.1271455 0.1250196 0.0697468 0.1673374 0.2395355 0.3516010 0.5049087 0.4835617 0.6730118 0.6925464 0.5954090 0.6789765 0.6773938 0.7386401 0.7430802 0.7137660 0.8722629 1.0308818 0.9967898 0.9691706 1.0597608 1.1404951 
S0022_G6404_R1_A 1.1681818 1.1786085 1.1837805 1.1908789 1.2004943 1.2374056 1.2395198 1.2291824 1.2201196 1.7357563 1.0319334 0.1278413 0.0000000 0.3653530 0.1023790 0.1105484 0.1026986 0.1453560 0.1257516 0.1022399 0.1604801 0.1264807 0.1302249 0.1536024 0.1470279 0.1287378 0.0995929 0.1784489 0.1084580 0.1064317 0.1052666 0.1362092 0.1363872 0.2043316 0.2674344 0.3576269 0.4635898 0.5002949 0.6577664 0.6637307 0.5611944 0.6195583 0.6187739 0.6955526 0.6854964 0.6420857 0.8708572 0.9557584 0.9235039 0.9356307 0.9738320 1.0632973 
S0026_G6404_R2_A 1.6434092 1.6681967 1.6650490 1.6580648 1.6684687 1.6921162 1.7075367 1.6852580 1.6887856 2.0024926 1.2243192 0.4170807 0.3653530 0.0000000 0.2250555 0.3503264 0.3318996 0.3671166 0.3984385 0.3109656 0.3876465 0.4081636 0.4161852 0.4865604 0.4200608 0.4079412 0.3153694 0.4067820 0.3441779 0.3431189 0.2803805 0.3898192 0.4027080 0.4678759 0.5500311 0.5184997 0.5679947 0.7979034 0.8899530 0.8940852 0.8290711 0.8920932 0.8904265 0.9435941 0.9308043 0.9325450 1.0582952 1.2294996 1.2387874 1.2564130 1.2889760 1.3116870 
S0026_G6404_R1_A 1.2690830 1.3104535 1.3161732 1.2804114 1.2871006 1.3250480 1.3278322 1.3241292 1.3229997 1.7027135 1.0257509 0.1270678 0.1023790 0.2250555 0.0000000 0.0940269 0.0889187 0.1149203 0.1231886 0.0764542 0.1518121 0.1285543 0.1337836 0.1630033 0.1294570 0.1177812 0.0707933 0.1797602 0.0850320 0.0875810 0.0851359 0.1204506 0.1204831 0.2055053 0.2402694 0.3318599 0.4718400 0.5099548 0.6585325 0.6644807 0.5973797 0.6736397 0.6759071 0.7287286 0.7225527 0.7145695 0.8510269 0.9748385 0.9541830 0.9730976 0.9977628 1.0731287 
S0028_G6404_R1_A 1.2882458 1.3344032 1.3403335 1.3131605 1.3100985 1.3372036 1.3422529 1.3284683 1.3287368 1.7047800 1.0309338 0.1259186 0.1105484 0.3503264 0.0940269 0.0000000 0.1025065 0.1396356 0.1155445 0.0990090 0.1414838 0.1365787 0.1424067 0.1674937 0.1265124 0.1225060 0.0748038 0.1769093 0.1028565 0.0987213 0.1057140 0.1328739 0.1320292 0.1953207 0.2321108 0.3143115 0.4882222 0.4912102 0.6586250 0.6558374 0.5980950 0.6693514 0.6716397 0.7163677 0.7349564 0.7028028 0.8319398 0.9863871 0.9432536 0.9500337 1.0023133 1.0745352 
S0046_G6404_R1_A 1.1983651 1.2163493 1.2216699 1.2167232 1.2084661 1.2244992 1.2397125 1.2218403 1.2270993 1.6267927 1.0344298 0.1162449 0.1026986 0.3318996 0.0889187 0.1025065 0.0000000 0.1179874 0.1237534 0.0896359 0.1569951 0.1176765 0.1383088 0.1490606 0.1237945 0.1200985 0.0867671 0.1675778 0.1032405 0.0930142 0.0868926 0.1193527 0.1159268 0.2018057 0.2213677 0.3412385 0.4760897 0.5030916 0.6611124 0.6702590 0.6234978 0.6722717 0.6686121 0.7256356 0.7041322 0.6594844 0.8890925 1.0070892 0.9646445 0.9787359 1.0261252 1.1033712 
S0017_G6404_R1_A 1.2860130 1.2856488 1.2912743 1.3149630 1.3096599 1.3306771 1.3347037 1.3322312 1.3308207 1.7657250 1.1135591 0.1504727 0.1453560 0.3671166 0.1149203 0.1396356 0.1179874 0.0000000 0.1523154 0.1256244 0.1865797 0.1659983 0.1552394 0.1786035 0.1720886 0.1544211 0.1256086 0.2036658 0.1424950 0.1191857 0.1256283 0.1446011 0.1518892 0.2444233 0.2874446 0.4091929 0.5295654 0.5519233 0.7232813 0.7111976 0.6035716 0.6800623 0.6747941 0.7085742 0.7507265 0.7006662 0.9216417 1.0114676 1.0023801 0.9819111 1.0410066 1.1085133 
S0011_G6404_R1_A 1.2796435 1.2781048 1.2836090 1.2972180 1.3013690 1.2894754 1.2993718 1.2848340 1.3161133 1.6525108 1.0552133 0.1320077 0.1257516 0.3984385 0.1231886 0.1155445 0.1237534 0.1523154 0.0000000 0.1203271 0.1560758 0.1350429 0.1360893 0.1527477 0.1142376 0.1243599 0.1000288 0.1775805 0.1227318 0.0986372 0.1061070 0.1121982 0.1314106 0.1966779 0.2388874 0.3176024 0.4670411 0.4837041 0.6752727 0.6676344 0.6151777 0.6735799 0.6677500 0.7266686 0.6847955 0.6728975 0.9112567 0.9495288 0.9438037 0.9404747 0.9879635 1.0920379 
S0021_G6404_R1_A 1.2433390 1.2852817 1.2908972 1.2728005 1.2733716 1.3010773 1.3056543 1.2871603 1.3059570 1.7024633 1.0584791 0.1283551 0.1022399 0.3109656 0.0764542 0.0990090 0.0896359 0.1256244 0.1203271 0.0000000 0.1578650 0.1330743 0.1404693 0.1645104 0.1272451 0.1192106 0.0790556 0.1708762 0.0509884 0.0980744 0.0935333 0.1301364 0.1311650 0.2034769 0.2269907 0.3213023 0.4750365 0.4903090 0.6500506 0.6509016 0.6100255 0.6687957 0.6613705 0.7323012 0.7342314 0.7272300 0.8353752 0.9832798 0.9675572 0.9698234 1.0176078 1.0831531 
S0013_G6404_R1_A 1.2889115 1.3036415 1.3095786 1.3057600 1.3041830 1.3390797 1.3544163 1.3303552 1.3105162 1.7365122 1.0657659 0.1562169 0.1604801 0.3876465 0.1518121 0.1414838 0.1569951 0.1865797 0.1560758 0.1578650 0.0000000 0.1521263 0.1547558 0.1739154 0.1620269 0.1649566 0.1413613 0.1644483 0.1558710 0.1531857 0.1658844 0.1748142 0.1585959 0.2111455 0.2930546 0.3527940 0.4917638 0.4775996 0.6690011 0.6792030 0.6071743 0.7192700 0.7126788 0.7609958 0.7040933 0.7142280 0.8828434 0.9868765 0.9544355 0.9636057 1.0438719 1.0985625 
S0004_G6404_R1_A 1.2168718 1.2373387 1.2425868 1.2310718 1.2274816 1.2653820 1.2766435 1.2645915 1.2520882 1.7854887 1.0414826 0.0917088 0.1264807 0.4081636 0.1285543 0.1365787 0.1176765 0.1659983 0.1350429 0.1330743 0.1521263 0.0000000 0.1477157 0.1557279 0.1369683 0.1366804 0.1154700 0.1386586 0.1376506 0.1141442 0.1327425 0.1282995 0.1015997 0.1759716 0.2488982 0.3518162 0.5131229 0.4856748 0.6315622 0.6421655 0.5976432 0.6748573 0.6771433 0.7486174 0.7542381 0.6921612 0.8186527 0.9950312 0.9484911 0.9450123 1.0129062 1.1029174 
S0048_G6404_R1_A 1.2708292 1.2724915 1.2780937 1.2991239 1.3083696 1.3322139 1.3290185 1.3271973 1.3090322 1.6849016 1.1089917 0.1443190 0.1302249 0.4161852 0.1337836 0.1424067 0.1383088 0.1552394 0.1360893 0.1404693 0.1547558 0.1477157 0.0000000 0.0630799 0.1504144 0.1516680 0.1192810 0.1944221 0.1312076 0.1316548 0.1315996 0.1526863 0.1458456 0.2297606 0.2508241 0.3481139 0.5218579 0.5238248 0.6747830 0.6617847 0.5980371 0.7087413 0.7093233 0.7228868 0.7212626 0.7273841 0.8372566 1.0377310 0.9914091 0.9959852 1.0756878 1.1538423 
S0050_G6404_R1_A 1.3447436 1.3502817 1.3564673 1.3867530 1.3879659 1.4002644 1.3907197 1.3883824 1.3968592 1.7449949 1.1080233 0.1519007 0.1536024 0.4865604 0.1630033 0.1674937 0.1490606 0.1786035 0.1527477 0.1645104 0.1739154 0.1557279 0.0630799 0.0000000 0.1588120 0.1609214 0.1472999 0.2154768 0.1529240 0.1487781 0.1604295 0.1551838 0.1595637 0.2374850 0.2403461 0.3496715 0.5222154 0.5509379 0.6826686 0.6604921 0.6402769 0.7436493 0.7470584 0.7528929 0.7323129 0.7711718 0.8790111 1.0790745 1.0198840 1.0059147 1.1215013 1.1684033 
S0036_G6404_R1_A 1.2584599 1.2775163 1.2830525 1.2905075 1.2884907 1.2933858 1.2959011 1.2851046 1.3164016 1.6879291 1.0334831 0.1387995 0.1470279 0.4200608 0.1294570 0.1265124 0.1237945 0.1720886 0.1142376 0.1272451 0.1620269 0.1369683 0.1504144 0.1588120 0.0000000 0.1572113 0.1248614 0.2004406 0.1405416 0.1068741 0.1305492 0.1116353 0.1459802 0.2071360 0.2399039 0.3235526 0.4691748 0.4892967 0.6443907 0.6520940 0.6344313 0.7092977 0.7137197 0.7583183 0.7308313 0.6763722 0.8858809 0.9865705 0.9535099 0.9856321 1.0258630 1.1393760 
S0030_G6404_R1_A 1.3061613 1.3391059 1.3450873 1.3438750 1.3462615 1.3721163 1.3691873 1.3719935 1.3838033 1.7820097 1.1031105 0.1270851 0.1287378 0.4079412 0.1177812 0.1225060 0.1200985 0.1544211 0.1243599 0.1192106 0.1649566 0.1366804 0.1516680 0.1609214 0.1572113 0.0000000 0.1104068 0.1975802 0.1353052 0.1076550 0.1349400 0.1327437 0.1381473 0.2169491 0.2371133 0.3379672 0.4758815 0.4587546 0.6762777 0.6602645 0.6082729 0.6881968 0.6925910 0.7239066 0.7274483 0.7002164 0.8968294 1.0204989 0.9846782 0.9248781 1.0519399 1.0891373 
S0023_G6404_R1_A 1.2317410 1.2766701 1.2822634 1.2645310 1.2646073 1.2844487 1.3024070 1.2800401 1.2651966 1.6796131 1.0199336 0.1110723 0.0995929 0.3153694 0.0707933 0.0748038 0.0867671 0.1256086 0.1000288 0.0790556 0.1413613 0.1154700 0.1192810 0.1472999 0.1248614 0.1104068 0.0000000 0.1580730 0.0776111 0.0694389 0.0752135 0.1059307 0.1193993 0.2031297 0.2253106 0.3077684 0.4655267 0.4560504 0.6399508 0.6660117 0.5823089 0.6355661 0.6360526 0.7036601 0.6709648 0.6683567 0.7961015 0.9471414 0.9158928 0.9054698 0.9709966 1.0773607 
S0016_G6404_R1_A 1.1687377 1.1984581 1.2036363 1.2073334 1.1961084 1.2507577 1.2583848 1.2460915 1.2400046 1.6466493 1.0414389 0.1545158 0.1784489 0.4067820 0.1797602 0.1769093 0.1675778 0.2036658 0.1775805 0.1708762 0.1644483 0.1386586 0.1944221 0.2154768 0.2004406 0.1975802 0.1580730 0.0000000 0.1868546 0.1665084 0.1731042 0.1725171 0.1523841 0.2024903 0.3102504 0.3448777 0.4982269 0.4988104 0.6808422 0.6635976 0.6273206 0.7025484 0.7074790 0.7704411 0.7738402 0.7106403 0.9068669 0.9741728 0.9253370 0.9242848 1.0006897 1.0815296 
S0021_G6404_R2_A 1.2677085 1.3174457 1.3231726 1.3025661 1.3069124 1.3432623 1.3519304 1.3283284 1.3346158 1.7268639 1.0528566 0.1249014 0.1084580 0.3441779 0.0850320 0.1028565 0.1032405 0.1424950 0.1227318 0.0509884 0.1558710 0.1376506 0.1312076 0.1529240 0.1405416 0.1353052 0.0776111 0.1868546 0.0000000 0.0829324 0.0931975 0.1273091 0.1371422 0.2048614 0.2415750 0.3336962 0.4800587 0.4682409 0.6685078 0.6743667 0.5897440 0.6680754 0.6684464 0.7320611 0.7579294 0.7096142 0.8424557 1.0155415 0.9860564 0.9599520 1.0274831 1.1308957 
S0019_G6404_R1_A 1.2571251 1.2806630 1.2863530 1.2721189 1.2844316 1.3254330 1.3279345 1.3144017 1.3172453 1.7108130 1.0112060 0.1134507 0.1064317 0.3431189 0.0875810 0.0987213 0.0930142 0.1191857 0.0986372 0.0980744 0.1531857 0.1141442 0.1316548 0.1487781 0.1068741 0.1076550 0.0694389 0.1665084 0.0829324 0.0000000 0.0731645 0.1095065 0.1227857 0.2056671 0.2432641 0.3064126 0.4605425 0.4909512 0.6404522 0.6493254 0.5597745 0.6378566 0.6381772 0.6846443 0.7121860 0.7060432 0.8356578 0.9222727 0.9139956 0.9155874 0.9628154 1.0728009 
S0020_G6404_R1_A 1.2772527 1.3041582 1.3103112 1.2932788 1.3059626 1.3179042 1.3205594 1.3101003 1.3365663 1.7091034 1.0195036 0.1271455 0.1052666 0.2803805 0.0851359 0.1057140 0.0868926 0.1256283 0.1061070 0.0935333 0.1658844 0.1327425 0.1315996 0.1604295 0.1305492 0.1349400 0.0752135 0.1731042 0.0931975 0.0731645 0.0000000 0.1075389 0.1241213 0.2211497 0.2409083 0.3148930 0.4195327 0.5012689 0.6237206 0.6248381 0.5317729 0.6004714 0.6008240 0.6173563 0.6577054 0.6340745 0.7748876 0.8990131 0.8915123 0.8603730 0.9202761 1.0217364 
S0002_G6404_R1_A 1.3045986 1.3218296 1.3277252 1.3361729 1.3389552 1.3603442 1.3730239 1.3649959 1.3431877 1.6578922 1.0555006 0.1250196 0.1362092 0.3898192 0.1204506 0.1328739 0.1193527 0.1446011 0.1121982 0.1301364 0.1748142 0.1282995 0.1526863 0.1551838 0.1116353 0.1327437 0.1059307 0.1725171 0.1273091 0.1095065 0.1075389 0.0000000 0.1330282 0.2066419 0.2358037 0.3494850 0.5265910 0.4979068 0.6653061 0.6458507 0.6024404 0.6958472 0.6940887 0.7387243 0.7126350 0.6716782 0.8867475 0.9699807 0.9279955 0.9640571 1.0182647 1.1178643 
S0018_G6404_R1_A 1.2305983 1.2467228 1.2521112 1.2624152 1.2512346 1.2747547 1.2803762 1.2697504 1.2995022 1.6727030 1.0070764 0.0697468 0.1363872 0.4027080 0.1204831 0.1320292 0.1159268 0.1518892 0.1314106 0.1311650 0.1585959 0.1015997 0.1458456 0.1595637 0.1459802 0.1381473 0.1193993 0.1523841 0.1371422 0.1227857 0.1241213 0.1330282 0.0000000 0.1467393 0.2500638 0.3341742 0.4900883 0.5060575 0.6923949 0.6938180 0.6314770 0.6885971 0.6933535 0.7489161 0.7606316 0.6986002 0.8782782 0.9841423 0.9483973 0.9263923 1.0013321 1.0850212 
S0037_G6404_R1_U 1.3146944 1.3490651 1.3549602 1.3581330 1.3486970 1.3649220 1.3860432 1.3450611 1.3829042 1.7285421 1.1177500 0.1673374 0.2043316 0.4678759 0.2055053 0.1953207 0.2018057 0.2444233 0.1966779 0.2034769 0.2111455 0.1759716 0.2297606 0.2374850 0.2071360 0.2169491 0.2031297 0.2024903 0.2048614 0.2056671 0.2211497 0.2066419 0.1467393 0.0000000 0.3120627 0.3606716 0.5032319 0.5263673 0.7012879 0.6823203 0.6246866 0.7069586 0.7075892 0.7251983 0.7563514 0.7480674 0.8942910 1.0513931 1.0053774 0.9868509 1.0746050 1.1299042 
S0012_G6404_R1_A 1.3712541 1.3954532 1.4016727 1.3987407 1.3912474 1.3816707 1.4086920 1.3897376 1.4293849 1.8144203 1.1486597 0.2395355 0.2674344 0.5500311 0.2402694 0.2321108 0.2213677 0.2874446 0.2388874 0.2269907 0.2930546 0.2488982 0.2508241 0.2403461 0.2399039 0.2371133 0.2253106 0.3102504 0.2415750 0.2432641 0.2409083 0.2358037 0.2500638 0.3120627 0.0000000 0.4323374 0.5664961 0.6109415 0.7776128 0.7996903 0.6660037 0.7279145 0.7219530 0.7236687 0.7987358 0.7230664 0.9175295 1.0647095 0.9955574 1.0437632 1.0781620 1.1280216 
S0005_G6404_R1_A 1.3724297 1.4254634 1.4320945 1.4380278 1.4271348 1.4259088 1.4573478 1.4283520 1.4571752 1.7655649 0.9879008 0.3516010 0.3576269 0.5184997 0.3318599 0.3143115 0.3412385 0.4091929 0.3176024 0.3213023 0.3527940 0.3518162 0.3481139 0.3496715 0.3235526 0.3379672 0.3077684 0.3448777 0.3336962 0.3064126 0.3148930 0.3494850 0.3341742 0.3606716 0.4323374 0.0000000 0.3834964 0.4469306 0.6595439 0.6595827 0.5755292 0.6406221 0.6411022 0.6162580 0.6310650 0.6150748 0.9218279 0.9329304 0.9499333 0.9497441 0.9618678 1.0044761 
S0035_G6404_R1_A 1.6091566 1.6523895 1.6611188 1.6672187 1.6479823 1.6485478 1.6544706 1.6480441 1.6195534 2.1670390 1.1512389 0.5049087 0.4635898 0.5679947 0.4718400 0.4882222 0.4760897 0.5295654 0.4670411 0.4750365 0.4917638 0.5131229 0.5218579 0.5222154 0.4691748 0.4758815 0.4655267 0.4982269 0.4800587 0.4605425 0.4195327 0.5265910 0.4900883 0.5032319 0.5664961 0.3834964 0.0000000 0.6389285 0.7638255 0.7748836 0.7463163 0.7824710 0.7876483 0.7334398 0.6342546 0.7435901 1.0197973 0.9584575 0.9827102 0.9848590 0.9629129 0.9854156 
S0033_G6404_R1_A 1.4157543 1.4103673 1.4171252 1.4638854 1.4299751 1.4284192 1.4536654 1.4439691 1.4475881 1.7263160 1.1721298 0.4835617 0.5002949 0.7979034 0.5099548 0.4912102 0.5030916 0.5519233 0.4837041 0.4903090 0.4775996 0.4856748 0.5238248 0.5509379 0.4892967 0.4587546 0.4560504 0.4988104 0.4682409 0.4909512 0.5012689 0.4979068 0.5060575 0.5263673 0.6109415 0.4469306 0.6389285 0.0000000 0.6666042 0.6481541 0.6055534 0.7561514 0.7393800 0.7020468 0.6787685 0.7506822 1.0290120 1.1044594 1.0780238 1.0638895 1.1218001 1.1330044 
S0015_G6404_R1_A 1.5478575 1.6635770 1.6720751 1.5577908 1.5815531 1.5366976 1.5478173 1.5500143 1.5865466 1.6766420 1.1761106 0.6730118 0.6577664 0.8899530 0.6585325 0.6586250 0.6611124 0.7232813 0.6752727 0.6500506 0.6690011 0.6315622 0.6747830 0.6826686 0.6443907 0.6762777 0.6399508 0.6808422 0.6685078 0.6404522 0.6237206 0.6653061 0.6923949 0.7012879 0.7776128 0.6595439 0.7638255 0.6666042 0.0000000 0.1913284 0.3096636 0.4883498 0.4899830 0.4963917 0.4994460 0.9068061 1.0460807 1.1821392 1.1088802 1.1561618 1.1989232 1.1176076 
S0034_G6404_R1_A 1.6603392 1.7326008 1.7415987 1.6581544 1.6870259 1.6610953 1.7229010 1.7030913 1.6346570 1.8214904 1.1481496 0.6925464 0.6637307 0.8940852 0.6644807 0.6558374 0.6702590 0.7111976 0.6676344 0.6509016 0.6792030 0.6421655 0.6617847 0.6604921 0.6520940 0.6602645 0.6660117 0.6635976 0.6743667 0.6493254 0.6248381 0.6458507 0.6938180 0.6823203 0.7996903 0.6595827 0.7748836 0.6481541 0.1913284 0.0000000 0.3191509 0.4966806 0.4987878 0.4830279 0.5123617 0.8492067 1.0764353 1.2086227 1.1510156 1.1603959 1.2188185 1.1999340 
S0008_G6404_R1_A 1.4892512 1.5382545 1.5462780 1.5057773 1.5381314 1.5257446 1.5516368 1.5345518 1.5342543 1.8217523 1.0783248 0.5954090 0.5611944 0.8290711 0.5973797 0.5980950 0.6234978 0.6035716 0.6151777 0.6100255 0.6071743 0.5976432 0.5980371 0.6402769 0.6344313 0.6082729 0.5823089 0.6273206 0.5897440 0.5597745 0.5317729 0.6024404 0.6314770 0.6246866 0.6660037 0.5755292 0.7463163 0.6055534 0.3096636 0.3191509 0.0000000 0.3091169 0.3122313 0.2789662 0.3266241 0.8489067 1.0644509 1.1031862 1.1063187 1.1093415 1.1280359 1.0564667 
S0009_G6404_R1_A 1.5057630 1.5134253 1.5208855 1.5409055 1.5544999 1.5826332 1.6006795 1.5721202 1.5502362 1.8525331 1.1186266 0.6789765 0.6195583 0.8920932 0.6736397 0.6693514 0.6722717 0.6800623 0.6735799 0.6687957 0.7192700 0.6748573 0.7087413 0.7436493 0.7092977 0.6881968 0.6355661 0.7025484 0.6680754 0.6378566 0.6004714 0.6958472 0.6885971 0.7069586 0.7279145 0.6406221 0.7824710 0.7561514 0.4883498 0.4966806 0.3091169 0.0000000 0.0050666 0.2950407 0.3624810 0.9202167 1.0682198 1.0713413 1.0561172 1.0585402 1.0625672 1.0582235 
S0010_G6404_R1_A 1.4998888 1.4937286 1.5011057 1.5350018 1.5433121 1.5515262 1.5690251 1.5411840 1.5365379 1.8245380 1.1041521 0.6773938 0.6187739 0.8904265 0.6759071 0.6716397 0.6686121 0.6747941 0.6677500 0.6613705 0.7126788 0.6771433 0.7093233 0.7470584 0.7137197 0.6925910 0.6360526 0.7074790 0.6684464 0.6381772 0.6008240 0.6940887 0.6933535 0.7075892 0.7219530 0.6411022 0.7876483 0.7393800 0.4899830 0.4987878 0.3122313 0.0050666 0.0000000 0.2956184 0.3601196 0.9214956 1.0451193 1.0498828 1.0435048 1.0501913 1.0554639 1.0436262 
S0014_G6404_R1_A 1.6383159 1.6666984 1.6762229 1.6801410 1.6864576 1.6779697 1.6809705 1.6760036 1.6638057 1.8242256 1.0639675 0.7386401 0.6955526 0.9435941 0.7287286 0.7163677 0.7256356 0.7085742 0.7266686 0.7323012 0.7609958 0.7486174 0.7228868 0.7528929 0.7583183 0.7239066 0.7036601 0.7704411 0.7320611 0.6846443 0.6173563 0.7387243 0.7489161 0.7251983 0.7236687 0.6162580 0.7334398 0.7020468 0.4963917 0.4830279 0.2789662 0.2950407 0.2956184 0.0000000 0.2661232 0.8601685 1.0503593 1.1077914 1.0797605 1.0656248 1.1050188 1.0597510 
S0027_G6404_R1_A 1.5906243 1.6474879 1.6569374 1.6525054 1.6865941 1.6767422 1.6833108 1.6688729 1.6889103 1.8707139 1.0932083 0.7430802 0.6854964 0.9308043 0.7225527 0.7349564 0.7041322 0.7507265 0.6847955 0.7342314 0.7040933 0.7542381 0.7212626 0.7323129 0.7308313 0.7274483 0.6709648 0.7738402 0.7579294 0.7121860 0.6577054 0.7126350 0.7606316 0.7563514 0.7987358 0.6310650 0.6342546 0.6787685 0.4994460 0.5123617 0.3266241 0.3624810 0.3601196 0.2661232 0.0000000 0.8549242 0.8609089 0.9793641 0.9528523 0.9614815 1.0115073 0.9557490 
S0006_G6404_R1_A 1.4284893 1.4680543 1.4756299 1.4580457 1.4601661 1.4561161 1.4651737 1.4831036 1.4887148 1.7780095 1.2109238 0.7137660 0.6420857 0.9325450 0.7145695 0.7028028 0.6594844 0.7006662 0.6728975 0.7272300 0.7142280 0.6921612 0.7273841 0.7711718 0.6763722 0.7002164 0.6683567 0.7106403 0.7096142 0.7060432 0.6340745 0.6716782 0.6986002 0.7480674 0.7230664 0.6150748 0.7435901 0.7506822 0.9068061 0.8492067 0.8489067 0.9202167 0.9214956 0.8601685 0.8549242 0.0000000 0.9816044 1.0954956 1.0935958 1.0632879 1.1054462 1.1236816 
S0051_G6404_R1_A 2.0338899 2.1269332 2.1387610 2.1035905 2.0892568 2.1190733 2.1019053 2.0919071 2.2017487 2.1508711 1.3070122 0.8722629 0.8708572 1.0582952 0.8510269 0.8319398 0.8890925 0.9216417 0.9112567 0.8353752 0.8828434 0.8186527 0.8372566 0.8790111 0.8858809 0.8968294 0.7961015 0.9068669 0.8424557 0.8356578 0.7748876 0.8867475 0.8782782 0.8942910 0.9175295 0.9218279 1.0197973 1.0290120 1.0460807 1.0764353 1.0644509 1.0682198 1.0451193 1.0503593 0.8609089 0.9816044 0.0000000 1.3009174 1.2747556 1.2647907 1.2930811 1.2513950 
S0025_G6404_R1_A 1.8523122 1.8453874 1.8548004 1.9080609 1.8671232 1.8377299 1.8335588 1.8241527 1.8442561 1.8053910 1.0568246 1.0308818 0.9557584 1.2294996 0.9748385 0.9863871 1.0070892 1.0114676 0.9495288 0.9832798 0.9868765 0.9950312 1.0377310 1.0790745 0.9865705 1.0204989 0.9471414 0.9741728 1.0155415 0.9222727 0.8990131 0.9699807 0.9841423 1.0513931 1.0647095 0.9329304 0.9584575 1.1044594 1.1821392 1.2086227 1.1031862 1.0713413 1.0498828 1.1077914 0.9793641 1.0954956 1.3009174 0.0000000 0.1335855 0.1040252 0.0504397 0.1688381 
S0024_G6404_R1_A 1.6937561 1.7299114 1.7383677 1.6929872 1.6911223 1.6845113 1.6766204 1.6793801 1.7443705 1.6850089 1.0117345 0.9967898 0.9235039 1.2387874 0.9541830 0.9432536 0.9646445 1.0023801 0.9438037 0.9675572 0.9544355 0.9484911 0.9914091 1.0198840 0.9535099 0.9846782 0.9158928 0.9253370 0.9860564 0.9139956 0.8915123 0.9279955 0.9483973 1.0053774 0.9955574 0.9499333 0.9827102 1.0780238 1.1088802 1.1510156 1.1063187 1.0561172 1.0435048 1.0797605 0.9528523 1.0935958 1.2747556 0.1335855 0.0000000 0.0525716 0.1289935 0.1699248 
S0032_G6404_R1_N 1.7934151 1.8350834 1.8447453 1.8160567 1.7976192 1.8079122 1.7996951 1.8020915 1.8463041 1.8515699 1.0327530 0.9691706 0.9356307 1.2564130 0.9730976 0.9500337 0.9787359 0.9819111 0.9404747 0.9698234 0.9636057 0.9450123 0.9959852 1.0059147 0.9856321 0.9248781 0.9054698 0.9242848 0.9599520 0.9155874 0.8603730 0.9640571 0.9263923 0.9868509 1.0437632 0.9497441 0.9848590 1.0638895 1.1561618 1.1603959 1.1093415 1.0585402 1.0501913 1.0656248 0.9614815 1.0632879 1.2647907 0.1040252 0.0525716 0.0000000 0.1011097 0.1416507 
S0029_G6404_R1_A 1.9031367 1.8767840 1.8864671 1.9489155 1.9065063 1.8672216 1.8685057 1.8586408 1.9083297 1.7510096 1.0634295 1.0597608 0.9738320 1.2889760 0.9977628 1.0023133 1.0261252 1.0410066 0.9879635 1.0176078 1.0438719 1.0129062 1.0756878 1.1215013 1.0258630 1.0519399 0.9709966 1.0006897 1.0274831 0.9628154 0.9202761 1.0182647 1.0013321 1.0746050 1.0781620 0.9618678 0.9629129 1.1218001 1.1989232 1.2188185 1.1280359 1.0625672 1.0554639 1.1050188 1.0115073 1.1054462 1.2930811 0.0504397 0.1289935 0.1011097 0.0000000 0.1656924 
S0001_G6404_R1_A 1.8539001 1.8323283 1.8423229 1.8675044 1.8470054 1.8541126 1.8560677 1.8548539 1.8149012 1.6395935 1.0318983 1.1404951 1.0632973 1.3116870 1.0731287 1.0745352 1.1033712 1.1085133 1.0920379 1.0831531 1.0985625 1.1029174 1.1538423 1.1684033 1.1393760 1.0891373 1.0773607 1.0815296 1.1308957 1.0728009 1.0217364 1.1178643 1.0850212 1.1299042 1.1280216 1.0044761 0.9854156 1.1330044 1.1176076 1.1999340 1.0564667 1.0582235 1.0436262 1.0597510 0.9557490 1.1236816 1.2513950 0.1688381 0.1699248 0.1416507 0.1656924 0.0000000 
