55
S0038_G6420_R1_A 0.0000000 0.0242080 0.0268678 0.0303612 0.0304918 0.0318600 0.0317120 0.0305623 0.0314548 0.8638465 1.1432699 1.3091497 1.3278807 1.3160453 1.3591927 1.3663287 1.2173405 0.7158615 0.7376410 0.6900079 0.6818263 0.6982948 0.7163830 0.7179191 0.6980889 0.6859259 0.6904464 0.7067805 0.7049162 0.7187488 0.7118424 0.7049756 0.7065808 0.7217347 0.7384417 0.7123817 0.6869208 0.6977703 0.7101500 0.7041954 0.7346351 0.7507810 0.7967592 0.9562849 0.9349267 0.8529780 0.9803611 0.9784666 0.9641785 0.9555710 0.9600197 1.1122561 1.0150627 1.0144918 1.2183048 
S0042_G6420_R1_N 0.0242080 0.0000000 0.0304921 0.0354817 0.0348636 0.0362457 0.0333269 0.0271189 0.0298210 0.8777219 1.1737336 1.3273142 1.3527905 1.3422913 1.4000843 1.3836128 1.2447647 0.7292152 0.7479103 0.7043421 0.6944106 0.7087659 0.7263208 0.7314271 0.7117247 0.6985535 0.7084291 0.7182589 0.7162380 0.7304073 0.7215484 0.7145763 0.7172710 0.7281020 0.7407773 0.7208767 0.7005883 0.7107140 0.7251176 0.7153825 0.7548897 0.7664151 0.8091744 0.9635223 0.9367889 0.8547197 0.9765938 0.9740872 0.9619558 0.9624601 0.9669802 1.1364542 1.0500876 1.0486314 1.1964687 
S0045_G6420_R1_A 0.0268678 0.0304921 0.0000000 0.0324593 0.0270365 0.0283999 0.0303640 0.0315052 0.0323961 0.8439557 1.1656231 1.3191832 1.3382186 1.3254086 1.3880320 1.3626374 1.2280848 0.7028704 0.7262032 0.6773776 0.6709302 0.6825381 0.7034378 0.7067096 0.6836986 0.6750424 0.6777599 0.6922726 0.6852655 0.7006068 0.6932710 0.6863784 0.6907849 0.7034326 0.7289084 0.7022400 0.6758286 0.6833379 0.6954773 0.6861574 0.7195739 0.7368416 0.7769738 0.9343154 0.9083363 0.8236281 0.9527963 0.9426126 0.9283004 0.9468049 0.9512520 1.1097830 1.0245655 1.0195451 1.2072444 
S0040_G6420_R1_N 0.0303612 0.0354817 0.0324593 0.0000000 0.0397048 0.0410908 0.0380990 0.0396979 0.0406053 0.8663686 1.1786137 1.3283620 1.3475714 1.3277103 1.3981042 1.3960900 1.2678330 0.7202244 0.7409562 0.6958988 0.6860448 0.6955509 0.7191038 0.7206478 0.7006248 0.6883502 0.6980593 0.7076825 0.7075225 0.7214833 0.7092937 0.7023922 0.7078478 0.7227589 0.7448218 0.7161035 0.6909818 0.6968607 0.7144626 0.7049307 0.7418115 0.7594387 0.8065659 0.9612008 0.9478223 0.8608062 0.9866210 0.9770857 0.9676942 0.9741122 0.9786651 1.1396810 1.0479836 1.0448132 1.2464332 
S0044_G6420_R1_N 0.0304918 0.0348636 0.0270365 0.0397048 0.0000000 0.0032982 0.0367874 0.0334797 0.0344089 0.8795372 1.1977986 1.3684416 1.3904356 1.3697234 1.4176653 1.4047912 1.2774239 0.7264818 0.7468631 0.7017607 0.6934961 0.7037434 0.7268995 0.7267929 0.7083426 0.6993410 0.7025817 0.7154334 0.7086907 0.7241759 0.7137192 0.7067971 0.7156301 0.7289102 0.7530043 0.7255992 0.7005547 0.7083311 0.7208350 0.7126617 0.7456642 0.7604015 0.8117657 0.9680029 0.9387344 0.8452504 0.9719894 0.9588221 0.9479295 0.9621132 0.9666429 1.1155861 1.0440932 1.0279120 1.2228877 
S0045_G6420_R2_A 0.0318600 0.0362457 0.0283999 0.0410908 0.0032982 0.0000000 0.0381655 0.0343585 0.0352889 0.8860539 1.1973723 1.3604709 1.3822072 1.3575068 1.4068123 1.3923627 1.2760479 0.7293523 0.7497819 0.7045597 0.6962883 0.7065461 0.7280101 0.7296563 0.7111570 0.7021338 0.7053893 0.7149160 0.7163828 0.7270282 0.7165476 0.7096189 0.7184568 0.7317948 0.7522798 0.7284581 0.7033718 0.7143346 0.7217926 0.7154907 0.7487009 0.7633855 0.8129555 0.9735685 0.9348774 0.8487442 0.9679041 0.9625517 0.9529712 0.9609127 0.9654342 1.1169985 1.0443492 1.0312120 1.2245879 
S0041_G6420_R1_N 0.0317120 0.0333269 0.0303640 0.0380990 0.0367874 0.0381655 0.0000000 0.0279128 0.0288027 0.8789841 1.1667340 1.3497310 1.3659402 1.3676672 1.4056092 1.4099853 1.2670014 0.7398637 0.7554046 0.7113896 0.7030663 0.7199080 0.7386193 0.7334308 0.7196952 0.7071935 0.7171419 0.7286390 0.7267751 0.7341095 0.7338550 0.7251191 0.7270264 0.7441881 0.7572084 0.7318002 0.7048320 0.7159365 0.7314282 0.7241163 0.7623255 0.7669055 0.8137502 0.9726348 0.9486231 0.8475307 0.9784075 0.9752941 0.9607620 0.9721499 0.9766824 1.1309797 1.0350619 1.0339971 1.2537579 
S0043_G6420_R1_N 0.0305623 0.0271189 0.0315052 0.0396979 0.0334797 0.0343585 0.0279128 0.0000000 0.0102962 0.7235215 0.9668924 1.1779170 1.1950173 1.2134814 1.2729465 1.3125952 1.1230489 0.6272594 0.6370383 0.6055349 0.6019858 0.6149911 0.6328719 0.6147344 0.6083337 0.6035622 0.6170459 0.6161716 0.6214836 0.6191156 0.6225968 0.6187176 0.6141485 0.6323605 0.6602364 0.6206167 0.6047771 0.6141279 0.6211877 0.6114971 0.6422950 0.6442103 0.6941515 0.7430928 0.7638394 0.7077955 0.8243424 0.7712135 0.7906448 0.8018003 0.8068884 1.0008697 0.8729443 0.8728060 1.0960057 
S0047_G6420_R1_N 0.0314548 0.0298210 0.0323961 0.0406053 0.0344089 0.0352889 0.0288027 0.0102962 0.0000000 0.7265458 0.9778316 1.1743829 1.1913898 1.2143785 1.2824861 1.3189793 1.1306885 0.6231193 0.6328406 0.6015124 0.5979734 0.6109364 0.6287101 0.6106719 0.6043074 0.5995472 0.6129630 0.6121051 0.6153260 0.6150229 0.6185062 0.6146408 0.6101021 0.6260855 0.6602082 0.6165213 0.6007432 0.6100611 0.6150230 0.6054145 0.6422670 0.6416908 0.6862535 0.7375821 0.7624315 0.7027631 0.8200443 0.7722972 0.7892064 0.8033644 0.8084662 0.9996933 0.8660797 0.8693499 1.1132844 
S0003_G6420_R1_N 0.8638465 0.8777219 0.8439557 0.8663686 0.8795372 0.8860539 0.8789841 0.7235215 0.7265458 0.0000000 0.7245828 1.1057551 1.1050709 1.0299635 0.8092563 0.8056322 0.8502980 0.7670835 0.7707815 0.7494350 0.7472545 0.7424589 0.7718464 0.7733191 0.7740045 0.7608608 0.7201699 0.7764892 0.7234585 0.7598079 0.7832488 0.7943930 0.7787409 0.7571987 0.7491274 0.7546570 0.7290375 0.7557536 0.7754683 0.7414424 0.7619421 0.7398300 0.7746664 1.1033520 0.8363945 0.7581937 0.8200613 0.7862324 0.7972417 0.7839335 0.7861837 0.9000209 0.8828792 0.9200516 0.7149070 
S0049_G6420_R1_A 1.1432699 1.1737336 1.1656231 1.1786137 1.1977986 1.1973723 1.1667340 0.9668924 0.9778316 0.7245828 0.0000000 0.8098799 0.7933016 0.7855118 0.6892983 0.5997588 0.6490806 0.7136542 0.7095514 0.7160481 0.7033269 0.7020283 0.7163811 0.6893887 0.7150438 0.7028116 0.7094686 0.7223278 0.6978777 0.6955330 0.7506887 0.7452061 0.7172060 0.7048649 0.7409405 0.7281662 0.6935517 0.7080270 0.7052602 0.7105447 0.7280634 0.7050231 0.7041954 1.0608210 0.7356412 0.7347664 0.7358770 0.7516686 0.7528709 0.7811052 0.7807349 0.8711744 0.8590726 0.8779321 0.6116451 
S0025_G6420_R1_A 1.3091497 1.3273142 1.3191832 1.3283620 1.3684416 1.3604709 1.3497310 1.1779170 1.1743829 1.1057551 0.8098799 0.0000000 0.0342346 0.0989206 0.3771556 0.2996797 0.2079246 0.8179367 0.8517446 0.8102254 0.7957799 0.8245561 0.8332373 0.8340827 0.8080274 0.8244532 0.8173712 0.8348536 0.8116907 0.8064029 0.8383508 0.8609336 0.8257231 0.8598560 0.8688298 0.8219112 0.7916511 0.8121648 0.8126162 0.8217262 0.9033363 0.9041360 0.8879144 1.2109417 1.0198035 0.9021130 1.0418902 0.9886152 1.0307026 1.0568744 1.0539887 1.3421307 1.1762478 1.1784368 1.1348832 
S0029_G6420_R1_A 1.3278807 1.3527905 1.3382186 1.3475714 1.3904356 1.3822072 1.3659402 1.1950173 1.1913898 1.1050709 0.7933016 0.0342346 0.0000000 0.1097089 0.3866823 0.3099115 0.2105314 0.8559865 0.8870742 0.8351913 0.8265066 0.8565511 0.8680740 0.8646675 0.8394633 0.8562508 0.8474241 0.8673524 0.8513444 0.8419049 0.8707193 0.8944135 0.8538032 0.8915206 0.8788357 0.8539260 0.8166040 0.8439926 0.8440841 0.8552739 0.9266488 0.9532581 0.9024699 1.2079769 1.0280293 0.9300222 1.0616366 1.0085374 1.0526971 1.0916239 1.0886488 1.3476556 1.1853527 1.1625938 1.1479270 
S0024_G6420_R1_A 1.3160453 1.3422913 1.3254086 1.3277103 1.3697234 1.3575068 1.3676672 1.2134814 1.2143785 1.0299635 0.7855118 0.0989206 0.1097089 0.0000000 0.3369833 0.2747961 0.1480843 0.8170203 0.8567410 0.8056231 0.8027633 0.8328060 0.8407951 0.8512241 0.8120307 0.8325318 0.8152338 0.8335085 0.8127723 0.8286485 0.8526493 0.8770267 0.8160638 0.8604865 0.8689806 0.8216848 0.7932014 0.8298160 0.8188627 0.8221236 0.8901185 0.9226106 0.8755663 1.1638814 1.0426876 0.9108295 1.0517713 1.0135400 1.0401585 1.0943493 1.0943493 1.3465287 1.1919842 1.1563257 1.1375281 
S0032_G6420_R1_N 1.3591927 1.4000843 1.3880320 1.3981042 1.4176653 1.4068123 1.4056092 1.2729465 1.2824861 0.8092563 0.6892983 0.3771556 0.3866823 0.3369833 0.0000000 0.2249841 0.1607767 0.6974680 0.7152726 0.6830492 0.6643423 0.6878392 0.6985739 0.7207098 0.6653793 0.6838386 0.6797419 0.6817962 0.6947553 0.6976148 0.7236674 0.7372999 0.6784559 0.7020863 0.7214081 0.6662401 0.6551523 0.6828371 0.6749073 0.6982201 0.7317911 0.7396030 0.7584040 1.1820007 0.8379821 0.7624985 0.8444872 0.8456550 0.8562482 0.9084739 0.9084739 1.0137326 0.9052928 0.9664404 0.7659993 
S0001_G6420_R1_A 1.3663287 1.3836128 1.3626374 1.3960900 1.4047912 1.3923627 1.4099853 1.3125952 1.3189793 0.8056322 0.5997588 0.2996797 0.3099115 0.2747961 0.2249841 0.0000000 0.1085219 0.6591103 0.6701172 0.6524228 0.6401792 0.6476891 0.6493769 0.6660696 0.6370624 0.6513406 0.6477974 0.6442311 0.6527561 0.6543153 0.6695835 0.6818136 0.6532384 0.6743043 0.6880766 0.6435625 0.6354922 0.6493093 0.6340994 0.6546278 0.6900729 0.6872438 0.6938606 1.0446383 0.7378860 0.6835076 0.7690230 0.7344046 0.7534850 0.8035866 0.8035866 0.9349108 0.9051736 0.8851163 0.8233875 
S0032_G6420_R2_N 1.2173405 1.2447647 1.2280848 1.2678330 1.2774239 1.2760479 1.2670014 1.1230489 1.1306885 0.8502980 0.6490806 0.2079246 0.2105314 0.1480843 0.1607767 0.1085219 0.0000000 0.6206368 0.6536381 0.6187513 0.6008962 0.6260717 0.6345653 0.6411453 0.6042201 0.6223566 0.6151411 0.6149888 0.6210995 0.6319680 0.6503980 0.6705996 0.6100921 0.6439645 0.6526002 0.6152484 0.5946357 0.6254930 0.5951504 0.6325569 0.6713516 0.6921642 0.6796575 1.0516435 0.7806688 0.7015488 0.8011900 0.7659179 0.7929421 0.8218073 0.8218073 0.9674920 0.9202002 0.9203191 0.8051463 
S0004_G6420_R1_A 0.7158615 0.7292152 0.7028704 0.7202244 0.7264818 0.7293523 0.7398637 0.6272594 0.6231193 0.7670835 0.7136542 0.8179367 0.8559865 0.8170203 0.6974680 0.6591103 0.6206368 0.0000000 0.0614935 0.0470529 0.0521353 0.0572577 0.0542163 0.0602079 0.0554831 0.0527626 0.0512580 0.0592551 0.0459125 0.0509490 0.0740378 0.0815888 0.0587113 0.0739613 0.1072024 0.0592257 0.0470135 0.0663203 0.0645678 0.0571867 0.1437079 0.1291309 0.1537183 0.4043743 0.2998508 0.2423810 0.3124644 0.2947176 0.3013122 0.3078823 0.3088857 0.4793040 0.4692139 0.4292785 0.5824498 
S0037_G6420_R1_U 0.7376410 0.7479103 0.7262032 0.7409562 0.7468631 0.7497819 0.7554046 0.6370383 0.6328406 0.7707815 0.7095514 0.8517446 0.8870742 0.8567410 0.7152726 0.6701172 0.6536381 0.0614935 0.0000000 0.0617055 0.0636712 0.0715575 0.0685223 0.0672794 0.0672069 0.0701056 0.0667919 0.0725058 0.0631319 0.0591155 0.0882401 0.0946481 0.0685857 0.0801831 0.1244446 0.0722969 0.0617929 0.0795314 0.0745729 0.0701898 0.1567260 0.1332739 0.1488907 0.4185354 0.2979362 0.2413542 0.3065768 0.2920313 0.2995428 0.3084877 0.3074093 0.4994530 0.4876381 0.4456385 0.5765922 
S0036_G6420_R1_A 0.6900079 0.7043421 0.6773776 0.6958988 0.7017607 0.7045597 0.7113896 0.6055349 0.6015124 0.7494350 0.7160481 0.8102254 0.8351913 0.8056231 0.6830492 0.6524228 0.6187513 0.0470529 0.0617055 0.0000000 0.0407122 0.0401753 0.0408349 0.0610610 0.0420656 0.0524080 0.0330459 0.0462785 0.0443793 0.0543131 0.0626684 0.0706288 0.0445395 0.0624275 0.0999797 0.0444890 0.0270865 0.0613800 0.0571265 0.0407189 0.1342971 0.1189592 0.1413571 0.3971973 0.2912732 0.2324097 0.3053260 0.2783732 0.2879833 0.2933948 0.2943775 0.4884504 0.4723669 0.4345811 0.5762454 
S0023_G6420_R1_A 0.6818263 0.6944106 0.6709302 0.6860448 0.6934961 0.6962883 0.7030663 0.6019858 0.5979734 0.7472545 0.7033269 0.7957799 0.8265066 0.8027633 0.6643423 0.6401792 0.6008962 0.0521353 0.0636712 0.0407122 0.0000000 0.0458013 0.0434381 0.0605581 0.0378582 0.0512336 0.0441541 0.0412771 0.0438593 0.0550470 0.0622230 0.0688193 0.0415719 0.0593721 0.1010509 0.0396634 0.0405846 0.0596009 0.0553504 0.0469339 0.1260740 0.1118570 0.1324951 0.3884495 0.2789826 0.2236459 0.2917544 0.2771494 0.2771271 0.2903913 0.2913712 0.4825491 0.4659426 0.4323655 0.5713546 
S0011_G6420_R1_A 0.6982948 0.7087659 0.6825381 0.6955509 0.7037434 0.7065461 0.7199080 0.6149911 0.6109364 0.7424589 0.7020283 0.8245561 0.8565511 0.8328060 0.6878392 0.6476891 0.6260717 0.0572577 0.0715575 0.0401753 0.0458013 0.0000000 0.0484483 0.0682684 0.0478095 0.0563679 0.0448696 0.0552847 0.0494644 0.0608011 0.0699594 0.0754276 0.0496979 0.0651807 0.1075590 0.0552761 0.0394266 0.0654747 0.0586636 0.0451957 0.1414491 0.1228806 0.1464784 0.4080965 0.2886373 0.2315829 0.3009957 0.2746850 0.2874900 0.3082886 0.3092941 0.4851750 0.4702018 0.4346762 0.5747930 
S0046_G6420_R1_A 0.7163830 0.7263208 0.7034378 0.7191038 0.7268995 0.7280101 0.7386193 0.6328719 0.6287101 0.7718464 0.7163811 0.8332373 0.8680740 0.8407951 0.6985739 0.6493769 0.6345653 0.0542163 0.0685223 0.0408349 0.0434381 0.0484483 0.0000000 0.0665206 0.0460880 0.0545968 0.0462064 0.0508988 0.0464445 0.0565158 0.0637372 0.0697238 0.0492582 0.0582010 0.1001188 0.0516050 0.0425966 0.0610600 0.0587945 0.0521322 0.1373969 0.1232161 0.1459249 0.4029150 0.2958119 0.2386412 0.3158161 0.2839944 0.2948407 0.3095175 0.3105218 0.4862237 0.4779706 0.4424292 0.5799359 
S0018_G6420_R1_A 0.7179191 0.7314271 0.7067096 0.7206478 0.7267929 0.7296563 0.7334308 0.6147344 0.6106719 0.7733191 0.6893887 0.8340827 0.8646675 0.8512241 0.7207098 0.6660696 0.6411453 0.0602079 0.0672794 0.0610610 0.0605581 0.0682684 0.0665206 0.0000000 0.0652712 0.0662037 0.0635271 0.0698861 0.0630551 0.0434223 0.0894062 0.0930591 0.0678617 0.0856341 0.1222059 0.0677955 0.0540456 0.0769089 0.0765055 0.0682623 0.1481607 0.1354119 0.1612057 0.4182593 0.2977569 0.2508515 0.3184894 0.2899904 0.3012089 0.3114342 0.3124457 0.4985169 0.4830781 0.4510655 0.5747538 
S0021_G6420_R2_A 0.6980889 0.7117247 0.6836986 0.7006248 0.7083426 0.7111570 0.7196952 0.6083337 0.6043074 0.7740045 0.7150438 0.8080274 0.8394633 0.8120307 0.6653793 0.6370624 0.6042201 0.0554831 0.0672069 0.0420656 0.0378582 0.0478095 0.0460880 0.0652712 0.0000000 0.0552291 0.0461498 0.0446315 0.0471178 0.0584084 0.0675706 0.0723749 0.0215308 0.0647669 0.1055861 0.0459667 0.0419908 0.0630375 0.0587311 0.0520718 0.1331094 0.1181073 0.1379011 0.3928456 0.2850474 0.2307014 0.3031775 0.2821284 0.2894343 0.3039244 0.3049249 0.4922710 0.4780931 0.4428461 0.5776738 
S0016_G6420_R1_A 0.6859259 0.6985535 0.6750424 0.6883502 0.6993410 0.7021338 0.7071935 0.6035622 0.5995472 0.7608608 0.7028116 0.8244532 0.8562508 0.8325318 0.6838386 0.6513406 0.6223566 0.0527626 0.0701056 0.0524080 0.0512336 0.0563679 0.0545968 0.0662037 0.0552291 0.0000000 0.0560423 0.0564177 0.0531564 0.0575439 0.0755850 0.0811043 0.0596374 0.0715916 0.1063396 0.0563581 0.0498719 0.0704702 0.0630054 0.0575533 0.1413441 0.1278322 0.1530078 0.4022114 0.2964570 0.2439203 0.3156734 0.2954221 0.3003666 0.3144490 0.3154574 0.4774224 0.4698421 0.4290546 0.5882280 
S0020_G6420_R1_A 0.6904464 0.7084291 0.6777599 0.6980593 0.7025817 0.7053893 0.7171419 0.6170459 0.6129630 0.7201699 0.7094686 0.8173712 0.8474241 0.8152338 0.6797419 0.6477974 0.6151411 0.0512580 0.0667919 0.0330459 0.0441541 0.0448696 0.0462064 0.0635271 0.0461498 0.0560423 0.0000000 0.0530264 0.0454247 0.0560489 0.0678073 0.0732127 0.0506168 0.0655886 0.1030655 0.0511459 0.0285011 0.0632519 0.0574984 0.0416534 0.1344266 0.1192281 0.1453775 0.3940125 0.2923624 0.2360701 0.3077183 0.2781662 0.2902979 0.2994653 0.3004541 0.5006611 0.4814995 0.4489273 0.5648771 
S0026_G6420_R1_A 0.7067805 0.7182589 0.6922726 0.7076825 0.7154334 0.7149160 0.7286390 0.6161716 0.6121051 0.7764892 0.7223278 0.8348536 0.8673524 0.8335085 0.6817962 0.6442311 0.6149888 0.0592551 0.0725058 0.0462785 0.0412771 0.0552847 0.0508988 0.0698861 0.0446315 0.0564177 0.0530264 0.0000000 0.0488852 0.0628732 0.0722121 0.0777032 0.0490683 0.0646344 0.1067137 0.0495966 0.0462096 0.0675692 0.0613031 0.0557758 0.1366838 0.1209440 0.1375059 0.4067798 0.2881305 0.2371542 0.3092810 0.2811560 0.2924438 0.3025960 0.3036026 0.4886439 0.4690011 0.4354173 0.5722620 
S0030_G6420_R1_A 0.7049162 0.7162380 0.6852655 0.7075225 0.7086907 0.7163828 0.7267751 0.6214836 0.6153260 0.7234585 0.6978777 0.8116907 0.8513444 0.8127723 0.6947553 0.6527561 0.6210995 0.0459125 0.0631319 0.0443793 0.0438593 0.0494644 0.0464445 0.0630551 0.0471178 0.0531564 0.0454247 0.0488852 0.0000000 0.0525473 0.0672401 0.0739425 0.0508995 0.0638731 0.1025438 0.0508004 0.0436775 0.0608379 0.0553437 0.0500509 0.1374378 0.1206522 0.1439656 0.3976741 0.2892214 0.2377635 0.3065640 0.2878659 0.2924867 0.3022473 0.3032411 0.4894170 0.4770052 0.4370294 0.5716300 
S0031_G6420_R1_A 0.7187488 0.7304073 0.7006068 0.7214833 0.7241759 0.7270282 0.7341095 0.6191156 0.6150229 0.7598079 0.6955330 0.8064029 0.8419049 0.8286485 0.6976148 0.6543153 0.6319680 0.0509490 0.0591155 0.0543131 0.0550470 0.0608011 0.0565158 0.0434223 0.0584084 0.0575439 0.0560489 0.0628732 0.0525473 0.0000000 0.0796235 0.0852026 0.0622722 0.0742643 0.1156902 0.0615252 0.0499016 0.0692047 0.0694249 0.0594251 0.1521748 0.1322488 0.1534858 0.4094902 0.2981436 0.2466235 0.3125469 0.2892153 0.3075470 0.3157701 0.3167778 0.4933079 0.4679467 0.4425519 0.5914959 
S0050_G6420_R1_A 0.7118424 0.7215484 0.6932710 0.7092937 0.7137192 0.7165476 0.7338550 0.6225968 0.6185062 0.7832488 0.7506887 0.8383508 0.8707193 0.8526493 0.7236674 0.6695835 0.6503980 0.0740378 0.0882401 0.0626684 0.0622230 0.0699594 0.0637372 0.0894062 0.0675706 0.0755850 0.0678073 0.0722121 0.0672401 0.0796235 0.0000000 0.0150104 0.0670360 0.0833213 0.1188199 0.0726523 0.0627704 0.0732621 0.0768081 0.0703509 0.1561290 0.1414143 0.1626289 0.4205562 0.3042758 0.2532260 0.3111759 0.3050538 0.3083026 0.3153664 0.3153664 0.5108255 0.4850776 0.4510659 0.6003004 
S0048_G6420_R1_A 0.7049756 0.7145763 0.6863784 0.7023922 0.7067971 0.7096189 0.7251191 0.6187176 0.6146408 0.7943930 0.7452061 0.8609336 0.8944135 0.8770267 0.7372999 0.6818136 0.6705996 0.0815888 0.0946481 0.0706288 0.0688193 0.0754276 0.0697238 0.0930591 0.0723749 0.0811043 0.0732127 0.0777032 0.0739425 0.0852026 0.0150104 0.0000000 0.0731327 0.0889834 0.1263022 0.0794567 0.0694995 0.0800844 0.0836939 0.0750932 0.1596517 0.1461866 0.1676858 0.4252509 0.3055087 0.2552048 0.3170383 0.3101595 0.3130411 0.3232093 0.3232093 0.5094083 0.4827043 0.4530623 0.6029529 
S0021_G6420_R1_A 0.7065808 0.7172710 0.6907849 0.7078478 0.7156301 0.7184568 0.7270264 0.6141485 0.6101021 0.7787409 0.7172060 0.8257231 0.8538032 0.8160638 0.6784559 0.6532384 0.6100921 0.0587113 0.0685857 0.0445395 0.0415719 0.0496979 0.0492582 0.0678617 0.0215308 0.0596374 0.0506168 0.0490683 0.0508995 0.0622722 0.0670360 0.0731327 0.0000000 0.0680723 0.1069198 0.0472112 0.0451068 0.0669459 0.0607481 0.0546713 0.1383978 0.1238991 0.1413422 0.3964186 0.2843226 0.2309151 0.3034550 0.2852668 0.2925250 0.3050113 0.3060128 0.4906970 0.4767129 0.4368179 0.5732310 
S0022_G6420_R1_A 0.7217347 0.7281020 0.7034326 0.7227589 0.7289102 0.7317948 0.7441881 0.6323605 0.6260855 0.7571987 0.7048649 0.8598560 0.8915206 0.8604865 0.7020863 0.6743043 0.6439645 0.0739613 0.0801831 0.0624275 0.0593721 0.0651807 0.0582010 0.0856341 0.0647669 0.0715916 0.0655886 0.0646344 0.0638731 0.0742643 0.0833213 0.0889834 0.0680723 0.0000000 0.1090429 0.0699103 0.0605686 0.0831863 0.0746966 0.0651350 0.1552291 0.1389262 0.1575531 0.4203325 0.3001482 0.2486575 0.3007472 0.2892213 0.2971377 0.3142059 0.3152279 0.4912955 0.4672151 0.4359893 0.5942105 
S0012_G6420_R1_A 0.7384417 0.7407773 0.7289084 0.7448218 0.7530043 0.7522798 0.7572084 0.6602364 0.6602082 0.7491274 0.7409405 0.8688298 0.8788357 0.8689806 0.7214081 0.6880766 0.6526002 0.1072024 0.1244446 0.0999797 0.1010509 0.1075590 0.1001188 0.1222059 0.1055861 0.1063396 0.1030655 0.1067137 0.1025438 0.1156902 0.1188199 0.1263022 0.1069198 0.1090429 0.0000000 0.1065246 0.0962680 0.1168304 0.1178467 0.1070452 0.1965878 0.1854109 0.2005748 0.4692600 0.3262032 0.2708007 0.3396617 0.3253075 0.3268048 0.3351941 0.3362397 0.5114845 0.4891525 0.4596033 0.6068231 
S0028_G6420_R1_A 0.7123817 0.7208767 0.7022400 0.7161035 0.7255992 0.7284581 0.7318002 0.6206167 0.6165213 0.7546570 0.7281662 0.8219112 0.8539260 0.8216848 0.6662401 0.6435625 0.6152484 0.0592257 0.0722969 0.0444890 0.0396634 0.0552761 0.0516050 0.0677955 0.0459667 0.0563581 0.0511459 0.0495966 0.0508004 0.0615252 0.0726523 0.0794567 0.0472112 0.0699103 0.1065246 0.0000000 0.0456499 0.0654316 0.0643236 0.0551666 0.1356309 0.1202226 0.1436101 0.3981750 0.2885732 0.2350850 0.3076587 0.2845314 0.2915780 0.2960014 0.2969916 0.4754610 0.4576589 0.4233106 0.5748000 
S0019_G6420_R1_A 0.6869208 0.7005883 0.6758286 0.6909818 0.7005547 0.7033718 0.7048320 0.6047771 0.6007432 0.7290375 0.6935517 0.7916511 0.8166040 0.7932014 0.6551523 0.6354922 0.5946357 0.0470135 0.0617929 0.0270865 0.0405846 0.0394266 0.0425966 0.0540456 0.0419908 0.0498719 0.0285011 0.0462096 0.0436775 0.0499016 0.0627704 0.0694995 0.0451068 0.0605686 0.0962680 0.0456499 0.0000000 0.0608577 0.0539705 0.0381083 0.1320623 0.1146457 0.1365036 0.3894851 0.2923267 0.2346421 0.3069836 0.2811780 0.2873530 0.2976528 0.2986518 0.4842477 0.4627748 0.4292179 0.5580481 
S0013_G6420_R1_A 0.6977703 0.7107140 0.6833379 0.6968607 0.7083311 0.7143346 0.7159365 0.6141279 0.6100611 0.7557536 0.7080270 0.8121648 0.8439926 0.8298160 0.6828371 0.6493093 0.6254930 0.0663203 0.0795314 0.0613800 0.0596009 0.0654747 0.0610600 0.0769089 0.0630375 0.0704702 0.0632519 0.0675692 0.0608379 0.0692047 0.0732621 0.0800844 0.0669459 0.0831863 0.1168304 0.0654316 0.0608577 0.0000000 0.0708836 0.0639957 0.1547663 0.1421315 0.1643190 0.4183222 0.3045902 0.2488679 0.3147194 0.2923395 0.2999941 0.3183239 0.3193382 0.5143725 0.4884790 0.4625627 0.5704010 
S0017_G6420_R1_A 0.7101500 0.7251176 0.6954773 0.7144626 0.7208350 0.7217926 0.7314282 0.6211877 0.6150230 0.7754683 0.7052602 0.8126162 0.8440841 0.8188627 0.6749073 0.6340994 0.5951504 0.0645678 0.0745729 0.0571265 0.0553504 0.0586636 0.0587945 0.0765055 0.0587311 0.0630054 0.0574984 0.0613031 0.0553437 0.0694249 0.0768081 0.0836939 0.0607481 0.0746966 0.1178467 0.0643236 0.0539705 0.0708836 0.0000000 0.0628762 0.1391384 0.1311767 0.1530563 0.4188265 0.2998665 0.2453811 0.3177586 0.2984781 0.3015836 0.3157926 0.3168033 0.4874433 0.4706529 0.4344177 0.5772566 
S0002_G6420_R1_A 0.7041954 0.7153825 0.6861574 0.7049307 0.7126617 0.7154907 0.7241163 0.6114971 0.6054145 0.7414424 0.7105447 0.8217262 0.8552739 0.8221236 0.6982201 0.6546278 0.6325569 0.0571867 0.0701898 0.0407189 0.0469339 0.0451957 0.0521322 0.0682623 0.0520718 0.0575533 0.0416534 0.0557758 0.0500509 0.0594251 0.0703509 0.0750932 0.0546713 0.0651350 0.1070452 0.0551666 0.0381083 0.0639957 0.0628762 0.0000000 0.1411506 0.1269144 0.1457037 0.4043129 0.2972675 0.2389103 0.3117352 0.2841324 0.2976716 0.3073064 0.3083050 0.4931960 0.4783383 0.4410638 0.5770940 
S0035_G6420_R1_A 0.7346351 0.7548897 0.7195739 0.7418115 0.7456642 0.7487009 0.7623255 0.6422950 0.6422670 0.7619421 0.7280634 0.9033363 0.9266488 0.8901185 0.7317911 0.6900729 0.6713516 0.1437079 0.1567260 0.1342971 0.1260740 0.1414491 0.1373969 0.1481607 0.1331094 0.1413441 0.1344266 0.1366838 0.1374378 0.1521748 0.1561290 0.1596517 0.1383978 0.1552291 0.1965878 0.1356309 0.1320623 0.1547663 0.1391384 0.1411506 0.0000000 0.1367611 0.1481860 0.2769028 0.3004816 0.2470154 0.3207933 0.2967120 0.2909418 0.3080357 0.3090634 0.5055950 0.4892636 0.4523213 0.5800872 
S0005_G6420_R1_A 0.7507810 0.7664151 0.7368416 0.7594387 0.7604015 0.7633855 0.7669055 0.6442103 0.6416908 0.7398300 0.7050231 0.9041360 0.9532581 0.9226106 0.7396030 0.6872438 0.6921642 0.1291309 0.1332739 0.1189592 0.1118570 0.1228806 0.1232161 0.1354119 0.1181073 0.1278322 0.1192281 0.1209440 0.1206522 0.1322488 0.1414143 0.1461866 0.1238991 0.1389262 0.1854109 0.1202226 0.1146457 0.1421315 0.1311767 0.1269144 0.1367611 0.0000000 0.1207827 0.3904906 0.2724904 0.2101017 0.2892389 0.2594357 0.2693181 0.2752035 0.2761732 0.4876224 0.4732172 0.4394697 0.5560357 
S0033_G6420_R1_A 0.7967592 0.8091744 0.7769738 0.8065659 0.8117657 0.8129555 0.8137502 0.6941515 0.6862535 0.7746664 0.7041954 0.8879144 0.9024699 0.8755663 0.7584040 0.6938606 0.6796575 0.1537183 0.1488907 0.1413571 0.1324951 0.1464784 0.1459249 0.1612057 0.1379011 0.1530078 0.1453775 0.1375059 0.1439656 0.1534858 0.1626289 0.1676858 0.1413422 0.1575531 0.2005748 0.1436101 0.1365036 0.1643190 0.1530563 0.1457037 0.1481860 0.1207827 0.0000000 0.3931954 0.2710295 0.2020920 0.2859559 0.2538672 0.2570331 0.2845873 0.2855921 0.4943330 0.4863461 0.4402711 0.5729788 
S0035_G6420_R2_U 0.9562849 0.9635223 0.9343154 0.9612008 0.9680029 0.9735685 0.9726348 0.7430928 0.7375821 1.1033520 1.0608210 1.2109417 1.2079769 1.1638814 1.1820007 1.0446383 1.0516435 0.4043743 0.4185354 0.3971973 0.3884495 0.4080965 0.4029150 0.4182593 0.3928456 0.4022114 0.3940125 0.4067798 0.3976741 0.4094902 0.4205562 0.4252509 0.3964186 0.4203325 0.4692600 0.3981750 0.3894851 0.4183222 0.4188265 0.4043129 0.2769028 0.3904906 0.3931954 0.0000000 0.5773318 0.5134402 0.6042363 0.5603770 0.5533093 0.6147643 0.6164370 0.8216748 0.7928966 0.7491198 0.9412836 
S0027_G6420_R1_A 0.9349267 0.9367889 0.9083363 0.9478223 0.9387344 0.9348774 0.9486231 0.7638394 0.7624315 0.8363945 0.7356412 1.0198035 1.0280293 1.0426876 0.8379821 0.7378860 0.7806688 0.2998508 0.2979362 0.2912732 0.2789826 0.2886373 0.2958119 0.2977569 0.2850474 0.2964570 0.2923624 0.2881305 0.2892214 0.2981436 0.3042758 0.3055087 0.2843226 0.3001482 0.3262032 0.2885732 0.2923267 0.3045902 0.2998665 0.2972675 0.3004816 0.2724904 0.2710295 0.5773318 0.0000000 0.1485485 0.1482460 0.1769442 0.1799090 0.2044615 0.2053495 0.4576990 0.4488795 0.4203731 0.5763960 
S0008_G6420_R1_A 0.8529780 0.8547197 0.8236281 0.8608062 0.8452504 0.8487442 0.8475307 0.7077955 0.7027631 0.7581937 0.7347664 0.9021130 0.9300222 0.9108295 0.7624985 0.6835076 0.7015488 0.2423810 0.2413542 0.2324097 0.2236459 0.2315829 0.2386412 0.2508515 0.2307014 0.2439203 0.2360701 0.2371542 0.2377635 0.2466235 0.2532260 0.2552048 0.2309151 0.2486575 0.2708007 0.2350850 0.2346421 0.2488679 0.2453811 0.2389103 0.2470154 0.2101017 0.2020920 0.5134402 0.1485485 0.0000000 0.1504544 0.1213306 0.1431170 0.1592308 0.1591978 0.4605330 0.4439948 0.4243281 0.5223338 
S0014_G6420_R1_A 0.9803611 0.9765938 0.9527963 0.9866210 0.9719894 0.9679041 0.9784075 0.8243424 0.8200443 0.8200613 0.7358770 1.0418902 1.0616366 1.0517713 0.8444872 0.7690230 0.8011900 0.3124644 0.3065768 0.3053260 0.2917544 0.3009957 0.3158161 0.3184894 0.3031775 0.3156734 0.3077183 0.3092810 0.3065640 0.3125469 0.3111759 0.3170383 0.3034550 0.3007472 0.3396617 0.3076587 0.3069836 0.3147194 0.3177586 0.3117352 0.3207933 0.2892389 0.2859559 0.6042363 0.1482460 0.1504544 0.0000000 0.1769029 0.1848892 0.1842011 0.1841614 0.4549243 0.4665169 0.4260267 0.5897744 
S0015_G6420_R1_A 0.9784666 0.9740872 0.9426126 0.9770857 0.9588221 0.9625517 0.9752941 0.7712135 0.7722972 0.7862324 0.7516686 0.9886152 1.0085374 1.0135400 0.8456550 0.7344046 0.7659179 0.2947176 0.2920313 0.2783732 0.2771494 0.2746850 0.2839944 0.2899904 0.2821284 0.2954221 0.2781662 0.2811560 0.2878659 0.2892153 0.3050538 0.3101595 0.2852668 0.2892213 0.3253075 0.2845314 0.2811780 0.2923395 0.2984781 0.2841324 0.2967120 0.2594357 0.2538672 0.5603770 0.1769442 0.1213306 0.1769029 0.0000000 0.1160106 0.2032861 0.2032414 0.4430309 0.4325165 0.4249518 0.5532721 
S0034_G6420_R1_A 0.9641785 0.9619558 0.9283004 0.9676942 0.9479295 0.9529712 0.9607620 0.7906448 0.7892064 0.7972417 0.7528709 1.0307026 1.0526971 1.0401585 0.8562482 0.7534850 0.7929421 0.3013122 0.2995428 0.2879833 0.2771271 0.2874900 0.2948407 0.3012089 0.2894343 0.3003666 0.2902979 0.2924438 0.2924867 0.3075470 0.3083026 0.3130411 0.2925250 0.2971377 0.3268048 0.2915780 0.2873530 0.2999941 0.3015836 0.2976716 0.2909418 0.2693181 0.2570331 0.5533093 0.1799090 0.1431170 0.1848892 0.1160106 0.0000000 0.1935212 0.1925884 0.4416213 0.4434840 0.4198933 0.5202806 
S0009_G6420_R1_A 0.9555710 0.9624601 0.9468049 0.9741122 0.9621132 0.9609127 0.9721499 0.8018003 0.8033644 0.7839335 0.7811052 1.0568744 1.0916239 1.0943493 0.9084739 0.8035866 0.8218073 0.3078823 0.3084877 0.2933948 0.2903913 0.3082886 0.3095175 0.3114342 0.3039244 0.3144490 0.2994653 0.3025960 0.3022473 0.3157701 0.3153664 0.3232093 0.3050113 0.3142059 0.3351941 0.2960014 0.2976528 0.3183239 0.3157926 0.3073064 0.3080357 0.2752035 0.2845873 0.6147643 0.2044615 0.1592308 0.1842011 0.2032861 0.1935212 0.0000000 0.0019277 0.4524801 0.4354619 0.4264672 0.5451825 
S0010_G6420_R1_A 0.9600197 0.9669802 0.9512520 0.9786651 0.9666429 0.9654342 0.9766824 0.8068884 0.8084662 0.7861837 0.7807349 1.0539887 1.0886488 1.0943493 0.9084739 0.8035866 0.8218073 0.3088857 0.3074093 0.2943775 0.2913712 0.3092941 0.3105218 0.3124457 0.3049249 0.3154574 0.3004541 0.3036026 0.3032411 0.3167778 0.3153664 0.3232093 0.3060128 0.3152279 0.3362397 0.2969916 0.2986518 0.3193382 0.3168033 0.3083050 0.3090634 0.2761732 0.2855921 0.6164370 0.2053495 0.1591978 0.1841614 0.2032414 0.1925884 0.0019277 0.0000000 0.4538571 0.4370105 0.4279729 0.5468337 
S0051_G6420_R1_A 1.1122561 1.1364542 1.1097830 1.1396810 1.1155861 1.1169985 1.1309797 1.0008697 0.9996933 0.9000209 0.8711744 1.3421307 1.3476556 1.3465287 1.0137326 0.9349108 0.9674920 0.4793040 0.4994530 0.4884504 0.4825491 0.4851750 0.4862237 0.4985169 0.4922710 0.4774224 0.5006611 0.4886439 0.4894170 0.4933079 0.5108255 0.5094083 0.4906970 0.4912955 0.5114845 0.4754610 0.4842477 0.5143725 0.4874433 0.4931960 0.5055950 0.4876224 0.4943330 0.8216748 0.4576990 0.4605330 0.4549243 0.4430309 0.4416213 0.4524801 0.4538571 0.0000000 0.0694490 0.0092453 0.7313680 
S0039_G6420_R1_A 1.0150627 1.0500876 1.0245655 1.0479836 1.0440932 1.0443492 1.0350619 0.8729443 0.8660797 0.8828792 0.8590726 1.1762478 1.1853527 1.1919842 0.9052928 0.9051736 0.9202002 0.4692139 0.4876381 0.4723669 0.4659426 0.4702018 0.4779706 0.4830781 0.4780931 0.4698421 0.4814995 0.4690011 0.4770052 0.4679467 0.4850776 0.4827043 0.4767129 0.4672151 0.4891525 0.4576589 0.4627748 0.4884790 0.4706529 0.4783383 0.4892636 0.4732172 0.4863461 0.7928966 0.4488795 0.4439948 0.4665169 0.4325165 0.4434840 0.4354619 0.4370105 0.0694490 0.0000000 0.0688866 0.7027149 
S0039_G6420_R2_A 1.0144918 1.0486314 1.0195451 1.0448132 1.0279120 1.0312120 1.0339971 0.8728060 0.8693499 0.9200516 0.8779321 1.1784368 1.1625938 1.1563257 0.9664404 0.8851163 0.9203191 0.4292785 0.4456385 0.4345811 0.4323655 0.4346762 0.4424292 0.4510655 0.4428461 0.4290546 0.4489273 0.4354173 0.4370294 0.4425519 0.4510659 0.4530623 0.4368179 0.4359893 0.4596033 0.4233106 0.4292179 0.4625627 0.4344177 0.4410638 0.4523213 0.4394697 0.4402711 0.7491198 0.4203731 0.4243281 0.4260267 0.4249518 0.4198933 0.4264672 0.4279729 0.0092453 0.0688866 0.0000000 0.6914018 
S0014_G6420_R2_A 1.2183048 1.1964687 1.2072444 1.2464332 1.2228877 1.2245879 1.2537579 1.0960057 1.1132844 0.7149070 0.6116451 1.1348832 1.1479270 1.1375281 0.7659993 0.8233875 0.8051463 0.5824498 0.5765922 0.5762454 0.5713546 0.5747930 0.5799359 0.5747538 0.5776738 0.5882280 0.5648771 0.5722620 0.5716300 0.5914959 0.6003004 0.6029529 0.5732310 0.5942105 0.6068231 0.5748000 0.5580481 0.5704010 0.5772566 0.5770940 0.5800872 0.5560357 0.5729788 0.9412836 0.5763960 0.5223338 0.5897744 0.5532721 0.5202806 0.5451825 0.5468337 0.7313680 0.7027149 0.6914018 0.0000000 
