69
S0012_G6451_R1_A 0.0000000 0.0742013 0.0731339 0.0754365 0.0777463 0.0873067 0.0872902 0.0730274 0.0759267 0.0765497 0.0740096 0.0708647 0.0820518 0.0793693 0.0747233 0.0737079 0.0744928 0.0790931 0.1097741 0.0865609 0.0890716 0.0891734 0.0896271 0.0939468 0.0952227 0.0940547 0.0837815 0.0846419 0.0819936 0.2707973 0.2882470 0.2583473 0.2528569 0.3015804 0.3015804 0.1826811 0.1645568 0.2017677 0.2867129 0.3389135 0.3408531 0.4394378 0.5995610 0.5847870 0.5734869 0.5724651 0.6019629 0.5991933 0.5860741 0.6161916 0.6111382 0.5250718 0.4969822 0.6913992 0.5771050 0.5685952 0.6097454 0.5736135 0.5801558 0.5719491 0.5810265 0.5754503 0.5737301 0.6198959 0.6183920 0.5754402 0.6110672 0.6891226 0.6910090 
S0050_G6451_R1_A 0.0742013 0.0000000 0.0166036 0.0490630 0.0506159 0.0566477 0.0585171 0.0496401 0.0495076 0.0501015 0.0471129 0.0391043 0.0533504 0.0551369 0.0495065 0.0429991 0.0437431 0.0513681 0.0812180 0.0547264 0.0601987 0.0639878 0.0666798 0.0663269 0.0671976 0.0672701 0.0570545 0.0570431 0.0568911 0.2503656 0.2720171 0.2280076 0.2353014 0.2817358 0.2817358 0.1566404 0.1315755 0.1688508 0.2627417 0.3178985 0.3174033 0.4356313 0.5863811 0.5769382 0.5606291 0.5523518 0.5848493 0.5827625 0.5783179 0.5919585 0.5801996 0.5242459 0.4817604 0.6932600 0.5534668 0.5540715 0.5856974 0.5590740 0.5668539 0.5538520 0.5627148 0.5616988 0.5599973 0.6005289 0.5990506 0.5608658 0.5872129 0.6626898 0.6688816 
S0048_G6451_R1_A 0.0731339 0.0166036 0.0000000 0.0515273 0.0518999 0.0591559 0.0598582 0.0485918 0.0495598 0.0501544 0.0471626 0.0412807 0.0557443 0.0564464 0.0496134 0.0435924 0.0443346 0.0532500 0.0837543 0.0576678 0.0622311 0.0654346 0.0674214 0.0671178 0.0679473 0.0680209 0.0565601 0.0577540 0.0576415 0.2517713 0.2726654 0.2286405 0.2374435 0.2870288 0.2870288 0.1565131 0.1308673 0.1706495 0.2612746 0.3183828 0.3178879 0.4283383 0.5799891 0.5686848 0.5589420 0.5506861 0.5784318 0.5827097 0.5718647 0.5888993 0.5793112 0.5161133 0.4697643 0.6834702 0.5592984 0.5572430 0.5902799 0.5603147 0.5680789 0.5568506 0.5639475 0.5629235 0.5612257 0.6035445 0.6020574 0.5603928 0.5922800 0.6655890 0.6665510 
S0013_G6451_R1_A 0.0754365 0.0490630 0.0515273 0.0000000 0.0536281 0.0634005 0.0653469 0.0511045 0.0518909 0.0524872 0.0494851 0.0444318 0.0533654 0.0569366 0.0519470 0.0474544 0.0482036 0.0531432 0.0841700 0.0624435 0.0671239 0.0642525 0.0684965 0.0720107 0.0690295 0.0684988 0.0601123 0.0600495 0.0581840 0.2450176 0.2677278 0.2277405 0.2366198 0.2895836 0.2895836 0.1570513 0.1388297 0.1707055 0.2646354 0.3225829 0.3244487 0.4236625 0.6024953 0.5917029 0.5811874 0.5726176 0.6010049 0.6030234 0.5854842 0.6095383 0.5996146 0.5314010 0.4871183 0.6922836 0.5627275 0.5421430 0.5776678 0.5469743 0.5552093 0.5417255 0.5541262 0.5525036 0.5508203 0.5947827 0.5933161 0.5452480 0.5775293 0.6590737 0.6626494 
S0011_G6451_R1_A 0.0777463 0.0506159 0.0518999 0.0536281 0.0000000 0.0387424 0.0395147 0.0403001 0.0416846 0.0422687 0.0393334 0.0428180 0.0446229 0.0418376 0.0417303 0.0451141 0.0458588 0.0417170 0.0726655 0.0515411 0.0496689 0.0540722 0.0465575 0.0479482 0.0524507 0.0536932 0.0392315 0.0478257 0.0354040 0.2376470 0.2628955 0.2203512 0.2247098 0.2763255 0.2763255 0.1463532 0.1214228 0.1592541 0.2464387 0.3272089 0.3290864 0.4156779 0.5974191 0.5842667 0.5687124 0.5586638 0.5938643 0.5932537 0.5914183 0.5955682 0.5922951 0.4922343 0.4578576 0.6694772 0.5461430 0.5477715 0.5666392 0.5526421 0.5609328 0.5473634 0.5598489 0.5581641 0.5564720 0.5835165 0.5820650 0.5508928 0.5665033 0.6595045 0.6630856 
S0046_G6451_R1_A 0.0873067 0.0566477 0.0591559 0.0634005 0.0387424 0.0000000 0.0468018 0.0483692 0.0499273 0.0505196 0.0475386 0.0466688 0.0571642 0.0514386 0.0512013 0.0496658 0.0504172 0.0476748 0.0832204 0.0539054 0.0576847 0.0645894 0.0550134 0.0546651 0.0573406 0.0585997 0.0489630 0.0538670 0.0448351 0.2476933 0.2738349 0.2242012 0.2312486 0.2811662 0.2811662 0.1491251 0.1304273 0.1676070 0.2579796 0.3253167 0.3271889 0.4207979 0.5760436 0.5727349 0.5599685 0.5500565 0.5724552 0.5868768 0.5716667 0.5998887 0.5883770 0.5089391 0.4654948 0.6864381 0.5588474 0.5503878 0.5854370 0.5552823 0.5636087 0.5499835 0.5605804 0.5572122 0.5555193 0.5996352 0.5981562 0.5535202 0.5852963 0.6689645 0.6726247 
S0022_G6451_R1_A 0.0872902 0.0585171 0.0598582 0.0653469 0.0395147 0.0468018 0.0000000 0.0481448 0.0522449 0.0528521 0.0497949 0.0481583 0.0557394 0.0523871 0.0522103 0.0512207 0.0519856 0.0535228 0.0814406 0.0585786 0.0581830 0.0634164 0.0468547 0.0495907 0.0615844 0.0628807 0.0490263 0.0579842 0.0343489 0.2510787 0.2798311 0.2308748 0.2323782 0.2865136 0.2865136 0.1583841 0.1281165 0.1666189 0.2602739 0.3322236 0.3341492 0.4245525 0.5960322 0.5955457 0.5843498 0.5757224 0.5971811 0.6052073 0.5946106 0.6005276 0.5905772 0.5263658 0.4683844 0.6872745 0.5569643 0.5774165 0.6060384 0.5768629 0.5895237 0.5770513 0.5884132 0.5881957 0.5864204 0.6241260 0.6225899 0.5806907 0.6058907 0.6937460 0.6976599 
S0031_G6451_R1_A 0.0730274 0.0496401 0.0485918 0.0511045 0.0403001 0.0483692 0.0481448 0.0000000 0.0415797 0.0421956 0.0391010 0.0372110 0.0425824 0.0411638 0.0424816 0.0404609 0.0412372 0.0428411 0.0556058 0.0463158 0.0416261 0.0295329 0.0555840 0.0528471 0.0547634 0.0548064 0.0434192 0.0467283 0.0435389 0.2357335 0.2596492 0.2138497 0.2351893 0.2745847 0.2745847 0.1429026 0.1183427 0.1567406 0.2463104 0.3213190 0.3203407 0.4307018 0.5845900 0.5727643 0.5580215 0.5496812 0.5831304 0.5862371 0.5801307 0.5829836 0.5771503 0.5091633 0.4797193 0.7197336 0.5697528 0.5289053 0.5656635 0.5250583 0.5426158 0.5214625 0.5403371 0.5327126 0.5310391 0.5814484 0.5799549 0.5322298 0.5658948 0.6459093 0.6547636 
S0019_G6451_R1_A 0.0759267 0.0495076 0.0495598 0.0518909 0.0416846 0.0499273 0.0522449 0.0415797 0.0000000 0.0005394 0.0032501 0.0041939 0.0421349 0.0425173 0.0244211 0.0000010 0.0006854 0.0411914 0.0770225 0.0538522 0.0546586 0.0578312 0.0586665 0.0576586 0.0530664 0.0531225 0.0489660 0.0472561 0.0448893 0.2397359 0.2621631 0.2188745 0.2236102 0.2833616 0.2833616 0.1459109 0.1224890 0.1558773 0.2490114 0.3379533 0.3375008 0.4288787 0.5916448 0.5910582 0.5755238 0.5670337 0.5901351 0.5951702 0.5779587 0.6143918 0.5988976 0.5035152 0.4689094 0.6916326 0.5747588 0.5521961 0.5790924 0.5571034 0.5637284 0.5517948 0.5626426 0.5626260 0.5609249 0.5948302 0.5933576 0.5553338 0.5775066 0.6713094 0.6749905 
S0019_G6451_R3_A 0.0765497 0.0501015 0.0501544 0.0524872 0.0422687 0.0505196 0.0528521 0.0421956 0.0005394 0.0000000 0.0037936 0.0048959 0.0427776 0.0431055 0.0249882 0.0006854 0.0000010 0.0417762 0.0777194 0.0546146 0.0552681 0.0584451 0.0592715 0.0582645 0.0536637 0.0537205 0.0495741 0.0478492 0.0454801 0.2406729 0.2631286 0.2197790 0.2236102 0.2843205 0.2843205 0.1452209 0.1232029 0.1566215 0.2499758 0.3379533 0.3363583 0.4288787 0.5898426 0.5895844 0.5739994 0.5655274 0.5883250 0.5935847 0.5761444 0.6128198 0.5970425 0.5035152 0.4689094 0.6916326 0.5747588 0.5505020 0.5776457 0.5553987 0.5620113 0.5500978 0.5609254 0.5609249 0.5592261 0.5933576 0.5918866 0.5536356 0.5760618 0.6696563 0.6733257 
S0019_G6451_R2_A 0.0740096 0.0471129 0.0471626 0.0494851 0.0393334 0.0475386 0.0497949 0.0391010 0.0032501 0.0037936 0.0000000 0.0000010 0.0395481 0.0401490 0.0221467 0.0041277 0.0048186 0.0388374 0.0741974 0.0507778 0.0521984 0.0553515 0.0562227 0.0552115 0.0506561 0.0507095 0.0465143 0.0448656 0.0425096 0.2348895 0.2571540 0.2159624 0.2189781 0.2802175 0.2802175 0.1429705 0.1195678 0.1542668 0.2477593 0.3338601 0.3357670 0.4300456 0.5886117 0.5885778 0.5729810 0.5645334 0.5870913 0.5924958 0.5749291 0.6133254 0.5976647 0.5067571 0.4671755 0.6916152 0.5678865 0.5466915 0.5743763 0.5515612 0.5598528 0.5462810 0.5587675 0.5570922 0.5553995 0.5900217 0.5885552 0.5498139 0.5727977 0.6658708 0.6695114 
S0019_G6451_R4_A 0.0708647 0.0391043 0.0412807 0.0444318 0.0428180 0.0466688 0.0481583 0.0372110 0.0041939 0.0048959 0.0000010 0.0000000 0.0390074 0.0423172 0.0211051 0.0041228 0.0048128 0.0391195 0.0726275 0.0579758 0.0500696 0.0486312 0.0513356 0.0558802 0.0490044 0.0497943 0.0474888 0.0484984 0.0431139 0.2306909 0.2550269 0.1793956 0.2168854 0.2644784 0.2644784 0.1399982 0.1076533 0.1336246 0.2320878 0.3280498 0.3305690 0.4113333 0.5886117 0.5985732 0.5737514 0.5709894 0.5870913 0.5953633 0.5749291 0.6134776 0.5998628 0.4677584 0.4701410 0.6844771 0.5793601 0.5463070 0.5471182 0.5512311 0.5599802 0.5458910 0.5633336 0.5622240 0.5604880 0.5633787 0.5616055 0.5511337 0.5502974 0.5565538 0.5553515 
S0036_G6451_R1_U 0.0820518 0.0533504 0.0557443 0.0533654 0.0446229 0.0571642 0.0557394 0.0425824 0.0421349 0.0427776 0.0395481 0.0390074 0.0000000 0.0495128 0.0422010 0.0428121 0.0435527 0.0499873 0.0811759 0.0614448 0.0596841 0.0590743 0.0627155 0.0644895 0.0620446 0.0621147 0.0555177 0.0568569 0.0495682 0.2459026 0.2705963 0.1978488 0.2232630 0.2922952 0.2922952 0.1502409 0.1258209 0.1532478 0.2522222 0.3350783 0.3385880 0.4010681 0.6040610 0.5994385 0.5854085 0.5765719 0.6026075 0.6034206 0.6000700 0.6116726 0.6061622 0.4881240 0.4776681 0.6566703 0.5563943 0.5497280 0.5618086 0.5545894 0.5591842 0.5512299 0.5581055 0.5600832 0.5583959 0.5833826 0.5817949 0.5579317 0.5733702 0.5910519 0.5918806 
S0023_G6451_R1_A 0.0793693 0.0551369 0.0564464 0.0569366 0.0418376 0.0514386 0.0523871 0.0411638 0.0425173 0.0431055 0.0401490 0.0423172 0.0495128 0.0000000 0.0431458 0.0446321 0.0453805 0.0402123 0.0766904 0.0542549 0.0530945 0.0568874 0.0594686 0.0585305 0.0467448 0.0479774 0.0492202 0.0426483 0.0480513 0.2403646 0.2597013 0.2250711 0.2273243 0.2845143 0.2845143 0.1463647 0.1219659 0.1557842 0.2558411 0.3228103 0.3246720 0.4214276 0.5938716 0.5885101 0.5728753 0.5627112 0.5902903 0.5973597 0.5858255 0.5966417 0.5921437 0.5098098 0.4777766 0.6849620 0.5501572 0.5746060 0.5953082 0.5797189 0.5883677 0.5742395 0.5872687 0.5852610 0.5835081 0.6129774 0.6114717 0.5778390 0.5951643 0.6887520 0.6925892 
S0020_G6451_R1_A 0.0747233 0.0495065 0.0496134 0.0519470 0.0417303 0.0512013 0.0522103 0.0424816 0.0244211 0.0249882 0.0221467 0.0211051 0.0422010 0.0431458 0.0000000 0.0236113 0.0243205 0.0429492 0.0771324 0.0596042 0.0559234 0.0557309 0.0587307 0.0573048 0.0543553 0.0532222 0.0514383 0.0484905 0.0460378 0.2396448 0.2573453 0.2204934 0.2332770 0.2800879 0.2800879 0.1481624 0.1204741 0.1576970 0.2503614 0.3314332 0.3333096 0.4230539 0.5953232 0.5874116 0.5728942 0.5644510 0.5938294 0.5958124 0.5914283 0.6053595 0.6014194 0.5011296 0.4773752 0.6922906 0.5850216 0.5502081 0.5731326 0.5550570 0.5664350 0.5498072 0.5678262 0.5624403 0.5607547 0.5934490 0.5919749 0.5549936 0.5729943 0.6581676 0.6617552 
S0019_G6451_R5_A 0.0737079 0.0429991 0.0435924 0.0474544 0.0451141 0.0496658 0.0512207 0.0404609 0.0000010 0.0006854 0.0041277 0.0041228 0.0428121 0.0446321 0.0236113 0.0000000 0.0006740 0.0414607 0.0757202 0.0617299 0.0539335 0.0516377 0.0558992 0.0588247 0.0519842 0.0520175 0.0497378 0.0507467 0.0461965 0.2427450 0.2656931 0.1901325 0.2276883 0.2769795 0.2769795 0.1449223 0.1122401 0.1360270 0.2421370 0.3334638 0.3332283 0.4099798 0.5916448 0.6067857 0.5832060 0.5798356 0.5901351 0.6042743 0.5779587 0.6200470 0.6010909 0.4683847 0.4748633 0.6844952 0.5864016 0.5535117 0.5544707 0.5584607 0.5655203 0.5531100 0.5688870 0.5694926 0.5677541 0.5707975 0.5690218 0.5583613 0.5576711 0.5639271 0.5627484 
S0019_G6451_R6_A 0.0744928 0.0437431 0.0443346 0.0482036 0.0458588 0.0504172 0.0519856 0.0412372 0.0006854 0.0000010 0.0048186 0.0048128 0.0435527 0.0453805 0.0243205 0.0006740 0.0000000 0.0422018 0.0765278 0.0625048 0.0547075 0.0523982 0.0566610 0.0595886 0.0527394 0.0527732 0.0504903 0.0515042 0.0469478 0.2438172 0.2668002 0.1911132 0.2276883 0.2780981 0.2780981 0.1440569 0.1131336 0.1369281 0.2431986 0.3334638 0.3318990 0.4099798 0.5898426 0.6050962 0.5814656 0.5781028 0.5883250 0.6024761 0.5761444 0.6182746 0.5992483 0.4683847 0.4748633 0.6844952 0.5864016 0.5518044 0.5527275 0.5567426 0.5637839 0.5513997 0.5671420 0.5677541 0.5660179 0.5690218 0.5672485 0.5566438 0.5559196 0.5621693 0.5609862 
S0028_G6451_R1_A 0.0790931 0.0513681 0.0532500 0.0531432 0.0417170 0.0476748 0.0535228 0.0428411 0.0411914 0.0417762 0.0388374 0.0391195 0.0499873 0.0402123 0.0429492 0.0414607 0.0422018 0.0000000 0.0777280 0.0524060 0.0534434 0.0584940 0.0593104 0.0565119 0.0513813 0.0514357 0.0477900 0.0437215 0.0472804 0.2415493 0.2569885 0.2179411 0.2208077 0.2766953 0.2766953 0.1482036 0.1225936 0.1552770 0.2485611 0.3223999 0.3242586 0.4298554 0.5765695 0.5761688 0.5651297 0.5567971 0.5750000 0.5919398 0.5697901 0.6037565 0.5898311 0.5120007 0.4728915 0.6922655 0.5497073 0.5535528 0.5795079 0.5584791 0.5662352 0.5531530 0.5688085 0.5634015 0.5616973 0.5967036 0.5952309 0.5560992 0.5793687 0.6710340 0.6747109 
S0037_G6451_R1_A 0.1097741 0.0812180 0.0837543 0.0841700 0.0726655 0.0832204 0.0814406 0.0556058 0.0770225 0.0777194 0.0741974 0.0726275 0.0811759 0.0766904 0.0771324 0.0757202 0.0765278 0.0777280 0.0000000 0.0762895 0.0697712 0.0689253 0.0840757 0.0877825 0.0892623 0.0907834 0.0776419 0.0823898 0.0756789 0.2790233 0.3088721 0.2343252 0.2746140 0.3089006 0.3089006 0.1750735 0.1544815 0.1840799 0.2744635 0.3387402 0.3410653 0.4311330 0.6081179 0.6099212 0.5994295 0.5917504 0.6085861 0.6183117 0.6036042 0.6224269 0.6114310 0.4933723 0.4893390 0.6942746 0.5724418 0.5498597 0.5763403 0.5477078 0.5658875 0.5448756 0.5655554 0.5536231 0.5519077 0.5920739 0.5904506 0.5488872 0.5795406 0.6081909 0.6114745 
S0004_G6451_R2_A 0.0865609 0.0547264 0.0576678 0.0624435 0.0515411 0.0539054 0.0585786 0.0463158 0.0538522 0.0546146 0.0507778 0.0579758 0.0614448 0.0542549 0.0596042 0.0617299 0.0625048 0.0524060 0.0762895 0.0000000 0.0000010 0.0533692 0.0577801 0.0689525 0.0649845 0.0673505 0.0585305 0.0613095 0.0525594 0.2587759 0.2791408 0.1990500 0.2326168 0.2813598 0.2813598 0.1498264 0.1158799 0.1525192 0.2503651 0.3212256 0.3237825 0.4108234 0.5856605 0.6036286 0.5836296 0.5777280 0.5840979 0.6120178 0.5775162 0.6018441 0.5744700 0.4783333 0.4751574 0.6746204 0.5579816 0.5418525 0.5333362 0.5433758 0.5539444 0.5440678 0.5573181 0.5529825 0.5512324 0.5444956 0.5427361 0.5445084 0.5359934 0.5442086 0.5429647 
S0004_G6451_R1_A 0.0890716 0.0601987 0.0622311 0.0671239 0.0496689 0.0576847 0.0581830 0.0416261 0.0546586 0.0552681 0.0521984 0.0500696 0.0596841 0.0530945 0.0559234 0.0539335 0.0547075 0.0534434 0.0697712 0.0000010 0.0000000 0.0547075 0.0583603 0.0637226 0.0659164 0.0678418 0.0573996 0.0599026 0.0498816 0.2534492 0.2752429 0.2288434 0.2266940 0.2825200 0.2825200 0.1508477 0.1232447 0.1616294 0.2543010 0.3265934 0.3255948 0.4227455 0.5856605 0.5845494 0.5703124 0.5617736 0.5840979 0.5956766 0.5775162 0.5926362 0.5723769 0.5092294 0.4689946 0.6893538 0.5488274 0.5275267 0.5640662 0.5290155 0.5420320 0.5296747 0.5409303 0.5332523 0.5315695 0.5770044 0.5755337 0.5301834 0.5635077 0.6526608 0.6562583 
S0018_G6451_R1_A 0.0891734 0.0639878 0.0654346 0.0642525 0.0540722 0.0645894 0.0634164 0.0295329 0.0578312 0.0584451 0.0553515 0.0486312 0.0590743 0.0568874 0.0557309 0.0516377 0.0523982 0.0584940 0.0689253 0.0533692 0.0547075 0.0000000 0.0667275 0.0661224 0.0697986 0.0692580 0.0581605 0.0637432 0.0573942 0.2467710 0.2659054 0.2186591 0.2417781 0.2861609 0.2861609 0.1598894 0.1350679 0.1764630 0.2538860 0.3268021 0.3258130 0.4431438 0.5745883 0.5759842 0.5615028 0.5532043 0.5731023 0.5913791 0.5721177 0.5798861 0.5667176 0.5287785 0.4930802 0.7129380 0.5571374 0.5413485 0.5773578 0.5409306 0.5515977 0.5379747 0.5529588 0.5415824 0.5399082 0.5931948 0.5916971 0.5421981 0.5820925 0.6587628 0.6624154 
S0016_G6451_R1_A 0.0896271 0.0666798 0.0674214 0.0684965 0.0465575 0.0550134 0.0468547 0.0555840 0.0586665 0.0592715 0.0562227 0.0513356 0.0627155 0.0594686 0.0587307 0.0558992 0.0566610 0.0593104 0.0840757 0.0577801 0.0583603 0.0667275 0.0000000 0.0517971 0.0704443 0.0717485 0.0527862 0.0625219 0.0408491 0.2549429 0.2799212 0.2337927 0.2400138 0.2949847 0.2949847 0.1617594 0.1365411 0.1785174 0.2630424 0.3329112 0.3348158 0.4298026 0.6025633 0.5964786 0.5844770 0.5758642 0.6010944 0.6111721 0.5966026 0.6067465 0.5969266 0.5190938 0.4674038 0.6832878 0.5533660 0.5459523 0.5695735 0.5490833 0.5554292 0.5474510 0.5543430 0.5546253 0.5529340 0.5879096 0.5864440 0.5490765 0.5694363 0.6482857 0.6517880 
S0017_G6451_R1_A 0.0939468 0.0663269 0.0671178 0.0720107 0.0479482 0.0546651 0.0495907 0.0528471 0.0576586 0.0582645 0.0552115 0.0558802 0.0644895 0.0585305 0.0573048 0.0588247 0.0595886 0.0565119 0.0877825 0.0689525 0.0637226 0.0661224 0.0517971 0.0000000 0.0681803 0.0664130 0.0579751 0.0616004 0.0409927 0.2559700 0.2693182 0.2364906 0.2440490 0.2903314 0.2903314 0.1619729 0.1370487 0.1708384 0.2609820 0.3280024 0.3272727 0.4277119 0.5835282 0.5821646 0.5648226 0.5579322 0.5837873 0.5925001 0.5870544 0.6031262 0.5953622 0.5259660 0.4834008 0.7036205 0.5702903 0.5589630 0.5902070 0.5621994 0.5756339 0.5568673 0.5770675 0.5700617 0.5683529 0.6081992 0.6067002 0.5658573 0.5932372 0.6750591 0.6814295 
S0021_G6451_R1_U 0.0952227 0.0671976 0.0679473 0.0690295 0.0524507 0.0573406 0.0615844 0.0547634 0.0530664 0.0536637 0.0506561 0.0490044 0.0620446 0.0467448 0.0543553 0.0519842 0.0527394 0.0513813 0.0892623 0.0649845 0.0659164 0.0697986 0.0704443 0.0681803 0.0000000 0.0153260 0.0608069 0.0551368 0.0575557 0.2531628 0.2703466 0.2306073 0.2316979 0.2944571 0.2944571 0.1583858 0.1335461 0.1611159 0.2616557 0.3277091 0.3295912 0.4317854 0.6006145 0.5953522 0.5885285 0.5766235 0.5991122 0.6109412 0.5886368 0.6095583 0.5946320 0.5206821 0.4737128 0.6909031 0.5686375 0.5563249 0.5869580 0.5632010 0.5716318 0.5559294 0.5685983 0.5705183 0.5687997 0.6107850 0.6092890 0.5588782 0.5893795 0.6753398 0.6790594 
S0021_G6451_R2_A 0.0940547 0.0672701 0.0680209 0.0684988 0.0536932 0.0585997 0.0628807 0.0548064 0.0531225 0.0537205 0.0507095 0.0497943 0.0621147 0.0479774 0.0532222 0.0520175 0.0527732 0.0514357 0.0907834 0.0673505 0.0678418 0.0692580 0.0717485 0.0664130 0.0153260 0.0000000 0.0602605 0.0551955 0.0588200 0.2535922 0.2746450 0.2324905 0.2309630 0.2986233 0.2986233 0.1576769 0.1330096 0.1597871 0.2630317 0.3273707 0.3292497 0.4404927 0.6032347 0.5956184 0.5854686 0.5801227 0.6057353 0.6062119 0.5934187 0.6081267 0.5974175 0.5199416 0.4750895 0.6951795 0.5694097 0.5601175 0.5887155 0.5670096 0.5735088 0.5597295 0.5724215 0.5743088 0.5725888 0.6125445 0.6110490 0.5626693 0.5911350 0.6780900 0.6799133 
S0002_G6451_R1_A 0.0837815 0.0570545 0.0565601 0.0601123 0.0392315 0.0489630 0.0490263 0.0434192 0.0489660 0.0495741 0.0465143 0.0474888 0.0555177 0.0492202 0.0514383 0.0497378 0.0504903 0.0477900 0.0776419 0.0585305 0.0573996 0.0581605 0.0527862 0.0579751 0.0608069 0.0602605 0.0000000 0.0560048 0.0454814 0.2388336 0.2644865 0.2249947 0.2274054 0.2832086 0.2832086 0.1532184 0.1238290 0.1618998 0.2548996 0.3283011 0.3302001 0.4444714 0.5895475 0.5865615 0.5733372 0.5620032 0.5845313 0.5983620 0.5774552 0.6045972 0.5941105 0.5198017 0.4758757 0.6908097 0.5742583 0.5655439 0.5907264 0.5705586 0.5790590 0.5651642 0.5817526 0.5760776 0.5743507 0.6083302 0.6068279 0.5687290 0.5905833 0.6767167 0.6804377 
S0026_G6451_R1_A 0.0846419 0.0570431 0.0577540 0.0600495 0.0478257 0.0538670 0.0579842 0.0467283 0.0472561 0.0478492 0.0448656 0.0484984 0.0568569 0.0426483 0.0484905 0.0507467 0.0515042 0.0437215 0.0823898 0.0613095 0.0599026 0.0637432 0.0625219 0.0616004 0.0551368 0.0551955 0.0560048 0.0000000 0.0541046 0.2495080 0.2695005 0.2267163 0.2278824 0.2840771 0.2840771 0.1491911 0.1238336 0.1582973 0.2556282 0.3214771 0.3209845 0.4233344 0.5662426 0.5689118 0.5524299 0.5473410 0.5663771 0.5778743 0.5604509 0.5853707 0.5690304 0.5238858 0.4735896 0.6787518 0.5448969 0.5538825 0.5803048 0.5588244 0.5672245 0.5571728 0.5661334 0.5643700 0.5626584 0.5960490 0.5945727 0.5570396 0.5786760 0.6707645 0.6780288 
S0030_G6451_R1_A 0.0819936 0.0568911 0.0576415 0.0581840 0.0354040 0.0448351 0.0343489 0.0435389 0.0448893 0.0454801 0.0425096 0.0431139 0.0495682 0.0480513 0.0460378 0.0461965 0.0469478 0.0472804 0.0756789 0.0525594 0.0498816 0.0573942 0.0408491 0.0409927 0.0575557 0.0588200 0.0454814 0.0541046 0.0000000 0.2512602 0.2740185 0.2307293 0.2256324 0.2806741 0.2806741 0.1538377 0.1251511 0.1657321 0.2535054 0.3231804 0.3261852 0.4129594 0.5882308 0.5772236 0.5639822 0.5511446 0.5811575 0.5864528 0.5801816 0.5985555 0.5898987 0.5144028 0.4710910 0.6982165 0.5581015 0.5447999 0.5739837 0.5496796 0.5599153 0.5414297 0.5569021 0.5552392 0.5535414 0.5869904 0.5855251 0.5496288 0.5738450 0.6622029 0.6677140 
S0015_G6451_R1_A 0.2707973 0.2503656 0.2517713 0.2450176 0.2376470 0.2476933 0.2510787 0.2357335 0.2397359 0.2406729 0.2348895 0.2306909 0.2459026 0.2403646 0.2396448 0.2427450 0.2438172 0.2415493 0.2790233 0.2587759 0.2534492 0.2467710 0.2549429 0.2559700 0.2531628 0.2535922 0.2388336 0.2495080 0.2512602 0.0000000 0.1173286 0.1206673 0.1649179 0.2126565 0.2135830 0.2226594 0.2019664 0.2443232 0.1526521 0.3111021 0.3121689 0.4328911 0.6676034 0.6502782 0.6318965 0.6271522 0.6726012 0.6625913 0.6628882 0.6254010 0.6169701 0.5440572 0.5094545 0.7171457 0.5848868 0.6071553 0.6406597 0.6269371 0.6189967 0.6150394 0.6179299 0.6146962 0.6128632 0.6547146 0.6529659 0.6128769 0.6445561 0.6716335 0.6686250 
S0034_G6451_R1_A 0.2882470 0.2720171 0.2726654 0.2677278 0.2628955 0.2738349 0.2798311 0.2596492 0.2621631 0.2631286 0.2571540 0.2550269 0.2705963 0.2597013 0.2573453 0.2656931 0.2668002 0.2569885 0.3088721 0.2791408 0.2752429 0.2659054 0.2799212 0.2693182 0.2703466 0.2746450 0.2644865 0.2695005 0.2740185 0.1173286 0.0000000 0.1522698 0.1794519 0.2319278 0.2328785 0.2556431 0.2290966 0.2531895 0.1847150 0.3238168 0.3274034 0.4076458 0.6430171 0.6266708 0.6161912 0.6097647 0.6455873 0.6363255 0.6325148 0.6273515 0.6262197 0.5626254 0.5334850 0.7533402 0.6105087 0.6015530 0.6379244 0.6249738 0.6132679 0.6111803 0.6106382 0.6120443 0.6102252 0.6521137 0.6503772 0.6110519 0.6454152 0.6683104 0.6655465 
S0008_G6451_R1_A 0.2583473 0.2280076 0.2286405 0.2277405 0.2203512 0.2242012 0.2308748 0.2138497 0.2188745 0.2197790 0.2159624 0.1793956 0.1978488 0.2250711 0.2204934 0.1901325 0.1911132 0.2179411 0.2343252 0.1990500 0.2288434 0.2186591 0.2337927 0.2364906 0.2306073 0.2324905 0.2249947 0.2267163 0.2307293 0.1206673 0.1522698 0.0000000 0.1345424 0.1869101 0.1877903 0.2066426 0.1729638 0.2254980 0.1084499 0.3089031 0.3099751 0.4456299 0.6075762 0.6188240 0.6044740 0.5961244 0.6075665 0.6332919 0.6029192 0.6157886 0.5825393 0.4904141 0.4544675 0.6503416 0.5382924 0.5521316 0.6011955 0.5665140 0.5674629 0.5591023 0.5664339 0.5593906 0.5576768 0.6142368 0.6125649 0.5593285 0.6059150 0.6042245 0.6024823 
S0027_G6451_R1_A 0.2528569 0.2353014 0.2374435 0.2366198 0.2247098 0.2312486 0.2323782 0.2351893 0.2236102 0.2236102 0.2189781 0.2168854 0.2232630 0.2273243 0.2332770 0.2276883 0.2276883 0.2208077 0.2746140 0.2326168 0.2266940 0.2417781 0.2400138 0.2440490 0.2316979 0.2309630 0.2274054 0.2278824 0.2256324 0.1649179 0.1794519 0.1345424 0.0000000 0.1897409 0.1887583 0.2319602 0.2007226 0.2478879 0.1403347 0.2537228 0.2561758 0.4007955 0.6243430 0.6385077 0.6200107 0.6127004 0.6202774 0.6389371 0.6028517 0.6248387 0.6129292 0.5061923 0.5068091 0.7469471 0.5922233 0.5964507 0.6165920 0.6017062 0.6003266 0.5955851 0.6086298 0.6062499 0.6084702 0.6330166 0.6351641 0.6018247 0.6201367 0.6383111 0.6299209 
S0010_G6451_R1_A 0.3015804 0.2817358 0.2870288 0.2895836 0.2763255 0.2811662 0.2865136 0.2745847 0.2833616 0.2843205 0.2802175 0.2644784 0.2922952 0.2845143 0.2800879 0.2769795 0.2780981 0.2766953 0.3089006 0.2813598 0.2825200 0.2861609 0.2949847 0.2903314 0.2944571 0.2986233 0.2832086 0.2840771 0.2806741 0.2126565 0.2319278 0.1869101 0.1897409 0.0000000 0.0005755 0.2771961 0.2398386 0.2947693 0.1967399 0.2937794 0.2941796 0.4554029 0.6570419 0.6905800 0.6790708 0.6683418 0.6537412 0.6936505 0.6410303 0.7069106 0.6561007 0.5590862 0.5221931 0.7617841 0.6223733 0.6457394 0.6970778 0.6577168 0.6638201 0.6559333 0.6614691 0.6536463 0.6517495 0.7102993 0.7085183 0.6570673 0.7067224 0.7478139 0.7530350 
S0009_G6451_R1_A 0.3015804 0.2817358 0.2870288 0.2895836 0.2763255 0.2811662 0.2865136 0.2745847 0.2833616 0.2843205 0.2802175 0.2644784 0.2922952 0.2845143 0.2800879 0.2769795 0.2780981 0.2766953 0.3089006 0.2813598 0.2825200 0.2861609 0.2949847 0.2903314 0.2944571 0.2986233 0.2832086 0.2840771 0.2806741 0.2135830 0.2328785 0.1877903 0.1887583 0.0005755 0.0000000 0.2781534 0.2407828 0.2957448 0.1976441 0.2949568 0.2953588 0.4554029 0.6550563 0.6888862 0.6773042 0.6666035 0.6517587 0.6918439 0.6390427 0.7051417 0.6541105 0.5564916 0.5203406 0.7589958 0.6223733 0.6457394 0.6970778 0.6577168 0.6638201 0.6559333 0.6614691 0.6536463 0.6517495 0.7102993 0.7085183 0.6570673 0.7067224 0.7478139 0.7530350 
S0005_G6451_R1_A 0.1826811 0.1566404 0.1565131 0.1570513 0.1463532 0.1491251 0.1583841 0.1429026 0.1459109 0.1452209 0.1429705 0.1399982 0.1502409 0.1463647 0.1481624 0.1449223 0.1440569 0.1482036 0.1750735 0.1498264 0.1508477 0.1598894 0.1617594 0.1619729 0.1583858 0.1576769 0.1532184 0.1491911 0.1538377 0.2226594 0.2556431 0.2066426 0.2319602 0.2771961 0.2781534 0.0000000 0.1196687 0.1656705 0.2364192 0.3452414 0.3451058 0.4414990 0.6432020 0.6465985 0.6261201 0.6218410 0.6443207 0.6338063 0.6124770 0.6452163 0.6294082 0.4957340 0.4810734 0.6973927 0.6024350 0.5853314 0.6359405 0.5951304 0.5974522 0.5852253 0.6020168 0.5923483 0.5905932 0.6479178 0.6463548 0.5870173 0.6382821 0.7077810 0.7024692 
S0033_G6451_R1_A 0.1645568 0.1315755 0.1308673 0.1388297 0.1214228 0.1304273 0.1281165 0.1183427 0.1224890 0.1232029 0.1195678 0.1076533 0.1258209 0.1219659 0.1204741 0.1122401 0.1131336 0.1225936 0.1544815 0.1158799 0.1232447 0.1350679 0.1365411 0.1370487 0.1335461 0.1330096 0.1238290 0.1238336 0.1251511 0.2019664 0.2290966 0.1729638 0.2007226 0.2398386 0.2407828 0.1196687 0.0000000 0.1561633 0.2064965 0.3305207 0.3285303 0.4067083 0.5556954 0.5681871 0.5740933 0.5692438 0.5611908 0.5950452 0.5570881 0.5811413 0.5569842 0.5151817 0.4721770 0.6555243 0.5433108 0.5696158 0.6235262 0.5814666 0.5859748 0.5731593 0.5888341 0.5743477 0.5725418 0.6333488 0.6317465 0.5731724 0.6219158 0.7081366 0.7026089 
S0035_G6451_R1_A 0.2017677 0.1688508 0.1706495 0.1707055 0.1592541 0.1676070 0.1666189 0.1567406 0.1558773 0.1566215 0.1542668 0.1336246 0.1532478 0.1557842 0.1576970 0.1360270 0.1369281 0.1552770 0.1840799 0.1525192 0.1616294 0.1764630 0.1785174 0.1708384 0.1611159 0.1597871 0.1618998 0.1582973 0.1657321 0.2443232 0.2531895 0.2254980 0.2478879 0.2947693 0.2957448 0.1656705 0.1561633 0.0000000 0.2405389 0.3519267 0.3524135 0.4579416 0.6506110 0.6708540 0.6501246 0.6397387 0.6466678 0.6621959 0.6273606 0.6555191 0.6340490 0.5788533 0.5332674 0.7557908 0.6140964 0.5909914 0.6517949 0.5870090 0.6000883 0.5826393 0.6072517 0.5948607 0.5931200 0.6665305 0.6649375 0.5831514 0.6419448 0.7105482 0.7112042 
S0014_G6451_R1_A 0.2867129 0.2627417 0.2612746 0.2646354 0.2464387 0.2579796 0.2602739 0.2463104 0.2490114 0.2499758 0.2477593 0.2320878 0.2522222 0.2558411 0.2503614 0.2421370 0.2431986 0.2485611 0.2744635 0.2503651 0.2543010 0.2538860 0.2630424 0.2609820 0.2616557 0.2630317 0.2548996 0.2556282 0.2535054 0.1526521 0.1847150 0.1084499 0.1403347 0.1967399 0.1976441 0.2364192 0.2064965 0.2405389 0.0000000 0.2946864 0.2958193 0.4229879 0.6588989 0.6690038 0.6426439 0.6419403 0.6626921 0.6566944 0.6523242 0.6505359 0.6547473 0.5094949 0.4900663 0.6913606 0.5582748 0.5993195 0.6351273 0.6073533 0.6057845 0.5977395 0.6122332 0.6070625 0.6052695 0.6510714 0.6493308 0.6049209 0.6414831 0.6418335 0.6346345 
S0051_G6451_R1_A 0.3389135 0.3178985 0.3183828 0.3225829 0.3272089 0.3253167 0.3322236 0.3213190 0.3379533 0.3379533 0.3338601 0.3280498 0.3350783 0.3228103 0.3314332 0.3334638 0.3334638 0.3223999 0.3387402 0.3212256 0.3265934 0.3268021 0.3329112 0.3280024 0.3277091 0.3273707 0.3283011 0.3214771 0.3231804 0.3111021 0.3238168 0.3089031 0.2537228 0.2937794 0.2949568 0.3452414 0.3305207 0.3519267 0.2946864 0.0000000 0.0089183 0.4208859 0.6811097 0.6985731 0.6768457 0.6905455 0.7051185 0.7129011 0.6987357 0.6877605 0.6851599 0.5588028 0.5266840 0.7672028 0.6349223 0.6626965 0.7145551 0.6746271 0.6777937 0.6725580 0.6811323 0.6627542 0.6607064 0.7244846 0.7225055 0.6720550 0.7204769 0.7711298 0.7693943 
S0039_G6451_R1_A 0.3408531 0.3174033 0.3178879 0.3244487 0.3290864 0.3271889 0.3341492 0.3203407 0.3375008 0.3363583 0.3357670 0.3305690 0.3385880 0.3246720 0.3333096 0.3332283 0.3318990 0.3242586 0.3410653 0.3237825 0.3255948 0.3258130 0.3348158 0.3272727 0.3295912 0.3292497 0.3302001 0.3209845 0.3261852 0.3121689 0.3274034 0.3099751 0.2561758 0.2941796 0.2953588 0.3451058 0.3285303 0.3524135 0.2958193 0.0089183 0.0000000 0.4276527 0.6759411 0.6960410 0.6742537 0.6879154 0.6997782 0.7101579 0.6933785 0.6828816 0.6772416 0.5584279 0.5261287 0.7660831 0.6416019 0.6684633 0.7209566 0.6804802 0.6815782 0.6783980 0.6849380 0.6652982 0.6632453 0.7278382 0.7258476 0.6778899 0.7269478 0.7805142 0.7787817 
S0006_G6451_R1_A 0.4394378 0.4356313 0.4283383 0.4236625 0.4156779 0.4207979 0.4245525 0.4307018 0.4288787 0.4288787 0.4300456 0.4113333 0.4010681 0.4214276 0.4230539 0.4099798 0.4099798 0.4298554 0.4311330 0.4108234 0.4227455 0.4431438 0.4298026 0.4277119 0.4317854 0.4404927 0.4444714 0.4233344 0.4129594 0.4328911 0.4076458 0.4456299 0.4007955 0.4554029 0.4554029 0.4414990 0.4067083 0.4579416 0.4229879 0.4208859 0.4276527 0.0000000 0.5965211 0.6598336 0.6495603 0.6405405 0.5877823 0.6632419 0.5791322 0.6430057 0.5861170 0.6419348 0.6834769 0.8179661 0.6171770 0.6672731 0.7506383 0.6734013 0.6674973 0.6685796 0.6634562 0.6607949 0.6607949 0.7441157 0.7441157 0.6771858 0.7535832 0.8082379 0.8059663 
S0032_G6451_R4_N 0.5995610 0.5863811 0.5799891 0.6024953 0.5974191 0.5760436 0.5960322 0.5845900 0.5916448 0.5898426 0.5886117 0.5886117 0.6040610 0.5938716 0.5953232 0.5916448 0.5898426 0.5765695 0.6081179 0.5856605 0.5856605 0.5745883 0.6025633 0.5835282 0.6006145 0.6032347 0.5895475 0.5662426 0.5882308 0.6676034 0.6430171 0.6075762 0.6243430 0.6570419 0.6550563 0.6432020 0.5556954 0.6506110 0.6588989 0.6811097 0.6759411 0.5965211 0.0000000 0.0267131 0.0000010 0.0210633 0.0216861 0.0670554 0.0565851 0.2376090 0.2258128 0.4487064 0.6570567 0.6910016 0.6376338 0.8869217 0.8869217 0.9107850 0.8929445 0.8995705 0.9047535 0.8975372 0.9007397 0.8975372 0.9007397 0.8955507 0.8955507 0.9111521 0.8957834 
S0024_G6451_R1_A 0.5847870 0.5769382 0.5686848 0.5917029 0.5842667 0.5727349 0.5955457 0.5727643 0.5910582 0.5895844 0.5885778 0.5985732 0.5994385 0.5885101 0.5874116 0.6067857 0.6050962 0.5761688 0.6099212 0.6036286 0.5845494 0.5759842 0.5964786 0.5821646 0.5953522 0.5956184 0.5865615 0.5689118 0.5772236 0.6502782 0.6266708 0.6188240 0.6385077 0.6905800 0.6888862 0.6465985 0.5681871 0.6708540 0.6690038 0.6985731 0.6960410 0.6598336 0.0267131 0.0000000 0.0285403 0.0320465 0.0319519 0.0696303 0.0655832 0.2085301 0.2249621 0.5025759 0.7048898 0.7357419 0.6964027 0.9045387 0.9518666 0.9266725 0.9220036 0.9165131 0.9315982 0.9102008 0.9131263 0.9691260 0.9719809 0.9145520 0.9617385 0.9665720 0.9573154 
S0032_G6451_R1_N 0.5734869 0.5606291 0.5589420 0.5811874 0.5687124 0.5599685 0.5843498 0.5580215 0.5755238 0.5739994 0.5729810 0.5737514 0.5854085 0.5728753 0.5728942 0.5832060 0.5814656 0.5651297 0.5994295 0.5836296 0.5703124 0.5615028 0.5844770 0.5648226 0.5885285 0.5854686 0.5733372 0.5524299 0.5639822 0.6318965 0.6161912 0.6044740 0.6200107 0.6790708 0.6773042 0.6261201 0.5740933 0.6501246 0.6426439 0.6768457 0.6742537 0.6495603 0.0000010 0.0285403 0.0000000 0.0220566 0.0212193 0.0638466 0.0546776 0.1672421 0.1722999 0.4967179 0.6506027 0.6632490 0.6649586 0.8902349 0.9457142 0.9104757 0.9085273 0.9027603 0.9185932 0.9005682 0.9036507 0.9638981 0.9669112 0.8950246 0.9505947 0.9642621 0.9514277 
S0032_G6451_R2_N 0.5724651 0.5523518 0.5506861 0.5726176 0.5586638 0.5500565 0.5757224 0.5496812 0.5670337 0.5655274 0.5645334 0.5709894 0.5765719 0.5627112 0.5644510 0.5798356 0.5781028 0.5567971 0.5917504 0.5777280 0.5617736 0.5532043 0.5758642 0.5579322 0.5766235 0.5801227 0.5620032 0.5473410 0.5511446 0.6271522 0.6097647 0.5961244 0.6127004 0.6683418 0.6666035 0.6218410 0.5692438 0.6397387 0.6419403 0.6905455 0.6879154 0.6405405 0.0210633 0.0320465 0.0220566 0.0000000 0.0000010 0.0568807 0.0483298 0.1643105 0.1726928 0.4998513 0.6552630 0.6874126 0.6599410 0.8981066 0.9484634 0.9184091 0.9164604 0.9106824 0.9265548 0.9098034 0.9128935 0.9721181 0.9751302 0.9029044 0.9533290 0.9669321 0.9541639 
S0032_G6451_R3_N 0.6019629 0.5848493 0.5784318 0.6010049 0.5938643 0.5724552 0.5971811 0.5831304 0.5901351 0.5883250 0.5870913 0.5870913 0.6026075 0.5902903 0.5938294 0.5901351 0.5883250 0.5750000 0.6085861 0.5840979 0.5840979 0.5731023 0.6010944 0.5837873 0.5991122 0.6057353 0.5845313 0.5663771 0.5811575 0.6726012 0.6455873 0.6075665 0.6202774 0.6537412 0.6517587 0.6443207 0.5611908 0.6466678 0.6626921 0.7051185 0.6997782 0.5877823 0.0216861 0.0319519 0.0212193 0.0000010 0.0000000 0.0599813 0.0499174 0.2358238 0.2210893 0.4553294 0.6691645 0.7096586 0.6396930 0.8874962 0.8874962 0.9114381 0.8935409 0.9001875 0.9053881 0.9041161 0.9073454 0.9041161 0.9073454 0.8961543 0.8961543 0.9118063 0.8963890 
S0025_G6451_R1_A 0.5991933 0.5827625 0.5827097 0.6030234 0.5932537 0.5868768 0.6052073 0.5862371 0.5951702 0.5935847 0.5924958 0.5953633 0.6034206 0.5973597 0.5958124 0.6042743 0.6024761 0.5919398 0.6183117 0.6120178 0.5956766 0.5913791 0.6111721 0.5925001 0.6109412 0.6062119 0.5983620 0.5778743 0.5864528 0.6625913 0.6363255 0.6332919 0.6389371 0.6936505 0.6918439 0.6338063 0.5950452 0.6621959 0.6566944 0.7129011 0.7101579 0.6632419 0.0670554 0.0696303 0.0638466 0.0568807 0.0599813 0.0000000 0.0239380 0.1910999 0.2014175 0.4981449 0.6563251 0.7101039 0.6734013 0.9185744 0.9604171 0.9455442 0.9342120 0.9315041 0.9477638 0.9304253 0.9335896 0.9830885 0.9861751 0.9234781 0.9681624 0.9823613 0.9692878 
S0029_G6451_R1_A 0.5860741 0.5783179 0.5718647 0.5854842 0.5914183 0.5716667 0.5946106 0.5801307 0.5779587 0.5761444 0.5749291 0.5749291 0.6000700 0.5858255 0.5914283 0.5779587 0.5761444 0.5697901 0.6036042 0.5775162 0.5775162 0.5721177 0.5966026 0.5870544 0.5886368 0.5934187 0.5774552 0.5604509 0.5801816 0.6628882 0.6325148 0.6029192 0.6028517 0.6410303 0.6390427 0.6124770 0.5570881 0.6273606 0.6523242 0.6987357 0.6933785 0.5791322 0.0565851 0.0655832 0.0546776 0.0483298 0.0499174 0.0239380 0.0000000 0.2433205 0.2386885 0.4571596 0.6508860 0.7137505 0.6304313 0.8640140 0.8640140 0.8879032 0.8669683 0.8765180 0.8818681 0.8803542 0.8835505 0.8803542 0.8835505 0.8725401 0.8725401 0.8882696 0.8697831 
S0001_G6451_R1_A 0.6161916 0.5919585 0.5888993 0.6095383 0.5955682 0.5998887 0.6005276 0.5829836 0.6143918 0.6128198 0.6133254 0.6134776 0.6116726 0.5966417 0.6053595 0.6200470 0.6182746 0.6037565 0.6224269 0.6018441 0.5926362 0.5798861 0.6067465 0.6031262 0.6095583 0.6081267 0.6045972 0.5853707 0.5985555 0.6254010 0.6273515 0.6157886 0.6248387 0.7069106 0.7051417 0.6452163 0.5811413 0.6555191 0.6505359 0.6877605 0.6828816 0.6430057 0.2376090 0.2085301 0.1672421 0.1643105 0.2358238 0.1910999 0.2433205 0.0000000 0.0108072 0.5153168 0.6758386 0.7450767 0.6991875 0.8751345 0.9293951 0.8922365 0.8867292 0.8899012 0.9034820 0.8835724 0.8835724 0.9494316 0.9494316 0.8746631 0.9266088 0.9403603 0.9266155 
S0001_G6451_R2_A 0.6111382 0.5801996 0.5793112 0.5996146 0.5922951 0.5883770 0.5905772 0.5771503 0.5988976 0.5970425 0.5976647 0.5998628 0.6061622 0.5921437 0.6014194 0.6010909 0.5992483 0.5898311 0.6114310 0.5744700 0.5723769 0.5667176 0.5969266 0.5953622 0.5946320 0.5974175 0.5941105 0.5690304 0.5898987 0.6169701 0.6262197 0.5825393 0.6129292 0.6561007 0.6541105 0.6294082 0.5569842 0.6340490 0.6547473 0.6851599 0.6772416 0.5861170 0.2258128 0.2249621 0.1722999 0.1726928 0.2210893 0.2014175 0.2386885 0.0108072 0.0000000 0.4804452 0.6549817 0.7196137 0.6805860 0.8573304 0.8510254 0.8753551 0.8598958 0.8726610 0.8762876 0.8703774 0.8703774 0.8641022 0.8641022 0.8603919 0.8514303 0.8734032 0.8593813 
S0003_G6451_R1_N 0.5250718 0.5242459 0.5161133 0.5314010 0.4922343 0.5089391 0.5263658 0.5091633 0.5035152 0.5035152 0.5067571 0.4677584 0.4881240 0.5098098 0.5011296 0.4683847 0.4683847 0.5120007 0.4933723 0.4783333 0.5092294 0.5287785 0.5190938 0.5259660 0.5206821 0.5199416 0.5198017 0.5238858 0.5144028 0.5440572 0.5626254 0.4904141 0.5061923 0.5590862 0.5564916 0.4957340 0.5151817 0.5788533 0.5094949 0.5588028 0.5584279 0.6419348 0.4487064 0.5025759 0.4967179 0.4998513 0.4553294 0.4981449 0.4571596 0.5153168 0.4804452 0.0000000 0.0000010 0.1038424 0.4277020 0.5426978 0.6196185 0.5477278 0.5401170 0.5436921 0.5500839 0.5381884 0.5381884 0.6052675 0.6052675 0.5422093 0.6009594 0.6237676 0.6009748 
S0003_G6451_R2_N 0.4969822 0.4817604 0.4697643 0.4871183 0.4578576 0.4654948 0.4683844 0.4797193 0.4689094 0.4689094 0.4671755 0.4701410 0.4776681 0.4777766 0.4773752 0.4748633 0.4748633 0.4728915 0.4893390 0.4751574 0.4689946 0.4930802 0.4674038 0.4834008 0.4737128 0.4750895 0.4758757 0.4735896 0.4710910 0.5094545 0.5334850 0.4544675 0.5068091 0.5221931 0.5203406 0.4810734 0.4721770 0.5332674 0.4900663 0.5266840 0.5261287 0.6834769 0.6570567 0.7048898 0.6506027 0.6552630 0.6691645 0.6563251 0.6508860 0.6758386 0.6549817 0.0000010 0.0000000 0.1929947 0.4435664 0.5482417 0.5763074 0.5533399 0.5456688 0.5482150 0.5558176 0.5442833 0.5421746 0.5676620 0.5655737 0.5515347 0.5689085 0.5800711 0.5688137 
S0003_G6451_R3_N 0.6913992 0.6932600 0.6834702 0.6922836 0.6694772 0.6864381 0.6872745 0.7197336 0.6916326 0.6916326 0.6916152 0.6844771 0.6566703 0.6849620 0.6922906 0.6844952 0.6844952 0.6922655 0.6942746 0.6746204 0.6893538 0.7129380 0.6832878 0.7036205 0.6909031 0.6951795 0.6908097 0.6787518 0.6982165 0.7171457 0.7533402 0.6503416 0.7469471 0.7617841 0.7589958 0.6973927 0.6555243 0.7557908 0.6913606 0.7672028 0.7660831 0.8179661 0.6910016 0.7357419 0.6632490 0.6874126 0.7096586 0.7101039 0.7137505 0.7450767 0.7196137 0.1038424 0.1929947 0.0000000 0.5902721 0.7599533 0.8057964 0.7709721 0.7673857 0.7610887 0.7774669 0.7630384 0.7630384 0.8003460 0.8003460 0.7569964 0.7995455 0.8282375 0.8088135 
S0049_G6451_R1_A 0.5771050 0.5534668 0.5592984 0.5627275 0.5461430 0.5588474 0.5569643 0.5697528 0.5747588 0.5747588 0.5678865 0.5793601 0.5563943 0.5501572 0.5850216 0.5864016 0.5864016 0.5497073 0.5724418 0.5579816 0.5488274 0.5571374 0.5533660 0.5702903 0.5686375 0.5694097 0.5742583 0.5448969 0.5581015 0.5848868 0.6105087 0.5382924 0.5922233 0.6223733 0.6223733 0.6024350 0.5433108 0.6140964 0.5582748 0.6349223 0.6416019 0.6171770 0.6376338 0.6964027 0.6649586 0.6599410 0.6396930 0.6734013 0.6304313 0.6991875 0.6805860 0.4277020 0.4435664 0.5902721 0.0000000 0.7047889 0.6904626 0.7192312 0.7003562 0.7109271 0.7126461 0.7061177 0.7039697 0.6975054 0.6953586 0.6959599 0.6830091 0.6897637 0.6894329 
S0045_G6451_R1_A 0.5685952 0.5540715 0.5572430 0.5421430 0.5477715 0.5503878 0.5774165 0.5289053 0.5521961 0.5505020 0.5466915 0.5463070 0.5497280 0.5746060 0.5502081 0.5535117 0.5518044 0.5535528 0.5498597 0.5418525 0.5275267 0.5413485 0.5459523 0.5589630 0.5563249 0.5601175 0.5655439 0.5538825 0.5447999 0.6071553 0.6015530 0.5521316 0.5964507 0.6457394 0.6457394 0.5853314 0.5696158 0.5909914 0.5993195 0.6626965 0.6684633 0.6672731 0.8869217 0.9045387 0.8902349 0.8981066 0.8874962 0.9185744 0.8640140 0.8751345 0.8573304 0.5426978 0.5482417 0.7599533 0.7047889 0.0000000 0.0000010 0.0162687 0.0155353 0.0154907 0.0171282 0.0147609 0.0155484 0.0150406 0.0158431 0.0163164 0.0158261 0.0182242 0.0142134 
