62
S0004_G6487_R1_A 0.0000000 0.0239557 0.0232408 0.0216601 0.0281757 0.0224278 0.0240921 0.0239878 0.0296637 0.0279189 0.0360195 0.0223844 0.0336082 0.0272627 0.0287776 0.0280393 0.0256600 0.0343243 0.0396172 0.0335683 0.0319528 0.0287020 0.0327010 0.0792009 0.0821678 0.1473564 0.1928652 0.1645444 0.1322507 0.1683511 0.1880275 0.1891481 0.1752694 0.1600168 0.2393996 0.2497656 0.3981659 0.4117620 0.4106146 0.4320616 0.4240974 0.4290522 0.4058565 0.4643951 0.4269541 0.5120898 0.5079578 0.5151403 0.5117146 0.5071341 0.5148260 0.5072331 0.5121546 0.5161293 0.5303140 0.5115322 0.5227889 0.5174342 0.5113535 0.5302318 0.4821286 0.4826039 
S0023_G6487_R1_A 0.0239557 0.0000000 0.0169608 0.0215372 0.0264517 0.0222997 0.0239693 0.0207863 0.0302727 0.0246990 0.0326825 0.0215461 0.0328132 0.0303893 0.0192684 0.0271866 0.0247419 0.0358195 0.0385753 0.0239249 0.0302811 0.0262998 0.0309448 0.0712773 0.0723441 0.1478127 0.1813971 0.1496889 0.1196017 0.1525695 0.1752019 0.1762954 0.1632679 0.1465090 0.2326177 0.2440295 0.3883073 0.4040195 0.4047809 0.4286474 0.4187869 0.4209266 0.3844153 0.4544140 0.4261837 0.5045447 0.5039116 0.5110131 0.5076162 0.5013889 0.5106911 0.5068458 0.5045831 0.5087636 0.5223900 0.5040109 0.5051469 0.5179818 0.5119322 0.5224013 0.4785750 0.4790565 
S0026_G6487_R1_A 0.0232408 0.0169608 0.0000000 0.0208244 0.0272940 0.0231146 0.0248509 0.0185084 0.0311288 0.0262566 0.0342817 0.0215963 0.0368386 0.0304369 0.0216292 0.0256188 0.0240271 0.0375534 0.0395025 0.0216350 0.0311150 0.0278975 0.0310200 0.0714570 0.0742367 0.1451750 0.1785179 0.1499014 0.1197519 0.1558579 0.1731090 0.1742000 0.1654894 0.1474762 0.2304979 0.2406615 0.3965062 0.4144213 0.4120303 0.4413363 0.4277540 0.4298539 0.3841767 0.4546187 0.4211566 0.5083036 0.5041857 0.5094615 0.5078930 0.5016613 0.5109706 0.5053030 0.5083550 0.5055489 0.5283224 0.5052752 0.5108222 0.5216019 0.5155094 0.5282641 0.4845002 0.4849660 
S0011_G6487_R1_A 0.0216601 0.0215372 0.0208244 0.0000000 0.0249071 0.0169902 0.0248255 0.0162173 0.0294992 0.0247595 0.0311883 0.0207910 0.0344043 0.0296119 0.0262916 0.0217279 0.0239782 0.0358266 0.0346047 0.0310251 0.0318803 0.0278586 0.0301733 0.0760460 0.0769879 0.1485257 0.1913305 0.1569481 0.1263432 0.1608037 0.1796965 0.1808036 0.1673007 0.1499369 0.2318820 0.2408458 0.3837758 0.3994978 0.4002772 0.4204674 0.4142765 0.4164649 0.3932796 0.4619859 0.4149168 0.4924695 0.4882924 0.4952857 0.4919047 0.4858071 0.4949259 0.4912292 0.4924668 0.4976784 0.5100388 0.4920165 0.5024499 0.5057406 0.4997836 0.5101935 0.4666386 0.4671516 
S0030_G6487_R1_A 0.0281757 0.0264517 0.0272940 0.0249071 0.0000000 0.0248895 0.0275000 0.0264875 0.0290148 0.0312910 0.0395396 0.0256917 0.0379864 0.0322682 0.0313507 0.0298931 0.0297730 0.0420519 0.0431916 0.0354095 0.0321791 0.0321661 0.0337008 0.0815507 0.0836200 0.1498107 0.1986728 0.1607698 0.1291537 0.1631020 0.1861397 0.1872667 0.1696864 0.1526456 0.2322326 0.2438025 0.3851500 0.3974371 0.4015567 0.4197975 0.4135828 0.4176415 0.4147259 0.4588966 0.4274184 0.5107877 0.5044903 0.5120865 0.5086617 0.5023758 0.5113260 0.5078785 0.5091215 0.5121693 0.5228625 0.5043942 0.5047259 0.5047457 0.4987733 0.5129469 0.4758631 0.4763532 
S0036_G6487_R1_U 0.0224278 0.0222997 0.0231146 0.0169902 0.0248895 0.0000000 0.0248293 0.0192878 0.0302821 0.0278563 0.0351443 0.0215522 0.0359529 0.0303982 0.0262949 0.0240919 0.0262932 0.0375041 0.0369857 0.0318088 0.0326669 0.0270663 0.0309539 0.0741820 0.0779541 0.1444940 0.1960469 0.1558471 0.1233097 0.1606776 0.1774400 0.1785436 0.1660843 0.1555898 0.2226826 0.2338625 0.3834710 0.3992416 0.4000254 0.4202817 0.4104918 0.4127062 0.4063229 0.4459534 0.4143123 0.4958916 0.4917316 0.4955023 0.4921329 0.4892406 0.4983903 0.4914590 0.4959003 0.4976340 0.5068693 0.4906170 0.4982137 0.5043226 0.4948634 0.5087826 0.4635235 0.4640452 
S0016_G6487_R1_A 0.0240921 0.0239693 0.0248509 0.0248255 0.0275000 0.0248293 0.0000000 0.0232743 0.0321541 0.0287869 0.0369343 0.0248359 0.0320213 0.0272581 0.0296728 0.0281241 0.0288870 0.0351141 0.0413016 0.0344683 0.0320778 0.0263913 0.0344136 0.0782212 0.0841068 0.1484246 0.1913284 0.1648549 0.1310868 0.1644315 0.1868411 0.1879666 0.1733928 0.1591821 0.2398986 0.2515380 0.3912862 0.4072755 0.4080371 0.4292986 0.4223158 0.4244581 0.3977494 0.4512080 0.4242692 0.5108366 0.5067093 0.5138668 0.5104491 0.5041669 0.5135498 0.5096579 0.5108970 0.5148603 0.5299508 0.5159946 0.5237594 0.5180517 0.5119598 0.5348529 0.4861333 0.4847967 
S0019_G6487_R1_A 0.0239878 0.0207863 0.0185084 0.0162173 0.0264875 0.0192878 0.0232743 0.0000000 0.0287504 0.0278859 0.0359756 0.0207979 0.0368092 0.0296465 0.0255305 0.0163173 0.0247751 0.0342864 0.0394607 0.0302561 0.0311088 0.0278919 0.0309679 0.0770245 0.0799682 0.1520589 0.1836080 0.1593011 0.1285119 0.1579371 0.1799901 0.1810994 0.1708661 0.1508957 0.2377212 0.2492839 0.3860709 0.4016395 0.3964025 0.4205600 0.4162671 0.4184119 0.3867762 0.4649184 0.4175628 0.5009477 0.5003003 0.5038374 0.5039583 0.4943374 0.5069994 0.4997460 0.5009735 0.5013998 0.5234636 0.5050841 0.5108898 0.5163864 0.5103643 0.5234623 0.4763612 0.4768448 
S0046_G6487_R1_A 0.0296637 0.0302727 0.0311288 0.0294992 0.0290148 0.0302821 0.0321541 0.0287504 0.0000000 0.0360381 0.0444003 0.0295116 0.0419975 0.0344691 0.0352237 0.0336882 0.0280049 0.0442677 0.0444777 0.0401163 0.0377918 0.0336116 0.0392167 0.0858549 0.0879842 0.1565368 0.1970020 0.1622231 0.1355467 0.1623852 0.1904642 0.1915961 0.1790219 0.1582424 0.2330755 0.2457884 0.3962554 0.4124269 0.4131766 0.4292980 0.4300105 0.4321069 0.4212618 0.4595386 0.4238965 0.5057187 0.5033070 0.5103976 0.5070048 0.5007880 0.5100740 0.5062386 0.5074710 0.5096175 0.5282831 0.5122568 0.5165873 0.5280625 0.5200488 0.5274793 0.4816213 0.4820973 
S0050_G6487_R1_A 0.0279189 0.0246990 0.0262566 0.0247595 0.0312910 0.0278563 0.0287869 0.0278859 0.0360381 0.0000000 0.0109851 0.0246928 0.0393374 0.0344647 0.0295283 0.0312428 0.0280323 0.0416558 0.0411187 0.0343226 0.0335743 0.0310839 0.0351136 0.0808760 0.0818325 0.1515486 0.1957542 0.1606916 0.1319419 0.1582870 0.1793326 0.1804366 0.1733329 0.1541516 0.2391473 0.2507416 0.3940901 0.4119273 0.4126744 0.4313900 0.4251904 0.4273076 0.3977200 0.4620215 0.4285682 0.5113829 0.5072672 0.5144114 0.5110026 0.5047303 0.5140969 0.5102092 0.5114450 0.5121241 0.5340776 0.5170401 0.5180963 0.5263828 0.5238174 0.5356928 0.4849666 0.4854317 
S0048_G6487_R1_A 0.0360195 0.0326825 0.0342817 0.0311883 0.0395396 0.0351443 0.0369343 0.0359756 0.0444003 0.0109851 0.0000000 0.0326742 0.0459733 0.0393135 0.0376819 0.0411930 0.0361686 0.0493276 0.0462326 0.0426130 0.0426643 0.0359821 0.0434216 0.0885443 0.0895230 0.1635092 0.2044754 0.1654022 0.1407803 0.1702392 0.1895953 0.1907135 0.1811318 0.1656993 0.2447752 0.2564231 0.3933528 0.4092427 0.4118809 0.4305356 0.4205846 0.4227308 0.4107416 0.4558656 0.4348295 0.5190384 0.5101758 0.5154857 0.5139177 0.5058177 0.5170144 0.5112858 0.5108035 0.5197921 0.5378971 0.5208238 0.5218518 0.5266352 0.5240768 0.5359154 0.4888506 0.4858126 
S0028_G6487_R1_A 0.0223844 0.0215461 0.0215963 0.0207910 0.0256917 0.0215522 0.0248359 0.0207979 0.0295116 0.0246928 0.0326742 0.0000000 0.0351281 0.0287724 0.0247586 0.0264269 0.0255298 0.0342359 0.0368673 0.0310378 0.0311097 0.0278702 0.0301855 0.0760183 0.0798428 0.1534291 0.1950059 0.1588980 0.1281461 0.1616172 0.1731963 0.1742884 0.1693363 0.1522814 0.2408507 0.2524342 0.3928572 0.4125710 0.4133180 0.4236843 0.4240204 0.4260688 0.4047269 0.4575531 0.4195360 0.5095780 0.5054702 0.5125765 0.5091812 0.5029449 0.5122587 0.5066893 0.5096337 0.5135707 0.5257225 0.5055638 0.5131896 0.5157974 0.5097866 0.5239655 0.4779809 0.4784634 
S0018_G6487_R1_U 0.0336082 0.0328132 0.0368386 0.0344043 0.0379864 0.0359529 0.0320213 0.0368092 0.0419975 0.0393374 0.0459733 0.0351281 0.0000000 0.0192921 0.0410636 0.0395066 0.0393143 0.0424355 0.0525232 0.0435391 0.0417876 0.0368527 0.0442807 0.0919813 0.0923151 0.1622073 0.2065865 0.1703455 0.1442638 0.1723913 0.1947821 0.1959177 0.1825337 0.1654662 0.2442625 0.2559416 0.3915105 0.4074363 0.4081946 0.4293657 0.4189605 0.4230222 0.4142028 0.4604510 0.4463491 0.5239475 0.5234092 0.5289050 0.5272793 0.5189870 0.5304610 0.5245543 0.5244829 0.5352242 0.5332823 0.5143262 0.5256472 0.5287128 0.5224951 0.5331644 0.4896169 0.4882643 
S0031_G6487_R1_A 0.0272627 0.0303893 0.0304369 0.0296119 0.0322682 0.0303982 0.0272581 0.0296465 0.0344691 0.0344647 0.0393135 0.0287724 0.0192921 0.0000000 0.0353605 0.0338152 0.0336542 0.0367640 0.0472867 0.0394343 0.0360005 0.0311779 0.0393700 0.0853829 0.0893553 0.1605762 0.2059764 0.1703918 0.1439133 0.1748720 0.1931405 0.1942712 0.1854290 0.1688322 0.2390685 0.2505952 0.3840049 0.3976633 0.4002843 0.4235452 0.4125869 0.4166292 0.4118947 0.4641842 0.4296644 0.5161154 0.5120298 0.5173851 0.5157829 0.5076981 0.5188855 0.5131710 0.5144035 0.5201489 0.5322474 0.5134803 0.5231072 0.5292858 0.5231004 0.5305052 0.4896611 0.4883184 
S0021_G6487_R1_A 0.0287776 0.0192684 0.0216292 0.0262916 0.0313507 0.0262949 0.0296728 0.0255305 0.0352237 0.0295283 0.0376819 0.0247586 0.0410636 0.0353605 0.0000000 0.0320898 0.0295805 0.0392625 0.0453950 0.0193072 0.0344152 0.0310700 0.0343032 0.0798159 0.0827881 0.1512618 0.1948082 0.1649172 0.1337404 0.1655545 0.1852373 0.1863511 0.1769200 0.1583170 0.2417817 0.2534898 0.3902679 0.4063538 0.4071242 0.4291148 0.4196221 0.4218008 0.4072982 0.4640504 0.4315698 0.5113655 0.5072500 0.5143936 0.5145190 0.5047133 0.5176225 0.5101918 0.5114276 0.5121066 0.5308750 0.5103851 0.5114900 0.5246017 0.5184530 0.5290381 0.4864480 0.4869120 
S0020_G6487_R1_U 0.0280393 0.0271866 0.0256188 0.0217279 0.0298931 0.0240919 0.0281241 0.0163173 0.0336882 0.0312428 0.0411930 0.0264269 0.0395066 0.0338152 0.0320898 0.0000000 0.0312984 0.0377144 0.0456203 0.0361375 0.0362053 0.0328941 0.0344679 0.0782126 0.0832795 0.1519187 0.1925867 0.1604205 0.1300737 0.1597223 0.1777171 0.1788300 0.1701962 0.1510632 0.2428837 0.2546057 0.4016744 0.4154030 0.4098752 0.4335181 0.4298005 0.4328232 0.3916761 0.4677495 0.4245868 0.5025237 0.5070922 0.5106857 0.5108095 0.5010733 0.5138897 0.5028975 0.5077570 0.5081921 0.5322202 0.5133192 0.5192234 0.5211271 0.5149991 0.5321151 0.4838822 0.4825585 
S0013_G6487_R1_A 0.0256600 0.0247419 0.0240271 0.0239782 0.0297730 0.0262932 0.0288870 0.0247751 0.0280049 0.0280323 0.0361686 0.0255298 0.0393143 0.0336542 0.0295805 0.0312984 0.0000000 0.0417739 0.0429338 0.0343840 0.0336450 0.0295784 0.0350937 0.0801495 0.0831368 0.1517906 0.1923930 0.1623480 0.1322269 0.1649486 0.1846286 0.1857445 0.1716878 0.1539910 0.2417869 0.2493142 0.3917809 0.4076384 0.4083926 0.4260470 0.4252118 0.4246693 0.3965841 0.4525194 0.4129803 0.4908660 0.4867257 0.4953309 0.4902913 0.4859532 0.4932756 0.4913181 0.4925418 0.4947149 0.5119274 0.4972395 0.5047824 0.5135837 0.5050044 0.5109124 0.4700830 0.4705825 
S0037_G6487_R1_A 0.0343243 0.0358195 0.0375534 0.0358266 0.0420519 0.0375041 0.0351141 0.0342864 0.0442677 0.0416558 0.0493276 0.0342359 0.0424355 0.0367640 0.0392625 0.0377144 0.0417739 0.0000000 0.0556252 0.0467312 0.0467147 0.0407265 0.0442111 0.0906958 0.0899454 0.1620601 0.1924100 0.1642212 0.1384293 0.1674706 0.1851211 0.1862409 0.1806829 0.1622859 0.2483634 0.2631013 0.4008516 0.4170128 0.4177441 0.4308201 0.4205348 0.4245664 0.4007589 0.4699814 0.4314903 0.5222146 0.5198740 0.5270903 0.5272198 0.5173117 0.5303602 0.5228064 0.5240370 0.5262871 0.5509761 0.5315266 0.5410358 0.5502385 0.5438464 0.5546327 0.5067659 0.5053544 
S0012_G6487_R1_A 0.0396172 0.0385753 0.0395025 0.0346047 0.0431916 0.0369857 0.0413016 0.0394607 0.0444777 0.0411187 0.0462326 0.0368673 0.0525232 0.0472867 0.0453950 0.0456203 0.0429338 0.0556252 0.0000000 0.0486506 0.0489309 0.0444967 0.0495179 0.0922022 0.0981201 0.1634722 0.2086101 0.1695734 0.1435719 0.1775269 0.2034018 0.2045583 0.1872862 0.1735125 0.2413361 0.2556338 0.4008780 0.4170423 0.4196672 0.4273300 0.4277011 0.4278876 0.4201163 0.4768307 0.4197538 0.5246516 0.5241199 0.5314143 0.5279733 0.5215303 0.5311402 0.5270709 0.5230248 0.5305054 0.5280235 0.5176616 0.5208585 0.5273784 0.5212457 0.5317800 0.4834666 0.4839342 
S0021_G6487_R2_A 0.0335683 0.0239249 0.0216350 0.0310251 0.0354095 0.0318088 0.0344683 0.0302561 0.0401163 0.0343226 0.0426130 0.0310378 0.0435391 0.0394343 0.0193072 0.0361375 0.0343840 0.0467312 0.0486506 0.0000000 0.0392950 0.0351779 0.0383367 0.0799898 0.0837961 0.1557841 0.1972238 0.1607744 0.1284320 0.1621705 0.1820681 0.1831792 0.1705185 0.1559511 0.2344722 0.2447463 0.3977779 0.4139798 0.4102158 0.4362816 0.4292293 0.4313287 0.4082884 0.4705298 0.4233314 0.5146302 0.5105451 0.5176812 0.5142835 0.5080105 0.5173759 0.5134733 0.5147033 0.5153728 0.5274110 0.5089112 0.5117136 0.5247019 0.5186125 0.5290945 0.4834874 0.4839552 
S0022_G6487_R1_A 0.0319528 0.0302811 0.0311150 0.0318803 0.0321791 0.0326669 0.0320778 0.0311088 0.0377918 0.0335743 0.0426643 0.0311097 0.0417876 0.0360005 0.0344152 0.0362053 0.0336450 0.0467147 0.0489309 0.0392950 0.0000000 0.0351376 0.0416699 0.0856804 0.0896386 0.1584496 0.1961330 0.1669793 0.1385359 0.1698871 0.1886237 0.1897489 0.1813790 0.1658174 0.2455027 0.2571982 0.4084758 0.4295716 0.4302742 0.4419602 0.4452477 0.4452753 0.4021711 0.4624995 0.4332494 0.5183028 0.5159948 0.5232572 0.5198125 0.5134164 0.5229619 0.5189580 0.5202017 0.5242075 0.5226714 0.5042275 0.5151861 0.5149214 0.5088899 0.5148601 0.4746993 0.4751927 
S0002_G6487_R1_A 0.0287020 0.0262998 0.0278975 0.0278586 0.0321661 0.0270663 0.0263913 0.0278919 0.0336116 0.0310839 0.0359821 0.0278702 0.0368527 0.0311779 0.0310700 0.0328941 0.0295784 0.0407265 0.0444967 0.0351779 0.0351376 0.0000000 0.0367112 0.0829302 0.0867759 0.1514000 0.1981143 0.1589175 0.1304848 0.1680539 0.1872353 0.1883576 0.1686722 0.1585036 0.2373966 0.2489416 0.4043434 0.4186961 0.4213180 0.4494839 0.4325209 0.4345835 0.4086776 0.4677808 0.4372654 0.5115946 0.5074897 0.5146179 0.5112171 0.5049589 0.5143048 0.5104245 0.5116573 0.5156027 0.5306498 0.5120193 0.5196744 0.5261648 0.5200491 0.5305643 0.4830202 0.4869913 
S0017_G6487_R1_U 0.0327010 0.0309448 0.0310200 0.0301733 0.0337008 0.0309539 0.0344136 0.0309679 0.0392167 0.0351136 0.0434216 0.0301855 0.0442807 0.0393700 0.0343032 0.0344679 0.0350937 0.0442111 0.0495179 0.0383367 0.0416699 0.0367112 0.0000000 0.0817365 0.0885791 0.1562840 0.2008537 0.1665141 0.1393158 0.1681836 0.1882956 0.1894184 0.1804381 0.1641274 0.2492074 0.2610205 0.3989783 0.4150915 0.4158282 0.4430328 0.4284018 0.4304914 0.4137296 0.4610377 0.4183992 0.5070778 0.5064593 0.5135605 0.5101699 0.5039369 0.5132455 0.5093857 0.5106155 0.5110526 0.5230965 0.5047401 0.5106465 0.5169596 0.5144487 0.5213736 0.4792096 0.4796882 
S0005_G6487_R1_A 0.0792009 0.0712773 0.0714570 0.0760460 0.0815507 0.0741820 0.0782212 0.0770245 0.0858549 0.0808760 0.0885443 0.0760183 0.0919813 0.0853829 0.0798159 0.0782126 0.0801495 0.0906958 0.0922022 0.0799898 0.0856804 0.0829302 0.0817365 0.0000000 0.0600389 0.1303066 0.1783351 0.1451353 0.1065282 0.1344954 0.1526231 0.1536790 0.1586382 0.1296402 0.2163339 0.2273332 0.4212353 0.4379650 0.4386387 0.4589124 0.4555268 0.4499767 0.3706279 0.4247250 0.4164624 0.5176378 0.5206220 0.5243312 0.5244610 0.5144882 0.5276214 0.5218762 0.5201139 0.5254746 0.5035605 0.5029664 0.4912916 0.5000966 0.5020911 0.5035822 0.4814288 0.4835736 
S0033_G6487_R1_A 0.0821678 0.0723441 0.0742367 0.0769879 0.0836200 0.0779541 0.0841068 0.0799682 0.0879842 0.0818325 0.0895230 0.0798428 0.0923151 0.0893553 0.0827881 0.0832795 0.0831368 0.0899454 0.0981201 0.0837961 0.0896386 0.0867759 0.0885791 0.0600389 0.0000000 0.1460843 0.1629383 0.1352722 0.0969462 0.1312938 0.1495446 0.1505887 0.1399991 0.1219067 0.2181367 0.2315517 0.4080906 0.4245053 0.4252184 0.4394849 0.4429778 0.4402939 0.3644329 0.4114037 0.3883996 0.4881826 0.4874683 0.4909408 0.4910577 0.4849974 0.4940608 0.4869324 0.4847100 0.4879966 0.5096106 0.4960470 0.4885719 0.5022509 0.4998331 0.5057627 0.4729042 0.4681626 
S0035_G6487_R1_A 0.1473564 0.1478127 0.1451750 0.1485257 0.1498107 0.1444940 0.1484246 0.1520589 0.1565368 0.1515486 0.1635092 0.1534291 0.1622073 0.1605762 0.1512618 0.1519187 0.1517906 0.1620601 0.1634722 0.1557841 0.1584496 0.1514000 0.1562840 0.1303066 0.1460843 0.0000000 0.2324643 0.2118188 0.1887889 0.2190212 0.2336468 0.2349072 0.2271098 0.2143593 0.2720805 0.2815172 0.5247686 0.5346930 0.5349607 0.5519236 0.5479771 0.5594796 0.4155679 0.5107586 0.4222507 0.5853523 0.5842950 0.5891293 0.5829148 0.5832695 0.5923999 0.5809301 0.5919131 0.5939719 0.5964044 0.6033433 0.6029530 0.5958712 0.5926842 0.6154343 0.5741584 0.5684981 
S0006_G6487_R1_A 0.1928652 0.1813971 0.1785179 0.1913305 0.1986728 0.1960469 0.1913284 0.1836080 0.1970020 0.1957542 0.2044754 0.1950059 0.2065865 0.2059764 0.1948082 0.1925867 0.1923930 0.1924100 0.2086101 0.1972238 0.1961330 0.1981143 0.2008537 0.1783351 0.1629383 0.2324643 0.0000000 0.2390902 0.2081748 0.2123046 0.2504074 0.2516994 0.2527479 0.2170698 0.2830777 0.2966276 0.4557124 0.4772001 0.4661729 0.4839037 0.4688414 0.4664801 0.4172106 0.4500228 0.4416209 0.5724609 0.5797636 0.5846544 0.5891629 0.5731216 0.5809227 0.5753523 0.5714400 0.5733318 0.5828159 0.5794543 0.5713975 0.5727383 0.5698175 0.5904530 0.5600339 0.5583490 
S0034_G6487_R1_A 0.1645444 0.1496889 0.1499014 0.1569481 0.1607698 0.1558471 0.1648549 0.1593011 0.1622231 0.1606916 0.1654022 0.1588980 0.1703455 0.1703918 0.1649172 0.1604205 0.1623480 0.1642212 0.1695734 0.1607744 0.1669793 0.1589175 0.1665141 0.1451353 0.1352722 0.2118188 0.2390902 0.0000000 0.0785207 0.0833590 0.1040510 0.1049974 0.0646574 0.0783785 0.1806070 0.1871405 0.4497424 0.4721534 0.4747163 0.4725179 0.4758002 0.4830421 0.3743498 0.4357129 0.4164877 0.5244846 0.5292639 0.5303107 0.5350735 0.5298855 0.5382964 0.5276018 0.5266655 0.5314134 0.5142269 0.5056721 0.5041749 0.5085581 0.5016974 0.5097309 0.4761325 0.4724356 
S0008_G6487_R1_A 0.1322507 0.1196017 0.1197519 0.1263432 0.1291537 0.1233097 0.1310868 0.1285119 0.1355467 0.1319419 0.1407803 0.1281461 0.1442638 0.1439133 0.1337404 0.1300737 0.1322269 0.1384293 0.1435719 0.1284320 0.1385359 0.1304848 0.1393158 0.1065282 0.0969462 0.1887889 0.2081748 0.0785207 0.0000000 0.0737459 0.0950653 0.0959835 0.0851231 0.0651872 0.1685118 0.1765465 0.3953829 0.4132350 0.4139776 0.4252340 0.4116816 0.4188697 0.3336416 0.4358379 0.3907271 0.5024278 0.5017897 0.5053260 0.5036381 0.4941436 0.5066708 0.5026637 0.5024586 0.5022317 0.4741772 0.4651287 0.4566203 0.4749826 0.4660720 0.4688752 0.4384829 0.4406721 
S0027_G6487_R1_A 0.1683511 0.1525695 0.1558579 0.1608037 0.1631020 0.1606776 0.1644315 0.1579371 0.1623852 0.1582870 0.1702392 0.1616172 0.1723913 0.1748720 0.1655545 0.1597223 0.1649486 0.1674706 0.1775269 0.1621705 0.1698871 0.1680539 0.1681836 0.1344954 0.1312938 0.2190212 0.2123046 0.0833590 0.0737459 0.0000000 0.0891277 0.0900321 0.0960683 0.0551581 0.1713093 0.1769823 0.4037166 0.4216491 0.4223625 0.4281451 0.4108587 0.4179995 0.3627455 0.4423161 0.4241595 0.5324153 0.5442645 0.5445022 0.5411051 0.5346582 0.5442641 0.5439399 0.5365608 0.5356848 0.5037124 0.4973769 0.4904837 0.5153710 0.5061395 0.5033111 0.4759139 0.4780275 
S0010_G6487_R1_A 0.1880275 0.1752019 0.1731090 0.1796965 0.1861397 0.1774400 0.1868411 0.1799901 0.1904642 0.1793326 0.1895953 0.1731963 0.1947821 0.1931405 0.1852373 0.1777171 0.1846286 0.1851211 0.2034018 0.1820681 0.1886237 0.1872353 0.1882956 0.1526231 0.1495446 0.2336468 0.2504074 0.1040510 0.0950653 0.0891277 0.0000000 0.0007170 0.1239100 0.0827899 0.1503558 0.1573880 0.4154743 0.4310662 0.4299446 0.4420883 0.4326684 0.4337949 0.3580988 0.4484162 0.4063222 0.5267713 0.5306735 0.5280315 0.5372931 0.5227023 0.5377528 0.5214790 0.5241231 0.5274102 0.5314775 0.5226976 0.5105626 0.5307641 0.5212198 0.5364202 0.4883527 0.4904726 
S0009_G6487_R1_A 0.1891481 0.1762954 0.1742000 0.1808036 0.1872667 0.1785436 0.1879666 0.1810994 0.1915961 0.1804366 0.1907135 0.1742884 0.1959177 0.1942712 0.1863511 0.1788300 0.1857445 0.1862409 0.2045583 0.1831792 0.1897489 0.1883576 0.1894184 0.1536790 0.1505887 0.2349072 0.2516994 0.1049974 0.0959835 0.0900321 0.0007170 0.0000000 0.1249071 0.0836933 0.1514257 0.1584720 0.4136946 0.4292503 0.4281348 0.4402385 0.4308385 0.4319662 0.3565985 0.4501078 0.4084741 0.5285816 0.5324919 0.5298537 0.5391246 0.5245159 0.5395856 0.5232875 0.5259361 0.5292165 0.5297409 0.5209968 0.5088846 0.5290455 0.5195118 0.5347094 0.4866508 0.4887754 
S0015_G6487_R1_U 0.1752694 0.1632679 0.1654894 0.1673007 0.1696864 0.1660843 0.1733928 0.1708661 0.1790219 0.1733329 0.1811318 0.1693363 0.1825337 0.1854290 0.1769200 0.1701962 0.1716878 0.1806829 0.1872862 0.1705185 0.1813790 0.1686722 0.1804381 0.1586382 0.1399991 0.2271098 0.2527479 0.0646574 0.0851231 0.0960683 0.1239100 0.1249071 0.0000000 0.0858065 0.1901293 0.2001787 0.4414476 0.4494827 0.4520081 0.4635627 0.4575527 0.4628988 0.3871368 0.4760490 0.4073943 0.5224157 0.5290794 0.5328834 0.5330176 0.5228397 0.5362463 0.5265351 0.5246020 0.5293681 0.5126582 0.5059474 0.5044468 0.5119267 0.5023992 0.5104416 0.4841360 0.4792829 
S0014_G6487_R1_A 0.1600168 0.1465090 0.1474762 0.1499369 0.1526456 0.1555898 0.1591821 0.1508957 0.1582424 0.1541516 0.1656993 0.1522814 0.1654662 0.1688322 0.1583170 0.1510632 0.1539910 0.1622859 0.1735125 0.1559511 0.1658174 0.1585036 0.1641274 0.1296402 0.1219067 0.2143593 0.2170698 0.0783785 0.0651872 0.0551581 0.0827899 0.0836933 0.0858065 0.0000000 0.1706691 0.1781995 0.4155588 0.4320609 0.4345617 0.4462475 0.4326214 0.4397866 0.3515713 0.4508265 0.4040566 0.5240621 0.5270816 0.5262541 0.5309505 0.5209383 0.5341254 0.5217361 0.5223584 0.5319060 0.5039163 0.4956591 0.4886175 0.5079614 0.4985671 0.5017319 0.4699450 0.4721173 
S0051_G6487_R1_A 0.2393996 0.2326177 0.2304979 0.2318820 0.2322326 0.2226826 0.2398986 0.2377212 0.2330755 0.2391473 0.2447752 0.2408507 0.2442625 0.2390685 0.2417817 0.2428837 0.2417869 0.2483634 0.2413361 0.2344722 0.2455027 0.2373966 0.2492074 0.2163339 0.2181367 0.2720805 0.2830777 0.1806070 0.1685118 0.1713093 0.1503558 0.1514257 0.1901293 0.1706691 0.0000000 0.0143308 0.4560801 0.4707635 0.4626352 0.4627315 0.4341144 0.4513159 0.4181241 0.4930807 0.4615532 0.5802375 0.5825891 0.5784644 0.5792332 0.5689661 0.5780381 0.5779391 0.5772429 0.5846602 0.5571967 0.5563690 0.5584262 0.5719946 0.5616933 0.5631568 0.5276588 0.5279017 
S0039_G6487_R1_A 0.2497656 0.2440295 0.2406615 0.2408458 0.2438025 0.2338625 0.2515380 0.2492839 0.2457884 0.2507416 0.2564231 0.2524342 0.2559416 0.2505952 0.2534898 0.2546057 0.2493142 0.2631013 0.2556338 0.2447463 0.2571982 0.2489416 0.2610205 0.2273332 0.2315517 0.2815172 0.2966276 0.1871405 0.1765465 0.1769823 0.1573880 0.1584720 0.2001787 0.1781995 0.0143308 0.0000000 0.4730220 0.4931827 0.4847904 0.4813588 0.4534722 0.4710787 0.4160544 0.5051367 0.4511711 0.5675787 0.5698582 0.5656965 0.5664831 0.5563935 0.5653710 0.5676366 0.5645217 0.5719427 0.5448747 0.5442270 0.5462730 0.5590690 0.5489497 0.5508537 0.5156592 0.5159387 
S0032_G6487_R1_N 0.3981659 0.3883073 0.3965062 0.3837758 0.3851500 0.3834710 0.3912862 0.3860709 0.3962554 0.3940901 0.3933528 0.3928572 0.3915105 0.3840049 0.3902679 0.4016744 0.3917809 0.4008516 0.4008780 0.3977779 0.4084758 0.4043434 0.3989783 0.4212353 0.4080906 0.5247686 0.4557124 0.4497424 0.3953829 0.4037166 0.4154743 0.4136946 0.4414476 0.4155588 0.4560801 0.4730220 0.0000000 0.0126380 0.0109119 0.0429942 0.0381909 0.0343710 0.3542324 0.4366266 0.3355678 0.4891976 0.4943072 0.4965168 0.4894887 0.5006830 0.4846471 0.4932893 0.4879551 0.4851332 0.5079598 0.4901975 0.4932855 0.5263253 0.5246347 0.5027558 0.4524177 0.4491510 
S0024_G6487_R1_A 0.4117620 0.4040195 0.4144213 0.3994978 0.3974371 0.3992416 0.4072755 0.4016395 0.4124269 0.4119273 0.4092427 0.4125710 0.4074363 0.3976633 0.4063538 0.4154030 0.4076384 0.4170128 0.4170423 0.4139798 0.4295716 0.4186961 0.4150915 0.4379650 0.4245053 0.5346930 0.4772001 0.4721534 0.4132350 0.4216491 0.4310662 0.4292503 0.4494827 0.4320609 0.4707635 0.4931827 0.0126380 0.0000000 0.0083379 0.0548632 0.0400478 0.0361857 0.3523502 0.4520476 0.3389733 0.5071650 0.5155962 0.5178886 0.5107166 0.5222598 0.5056080 0.5093707 0.5069753 0.5060391 0.5359092 0.5170113 0.5213076 0.5509082 0.5490849 0.5314852 0.4786452 0.4752130 
S0032_G6487_R2_N 0.4106146 0.4047809 0.4120303 0.4002772 0.4015567 0.4000254 0.4080371 0.3964025 0.4131766 0.4126744 0.4118809 0.4133180 0.4081946 0.4002843 0.4071242 0.4098752 0.4083926 0.4177441 0.4196672 0.4102158 0.4302742 0.4213180 0.4158282 0.4386387 0.4252184 0.5349607 0.4661729 0.4747163 0.4139776 0.4223625 0.4299446 0.4281348 0.4520081 0.4345617 0.4626352 0.4847904 0.0109119 0.0083379 0.0000000 0.0508538 0.0381166 0.0342852 0.3528967 0.4540121 0.3377939 0.5012129 0.5095155 0.5117790 0.5046638 0.5160815 0.4996431 0.5033502 0.5010051 0.5000892 0.5313061 0.5125494 0.5156352 0.5449168 0.5431229 0.5256809 0.4727244 0.4693304 
S0001_G6487_R1_A 0.4320616 0.4286474 0.4413363 0.4204674 0.4197975 0.4202817 0.4292986 0.4205600 0.4292980 0.4313900 0.4305356 0.4236843 0.4293657 0.4235452 0.4291148 0.4335181 0.4260470 0.4308201 0.4273300 0.4362816 0.4419602 0.4494839 0.4430328 0.4589124 0.4394849 0.5519236 0.4839037 0.4725179 0.4252340 0.4281451 0.4420883 0.4402385 0.4635627 0.4462475 0.4627315 0.4813588 0.0429942 0.0548632 0.0508538 0.0000000 0.0785553 0.0764106 0.3781483 0.4822852 0.3687897 0.5445182 0.5534565 0.5505494 0.5453531 0.5530003 0.5399029 0.5472216 0.5412557 0.5402315 0.5510506 0.5325445 0.5476914 0.5508361 0.5535749 0.5425209 0.4931414 0.4855049 
S0025_G6487_R1_A 0.4240974 0.4187869 0.4277540 0.4142765 0.4135828 0.4104918 0.4223158 0.4162671 0.4300105 0.4251904 0.4205846 0.4240204 0.4189605 0.4125869 0.4196221 0.4298005 0.4252118 0.4205348 0.4277011 0.4292293 0.4452477 0.4325209 0.4284018 0.4555268 0.4429778 0.5479771 0.4688414 0.4758002 0.4116816 0.4108587 0.4326684 0.4308385 0.4575527 0.4326214 0.4341144 0.4534722 0.0381909 0.0400478 0.0381166 0.0785553 0.0000000 0.0118068 0.3756535 0.4444129 0.3630000 0.5316078 0.5330149 0.5331822 0.5291424 0.5398225 0.5260189 0.5285309 0.5263544 0.5295281 0.5347174 0.5198739 0.5229429 0.5501911 0.5537295 0.5331278 0.4834441 0.4799756 
S0029_G6487_R1_A 0.4290522 0.4209266 0.4298539 0.4164649 0.4176415 0.4127062 0.4244581 0.4184119 0.4321069 0.4273076 0.4227308 0.4260688 0.4230222 0.4166292 0.4218008 0.4328232 0.4246693 0.4245664 0.4278876 0.4313287 0.4452753 0.4345835 0.4304914 0.4499767 0.4402939 0.5594796 0.4664801 0.4830421 0.4188697 0.4179995 0.4337949 0.4319662 0.4628988 0.4397866 0.4513159 0.4710787 0.0343710 0.0361857 0.0342852 0.0764106 0.0118068 0.0000000 0.3580967 0.4564886 0.3599974 0.5364022 0.5378366 0.5380078 0.5339925 0.5446623 0.5308423 0.5294209 0.5311626 0.5343240 0.5436825 0.5246013 0.5276499 0.5573663 0.5555252 0.5378936 0.4866095 0.4810830 
S0049_G6487_R1_A 0.4058565 0.3844153 0.3841767 0.3932796 0.4147259 0.4063229 0.3977494 0.3867762 0.4212618 0.3977200 0.4107416 0.4047269 0.4142028 0.4118947 0.4072982 0.3916761 0.3965841 0.4007589 0.4201163 0.4082884 0.4021711 0.4086776 0.4137296 0.3706279 0.3644329 0.4155679 0.4172106 0.3743498 0.3336416 0.3627455 0.3580988 0.3565985 0.3871368 0.3515713 0.4181241 0.4160544 0.3542324 0.3523502 0.3528967 0.3781483 0.3756535 0.3580967 0.0000000 0.3994463 0.3675850 0.4884409 0.4922644 0.4967063 0.4937171 0.4897014 0.4909147 0.4981297 0.4837711 0.4896218 0.5080558 0.5116234 0.5143924 0.5105270 0.5117037 0.5141065 0.4852351 0.4787295 
S0003_G6487_R1_N 0.4643951 0.4544140 0.4546187 0.4619859 0.4588966 0.4459534 0.4512080 0.4649184 0.4595386 0.4620215 0.4558656 0.4575531 0.4604510 0.4641842 0.4640504 0.4677495 0.4525194 0.4699814 0.4768307 0.4705298 0.4624995 0.4677808 0.4610377 0.4247250 0.4114037 0.5107586 0.4500228 0.4357129 0.4358379 0.4423161 0.4484162 0.4501078 0.4760490 0.4508265 0.4930807 0.5051367 0.4366266 0.4520476 0.4540121 0.4822852 0.4444129 0.4564886 0.3994463 0.0000000 0.3284344 0.4317080 0.4261062 0.4265951 0.4229710 0.4253938 0.4255861 0.4245328 0.4268732 0.4256835 0.4300639 0.4296940 0.4366255 0.4336209 0.4347942 0.4367369 0.4095114 0.4037848 
S0042_G6487_R3_N 0.4269541 0.4261837 0.4211566 0.4149168 0.4274184 0.4143123 0.4242692 0.4175628 0.4238965 0.4285682 0.4348295 0.4195360 0.4463491 0.4296644 0.4315698 0.4245868 0.4129803 0.4314903 0.4197538 0.4233314 0.4332494 0.4372654 0.4183992 0.4164624 0.3883996 0.4222507 0.4416209 0.4164877 0.3907271 0.4241595 0.4063222 0.4084741 0.4073943 0.4040566 0.4615532 0.4511711 0.3355678 0.3389733 0.3377939 0.3687897 0.3630000 0.3599974 0.3675850 0.3284344 0.0000000 0.0067682 0.0058015 0.0117163 0.0127081 0.0137054 0.0127081 0.0126973 0.0157331 0.0000010 0.1083122 0.1084207 0.1076580 0.1073608 0.1087120 0.1055389 0.1080713 0.1042826 
S0038_G6487_R1_A 0.5120898 0.5045447 0.5083036 0.4924695 0.5107877 0.4958916 0.5108366 0.5009477 0.5057187 0.5113829 0.5190384 0.5095780 0.5239475 0.5161154 0.5113655 0.5025237 0.4908660 0.5222146 0.5246516 0.5146302 0.5183028 0.5115946 0.5070778 0.5176378 0.4881826 0.5853523 0.5724609 0.5244846 0.5024278 0.5324153 0.5267713 0.5285816 0.5224157 0.5240621 0.5802375 0.5675787 0.4891976 0.5071650 0.5012129 0.5445182 0.5316078 0.5364022 0.4884409 0.4317080 0.0067682 0.0000000 0.0132906 0.0156081 0.0178663 0.0170917 0.0178749 0.0171587 0.0179233 0.0103001 0.1435562 0.1412420 0.1493559 0.1481316 0.1489512 0.1479313 0.1300693 0.1257805 
S0041_G6487_R1_N 0.5079578 0.5039116 0.5041857 0.4882924 0.5044903 0.4917316 0.5067093 0.5003003 0.5033070 0.5072672 0.5101758 0.5054702 0.5234092 0.5120298 0.5072500 0.5070922 0.4867257 0.5198740 0.5241199 0.5105451 0.5159948 0.5074897 0.5064593 0.5206220 0.4874683 0.5842950 0.5797636 0.5292639 0.5017897 0.5442645 0.5306735 0.5324919 0.5290794 0.5270816 0.5825891 0.5698582 0.4943072 0.5155962 0.5095155 0.5534565 0.5330149 0.5378366 0.4922644 0.4261062 0.0058015 0.0132906 0.0000000 0.0103087 0.0088021 0.0117794 0.0073220 0.0118247 0.0155880 0.0118028 0.1418807 0.1395784 0.1477782 0.1465431 0.1473667 0.1463553 0.1283578 0.1240693 
S0045_G6487_R2_A 0.5151403 0.5110131 0.5094615 0.4952857 0.5120865 0.4955023 0.5138668 0.5038374 0.5103976 0.5144114 0.5154857 0.5125765 0.5289050 0.5173851 0.5143936 0.5106857 0.4953309 0.5270903 0.5314143 0.5176812 0.5232572 0.5146179 0.5135605 0.5243312 0.4909408 0.5891293 0.5846544 0.5303107 0.5053260 0.5445022 0.5280315 0.5298537 0.5328834 0.5262541 0.5784644 0.5656965 0.4965168 0.5178886 0.5117790 0.5505494 0.5331822 0.5380078 0.4967063 0.4265951 0.0117163 0.0156081 0.0103087 0.0000000 0.0125521 0.0103265 0.0133378 0.0043783 0.0141294 0.0141072 0.1389104 0.1366382 0.1447096 0.1434613 0.1442875 0.1432991 0.1254077 0.1211351 
S0043_G6487_R1_N 0.5117146 0.5076162 0.5078930 0.4919047 0.5086617 0.4921329 0.5104491 0.5039583 0.5070048 0.5110026 0.5139177 0.5091812 0.5272793 0.5157829 0.5145190 0.5108095 0.4902913 0.5272198 0.5279733 0.5142835 0.5198125 0.5112171 0.5101699 0.5244610 0.4910577 0.5829148 0.5891629 0.5350735 0.5036381 0.5411051 0.5372931 0.5391246 0.5330176 0.5309505 0.5792332 0.5664831 0.4894887 0.5107166 0.5046638 0.5453531 0.5291424 0.5339925 0.4937171 0.4229710 0.0127081 0.0178663 0.0088021 0.0125521 0.0000000 0.0148108 0.0029091 0.0140816 0.0186663 0.0163617 0.1411898 0.1388895 0.1470083 0.1457678 0.1465935 0.1455861 0.1276426 0.1233488 
S0045_G6487_R1_A 0.5071341 0.5013889 0.5016613 0.4858071 0.5023758 0.4892406 0.5041669 0.4943374 0.5007880 0.5047303 0.5058177 0.5029449 0.5189870 0.5076981 0.5047133 0.5010733 0.4859532 0.5173117 0.5215303 0.5080105 0.5134164 0.5049589 0.5039369 0.5144882 0.4849974 0.5832695 0.5731216 0.5298855 0.4941436 0.5346582 0.5227023 0.5245159 0.5228397 0.5209383 0.5689661 0.5563935 0.5006830 0.5222598 0.5160815 0.5530003 0.5398225 0.5446623 0.4897014 0.4253938 0.0137054 0.0170917 0.0117794 0.0103265 0.0148108 0.0000000 0.0148179 0.0118455 0.0140959 0.0155906 0.1400490 0.1377630 0.1458573 0.1425033 0.1433305 0.1444411 0.1265252 0.1222422 
S0047_G6487_R1_N 0.5148260 0.5106911 0.5109706 0.4949259 0.5113260 0.4983903 0.5135498 0.5069994 0.5100740 0.5140969 0.5170144 0.5122587 0.5304610 0.5188855 0.5176225 0.5138897 0.4932756 0.5303602 0.5311402 0.5173759 0.5229619 0.5143048 0.5132455 0.5276214 0.4940608 0.5923999 0.5809227 0.5382964 0.5066708 0.5442641 0.5377528 0.5395856 0.5362463 0.5341254 0.5780381 0.5653710 0.4846471 0.5056080 0.4996431 0.5399029 0.5260189 0.5308423 0.4909147 0.4255861 0.0127081 0.0178749 0.0073220 0.0133378 0.0029091 0.0148179 0.0000000 0.0148757 0.0186754 0.0163696 0.1423882 0.1400721 0.1483100 0.1470726 0.1478989 0.1468798 0.1288112 0.1245044 
S0044_G6487_R1_N 0.5072331 0.5068458 0.5053030 0.4912292 0.5078785 0.4914590 0.5096579 0.4997460 0.5062386 0.5102092 0.5112858 0.5066893 0.5245543 0.5131710 0.5101918 0.5028975 0.4913181 0.5228064 0.5270709 0.5134733 0.5189580 0.5104245 0.5093857 0.5218762 0.4869324 0.5809301 0.5753523 0.5276018 0.5026637 0.5439399 0.5214790 0.5232875 0.5265351 0.5217361 0.5779391 0.5676366 0.4932893 0.5093707 0.5033502 0.5472216 0.5285309 0.5294209 0.4981297 0.4245328 0.0126973 0.0171587 0.0118247 0.0043783 0.0140816 0.0118455 0.0148757 0.0000000 0.0141509 0.0156516 0.1409958 0.1399624 0.1481016 0.1453124 0.1461360 0.1466742 0.1287107 0.1244081 
S0040_G6487_R1_N 0.5121546 0.5045831 0.5083550 0.4924668 0.5091215 0.4959003 0.5108970 0.5009735 0.5074710 0.5114450 0.5108035 0.5096337 0.5244829 0.5144035 0.5114276 0.5077570 0.4925418 0.5240370 0.5230248 0.5147033 0.5202017 0.5116573 0.5106155 0.5201139 0.4847100 0.5919131 0.5714400 0.5266655 0.5024586 0.5365608 0.5241231 0.5259361 0.5246020 0.5223584 0.5772429 0.5645217 0.4879551 0.5069753 0.5010051 0.5412557 0.5263544 0.5311626 0.4837711 0.4268732 0.0157331 0.0179233 0.0155880 0.0141294 0.0186663 0.0140959 0.0186754 0.0141509 0.0000000 0.0179356 0.1418796 0.1421056 0.1476859 0.1464515 0.1472745 0.1462647 0.1295409 0.1252395 
S0042_G6487_R1_N 0.5161293 0.5087636 0.5055489 0.4976784 0.5121693 0.4976340 0.5148603 0.5013998 0.5096175 0.5121241 0.5197921 0.5135707 0.5352242 0.5201489 0.5121066 0.5081921 0.4947149 0.5262871 0.5305054 0.5153728 0.5242075 0.5156027 0.5110526 0.5254746 0.4879966 0.5939719 0.5733318 0.5314134 0.5022317 0.5356848 0.5274102 0.5292165 0.5293681 0.5319060 0.5846602 0.5719427 0.4851332 0.5060391 0.5000892 0.5402315 0.5295281 0.5343240 0.4896218 0.4256835 0.0000010 0.0103001 0.0118028 0.0141072 0.0163617 0.0155906 0.0163696 0.0156516 0.0179356 0.0000000 0.1486543 0.1462687 0.1532001 0.1533076 0.1541289 0.1530623 0.1327815 0.1284524 
S0038_G6487_R2_A 0.5303140 0.5223900 0.5283224 0.5100388 0.5228625 0.5068693 0.5299508 0.5234636 0.5282831 0.5340776 0.5378971 0.5257225 0.5332823 0.5322474 0.5308750 0.5322202 0.5119274 0.5509761 0.5280235 0.5274110 0.5226714 0.5306498 0.5230965 0.5035605 0.5096106 0.5964044 0.5828159 0.5142269 0.4741772 0.5037124 0.5314775 0.5297409 0.5126582 0.5039163 0.5571967 0.5448747 0.5079598 0.5359092 0.5313061 0.5510506 0.5347174 0.5436825 0.5080558 0.4300639 0.1083122 0.1435562 0.1418807 0.1389104 0.1411898 0.1400490 0.1423882 0.1409958 0.1418796 0.1486543 0.0000000 0.0104082 0.0134891 0.0173764 0.0181265 0.0134507 0.0137564 0.0106533 
S0041_G6487_R2_N 0.5115322 0.5040109 0.5052752 0.4920165 0.5043942 0.4906170 0.5159946 0.5050841 0.5122568 0.5170401 0.5208238 0.5055638 0.5143262 0.5134803 0.5103851 0.5133192 0.4972395 0.5315266 0.5176616 0.5089112 0.5042275 0.5120193 0.5047401 0.5029664 0.4960470 0.6033433 0.5794543 0.5056721 0.4651287 0.4973769 0.5226976 0.5209968 0.5059474 0.4956591 0.5563690 0.5442270 0.4901975 0.5170113 0.5125494 0.5325445 0.5198739 0.5246013 0.5116234 0.4296940 0.1084207 0.1412420 0.1395784 0.1366382 0.1388895 0.1377630 0.1400721 0.1399624 0.1421056 0.1462687 0.0104082 0.0000000 0.0103836 0.0165090 0.0172547 0.0118535 0.0060251 0.0029996 
S0042_G6487_R2_N 0.5227889 0.5051469 0.5108222 0.5024499 0.5047259 0.4982137 0.5237594 0.5108898 0.5165873 0.5180963 0.5218518 0.5131896 0.5256472 0.5231072 0.5114900 0.5192234 0.5047824 0.5410358 0.5208585 0.5117136 0.5151861 0.5196744 0.5106465 0.4912916 0.4885719 0.6029530 0.5713975 0.5041749 0.4566203 0.4904837 0.5105626 0.5088846 0.5044468 0.4886175 0.5584262 0.5462730 0.4932855 0.5213076 0.5156352 0.5476914 0.5229429 0.5276499 0.5143924 0.4366255 0.1076580 0.1493559 0.1477782 0.1447096 0.1470083 0.1458573 0.1483100 0.1481016 0.1476859 0.1532001 0.0134891 0.0103836 0.0000000 0.0203731 0.0211209 0.0148590 0.0137750 0.0106674 
S0044_G6487_R2_N 0.5174342 0.5179818 0.5216019 0.5057406 0.5047457 0.5043226 0.5180517 0.5163864 0.5280625 0.5263828 0.5266352 0.5157974 0.5287128 0.5292858 0.5246017 0.5211271 0.5135837 0.5502385 0.5273784 0.5247019 0.5149214 0.5261648 0.5169596 0.5000966 0.5022509 0.5958712 0.5727383 0.5085581 0.4749826 0.5153710 0.5307641 0.5290455 0.5119267 0.5079614 0.5719946 0.5590690 0.5263253 0.5509082 0.5449168 0.5508361 0.5501911 0.5573663 0.5105270 0.4336209 0.1073608 0.1481316 0.1465431 0.1434613 0.1457678 0.1425033 0.1470726 0.1453124 0.1464515 0.1533076 0.0173764 0.0165090 0.0203731 0.0000000 0.0051216 0.0156727 0.0193428 0.0146116 
S0045_G6487_R3_A 0.5113535 0.5119322 0.5155094 0.4997836 0.4987733 0.4948634 0.5119598 0.5103643 0.5200488 0.5238174 0.5240768 0.5097866 0.5224951 0.5231004 0.5184530 0.5149991 0.5050044 0.5438464 0.5212457 0.5186125 0.5088899 0.5200491 0.5144487 0.5020911 0.4998331 0.5926842 0.5698175 0.5016974 0.4660720 0.5061395 0.5212198 0.5195118 0.5023992 0.4985671 0.5616933 0.5489497 0.5246347 0.5490849 0.5431229 0.5535749 0.5537295 0.5555252 0.5117037 0.4347942 0.1087120 0.1489512 0.1473667 0.1442875 0.1465935 0.1433305 0.1478989 0.1461360 0.1472745 0.1541289 0.0181265 0.0172547 0.0211209 0.0051216 0.0000000 0.0164143 0.0201102 0.0153761 
S0045_G6487_R4_A 0.5302318 0.5224013 0.5282641 0.5101935 0.5129469 0.5087826 0.5348529 0.5234623 0.5274793 0.5356928 0.5359154 0.5239655 0.5331644 0.5305052 0.5290381 0.5321151 0.5109124 0.5546327 0.5317800 0.5290945 0.5148601 0.5305643 0.5213736 0.5035822 0.5057627 0.6154343 0.5904530 0.5097309 0.4688752 0.5033111 0.5364202 0.5347094 0.5104416 0.5017319 0.5631568 0.5508537 0.5027558 0.5314852 0.5256809 0.5425209 0.5331278 0.5378936 0.5141065 0.4367369 0.1055389 0.1479313 0.1463553 0.1432991 0.1455861 0.1444411 0.1468798 0.1466742 0.1462647 0.1530623 0.0134507 0.0118535 0.0148590 0.0156727 0.0164143 0.0000000 0.0137267 0.0090963 
S0043_G6487_R2_N 0.4821286 0.4785750 0.4845002 0.4666386 0.4758631 0.4635235 0.4861333 0.4763612 0.4816213 0.4849666 0.4888506 0.4779809 0.4896169 0.4896611 0.4864480 0.4838822 0.4700830 0.5067659 0.4834666 0.4834874 0.4746993 0.4830202 0.4792096 0.4814288 0.4729042 0.5741584 0.5600339 0.4761325 0.4384829 0.4759139 0.4883527 0.4866508 0.4841360 0.4699450 0.5276588 0.5156592 0.4524177 0.4786452 0.4727244 0.4931414 0.4834441 0.4866095 0.4852351 0.4095114 0.1080713 0.1300693 0.1283578 0.1254077 0.1276426 0.1265252 0.1288112 0.1287107 0.1295409 0.1327815 0.0137564 0.0060251 0.0137750 0.0193428 0.0201102 0.0137267 0.0000000 0.0045013 
S0047_G6487_R2_N 0.4826039 0.4790565 0.4849660 0.4671516 0.4763532 0.4640452 0.4847967 0.4768448 0.4820973 0.4854317 0.4858126 0.4784634 0.4882643 0.4883184 0.4869120 0.4825585 0.4705825 0.5053544 0.4839342 0.4839552 0.4751927 0.4869913 0.4796882 0.4835736 0.4681626 0.5684981 0.5583490 0.4724356 0.4406721 0.4780275 0.4904726 0.4887754 0.4792829 0.4721173 0.5279017 0.5159387 0.4491510 0.4752130 0.4693304 0.4855049 0.4799756 0.4810830 0.4787295 0.4037848 0.1042826 0.1257805 0.1240693 0.1211351 0.1233488 0.1222422 0.1245044 0.1244081 0.1252395 0.1284524 0.0106533 0.0029996 0.0106674 0.0146116 0.0153761 0.0090963 0.0045013 0.0000000 
