59
S0031_G6570_R1_A 0.0000000 0.0379311 0.0433254 0.0314979 0.0601266 0.1248086 0.2582202 0.2532308 0.2575779 0.0999086 0.0962173 0.0944813 0.1010079 0.0923473 0.0877138 0.1484226 0.1454157 0.1145905 0.1055769 0.2078667 0.1069464 0.1443605 0.1409702 0.1836130 0.1015665 0.1692830 0.1005997 0.1212391 0.1279421 0.3283035 0.1259037 0.2142851 0.4738042 0.5121863 0.4838557 0.4998190 0.4754194 0.5745955 1.2119982 0.5271266 0.3905108 0.5852408 0.5822607 0.5938592 0.8333958 0.8466657 0.8380955 0.8457986 0.8064475 0.8066293 1.0308446 1.0183313 1.0315588 1.0416805 0.9940098 1.0095116 1.0086586 1.0552019 1.0634021 
S0018_G6570_R1_A 0.0379311 0.0000000 0.0530706 0.0420433 0.0702423 0.1303546 0.2731491 0.2707519 0.2734085 0.1143914 0.1060523 0.1063566 0.1130812 0.1057292 0.1010193 0.1569707 0.1552080 0.1310135 0.1152711 0.2356843 0.1193665 0.1520479 0.1542245 0.2005088 0.1137594 0.1820548 0.1150692 0.1312803 0.1431869 0.3482571 0.1446967 0.2379363 0.4673728 0.5008767 0.4806787 0.4804117 0.4581208 0.5766720 1.2428712 0.5254423 0.3878984 0.6025411 0.6049694 0.6143138 0.8401847 0.8510585 0.8424581 0.8470771 0.8129849 0.7998469 1.0187962 1.0063278 1.0195042 1.0264348 0.9750389 0.9904546 0.9967715 1.0355697 1.0587608 
S0004_G6570_R2_A 0.0433254 0.0530706 0.0000000 0.0346580 0.0715101 0.1444479 0.2716214 0.2659052 0.2742758 0.1158755 0.1123072 0.1066063 0.1145583 0.1097123 0.1037206 0.1585661 0.1622444 0.1275038 0.1152519 0.2230021 0.1246884 0.1568263 0.1559091 0.1857957 0.1178802 0.1824106 0.1153264 0.1366335 0.1422841 0.3535136 0.1373994 0.2300601 0.4778271 0.5185629 0.4835599 0.5141878 0.4920427 0.5751640 1.1890282 0.5430817 0.3891258 0.6185912 0.6266565 0.6027211 0.8528496 0.8567048 0.8453219 0.8596542 0.8190791 0.8258944 1.0360736 1.0234959 1.0367931 1.0395026 0.9918269 1.0073373 1.0137388 1.0530187 1.0583685 
S0004_G6570_R1_A 0.0314979 0.0420433 0.0346580 0.0000000 0.0642365 0.1358112 0.2765222 0.2676089 0.2654975 0.1028927 0.0984997 0.0953600 0.1016212 0.0920875 0.0874678 0.1535568 0.1505205 0.1205882 0.1040338 0.2068410 0.1127245 0.1484405 0.1444199 0.1857207 0.1086675 0.1730240 0.0991010 0.1257495 0.1324916 0.3495916 0.1288720 0.2255684 0.4677071 0.5123905 0.4920581 0.4965767 0.4744518 0.5735309 1.2138310 0.5377632 0.3879741 0.6077137 0.6101433 0.6054281 0.8477927 0.8616269 0.8566111 0.8644375 0.8266928 0.8237910 1.0051427 0.9928322 1.0058376 1.0085875 0.9620197 0.9772726 0.9834875 1.0216840 1.0370126 
S0037_G6570_R1_A 0.0601266 0.0702423 0.0715101 0.0642365 0.0000000 0.1647198 0.2915444 0.2883272 0.2865037 0.1392854 0.1372179 0.1322314 0.1325754 0.1319239 0.1299009 0.1792399 0.1790053 0.1505758 0.1376176 0.2407594 0.1465022 0.1744426 0.1734648 0.2133381 0.1326632 0.2071845 0.1377089 0.1528314 0.1634765 0.3601198 0.1577771 0.2412228 0.5058114 0.5387966 0.5198656 0.5216874 0.5031845 0.5854505 1.2836769 0.5572204 0.4227051 0.6095134 0.6119508 0.5997615 0.8512213 0.8617272 0.8562989 0.8641372 0.8234810 0.8319069 1.0600233 1.0391032 1.0607672 1.0553540 1.0145786 1.0383234 1.0290629 1.0623709 1.1023235 
S0046_G6570_R1_A 0.1248086 0.1303546 0.1444479 0.1358112 0.1647198 0.0000000 0.2931108 0.2868298 0.3003490 0.1140706 0.1067086 0.1124912 0.1142183 0.1224098 0.1187983 0.1340427 0.1303992 0.0994950 0.1001327 0.2437852 0.1036349 0.1590333 0.1623482 0.1882443 0.1037013 0.1618911 0.1253610 0.1222019 0.1307806 0.3233777 0.1525719 0.2031489 0.4848023 0.5216804 0.4960018 0.4865630 0.4595363 0.5512073 1.1442503 0.5259360 0.4010131 0.6255659 0.6280553 0.6204791 0.8885088 0.8985420 0.8866029 0.9106568 0.8574446 0.8540825 1.1035439 1.0985467 1.0998274 1.0852272 1.0462086 1.0625283 1.0694186 1.1113919 1.1294892 
S0048_G6570_R1_A 0.2582202 0.2731491 0.2716214 0.2765222 0.2915444 0.2931108 0.0000000 0.0320923 0.1473390 0.2987202 0.2782279 0.2978780 0.2992274 0.2782197 0.2820996 0.2942044 0.3059232 0.2944639 0.2905787 0.3419617 0.2858837 0.2665395 0.3018448 0.2618346 0.2926058 0.3130854 0.2969310 0.3119065 0.3134249 0.4873213 0.3160744 0.3294029 0.6579242 0.6336013 0.6340294 0.6622557 0.6181994 0.7467251 1.4505546 0.6756209 0.5412127 0.6973535 0.7000020 0.7423517 0.9736326 0.9519619 0.9299297 0.9443375 0.9293348 0.9249215 1.1666099 1.1610161 1.1674758 1.1741315 1.1274383 1.1340478 1.1437422 1.1736882 1.1951344 
S0050_G6570_R1_A 0.2532308 0.2707519 0.2659052 0.2676089 0.2883272 0.2868298 0.0320923 0.0000000 0.1337235 0.2931626 0.2726683 0.2823587 0.2936894 0.2699959 0.2738454 0.2897613 0.2979955 0.2922229 0.2849146 0.3442695 0.2836114 0.2635648 0.2917752 0.2516219 0.2836118 0.3149252 0.2845474 0.3098427 0.3129953 0.4800557 0.3124850 0.3250647 0.6467619 0.6447037 0.6443392 0.6413030 0.5947833 0.7295654 1.4366072 0.6755543 0.5354148 0.6806142 0.6832495 0.7397923 0.9586071 0.9480490 0.9258284 0.9403687 0.9251756 0.9213709 1.1253112 1.1198732 1.1261422 1.1327628 1.0789396 1.0938504 1.0947206 1.1321090 1.1486058 
S0012_G6570_R1_A 0.2575779 0.2734085 0.2742758 0.2654975 0.2865037 0.3003490 0.1473390 0.1337235 0.0000000 0.2855526 0.2713913 0.2727449 0.2801117 0.2514600 0.2552128 0.2932631 0.3000884 0.2872916 0.2779377 0.3033035 0.2777272 0.2348576 0.2934297 0.2288909 0.2736658 0.3292513 0.2835834 0.2928024 0.3044435 0.4531106 0.3232862 0.2840847 0.6141488 0.6276651 0.6015926 0.6170046 0.5783072 0.6774410 1.4121203 0.6264310 0.5217655 0.6779309 0.6806229 0.6885698 0.9564975 0.9786714 0.9552340 0.9710130 0.9194531 0.9286449 1.2341079 1.2385264 1.2350567 1.2458247 1.1771010 1.1959457 1.1902798 1.2495115 1.2611631 
S0021_G6570_R1_A 0.0999086 0.1143914 0.1158755 0.1028927 0.1392854 0.1140706 0.2987202 0.2931626 0.2855526 0.0000000 0.0569740 0.0587915 0.0170243 0.0745225 0.0699921 0.1246619 0.1221855 0.0869395 0.0759798 0.1903591 0.0811001 0.1292278 0.1096995 0.1605245 0.0823435 0.1726854 0.0712031 0.0988900 0.1088558 0.2942623 0.1135302 0.1801524 0.4301140 0.4505233 0.4417600 0.4395882 0.4161910 0.5201923 1.0354744 0.4931334 0.3541194 0.5563701 0.5586985 0.6035601 0.8976463 0.9105966 0.9026146 0.9179775 0.8723240 0.8837605 1.0843661 1.0795401 1.0851222 1.0675023 1.0302058 1.0460079 1.0446985 1.0895744 1.0975779 
S0028_G6570_R1_A 0.0962173 0.1060523 0.1123072 0.0984997 0.1372179 0.1067086 0.2782279 0.2726683 0.2713913 0.0569740 0.0000000 0.0532334 0.0569331 0.0618356 0.0573770 0.1117294 0.1094885 0.0833338 0.0692502 0.1874084 0.0720618 0.1119628 0.1085521 0.1570769 0.0778104 0.1561647 0.0656400 0.0883350 0.0930188 0.2827403 0.1024704 0.1777157 0.4065463 0.4218493 0.4064113 0.4117352 0.3888082 0.4987292 1.0836170 0.4729869 0.3320432 0.5475298 0.5498110 0.5790604 0.8574999 0.8648344 0.8533018 0.8610577 0.8298473 0.8446607 1.0244102 1.0276562 1.0251209 1.0199803 0.9726067 0.9845748 0.9942458 1.0228197 1.0447863 
S0023_G6570_R2_A 0.0944813 0.1063566 0.1066063 0.0953600 0.1322314 0.1124912 0.2978780 0.2823587 0.2727449 0.0587915 0.0532334 0.0000000 0.0576448 0.0579419 0.0546715 0.1211931 0.1187267 0.0897868 0.0709368 0.1780005 0.0759664 0.1248926 0.1101666 0.1543762 0.0829061 0.1596448 0.0663714 0.0921870 0.1018388 0.2724711 0.1008138 0.1773163 0.4049639 0.4418821 0.4192190 0.4345922 0.4144709 0.4999848 1.0847894 0.4694038 0.3499113 0.5677383 0.5700597 0.5848936 0.8596175 0.8668924 0.8554157 0.8659889 0.8320791 0.8462624 0.9792322 0.9823273 0.9798940 0.9767117 0.9279312 0.9499619 0.9559191 0.9963283 1.0144794 
S0021_G6570_R3_A 0.1010079 0.1130812 0.1145583 0.1016212 0.1325754 0.1142183 0.2992274 0.2936894 0.2801117 0.0170243 0.0569331 0.0576448 0.0000000 0.0756206 0.0710880 0.1271013 0.1233648 0.0915382 0.0770519 0.1913318 0.0834713 0.1303532 0.1108319 0.1599715 0.0822814 0.1757052 0.0722678 0.0987942 0.1087490 0.2912958 0.1146331 0.1828877 0.4167951 0.4423925 0.4337930 0.4396139 0.4172394 0.5142329 1.0872736 0.4805441 0.3573870 0.5586896 0.5610126 0.6012663 0.8834048 0.8966983 0.8887963 0.9039578 0.8619216 0.8807331 1.0629550 1.0582031 1.0636936 1.0463953 1.0097293 1.0253450 1.0240166 1.0680506 1.0758328 
S0021_G6570_R2_A 0.0923473 0.1057292 0.1097123 0.0920875 0.1319239 0.1224098 0.2782197 0.2699959 0.2514600 0.0745225 0.0618356 0.0579419 0.0756206 0.0000000 0.0112295 0.1353229 0.1238070 0.0975480 0.0742106 0.1779201 0.0844172 0.1325445 0.1202727 0.1509378 0.0903642 0.1706678 0.0764704 0.0951564 0.1053956 0.2932242 0.1100634 0.1774192 0.4388277 0.4756523 0.4468575 0.4574072 0.4392070 0.5367581 1.1720181 0.4958094 0.3669314 0.5903156 0.5844826 0.5874285 0.8503632 0.8509495 0.8423982 0.8532407 0.8221965 0.8161502 1.0373532 1.0406952 1.0380897 1.0287782 0.9877632 0.9922531 1.0100906 1.0464728 1.0625339 
S0021_G6570_R4_A 0.0877138 0.1010193 0.1037206 0.0874678 0.1299009 0.1187983 0.2820996 0.2738454 0.2552128 0.0699921 0.0573770 0.0546715 0.0710880 0.0112295 0.0000000 0.1319562 0.1230351 0.0928682 0.0708696 0.1780860 0.0797455 0.1282375 0.1166386 0.1524965 0.0857216 0.1668553 0.0719511 0.0878841 0.0994371 0.2862919 0.1065954 0.1779573 0.4289751 0.4723232 0.4331815 0.4534839 0.4351323 0.5331267 1.1649242 0.4896544 0.3651281 0.5785777 0.5692695 0.5937707 0.8515613 0.8521352 0.8403591 0.8512307 0.8232666 0.8171963 1.0458586 1.0492251 1.0466035 1.0371927 0.9923354 1.0003327 1.0147849 1.0550638 1.0712950 
S0002_G6570_R1_A 0.1484226 0.1569707 0.1585661 0.1535568 0.1792399 0.1340427 0.2942044 0.2897613 0.2932631 0.1246619 0.1117294 0.1211931 0.1271013 0.1353229 0.1319562 0.0000000 0.0934818 0.0824554 0.1069501 0.2554318 0.1113213 0.1184412 0.1539143 0.1818007 0.0848252 0.1778337 0.1343893 0.1424499 0.1337656 0.3444196 0.1742580 0.2127128 0.4881805 0.5040703 0.4808129 0.4882084 0.4566573 0.5235741 1.0710808 0.5036714 0.3896957 0.5678852 0.5702745 0.6071299 0.9280260 0.9027059 0.9034738 0.9121130 0.8976597 0.8873341 1.1188284 1.1262559 1.1155723 1.1136598 1.0649583 1.0736604 1.0809242 1.1084007 1.1550508 
S0011_G6570_R1_A 0.1454157 0.1552080 0.1622444 0.1505205 0.1790053 0.1303992 0.3059232 0.2979955 0.3000884 0.1221855 0.1094885 0.1187267 0.1233648 0.1238070 0.1230351 0.0934818 0.0000000 0.0765500 0.0988130 0.2316221 0.1079308 0.1438750 0.1530282 0.1595669 0.0827535 0.1703909 0.1267593 0.1250160 0.1238198 0.3352724 0.1613715 0.2129670 0.4488349 0.4926005 0.4514397 0.4705211 0.4498700 0.5313623 1.0560130 0.4745988 0.3891546 0.5872880 0.5897226 0.6131755 0.9326887 0.9303581 0.9270281 0.9383977 0.8869917 0.8923872 1.1699713 1.1686130 1.1617706 1.1599972 1.1077459 1.1147022 1.1414776 1.1530128 1.1895485 
S0036_G6570_R1_A 0.1145905 0.1310135 0.1275038 0.1205882 0.1505758 0.0994950 0.2944639 0.2922229 0.2872916 0.0869395 0.0833338 0.0897868 0.0915382 0.0975480 0.0928682 0.0824554 0.0765500 0.0000000 0.0759486 0.2048872 0.0777566 0.1293719 0.1224285 0.1318758 0.0544675 0.1580210 0.0947803 0.1053087 0.1100935 0.3210844 0.1299922 0.2023737 0.4638106 0.4993331 0.4642649 0.4751496 0.4533608 0.5437096 1.0792676 0.4967029 0.3802571 0.5628948 0.5652300 0.5833819 0.8778435 0.8734404 0.8670604 0.8777519 0.8464105 0.8607295 1.0535001 1.0568188 1.0542371 1.0351637 1.0060063 1.0051899 1.0283174 1.0542775 1.0789591 
S0016_G6570_R1_A 0.1055769 0.1152711 0.1152519 0.1040338 0.1376176 0.1001327 0.2905787 0.2849146 0.2779377 0.0759798 0.0692502 0.0709368 0.0770519 0.0742106 0.0708696 0.1069501 0.0988130 0.0759486 0.0000000 0.2017866 0.0692873 0.1259760 0.1195017 0.1439631 0.0645877 0.1504646 0.0825197 0.0866408 0.0951765 0.2885455 0.1107697 0.1906987 0.4480038 0.4855825 0.4537587 0.4539063 0.4313289 0.5209135 1.1050777 0.5013179 0.3666362 0.5742523 0.5710943 0.5792374 0.9126828 0.9098890 0.8980798 0.9017270 0.8871542 0.8838905 1.0360643 1.0431662 1.0289411 1.0277896 0.9881694 0.9958652 1.0097446 1.0409753 1.0606640 
S0022_G6570_R1_A 0.2078667 0.2356843 0.2230021 0.2068410 0.2407594 0.2437852 0.3419617 0.3442695 0.3033035 0.1903591 0.1874084 0.1780005 0.1913318 0.1779201 0.1780860 0.2554318 0.2316221 0.2048872 0.2017866 0.0000000 0.2042923 0.2477815 0.1977634 0.2171400 0.1986896 0.2572646 0.1993603 0.2204966 0.2361854 0.4072026 0.1439113 0.1179109 0.5772839 0.6038242 0.6025815 0.5655430 0.5510120 0.6548366 1.2379447 0.6214159 0.4802485 0.6559338 0.6554962 0.6243631 0.9699641 0.9693689 0.9683654 0.9620729 0.9455658 0.9649701 1.1501999 1.1404378 1.1420286 1.1473278 1.1031252 1.1115624 1.1071867 1.1593546 1.1501136 
S0030_G6570_R1_A 0.1069464 0.1193665 0.1246884 0.1127245 0.1465022 0.1036349 0.2858837 0.2836114 0.2777272 0.0811001 0.0720618 0.0759664 0.0834713 0.0844172 0.0797455 0.1113213 0.1079308 0.0777566 0.0692873 0.2042923 0.0000000 0.1284579 0.1139058 0.1602033 0.0828073 0.1467655 0.0831943 0.0886515 0.0886515 0.2855886 0.1215613 0.1870742 0.4387804 0.4729846 0.4574164 0.4327581 0.4215429 0.5163163 1.0940280 0.4876107 0.3615159 0.5551826 0.5575448 0.5805600 0.8811195 0.8859713 0.8741295 0.8843688 0.8524092 0.8589223 1.0345174 1.0338643 1.0309768 1.0253723 0.9946092 0.9974641 1.0168044 1.0223766 1.0521623 
S0026_G6570_R1_A 0.1443605 0.1520479 0.1568263 0.1484405 0.1744426 0.1590333 0.2665395 0.2635648 0.2348576 0.1292278 0.1119628 0.1248926 0.1303532 0.1325445 0.1282375 0.1184412 0.1438750 0.1293719 0.1259760 0.2477815 0.1284579 0.0000000 0.1413954 0.2022409 0.1308715 0.1990249 0.1426775 0.1484881 0.1507775 0.2987131 0.1735940 0.2127748 0.4681157 0.4774756 0.4483343 0.4559572 0.4325684 0.5206072 0.9958097 0.5096949 0.3666340 0.5717257 0.5656008 0.5842225 0.7884876 0.7963090 0.7914274 0.7916736 0.7557274 0.7701495 1.0864275 1.0945717 1.0872827 1.0917323 1.0676513 1.0777100 1.0623292 1.0864099 1.1311782 
S0023_G6570_R1_A 0.1409702 0.1542245 0.1559091 0.1444199 0.1734648 0.1623482 0.3018448 0.2917752 0.2934297 0.1096995 0.1085521 0.1101666 0.1108319 0.1202727 0.1166386 0.1539143 0.1530282 0.1224285 0.1195017 0.1977634 0.1139058 0.1413954 0.0000000 0.1830087 0.1176689 0.1839499 0.1054368 0.1354352 0.1468968 0.3384931 0.1474005 0.2084330 0.4674977 0.5059424 0.4740752 0.4793822 0.4576471 0.5517794 1.0928557 0.5196774 0.3930627 0.5803832 0.5827712 0.6047133 0.9101859 0.9581860 0.9467438 0.9460017 0.8924375 0.9037634 1.0523513 1.0562015 1.0530858 1.0533674 1.0114049 1.0298376 1.0271413 1.0711912 1.0764742 
S0020_G6570_R1_A 0.1836130 0.2005088 0.1857957 0.1857207 0.2133381 0.1882443 0.2618346 0.2516219 0.2288909 0.1605245 0.1570769 0.1543762 0.1599715 0.1509378 0.1524965 0.1818007 0.1595669 0.1318758 0.1439631 0.2171400 0.1602033 0.2022409 0.1830087 0.0000000 0.1149115 0.2373438 0.1597559 0.1701744 0.1934926 0.3687701 0.1867511 0.2244386 0.5433726 0.5447743 0.5180020 0.5421995 0.5191413 0.6320236 1.3222479 0.5379760 0.4462954 0.6285605 0.6310592 0.6669001 0.9534766 0.9667097 0.9649514 0.9706681 0.9191160 0.9221202 1.1537175 1.1573005 1.1458028 1.1548912 1.1092440 1.1144769 1.1334935 1.1703770 1.1816594 
S0019_G6570_R1_A 0.1015665 0.1137594 0.1178802 0.1086675 0.1326632 0.1037013 0.2926058 0.2836118 0.2736658 0.0823435 0.0778104 0.0829061 0.0822814 0.0903642 0.0857216 0.0848252 0.0827535 0.0544675 0.0645877 0.1986896 0.0828073 0.1308715 0.1176689 0.1149115 0.0000000 0.1656075 0.0915400 0.0996349 0.1118650 0.3137020 0.1242096 0.1905797 0.4517254 0.4894682 0.4592206 0.4672363 0.4430486 0.5478136 1.1113114 0.5047353 0.3908821 0.5658064 0.5681461 0.5782493 0.9045180 0.8960301 0.8895672 0.9004421 0.8643725 0.8752373 1.0606546 1.0678347 1.0614003 1.0576758 1.0122322 1.0207123 1.0347258 1.0677509 1.0923913 
S0013_G6570_R1_A 0.1692830 0.1820548 0.1824106 0.1730240 0.2071845 0.1618911 0.3130854 0.3149252 0.3292513 0.1726854 0.1561647 0.1596448 0.1757052 0.1706678 0.1668553 0.1778337 0.1703909 0.1580210 0.1504646 0.2572646 0.1467655 0.1990249 0.1839499 0.2373438 0.1656075 0.0000000 0.1650793 0.1770197 0.1728029 0.3734647 0.1738053 0.2410431 0.5558187 0.5931533 0.5301606 0.5467188 0.5182077 0.6184216 1.1659830 0.5993911 0.4133361 0.6291287 0.6201660 0.6494827 0.9470802 0.9619930 0.9564572 0.9567957 0.9356839 0.9314191 1.0740900 1.0733964 1.0793716 1.0773962 1.0363660 1.0485085 1.0598585 1.0598903 1.1079510 
S0026_G6570_R2_A 0.1005997 0.1150692 0.1153264 0.0991010 0.1377089 0.1253610 0.2969310 0.2845474 0.2835834 0.0712031 0.0656400 0.0663714 0.0722678 0.0764704 0.0719511 0.1343893 0.1267593 0.0947803 0.0825197 0.1993603 0.0831943 0.1426775 0.1054368 0.1597559 0.0915400 0.1650793 0.0000000 0.1044728 0.1108407 0.2921924 0.1080484 0.1972758 0.4229573 0.4581066 0.4314498 0.4235591 0.4033084 0.5168799 1.1274163 0.4885054 0.3385499 0.5686292 0.5709581 0.5849941 0.8806799 0.8788259 0.8709619 0.8859893 0.8525569 0.8616444 0.9819702 0.9850806 0.9826363 0.9741596 0.9367279 0.9482773 0.9575017 0.9866001 1.0047763 
S0017_G6570_R1_A 0.1212391 0.1312803 0.1366335 0.1257495 0.1528314 0.1222019 0.3119065 0.3098427 0.2928024 0.0988900 0.0883350 0.0921870 0.0987942 0.0951564 0.0878841 0.1424499 0.1250160 0.1053087 0.0866408 0.2204966 0.0886515 0.1484881 0.1354352 0.1701744 0.0996349 0.1770197 0.1044728 0.0000000 0.0850000 0.3112515 0.1364622 0.2109196 0.4379595 0.4682702 0.4505852 0.4431814 0.4242092 0.5267857 1.2001368 0.4983020 0.3789406 0.5833830 0.5846964 0.6160061 0.9206304 0.9351559 0.9192709 0.9302226 0.8883044 0.9115051 1.0863713 1.0897553 1.0871339 1.0731857 1.0241018 1.0399563 1.0465886 1.0912922 1.1036305 
S0017_G6570_R2_A 0.1279421 0.1431869 0.1422841 0.1324916 0.1634765 0.1307806 0.3134249 0.3129953 0.3044435 0.1088558 0.0930188 0.1018388 0.1087490 0.1053956 0.0994371 0.1337656 0.1238198 0.1100935 0.0951765 0.2361854 0.0886515 0.1507775 0.1468968 0.1934926 0.1118650 0.1728029 0.1108407 0.0850000 0.0000000 0.3268799 0.1481168 0.2293405 0.4483924 0.4897217 0.4597667 0.4737673 0.4395938 0.5203139 1.1502558 0.5135043 0.3730372 0.5757400 0.5780776 0.6042151 0.9263712 0.9159371 0.9041316 0.9231952 0.8905605 0.8868804 1.0773797 1.0807167 1.0743198 1.0724457 1.0201469 1.0395137 1.0460871 1.0853349 1.1026058 
S0035_G6570_R1_A 0.3283035 0.3482571 0.3535136 0.3495916 0.3601198 0.3233777 0.4873213 0.4800557 0.4531106 0.2942623 0.2827403 0.2724711 0.2912958 0.2932242 0.2862919 0.3444196 0.3352724 0.3210844 0.2885455 0.4072026 0.2855886 0.2987131 0.3384931 0.3687701 0.3137020 0.3734647 0.2921924 0.3112515 0.3268799 0.0000000 0.3052256 0.3583452 0.5438047 0.5542751 0.5407220 0.5657504 0.5318431 0.6029959 1.2659971 0.5495848 0.4189449 0.6449248 0.6447030 0.7095960 1.0094739 0.9998922 0.9905706 0.9955947 0.9529657 0.9982814 1.1972078 1.2009073 1.1890377 1.1809392 1.1555236 1.1608805 1.1676524 1.1858381 1.2079630 
S0022_G6570_R3_A 0.1259037 0.1446967 0.1373994 0.1288720 0.1577771 0.1525719 0.3160744 0.3124850 0.3232862 0.1135302 0.1024704 0.1008138 0.1146331 0.1100634 0.1065954 0.1742580 0.1613715 0.1299922 0.1107697 0.1439113 0.1215613 0.1735940 0.1474005 0.1867511 0.1242096 0.1738053 0.1080484 0.1364622 0.1481168 0.3052256 0.0000000 0.1435979 0.4694873 0.4967075 0.4518174 0.4801842 0.4605718 0.5509441 1.1312269 0.5073981 0.3781721 0.6027924 0.6105490 0.5885428 0.9062876 0.9203865 0.9187002 0.9093607 0.8809739 0.9108485 1.0196983 1.0190645 1.0126291 1.0038387 0.9653205 0.9771141 0.9790885 1.0282141 1.0264093 
S0022_G6570_R2_A 0.2142851 0.2379363 0.2300601 0.2255684 0.2412228 0.2031489 0.3294029 0.3250647 0.2840847 0.1801524 0.1777157 0.1773163 0.1828877 0.1774192 0.1779573 0.2127128 0.2129670 0.2023737 0.1906987 0.1179109 0.1870742 0.2127748 0.2084330 0.2244386 0.1905797 0.2410431 0.1972758 0.2109196 0.2293405 0.3583452 0.1435979 0.0000000 0.5756737 0.6048990 0.5670366 0.5276264 0.5354295 0.6347323 1.2017515 0.6027350 0.4475435 0.6301877 0.6327859 0.5773648 0.9338355 0.9409607 0.9483097 0.9519650 0.9003536 0.9040244 1.1481257 1.1473381 1.1433556 1.1444937 1.1088649 1.1104695 1.1131091 1.1432081 1.1526482 
S0008_G6570_R1_A 0.4738042 0.4673728 0.4778271 0.4677071 0.5058114 0.4848023 0.6579242 0.6467619 0.6141488 0.4301140 0.4065463 0.4049639 0.4167951 0.4388277 0.4289751 0.4881805 0.4488349 0.4638106 0.4480038 0.5772839 0.4387804 0.4681157 0.4674977 0.5433726 0.4517254 0.5558187 0.4229573 0.4379595 0.4483924 0.5438047 0.4694873 0.5756737 0.0000000 0.1742600 0.1588586 0.2285867 0.2133965 0.2206478 0.7653879 0.2441230 0.3484533 0.4637249 0.4710453 0.6929406 0.7972829 0.8314612 0.8303034 0.8535674 0.7923041 0.8135549 1.2461597 1.2606487 1.2373628 1.2394884 1.2215732 1.2419764 1.2502290 1.2525069 1.2786711 
S0034_G6570_R1_A 0.5121863 0.5008767 0.5185629 0.5123905 0.5387966 0.5216804 0.6336013 0.6447037 0.6276651 0.4505233 0.4218493 0.4418821 0.4423925 0.4756523 0.4723232 0.5040703 0.4926005 0.4993331 0.4855825 0.6038242 0.4729846 0.4774756 0.5059424 0.5447743 0.4894682 0.5931533 0.4581066 0.4682702 0.4897217 0.5542751 0.4967075 0.6048990 0.1742600 0.0000000 0.1526403 0.2259241 0.2152829 0.2433725 0.7976772 0.2563012 0.3852939 0.4763060 0.4787055 0.7124756 0.8434121 0.8976465 0.9042753 0.9039058 0.8445106 0.8759326 1.3214475 1.3426847 1.3176034 1.2987788 1.2806676 1.3021599 1.2959427 1.2983673 1.2965001 
S0015_G6570_R1_A 0.4838557 0.4806787 0.4835599 0.4920581 0.5198656 0.4960018 0.6340294 0.6443392 0.6015926 0.4417600 0.4064113 0.4192190 0.4337930 0.4468575 0.4331815 0.4808129 0.4514397 0.4642649 0.4537587 0.6025815 0.4574164 0.4483343 0.4740752 0.5180020 0.4592206 0.5301606 0.4314498 0.4505852 0.4597667 0.5407220 0.4518174 0.5670366 0.1588586 0.1526403 0.0000000 0.2175687 0.2070976 0.2324603 0.7671731 0.2328063 0.3482038 0.4761080 0.4810223 0.7410601 0.8097449 0.8509492 0.8533635 0.8422326 0.8071873 0.8421913 1.2351567 1.2549622 1.2361073 1.2240574 1.2016057 1.2220172 1.2302089 1.2219710 1.2577308 
S0009_G6570_R1_A 0.4998190 0.4804117 0.5141878 0.4965767 0.5216874 0.4865630 0.6622557 0.6413030 0.6170046 0.4395882 0.4117352 0.4345922 0.4396139 0.4574072 0.4534839 0.4882084 0.4705211 0.4751496 0.4539063 0.5655430 0.4327581 0.4559572 0.4793822 0.5421995 0.4672363 0.5467188 0.4235591 0.4431814 0.4737673 0.5657504 0.4801842 0.5276264 0.2285867 0.2259241 0.2175687 0.0000000 0.0032761 0.2475279 0.7712955 0.2703365 0.4014851 0.4284293 0.4354757 0.7041936 0.8809428 0.8706462 0.8813637 0.8727893 0.8608184 0.8749358 1.1721970 1.1853837 1.1636273 1.1678168 1.1450965 1.1612592 1.1511335 1.1300508 1.1863696 
S0010_G6570_R1_A 0.4754194 0.4581208 0.4920427 0.4744518 0.5031845 0.4595363 0.6181994 0.5947833 0.5783072 0.4161910 0.3888082 0.4144709 0.4172394 0.4392070 0.4351323 0.4566573 0.4498700 0.4533608 0.4313289 0.5510120 0.4215429 0.4325684 0.4576471 0.5191413 0.4430486 0.5182077 0.4033084 0.4242092 0.4395938 0.5318431 0.4605718 0.5354295 0.2133965 0.2152829 0.2070976 0.0032761 0.0000000 0.2502345 0.7799843 0.2584353 0.3803394 0.3895124 0.3964561 0.6828544 0.8598521 0.8527899 0.8636362 0.8515569 0.8450298 0.8577529 1.1350862 1.1489776 1.1308992 1.1352114 1.1123362 1.1286780 1.1185162 1.1100147 1.1410657 
S0027_G6570_R1_A 0.5745955 0.5766720 0.5751640 0.5735309 0.5854505 0.5512073 0.7467251 0.7295654 0.6774410 0.5201923 0.4987292 0.4999848 0.5142329 0.5367581 0.5331267 0.5235741 0.5313623 0.5437096 0.5209135 0.6548366 0.5163163 0.5206072 0.5517794 0.6320236 0.5478136 0.6184216 0.5168799 0.5267857 0.5203139 0.6029959 0.5509441 0.6347323 0.2206478 0.2433725 0.2324603 0.2475279 0.2502345 0.0000000 0.4321371 0.2154290 0.4111002 0.4663843 0.4789726 0.6720470 0.8679011 0.8676169 0.8854453 0.8874879 0.8597611 0.8902669 1.2282846 1.2622625 1.2331386 1.2100227 1.2233713 1.2274851 1.2427933 1.2366237 1.2731805 
S0027_G6570_R2_A 1.2119982 1.2428712 1.1890282 1.2138310 1.2836769 1.1442503 1.4505546 1.4366072 1.4121203 1.0354744 1.0836170 1.0847894 1.0872736 1.1720181 1.1649242 1.0710808 1.0560130 1.0792676 1.1050777 1.2379447 1.0940280 0.9958097 1.0928557 1.3222479 1.1113114 1.1659830 1.1274163 1.2001368 1.1502558 1.2659971 1.1312269 1.2017515 0.7653879 0.7976772 0.7671731 0.7712955 0.7799843 0.4321371 0.0000000 0.7080137 1.0187625 1.0134945 1.0321830 1.4195952 1.7139741 1.6483220 1.6891225 1.6955991 1.6851697 1.5864163 2.1690910 2.1690566 2.1473857 2.0671328 2.1687784 2.1688390 2.1651769 2.1302964 2.1936570 
S0014_G6570_R1_U 0.5271266 0.5254423 0.5430817 0.5377632 0.5572204 0.5259360 0.6756209 0.6755543 0.6264310 0.4931334 0.4729869 0.4694038 0.4805441 0.4958094 0.4896544 0.5036714 0.4745988 0.4967029 0.5013179 0.6214159 0.4876107 0.5096949 0.5196774 0.5379760 0.5047353 0.5993911 0.4885054 0.4983020 0.5135043 0.5495848 0.5073981 0.6027350 0.2441230 0.2563012 0.2328063 0.2703365 0.2584353 0.2154290 0.7080137 0.0000000 0.4314936 0.5024943 0.5101504 0.6656787 0.8457350 0.8599727 0.8587645 0.8625549 0.8445046 0.8714413 1.3015475 1.3275234 1.2921940 1.2684440 1.2681116 1.2770506 1.2881476 1.3021196 1.3088346 
S0033_G6570_R1_A 0.3905108 0.3878984 0.3891258 0.3879741 0.4227051 0.4010131 0.5412127 0.5354148 0.5217655 0.3541194 0.3320432 0.3499113 0.3573870 0.3669314 0.3651281 0.3896957 0.3891546 0.3802571 0.3666362 0.4802485 0.3615159 0.3666340 0.3930627 0.4462954 0.3908821 0.4133361 0.3385499 0.3789406 0.3730372 0.4189449 0.3781721 0.4475435 0.3484533 0.3852939 0.3482038 0.4014851 0.3803394 0.4111002 1.0187625 0.4314936 0.0000000 0.4856646 0.4929029 0.5631794 0.8717856 0.9122781 0.9183762 0.9234891 0.8811926 0.8669956 1.2489358 1.2529487 1.2400802 1.2510627 1.2135161 1.2228268 1.2454730 1.2569518 1.2812361 
S0039_G6570_R1_A 0.5852408 0.6025411 0.6185912 0.6077137 0.6095134 0.6255659 0.6973535 0.6806142 0.6779309 0.5563701 0.5475298 0.5677383 0.5586896 0.5903156 0.5785777 0.5678852 0.5872880 0.5628948 0.5742523 0.6559338 0.5551826 0.5717257 0.5803832 0.6285605 0.5658064 0.6291287 0.5686292 0.5833830 0.5757400 0.6449248 0.6027924 0.6301877 0.4637249 0.4763060 0.4761080 0.4284293 0.3895124 0.4663843 1.0134945 0.5024943 0.4856646 0.0000000 0.0078300 0.6163361 0.7806180 0.7855019 0.7797239 0.7808235 0.7613793 0.7767791 1.1123327 1.1253798 1.1177448 1.1320643 1.1126642 1.1259945 1.1167682 1.1240491 1.1506883 
S0051_G6570_R1_A 0.5822607 0.6049694 0.6266565 0.6101433 0.6119508 0.6280553 0.7000020 0.6832495 0.6806229 0.5586985 0.5498110 0.5700597 0.5610126 0.5844826 0.5692695 0.5702745 0.5897226 0.5652300 0.5710943 0.6554962 0.5575448 0.5656008 0.5827712 0.6310592 0.5681461 0.6201660 0.5709581 0.5846964 0.5780776 0.6447030 0.6105490 0.6327859 0.4710453 0.4787055 0.4810223 0.4354757 0.3964561 0.4789726 1.0321830 0.5101504 0.4929029 0.0078300 0.0000000 0.6128059 0.7840015 0.7888412 0.7830376 0.7841330 0.7646910 0.7733783 1.1217851 1.1349112 1.1272327 1.1416682 1.1221287 1.1257245 1.1171596 1.1335958 1.1604978 
S0006_G6570_R1_A 0.5938592 0.6143138 0.6027211 0.6054281 0.5997615 0.6204791 0.7423517 0.7397923 0.6885698 0.6035601 0.5790604 0.5848936 0.6012663 0.5874285 0.5937707 0.6071299 0.6131755 0.5833819 0.5792374 0.6243631 0.5805600 0.5842225 0.6047133 0.6669001 0.5782493 0.6494827 0.5849941 0.6160061 0.6042151 0.7095960 0.5885428 0.5773648 0.6929406 0.7124756 0.7410601 0.7041936 0.6828544 0.6720470 1.4195952 0.6656787 0.5631794 0.6163361 0.6128059 0.0000000 0.9784751 0.9814885 0.9912229 0.9709484 0.9651944 1.0012857 1.1313514 1.1219415 1.1230782 1.1110620 1.1090380 1.1171811 1.1005408 1.1394813 1.1504196 
S0025_G6570_R1_A 0.8333958 0.8401847 0.8528496 0.8477927 0.8512213 0.8885088 0.9736326 0.9586071 0.9564975 0.8976463 0.8574999 0.8596175 0.8834048 0.8503632 0.8515613 0.9280260 0.9326887 0.8778435 0.9126828 0.9699641 0.8811195 0.7884876 0.9101859 0.9534766 0.9045180 0.9470802 0.8806799 0.9206304 0.9263712 1.0094739 0.9062876 0.9338355 0.7972829 0.8434121 0.8097449 0.8809428 0.8598521 0.8679011 1.7139741 0.8457350 0.8717856 0.7806180 0.7840015 0.9784751 0.0000000 0.0399216 0.0420991 0.0467581 0.0200070 0.0951378 1.0012789 1.0131992 1.0102154 1.0174636 0.9977670 0.9999843 0.9948330 0.9828884 0.9916271 
S0032_G6570_R2_N 0.8466657 0.8510585 0.8567048 0.8616269 0.8617272 0.8985420 0.9519619 0.9480490 0.9786714 0.9105966 0.8648344 0.8668924 0.8966983 0.8509495 0.8521352 0.9027059 0.9303581 0.8734404 0.9098890 0.9693689 0.8859713 0.7963090 0.9581860 0.9667097 0.8960301 0.9619930 0.8788259 0.9351559 0.9159371 0.9998922 0.9203865 0.9409607 0.8314612 0.8976465 0.8509492 0.8706462 0.8527899 0.8676169 1.6483220 0.8599727 0.9122781 0.7855019 0.7888412 0.9814885 0.0399216 0.0000000 0.0144683 0.0187330 0.0276214 0.0655636 0.9938822 1.0131107 0.9988471 1.0123807 0.9930381 0.9952295 0.9901628 0.9784050 1.0004415 
S0032_G6570_R1_N 0.8380955 0.8424581 0.8453219 0.8566111 0.8562989 0.8866029 0.9299297 0.9258284 0.9552340 0.9026146 0.8533018 0.8554157 0.8887963 0.8423982 0.8403591 0.9034738 0.9270281 0.8670604 0.8980798 0.9683654 0.8741295 0.7914274 0.9467438 0.9649514 0.8895672 0.9564572 0.8709619 0.9192709 0.9041316 0.9905706 0.9187002 0.9483097 0.8303034 0.9042753 0.8533635 0.8813637 0.8636362 0.8854453 1.6891225 0.8587645 0.9183762 0.7797239 0.7830376 0.9912229 0.0420991 0.0144683 0.0000000 0.0144692 0.0275862 0.0666606 1.0209088 1.0405704 1.0259986 1.0397976 1.0200669 1.0222227 1.0170972 1.0052619 1.0277766 
S0024_G6570_R1_A 0.8457986 0.8470771 0.8596542 0.8644375 0.8641372 0.9106568 0.9443375 0.9403687 0.9710130 0.9179775 0.8610577 0.8659889 0.9039578 0.8532407 0.8512307 0.9121130 0.9383977 0.8777519 0.9017270 0.9620729 0.8843688 0.7916736 0.9460017 0.9706681 0.9004421 0.9567957 0.8859893 0.9302226 0.9231952 0.9955947 0.9093607 0.9519650 0.8535674 0.9039058 0.8422326 0.8727893 0.8515569 0.8874879 1.6955991 0.8625549 0.9234891 0.7808235 0.7841330 0.9709484 0.0467581 0.0187330 0.0144692 0.0000000 0.0320601 0.0669113 1.0040105 1.0233355 1.0090053 1.0225921 1.0031701 1.0053410 1.0002693 0.9849669 1.0106625 
S0029_G6570_R1_A 0.8064475 0.8129849 0.8190791 0.8266928 0.8234810 0.8574446 0.9293348 0.9251756 0.9194531 0.8723240 0.8298473 0.8320791 0.8619216 0.8221965 0.8232666 0.8976597 0.8869917 0.8464105 0.8871542 0.9455658 0.8524092 0.7557274 0.8924375 0.9191160 0.8643725 0.9356839 0.8525569 0.8883044 0.8905605 0.9529657 0.8809739 0.9003536 0.7923041 0.8445106 0.8071873 0.8608184 0.8450298 0.8597611 1.6851697 0.8445046 0.8811926 0.7613793 0.7646910 0.9651944 0.0200070 0.0276214 0.0275862 0.0320601 0.0000000 0.0787834 0.9796892 0.9989231 0.9884237 1.0086820 0.9891556 0.9913791 0.9862586 0.9783340 0.9830622 
S0001_G6570_R1_A 0.8066293 0.7998469 0.8258944 0.8237910 0.8319069 0.8540825 0.9249215 0.9213709 0.9286449 0.8837605 0.8446607 0.8462624 0.8807331 0.8161502 0.8171963 0.8873341 0.8923872 0.8607295 0.8838905 0.9649701 0.8589223 0.7701495 0.9037634 0.9221202 0.8752373 0.9314191 0.8616444 0.9115051 0.8868804 0.9982814 0.9108485 0.9040244 0.8135549 0.8759326 0.8421913 0.8749358 0.8577529 0.8902669 1.5864163 0.8714413 0.8669956 0.7767791 0.7733783 1.0012857 0.0951378 0.0655636 0.0666606 0.0669113 0.0787834 0.0000000 1.0396597 1.0555747 1.0364754 1.0662069 1.0503155 1.0479543 1.0471949 1.0166759 1.0539275 
S0043_G6570_R1_N 1.0308446 1.0187962 1.0360736 1.0051427 1.0600233 1.1035439 1.1666099 1.1253112 1.2341079 1.0843661 1.0244102 0.9792322 1.0629550 1.0373532 1.0458586 1.1188284 1.1699713 1.0535001 1.0360643 1.1501999 1.0345174 1.0864275 1.0523513 1.1537175 1.0606546 1.0740900 0.9819702 1.0863713 1.0773797 1.1972078 1.0196983 1.1481257 1.2461597 1.3214475 1.2351567 1.1721970 1.1350862 1.2282846 2.1690910 1.3015475 1.2489358 1.1123327 1.1217851 1.1313514 1.0012789 0.9938822 1.0209088 1.0040105 0.9796892 1.0396597 0.0000000 0.0146854 0.0068090 0.0268791 0.0300761 0.0248454 0.0309884 0.0229876 0.0280711 
S0047_G6570_R1_N 1.0183313 1.0063278 1.0234959 0.9928322 1.0391032 1.0985467 1.1610161 1.1198732 1.2385264 1.0795401 1.0276562 0.9823273 1.0582031 1.0406952 1.0492251 1.1262559 1.1686130 1.0568188 1.0431662 1.1404378 1.0338643 1.0945717 1.0562015 1.1573005 1.0678347 1.0733964 0.9850806 1.0897553 1.0807167 1.2009073 1.0190645 1.1473381 1.2606487 1.3426847 1.2549622 1.1853837 1.1489776 1.2622625 2.1690566 1.3275234 1.2529487 1.1253798 1.1349112 1.1219415 1.0131992 1.0131107 1.0405704 1.0233355 0.9989231 1.0555747 0.0146854 0.0000000 0.0117208 0.0299424 0.0352419 0.0299435 0.0361387 0.0270781 0.0353011 
S0041_G6570_R1_N 1.0315588 1.0195042 1.0367931 1.0058376 1.0607672 1.0998274 1.1674758 1.1261422 1.2350567 1.0851222 1.0251209 0.9798940 1.0636936 1.0380897 1.0466035 1.1155723 1.1617706 1.0542371 1.0289411 1.1420286 1.0309768 1.0872827 1.0530858 1.1458028 1.0614003 1.0793716 0.9826363 1.0871339 1.0743198 1.1890377 1.0126291 1.1433556 1.2373628 1.3176034 1.2361073 1.1636273 1.1308992 1.2331386 2.1473857 1.2921940 1.2400802 1.1177448 1.1272327 1.1230782 1.0102154 0.9988471 1.0259986 1.0090053 0.9884237 1.0364754 0.0068090 0.0117208 0.0000000 0.0238359 0.0270039 0.0218121 0.0299667 0.0219744 0.0270486 
S0040_G6570_R1_N 1.0416805 1.0264348 1.0395026 1.0085875 1.0553540 1.0852272 1.1741315 1.1327628 1.2458247 1.0675023 1.0199803 0.9767117 1.0463953 1.0287782 1.0371927 1.1136598 1.1599972 1.0351637 1.0277896 1.1473278 1.0253723 1.0917323 1.0533674 1.1548912 1.0576758 1.0773962 0.9741596 1.0731857 1.0724457 1.1809392 1.0038387 1.1444937 1.2394884 1.2987788 1.2240574 1.1678168 1.1352114 1.2100227 2.0671328 1.2684440 1.2510627 1.1320643 1.1416682 1.1110620 1.0174636 1.0123807 1.0397976 1.0225921 1.0086820 1.0662069 0.0268791 0.0299424 0.0238359 0.0000000 0.0259927 0.0238457 0.0269081 0.0219826 0.0291114 
S0045_G6570_R2_A 0.9940098 0.9750389 0.9918269 0.9620197 1.0145786 1.0462086 1.1274383 1.0789396 1.1771010 1.0302058 0.9726067 0.9279312 1.0097293 0.9877632 0.9923354 1.0649583 1.1077459 1.0060063 0.9881694 1.1031252 0.9946092 1.0676513 1.0114049 1.1092440 1.0122322 1.0363660 0.9367279 1.0241018 1.0201469 1.1555236 0.9653205 1.1088649 1.2215732 1.2806676 1.2016057 1.1450965 1.1123362 1.2233713 2.1687784 1.2681116 1.2135161 1.1126642 1.1221287 1.1090380 0.9977670 0.9930381 1.0200669 1.0031701 0.9891556 1.0503155 0.0300761 0.0352419 0.0270039 0.0259927 0.0000000 0.0128037 0.0107864 0.0272180 0.0344347 
S0045_G6570_R1_A 1.0095116 0.9904546 1.0073373 0.9772726 1.0383234 1.0625283 1.1340478 1.0938504 1.1959457 1.0460079 0.9845748 0.9499619 1.0253450 0.9922531 1.0003327 1.0736604 1.1147022 1.0051899 0.9958652 1.1115624 0.9974641 1.0777100 1.0298376 1.1144769 1.0207123 1.0485085 0.9482773 1.0399563 1.0395137 1.1608805 0.9771141 1.1104695 1.2419764 1.3021599 1.2220172 1.1612592 1.1286780 1.2274851 2.1688390 1.2770506 1.2228268 1.1259945 1.1257245 1.1171811 0.9999843 0.9952295 1.0222227 1.0053410 0.9913791 1.0479543 0.0248454 0.0299435 0.0218121 0.0238457 0.0128037 0.0000000 0.0177722 0.0219835 0.0291124 
S0044_G6570_R1_N 1.0086586 0.9967715 1.0137388 0.9834875 1.0290629 1.0694186 1.1437422 1.0947206 1.1902798 1.0446985 0.9942458 0.9559191 1.0240166 1.0100906 1.0147849 1.0809242 1.1414776 1.0283174 1.0097446 1.1071867 1.0168044 1.0623292 1.0271413 1.1334935 1.0347258 1.0598585 0.9575017 1.0465886 1.0460871 1.1676524 0.9790885 1.1131091 1.2502290 1.2959427 1.2302089 1.1511335 1.1185162 1.2427933 2.1651769 1.2881476 1.2454730 1.1167682 1.1171596 1.1005408 0.9948330 0.9901628 1.0170972 1.0002693 0.9862586 1.0471949 0.0309884 0.0361387 0.0299667 0.0269081 0.0107864 0.0177722 0.0000000 0.0281404 0.0332645 
S0042_G6570_R1_N 1.0552019 1.0355697 1.0530187 1.0216840 1.0623709 1.1113919 1.1736882 1.1321090 1.2495115 1.0895744 1.0228197 0.9963283 1.0680506 1.0464728 1.0550638 1.1084007 1.1530128 1.0542775 1.0409753 1.1593546 1.0223766 1.0864099 1.0711912 1.1703770 1.0677509 1.0598903 0.9866001 1.0912922 1.0853349 1.1858381 1.0282141 1.1432081 1.2525069 1.2983673 1.2219710 1.1300508 1.1100147 1.2366237 2.1302964 1.3021196 1.2569518 1.1240491 1.1335958 1.1394813 0.9828884 0.9784050 1.0052619 0.9849669 0.9783340 1.0166759 0.0229876 0.0270781 0.0219744 0.0219826 0.0272180 0.0219835 0.0281404 0.0000000 0.0261992 
S0038_G6570_R1_A 1.0634021 1.0587608 1.0583685 1.0370126 1.1023235 1.1294892 1.1951344 1.1486058 1.2611631 1.0975779 1.0447863 1.0144794 1.0758328 1.0625339 1.0712950 1.1550508 1.1895485 1.0789591 1.0606640 1.1501136 1.0521623 1.1311782 1.0764742 1.1816594 1.0923913 1.1079510 1.0047763 1.1036305 1.1026058 1.2079630 1.0264093 1.1526482 1.2786711 1.2965001 1.2577308 1.1863696 1.1410657 1.2731805 2.1936570 1.3088346 1.2812361 1.1506883 1.1604978 1.1504196 0.9916271 1.0004415 1.0277766 1.0106625 0.9830622 1.0539275 0.0280711 0.0353011 0.0270486 0.0291114 0.0344347 0.0291124 0.0332645 0.0261992 0.0000000 
