54
S0013_G6717_R1_A 0.0000000 0.0670417 0.0700569 0.0726400 0.0672611 0.0638001 0.0591046 0.0641376 0.1075399 0.0837476 0.0850518 0.0567830 0.0785139 0.0609893 0.0797765 0.1674444 0.1136307 0.0632668 0.0665985 0.0667020 0.0597663 0.2335269 0.2882941 0.3069144 0.3318883 0.3337876 0.2772439 0.2500414 0.3149847 0.4134952 0.4132609 0.1998918 0.3701659 0.4228809 0.3283300 0.3583713 0.3170586 0.3173336 0.3158533 0.6161812 0.6324933 0.6324933 0.6310280 0.6254277 0.6340882 0.6373529 0.6300830 0.6253237 0.7861441 0.8198750 0.8884938 0.7723775 0.7913924 0.7667340 
S0021_G6717_R2_A 0.0670417 0.0000000 0.0669481 0.0721834 0.0470753 0.0556095 0.0440103 0.0529173 0.1125326 0.0973112 0.0964445 0.0609372 0.0673078 0.0415547 0.0706061 0.1360199 0.1027789 0.0533998 0.0578138 0.0544777 0.0508356 0.2109137 0.2641708 0.2813639 0.2944033 0.2964599 0.2450784 0.2414126 0.2893999 0.3876053 0.3907266 0.1502025 0.3391158 0.4325598 0.2666022 0.2616606 0.3365291 0.3335735 0.3241866 0.5686705 0.5869381 0.5869381 0.5831820 0.5775810 0.5883395 0.5956580 0.5891126 0.5772989 0.7500872 0.8308857 0.8974804 0.7795375 0.7834788 0.7679721 
S0002_G6717_R1_A 0.0700569 0.0669481 0.0000000 0.0653092 0.0622354 0.0647759 0.0563884 0.0528081 0.1090679 0.0949470 0.0941452 0.0667186 0.0660068 0.0625314 0.0753298 0.1596556 0.1155959 0.0634412 0.0613109 0.0678502 0.0631111 0.2246171 0.2708279 0.2848911 0.3024223 0.3043597 0.2604247 0.2525108 0.3030110 0.3761953 0.3853814 0.1704387 0.3514810 0.4409977 0.3120157 0.2881538 0.3283767 0.3274566 0.3292416 0.5929021 0.6085957 0.6085957 0.6104259 0.6015376 0.6117898 0.6196355 0.6126610 0.6033314 0.7816889 0.8922822 0.9307905 0.8247719 0.8416453 0.8089537 
S0011_G6717_R1_A 0.0726400 0.0721834 0.0653092 0.0000000 0.0688727 0.0715267 0.0609891 0.0559321 0.1103065 0.0924205 0.0898055 0.0787547 0.0696182 0.0717003 0.0885845 0.1683537 0.1185421 0.0728486 0.0770728 0.0704154 0.0726206 0.2415547 0.2818844 0.2954040 0.3054988 0.3074494 0.2635162 0.2530413 0.3081686 0.3744084 0.3804498 0.1801352 0.3502218 0.4347435 0.2933320 0.2791027 0.3116855 0.3119837 0.3201257 0.6252921 0.6433936 0.6433936 0.6419313 0.6322016 0.6426093 0.6485297 0.6386348 0.6338650 0.7489856 0.8713514 0.9254760 0.8048359 0.8186231 0.7892757 
S0036_G6717_R1_A 0.0672611 0.0470753 0.0622354 0.0688727 0.0000000 0.0469956 0.0447846 0.0501015 0.1137864 0.0926245 0.0961179 0.0556401 0.0643643 0.0501687 0.0728076 0.1232719 0.0975712 0.0494648 0.0523915 0.0444288 0.0454620 0.1963437 0.2382988 0.2504790 0.2846905 0.2867516 0.2312889 0.2253009 0.2759446 0.3583982 0.3613549 0.1335908 0.3289878 0.4316540 0.2924334 0.2780400 0.3814946 0.3803768 0.3619268 0.5438111 0.5605370 0.5605370 0.5659077 0.5506048 0.5557613 0.5641823 0.5563226 0.5504816 0.7497402 0.8389696 0.8947653 0.7981185 0.8085974 0.7850317 
S0019_G6717_R1_A 0.0638001 0.0556095 0.0647759 0.0715267 0.0469956 0.0000000 0.0526483 0.0555864 0.1209468 0.0984977 0.1021258 0.0607724 0.0656751 0.0583700 0.0786792 0.1307425 0.1006761 0.0526532 0.0563482 0.0360531 0.0518405 0.2096694 0.2615729 0.2667365 0.2946109 0.2967241 0.2485409 0.2311110 0.2849191 0.3543563 0.3573054 0.1429138 0.3125382 0.4307878 0.2926770 0.2765858 0.3786041 0.3773151 0.3571384 0.5552828 0.5767905 0.5767905 0.5717332 0.5666097 0.5696646 0.5782874 0.5703248 0.5663885 0.7775975 0.8582277 0.9027832 0.8175226 0.8196159 0.8000049 
S0028_G6717_R1_A 0.0591046 0.0440103 0.0563884 0.0609891 0.0447846 0.0526483 0.0000000 0.0448020 0.1021553 0.0832372 0.0806559 0.0554209 0.0586120 0.0509369 0.0677317 0.1493867 0.0971370 0.0499545 0.0499304 0.0500814 0.0455840 0.2174228 0.2695346 0.2794138 0.3026513 0.3046129 0.2568929 0.2425576 0.2925324 0.3737872 0.3782821 0.1648518 0.3539408 0.4327099 0.2798369 0.2730550 0.3069822 0.3061190 0.3088817 0.5864714 0.6001447 0.6001447 0.6005946 0.5912357 0.6032421 0.6110463 0.6040613 0.5930734 0.7478727 0.8406893 0.8974077 0.7853529 0.7999137 0.7755797 
S0004_G6717_R1_A 0.0641376 0.0529173 0.0528081 0.0559321 0.0501015 0.0555864 0.0448020 0.0000000 0.0761373 0.0654715 0.0617082 0.0433112 0.0433867 0.0543542 0.0644658 0.2054115 0.0581038 0.0633743 0.0477414 0.0519208 0.0554263 0.2157569 0.2826155 0.2879728 0.3191177 0.3216333 0.2822946 0.2790065 0.3084446 0.3775061 0.3828986 0.2240309 0.4030902 0.4792784 0.2919188 0.3062804 0.2001377 0.1973597 0.2541524 0.5856608 0.5812186 0.5812186 0.5788509 0.5779148 0.5937017 0.5944538 0.5888227 0.5842013 0.6512632 0.7574112 0.8246730 0.6592659 0.7277768 0.7118550 
S0012_G6717_R1_A 0.1075399 0.1125326 0.1090679 0.1103065 0.1137864 0.1209468 0.1021553 0.0761373 0.0000000 0.1009048 0.0985622 0.1091799 0.1172959 0.0977970 0.1221417 0.2357743 0.1636528 0.1213051 0.1152040 0.1129581 0.1151045 0.2440436 0.3098242 0.3370262 0.3452915 0.3472948 0.3038541 0.2635773 0.3456847 0.4179943 0.4177378 0.2417356 0.3983343 0.4310692 0.3497623 0.3742878 0.3487336 0.3568160 0.3646696 0.6369303 0.6515454 0.6504581 0.6518124 0.6402503 0.6465796 0.6544347 0.6433813 0.6383205 0.7784158 0.8783840 0.9646797 0.8603227 0.8809241 0.8580919 
S0050_G6717_R1_A 0.0837476 0.0973112 0.0949470 0.0924205 0.0926245 0.0984977 0.0832372 0.0654715 0.1009048 0.0000000 0.0089931 0.0927185 0.0876031 0.0714541 0.0977242 0.2441471 0.1078779 0.0982426 0.0937756 0.0926569 0.0929720 0.2342406 0.3010632 0.3138333 0.3264784 0.3290733 0.2870177 0.2705811 0.3237752 0.3894075 0.3916297 0.2640341 0.3632244 0.4072040 0.2990203 0.3267943 0.2524925 0.2487653 0.2866548 0.5905532 0.5950773 0.5942916 0.5904978 0.5880995 0.5982864 0.6017166 0.5963532 0.5953470 0.6730395 0.8333399 0.9308918 0.7197990 0.8199176 0.7962021 
S0048_G6717_R1_A 0.0850518 0.0964445 0.0941452 0.0898055 0.0961179 0.1021258 0.0806559 0.0617082 0.0985622 0.0089931 0.0000000 0.0943346 0.0868921 0.0700651 0.0997719 0.2485524 0.1094309 0.1018001 0.0972080 0.0958379 0.0975550 0.2347165 0.3009162 0.3105362 0.3293780 0.3320029 0.2869714 0.2680885 0.3284465 0.3960870 0.3983194 0.2665321 0.3639316 0.4043039 0.3006772 0.3289971 0.2559818 0.2521923 0.2894858 0.5974396 0.6020203 0.6012233 0.5974630 0.5949917 0.6052560 0.6087095 0.6033177 0.5993221 0.6737886 0.8463950 0.9476864 0.7245620 0.8331437 0.8091506 
S0030_G6717_R1_A 0.0567830 0.0609372 0.0667186 0.0787547 0.0556401 0.0607724 0.0554209 0.0433112 0.1091799 0.0927185 0.0943346 0.0000000 0.0633767 0.0604680 0.0768566 0.1385708 0.1022529 0.0594996 0.0499938 0.0655817 0.0578192 0.2244640 0.2649262 0.2706822 0.2950258 0.2971240 0.2539695 0.2395317 0.2934365 0.3830467 0.3879414 0.1526901 0.3316569 0.4285765 0.2912430 0.2814907 0.3677617 0.3665449 0.3651586 0.5710847 0.5877428 0.5877428 0.5858745 0.5802463 0.5855422 0.5963082 0.5847196 0.5799410 0.7847731 0.8444884 0.8904847 0.7934152 0.8046691 0.7782581 
S0016_G6717_R1_A 0.0785139 0.0673078 0.0660068 0.0696182 0.0643643 0.0656751 0.0586120 0.0433867 0.1172959 0.0876031 0.0868921 0.0633767 0.0000000 0.0594680 0.0766628 0.1951015 0.1076406 0.0679273 0.0637003 0.0654787 0.0620845 0.2195835 0.2683734 0.2866703 0.3005144 0.3022248 0.2533507 0.2434059 0.2827461 0.3705888 0.3739486 0.2004569 0.3499153 0.4516631 0.3011955 0.3115554 0.2845969 0.2818156 0.2772386 0.5967547 0.6106266 0.6106266 0.6052404 0.6024586 0.6105069 0.6169077 0.6001792 0.6046125 0.7485905 0.8460522 0.9029225 0.7599540 0.8212236 0.8040121 
S0021_G6717_R1_A 0.0609893 0.0415547 0.0625314 0.0717003 0.0501687 0.0583700 0.0509369 0.0543542 0.0977970 0.0714541 0.0700651 0.0604680 0.0594680 0.0000000 0.0673403 0.1971651 0.0981499 0.0553923 0.0570973 0.0554545 0.0571428 0.2189600 0.2615703 0.2683314 0.2923707 0.2950954 0.2478273 0.2500738 0.2905982 0.3596532 0.3640775 0.2090732 0.3478409 0.4216935 0.2549189 0.2571465 0.2396917 0.2325493 0.2575551 0.5774761 0.5825989 0.5825989 0.5741942 0.5717028 0.5868120 0.5890932 0.5847207 0.5780267 0.6653144 0.8309432 0.9070246 0.7116442 0.7726981 0.7593029 
S0017_G6717_R1_A 0.0797765 0.0706061 0.0753298 0.0885845 0.0728076 0.0786792 0.0677317 0.0644658 0.1221417 0.0977242 0.0997719 0.0768566 0.0766628 0.0673403 0.0000000 0.2049657 0.1177578 0.0737122 0.0750878 0.0736567 0.0738980 0.2425546 0.2894104 0.3060931 0.2968141 0.2985789 0.2821033 0.2693828 0.3182974 0.3901849 0.3971770 0.2205655 0.3622000 0.4444945 0.2954763 0.2989379 0.3003637 0.2974764 0.3065517 0.6374845 0.6474418 0.6474418 0.6482474 0.6431624 0.6486283 0.6603016 0.6538838 0.6446597 0.7597401 0.8612793 0.9021173 0.7416959 0.8179318 0.7901247 
S0031_G6717_R2_A 0.1674444 0.1360199 0.1596556 0.1683537 0.1232719 0.1307425 0.1493867 0.2054115 0.2357743 0.2441471 0.2485524 0.1385708 0.1951015 0.1971651 0.2049657 0.0000000 0.1630208 0.1284468 0.1319329 0.1518771 0.1290545 0.3760833 0.4609057 0.4552621 0.4895352 0.4922407 0.4359613 0.4300627 0.4813147 0.5840271 0.5941560 0.0708472 0.5605714 0.6679915 0.6595117 0.6648930 0.6406309 0.6330978 0.5384443 0.8317170 0.8573098 0.8573098 0.8606032 0.8433643 0.8488735 0.8551845 0.8458421 0.8380812 1.2157337 1.0913132 0.9504970 1.0612776 1.0424335 1.0122091 
S0046_G6717_R1_A 0.1136307 0.1027789 0.1155959 0.1185421 0.0975712 0.1006761 0.0971370 0.0581038 0.1636528 0.1078779 0.1094309 0.1022529 0.1076406 0.0981499 0.1177578 0.1630208 0.0000000 0.0960490 0.1008848 0.0970415 0.0957120 0.2272793 0.2688233 0.2696977 0.3014367 0.3036879 0.2526383 0.2286769 0.2892577 0.3715553 0.3747329 0.1808698 0.3395910 0.4482523 0.3326411 0.3087475 0.4148380 0.4046842 0.4817956 0.6133118 0.6344965 0.6344965 0.6245743 0.6210137 0.6295313 0.6356395 0.6258730 0.6260250 0.7969273 0.8845884 0.9358761 0.8546053 0.8397494 0.8382954 
S0026_G6717_R1_A 0.0632668 0.0533998 0.0634412 0.0728486 0.0494648 0.0526532 0.0499545 0.0633743 0.1213051 0.0982426 0.1018001 0.0594996 0.0679273 0.0553923 0.0737122 0.1284468 0.0960490 0.0000000 0.0541807 0.0549538 0.0461147 0.2103464 0.2589609 0.2687552 0.3026055 0.3047892 0.2417277 0.2365546 0.2872282 0.3651921 0.3633396 0.1440209 0.3270362 0.4254026 0.2870839 0.2801732 0.3802979 0.3781877 0.3545590 0.5811896 0.6013796 0.6013796 0.6061166 0.5906954 0.5963884 0.6075115 0.5972531 0.5903176 0.7896667 0.8466740 0.8992497 0.7946543 0.8091185 0.7904832 
S0022_G6717_R1_A 0.0665985 0.0578138 0.0613109 0.0770728 0.0523915 0.0563482 0.0499304 0.0477414 0.1152040 0.0937756 0.0972080 0.0499938 0.0637003 0.0570973 0.0750878 0.1319329 0.1008848 0.0541807 0.0000000 0.0580297 0.0530149 0.2222659 0.2704715 0.2816266 0.2857130 0.2877461 0.2530446 0.2431181 0.2961334 0.3952434 0.4001709 0.1453301 0.3410357 0.4410859 0.3100715 0.2862229 0.3604491 0.3592971 0.3450343 0.5790578 0.5978107 0.5978107 0.5922992 0.5877045 0.5992034 0.5992006 0.6000603 0.5878685 0.7776937 0.8340726 0.8832744 0.7712005 0.7937873 0.7710804 
S0020_G6717_R1_A 0.0667020 0.0544777 0.0678502 0.0704154 0.0444288 0.0360531 0.0500814 0.0519208 0.1129581 0.0926569 0.0958379 0.0655817 0.0654787 0.0554545 0.0736567 0.1518771 0.0970415 0.0549538 0.0580297 0.0000000 0.0544433 0.2215751 0.2645929 0.2804658 0.3053396 0.3072959 0.2581009 0.2448178 0.2962688 0.3808595 0.3853729 0.1665035 0.3537663 0.4211823 0.2930442 0.2867916 0.3095567 0.3086908 0.3158262 0.5957292 0.6158667 0.6158667 0.6144048 0.6048594 0.6151090 0.6229572 0.6159988 0.6066357 0.7491565 0.8300270 0.8957288 0.7695057 0.7869139 0.7618049 
S0023_G6717_R1_A 0.0597663 0.0508356 0.0631111 0.0726206 0.0454620 0.0518405 0.0455840 0.0554263 0.1151045 0.0929720 0.0975550 0.0578192 0.0620845 0.0571428 0.0738980 0.1290545 0.0957120 0.0461147 0.0530149 0.0544433 0.0000000 0.2124584 0.2598785 0.2752280 0.2984500 0.3006401 0.2493788 0.2317285 0.2948730 0.3788174 0.3820317 0.1407732 0.3393422 0.4409127 0.2800277 0.2675851 0.3750732 0.3714864 0.3471003 0.5758933 0.5910460 0.5910460 0.5907761 0.5853828 0.5858532 0.5999424 0.5866474 0.5843511 0.7722184 0.8698799 0.9000715 0.8100821 0.8121197 0.7888060 
S0033_G6717_R1_A 0.2335269 0.2109137 0.2246171 0.2415547 0.1963437 0.2096694 0.2174228 0.2157569 0.2440436 0.2342406 0.2347165 0.2244640 0.2195835 0.2189600 0.2425546 0.3760833 0.2272793 0.2103464 0.2222659 0.2215751 0.2124584 0.0000000 0.2162197 0.2338039 0.2330902 0.2334125 0.2042807 0.1936507 0.2465728 0.3477144 0.3466977 0.3970229 0.3035012 0.3870242 0.2357624 0.2725797 0.4613642 0.4637831 0.4790926 0.5365938 0.5488530 0.5481140 0.5457965 0.5433284 0.5446599 0.5391738 0.5323379 0.5365841 0.5635709 0.7709704 0.9057534 0.6682154 0.7170589 0.7081617 
S0015_G6717_R1_A 0.2882941 0.2641708 0.2708279 0.2818844 0.2382988 0.2615729 0.2695346 0.2826155 0.3098242 0.3010632 0.3009162 0.2649262 0.2683734 0.2615703 0.2894104 0.4609057 0.2688233 0.2589609 0.2704715 0.2645929 0.2598785 0.2162197 0.0000000 0.0928464 0.1453175 0.1470294 0.1185636 0.1310297 0.1334969 0.3227919 0.3223947 0.4678602 0.3794387 0.4182852 0.2849269 0.3241657 0.5090257 0.5214156 0.5243957 0.5046723 0.5052244 0.5045588 0.4991827 0.4956868 0.5046970 0.5085867 0.5127599 0.5033319 0.5945950 0.7930428 0.9893607 0.7029020 0.7633622 0.7693484 
S0034_G6717_R1_A 0.3069144 0.2813639 0.2848911 0.2954040 0.2504790 0.2667365 0.2794138 0.2879728 0.3370262 0.3138333 0.3105362 0.2706822 0.2866703 0.2683314 0.3060931 0.4552621 0.2696977 0.2687552 0.2816266 0.2804658 0.2752280 0.2338039 0.0928464 0.0000000 0.1411371 0.1428485 0.1317294 0.1475591 0.1387622 0.3304479 0.3335497 0.4639774 0.3886249 0.4080402 0.3138124 0.3435528 0.5288185 0.5449324 0.5539552 0.5229580 0.5218555 0.5211590 0.5189906 0.5137906 0.5173509 0.5290567 0.5268180 0.5226873 0.5725406 0.7697175 0.9098553 0.6699855 0.7101682 0.7341429 
S0009_G6717_R1_A 0.3318883 0.2944033 0.3024223 0.3054988 0.2846905 0.2946109 0.3026513 0.3191177 0.3452915 0.3264784 0.3293780 0.2950258 0.3005144 0.2923707 0.2968141 0.4895352 0.3014367 0.3026055 0.2857130 0.3053396 0.2984500 0.2330902 0.1453175 0.1411371 0.0000000 0.0011160 0.1228934 0.1177643 0.1205532 0.2875521 0.2904603 0.5073663 0.3727517 0.4096775 0.3064133 0.3480444 0.5170649 0.5206201 0.5054755 0.5083970 0.5165294 0.5158367 0.5131960 0.5095792 0.5171697 0.5227659 0.5200075 0.5152092 0.6007439 0.7927593 0.8990841 0.6583207 0.7650326 0.7428828 
S0010_G6717_R1_A 0.3337876 0.2964599 0.3043597 0.3074494 0.2867516 0.2967241 0.3046129 0.3216333 0.3472948 0.3290733 0.3320029 0.2971240 0.3022248 0.2950954 0.2985789 0.4922407 0.3036879 0.3047892 0.2877461 0.3072959 0.3006401 0.2334125 0.1470294 0.1428485 0.0011160 0.0000000 0.1245218 0.1194853 0.1221536 0.2899297 0.2928414 0.5101753 0.3733630 0.4115856 0.3051226 0.3466975 0.5187214 0.5222823 0.5073955 0.5107066 0.5188852 0.5181880 0.5155443 0.5118977 0.5195197 0.5251328 0.5223666 0.5175403 0.6028957 0.7927593 0.9026336 0.6620622 0.7673407 0.7451156 
S0008_G6717_R1_U 0.2772439 0.2450784 0.2604247 0.2635162 0.2312889 0.2485409 0.2568929 0.2822946 0.3038541 0.2870177 0.2869714 0.2539695 0.2533507 0.2478273 0.2821033 0.4359613 0.2526383 0.2417277 0.2530446 0.2581009 0.2493788 0.2042807 0.1185636 0.1317294 0.1228934 0.1245218 0.0000000 0.1146439 0.1102534 0.3236853 0.3265132 0.4507041 0.3840395 0.4329666 0.2918831 0.3458627 0.5174991 0.5234670 0.5189368 0.5171087 0.5238029 0.5231131 0.5164899 0.5069338 0.5167520 0.5119634 0.5165356 0.5169640 0.5888453 0.7803465 0.9251421 0.6742657 0.7381066 0.7304350 
S0027_G6717_R1_A 0.2500414 0.2414126 0.2525108 0.2530413 0.2253009 0.2311110 0.2425576 0.2790065 0.2635773 0.2705811 0.2680885 0.2395317 0.2434059 0.2500738 0.2693828 0.4300627 0.2286769 0.2365546 0.2431181 0.2448178 0.2317285 0.1936507 0.1310297 0.1475591 0.1177643 0.1194853 0.1146439 0.0000000 0.0967979 0.2653253 0.2654359 0.4406280 0.3530174 0.3973050 0.3013725 0.3471679 0.5154347 0.5161696 0.5123622 0.4801622 0.4856230 0.4849547 0.4784103 0.4728378 0.4819824 0.4776527 0.4818066 0.4816026 0.5853426 0.7828566 0.8967615 0.6627152 0.7346777 0.7179900 
S0014_G6717_R1_A 0.3149847 0.2893999 0.3030110 0.3081686 0.2759446 0.2849191 0.2925324 0.3084446 0.3456847 0.3237752 0.3284465 0.2934365 0.2827461 0.2905982 0.3182974 0.4813147 0.2892577 0.2872282 0.2961334 0.2962688 0.2948730 0.2465728 0.1334969 0.1387622 0.1205532 0.1221536 0.1102534 0.0967979 0.0000000 0.3262971 0.3242545 0.4909151 0.3915021 0.4169307 0.3251822 0.3589538 0.5337860 0.5359910 0.5455721 0.5342723 0.5378524 0.5371437 0.5321722 0.5295156 0.5349360 0.5300227 0.5388284 0.5383325 0.6012506 0.8128622 0.9444308 0.6958567 0.7769606 0.7741359 
S0039_G6717_R1_A 0.4134952 0.3876053 0.3761953 0.3744084 0.3583982 0.3543563 0.3737872 0.3775061 0.4179943 0.3894075 0.3960870 0.3830467 0.3705888 0.3596532 0.3901849 0.5840271 0.3715553 0.3651921 0.3952434 0.3808595 0.3788174 0.3477144 0.3227919 0.3304479 0.2875521 0.2899297 0.3236853 0.2653253 0.3262971 0.0000000 0.0055964 0.6020428 0.3704847 0.5243567 0.4216072 0.4342661 0.5933161 0.6029881 0.5986287 0.5962930 0.6002816 0.6002816 0.5967958 0.6025537 0.6062509 0.6181859 0.6012578 0.6057688 0.6242064 0.8958355 1.0192288 0.7864464 0.8829241 0.8741757 
S0051_G6717_R1_A 0.4132609 0.3907266 0.3853814 0.3804498 0.3613549 0.3573054 0.3782821 0.3828986 0.4177378 0.3916297 0.3983194 0.3879414 0.3739486 0.3640775 0.3971770 0.5941560 0.3747329 0.3633396 0.4001709 0.3853729 0.3820317 0.3466977 0.3223947 0.3335497 0.2904603 0.2928414 0.3265132 0.2654359 0.3242545 0.0055964 0.0000000 0.6063183 0.3704638 0.5215555 0.4301023 0.4426299 0.5983689 0.6081134 0.5986955 0.5929741 0.5969151 0.5969151 0.5957474 0.5991783 0.6028253 0.6146495 0.5978917 0.6023702 0.6254886 0.8984875 1.0395764 0.7987102 0.8903594 0.8815978 
S0018_G6717_R2_A 0.1998918 0.1502025 0.1704387 0.1801352 0.1335908 0.1429138 0.1648518 0.2240309 0.2417356 0.2640341 0.2665321 0.1526901 0.2004569 0.2090732 0.2205655 0.0708472 0.1808698 0.1440209 0.1453301 0.1665035 0.1407732 0.3970229 0.4678602 0.4639774 0.5073663 0.5101753 0.4507041 0.4406280 0.4909151 0.6020428 0.6063183 0.0000000 0.5665205 0.6567733 0.6819629 0.6976803 0.6834904 0.6722277 0.5525963 0.8383987 0.8681062 0.8681062 0.8604288 0.8549744 0.8605733 0.8735321 0.8613965 0.8526524 1.2279167 1.0521475 0.9325092 1.0508643 1.0369630 1.0016752 
S0006_G6717_R1_A 0.3701659 0.3391158 0.3514810 0.3502218 0.3289878 0.3125382 0.3539408 0.4030902 0.3983343 0.3632244 0.3639316 0.3316569 0.3499153 0.3478409 0.3622000 0.5605714 0.3395910 0.3270362 0.3410357 0.3537663 0.3393422 0.3035012 0.3794387 0.3886249 0.3727517 0.3733630 0.3840395 0.3530174 0.3915021 0.3704847 0.3704638 0.5665205 0.0000000 0.4845144 0.4147309 0.4340222 0.6233854 0.6283904 0.5951453 0.5978661 0.6039387 0.6059534 0.5919415 0.6017104 0.6058724 0.6067526 0.6025174 0.5957040 0.6122909 0.7433411 0.8951752 0.6509552 0.7422936 0.7305706 
S0049_G6717_R1_A 0.4228809 0.4325598 0.4409977 0.4347435 0.4316540 0.4307878 0.4327099 0.4792784 0.4310692 0.4072040 0.4043039 0.4285765 0.4516631 0.4216935 0.4444945 0.6679915 0.4482523 0.4254026 0.4410859 0.4211823 0.4409127 0.3870242 0.4182852 0.4080402 0.4096775 0.4115856 0.4329666 0.3973050 0.4169307 0.5243567 0.5215555 0.6567733 0.4845144 0.0000000 0.4411501 0.4551983 0.6372522 0.6372648 0.6330461 0.5216601 0.5214348 0.5214348 0.5243853 0.5155271 0.5228795 0.5333278 0.5234418 0.5232756 0.5846067 0.6498586 0.7972098 0.5871401 0.6742256 0.6483226 
S0005_G6717_R1_A 0.3283300 0.2666022 0.3120157 0.2933320 0.2924334 0.2926770 0.2798369 0.2919188 0.3497623 0.2990203 0.3006772 0.2912430 0.3011955 0.2549189 0.2954763 0.6595117 0.3326411 0.2870839 0.3100715 0.2930442 0.2800277 0.2357624 0.2849269 0.3138124 0.3064133 0.3051226 0.2918831 0.3013725 0.3251822 0.4216072 0.4301023 0.6819629 0.4147309 0.4411501 0.0000000 0.1602958 0.2388298 0.2329438 0.2412869 0.5960838 0.5928485 0.5951237 0.6018946 0.5932764 0.6082178 0.6065374 0.5966027 0.5975378 0.4230194 0.4733516 0.4782006 0.4356991 0.4624269 0.4559997 
S0035_G6717_R1_A 0.3583713 0.2616606 0.2881538 0.2791027 0.2780400 0.2765858 0.2730550 0.3062804 0.3742878 0.3267943 0.3289971 0.2814907 0.3115554 0.2571465 0.2989379 0.6648930 0.3087475 0.2801732 0.2862229 0.2867916 0.2675851 0.2725797 0.3241657 0.3435528 0.3480444 0.3466975 0.3458627 0.3471679 0.3589538 0.4342661 0.4426299 0.6976803 0.4340222 0.4551983 0.1602958 0.0000000 0.2546090 0.2523025 0.2444594 0.5788323 0.5807537 0.5818842 0.5835378 0.5796245 0.5868036 0.5821129 0.5802443 0.5860476 0.4733926 0.5044605 0.5124265 0.4632097 0.4955353 0.4861481 
S0018_G6717_R1_A 0.3170586 0.3365291 0.3283767 0.3116855 0.3814946 0.3786041 0.3069822 0.2001377 0.3487336 0.2524925 0.2559818 0.3677617 0.2845969 0.2396917 0.3003637 0.6406309 0.4148380 0.3802979 0.3604491 0.3095567 0.3750732 0.4613642 0.5090257 0.5288185 0.5170649 0.5187214 0.5174991 0.5154347 0.5337860 0.5933161 0.5983689 0.6834904 0.6233854 0.6372522 0.2388298 0.2546090 0.0000000 0.0207349 0.0577130 0.7671151 0.7558242 0.7558242 0.7455848 0.7534592 0.7664172 0.7634276 0.7609061 0.7554619 0.5633251 0.5661756 0.5944096 0.5428786 0.5784096 0.5555163 
S0031_G6717_R1_A 0.3173336 0.3335735 0.3274566 0.3119837 0.3803768 0.3773151 0.3061190 0.1973597 0.3568160 0.2487653 0.2521923 0.3665449 0.2818156 0.2325493 0.2974764 0.6330978 0.4046842 0.3781877 0.3592971 0.3086908 0.3714864 0.4637831 0.5214156 0.5449324 0.5206201 0.5222823 0.5234670 0.5161696 0.5359910 0.6029881 0.6081134 0.6722277 0.6283904 0.6372648 0.2329438 0.2523025 0.0207349 0.0000000 0.0544619 0.7741481 0.7627584 0.7627584 0.7509795 0.7606738 0.7761050 0.7730575 0.7681876 0.7681158 0.5565367 0.5814418 0.6011230 0.5520824 0.5909522 0.5686334 
S0037_G6717_R1_A 0.3158533 0.3241866 0.3292416 0.3201257 0.3619268 0.3571384 0.3088817 0.2541524 0.3646696 0.2866548 0.2894858 0.3651586 0.2772386 0.2575551 0.3065517 0.5384443 0.4817956 0.3545590 0.3450343 0.3158262 0.3471003 0.4790926 0.5243957 0.5539552 0.5054755 0.5073955 0.5189368 0.5123622 0.5455721 0.5986287 0.5986955 0.5525963 0.5951453 0.6330461 0.2412869 0.2444594 0.0577130 0.0544619 0.0000000 0.7916853 0.7906050 0.7906050 0.7804962 0.7842434 0.7973109 0.7938579 0.7830275 0.7874005 0.5564596 0.6301668 0.6636607 0.5911048 0.6401743 0.6105342 
S0042_G6717_R1_N 0.6161812 0.5686705 0.5929021 0.6252921 0.5438111 0.5552828 0.5864714 0.5856608 0.6369303 0.5905532 0.5974396 0.5710847 0.5967547 0.5774761 0.6374845 0.8317170 0.6133118 0.5811896 0.5790578 0.5957292 0.5758933 0.5365938 0.5046723 0.5229580 0.5083970 0.5107066 0.5171087 0.4801622 0.5342723 0.5962930 0.5929741 0.8383987 0.5978661 0.5216601 0.5960838 0.5788323 0.7671151 0.7741481 0.7916853 0.0000000 0.0166479 0.0166349 0.0168147 0.0141840 0.0184434 0.0209053 0.0197300 0.0202250 0.6150771 0.9874570 1.0964206 0.8596081 0.9837851 0.9567251 
S0044_G6717_R1_N 0.6324933 0.5869381 0.6085957 0.6433936 0.5605370 0.5767905 0.6001447 0.5812186 0.6515454 0.5950773 0.6020203 0.5877428 0.6106266 0.5825989 0.6474418 0.8573098 0.6344965 0.6013796 0.5978107 0.6158667 0.5910460 0.5488530 0.5052244 0.5218555 0.5165294 0.5188852 0.5238029 0.4856230 0.5378524 0.6002816 0.5969151 0.8681062 0.6039387 0.5214348 0.5928485 0.5807537 0.7558242 0.7627584 0.7906050 0.0166479 0.0000000 0.0000010 0.0113561 0.0130063 0.0190836 0.0246164 0.0228190 0.0196646 0.6077839 0.9765608 1.0787017 0.8538632 0.9731280 0.9464069 
S0045_G6717_R1_A 0.6324933 0.5869381 0.6085957 0.6433936 0.5605370 0.5767905 0.6001447 0.5812186 0.6504581 0.5942916 0.6012233 0.5877428 0.6106266 0.5825989 0.6474418 0.8573098 0.6344965 0.6013796 0.5978107 0.6158667 0.5910460 0.5481140 0.5045588 0.5211590 0.5158367 0.5181880 0.5231131 0.4849547 0.5371437 0.6002816 0.5969151 0.8681062 0.6059534 0.5214348 0.5951237 0.5818842 0.7558242 0.7627584 0.7906050 0.0166349 0.0000010 0.0000000 0.0113472 0.0129962 0.0190686 0.0245969 0.0228009 0.0196491 0.6077839 0.9765608 1.0787017 0.8538632 0.9731280 0.9464069 
S0045_G6717_R2_A 0.6310280 0.5831820 0.6104259 0.6419313 0.5659077 0.5717332 0.6005946 0.5788509 0.6518124 0.5904978 0.5974630 0.5858745 0.6052404 0.5741942 0.6482474 0.8606032 0.6245743 0.6061166 0.5922992 0.6144048 0.5907761 0.5457965 0.4991827 0.5189906 0.5131960 0.5155443 0.5164899 0.4784103 0.5321722 0.5967958 0.5957474 0.8604288 0.5919415 0.5243853 0.6018946 0.5835378 0.7455848 0.7509795 0.7804962 0.0168147 0.0113561 0.0113472 0.0000000 0.0125408 0.0192924 0.0236455 0.0230704 0.0217163 0.6119234 0.9555419 1.0609924 0.8391430 0.9339124 0.9138700 
S0040_G6717_R1_N 0.6254277 0.5775810 0.6015376 0.6322016 0.5506048 0.5666097 0.5912357 0.5779148 0.6402503 0.5880995 0.5949917 0.5802463 0.6024586 0.5717028 0.6431624 0.8433643 0.6210137 0.5906954 0.5877045 0.6048594 0.5853828 0.5433284 0.4956868 0.5137906 0.5095792 0.5118977 0.5069338 0.4728378 0.5295156 0.6025537 0.5991783 0.8549744 0.6017104 0.5155271 0.5932764 0.5796245 0.7534592 0.7606738 0.7842434 0.0141840 0.0130063 0.0129962 0.0125408 0.0000000 0.0141852 0.0178169 0.0172459 0.0135643 0.6089226 0.9858851 1.0980113 0.8624360 0.9851829 0.9581421 
S0041_G6717_R1_N 0.6340882 0.5883395 0.6117898 0.6426093 0.5557613 0.5696646 0.6032421 0.5937017 0.6465796 0.5982864 0.6052560 0.5855422 0.6105069 0.5868120 0.6486283 0.8488735 0.6295313 0.5963884 0.5992034 0.6151090 0.5858532 0.5446599 0.5046970 0.5173509 0.5171697 0.5195197 0.5167520 0.4819824 0.5349360 0.6062509 0.6028253 0.8605733 0.6058724 0.5228795 0.6082178 0.5868036 0.7664172 0.7761050 0.7973109 0.0184434 0.0190836 0.0190686 0.0192924 0.0141852 0.0000000 0.0118347 0.0100612 0.0159982 0.6091294 0.9914380 1.0956853 0.8648372 0.9842500 0.9634009 
S0047_G6717_R1_N 0.6373529 0.5956580 0.6196355 0.6485297 0.5641823 0.5782874 0.6110463 0.5944538 0.6544347 0.6017166 0.6087095 0.5963082 0.6169077 0.5890932 0.6603016 0.8551845 0.6356395 0.6075115 0.5992006 0.6229572 0.5999424 0.5391738 0.5085867 0.5290567 0.5227659 0.5251328 0.5119634 0.4776527 0.5300227 0.6181859 0.6146495 0.8735321 0.6067526 0.5333278 0.6065374 0.5821129 0.7634276 0.7730575 0.7938579 0.0209053 0.0246164 0.0245969 0.0236455 0.0178169 0.0118347 0.0000000 0.0100696 0.0208629 0.6045479 1.0005195 1.1023403 0.8756051 0.9932544 0.9722960 
S0043_G6717_R1_N 0.6300830 0.5891126 0.6126610 0.6386348 0.5563226 0.5703248 0.6040613 0.5888227 0.6433813 0.5963532 0.6033177 0.5847196 0.6001792 0.5847207 0.6538838 0.8458421 0.6258730 0.5972531 0.6000603 0.6159988 0.5866474 0.5323379 0.5127599 0.5268180 0.5200075 0.5223666 0.5165356 0.4818066 0.5388284 0.6012578 0.5978917 0.8613965 0.6025174 0.5234418 0.5966027 0.5802443 0.7609061 0.7681876 0.7830275 0.0197300 0.0228190 0.0228009 0.0230704 0.0172459 0.0100612 0.0100696 0.0000000 0.0190778 0.6067241 0.9828926 1.0924955 0.8572795 0.9758004 0.9552037 
S0038_G6717_R1_A 0.6253237 0.5772989 0.6033314 0.6338650 0.5504816 0.5663885 0.5930734 0.5842013 0.6383205 0.5953470 0.5993221 0.5799410 0.6046125 0.5780267 0.6446597 0.8380812 0.6260250 0.5903176 0.5878685 0.6066357 0.5843511 0.5365841 0.5033319 0.5226873 0.5152092 0.5175403 0.5169640 0.4816026 0.5383325 0.6057688 0.6023702 0.8526524 0.5957040 0.5232756 0.5975378 0.5860476 0.7554619 0.7681158 0.7874005 0.0202250 0.0196646 0.0196491 0.0217163 0.0135643 0.0159982 0.0208629 0.0190778 0.0000000 0.6212971 0.9883824 1.0902483 0.8549019 0.9750397 0.9419093 
S0003_G6717_R1_N 0.7861441 0.7500872 0.7816889 0.7489856 0.7497402 0.7775975 0.7478727 0.6512632 0.7784158 0.6730395 0.6737886 0.7847731 0.7485905 0.6653144 0.7597401 1.2157337 0.7969273 0.7896667 0.7776937 0.7491565 0.7722184 0.5635709 0.5945950 0.5725406 0.6007439 0.6028957 0.5888453 0.5853426 0.6012506 0.6242064 0.6254886 1.2279167 0.6122909 0.5846067 0.4230194 0.4733926 0.5633251 0.5565367 0.5564596 0.6150771 0.6077839 0.6077839 0.6119234 0.6089226 0.6091294 0.6045479 0.6067241 0.6212971 0.0000000 0.5324327 0.6111134 0.5510105 0.5679645 0.5591253 
S0001_G6717_R1_A 0.8198750 0.8308857 0.8922822 0.8713514 0.8389696 0.8582277 0.8406893 0.7574112 0.8783840 0.8333399 0.8463950 0.8444884 0.8460522 0.8309432 0.8612793 1.0913132 0.8845884 0.8466740 0.8340726 0.8300270 0.8698799 0.7709704 0.7930428 0.7697175 0.7927593 0.7927593 0.7803465 0.7828566 0.8128622 0.8958355 0.8984875 1.0521475 0.7433411 0.6498586 0.4733516 0.5044605 0.5661756 0.5814418 0.6301668 0.9874570 0.9765608 0.9765608 0.9555419 0.9858851 0.9914380 1.0005195 0.9828926 0.9883824 0.5324327 0.0000000 0.1097463 0.0888913 0.1220081 0.1008369 
S0024_G6717_R1_A 0.8884938 0.8974804 0.9307905 0.9254760 0.8947653 0.9027832 0.8974077 0.8246730 0.9646797 0.9308918 0.9476864 0.8904847 0.9029225 0.9070246 0.9021173 0.9504970 0.9358761 0.8992497 0.8832744 0.8957288 0.9000715 0.9057534 0.9893607 0.9098553 0.8990841 0.9026336 0.9251421 0.8967615 0.9444308 1.0192288 1.0395764 0.9325092 0.8951752 0.7972098 0.4782006 0.5124265 0.5944096 0.6011230 0.6636607 1.0964206 1.0787017 1.0787017 1.0609924 1.0980113 1.0956853 1.1023403 1.0924955 1.0902483 0.6111134 0.1097463 0.0000000 0.0143663 0.0737771 0.0516908 
S0032_G6717_R1_N 0.7723775 0.7795375 0.8247719 0.8048359 0.7981185 0.8175226 0.7853529 0.6592659 0.8603227 0.7197990 0.7245620 0.7934152 0.7599540 0.7116442 0.7416959 1.0612776 0.8546053 0.7946543 0.7712005 0.7695057 0.8100821 0.6682154 0.7029020 0.6699855 0.6583207 0.6620622 0.6742657 0.6627152 0.6958567 0.7864464 0.7987102 1.0508643 0.6509552 0.5871401 0.4356991 0.4632097 0.5428786 0.5520824 0.5911048 0.8596081 0.8538632 0.8538632 0.8391430 0.8624360 0.8648372 0.8756051 0.8572795 0.8549019 0.5510105 0.0888913 0.0143663 0.0000000 0.0611847 0.0394597 
S0025_G6717_R1_A 0.7913924 0.7834788 0.8416453 0.8186231 0.8085974 0.8196159 0.7999137 0.7277768 0.8809241 0.8199176 0.8331437 0.8046691 0.8212236 0.7726981 0.8179318 1.0424335 0.8397494 0.8091185 0.7937873 0.7869139 0.8121197 0.7170589 0.7633622 0.7101682 0.7650326 0.7673407 0.7381066 0.7346777 0.7769606 0.8829241 0.8903594 1.0369630 0.7422936 0.6742256 0.4624269 0.4955353 0.5784096 0.5909522 0.6401743 0.9837851 0.9731280 0.9731280 0.9339124 0.9851829 0.9842500 0.9932544 0.9758004 0.9750397 0.5679645 0.1220081 0.0737771 0.0611847 0.0000000 0.0305319 
S0029_G6717_R1_A 0.7667340 0.7679721 0.8089537 0.7892757 0.7850317 0.8000049 0.7755797 0.7118550 0.8580919 0.7962021 0.8091506 0.7782581 0.8040121 0.7593029 0.7901247 1.0122091 0.8382954 0.7904832 0.7710804 0.7618049 0.7888060 0.7081617 0.7693484 0.7341429 0.7428828 0.7451156 0.7304350 0.7179900 0.7741359 0.8741757 0.8815978 1.0016752 0.7305706 0.6483226 0.4559997 0.4861481 0.5555163 0.5686334 0.6105342 0.9567251 0.9464069 0.9464069 0.9138700 0.9581421 0.9634009 0.9722960 0.9552037 0.9419093 0.5591253 0.1008369 0.0516908 0.0394597 0.0305319 0.0000000 
