51
S0050_G6779_R1_A 0.0000000 0.1094965 0.1055432 0.1007304 0.1201937 0.1163483 0.1123450 0.1328705 0.1459804 0.1221964 0.1335212 0.1192909 0.1159840 0.1243452 0.0997692 0.0436447 0.1133799 0.2482651 0.1431977 0.1297570 0.1239218 0.3626531 0.3599715 0.3163191 0.3065491 0.3394015 0.3146378 0.3278698 0.4809415 0.4151677 0.1592944 0.5525692 0.2879086 0.2042614 0.8158260 0.6796342 0.6814730 0.6605910 0.6788846 0.6722102 0.6856495 0.8246226 0.5857929 0.5722137 0.5849362 0.5870695 0.5759447 0.5725598 0.5848423 0.5737465 0.5645353 
S0002_G6779_R1_A 0.1094965 0.0000000 0.0649588 0.0589788 0.0806145 0.0740148 0.0768589 0.0825545 0.0991098 0.0725435 0.0853465 0.0774246 0.0709268 0.0812730 0.0814427 0.0989744 0.0726192 0.2067950 0.0890331 0.0824871 0.0790192 0.3189449 0.3178577 0.2937917 0.3006461 0.3247822 0.2974124 0.3134838 0.4534704 0.4036136 0.1263825 0.5297619 0.2233134 0.1552176 0.7833838 0.6269089 0.6328023 0.6076363 0.6318699 0.6229636 0.6433013 0.8155583 0.5583736 0.5460561 0.5546665 0.5567414 0.5492876 0.5449757 0.5513644 0.5459088 0.5351021 
S0020_G6779_R1_A 0.1055432 0.0649588 0.0000000 0.0421480 0.0773349 0.0751427 0.0744412 0.0855846 0.0923263 0.0712373 0.0864688 0.0750610 0.0733190 0.0817231 0.0794915 0.0972871 0.0567907 0.1968254 0.0899402 0.0808248 0.0781437 0.3050690 0.3049507 0.2735418 0.2761488 0.2994791 0.2791524 0.2957162 0.4432901 0.3917193 0.1261597 0.4873492 0.2397716 0.1570761 0.7291418 0.6353231 0.6328577 0.6116454 0.6272837 0.6256883 0.6301518 0.7630313 0.5381669 0.5335082 0.5401592 0.5422585 0.5367620 0.5365337 0.5456531 0.5374974 0.5341441 
S0019_G6779_R1_A 0.1007304 0.0589788 0.0421480 0.0000000 0.0760196 0.0736501 0.0778265 0.0783373 0.0912129 0.0699580 0.0826341 0.0811225 0.0692195 0.0773634 0.0775900 0.1002138 0.0490649 0.1970420 0.0876366 0.0794011 0.0783017 0.3115446 0.3101127 0.2889079 0.2938730 0.3121145 0.2787011 0.2997055 0.4478759 0.4026155 0.1213035 0.4996515 0.2239418 0.1432817 0.7572777 0.6461135 0.6495210 0.6278007 0.6478200 0.6411458 0.6530906 0.8267379 0.5487210 0.5421261 0.5487640 0.5508653 0.5453986 0.5430088 0.5506535 0.5398752 0.5368793 
S0028_G6779_R1_A 0.1201937 0.0806145 0.0773349 0.0760196 0.0000000 0.0540649 0.0782215 0.0837604 0.0974065 0.0719279 0.0829501 0.0771481 0.0697535 0.0649344 0.0962124 0.1094953 0.0941088 0.1822495 0.0867055 0.0800366 0.0672852 0.3051798 0.3040231 0.2509006 0.2827687 0.2894584 0.2742976 0.2967579 0.4779046 0.4033340 0.1279129 0.4935236 0.2132301 0.1417751 0.6939470 0.6270240 0.6329684 0.6109570 0.6204076 0.6311155 0.6654806 0.7621815 0.5607026 0.5424694 0.5491838 0.5513094 0.5441112 0.5412675 0.5578768 0.5479543 0.5355403 
S0021_G6779_R2_A 0.1163483 0.0740148 0.0751427 0.0736501 0.0540649 0.0000000 0.0638889 0.0794925 0.0984631 0.0708679 0.0773716 0.0835850 0.0626995 0.0342406 0.0890763 0.1022248 0.0833337 0.1833071 0.0882214 0.0787499 0.0559292 0.3053321 0.3054979 0.2800462 0.2927937 0.2976186 0.2845194 0.3058011 0.4832299 0.4139566 0.1220349 0.4989455 0.2258132 0.1499911 0.7422595 0.6109947 0.6141393 0.5927434 0.6128503 0.6140819 0.6440142 0.8112834 0.5372528 0.5181045 0.5244781 0.5264786 0.5215368 0.5187908 0.5352183 0.5199728 0.5118443 
S0026_G6779_R1_A 0.1123450 0.0768589 0.0744412 0.0778265 0.0782215 0.0638889 0.0000000 0.0881483 0.1073368 0.0801767 0.0876004 0.0791970 0.0772800 0.0669815 0.0876810 0.1059855 0.0821530 0.1985255 0.0999929 0.0896869 0.0728795 0.3126499 0.3141837 0.2848576 0.2976523 0.3115267 0.2922836 0.3048538 0.4905559 0.4203833 0.1338306 0.5119633 0.2423606 0.1605972 0.7543705 0.6111489 0.6126496 0.5936293 0.6180936 0.6090457 0.6260933 0.7962151 0.5508872 0.5432851 0.5478306 0.5498843 0.5464913 0.5423776 0.5458078 0.5413603 0.5323658 
S0004_G6779_R1_A 0.1328705 0.0825545 0.0855846 0.0783373 0.0837604 0.0794925 0.0881483 0.0000000 0.0945081 0.0704723 0.0895442 0.0939081 0.0790489 0.0804467 0.0933973 0.1214635 0.0848547 0.2113107 0.0852213 0.0760036 0.0772728 0.3215440 0.3217761 0.2982281 0.3101349 0.3196097 0.3075383 0.3328496 0.4958509 0.4230204 0.1387572 0.4800739 0.2284007 0.1522961 0.7960892 0.6062944 0.6094481 0.5851503 0.6170512 0.6097740 0.6232664 0.7924210 0.5695790 0.5529913 0.5595972 0.5616962 0.5562796 0.5538356 0.5666643 0.5549525 0.5503632 
S0037_G6779_R1_A 0.1459804 0.0991098 0.0923263 0.0912129 0.0974065 0.0984631 0.1073368 0.0945081 0.0000000 0.0858294 0.1126966 0.1047552 0.0994219 0.1066975 0.1111447 0.1320896 0.1047501 0.2360322 0.0966849 0.0858996 0.1034818 0.3154310 0.3156357 0.2978722 0.3113432 0.3272993 0.3039186 0.3245450 0.4523801 0.3863765 0.1512710 0.5425765 0.2453144 0.1702070 0.7827333 0.6057081 0.6088089 0.5845846 0.6110344 0.6189736 0.6423205 0.7862453 0.5484929 0.5351882 0.5376524 0.5396617 0.5367110 0.5301024 0.5406156 0.5306437 0.5213398 
S0016_G6779_R1_A 0.1221964 0.0725435 0.0712373 0.0699580 0.0719279 0.0708679 0.0801767 0.0704723 0.0858294 0.0000000 0.0746572 0.0743790 0.0672362 0.0741523 0.0837706 0.1109006 0.0802050 0.2043689 0.0808147 0.0709456 0.0722397 0.3173597 0.3175732 0.2844622 0.2985827 0.3125542 0.2798964 0.3135929 0.4754786 0.4143852 0.1245005 0.4959689 0.2206678 0.1509127 0.7821522 0.6009513 0.6011706 0.5773498 0.6076226 0.6031300 0.6271487 0.7965065 0.5573223 0.5378053 0.5442465 0.5462823 0.5409683 0.5346085 0.5426840 0.5317611 0.5347116 
S0022_G6779_R1_A 0.1335212 0.0853465 0.0864688 0.0826341 0.0829501 0.0773716 0.0876004 0.0895442 0.1126966 0.0746572 0.0000000 0.0841627 0.0772186 0.0819325 0.1001383 0.1206705 0.0927849 0.2159600 0.0967992 0.0902169 0.0823084 0.3259082 0.3242690 0.3013663 0.3107633 0.3268398 0.3001786 0.3269478 0.4983281 0.4224893 0.1376494 0.5267406 0.2490733 0.1671490 0.7755571 0.5908140 0.5964881 0.5699812 0.6013094 0.5968855 0.6216075 0.8077527 0.5541375 0.5403368 0.5509055 0.5529792 0.5435501 0.5392366 0.5520476 0.5363358 0.5331922 
S0017_G6779_R1_A 0.1192909 0.0774246 0.0750610 0.0811225 0.0771481 0.0835850 0.0791970 0.0939081 0.1047552 0.0743790 0.0841627 0.0000000 0.0832938 0.0850337 0.0890577 0.1218735 0.0819214 0.2020801 0.1042246 0.0956840 0.0821892 0.3024195 0.3020863 0.2850973 0.2849119 0.3146095 0.2557351 0.2877924 0.4203217 0.4251239 0.1511041 0.4007197 0.2972808 0.1982041 0.7431579 0.5432506 0.5600319 0.5299829 0.5298586 0.5184963 0.5564440 0.6809305 0.4849204 0.4806807 0.4929426 0.4956481 0.4807650 0.4809463 0.4894272 0.4855420 0.4739570 
S0046_G6779_R1_A 0.1159840 0.0709268 0.0733190 0.0692195 0.0697535 0.0626995 0.0772800 0.0790489 0.0994219 0.0672362 0.0772186 0.0832938 0.0000000 0.0672031 0.0876792 0.1040605 0.0808493 0.1960413 0.0868554 0.0811146 0.0653824 0.3305622 0.3308303 0.2953502 0.3042072 0.3244165 0.2991363 0.3130207 0.4861565 0.4166824 0.1202981 0.5104050 0.2319347 0.1516763 0.7744695 0.6273086 0.6305156 0.6086288 0.6385570 0.6360505 0.6471788 0.8126824 0.5656018 0.5459089 0.5464540 0.5484950 0.5451177 0.5429606 0.5574283 0.5459397 0.5388764 
S0021_G6779_R1_A 0.1243452 0.0812730 0.0817231 0.0773634 0.0649344 0.0342406 0.0669815 0.0804467 0.1066975 0.0741523 0.0819325 0.0850337 0.0672031 0.0000000 0.0938042 0.1096924 0.0886631 0.1907821 0.0913462 0.0834468 0.0612683 0.3110614 0.3112523 0.2910857 0.2970369 0.3095911 0.2918482 0.3040889 0.4798087 0.4111564 0.1263574 0.5121246 0.2280034 0.1498673 0.7634117 0.6100653 0.6132132 0.5917990 0.6179652 0.6113503 0.6355636 0.8113644 0.5515364 0.5305286 0.5369963 0.5390353 0.5336839 0.5294782 0.5429077 0.5305940 0.5272740 
S0013_G6779_R1_A 0.0997692 0.0814427 0.0794915 0.0775900 0.0962124 0.0890763 0.0876810 0.0933973 0.1111447 0.0837706 0.1001383 0.0890577 0.0876792 0.0938042 0.0000000 0.0908825 0.0860228 0.2103083 0.1050585 0.0960216 0.0926059 0.3296968 0.3299694 0.3106083 0.3103606 0.3306958 0.3070627 0.3200715 0.4712634 0.4066839 0.1334346 0.5114916 0.2542679 0.1746567 0.8320176 0.6235103 0.6422770 0.6104435 0.6323921 0.6227367 0.6361567 0.8300523 0.5539133 0.5426192 0.5491925 0.5512737 0.5458612 0.5393698 0.5416290 0.5364534 0.5358475 
S0048_G6779_R1_A 0.0436447 0.0989744 0.0972871 0.1002138 0.1094953 0.1022248 0.1059855 0.1214635 0.1320896 0.1109006 0.1206705 0.1218735 0.1040605 0.1096924 0.0908825 0.0000000 0.0973498 0.2276807 0.1294198 0.1153004 0.1109044 0.3414496 0.3401044 0.3197361 0.3087875 0.3357142 0.3025790 0.3111797 0.4966311 0.4295169 0.1392706 0.5275143 0.2675318 0.1762562 0.7907981 0.6499935 0.6525580 0.6304677 0.6544473 0.6423033 0.6442314 0.8233558 0.5685057 0.5632808 0.5718208 0.5739328 0.5685326 0.5600678 0.5677396 0.5590016 0.5514723 
S0036_G6779_R1_A 0.1133799 0.0726192 0.0567907 0.0490649 0.0941088 0.0833337 0.0821530 0.0848547 0.1047501 0.0802050 0.0927849 0.0819214 0.0808493 0.0886631 0.0860228 0.0973498 0.0000000 0.2108030 0.1006275 0.0894024 0.0875587 0.3238971 0.3255806 0.2954232 0.2950331 0.3292158 0.2952031 0.3162578 0.4763640 0.4071536 0.1304176 0.5167104 0.2412438 0.1653067 0.7742211 0.6260418 0.6374675 0.6055275 0.6312174 0.6298964 0.6254694 0.7834407 0.5720025 0.5669622 0.5737472 0.5759137 0.5703822 0.5688925 0.5744229 0.5685783 0.5627403 
S0035_G6779_R1_A 0.2482651 0.2067950 0.1968254 0.1970420 0.1822495 0.1833071 0.1985255 0.2113107 0.2360322 0.2043689 0.2159600 0.2020801 0.1960413 0.1907821 0.2103083 0.2276807 0.2108030 0.0000000 0.2219629 0.2103747 0.1967823 0.3954961 0.3926504 0.2897710 0.3205276 0.3420333 0.3302807 0.3369002 0.5151588 0.4437417 0.2361939 0.5619506 0.3407630 0.2631305 0.7836762 0.6921682 0.6871281 0.6670224 0.6733956 0.6714375 0.7016546 0.8218706 0.6316264 0.6181025 0.6200093 0.6223320 0.6195618 0.6163449 0.6241820 0.6131496 0.6044651 
S0018_G6779_R1_A 0.1431977 0.0890331 0.0899402 0.0876366 0.0867055 0.0882214 0.0999929 0.0852213 0.0966849 0.0808147 0.0967992 0.1042246 0.0868554 0.0913462 0.1050585 0.1294198 0.1006275 0.2219629 0.0000000 0.0495649 0.0911348 0.3343710 0.3346583 0.3021939 0.3151952 0.3292924 0.3071663 0.3262394 0.5032688 0.4283926 0.1408786 0.5238903 0.2396437 0.1665618 0.8171696 0.6294972 0.6358202 0.6134387 0.6499309 0.6441060 0.6629031 0.8176147 0.5682651 0.5449250 0.5514243 0.5534835 0.5481370 0.5438461 0.5500787 0.5449535 0.5386064 
S0031_G6779_R1_A 0.1297570 0.0824871 0.0808248 0.0794011 0.0800366 0.0787499 0.0896869 0.0760036 0.0858996 0.0709456 0.0902169 0.0956840 0.0811146 0.0834468 0.0960216 0.1153004 0.0894024 0.2103747 0.0495649 0.0000000 0.0781801 0.3228493 0.3230883 0.2921617 0.3133799 0.3241544 0.3032271 0.3267730 0.4893717 0.4160934 0.1357204 0.5099958 0.2290231 0.1495055 0.7696307 0.5941673 0.6024024 0.5795727 0.6153042 0.6092403 0.6234083 0.7801453 0.5468158 0.5284248 0.5348825 0.5369169 0.5315693 0.5312627 0.5342270 0.5336144 0.5236970 
S0023_G6779_R1_A 0.1239218 0.0790192 0.0781437 0.0783017 0.0672852 0.0559292 0.0728795 0.0772728 0.1034818 0.0722397 0.0823084 0.0821892 0.0653824 0.0612683 0.0926059 0.1109044 0.0875587 0.1967823 0.0911348 0.0781801 0.0000000 0.3145352 0.3147407 0.2987885 0.3107776 0.3288958 0.3056359 0.3257616 0.4944266 0.4247835 0.1185572 0.4985213 0.2226003 0.1483784 0.7683824 0.5827549 0.5858411 0.5686786 0.5857440 0.5924190 0.6113393 0.8042440 0.5346472 0.5151487 0.5216455 0.5236829 0.5182745 0.5139648 0.5222266 0.5151000 0.5103889 
S0010_G6779_R1_A 0.3626531 0.3189449 0.3050690 0.3115446 0.3051798 0.3053321 0.3126499 0.3215440 0.3154310 0.3173597 0.3259082 0.3024195 0.3305622 0.3110614 0.3296968 0.3414496 0.3238971 0.3954961 0.3343710 0.3228493 0.3145352 0.0000000 0.0014954 0.2332993 0.2614006 0.2613672 0.2308499 0.2210909 0.3933802 0.3248446 0.3620118 0.6151459 0.4833118 0.4065084 0.7715173 0.7064724 0.7100774 0.6580136 0.6912006 0.6866570 0.6596788 0.7685709 0.6457140 0.6592795 0.6629720 0.6654992 0.6502946 0.6596520 0.6645252 0.6537528 0.6326925 
S0009_G6779_R1_A 0.3599715 0.3178577 0.3049507 0.3101127 0.3040231 0.3054979 0.3141837 0.3217761 0.3156357 0.3175732 0.3242690 0.3020863 0.3308303 0.3112523 0.3299694 0.3401044 0.3255806 0.3926504 0.3346583 0.3230883 0.3147407 0.0014954 0.0000000 0.2330549 0.2609870 0.2612082 0.2303733 0.2190700 0.3954048 0.3285896 0.3607098 0.6116018 0.4857428 0.4050685 0.7616958 0.6970150 0.7005687 0.6488865 0.6818119 0.6774575 0.6534191 0.7639767 0.6429697 0.6565243 0.6602189 0.6627448 0.6475342 0.6568884 0.6617795 0.6509954 0.6299051 
S0008_G6779_R1_A 0.3163191 0.2937917 0.2735418 0.2889079 0.2509006 0.2800462 0.2848576 0.2982281 0.2978722 0.2844622 0.3013663 0.2850973 0.2953502 0.2910857 0.3106083 0.3197361 0.2954232 0.2897710 0.3021939 0.2921617 0.2987885 0.2332993 0.2330549 0.0000000 0.1711736 0.1793109 0.1362274 0.1640755 0.4647846 0.3967947 0.3333557 0.6196279 0.4229583 0.3511640 0.8294274 0.7280741 0.7446157 0.6955472 0.7237920 0.7190082 0.6530602 0.8382917 0.6851790 0.6807763 0.6960132 0.6985661 0.6907953 0.6874236 0.6917810 0.6845588 0.6670793 
S0015_G6779_R1_A 0.3065491 0.3006461 0.2761488 0.2938730 0.2827687 0.2927937 0.2976523 0.3101349 0.3113432 0.2985827 0.3107633 0.2849119 0.3042072 0.2970369 0.3103606 0.3087875 0.2950331 0.3205276 0.3151952 0.3133799 0.3107776 0.2614006 0.2609870 0.1711736 0.0000000 0.1341524 0.1820358 0.2002652 0.4127548 0.3389477 0.3475153 0.6270467 0.4623304 0.3984492 0.7878217 0.7227013 0.7443906 0.7065329 0.7204801 0.7063295 0.6658057 0.8271477 0.6744752 0.6613097 0.6766180 0.6791915 0.6736391 0.6737630 0.6756956 0.6561704 0.6553414 
S0034_G6779_R1_A 0.3394015 0.3247822 0.2994791 0.3121145 0.2894584 0.2976186 0.3115267 0.3196097 0.3272993 0.3125542 0.3268398 0.3146095 0.3244165 0.3095911 0.3306958 0.3357142 0.3292158 0.3420333 0.3292924 0.3241544 0.3288958 0.2613672 0.2612082 0.1793109 0.1341524 0.0000000 0.2015518 0.2196064 0.4457641 0.3831649 0.3597910 0.6416093 0.4596194 0.3935941 0.7819004 0.7332330 0.7512997 0.7128374 0.7362988 0.7217503 0.6991495 0.8165894 0.6631801 0.6528924 0.6611927 0.6637149 0.6550720 0.6701359 0.6720457 0.6624883 0.6436041 
S0014_G6779_R1_A 0.3146378 0.2974124 0.2791524 0.2787011 0.2742976 0.2845194 0.2922836 0.3075383 0.3039186 0.2798964 0.3001786 0.2557351 0.2991363 0.2918482 0.3070627 0.3025790 0.2952031 0.3302807 0.3071663 0.3032271 0.3056359 0.2308499 0.2303733 0.1362274 0.1820358 0.2015518 0.0000000 0.1583480 0.4291311 0.3399793 0.3328978 0.5946216 0.4342734 0.3620143 0.7704993 0.7179453 0.7195593 0.6725955 0.6967702 0.6913827 0.6691374 0.7846350 0.6486317 0.6467664 0.6592945 0.6618140 0.6515791 0.6566777 0.6642920 0.6524099 0.6333300 
S0027_G6779_R1_A 0.3278698 0.3134838 0.2957162 0.2997055 0.2967579 0.3058011 0.3048538 0.3328496 0.3245450 0.3135929 0.3269478 0.2877924 0.3130207 0.3040889 0.3200715 0.3111797 0.3162578 0.3369002 0.3262394 0.3267730 0.3257616 0.2210909 0.2190700 0.1640755 0.2002652 0.2196064 0.1583480 0.0000000 0.3989601 0.3471176 0.3518406 0.6554882 0.4632286 0.4107104 0.7172276 0.6808602 0.6855397 0.6493829 0.6936155 0.6805980 0.6571422 0.7711977 0.6582229 0.6443245 0.6504449 0.6530329 0.6466917 0.6588382 0.6741532 0.6568759 0.6403124 
S0051_G6779_R1_A 0.4809415 0.4534704 0.4432901 0.4478759 0.4779046 0.4832299 0.4905559 0.4958509 0.4523801 0.4754786 0.4983281 0.4203217 0.4861565 0.4798087 0.4712634 0.4966311 0.4763640 0.5151588 0.5032688 0.4893717 0.4944266 0.3933802 0.3954048 0.4647846 0.4127548 0.4457641 0.4291311 0.3989601 0.0000000 0.0156232 0.5008597 0.8621987 0.6634624 0.6083918 0.9183278 0.9367973 0.9465759 0.9060555 0.9404130 0.9325029 0.9252030 0.9388799 0.7712824 0.7595187 0.7677590 0.7706791 0.7677168 0.7541742 0.7562125 0.7516940 0.7532859 
S0039_G6779_R1_A 0.4151677 0.4036136 0.3917193 0.4026155 0.4033340 0.4139566 0.4203833 0.4230204 0.3863765 0.4143852 0.4224893 0.4251239 0.4166824 0.4111564 0.4066839 0.4295169 0.4071536 0.4437417 0.4283926 0.4160934 0.4247835 0.3248446 0.3285896 0.3967947 0.3389477 0.3831649 0.3399793 0.3471176 0.0156232 0.0000000 0.4161827 0.7725352 0.6024513 0.5442513 0.7764597 0.7814011 0.7969326 0.7603085 0.7692886 0.7635398 0.7215668 0.8264783 0.6805203 0.6831728 0.6916608 0.6946640 0.6939546 0.6848629 0.6865629 0.6860966 0.6774765 
S0012_G6779_R1_A 0.1592944 0.1263825 0.1261597 0.1213035 0.1279129 0.1220349 0.1338306 0.1387572 0.1512710 0.1245005 0.1376494 0.1511041 0.1202981 0.1263574 0.1334346 0.1392706 0.1304176 0.2361939 0.1408786 0.1357204 0.1185572 0.3620118 0.3607098 0.3333557 0.3475153 0.3597910 0.3328978 0.3518406 0.5008597 0.4161827 0.0000000 0.5687161 0.2871459 0.1967718 0.8030431 0.6732413 0.6706696 0.6538700 0.6647673 0.6538630 0.7129149 0.8234055 0.5890450 0.5682464 0.5749941 0.5771495 0.5716514 0.5757945 0.5899262 0.5749387 0.5653504 
S0033_G6779_R1_U 0.5525692 0.5297619 0.4873492 0.4996515 0.4935236 0.4989455 0.5119633 0.4800739 0.5425765 0.4959689 0.5267406 0.4007197 0.5104050 0.5121246 0.5114916 0.5275143 0.5167104 0.5619506 0.5238903 0.5099958 0.4985213 0.6151459 0.6116018 0.6196279 0.6270467 0.6416093 0.5946216 0.6554882 0.8621987 0.7725352 0.5687161 0.0000000 0.5573812 0.5391063 0.8498025 1.0160521 1.0515480 1.0253734 1.0438939 1.0448448 0.9564943 1.1592535 0.9404569 0.9442233 0.9385230 0.9426403 0.9367980 0.9310084 0.9296663 0.9173656 0.9426863 
S0011_G6779_R1_A 0.2879086 0.2233134 0.2397716 0.2239418 0.2132301 0.2258132 0.2423606 0.2284007 0.2453144 0.2206678 0.2490733 0.2972808 0.2319347 0.2280034 0.2542679 0.2675318 0.2412438 0.3407630 0.2396437 0.2290231 0.2226003 0.4833118 0.4857428 0.4229583 0.4623304 0.4596194 0.4342734 0.4632286 0.6634624 0.6024513 0.2871459 0.5573812 0.0000000 0.0756565 0.8139284 0.6780885 0.6846139 0.6630834 0.6698115 0.6713675 0.6978905 0.8539947 0.7469667 0.7273513 0.7357517 0.7385233 0.7322866 0.7252493 0.7364785 0.7407351 0.7148428 
S0030_G6779_R1_A 0.2042614 0.1552176 0.1570761 0.1432817 0.1417751 0.1499911 0.1605972 0.1522961 0.1702070 0.1509127 0.1671490 0.1982041 0.1516763 0.1498673 0.1746567 0.1762562 0.1653067 0.2631305 0.1665618 0.1495055 0.1483784 0.4065084 0.4050685 0.3511640 0.3984492 0.3935941 0.3620143 0.4107104 0.6083918 0.5442513 0.1967718 0.5391063 0.0756565 0.0000000 0.7050197 0.6774874 0.6839672 0.6486296 0.6600588 0.6597825 0.6990611 0.8137089 0.6759424 0.6529824 0.6648981 0.6678150 0.6631953 0.6506451 0.6681077 0.6590115 0.6349895 
S0003_G6779_R1_N 0.8158260 0.7833838 0.7291418 0.7572777 0.6939470 0.7422595 0.7543705 0.7960892 0.7827333 0.7821522 0.7755571 0.7431579 0.7744695 0.7634117 0.8320176 0.7907981 0.7742211 0.7836762 0.8171696 0.7696307 0.7683824 0.7715173 0.7616958 0.8294274 0.7878217 0.7819004 0.7704993 0.7172276 0.9183278 0.7764597 0.8030431 0.8498025 0.8139284 0.7050197 0.0000000 0.5914094 0.5863437 0.5766043 0.6032975 0.5934450 0.5879577 0.6375243 0.6183722 0.6219833 0.6246027 0.6273289 0.6289509 0.6248124 0.6123065 0.6163258 0.6120010 
S0024_G6779_R1_A 0.6796342 0.6269089 0.6353231 0.6461135 0.6270240 0.6109947 0.6111489 0.6062944 0.6057081 0.6009513 0.5908140 0.5432506 0.6273086 0.6100653 0.6235103 0.6499935 0.6260418 0.6921682 0.6294972 0.5941673 0.5827549 0.7064724 0.6970150 0.7280741 0.7227013 0.7332330 0.7179453 0.6808602 0.9367973 0.7814011 0.6732413 1.0160521 0.6780885 0.6774874 0.5914094 0.0000000 0.0197264 0.0333807 0.0592236 0.0636406 0.1014473 0.6066673 0.7215476 0.7045807 0.7184903 0.7219380 0.7270028 0.7277977 0.7306587 0.7106785 0.6753301 
S0032_G6779_R2_N 0.6814730 0.6328023 0.6328577 0.6495210 0.6329684 0.6141393 0.6126496 0.6094481 0.6088089 0.6011706 0.5964881 0.5600319 0.6305156 0.6132132 0.6422770 0.6525580 0.6374675 0.6871281 0.6358202 0.6024024 0.5858411 0.7100774 0.7005687 0.7446157 0.7443906 0.7512997 0.7195593 0.6855397 0.9465759 0.7969326 0.6706696 1.0515480 0.6846139 0.6839672 0.5863437 0.0197264 0.0000000 0.0298471 0.0567432 0.0563237 0.0944543 0.6125837 0.7325949 0.7124876 0.7263909 0.7298428 0.7349805 0.7356973 0.7384896 0.7185563 0.6863458 
S0032_G6779_R1_N 0.6605910 0.6076363 0.6116454 0.6278007 0.6109570 0.5927434 0.5936293 0.5851503 0.5845846 0.5773498 0.5699812 0.5299829 0.6086288 0.5917990 0.6104435 0.6304677 0.6055275 0.6670224 0.6134387 0.5795727 0.5686786 0.6580136 0.6488865 0.6955472 0.7065329 0.7128374 0.6725955 0.6493829 0.9060555 0.7603085 0.6538700 1.0253734 0.6630834 0.6486296 0.5766043 0.0333807 0.0298471 0.0000000 0.0418039 0.0403365 0.0786482 0.6067069 0.7178294 0.6979832 0.7151542 0.7185710 0.7235615 0.7243831 0.7272495 0.7074177 0.6766368 
S0025_G6779_R1_A 0.6788846 0.6318699 0.6272837 0.6478200 0.6204076 0.6128503 0.6180936 0.6170512 0.6110344 0.6076226 0.6013094 0.5298586 0.6385570 0.6179652 0.6323921 0.6544473 0.6312174 0.6733956 0.6499309 0.6153042 0.5857440 0.6912006 0.6818119 0.7237920 0.7204801 0.7362988 0.6967702 0.6936155 0.9404130 0.7692886 0.6647673 1.0438939 0.6698115 0.6600588 0.6032975 0.0592236 0.0567432 0.0418039 0.0000000 0.0297911 0.1057425 0.6138034 0.7692759 0.7552739 0.7695306 0.7731455 0.7827621 0.7764855 0.7736286 0.7689194 0.7298925 
S0029_G6779_R1_A 0.6722102 0.6229636 0.6256883 0.6411458 0.6311155 0.6140819 0.6090457 0.6097740 0.6189736 0.6031300 0.5968855 0.5184963 0.6360505 0.6113503 0.6227367 0.6423033 0.6298964 0.6714375 0.6441060 0.6092403 0.5924190 0.6866570 0.6774575 0.7190082 0.7063295 0.7217503 0.6913827 0.6805980 0.9325029 0.7635398 0.6538630 1.0448448 0.6713675 0.6597825 0.5934450 0.0636406 0.0563237 0.0403365 0.0297911 0.0000000 0.1089528 0.6160100 0.7384104 0.7181451 0.7319791 0.7354573 0.7443835 0.7417268 0.7444873 0.7344228 0.6966290 
S0001_G6779_R1_A 0.6856495 0.6433013 0.6301518 0.6530906 0.6654806 0.6440142 0.6260933 0.6232664 0.6423205 0.6271487 0.6216075 0.5564440 0.6471788 0.6355636 0.6361567 0.6442314 0.6254694 0.7016546 0.6629031 0.6234083 0.6113393 0.6596788 0.6534191 0.6530602 0.6658057 0.6991495 0.6691374 0.6571422 0.9252030 0.7215668 0.7129149 0.9564943 0.6978905 0.6990611 0.5879577 0.1014473 0.0944543 0.0786482 0.1057425 0.1089528 0.0000000 0.6014647 0.7230965 0.7053690 0.7202844 0.7238567 0.7221118 0.7402989 0.7494552 0.7255634 0.6920657 
S0049_G6779_R1_A 0.8246226 0.8155583 0.7630313 0.8267379 0.7621815 0.8112834 0.7962151 0.7924210 0.7862453 0.7965065 0.8077527 0.6809305 0.8126824 0.8113644 0.8300523 0.8233558 0.7834407 0.8218706 0.8176147 0.7801453 0.8042440 0.7685709 0.7639767 0.8382917 0.8271477 0.8165894 0.7846350 0.7711977 0.9388799 0.8264783 0.8234055 1.1592535 0.8539947 0.8137089 0.6375243 0.6066673 0.6125837 0.6067069 0.6138034 0.6160100 0.6014647 0.0000000 0.8280808 0.8548302 0.8676522 0.8714410 0.8493546 0.8621479 0.8566759 0.8572953 0.7962408 
S0038_G6779_R1_A 0.5857929 0.5583736 0.5381669 0.5487210 0.5607026 0.5372528 0.5508872 0.5695790 0.5484929 0.5573223 0.5541375 0.4849204 0.5656018 0.5515364 0.5539133 0.5685057 0.5720025 0.6316264 0.5682651 0.5468158 0.5346472 0.6457140 0.6429697 0.6851790 0.6744752 0.6631801 0.6486317 0.6582229 0.7712824 0.6805203 0.5890450 0.9404569 0.7469667 0.6759424 0.6183722 0.7215476 0.7325949 0.7178294 0.7692759 0.7384104 0.7230965 0.8280808 0.0000000 0.0207802 0.0234077 0.0242951 0.0235285 0.0280570 0.0290095 0.0280631 0.0264854 
S0040_G6779_R1_N 0.5722137 0.5460561 0.5335082 0.5421261 0.5424694 0.5181045 0.5432851 0.5529913 0.5351882 0.5378053 0.5403368 0.4806807 0.5459089 0.5305286 0.5426192 0.5632808 0.5669622 0.6181025 0.5449250 0.5284248 0.5151487 0.6592795 0.6565243 0.6807763 0.6613097 0.6528924 0.6467664 0.6443245 0.7595187 0.6831728 0.5682464 0.9442233 0.7273513 0.6529824 0.6219833 0.7045807 0.7124876 0.6979832 0.7552739 0.7181451 0.7053690 0.8548302 0.0207802 0.0000000 0.0145214 0.0153884 0.0128579 0.0216838 0.0216845 0.0225751 0.0209576 
S0044_G6779_R1_N 0.5849362 0.5546665 0.5401592 0.5487640 0.5491838 0.5244781 0.5478306 0.5595972 0.5376524 0.5442465 0.5509055 0.4929426 0.5464540 0.5369963 0.5491925 0.5718208 0.5737472 0.6200093 0.5514243 0.5348825 0.5216455 0.6629720 0.6602189 0.6960132 0.6766180 0.6611927 0.6592945 0.6504449 0.7677590 0.6916608 0.5749941 0.9385230 0.7357517 0.6648981 0.6246027 0.7184903 0.7263909 0.7151542 0.7695306 0.7319791 0.7202844 0.8676522 0.0234077 0.0145214 0.0000000 0.0008379 0.0102248 0.0225447 0.0225454 0.0252123 0.0218245 
S0045_G6779_R2_A 0.5870695 0.5567414 0.5422585 0.5508653 0.5513094 0.5264786 0.5498843 0.5616962 0.5396617 0.5462823 0.5529792 0.4956481 0.5484950 0.5390353 0.5512737 0.5739328 0.5759137 0.6223320 0.5534835 0.5369169 0.5236829 0.6654992 0.6627448 0.6985661 0.6791915 0.6637149 0.6618140 0.6530329 0.7706791 0.6946640 0.5771495 0.9426403 0.7385233 0.6678150 0.6273289 0.7219380 0.7298428 0.7185710 0.7731455 0.7354573 0.7238567 0.8714410 0.0242951 0.0153884 0.0008379 0.0000000 0.0110861 0.0234315 0.0234323 0.0261037 0.0227168 
S0045_G6779_R1_A 0.5759447 0.5492876 0.5367620 0.5453986 0.5441112 0.5215368 0.5464913 0.5562796 0.5367110 0.5409683 0.5435501 0.4807650 0.5451177 0.5336839 0.5458612 0.5685326 0.5703822 0.6195618 0.5481370 0.5315693 0.5182745 0.6502946 0.6475342 0.6907953 0.6736391 0.6550720 0.6515791 0.6466917 0.7677168 0.6939546 0.5716514 0.9367980 0.7322866 0.6631953 0.6289509 0.7270028 0.7349805 0.7235615 0.7827621 0.7443835 0.7221118 0.8493546 0.0235285 0.0128579 0.0102248 0.0110861 0.0000000 0.0200014 0.0200020 0.0235576 0.0209713 
S0041_G6779_R1_N 0.5725598 0.5449757 0.5365337 0.5430088 0.5412675 0.5187908 0.5423776 0.5538356 0.5301024 0.5346085 0.5392366 0.4809463 0.5429606 0.5294782 0.5393698 0.5600678 0.5688925 0.6163449 0.5438461 0.5312627 0.5139648 0.6596520 0.6568884 0.6874236 0.6737630 0.6701359 0.6566777 0.6588382 0.7541742 0.6848629 0.5757945 0.9310084 0.7252493 0.6506451 0.6248124 0.7277977 0.7356973 0.7243831 0.7764855 0.7417268 0.7402989 0.8621479 0.0280570 0.0216838 0.0225447 0.0234315 0.0200014 0.0000000 0.0085197 0.0145390 0.0228855 
S0043_G6779_R1_N 0.5848423 0.5513644 0.5456531 0.5506535 0.5578768 0.5352183 0.5458078 0.5666643 0.5406156 0.5426840 0.5520476 0.4894272 0.5574283 0.5429077 0.5416290 0.5677396 0.5744229 0.6241820 0.5500787 0.5342270 0.5222266 0.6645252 0.6617795 0.6917810 0.6756956 0.6720457 0.6642920 0.6741532 0.7562125 0.6865629 0.5899262 0.9296663 0.7364785 0.6681077 0.6123065 0.7306587 0.7384896 0.7272495 0.7736286 0.7444873 0.7494552 0.8566759 0.0290095 0.0216845 0.0225454 0.0234323 0.0200020 0.0085197 0.0000000 0.0163063 0.0219913 
S0047_G6779_R1_N 0.5737465 0.5459088 0.5374974 0.5398752 0.5479543 0.5199728 0.5413603 0.5549525 0.5306437 0.5317611 0.5363358 0.4855420 0.5459397 0.5305940 0.5364534 0.5590016 0.5685783 0.6131496 0.5449535 0.5336144 0.5151000 0.6537528 0.6509954 0.6845588 0.6561704 0.6624883 0.6524099 0.6568759 0.7516940 0.6860966 0.5749387 0.9173656 0.7407351 0.6590115 0.6163258 0.7106785 0.7185563 0.7074177 0.7689194 0.7344228 0.7255634 0.8572953 0.0280631 0.0225751 0.0252123 0.0261037 0.0235576 0.0145390 0.0163063 0.0000000 0.0246888 
S0042_G6779_R1_N 0.5645353 0.5351021 0.5341441 0.5368793 0.5355403 0.5118443 0.5323658 0.5503632 0.5213398 0.5347116 0.5331922 0.4739570 0.5388764 0.5272740 0.5358475 0.5514723 0.5627403 0.6044651 0.5386064 0.5236970 0.5103889 0.6326925 0.6299051 0.6670793 0.6553414 0.6436041 0.6333300 0.6403124 0.7532859 0.6774765 0.5653504 0.9426863 0.7148428 0.6349895 0.6120010 0.6753301 0.6863458 0.6766368 0.7298925 0.6966290 0.6920657 0.7962408 0.0264854 0.0209576 0.0218245 0.0227168 0.0209713 0.0228855 0.0219913 0.0246888 0.0000000 
