58
S0039_G6854_R1_A 0.0000000 0.0137251 0.4087632 0.3770152 0.3818498 0.4619974 0.4675089 0.4801281 0.3382353 0.4438427 0.4524854 0.4247190 0.4362781 0.4237395 0.4275269 0.4428036 0.4290789 0.4343526 0.4248382 0.4379681 0.4398943 0.4551295 0.4490518 0.4689339 0.4238037 0.4393720 0.4528845 0.4432291 0.4700072 0.4173056 0.4414115 0.4288574 0.4603515 0.4546212 0.4553954 0.5260764 0.4488237 0.6931255 0.6982467 0.8319971 0.8039239 0.7497367 0.7610447 0.8170216 0.7435648 0.8858539 0.8613008 0.8776675 0.8619357 0.8736758 0.8748813 0.8935245 0.8624213 0.8699467 0.8972467 0.8875428 0.8989675 0.9463247 
S0051_G6854_R1_A 0.0137251 0.0000000 0.4118800 0.3859520 0.3927690 0.4731492 0.4816298 0.4916958 0.3466663 0.4534940 0.4606152 0.4358502 0.4457807 0.4330865 0.4394371 0.4525050 0.4385902 0.4456284 0.4309959 0.4454708 0.4494502 0.4649994 0.4588199 0.4756197 0.4332113 0.4490252 0.4628173 0.4529030 0.4818239 0.4282419 0.4510973 0.4374549 0.4655088 0.4558611 0.4566357 0.5234442 0.4592197 0.7047726 0.6995814 0.8430211 0.8147530 0.7526132 0.7639768 0.8385961 0.7548177 0.9194772 0.8938887 0.9111238 0.8983349 0.9105190 0.9042668 0.9274053 0.8936630 0.8993424 0.9314780 0.9141924 0.9260158 0.9908797 
S0008_G6854_R1_A 0.4087632 0.4118800 0.0000000 0.1760035 0.1796761 0.1654016 0.1714640 0.1847700 0.1727272 0.2960203 0.2831452 0.2796599 0.2861184 0.2689871 0.2697723 0.2879281 0.2744676 0.2796857 0.2849040 0.2924990 0.2793667 0.2913266 0.2865575 0.3136859 0.2767721 0.2777998 0.2902145 0.2836115 0.2991483 0.2583618 0.2758556 0.2825215 0.2431017 0.2083638 0.2132746 0.4371720 0.3102221 0.6600146 0.7037083 0.7812101 0.7611470 0.7103540 0.7299401 0.7421354 0.7165139 0.7228199 0.7228035 0.7235520 0.6973255 0.7031044 0.7021268 0.7159223 0.7184252 0.7276263 0.7103458 0.7319245 0.7273321 0.8814042 
S0010_G6854_R1_A 0.3770152 0.3859520 0.1760035 0.0000000 0.0109936 0.2456929 0.2408544 0.2591036 0.2046733 0.3691304 0.3558775 0.3475605 0.3613279 0.3452709 0.3403891 0.3530240 0.3373185 0.3548568 0.3624318 0.3519599 0.3483404 0.3605956 0.3587301 0.3822099 0.3493853 0.3536240 0.3513010 0.3647457 0.3736587 0.3350481 0.3555029 0.3503038 0.3366615 0.3157155 0.3200372 0.4433087 0.3815565 0.7315069 0.7844930 0.8866079 0.8373725 0.7968830 0.7997964 0.7528020 0.7732571 0.8146923 0.8090215 0.8097666 0.7956849 0.8074288 0.8031047 0.8026062 0.7912991 0.8130021 0.8090350 0.8154208 0.8273024 0.8945008 
S0009_G6854_R1_A 0.3818498 0.3927690 0.1796761 0.0109936 0.0000000 0.2478532 0.2440663 0.2635821 0.2060765 0.3729796 0.3608629 0.3524432 0.3679790 0.3512226 0.3462711 0.3587890 0.3429379 0.3609232 0.3662255 0.3552133 0.3531202 0.3644308 0.3645418 0.3849324 0.3553855 0.3585908 0.3562327 0.3706451 0.3733400 0.3386300 0.3613092 0.3548931 0.3423940 0.3208567 0.3252135 0.4452589 0.3891400 0.7362532 0.7964761 0.8783458 0.8269042 0.7975689 0.8004811 0.7548902 0.7744187 0.8156756 0.8125982 0.8133551 0.7991399 0.8109587 0.8066137 0.8060874 0.7921799 0.8166012 0.8126082 0.8214062 0.8309780 0.9049727 
S0014_G6854_R1_A 0.4619974 0.4731492 0.1654016 0.2456929 0.2478532 0.0000000 0.2216829 0.2381388 0.1569533 0.3761081 0.3656648 0.3504035 0.3639329 0.3502581 0.3388571 0.3553663 0.3406174 0.3539189 0.3606404 0.3703286 0.3491840 0.3678745 0.3541939 0.3907872 0.3501976 0.3536388 0.3666289 0.3636459 0.3703563 0.3294427 0.3549533 0.3585074 0.3211266 0.2846349 0.2880368 0.4769924 0.3766846 0.7038850 0.7588744 0.8519220 0.8037439 0.7719858 0.7935294 0.7433273 0.7373600 0.7934179 0.7932620 0.7978437 0.7841730 0.7853233 0.7737866 0.7758400 0.7944692 0.7896610 0.7765376 0.7963908 0.7955404 0.9022281 
S0034_G6854_R1_A 0.4675089 0.4816298 0.1714640 0.2408544 0.2440663 0.2216829 0.0000000 0.1482096 0.2077417 0.3757899 0.3717580 0.3443045 0.3667523 0.3454571 0.3377831 0.3593968 0.3514801 0.3401629 0.3569636 0.3662994 0.3463012 0.3767962 0.3628318 0.3910809 0.3429372 0.3517258 0.3668670 0.3558479 0.3830527 0.3268232 0.3598924 0.3597095 0.3411997 0.3000063 0.3067051 0.4923725 0.3935970 0.7252621 0.7462680 0.8833281 0.8436931 0.7978313 0.8075620 0.8065286 0.7715512 0.8163897 0.8267833 0.8330699 0.8103515 0.8120767 0.8157776 0.8150113 0.8204036 0.8377010 0.8223468 0.8335565 0.8397890 0.8805904 
S0015_G6854_R1_A 0.4801281 0.4916958 0.1847700 0.2591036 0.2635821 0.2381388 0.1482096 0.0000000 0.2296246 0.3845895 0.3713135 0.3540386 0.3761750 0.3622498 0.3481159 0.3728046 0.3621760 0.3567587 0.3715764 0.3768517 0.3597137 0.3878733 0.3766673 0.4014427 0.3503111 0.3590552 0.3689737 0.3672870 0.3835107 0.3428734 0.3641258 0.3672842 0.3589862 0.3176931 0.3245508 0.5024106 0.4109388 0.7503342 0.7586108 0.8774800 0.8342718 0.7811112 0.7913560 0.8573686 0.8113505 0.8327316 0.8275511 0.8336383 0.8138196 0.8179388 0.8193060 0.8250668 0.8285227 0.8316562 0.8322074 0.8331384 0.8337640 0.9387089 
S0027_G6854_R1_A 0.3382353 0.3466663 0.1727272 0.2046733 0.2060765 0.1569533 0.2077417 0.2296246 0.0000000 0.2961343 0.2930635 0.2878402 0.2960196 0.2907433 0.2836669 0.2996042 0.2921240 0.2816443 0.2891678 0.3053289 0.2951449 0.3123073 0.3004136 0.3207674 0.2926248 0.2954425 0.3026920 0.3004173 0.3087761 0.2834313 0.3038189 0.3100043 0.2601074 0.2308559 0.2321821 0.3825696 0.3244892 0.5068273 0.6391254 0.6830771 0.6649342 0.6770057 0.6893442 0.7263831 0.6884563 0.7242571 0.7095731 0.7106305 0.7188900 0.7234275 0.7208566 0.7113872 0.7277600 0.7080924 0.7223440 0.7172085 0.7299169 0.7313647 
S0018_G6854_R1_A 0.4438427 0.4534940 0.2960203 0.3691304 0.3729796 0.3761081 0.3757899 0.3845895 0.2961343 0.0000000 0.0990348 0.0670630 0.0383096 0.0707706 0.0665267 0.0796423 0.0718782 0.0768837 0.0807798 0.0752072 0.0822216 0.0905812 0.0677700 0.0849284 0.0726482 0.0715086 0.0998952 0.0806483 0.1093017 0.0689537 0.0765008 0.0746081 0.1839084 0.2657829 0.2664227 0.4190130 0.2385297 0.6865153 0.6671465 0.7143291 0.6866684 0.6478527 0.6683731 0.7482512 0.7168215 0.5685644 0.5582912 0.5666638 0.5541862 0.5585707 0.5536347 0.5709446 0.5725576 0.5660544 0.5764818 0.5631761 0.5715413 0.6950675 
S0048_G6854_R1_A 0.4524854 0.4606152 0.2831452 0.3558775 0.3608629 0.3656648 0.3717580 0.3713135 0.2930635 0.0990348 0.0000000 0.0807483 0.0843417 0.0763171 0.0721841 0.0898411 0.0783264 0.0810567 0.0781889 0.0844500 0.0850088 0.1009413 0.0858466 0.1071335 0.0745803 0.0735824 0.0347295 0.0885919 0.1219120 0.0828384 0.0764492 0.0780414 0.1809802 0.2607674 0.2645774 0.3992386 0.2320384 0.6840936 0.6841921 0.7595971 0.7325646 0.6410144 0.6621680 0.7045079 0.7038904 0.5762785 0.5750836 0.5754114 0.5678465 0.5722536 0.5673237 0.5936757 0.5742133 0.5799008 0.5901096 0.5806423 0.5871164 0.6989908 
S0004_G6854_R1_A 0.4247190 0.4358502 0.2796599 0.3475605 0.3524432 0.3504035 0.3443045 0.3540386 0.2878402 0.0670630 0.0807483 0.0000000 0.0523999 0.0569966 0.0520915 0.0646642 0.0559374 0.0612893 0.0666107 0.0615418 0.0658715 0.0796651 0.0595620 0.0764419 0.0565640 0.0574884 0.0762370 0.0567266 0.0945435 0.0449365 0.0588766 0.0568559 0.1535739 0.2433922 0.2450800 0.4074420 0.2136910 0.6835696 0.6622580 0.7034466 0.6830503 0.6141726 0.6362744 0.6976423 0.6884426 0.5410195 0.5290167 0.5333096 0.5260368 0.5302429 0.5271141 0.5487751 0.5351595 0.5353663 0.5485219 0.5338589 0.5418886 0.6721511 
S0031_G6854_R1_A 0.4362781 0.4457807 0.2861184 0.3613279 0.3679790 0.3639329 0.3667523 0.3761750 0.2960196 0.0383096 0.0843417 0.0523999 0.0000000 0.0583678 0.0534302 0.0667544 0.0587003 0.0614155 0.0659209 0.0596449 0.0650638 0.0750867 0.0531779 0.0687989 0.0579491 0.0588448 0.0828695 0.0668809 0.1000278 0.0571293 0.0616512 0.0597946 0.1637905 0.2509039 0.2525917 0.4029216 0.2253164 0.6993245 0.6660029 0.7200067 0.6892854 0.6302596 0.6471844 0.7418115 0.7176331 0.5648150 0.5527941 0.5584165 0.5487799 0.5531118 0.5482228 0.5741228 0.5603068 0.5604546 0.5707566 0.5576306 0.5658982 0.6999098 
S0046_G6854_R1_A 0.4237395 0.4330865 0.2689871 0.3452709 0.3512226 0.3502581 0.3454571 0.3622498 0.2907433 0.0707706 0.0763171 0.0569966 0.0583678 0.0000000 0.0455179 0.0578197 0.0512818 0.0560557 0.0575895 0.0591497 0.0610598 0.0782278 0.0597388 0.0818045 0.0505247 0.0514582 0.0762400 0.0643633 0.1008089 0.0566859 0.0534558 0.0536544 0.1566006 0.2451823 0.2489060 0.3886796 0.2080699 0.6904077 0.6580848 0.7106070 0.6870540 0.6111693 0.6349901 0.7056109 0.6833069 0.5565992 0.5457795 0.5447364 0.5378476 0.5420672 0.5372804 0.5569149 0.5496147 0.5491186 0.5605259 0.5464070 0.5525950 0.6846135 
S0036_G6854_R1_U 0.4275269 0.4394371 0.2697723 0.3403891 0.3462711 0.3388571 0.3377831 0.3481159 0.2836669 0.0665267 0.0721841 0.0520915 0.0534302 0.0455179 0.0000000 0.0528194 0.0443893 0.0353179 0.0520927 0.0536077 0.0415394 0.0657828 0.0535008 0.0779887 0.0306745 0.0314323 0.0728238 0.0593275 0.0885662 0.0490034 0.0486105 0.0487128 0.1461612 0.2433775 0.2470995 0.3971554 0.2018411 0.6766437 0.6525489 0.7017638 0.6812226 0.5920597 0.6157984 0.6694201 0.6721591 0.5468531 0.5341212 0.5348617 0.5316135 0.5377510 0.5294879 0.5508456 0.5391986 0.5393942 0.5574693 0.5403674 0.5483870 0.6668103 
S0021_G6854_R1_A 0.4428036 0.4525050 0.2879281 0.3530240 0.3587890 0.3553663 0.3593968 0.3728046 0.2996042 0.0796423 0.0898411 0.0646642 0.0667544 0.0578197 0.0528194 0.0000000 0.0292598 0.0650686 0.0711637 0.0682805 0.0688193 0.0768559 0.0624776 0.0930351 0.0573077 0.0581840 0.0890040 0.0698800 0.1070046 0.0586628 0.0554460 0.0606263 0.1560084 0.2484767 0.2532038 0.4049935 0.2131806 0.6776130 0.6485223 0.7151135 0.6968459 0.6039352 0.6269333 0.6904220 0.6775395 0.5362689 0.5216127 0.5259789 0.5208998 0.5250396 0.5209185 0.5372935 0.5333720 0.5280212 0.5385210 0.5256182 0.5315606 0.6915169 
S0021_G6854_R2_A 0.4290789 0.4385902 0.2744676 0.3373185 0.3429379 0.3406174 0.3514801 0.3621760 0.2921240 0.0718782 0.0783264 0.0559374 0.0587003 0.0512818 0.0443893 0.0292598 0.0000000 0.0563292 0.0636302 0.0616003 0.0621362 0.0678242 0.0538524 0.0838600 0.0493931 0.0503408 0.0775952 0.0605246 0.0967331 0.0548445 0.0456118 0.0505690 0.1489125 0.2404717 0.2421419 0.4020704 0.2094423 0.6673794 0.6504695 0.6894617 0.6684830 0.5964718 0.6212366 0.6893008 0.6848790 0.5421015 0.5311966 0.5381117 0.5266365 0.5307958 0.5266737 0.5432256 0.5392982 0.5393260 0.5433220 0.5350113 0.5429630 0.6908370 
S0002_G6854_R1_A 0.4343526 0.4456284 0.2796857 0.3548568 0.3609232 0.3539189 0.3401629 0.3567587 0.2816443 0.0768837 0.0810567 0.0612893 0.0614155 0.0560557 0.0353179 0.0650686 0.0563292 0.0000000 0.0614228 0.0643387 0.0492300 0.0747476 0.0635541 0.0880581 0.0402464 0.0396991 0.0824792 0.0666910 0.1004212 0.0589345 0.0579013 0.0571900 0.1538670 0.2494792 0.2532319 0.4013808 0.2184059 0.6787401 0.6706040 0.7140782 0.6925213 0.5951453 0.6176511 0.6837822 0.6753756 0.5524103 0.5415915 0.5448798 0.5317856 0.5379289 0.5331464 0.5620107 0.5501392 0.5469078 0.5620515 0.5422477 0.5502879 0.6932899 
S0013_G6854_R1_A 0.4248382 0.4309959 0.2849040 0.3624318 0.3662255 0.3606404 0.3569636 0.3715764 0.2891678 0.0807798 0.0781889 0.0666107 0.0659209 0.0575895 0.0520927 0.0711637 0.0636302 0.0614228 0.0000000 0.0682053 0.0687007 0.0833707 0.0659224 0.0915189 0.0537334 0.0554329 0.0795554 0.0735692 0.1037603 0.0592337 0.0659598 0.0625721 0.1675567 0.2441176 0.2502569 0.4002145 0.2236934 0.6748125 0.6674594 0.7364617 0.7076356 0.5967963 0.6181927 0.6776632 0.6744635 0.5638227 0.5573331 0.5606058 0.5465307 0.5508029 0.5459761 0.5716379 0.5592461 0.5600350 0.5716315 0.5572453 0.5654169 0.6961855 
S0022_G6854_R1_A 0.4379681 0.4454708 0.2924990 0.3519599 0.3552133 0.3703286 0.3662994 0.3768517 0.3053289 0.0752072 0.0844500 0.0615418 0.0596449 0.0591497 0.0536077 0.0682805 0.0616003 0.0643387 0.0682053 0.0000000 0.0702519 0.0803364 0.0552708 0.0819039 0.0594884 0.0597172 0.0858289 0.0699029 0.1079101 0.0578295 0.0639171 0.0582047 0.1659531 0.2532053 0.2524057 0.4122967 0.2170007 0.6941498 0.6699953 0.7557025 0.7431157 0.6526247 0.6699170 0.7304890 0.7163329 0.5675194 0.5550315 0.5553276 0.5537046 0.5580446 0.5531577 0.5721502 0.5602615 0.5597779 0.5754502 0.5606960 0.5689587 0.6938553 
S0011_G6854_R1_A 0.4398943 0.4494502 0.2793667 0.3483404 0.3531202 0.3491840 0.3463012 0.3597137 0.2951449 0.0822216 0.0850088 0.0658715 0.0650638 0.0610598 0.0415394 0.0688193 0.0621362 0.0492300 0.0687007 0.0702519 0.0000000 0.0815996 0.0723056 0.0896958 0.0416745 0.0438898 0.0878519 0.0734202 0.1044006 0.0670319 0.0658153 0.0638210 0.1588384 0.2501375 0.2538878 0.4102007 0.2239413 0.6965537 0.6752870 0.7151602 0.6828611 0.6010010 0.6168668 0.6866229 0.6790338 0.5691465 0.5572185 0.5544796 0.5516109 0.5562609 0.5516094 0.5737361 0.5599793 0.5653167 0.5777017 0.5610635 0.5707809 0.7021226 
S0026_G6854_R1_A 0.4551295 0.4649994 0.2913266 0.3605956 0.3644308 0.3678745 0.3767962 0.3878733 0.3123073 0.0905812 0.1009413 0.0796651 0.0750867 0.0782278 0.0657828 0.0768559 0.0678242 0.0747476 0.0833707 0.0803364 0.0815996 0.0000000 0.0782286 0.0976019 0.0704730 0.0714237 0.0992535 0.0815098 0.1146493 0.0719665 0.0693317 0.0747432 0.1751115 0.2601227 0.2638967 0.4251744 0.2266702 0.6810753 0.6520975 0.7493303 0.7230493 0.6428768 0.6551317 0.6879473 0.6948344 0.5843989 0.5680342 0.5795075 0.5702913 0.5747991 0.5704809 0.5974956 0.5720786 0.5826474 0.5902890 0.5802555 0.5888586 0.7377932 
S0030_G6854_R1_A 0.4490518 0.4588199 0.2865575 0.3587301 0.3645418 0.3541939 0.3628318 0.3766673 0.3004136 0.0677700 0.0858466 0.0595620 0.0531779 0.0597388 0.0535008 0.0624776 0.0538524 0.0635541 0.0659224 0.0552708 0.0723056 0.0782286 0.0000000 0.0771542 0.0586069 0.0588841 0.0864811 0.0640741 0.0986038 0.0606621 0.0582273 0.0576849 0.1642836 0.2462526 0.2479221 0.4127468 0.2182185 0.7019612 0.6731614 0.7170375 0.6874777 0.6139617 0.6336928 0.6798218 0.6801107 0.5545345 0.5444251 0.5532611 0.5412884 0.5455564 0.5413744 0.5649041 0.5531975 0.5507141 0.5582494 0.5479721 0.5561041 0.6985975 
S0037_G6854_R1_A 0.4689339 0.4756197 0.3136859 0.3822099 0.3849324 0.3907872 0.3910809 0.4014427 0.3207674 0.0849284 0.1071335 0.0764419 0.0687989 0.0818045 0.0779887 0.0930351 0.0838600 0.0880581 0.0915189 0.0819039 0.0896958 0.0976019 0.0771542 0.0000000 0.0774207 0.0825079 0.1032815 0.0915936 0.1214012 0.0823648 0.0862845 0.0820778 0.1878526 0.2783524 0.2800709 0.4015179 0.2456162 0.6947018 0.6577825 0.7412831 0.7184771 0.6449114 0.6663733 0.7336977 0.7037128 0.5811282 0.5740365 0.5791270 0.5688657 0.5733597 0.5683350 0.5930845 0.5756929 0.5811706 0.5905390 0.5841431 0.5867300 0.7021718 
S0020_G6854_R1_A 0.4238037 0.4332113 0.2767721 0.3493853 0.3553855 0.3501976 0.3429372 0.3503111 0.2926248 0.0726482 0.0745803 0.0565640 0.0579491 0.0505247 0.0306745 0.0573077 0.0493931 0.0402464 0.0537334 0.0594884 0.0416745 0.0704730 0.0586069 0.0774207 0.0000000 0.0315976 0.0745046 0.0639555 0.0969973 0.0541087 0.0523187 0.0474818 0.1532612 0.2491203 0.2528673 0.4035146 0.2072072 0.6885719 0.6605329 0.7205268 0.6967281 0.6010606 0.6256481 0.6944383 0.6849676 0.5589967 0.5497795 0.5531436 0.5417046 0.5479600 0.5399536 0.5631861 0.5569208 0.5551772 0.5655652 0.5506911 0.5588613 0.6815818 
S0019_G6854_R1_A 0.4393720 0.4490252 0.2777998 0.3536240 0.3585908 0.3536388 0.3517258 0.3590552 0.2954425 0.0715086 0.0735824 0.0574884 0.0588448 0.0514582 0.0314323 0.0581840 0.0503408 0.0396991 0.0554329 0.0597172 0.0438898 0.0714237 0.0588841 0.0825079 0.0315976 0.0000000 0.0756815 0.0612857 0.0977815 0.0551011 0.0504149 0.0533674 0.1570065 0.2489663 0.2503021 0.4077045 0.2137464 0.6762158 0.6529135 0.7252101 0.7066331 0.6045222 0.6273359 0.6900929 0.6970350 0.5379379 0.5287433 0.5319933 0.5192443 0.5253833 0.5223460 0.5456370 0.5338501 0.5340611 0.5485434 0.5296137 0.5376563 0.6682798 
S0050_G6854_R1_A 0.4528845 0.4628173 0.2902145 0.3513010 0.3562327 0.3666289 0.3668670 0.3689737 0.3026920 0.0998952 0.0347295 0.0762370 0.0828695 0.0762400 0.0728238 0.0890040 0.0775952 0.0824792 0.0795554 0.0858289 0.0878519 0.0992535 0.0864811 0.1032815 0.0745046 0.0756815 0.0000000 0.0877721 0.1242541 0.0820565 0.0785501 0.0779425 0.1789871 0.2618523 0.2656520 0.3919024 0.2323052 0.6732398 0.6627622 0.7567734 0.7401438 0.6455345 0.6712875 0.7167849 0.7062297 0.5667994 0.5619797 0.5622876 0.5549594 0.5593190 0.5618785 0.5750385 0.5590477 0.5667662 0.5785882 0.5696026 0.5739671 0.6973967 
S0017_G6854_R1_A 0.4432291 0.4529030 0.2836115 0.3647457 0.3706451 0.3636459 0.3558479 0.3672870 0.3004173 0.0806483 0.0885919 0.0567266 0.0668809 0.0643633 0.0593275 0.0698800 0.0605246 0.0666910 0.0735692 0.0699029 0.0734202 0.0815098 0.0640741 0.0915936 0.0639555 0.0612857 0.0877721 0.0000000 0.1103959 0.0564491 0.0619558 0.0607109 0.1637309 0.2549523 0.2587114 0.4171358 0.2207287 0.6832285 0.6829781 0.7439888 0.7243761 0.6114136 0.6291951 0.6725902 0.6885670 0.5636343 0.5527766 0.5598171 0.5519927 0.5526213 0.5504079 0.5762094 0.5599655 0.5618483 0.5731321 0.5590225 0.5672801 0.7099980 
S0012_G6854_R1_A 0.4700072 0.4818239 0.2991483 0.3736587 0.3733400 0.3703563 0.3830527 0.3835107 0.3087761 0.1093017 0.1219120 0.0945435 0.1000278 0.1008089 0.0885662 0.1070046 0.0967331 0.1004212 0.1037603 0.1079101 0.1044006 0.1146493 0.0986038 0.1214012 0.0969973 0.0977815 0.1242541 0.1103959 0.0000000 0.1017157 0.1001983 0.0974076 0.1990937 0.2798734 0.2848428 0.4108797 0.2525133 0.6715255 0.6846125 0.7494548 0.7284443 0.6828815 0.6992868 0.7350287 0.7215672 0.5687126 0.5554422 0.5564363 0.5471619 0.5515172 0.5484189 0.5747134 0.5607909 0.5609387 0.5809817 0.5637186 0.5720982 0.7037817 
S0016_G6854_R1_A 0.4173056 0.4282419 0.2583618 0.3350481 0.3386300 0.3294427 0.3268232 0.3428734 0.2834313 0.0689537 0.0828384 0.0449365 0.0571293 0.0566859 0.0490034 0.0586628 0.0548445 0.0589345 0.0592337 0.0578295 0.0670319 0.0719665 0.0606621 0.0823648 0.0541087 0.0551011 0.0820565 0.0564491 0.1017157 0.0000000 0.0534829 0.0572059 0.1541353 0.2359149 0.2387560 0.4021573 0.2084439 0.6434181 0.6602591 0.7124927 0.6883169 0.6111127 0.6279819 0.7025478 0.6800613 0.5381410 0.5278330 0.5365550 0.5212865 0.5254343 0.5206923 0.5458286 0.5340967 0.5343049 0.5455548 0.5316755 0.5396505 0.6734665 
S0023_G6854_R1_A 0.4414115 0.4510973 0.2758556 0.3555029 0.3613092 0.3549533 0.3598924 0.3641258 0.3038189 0.0765008 0.0764492 0.0588766 0.0616512 0.0534558 0.0486105 0.0554460 0.0456118 0.0579013 0.0659598 0.0639171 0.0658153 0.0693317 0.0582273 0.0862845 0.0523187 0.0504149 0.0785501 0.0619558 0.1001983 0.0534829 0.0000000 0.0527996 0.1486594 0.2495909 0.2533326 0.4012007 0.2113133 0.6780127 0.6656692 0.7191217 0.6977201 0.6046847 0.6184603 0.6866803 0.6846301 0.5271313 0.5200821 0.5269059 0.5156880 0.5198055 0.5156900 0.5403409 0.5280995 0.5264877 0.5318446 0.5222600 0.5301282 0.6816732 
S0028_G6854_R1_A 0.4288574 0.4374549 0.2825215 0.3503038 0.3548931 0.3585074 0.3597095 0.3672842 0.3100043 0.0746081 0.0780414 0.0568559 0.0597946 0.0536544 0.0487128 0.0606263 0.0505690 0.0571900 0.0625721 0.0582047 0.0638210 0.0747432 0.0576849 0.0820778 0.0474818 0.0533674 0.0779425 0.0607109 0.0974076 0.0572059 0.0527996 0.0000000 0.1556245 0.2442579 0.2479935 0.4137269 0.2122724 0.7020285 0.6732056 0.7171943 0.6925289 0.6123444 0.6341095 0.6871395 0.6929928 0.5534438 0.5423947 0.5475660 0.5382077 0.5424742 0.5351421 0.5638351 0.5432330 0.5459028 0.5616669 0.5468650 0.5550149 0.6912989 
S0005_G6854_R1_A 0.4603515 0.4655088 0.2431017 0.3366615 0.3423940 0.3211266 0.3411997 0.3589862 0.2601074 0.1839084 0.1809802 0.1535739 0.1637905 0.1566006 0.1461612 0.1560084 0.1489125 0.1538670 0.1675567 0.1659531 0.1588384 0.1751115 0.1642836 0.1878526 0.1532612 0.1570065 0.1789871 0.1637309 0.1990937 0.1541353 0.1486594 0.1556245 0.0000000 0.2081443 0.2128405 0.3869869 0.1990517 0.6720106 0.7162824 0.7212912 0.6962327 0.6507799 0.6689422 0.7423805 0.6933113 0.6440172 0.6384270 0.6459955 0.6331771 0.6373300 0.6419676 0.6648446 0.6519474 0.6449540 0.6496652 0.6580229 0.6675301 0.7987728 
S0033_G6854_R1_A 0.4546212 0.4558611 0.2083638 0.3157155 0.3208567 0.2846349 0.3000063 0.3176931 0.2308559 0.2657829 0.2607674 0.2433922 0.2509039 0.2451823 0.2433775 0.2484767 0.2404717 0.2494792 0.2441176 0.2532053 0.2501375 0.2601227 0.2462526 0.2783524 0.2491203 0.2489663 0.2618523 0.2549523 0.2798734 0.2359149 0.2495909 0.2442579 0.2081443 0.0000000 0.0147152 0.4102618 0.2859396 0.6402194 0.6604648 0.7952879 0.7705475 0.7148689 0.7336194 0.7319202 0.7137216 0.7301557 0.7154299 0.7210394 0.7146044 0.7123760 0.7254248 0.7333793 0.7272275 0.7214092 0.7232606 0.7200563 0.7211433 0.8433996 
S0033_G6854_R2_A 0.4553954 0.4566357 0.2132746 0.3200372 0.3252135 0.2880368 0.3067051 0.3245508 0.2321821 0.2664227 0.2645774 0.2450800 0.2525917 0.2489060 0.2470995 0.2532038 0.2421419 0.2532319 0.2502569 0.2524057 0.2538878 0.2638967 0.2479221 0.2800709 0.2528673 0.2503021 0.2656520 0.2587114 0.2848428 0.2387560 0.2533326 0.2479935 0.2128405 0.0147152 0.0000000 0.4174088 0.2853380 0.6602879 0.6599116 0.8024858 0.7801801 0.7249494 0.7439772 0.7436290 0.7263239 0.7313267 0.7166180 0.7222261 0.7157810 0.7135542 0.7265996 0.7345490 0.7284075 0.7225924 0.7244397 0.7234958 0.7245758 0.8405196 
S0006_G6854_R1_A 0.5260764 0.5234442 0.4371720 0.4433087 0.4452589 0.4769924 0.4923725 0.5024106 0.3825696 0.4190130 0.3992386 0.4074420 0.4029216 0.3886796 0.3971554 0.4049935 0.4020704 0.4013808 0.4002145 0.4122967 0.4102007 0.4251744 0.4127468 0.4015179 0.4035146 0.4077045 0.3919024 0.4171358 0.4108797 0.4021573 0.4012007 0.4137269 0.3869869 0.4102618 0.4174088 0.0000000 0.3806285 0.6624610 0.6828879 0.7475261 0.7125421 0.7147331 0.7273482 0.7523501 0.6697689 0.8841518 0.8574918 0.8844691 0.8529270 0.8536352 0.8699789 0.8749983 0.8684474 0.8719111 0.8841983 0.8799468 0.8848736 0.9433125 
S0035_G6854_R1_A 0.4488237 0.4592197 0.3102221 0.3815565 0.3891400 0.3766846 0.3935970 0.4109388 0.3244892 0.2385297 0.2320384 0.2136910 0.2253164 0.2080699 0.2018411 0.2131806 0.2094423 0.2184059 0.2236934 0.2170007 0.2239413 0.2266702 0.2182185 0.2456162 0.2072072 0.2137464 0.2323052 0.2207287 0.2525133 0.2084439 0.2113133 0.2122724 0.1990517 0.2859396 0.2853380 0.3806285 0.0000000 0.6785584 0.6502063 0.7438954 0.7142262 0.6616871 0.6723001 0.6839634 0.6787462 0.6966273 0.6790176 0.6939643 0.6777993 0.6823251 0.6745873 0.7096129 0.6936744 0.6936189 0.7056912 0.6974170 0.7028290 0.8196120 
S0049_G6854_R1_A 0.6931255 0.7047726 0.6600146 0.7315069 0.7362532 0.7038850 0.7252621 0.7503342 0.5068273 0.6865153 0.6840936 0.6835696 0.6993245 0.6904077 0.6766437 0.6776130 0.6673794 0.6787401 0.6748125 0.6941498 0.6965537 0.6810753 0.7019612 0.6947018 0.6885719 0.6762158 0.6732398 0.6832285 0.6715255 0.6434181 0.6780127 0.7020285 0.6720106 0.6402194 0.6602879 0.6624610 0.6785584 0.0000000 0.5717961 0.8309433 0.8279078 0.7905426 0.7756197 0.6702306 0.7009585 0.8148856 0.8042320 0.8222485 0.8250447 0.8265313 0.8221537 0.8029963 0.8274915 0.8175553 0.7976453 0.8143143 0.8318220 0.9048080 
S0003_G6854_R1_N 0.6982467 0.6995814 0.7037083 0.7844930 0.7964761 0.7588744 0.7462680 0.7586108 0.6391254 0.6671465 0.6841921 0.6622580 0.6660029 0.6580848 0.6525489 0.6485223 0.6504695 0.6706040 0.6674594 0.6699953 0.6752870 0.6520975 0.6731614 0.6577825 0.6605329 0.6529135 0.6627622 0.6829781 0.6846125 0.6602591 0.6656692 0.6732056 0.7162824 0.6604648 0.6599116 0.6828879 0.6502063 0.5717961 0.0000000 0.7763627 0.7948617 0.7140093 0.7246625 0.5351714 0.6295007 0.6803525 0.6770734 0.6837195 0.6868720 0.6969683 0.6772592 0.6605685 0.6757831 0.6775063 0.6832700 0.6849070 0.6892403 0.6971541 
S0025_G6854_R1_A 0.8319971 0.8430211 0.7812101 0.8866079 0.8783458 0.8519220 0.8833281 0.8774800 0.6830771 0.7143291 0.7595971 0.7034466 0.7200067 0.7106070 0.7017638 0.7151135 0.6894617 0.7140782 0.7364617 0.7557025 0.7151602 0.7493303 0.7170375 0.7412831 0.7205268 0.7252101 0.7567734 0.7439888 0.7494548 0.7124927 0.7191217 0.7171943 0.7212912 0.7952879 0.8024858 0.7475261 0.7438954 0.8309433 0.7763627 0.0000000 0.0485131 0.2121963 0.2304513 0.4050904 0.3928748 0.8769903 0.8839776 0.9075924 0.8799446 0.8816528 0.8750726 0.9069113 0.9318978 0.9009284 0.8968003 0.8931769 0.8881767 1.2369994 
S0029_G6854_R1_A 0.8039239 0.8147530 0.7611470 0.8373725 0.8269042 0.8037439 0.8436931 0.8342718 0.6649342 0.6866684 0.7325646 0.6830503 0.6892854 0.6870540 0.6812226 0.6968459 0.6684830 0.6925213 0.7076356 0.7431157 0.6828611 0.7230493 0.6874777 0.7184771 0.6967281 0.7066331 0.7401438 0.7243761 0.7284443 0.6883169 0.6977201 0.6925289 0.6962327 0.7705475 0.7801801 0.7125421 0.7142262 0.8279078 0.7948617 0.0485131 0.0000000 0.1952671 0.2102444 0.3859327 0.3569197 0.8752771 0.8929724 0.9074060 0.8782092 0.8799282 0.8805010 0.9051875 0.9385357 0.9101785 0.8949672 0.8968733 0.8938847 1.2142130 
S0032_G6854_R1_N 0.7497367 0.7526132 0.7103540 0.7968830 0.7975689 0.7719858 0.7978313 0.7811112 0.6770057 0.6478527 0.6410144 0.6141726 0.6302596 0.6111693 0.5920597 0.6039352 0.5964718 0.5951453 0.5967963 0.6526247 0.6010010 0.6428768 0.6139617 0.6449114 0.6010606 0.6045222 0.6455345 0.6114136 0.6828815 0.6111127 0.6046847 0.6123444 0.6507799 0.7148689 0.7249494 0.7147331 0.6616871 0.7905426 0.7140093 0.2121963 0.1952671 0.0000000 0.0226624 0.2727636 0.3141751 0.8441479 0.8317038 0.8492981 0.8204921 0.8219557 0.8172899 0.8427544 0.8641208 0.8412364 0.8422033 0.8231168 0.8237849 1.1395381 
S0024_G6854_R1_A 0.7610447 0.7639768 0.7299401 0.7997964 0.8004811 0.7935294 0.8075620 0.7913560 0.6893442 0.6683731 0.6621680 0.6362744 0.6471844 0.6349901 0.6157984 0.6269333 0.6212366 0.6176511 0.6181927 0.6699170 0.6168668 0.6551317 0.6336928 0.6663733 0.6256481 0.6273359 0.6712875 0.6291951 0.6992868 0.6279819 0.6184603 0.6341095 0.6689422 0.7336194 0.7439772 0.7273482 0.6723001 0.7756197 0.7246625 0.2304513 0.2102444 0.0226624 0.0000000 0.2920244 0.3235334 0.8351577 0.8193683 0.8366615 0.8115943 0.8130394 0.8083759 0.8368959 0.8614317 0.8288281 0.8331606 0.8141370 0.8147686 1.1273222 
S0032_G6854_R2_N 0.8170216 0.8385961 0.7421354 0.7528020 0.7548902 0.7433273 0.8065286 0.8573686 0.7263831 0.7482512 0.7045079 0.6976423 0.7418115 0.7056109 0.6694201 0.6904220 0.6893008 0.6837822 0.6776632 0.7304890 0.6866229 0.6879473 0.6798218 0.7336977 0.6944383 0.6900929 0.7167849 0.6725902 0.7350287 0.7025478 0.6866803 0.6871395 0.7423805 0.7319202 0.7436290 0.7523501 0.6839634 0.6702306 0.5351714 0.4050904 0.3859327 0.2727636 0.2920244 0.0000000 0.0895183 0.7488225 0.7320129 0.7454881 0.7529128 0.7510174 0.7529825 0.7357690 0.7394503 0.7434665 0.7350833 0.7480109 0.7278958 0.7774545 
S0001_G6854_R1_A 0.7435648 0.7548177 0.7165139 0.7732571 0.7744187 0.7373600 0.7715512 0.8113505 0.6884563 0.7168215 0.7038904 0.6884426 0.7176331 0.6833069 0.6721591 0.6775395 0.6848790 0.6753756 0.6744635 0.7163329 0.6790338 0.6948344 0.6801107 0.7037128 0.6849676 0.6970350 0.7062297 0.6885670 0.7215672 0.6800613 0.6846301 0.6929928 0.6933113 0.7137216 0.7263239 0.6697689 0.6787462 0.7009585 0.6295007 0.3928748 0.3569197 0.3141751 0.3235334 0.0895183 0.0000000 0.8154743 0.8028930 0.8160640 0.8232968 0.8319413 0.8181983 0.8148060 0.8057881 0.8060438 0.8049205 0.8278686 0.8050789 0.9256722 
S0042_G6854_R1_N 0.8858539 0.9194772 0.7228199 0.8146923 0.8156756 0.7934179 0.8163897 0.8327316 0.7242571 0.5685644 0.5762785 0.5410195 0.5648150 0.5565992 0.5468531 0.5362689 0.5421015 0.5524103 0.5638227 0.5675194 0.5691465 0.5843989 0.5545345 0.5811282 0.5589967 0.5379379 0.5667994 0.5636343 0.5687126 0.5381410 0.5271313 0.5534438 0.6440172 0.7301557 0.7313267 0.8841518 0.6966273 0.8148856 0.6803525 0.8769903 0.8752771 0.8441479 0.8351577 0.7488225 0.8154743 0.0000000 0.0326843 0.0370829 0.0341558 0.0359320 0.0333087 0.0377089 0.0441858 0.0325596 0.0194317 0.0466130 0.0422021 0.1757885 
S0047_G6854_R1_N 0.8613008 0.8938887 0.7228035 0.8090215 0.8125982 0.7932620 0.8267833 0.8275511 0.7095731 0.5582912 0.5750836 0.5290167 0.5527941 0.5457795 0.5341212 0.5216127 0.5311966 0.5415915 0.5573331 0.5550315 0.5572185 0.5680342 0.5444251 0.5740365 0.5497795 0.5287433 0.5619797 0.5527766 0.5554422 0.5278330 0.5200821 0.5423947 0.6384270 0.7154299 0.7166180 0.8574918 0.6790176 0.8042320 0.6770734 0.8839776 0.8929724 0.8317038 0.8193683 0.7320129 0.8028930 0.0326843 0.0000000 0.0092672 0.0273744 0.0291408 0.0265243 0.0273745 0.0354565 0.0075612 0.0319913 0.0397369 0.0352859 0.1610907 
S0041_G6854_R1_N 0.8776675 0.9111238 0.7235520 0.8097666 0.8133551 0.7978437 0.8330699 0.8336383 0.7106305 0.5666638 0.5754114 0.5333096 0.5584165 0.5447364 0.5348617 0.5259789 0.5381117 0.5448798 0.5606058 0.5553276 0.5544796 0.5795075 0.5532611 0.5791270 0.5531436 0.5319933 0.5622876 0.5598171 0.5564363 0.5365550 0.5269059 0.5475660 0.6459955 0.7210394 0.7222261 0.8844691 0.6939643 0.8222485 0.6837195 0.9075924 0.9074060 0.8492981 0.8366615 0.7454881 0.8160640 0.0370829 0.0092672 0.0000000 0.0316918 0.0334688 0.0290698 0.0334901 0.0398865 0.0134920 0.0373019 0.0431625 0.0378697 0.1686275 
S0044_G6854_R1_N 0.8619357 0.8983349 0.6973255 0.7956849 0.7991399 0.7841730 0.8103515 0.8138196 0.7188900 0.5541862 0.5678465 0.5260368 0.5487799 0.5378476 0.5316135 0.5208998 0.5266365 0.5317856 0.5465307 0.5537046 0.5516109 0.5702913 0.5412884 0.5688657 0.5417046 0.5192443 0.5549594 0.5519927 0.5471619 0.5212865 0.5156880 0.5382077 0.6331771 0.7146044 0.7157810 0.8529270 0.6777993 0.8250447 0.6868720 0.8799446 0.8782092 0.8204921 0.8115943 0.7529128 0.8232968 0.0341558 0.0273744 0.0316918 0.0000000 0.0032992 0.0141774 0.0350042 0.0423134 0.0298807 0.0352730 0.0367752 0.0342176 0.1748269 
S0045_G6854_R2_A 0.8736758 0.9105190 0.7031044 0.8074288 0.8109587 0.7853233 0.8120767 0.8179388 0.7234275 0.5585707 0.5722536 0.5302429 0.5531118 0.5420672 0.5377510 0.5250396 0.5307958 0.5379289 0.5508029 0.5580446 0.5562609 0.5747991 0.5455564 0.5733597 0.5479600 0.5253833 0.5593190 0.5526213 0.5515172 0.5254343 0.5198055 0.5424742 0.6373300 0.7123760 0.7135542 0.8536352 0.6823251 0.8265313 0.6969683 0.8816528 0.8799282 0.8219557 0.8130394 0.7510174 0.8319413 0.0359320 0.0291408 0.0334688 0.0032992 0.0000000 0.0158748 0.0367817 0.0423446 0.0299025 0.0370647 0.0368021 0.0342425 0.1762934 
S0045_G6854_R1_A 0.8748813 0.9042668 0.7021268 0.8031047 0.8066137 0.7737866 0.8157776 0.8193060 0.7208566 0.5536347 0.5673237 0.5271141 0.5482228 0.5372804 0.5294879 0.5209185 0.5266737 0.5331464 0.5459761 0.5531577 0.5516094 0.5704809 0.5413744 0.5683350 0.5399536 0.5223460 0.5618785 0.5504079 0.5484189 0.5206923 0.5156900 0.5351421 0.6419676 0.7254248 0.7265996 0.8699789 0.6745873 0.8221537 0.6772592 0.8750726 0.8805010 0.8172899 0.8083759 0.7529825 0.8181983 0.0333087 0.0265243 0.0290698 0.0141774 0.0158748 0.0000000 0.0323759 0.0432373 0.0281633 0.0344196 0.0367989 0.0351215 0.1733613 
S0038_G6854_R2_A 0.8935245 0.9274053 0.7159223 0.8026062 0.8060874 0.7758400 0.8150113 0.8250668 0.7113872 0.5709446 0.5936757 0.5487751 0.5741228 0.5569149 0.5508456 0.5372935 0.5432256 0.5620107 0.5716379 0.5721502 0.5737361 0.5974956 0.5649041 0.5930845 0.5631861 0.5456370 0.5750385 0.5762094 0.5747134 0.5458286 0.5403409 0.5638351 0.6648446 0.7333793 0.7345490 0.8749983 0.7096129 0.8029963 0.6605685 0.9069113 0.9051875 0.8427544 0.8368959 0.7357690 0.8148060 0.0377089 0.0273745 0.0334901 0.0350042 0.0367817 0.0323759 0.0000000 0.0432048 0.0272725 0.0334190 0.0474965 0.0448581 0.1506403 
S0040_G6854_R1_N 0.8624213 0.8936630 0.7184252 0.7912991 0.7921799 0.7944692 0.8204036 0.8285227 0.7277600 0.5725576 0.5742133 0.5351595 0.5603068 0.5496147 0.5391986 0.5333720 0.5392982 0.5501392 0.5592461 0.5602615 0.5599793 0.5720786 0.5531975 0.5756929 0.5569208 0.5338501 0.5590477 0.5599655 0.5607909 0.5340967 0.5280995 0.5432330 0.6519474 0.7272275 0.7284075 0.8684474 0.6936744 0.8274915 0.6757831 0.9318978 0.9385357 0.8641208 0.8614317 0.7394503 0.8057881 0.0441858 0.0354565 0.0398865 0.0423134 0.0423446 0.0432373 0.0432048 0.0000000 0.0353270 0.0480498 0.0541314 0.0496530 0.1842773 
S0043_G6854_R1_N 0.8699467 0.8993424 0.7276263 0.8130021 0.8166012 0.7896610 0.8377010 0.8316562 0.7080924 0.5660544 0.5799008 0.5353663 0.5604546 0.5491186 0.5393942 0.5280212 0.5393260 0.5469078 0.5600350 0.5597779 0.5653167 0.5826474 0.5507141 0.5811706 0.5551772 0.5340611 0.5667662 0.5618483 0.5609387 0.5343049 0.5264877 0.5459028 0.6449540 0.7214092 0.7225924 0.8719111 0.6936189 0.8175553 0.6775063 0.9009284 0.9101785 0.8412364 0.8288281 0.7434665 0.8060438 0.0325596 0.0075612 0.0134920 0.0298807 0.0299025 0.0281633 0.0272725 0.0353270 0.0000000 0.0336273 0.0351790 0.0316436 0.1664546 
S0038_G6854_R1_A 0.8972467 0.9314780 0.7103458 0.8090350 0.8126082 0.7765376 0.8223468 0.8322074 0.7223440 0.5764818 0.5901096 0.5485219 0.5707566 0.5605259 0.5574693 0.5385210 0.5433220 0.5620515 0.5716315 0.5754502 0.5777017 0.5902890 0.5582494 0.5905390 0.5655652 0.5485434 0.5785882 0.5731321 0.5809817 0.5455548 0.5318446 0.5616669 0.6496652 0.7232606 0.7244397 0.8841983 0.7056912 0.7976453 0.6832700 0.8968003 0.8949672 0.8422033 0.8331606 0.7350833 0.8049205 0.0194317 0.0319913 0.0373019 0.0352730 0.0370647 0.0344196 0.0334190 0.0480498 0.0336273 0.0000000 0.0487293 0.0442780 0.1638781 
S0041_G6854_R2_N 0.8875428 0.9141924 0.7319245 0.8154208 0.8214062 0.7963908 0.8335565 0.8331384 0.7172085 0.5631761 0.5806423 0.5338589 0.5576306 0.5464070 0.5403674 0.5256182 0.5350113 0.5422477 0.5572453 0.5606960 0.5610635 0.5802555 0.5479721 0.5841431 0.5506911 0.5296137 0.5696026 0.5590225 0.5637186 0.5316755 0.5222600 0.5468650 0.6580229 0.7200563 0.7234958 0.8799468 0.6974170 0.8143143 0.6849070 0.8931769 0.8968733 0.8231168 0.8141370 0.7480109 0.8278686 0.0466130 0.0397369 0.0431625 0.0367752 0.0368021 0.0367989 0.0474965 0.0541314 0.0351790 0.0487293 0.0000000 0.0134236 0.1794757 
S0043_G6854_R2_N 0.8989675 0.9260158 0.7273321 0.8273024 0.8309780 0.7955404 0.8397890 0.8337640 0.7299169 0.5715413 0.5871164 0.5418886 0.5658982 0.5525950 0.5483870 0.5315606 0.5429630 0.5502879 0.5654169 0.5689587 0.5707809 0.5888586 0.5561041 0.5867300 0.5588613 0.5376563 0.5739671 0.5672801 0.5720982 0.5396505 0.5301282 0.5550149 0.6675301 0.7211433 0.7245758 0.8848736 0.7028290 0.8318220 0.6892403 0.8881767 0.8938847 0.8237849 0.8147686 0.7278958 0.8050789 0.0422021 0.0352859 0.0378697 0.0342176 0.0342425 0.0351215 0.0448581 0.0496530 0.0316436 0.0442780 0.0134236 0.0000000 0.1740850 
S0042_G6854_R2_N 0.9463247 0.9908797 0.8814042 0.8945008 0.9049727 0.9022281 0.8805904 0.9387089 0.7313647 0.6950675 0.6989908 0.6721511 0.6999098 0.6846135 0.6668103 0.6915169 0.6908370 0.6932899 0.6961855 0.6938553 0.7021226 0.7377932 0.6985975 0.7021718 0.6815818 0.6682798 0.6973967 0.7099980 0.7037817 0.6734665 0.6816732 0.6912989 0.7987728 0.8433996 0.8405196 0.9433125 0.8196120 0.9048080 0.6971541 1.2369994 1.2142130 1.1395381 1.1273222 0.7774545 0.9256722 0.1757885 0.1610907 0.1686275 0.1748269 0.1762934 0.1733613 0.1506403 0.1842773 0.1664546 0.1638781 0.1794757 0.1740850 0.0000000 
