58
S0018_G6924_R1_A 0.0000000 0.0361613 0.0670831 0.0745270 0.0816840 0.0897625 0.0561361 0.0788701 0.0742057 0.0981299 0.0701319 0.0678831 0.0672554 0.0669099 0.0525945 0.0679699 0.0720343 0.0676141 0.1179224 0.0788512 0.0576212 0.0735970 0.3229469 0.4946358 0.4118598 0.4058934 0.4501279 0.5220485 0.5800906 0.4689518 0.4689518 0.6272840 0.6189993 0.2696026 0.6644505 0.5328857 0.4708313 0.4907090 0.4010997 0.2347465 0.5914470 0.5987656 0.5654137 0.5831107 0.5932082 0.6409007 0.6486243 0.6241669 0.6160561 0.6194695 0.6147007 0.6284714 0.6126701 0.6229327 0.6061118 0.6213186 0.6298372 0.9546032 
S0031_G6924_R1_A 0.0361613 0.0000000 0.0710356 0.0786513 0.0813212 0.0938090 0.0580264 0.0786571 0.0753802 0.0991339 0.0740893 0.0739364 0.0676673 0.0704194 0.0500700 0.0663353 0.0737801 0.0736913 0.1243988 0.0799207 0.0601799 0.0700988 0.3233785 0.5008894 0.4176795 0.4186134 0.4481768 0.5243790 0.5867663 0.4813100 0.4813100 0.6304808 0.6180574 0.2901226 0.6794647 0.5490165 0.4916554 0.5083792 0.4087730 0.2466871 0.6022860 0.5982132 0.5724841 0.5868478 0.5939161 0.6487529 0.6464990 0.6201111 0.6278388 0.6312895 0.6231777 0.6398782 0.6213179 0.6332316 0.6164521 0.6285537 0.6451388 0.9420845 
S0011_G6924_R1_A 0.0670831 0.0710356 0.0000000 0.0757807 0.0814291 0.0806615 0.0650553 0.0810496 0.0717805 0.1036368 0.0699175 0.0735282 0.0575174 0.0586993 0.0484531 0.0655467 0.0674920 0.0674575 0.1327884 0.0713719 0.0505132 0.0645096 0.3247123 0.4913669 0.4070010 0.4052767 0.4726907 0.5201176 0.5689492 0.4678633 0.4678633 0.6191050 0.6083875 0.2709083 0.6458918 0.5285356 0.4801617 0.4933932 0.3911787 0.2378925 0.5897890 0.6039501 0.5783641 0.6003876 0.5943926 0.6492416 0.6451272 0.6311607 0.6372354 0.6407177 0.6394103 0.6499987 0.6357575 0.6443461 0.6290646 0.6469809 0.6533119 0.9327535 
S0021_G6924_R1_U 0.0745270 0.0786513 0.0757807 0.0000000 0.0882703 0.0907524 0.0723479 0.0882917 0.0727482 0.1138877 0.0775283 0.0788752 0.0703679 0.0654333 0.0557412 0.0743453 0.0677964 0.0761970 0.1314810 0.0801899 0.0619518 0.0766828 0.3152744 0.4864877 0.4165943 0.4136882 0.4556535 0.5104676 0.5789980 0.4879234 0.4879234 0.6286322 0.6211457 0.2692577 0.6579115 0.5382173 0.4850572 0.5059288 0.4071959 0.2507201 0.6081689 0.6241520 0.5963338 0.6088816 0.6055177 0.6746055 0.6617461 0.6323275 0.6521617 0.6525853 0.6502265 0.6646737 0.6485366 0.6570707 0.6474085 0.6623560 0.6606325 0.9483184 
S0048_G6924_R1_A 0.0816840 0.0813212 0.0814291 0.0882703 0.0000000 0.0936419 0.0778290 0.0262541 0.0866707 0.1144832 0.0794810 0.0770598 0.0755545 0.0742550 0.0653312 0.0717789 0.0813653 0.0796126 0.1414437 0.0875607 0.0635007 0.0821250 0.3364564 0.4953355 0.4243318 0.4175938 0.4691594 0.5364801 0.6218675 0.4893451 0.4893451 0.6659866 0.6510015 0.2802577 0.6822053 0.5554229 0.4872182 0.4983038 0.4128770 0.2542978 0.6081416 0.6127303 0.5862967 0.6037886 0.6112204 0.6536892 0.6716429 0.6193182 0.6449188 0.6485418 0.6461126 0.6603871 0.6480330 0.6551202 0.6349492 0.6468010 0.6496624 0.9588460 
S0046_G6924_R1_A 0.0897625 0.0938090 0.0806615 0.0907524 0.0936419 0.0000000 0.0870212 0.0954489 0.0917747 0.1248790 0.0829284 0.0891401 0.0854560 0.0802966 0.0736561 0.0818286 0.0863802 0.0865787 0.1472246 0.0868988 0.0664595 0.0921735 0.3240220 0.4892928 0.4151377 0.4038472 0.4585505 0.5390610 0.5561593 0.4938794 0.4938794 0.6321381 0.6238440 0.2524311 0.6846473 0.5396199 0.4835538 0.5089866 0.4253638 0.2431253 0.6160175 0.6104744 0.5941069 0.6018246 0.6113331 0.6564523 0.6496994 0.6301514 0.6728075 0.6746505 0.6770394 0.6851036 0.6735900 0.6804979 0.6635942 0.6855390 0.6865167 0.9944305 
S0004_G6924_R1_A 0.0561361 0.0580264 0.0650553 0.0723479 0.0778290 0.0870212 0.0000000 0.0749869 0.0734152 0.0924792 0.0645888 0.0686842 0.0669528 0.0632043 0.0572450 0.0585505 0.0664933 0.0682302 0.1214790 0.0743344 0.0500729 0.0717641 0.3366829 0.4991749 0.4160719 0.4232506 0.4521936 0.5069880 0.5997956 0.4980739 0.4980739 0.6257433 0.6209496 0.2857972 0.6675252 0.5301793 0.4748109 0.4953755 0.4078326 0.2354263 0.5952036 0.5952446 0.5798591 0.5902491 0.5950732 0.6536410 0.6329965 0.6431687 0.6048504 0.6082228 0.6036030 0.6201306 0.6016651 0.6100165 0.5985817 0.6088074 0.6202255 0.9190689 
S0050_G6924_R1_A 0.0788701 0.0786571 0.0810496 0.0882917 0.0262541 0.0954489 0.0749869 0.0000000 0.0867537 0.1076967 0.0788752 0.0755741 0.0774887 0.0756195 0.0673317 0.0747781 0.0770476 0.0752028 0.1333907 0.0881827 0.0629599 0.0862411 0.3320217 0.4685384 0.4078943 0.3994285 0.4527663 0.5190020 0.5956183 0.4582893 0.4582893 0.6569826 0.6437390 0.2704977 0.6686276 0.5115497 0.4578977 0.4679377 0.3704714 0.2491557 0.5767694 0.5830685 0.5563368 0.5706689 0.5833611 0.6407685 0.6509470 0.5968733 0.6520798 0.6551449 0.6533844 0.6614012 0.6555005 0.6622201 0.6396889 0.6560002 0.6590704 0.9226709 
S0026_G6924_R1_A 0.0742057 0.0753802 0.0717805 0.0727482 0.0866707 0.0917747 0.0734152 0.0867537 0.0000000 0.1173133 0.0719337 0.0771763 0.0689575 0.0681288 0.0577026 0.0741069 0.0649559 0.0734881 0.1368933 0.0776255 0.0603123 0.0781169 0.3154344 0.4649299 0.4029222 0.4213703 0.4581553 0.5191956 0.5984889 0.4779836 0.4779836 0.6222879 0.6134068 0.2703984 0.6320927 0.5324984 0.4780829 0.4930780 0.4154715 0.2673494 0.5976520 0.6002619 0.5729073 0.5977960 0.5860492 0.6505327 0.6532316 0.6316702 0.6312025 0.6341879 0.6350240 0.6432189 0.6300930 0.6418868 0.6292266 0.6398998 0.6463135 0.9682934 
S0012_G6924_R1_A 0.0981299 0.0991339 0.1036368 0.1138877 0.1144832 0.1248790 0.0924792 0.1076967 0.1173133 0.0000000 0.1002336 0.1047332 0.0948974 0.0950983 0.0817249 0.0984038 0.1045770 0.1034819 0.1556394 0.1049783 0.0920090 0.0975592 0.3482923 0.5182166 0.4513910 0.4472494 0.4851670 0.5555679 0.6115058 0.5098932 0.5098932 0.6611837 0.6512947 0.2945774 0.6459178 0.5463745 0.5014615 0.5102429 0.3995113 0.2701844 0.6307851 0.6214322 0.5991367 0.6124187 0.6278955 0.6772769 0.6710374 0.6364883 0.6324796 0.6415041 0.6257963 0.6511532 0.6210061 0.6344525 0.6203559 0.6379812 0.6418961 0.9306351 
S0030_G6924_R1_A 0.0701319 0.0740893 0.0699175 0.0775283 0.0794810 0.0829284 0.0645888 0.0788752 0.0719337 0.1002336 0.0000000 0.0671218 0.0648497 0.0648278 0.0575449 0.0665052 0.0712380 0.0683369 0.1272741 0.0744951 0.0541210 0.0711422 0.3157695 0.4895650 0.4176966 0.4316894 0.4799073 0.5328895 0.5869612 0.4818561 0.4818561 0.6590200 0.6492940 0.2572538 0.6762707 0.5576103 0.5006146 0.5044779 0.4223332 0.2384630 0.6196577 0.6309863 0.6012588 0.6210045 0.6218139 0.6663865 0.6634116 0.6519011 0.6621361 0.6657394 0.6626144 0.6734779 0.6609861 0.6696088 0.6575715 0.6682484 0.6731586 0.9592080 
S0013_G6924_R1_A 0.0678831 0.0739364 0.0735282 0.0788752 0.0770598 0.0891401 0.0686842 0.0755741 0.0771763 0.1047332 0.0671218 0.0000000 0.0701438 0.0650197 0.0560457 0.0641351 0.0741209 0.0688942 0.1327001 0.0770823 0.0560375 0.0741948 0.3241187 0.4896599 0.4164494 0.4237752 0.4456393 0.5056299 0.5741552 0.4726024 0.4726024 0.6296841 0.6189072 0.2598618 0.6509865 0.5254868 0.4692692 0.4859380 0.3898246 0.2487315 0.6170934 0.6309552 0.6072487 0.6174603 0.6181631 0.6606159 0.6534050 0.6308567 0.6462521 0.6462251 0.6478633 0.6613976 0.6448336 0.6551792 0.6381539 0.6516460 0.6563353 0.9557121 
S0002_G6924_R1_A 0.0672554 0.0676673 0.0575174 0.0703679 0.0755545 0.0854560 0.0669528 0.0774887 0.0689575 0.0948974 0.0648497 0.0701438 0.0000000 0.0543634 0.0512937 0.0644733 0.0667309 0.0690128 0.1297721 0.0738975 0.0533748 0.0576753 0.2833092 0.4513579 0.3958000 0.4157775 0.4445223 0.4985308 0.5458478 0.4794916 0.4794916 0.6057224 0.5964305 0.2620303 0.6261618 0.4826376 0.4666327 0.4812492 0.4192273 0.2474375 0.5953898 0.5879911 0.5691183 0.5857939 0.5980928 0.6479077 0.6339860 0.5985577 0.6189777 0.6244860 0.6160493 0.6276730 0.6137537 0.6211951 0.6087167 0.6172783 0.6274629 0.9615297 
S0020_G6924_R1_A 0.0669099 0.0704194 0.0586993 0.0654333 0.0742550 0.0802966 0.0632043 0.0756195 0.0681288 0.0950983 0.0648278 0.0650197 0.0543634 0.0000000 0.0238809 0.0613610 0.0631242 0.0620460 0.1219071 0.0613733 0.0497633 0.0633014 0.3054760 0.4763005 0.4009112 0.4077012 0.4444544 0.5115388 0.5874680 0.4734466 0.4734466 0.6283249 0.6277135 0.2625935 0.6416879 0.5200505 0.4673094 0.4806029 0.3978195 0.2365917 0.6106552 0.6132013 0.5837961 0.6007474 0.6069144 0.6429506 0.6462628 0.6171549 0.6314477 0.6325227 0.6318549 0.6394938 0.6299944 0.6387919 0.6191434 0.6449792 0.6389611 0.9313775 
S0019_G6924_R1_A 0.0525945 0.0500700 0.0484531 0.0557412 0.0653312 0.0736561 0.0572450 0.0673317 0.0577026 0.0817249 0.0575449 0.0560457 0.0512937 0.0238809 0.0000000 0.0488897 0.0531821 0.0600983 0.1111652 0.0592577 0.0432841 0.0533993 0.2594633 0.4109062 0.3742221 0.3933774 0.4213190 0.4738889 0.5428222 0.4753002 0.4753002 0.5822317 0.5732745 0.2298179 0.6332886 0.4656236 0.4394401 0.4572112 0.3950724 0.2374815 0.5763841 0.5720148 0.5533369 0.5672809 0.5785734 0.6316080 0.6138743 0.5676983 0.6393320 0.6424310 0.6341101 0.6495087 0.6339402 0.6396127 0.6216433 0.6464536 0.6485601 0.9341970 
S0016_G6924_R1_A 0.0679699 0.0663353 0.0655467 0.0743453 0.0717789 0.0818286 0.0585505 0.0747781 0.0741069 0.0984038 0.0665052 0.0641351 0.0644733 0.0613610 0.0488897 0.0000000 0.0720409 0.0688163 0.1251295 0.0726560 0.0539871 0.0701290 0.3164367 0.4836897 0.4022426 0.4159032 0.4461599 0.5105237 0.5737127 0.4722016 0.4722016 0.6246863 0.6163106 0.2692462 0.6502495 0.5231481 0.4681393 0.4829904 0.3970481 0.2290157 0.6027625 0.5989365 0.5756906 0.5841803 0.5866234 0.6358645 0.6312737 0.6082196 0.6266313 0.6301086 0.6270082 0.6412679 0.6251805 0.6299991 0.6221307 0.6361985 0.6462955 0.9093488 
S0023_G6924_R1_A 0.0720343 0.0737801 0.0674920 0.0677964 0.0813653 0.0863802 0.0664933 0.0770476 0.0649559 0.1045770 0.0712380 0.0741209 0.0667309 0.0631242 0.0531821 0.0720409 0.0000000 0.0708848 0.1287462 0.0734953 0.0545560 0.0705496 0.3028514 0.4861259 0.4129218 0.4220770 0.4765623 0.5243532 0.5662239 0.4689908 0.4689908 0.6368812 0.6252189 0.2603908 0.6811757 0.5519745 0.4861572 0.5010703 0.3970903 0.2349096 0.5944972 0.5990095 0.5683454 0.5880164 0.5937039 0.6339049 0.6362546 0.6361667 0.6464806 0.6486986 0.6469138 0.6595894 0.6495310 0.6537307 0.6419855 0.6584463 0.6574252 0.9395302 
S0022_G6924_R1_A 0.0676141 0.0736913 0.0674575 0.0761970 0.0796126 0.0865787 0.0682302 0.0752028 0.0734881 0.1034819 0.0683369 0.0688942 0.0690128 0.0620460 0.0600983 0.0688163 0.0708848 0.0000000 0.1299890 0.0687539 0.0515680 0.0786108 0.3338222 0.5073121 0.4268786 0.4400227 0.4684132 0.5277059 0.5892926 0.4988470 0.4988470 0.6329343 0.6246704 0.2774123 0.6732278 0.5517445 0.4947250 0.5027827 0.4208228 0.2427486 0.5688376 0.5877086 0.5681765 0.5821811 0.5747759 0.6418581 0.6434559 0.6222673 0.6247949 0.6282688 0.6286762 0.6373049 0.6289915 0.6353650 0.6201561 0.6395939 0.6398198 0.9532426 
S0037_G6924_R1_A 0.1179224 0.1243988 0.1327884 0.1314810 0.1414437 0.1472246 0.1214790 0.1333907 0.1368933 0.1556394 0.1272741 0.1327001 0.1297721 0.1219071 0.1111652 0.1251295 0.1287462 0.1299890 0.0000000 0.1388256 0.1110991 0.1252572 0.3570780 0.4958844 0.4129699 0.4147257 0.5072579 0.5777201 0.6099702 0.4844904 0.4844904 0.6750937 0.6641181 0.2974439 0.6910872 0.5581426 0.4934473 0.5075965 0.4005743 0.2518228 0.6156775 0.6275967 0.6218929 0.6222954 0.6137250 0.6573082 0.6661872 0.6860937 0.7032792 0.7062646 0.7058189 0.7209100 0.7061958 0.7125342 0.6844609 0.7040383 0.7081058 0.9764406 
S0017_G6924_R1_A 0.0788512 0.0799207 0.0713719 0.0801899 0.0875607 0.0868988 0.0743344 0.0881827 0.0776255 0.1049783 0.0744951 0.0770823 0.0738975 0.0613733 0.0592577 0.0726560 0.0734953 0.0687539 0.1388256 0.0000000 0.0609427 0.0811569 0.3273453 0.4902990 0.4074856 0.4128703 0.4530579 0.5222909 0.5793252 0.4687001 0.4687001 0.6396690 0.6290538 0.2650004 0.6526970 0.5243900 0.4836006 0.5035846 0.4289307 0.2439343 0.5993526 0.6141437 0.5870324 0.6021128 0.5959433 0.6519679 0.6509234 0.6287953 0.6406765 0.6442122 0.6374075 0.6537024 0.6363577 0.6441932 0.6305878 0.6495476 0.6514411 0.9225105 
S0028_G6924_R1_A 0.0576212 0.0601799 0.0505132 0.0619518 0.0635007 0.0664595 0.0500729 0.0629599 0.0603123 0.0920090 0.0541210 0.0560375 0.0533748 0.0497633 0.0432841 0.0539871 0.0545560 0.0515680 0.1110991 0.0609427 0.0000000 0.0595991 0.3092821 0.4871950 0.4089267 0.4136019 0.4729405 0.5221623 0.5769200 0.4775103 0.4775103 0.6221598 0.6120545 0.2543861 0.6605425 0.5368557 0.4765401 0.4914619 0.4083132 0.2268651 0.5824435 0.5854438 0.5615459 0.5758041 0.5782189 0.6279485 0.6207261 0.6254452 0.6347158 0.6382144 0.6351182 0.6474952 0.6333384 0.6418489 0.6240049 0.6425631 0.6401149 0.9161227 
S0036_G6924_R1_U 0.0735970 0.0700988 0.0645096 0.0766828 0.0821250 0.0921735 0.0717641 0.0862411 0.0781169 0.0975592 0.0711422 0.0741948 0.0576753 0.0633014 0.0533993 0.0701290 0.0705496 0.0786108 0.1252572 0.0811569 0.0595991 0.0000000 0.2880522 0.4475263 0.3930909 0.4102255 0.4351278 0.4931439 0.5721729 0.4781900 0.4781900 0.6057085 0.5948250 0.2714950 0.6310484 0.4984954 0.4774793 0.4900423 0.4233071 0.2505391 0.6076637 0.6122530 0.5958872 0.6090922 0.6105362 0.6621762 0.6495791 0.5887047 0.6290711 0.6310763 0.6330971 0.6439630 0.6261618 0.6370146 0.6145013 0.6338187 0.6378088 0.9413599 
S0035_G6924_R1_A 0.3229469 0.3233785 0.3247123 0.3152744 0.3364564 0.3240220 0.3366829 0.3320217 0.3154344 0.3482923 0.3157695 0.3241187 0.2833092 0.3054760 0.2594633 0.3164367 0.3028514 0.3338222 0.3570780 0.3273453 0.3092821 0.2880522 0.0000000 0.4972402 0.4568784 0.4044217 0.4986239 0.5442720 0.3216562 0.4605140 0.4605140 0.7101206 0.6987628 0.2871246 0.6762927 0.5490433 0.4978520 0.5164539 0.3989354 0.4463810 0.7579746 0.7516954 0.7378605 0.7421514 0.7428483 0.7861407 0.7543867 0.7058244 0.7893954 0.7930289 0.7900208 0.7999459 0.7818761 0.7843659 0.7777178 0.7874105 0.8028776 1.0824968 
S0015_G6924_R2_A 0.4946358 0.5008894 0.4913669 0.4864877 0.4953355 0.4892928 0.4991749 0.4685384 0.4649299 0.5182166 0.4895650 0.4896599 0.4513579 0.4763005 0.4109062 0.4836897 0.4861259 0.5073121 0.4958844 0.4902990 0.4871950 0.4475263 0.4972402 0.0000000 0.1524652 0.3174398 0.4170733 0.4544636 0.7788737 0.2606897 0.2606897 0.7365115 0.7258789 0.4673890 0.5745664 0.4283010 0.4021072 0.4334987 0.3092340 0.5750674 0.7706492 0.8033961 0.7787351 0.7938084 0.7640777 0.8095248 0.7707327 0.7022343 0.7535874 0.7551425 0.7391367 0.7482904 0.7354887 0.7447047 0.7280129 0.7264026 0.7318451 1.0645770 
S0008_G6924_R1_A 0.4118598 0.4176795 0.4070010 0.4165943 0.4243318 0.4151377 0.4160719 0.4078943 0.4029222 0.4513910 0.4176966 0.4164494 0.3958000 0.4009112 0.3742221 0.4022426 0.4129218 0.4268786 0.4129699 0.4074856 0.4089267 0.3930909 0.4568784 0.1524652 0.0000000 0.2949514 0.4180608 0.4527636 0.7450158 0.2399311 0.2399311 0.6862944 0.6735654 0.4086726 0.5703828 0.3954104 0.3882555 0.4139305 0.2977454 0.5014589 0.6927625 0.7327409 0.7022302 0.7240194 0.6848096 0.7294953 0.7241031 0.6448227 0.7180886 0.7196198 0.7165414 0.7180840 0.7086486 0.7238326 0.6992403 0.7049615 0.7340854 0.9599164 
S0033_G6924_R1_A 0.4058934 0.4186134 0.4052767 0.4136882 0.4175938 0.4038472 0.4232506 0.3994285 0.4213703 0.4472494 0.4316894 0.4237752 0.4157775 0.4077012 0.3933774 0.4159032 0.4220770 0.4400227 0.4147257 0.4128703 0.4136019 0.4102255 0.4044217 0.3174398 0.2949514 0.0000000 0.5202683 0.5366159 0.7045813 0.3930339 0.3930339 0.7022871 0.6839120 0.3836871 0.5912017 0.4629428 0.4488381 0.4744404 0.3782005 0.5001682 0.7023525 0.6961914 0.6997128 0.7079475 0.6911771 0.7171922 0.6796425 0.7212177 0.7689155 0.7704015 0.7672034 0.7693446 0.7682516 0.7757309 0.7526134 0.7503217 0.7636548 1.1401680 
S0015_G6924_R1_A 0.4501279 0.4481768 0.4726907 0.4556535 0.4691594 0.4585505 0.4521936 0.4527663 0.4581553 0.4851670 0.4799073 0.4456393 0.4445223 0.4444544 0.4213190 0.4461599 0.4765623 0.4684132 0.5072579 0.4530579 0.4729405 0.4351278 0.4986239 0.4170733 0.4180608 0.5202683 0.0000000 0.1998519 0.7439636 0.4040709 0.4040709 0.6605911 0.6602913 0.4620151 0.5534473 0.2837362 0.3118903 0.3316236 0.2695748 0.5652715 0.7283367 0.7343513 0.7101740 0.7141788 0.7257231 0.7683860 0.7109699 0.6149814 0.6292512 0.6292512 0.6217778 0.6370384 0.6151687 0.6180198 0.6262736 0.6204401 0.6332568 0.8919926 
S0014_G6924_R1_A 0.5220485 0.5243790 0.5201176 0.5104676 0.5364801 0.5390610 0.5069880 0.5190020 0.5191956 0.5555679 0.5328895 0.5056299 0.4985308 0.5115388 0.4738889 0.5105237 0.5243532 0.5277059 0.5777201 0.5222909 0.5221623 0.4931439 0.5442720 0.4544636 0.4527636 0.5366159 0.1998519 0.0000000 0.8375224 0.4135107 0.4135107 0.7000364 0.6927393 0.4939675 0.6028527 0.3730900 0.3448854 0.3738952 0.2628245 0.6270495 0.7940485 0.7729416 0.7544405 0.7488319 0.7924324 0.7878140 0.7380595 0.6782529 0.6912455 0.6872035 0.6850605 0.6980002 0.6771935 0.6786773 0.6874164 0.6725683 0.6845912 0.9822494 
S0035_G6924_R2_A 0.5800906 0.5867663 0.5689492 0.5789980 0.6218675 0.5561593 0.5997956 0.5956183 0.5984889 0.6115058 0.5869612 0.5741552 0.5458478 0.5874680 0.5428222 0.5737127 0.5662239 0.5892926 0.6099702 0.5793252 0.5769200 0.5721729 0.3216562 0.7788737 0.7450158 0.7045813 0.7439636 0.8375224 0.0000000 0.7396327 0.7396327 1.0908202 1.0710079 0.5016280 0.9296497 0.8510695 0.7570652 0.7818038 0.7790544 0.6082182 1.0876055 1.0370800 1.0280720 1.0115720 1.0713269 1.1219742 1.0184364 0.9808306 1.0295623 1.0359445 1.0258872 1.0371136 1.0192344 1.0241535 1.0359386 1.0509851 1.0476408 1.1857908 
S0009_G6924_R1_A 0.4689518 0.4813100 0.4678633 0.4879234 0.4893451 0.4938794 0.4980739 0.4582893 0.4779836 0.5098932 0.4818561 0.4726024 0.4794916 0.4734466 0.4753002 0.4722016 0.4689908 0.4988470 0.4844904 0.4687001 0.4775103 0.4781900 0.4605140 0.2606897 0.2399311 0.3930339 0.4040709 0.4135107 0.7396327 0.0000000 0.0000010 0.7408624 0.7281984 0.4366018 0.5585347 0.3557545 0.3472184 0.3524861 0.2958527 0.5481294 0.7064366 0.7175379 0.6805474 0.6926381 0.7021071 0.7236814 0.6809426 0.6389813 0.6590603 0.6592349 0.6492855 0.6713716 0.6465689 0.6597029 0.6604495 0.6462467 0.6464640 0.9078865 
S0010_G6924_R1_A 0.4689518 0.4813100 0.4678633 0.4879234 0.4893451 0.4938794 0.4980739 0.4582893 0.4779836 0.5098932 0.4818561 0.4726024 0.4794916 0.4734466 0.4753002 0.4722016 0.4689908 0.4988470 0.4844904 0.4687001 0.4775103 0.4781900 0.4605140 0.2606897 0.2399311 0.3930339 0.4040709 0.4135107 0.7396327 0.0000010 0.0000000 0.7408624 0.7281984 0.4366018 0.5585347 0.3557545 0.3472184 0.3524861 0.2958527 0.5481294 0.7064366 0.7175379 0.6805474 0.6926381 0.7021071 0.7236814 0.6809426 0.6389813 0.6590603 0.6592349 0.6492855 0.6713716 0.6465689 0.6597029 0.6604495 0.6462467 0.6464640 0.9078865 
S0039_G6924_R1_A 0.6272840 0.6304808 0.6191050 0.6286322 0.6659866 0.6321381 0.6257433 0.6569826 0.6222879 0.6611837 0.6590200 0.6296841 0.6057224 0.6283249 0.5822317 0.6246863 0.6368812 0.6329343 0.6750937 0.6396690 0.6221598 0.6057085 0.7101206 0.7365115 0.6862944 0.7022871 0.6605911 0.7000364 1.0908202 0.7408624 0.7408624 0.0000000 0.0064537 0.7360464 0.7241984 0.7663904 0.7000818 0.7282503 0.4585601 0.8299051 0.7928613 0.8917429 0.8513043 0.8889550 0.7900912 0.8881403 0.9079024 0.7925022 0.8876455 0.8929272 0.8864475 0.8939411 0.8638087 0.8802431 0.8765544 0.8960472 0.8814930 1.2829161 
S0051_G6924_R1_A 0.6189993 0.6180574 0.6083875 0.6211457 0.6510015 0.6238440 0.6209496 0.6437390 0.6134068 0.6512947 0.6492940 0.6189072 0.5964305 0.6277135 0.5732745 0.6163106 0.6252189 0.6246704 0.6641181 0.6290538 0.6120545 0.5948250 0.6987628 0.7258789 0.6735654 0.6839120 0.6602913 0.6927393 1.0710079 0.7281984 0.7281984 0.0064537 0.0000000 0.7146907 0.7196842 0.7644351 0.7006394 0.7260038 0.4528507 0.8320678 0.7706971 0.8751469 0.8330419 0.8703833 0.7738662 0.8764508 0.8908808 0.7875384 0.8879863 0.8933505 0.8867698 0.8958716 0.8637803 0.8804685 0.8767239 0.8965282 0.8817378 1.2605418 
S0005_G6924_R1_A 0.2696026 0.2901226 0.2709083 0.2692577 0.2802577 0.2524311 0.2857972 0.2704977 0.2703984 0.2945774 0.2572538 0.2598618 0.2620303 0.2625935 0.2298179 0.2692462 0.2603908 0.2774123 0.2974439 0.2650004 0.2543861 0.2714950 0.2871246 0.4673890 0.4086726 0.3836871 0.4620151 0.4939675 0.5016280 0.4366018 0.4366018 0.7360464 0.7146907 0.0000000 0.5723151 0.4798878 0.4282400 0.4466478 0.3773637 0.3698761 0.6855058 0.6957014 0.6806273 0.6753868 0.6773021 0.7476968 0.7296345 0.5638273 0.7323599 0.7373664 0.7334267 0.7482635 0.7340913 0.7384472 0.7446331 0.7364769 0.7437304 0.9801376 
S0006_G6924_R1_A 0.6644505 0.6794647 0.6458918 0.6579115 0.6822053 0.6846473 0.6675252 0.6686276 0.6320927 0.6459178 0.6762707 0.6509865 0.6261618 0.6416879 0.6332886 0.6502495 0.6811757 0.6732278 0.6910872 0.6526970 0.6605425 0.6310484 0.6762927 0.5745664 0.5703828 0.5912017 0.5534473 0.6028527 0.9296497 0.5585347 0.5585347 0.7241984 0.7196842 0.5723151 0.0000000 0.5162359 0.4667450 0.4796018 0.3596729 0.7956096 0.8518566 0.8514391 0.8482885 0.8482580 0.8502764 0.9363609 0.8615839 0.7339147 0.8070734 0.7969030 0.7980615 0.8148160 0.7981259 0.8017974 0.8015829 0.8021172 0.7870432 1.0123005 
S0034_G6924_R1_A 0.5328857 0.5490165 0.5285356 0.5382173 0.5554229 0.5396199 0.5301793 0.5115497 0.5324984 0.5463745 0.5576103 0.5254868 0.4826376 0.5200505 0.4656236 0.5231481 0.5519745 0.5517445 0.5581426 0.5243900 0.5368557 0.4984954 0.5490433 0.4283010 0.3954104 0.4629428 0.2837362 0.3730900 0.8510695 0.3557545 0.3557545 0.7663904 0.7644351 0.4798878 0.5162359 0.0000000 0.2214947 0.2335158 0.2189576 0.5854521 0.8112173 0.8460926 0.7927498 0.7986035 0.8181513 0.9075115 0.8036551 0.7106544 0.7604001 0.7639330 0.7640489 0.7673066 0.7590555 0.7592175 0.7618388 0.7576914 0.7712279 0.9278764 
S0009_G6924_R2_A 0.4708313 0.4916554 0.4801617 0.4850572 0.4872182 0.4835538 0.4748109 0.4578977 0.4780829 0.5014615 0.5006146 0.4692692 0.4666327 0.4673094 0.4394401 0.4681393 0.4861572 0.4947250 0.4934473 0.4836006 0.4765401 0.4774793 0.4978520 0.4021072 0.3882555 0.4488381 0.3118903 0.3448854 0.7570652 0.3472184 0.3472184 0.7000818 0.7006394 0.4282400 0.4667450 0.2214947 0.0000000 0.0469435 0.1968796 0.5089187 0.7274487 0.7286663 0.6908616 0.7052041 0.7221066 0.7724843 0.6788342 0.6570799 0.6366433 0.6332022 0.6354492 0.6405635 0.6328042 0.6375757 0.6407143 0.6339416 0.6428795 0.8440900 
S0010_G6924_R2_A 0.4907090 0.5083792 0.4933932 0.5059288 0.4983038 0.5089866 0.4953755 0.4679377 0.4930780 0.5102429 0.5044779 0.4859380 0.4812492 0.4806029 0.4572112 0.4829904 0.5010703 0.5027827 0.5075965 0.5035846 0.4914619 0.4900423 0.5164539 0.4334987 0.4139305 0.4744404 0.3316236 0.3738952 0.7818038 0.3524861 0.3524861 0.7282503 0.7260038 0.4466478 0.4796018 0.2335158 0.0469435 0.0000000 0.2026648 0.5197365 0.7597644 0.7608508 0.7246554 0.7317567 0.7592194 0.7982114 0.7171346 0.6615997 0.6571290 0.6536621 0.6559998 0.6620542 0.6576619 0.6625223 0.6569560 0.6524122 0.6635024 0.8473451 
S0027_G6924_R1_A 0.4010997 0.4087730 0.3911787 0.4071959 0.4128770 0.4253638 0.4078326 0.3704714 0.4154715 0.3995113 0.4223332 0.3898246 0.4192273 0.3978195 0.3950724 0.3970481 0.3970903 0.4208228 0.4005743 0.4289307 0.4083132 0.4233071 0.3989354 0.3092340 0.2977454 0.3782005 0.2695748 0.2628245 0.7790544 0.2958527 0.2958527 0.4585601 0.4528507 0.3773637 0.3596729 0.2189576 0.1968796 0.2026648 0.0000000 0.4555283 0.6026573 0.6033938 0.5887720 0.5957709 0.6142492 0.6335916 0.6056455 0.5236923 0.5329403 0.5304715 0.5374167 0.5425686 0.5317050 0.5458895 0.5283328 0.5318477 0.5340600 0.7973787 
S0023_G6924_R2_A 0.2347465 0.2466871 0.2378925 0.2507201 0.2542978 0.2431253 0.2354263 0.2491557 0.2673494 0.2701844 0.2384630 0.2487315 0.2474375 0.2365917 0.2374815 0.2290157 0.2349096 0.2427486 0.2518228 0.2439343 0.2268651 0.2505391 0.4463810 0.5750674 0.5014589 0.5001682 0.5652715 0.6270495 0.6082182 0.5481294 0.5481294 0.8299051 0.8320678 0.3698761 0.7956096 0.5854521 0.5089187 0.5197365 0.4555283 0.0000000 0.7154678 0.7299224 0.7146157 0.7163058 0.7021597 0.8153195 0.8039733 0.7256522 0.7001909 0.7105182 0.6987881 0.7264079 0.6893840 0.7020725 0.6898300 0.7148085 0.7065611 0.9227654 
S0025_G6924_R1_U 0.5914470 0.6022860 0.5897890 0.6081689 0.6081416 0.6160175 0.5952036 0.5767694 0.5976520 0.6307851 0.6196577 0.6170934 0.5953898 0.6106552 0.5763841 0.6027625 0.5944972 0.5688376 0.6156775 0.5993526 0.5824435 0.6076637 0.7579746 0.7706492 0.6927625 0.7023525 0.7283367 0.7940485 1.0876055 0.7064366 0.7064366 0.7928613 0.7706971 0.6855058 0.8518566 0.8112173 0.7274487 0.7597644 0.6026573 0.7154678 0.0000000 0.1167809 0.1117332 0.1097482 0.0354377 0.1771815 0.1738463 0.6050056 0.8381446 0.8430355 0.8407708 0.8460624 0.8215957 0.8404437 0.8575643 0.8451526 0.8302658 1.1238464 
S0024_G6924_R1_A 0.5987656 0.5982132 0.6039501 0.6241520 0.6127303 0.6104744 0.5952446 0.5830685 0.6002619 0.6214322 0.6309863 0.6309552 0.5879911 0.6132013 0.5720148 0.5989365 0.5990095 0.5877086 0.6275967 0.6141437 0.5854438 0.6122530 0.7516954 0.8033961 0.7327409 0.6961914 0.7343513 0.7729416 1.0370800 0.7175379 0.7175379 0.8917429 0.8751469 0.6957014 0.8514391 0.8460926 0.7286663 0.7608508 0.6033938 0.7299224 0.1167809 0.0000000 0.0321989 0.0251374 0.1016733 0.1264993 0.1172237 0.5793533 0.8434514 0.8406452 0.8498685 0.8488013 0.8384063 0.8481344 0.8685681 0.8545448 0.8387548 1.1060181 
S0032_G6924_R2_N 0.5654137 0.5724841 0.5783641 0.5963338 0.5862967 0.5941069 0.5798591 0.5563368 0.5729073 0.5991367 0.6012588 0.6072487 0.5691183 0.5837961 0.5533369 0.5756906 0.5683454 0.5681765 0.6218929 0.5870324 0.5615459 0.5958872 0.7378605 0.7787351 0.7022302 0.6997128 0.7101740 0.7544405 1.0280720 0.6805474 0.6805474 0.8513043 0.8330419 0.6806273 0.8482885 0.7927498 0.6908616 0.7246554 0.5887720 0.7146157 0.1117332 0.0321989 0.0000000 0.0157108 0.0942321 0.1156706 0.1116002 0.5777517 0.8043735 0.8089557 0.8101675 0.8127145 0.7978905 0.8123043 0.8268701 0.8180986 0.8019285 1.1198792 
S0032_G6924_R1_N 0.5831107 0.5868478 0.6003876 0.6088816 0.6037886 0.6018246 0.5902491 0.5706689 0.5977960 0.6124187 0.6210045 0.6174603 0.5857939 0.6007474 0.5672809 0.5841803 0.5880164 0.5821811 0.6222954 0.6021128 0.5758041 0.6090922 0.7421514 0.7938084 0.7240194 0.7079475 0.7141788 0.7488319 1.0115720 0.6926381 0.6926381 0.8889550 0.8703833 0.6753868 0.8482580 0.7986035 0.7052041 0.7317567 0.5957709 0.7163058 0.1097482 0.0251374 0.0157108 0.0000000 0.0950613 0.1212078 0.1121687 0.5786359 0.8067040 0.8113922 0.8098886 0.8152689 0.7973483 0.8120709 0.8274462 0.8207888 0.8019498 1.0911996 
S0029_G6924_R1_U 0.5932082 0.5939161 0.5943926 0.6055177 0.6112204 0.6113331 0.5950732 0.5833611 0.5860492 0.6278955 0.6218139 0.6181631 0.5980928 0.6069144 0.5785734 0.5866234 0.5937039 0.5747759 0.6137250 0.5959433 0.5782189 0.6105362 0.7428483 0.7640777 0.6848096 0.6911771 0.7257231 0.7924324 1.0713269 0.7021071 0.7021071 0.7900912 0.7738662 0.6773021 0.8502764 0.8181513 0.7221066 0.7592194 0.6142492 0.7021597 0.0354377 0.1016733 0.0942321 0.0950613 0.0000000 0.1577409 0.1643110 0.5973203 0.8188222 0.8235920 0.8249429 0.8263377 0.8053403 0.8246267 0.8403386 0.8280600 0.8200100 1.1196396 
S0001_G6924_R1_U 0.6409007 0.6487529 0.6492416 0.6746055 0.6536892 0.6564523 0.6536410 0.6407685 0.6505327 0.6772769 0.6663865 0.6606159 0.6479077 0.6429506 0.6316080 0.6358645 0.6339049 0.6418581 0.6573082 0.6519679 0.6279485 0.6621762 0.7861407 0.8095248 0.7294953 0.7171922 0.7683860 0.7878140 1.1219742 0.7236814 0.7236814 0.8881403 0.8764508 0.7476968 0.9363609 0.9075115 0.7724843 0.7982114 0.6335916 0.8153195 0.1771815 0.1264993 0.1156706 0.1212078 0.1577409 0.0000000 0.1761342 0.6062820 0.8960592 0.8917193 0.9042620 0.8860339 0.9005998 0.9038977 0.9105311 0.9025347 0.8825092 1.2094024 
S0001_G6924_R2_A 0.6486243 0.6464990 0.6451272 0.6617461 0.6716429 0.6496994 0.6329965 0.6509470 0.6532316 0.6710374 0.6634116 0.6534050 0.6339860 0.6462628 0.6138743 0.6312737 0.6362546 0.6434559 0.6661872 0.6509234 0.6207261 0.6495791 0.7543867 0.7707327 0.7241031 0.6796425 0.7109699 0.7380595 1.0184364 0.6809426 0.6809426 0.9079024 0.8908808 0.7296345 0.8615839 0.8036551 0.6788342 0.7171346 0.6056455 0.8039733 0.1738463 0.1172237 0.1116002 0.1121687 0.1643110 0.1761342 0.0000000 0.6280378 0.8617740 0.8534792 0.8764380 0.8647499 0.8578501 0.8763831 0.8717113 0.8666251 0.8555028 1.2415512 
S0049_G6924_R1_A 0.6241669 0.6201111 0.6311607 0.6323275 0.6193182 0.6301514 0.6431687 0.5968733 0.6316702 0.6364883 0.6519011 0.6308567 0.5985577 0.6171549 0.5676983 0.6082196 0.6361667 0.6222673 0.6860937 0.6287953 0.6254452 0.5887047 0.7058244 0.7022343 0.6448227 0.7212177 0.6149814 0.6782529 0.9808306 0.6389813 0.6389813 0.7925022 0.7875384 0.5638273 0.7339147 0.7106544 0.6570799 0.6615997 0.5236923 0.7256522 0.6050056 0.5793533 0.5777517 0.5786359 0.5973203 0.6062820 0.6280378 0.0000000 0.7381601 0.7366270 0.7404946 0.7420780 0.7326597 0.7459767 0.7528072 0.7671096 0.7547192 1.0821714 
S0041_G6924_R1_N 0.6160561 0.6278388 0.6372354 0.6521617 0.6449188 0.6728075 0.6048504 0.6520798 0.6312025 0.6324796 0.6621361 0.6462521 0.6189777 0.6314477 0.6393320 0.6266313 0.6464806 0.6247949 0.7032792 0.6406765 0.6347158 0.6290711 0.7893954 0.7535874 0.7180886 0.7689155 0.6292512 0.6912455 1.0295623 0.6590603 0.6590603 0.8876455 0.8879863 0.7323599 0.8070734 0.7604001 0.6366433 0.6571290 0.5329403 0.7001909 0.8381446 0.8434514 0.8043735 0.8067040 0.8188222 0.8960592 0.8617740 0.7381601 0.0000000 0.0055853 0.0162546 0.0127956 0.0186044 0.0176890 0.0229721 0.0241085 0.0280397 0.8382081 
S0043_G6924_R1_N 0.6194695 0.6312895 0.6407177 0.6525853 0.6485418 0.6746505 0.6082228 0.6551449 0.6341879 0.6415041 0.6657394 0.6462251 0.6244860 0.6325227 0.6424310 0.6301086 0.6486986 0.6282688 0.7062646 0.6442122 0.6382144 0.6310763 0.7930289 0.7551425 0.7196198 0.7704015 0.6292512 0.6872035 1.0359445 0.6592349 0.6592349 0.8929272 0.8933505 0.7373664 0.7969030 0.7639330 0.6332022 0.6536621 0.5304715 0.7105182 0.8430355 0.8406452 0.8089557 0.8113922 0.8235920 0.8917193 0.8534792 0.7366270 0.0055853 0.0000000 0.0169678 0.0127994 0.0193274 0.0198388 0.0236991 0.0255929 0.0273039 0.8368665 
S0044_G6924_R1_N 0.6147007 0.6231777 0.6394103 0.6502265 0.6461126 0.6770394 0.6036030 0.6533844 0.6350240 0.6257963 0.6626144 0.6478633 0.6160493 0.6318549 0.6341101 0.6270082 0.6469138 0.6286762 0.7058189 0.6374075 0.6351182 0.6330971 0.7900208 0.7391367 0.7165414 0.7672034 0.6217778 0.6850605 1.0258872 0.6492855 0.6492855 0.8864475 0.8867698 0.7334267 0.7980615 0.7640489 0.6354492 0.6559998 0.5374167 0.6987881 0.8407708 0.8498685 0.8101675 0.8098886 0.8249429 0.9042620 0.8764380 0.7404946 0.0162546 0.0169678 0.0000000 0.0266928 0.0149626 0.0098292 0.0251431 0.0248284 0.0280136 0.8390297 
S0047_G6924_R1_N 0.6284714 0.6398782 0.6499987 0.6646737 0.6603871 0.6851036 0.6201306 0.6614012 0.6432189 0.6511532 0.6734779 0.6613976 0.6276730 0.6394938 0.6495087 0.6412679 0.6595894 0.6373049 0.7209100 0.6537024 0.6474952 0.6439630 0.7999459 0.7482904 0.7180840 0.7693446 0.6370384 0.6980002 1.0371136 0.6713716 0.6713716 0.8939411 0.8958716 0.7482635 0.8148160 0.7673066 0.6405635 0.6620542 0.5425686 0.7264079 0.8460624 0.8488013 0.8127145 0.8152689 0.8263377 0.8860339 0.8647499 0.7420780 0.0127956 0.0127994 0.0266928 0.0000000 0.0292253 0.0281697 0.0335197 0.0341035 0.0357704 0.8453384 
S0045_G6924_R1_A 0.6126701 0.6213179 0.6357575 0.6485366 0.6480330 0.6735900 0.6016651 0.6555005 0.6300930 0.6210061 0.6609861 0.6448336 0.6137537 0.6299944 0.6339402 0.6251805 0.6495310 0.6289915 0.7061958 0.6363577 0.6333384 0.6261618 0.7818761 0.7354887 0.7086486 0.7682516 0.6151687 0.6771935 1.0192344 0.6465689 0.6465689 0.8638087 0.8637803 0.7340913 0.7981259 0.7590555 0.6328042 0.6576619 0.5317050 0.6893840 0.8215957 0.8384063 0.7978905 0.7973483 0.8053403 0.9005998 0.8578501 0.7326597 0.0186044 0.0193274 0.0149626 0.0292253 0.0000000 0.0178517 0.0283873 0.0273718 0.0320392 0.8431743 
S0045_G6924_R2_A 0.6229327 0.6332316 0.6443461 0.6570707 0.6551202 0.6804979 0.6100165 0.6622201 0.6418868 0.6344525 0.6696088 0.6551792 0.6211951 0.6387919 0.6396127 0.6299991 0.6537307 0.6353650 0.7125342 0.6441932 0.6418489 0.6370146 0.7843659 0.7447047 0.7238326 0.7757309 0.6180198 0.6786773 1.0241535 0.6597029 0.6597029 0.8802431 0.8804685 0.7384472 0.8017974 0.7592175 0.6375757 0.6625223 0.5458895 0.7020725 0.8404437 0.8481344 0.8123043 0.8120709 0.8246267 0.9038977 0.8763831 0.7459767 0.0176890 0.0198388 0.0098292 0.0281697 0.0178517 0.0000000 0.0280786 0.0263212 0.0309552 0.8528630 
S0038_G6924_R1_A 0.6061118 0.6164521 0.6290646 0.6474085 0.6349492 0.6635942 0.5985817 0.6396889 0.6292266 0.6203559 0.6575715 0.6381539 0.6087167 0.6191434 0.6216433 0.6221307 0.6419855 0.6201561 0.6844609 0.6305878 0.6240049 0.6145013 0.7777178 0.7280129 0.6992403 0.7526134 0.6262736 0.6874164 1.0359386 0.6604495 0.6604495 0.8765544 0.8767239 0.7446331 0.8015829 0.7618388 0.6407143 0.6569560 0.5283328 0.6898300 0.8575643 0.8685681 0.8268701 0.8274462 0.8403386 0.9105311 0.8717113 0.7528072 0.0229721 0.0236991 0.0251431 0.0335197 0.0283873 0.0280786 0.0000000 0.0286275 0.0304285 0.8391047 
S0040_G6924_R1_N 0.6213186 0.6285537 0.6469809 0.6623560 0.6468010 0.6855390 0.6088074 0.6560002 0.6398998 0.6379812 0.6682484 0.6516460 0.6172783 0.6449792 0.6464536 0.6361985 0.6584463 0.6395939 0.7040383 0.6495476 0.6425631 0.6338187 0.7874105 0.7264026 0.7049615 0.7503217 0.6204401 0.6725683 1.0509851 0.6462467 0.6462467 0.8960472 0.8965282 0.7364769 0.8021172 0.7576914 0.6339416 0.6524122 0.5318477 0.7148085 0.8451526 0.8545448 0.8180986 0.8207888 0.8280600 0.9025347 0.8666251 0.7671096 0.0241085 0.0255929 0.0248284 0.0341035 0.0273718 0.0263212 0.0286275 0.0000000 0.0294478 0.8359869 
S0042_G6924_R1_N 0.6298372 0.6451388 0.6533119 0.6606325 0.6496624 0.6865167 0.6202255 0.6590704 0.6463135 0.6418961 0.6731586 0.6563353 0.6274629 0.6389611 0.6485601 0.6462955 0.6574252 0.6398198 0.7081058 0.6514411 0.6401149 0.6378088 0.8028776 0.7318451 0.7340854 0.7636548 0.6332568 0.6845912 1.0476408 0.6464640 0.6464640 0.8814930 0.8817378 0.7437304 0.7870432 0.7712279 0.6428795 0.6635024 0.5340600 0.7065611 0.8302658 0.8387548 0.8019285 0.8019498 0.8200100 0.8825092 0.8555028 0.7547192 0.0280397 0.0273039 0.0280136 0.0357704 0.0320392 0.0309552 0.0304285 0.0294478 0.0000000 0.8434969 
S0003_G6924_R1_N 0.9546032 0.9420845 0.9327535 0.9483184 0.9588460 0.9944305 0.9190689 0.9226709 0.9682934 0.9306351 0.9592080 0.9557121 0.9615297 0.9313775 0.9341970 0.9093488 0.9395302 0.9532426 0.9764406 0.9225105 0.9161227 0.9413599 1.0824968 1.0645770 0.9599164 1.1401680 0.8919926 0.9822494 1.1857908 0.9078865 0.9078865 1.2829161 1.2605418 0.9801376 1.0123005 0.9278764 0.8440900 0.8473451 0.7973787 0.9227654 1.1238464 1.1060181 1.1198792 1.0911996 1.1196396 1.2094024 1.2415512 1.0821714 0.8382081 0.8368665 0.8390297 0.8453384 0.8431743 0.8528630 0.8391047 0.8359869 0.8434969 0.0000000 
