53
S0039_G6933_R1_A 0.0000000 0.0092377 0.3898111 0.3882812 0.2772331 0.3146930 0.3906537 0.4083660 0.3487403 0.2949541 0.3888303 0.4015867 0.4012290 0.3861366 0.3964627 0.3974455 0.4407856 0.4228919 0.3934299 0.4177628 0.4014677 0.3820978 0.4057935 0.3871429 0.4010165 0.4009134 0.4100849 0.4211211 0.4029183 0.4114785 0.3908420 0.3836551 0.4051425 0.4092540 0.4822534 0.4208948 0.7826082 0.5878974 0.7847236 0.6444262 0.6230165 0.8133088 0.8406646 0.9095864 0.6271631 0.7705526 0.7796464 0.8031215 0.7764382 0.7888015 0.7893928 0.7870555 0.7931048 
S0051_G6933_R1_A 0.0092377 0.0000000 0.3843313 0.3828102 0.2739887 0.3148176 0.3922633 0.4069789 0.3474996 0.2900465 0.3904376 0.4032226 0.4057099 0.3877617 0.3980996 0.3991151 0.4425879 0.4246140 0.3936915 0.4172695 0.4031231 0.3824094 0.4103279 0.3887598 0.4055105 0.4025702 0.4133200 0.4229204 0.4059186 0.4131746 0.3911121 0.3852843 0.4039714 0.4109339 0.4842670 0.4291912 0.7790780 0.5818213 0.7888135 0.6414235 0.6200673 0.8071753 0.8342889 0.9024939 0.6245087 0.7793474 0.7885565 0.8122409 0.7829748 0.7978156 0.7985441 0.7960187 0.8021513 
S0009_G6933_R1_A 0.3898111 0.3843313 0.0000000 0.0014107 0.2274401 0.2907025 0.3599377 0.3668020 0.3035176 0.2608858 0.3772729 0.3900562 0.3820408 0.3701458 0.3763044 0.3920881 0.4073387 0.3807160 0.3686638 0.3842433 0.3786175 0.3693849 0.3756791 0.3820464 0.3757577 0.3839381 0.3852037 0.3977807 0.3845875 0.3841895 0.3508699 0.3638051 0.3805314 0.3865744 0.4469793 0.3628442 0.7655783 0.5876481 0.7585663 0.6634211 0.6422981 0.8552782 0.8563933 0.9088612 0.6399087 0.8468301 0.8526767 0.8791444 0.8405508 0.8763374 0.8509293 0.8538972 0.8640867 
S0010_G6933_R1_A 0.3882812 0.3828102 0.0014107 0.0000000 0.2274401 0.2907025 0.3599377 0.3668020 0.3035176 0.2608858 0.3772729 0.3900562 0.3820408 0.3701458 0.3763044 0.3920881 0.4073387 0.3807160 0.3686638 0.3842433 0.3786175 0.3693849 0.3756791 0.3820464 0.3757577 0.3839381 0.3852037 0.3977807 0.3845875 0.3841895 0.3508699 0.3638051 0.3805314 0.3865744 0.4469793 0.3628442 0.7655783 0.5876481 0.7609275 0.6601629 0.6391173 0.8520271 0.8563933 0.9024015 0.6373690 0.8440772 0.8498938 0.8762881 0.8378016 0.8734827 0.8481198 0.8511161 0.8612690 
S0027_G6933_R1_A 0.2772331 0.2739887 0.2274401 0.2274401 0.0000000 0.1219059 0.1858948 0.1991829 0.1094645 0.0639079 0.2557435 0.2561837 0.2578290 0.2438237 0.2426050 0.2485074 0.2771516 0.2570868 0.2413349 0.2660677 0.2411823 0.2480113 0.2379546 0.2429288 0.2428707 0.2587936 0.2800708 0.2799124 0.2606061 0.2649246 0.2244342 0.2323868 0.2563606 0.2592000 0.2911798 0.2608768 0.6895707 0.3773097 0.5675649 0.5865211 0.5729785 0.6678470 0.6848945 0.6970243 0.5338349 0.6707075 0.6881568 0.6977369 0.6862738 0.6932431 0.6837640 0.6860171 0.6832013 
S0008_G6933_R1_A 0.3146930 0.3148176 0.2907025 0.2907025 0.1219059 0.0000000 0.1495405 0.1681792 0.1218281 0.1314720 0.2523661 0.2661716 0.2693999 0.2447607 0.2472813 0.2579008 0.2819140 0.2629030 0.2465703 0.2691149 0.2459859 0.2440107 0.2511122 0.2479588 0.2491790 0.2642022 0.2664341 0.2842783 0.2629370 0.2706017 0.2291116 0.2512466 0.2627884 0.2621213 0.3066500 0.2300482 0.6307114 0.4542749 0.7255068 0.6271116 0.6262373 0.7378718 0.7509120 0.7644076 0.5759885 0.7268578 0.7321290 0.7453228 0.7306193 0.7573353 0.7305546 0.7346278 0.7296530 
S0015_G6933_R1_A 0.3906537 0.3922633 0.3599377 0.3599377 0.1858948 0.1495405 0.0000000 0.1088329 0.2071225 0.1974767 0.3230528 0.3249231 0.3154422 0.2997971 0.2981039 0.3111861 0.3353748 0.3197049 0.3031859 0.3359334 0.3029371 0.2968106 0.3129127 0.3001630 0.3058221 0.3190093 0.3351371 0.3518914 0.3328457 0.3244730 0.2906749 0.2966483 0.3215743 0.3180249 0.3661507 0.2956469 0.6578055 0.4569051 0.7557592 0.6471999 0.6496384 0.7592714 0.7753080 0.7951836 0.6395321 0.7686752 0.7811201 0.8012828 0.7726782 0.8034867 0.7909042 0.7787697 0.7775481 
S0034_G6933_R1_A 0.4083660 0.4069789 0.3668020 0.3668020 0.1991829 0.1681792 0.1088329 0.0000000 0.2255042 0.2104886 0.3453282 0.3585732 0.3475266 0.3339578 0.3251365 0.3342815 0.3643582 0.3485935 0.3306522 0.3623256 0.3281030 0.3299382 0.3409120 0.3284123 0.3284369 0.3516045 0.3612697 0.3788186 0.3545091 0.3475549 0.3120330 0.3191313 0.3447590 0.3439886 0.3987499 0.3201191 0.6950929 0.4801950 0.7560173 0.6301765 0.6270341 0.7730280 0.7812969 0.8333205 0.6370204 0.7758070 0.7859596 0.8016316 0.7749577 0.8015172 0.7830566 0.7836803 0.7823507 
S0014_G6933_R1_A 0.3487403 0.3474996 0.3035176 0.3035176 0.1094645 0.1218281 0.2071225 0.2255042 0.0000000 0.1230252 0.3156131 0.3219789 0.3189252 0.2966913 0.2957201 0.3036129 0.3326962 0.3107255 0.2979691 0.3206661 0.3047412 0.2918961 0.3012038 0.3005733 0.3061877 0.3085372 0.3271343 0.3387135 0.3203301 0.3218003 0.2876566 0.2863543 0.3125976 0.3120657 0.3720994 0.3039354 0.6882383 0.4894887 0.7654516 0.6487450 0.6365851 0.7921385 0.8006057 0.8546077 0.6322012 0.7548098 0.7650211 0.7813600 0.7589081 0.7783852 0.7621824 0.7631881 0.7602423 
S0027_G6933_R2_A 0.2949541 0.2900465 0.2608858 0.2608858 0.0639079 0.1314720 0.1974767 0.2104886 0.1230252 0.0000000 0.2636692 0.2612927 0.2667172 0.2419906 0.2443790 0.2530569 0.2797866 0.2699917 0.2445138 0.2663891 0.2498402 0.2546684 0.2484897 0.2477040 0.2469757 0.2592992 0.2868828 0.2920279 0.2646590 0.2639378 0.2300300 0.2326877 0.2551516 0.2658795 0.3065993 0.2668053 0.6985873 0.3900752 0.5980889 0.6151625 0.5885625 0.6687382 0.6920245 0.6960631 0.5533939 0.6836214 0.7014993 0.7035067 0.6928232 0.7109910 0.6865164 0.6861966 0.6890430 
S0016_G6933_R1_A 0.3888303 0.3904376 0.3772729 0.3772729 0.2557435 0.2523661 0.3230528 0.3453282 0.3156131 0.2636692 0.0000000 0.0588598 0.0569629 0.0488556 0.0498356 0.0671939 0.0903603 0.0690667 0.0444063 0.0676746 0.0491442 0.0496139 0.0530737 0.0494340 0.0555970 0.0579427 0.0801594 0.0837344 0.0548962 0.0648681 0.1438502 0.0554746 0.0601408 0.0578834 0.1946005 0.2249785 0.3418781 0.4565227 0.7008863 0.6205791 0.5954001 0.6916752 0.7116265 0.7456207 0.5558555 0.5568985 0.5594849 0.5766820 0.5610891 0.5762584 0.5832702 0.5677038 0.5666543 
S0031_G6933_R1_A 0.4015867 0.4032226 0.3900562 0.3900562 0.2561837 0.2661716 0.3249231 0.3585732 0.3219789 0.2612927 0.0588598 0.0000000 0.0720501 0.0609134 0.0661617 0.0762978 0.1013758 0.0786857 0.0528775 0.0751354 0.0626542 0.0627406 0.0637649 0.0622322 0.0657286 0.0685870 0.0877735 0.0931907 0.0650612 0.0444592 0.1516785 0.0678091 0.0733097 0.0685591 0.2083252 0.2322117 0.3526029 0.4534047 0.6959635 0.6306317 0.6000029 0.6909898 0.7119127 0.7503829 0.5603768 0.5810837 0.5960264 0.6068108 0.5923405 0.6154297 0.6235936 0.6014527 0.5985390 
S0037_G6933_R1_U 0.4012290 0.4057099 0.3820408 0.3820408 0.2578290 0.2693999 0.3154422 0.3475266 0.3189252 0.2667172 0.0569629 0.0720501 0.0000000 0.0603246 0.0682281 0.0791627 0.1032744 0.0771402 0.0590629 0.0802646 0.0641645 0.0638558 0.0667405 0.0628904 0.0664081 0.0725251 0.0885655 0.0930873 0.0656789 0.0752707 0.1631289 0.0721164 0.0718319 0.0738454 0.2067937 0.2286023 0.3300922 0.4596297 0.6801225 0.6368358 0.6053448 0.7093953 0.7369310 0.7704948 0.5699610 0.5787129 0.5865802 0.5985033 0.5913942 0.6049308 0.6157435 0.5889586 0.5956834 
S0002_G6933_R1_A 0.3861366 0.3877617 0.3701458 0.3701458 0.2438237 0.2447607 0.2997971 0.3339578 0.2966913 0.2419906 0.0488556 0.0609134 0.0603246 0.0000000 0.0467839 0.0606918 0.0828003 0.0609355 0.0406615 0.0611336 0.0411255 0.0330547 0.0478924 0.0457429 0.0456284 0.0506569 0.0732378 0.0781388 0.0526320 0.0626746 0.1341818 0.0503679 0.0556426 0.0520046 0.1869947 0.2131819 0.3491181 0.4494651 0.6671429 0.5989868 0.5721127 0.6621522 0.6771818 0.7204676 0.5365482 0.5517632 0.5647903 0.5787688 0.5590352 0.5836283 0.5752647 0.5668206 0.5705173 
S0028_G6933_R1_A 0.3964627 0.3980996 0.3763044 0.3763044 0.2426050 0.2472813 0.2981039 0.3251365 0.2957201 0.2443790 0.0498356 0.0661617 0.0682281 0.0467839 0.0000000 0.0658825 0.0853507 0.0690872 0.0443870 0.0691351 0.0513338 0.0488407 0.0530504 0.0506943 0.0570292 0.0536712 0.0735054 0.0806111 0.0612774 0.0713801 0.1409961 0.0553547 0.0622335 0.0564582 0.1977781 0.2228674 0.3598696 0.4553545 0.7029482 0.6169329 0.5889452 0.6969860 0.7172902 0.7515486 0.5648865 0.5772280 0.5817117 0.5941209 0.5785444 0.6041513 0.6012459 0.5889949 0.5891986 
S0022_G6933_R1_A 0.3974455 0.3991151 0.3920881 0.3920881 0.2485074 0.2579008 0.3111861 0.3342815 0.3036129 0.2530569 0.0671939 0.0762978 0.0791627 0.0606918 0.0658825 0.0000000 0.1076177 0.0786458 0.0557836 0.0785098 0.0578831 0.0682595 0.0687799 0.0661696 0.0652624 0.0687499 0.0916790 0.1013568 0.0734217 0.0811794 0.1519594 0.0482597 0.0776260 0.0693457 0.2048487 0.2206000 0.3694968 0.4388846 0.6834852 0.6158789 0.5899392 0.6756410 0.6969993 0.7543285 0.5794154 0.5759613 0.5787600 0.5992655 0.5778755 0.6008513 0.6004045 0.5895353 0.5879632 
S0012_G6933_R1_A 0.4407856 0.4425879 0.4073387 0.4073387 0.2771516 0.2819140 0.3353748 0.3643582 0.3326962 0.2797866 0.0903603 0.1013758 0.1032744 0.0828003 0.0853507 0.1076177 0.0000000 0.0905346 0.0818727 0.1036054 0.0880107 0.0876156 0.0881950 0.0889820 0.0904602 0.0883765 0.1122041 0.1134809 0.0934339 0.1073636 0.1689466 0.0919545 0.0932156 0.0926230 0.2380689 0.2520387 0.4041067 0.5000676 0.7167355 0.6481677 0.6166700 0.7246231 0.7506053 0.8016572 0.5877468 0.6036850 0.6232837 0.6370383 0.6287710 0.6461237 0.6429459 0.6213733 0.6314934 
S0013_G6933_R1_A 0.4228919 0.4246140 0.3807160 0.3807160 0.2570868 0.2629030 0.3197049 0.3485935 0.3107255 0.2699917 0.0690667 0.0786857 0.0771402 0.0609355 0.0690872 0.0786458 0.0905346 0.0000000 0.0612640 0.0880016 0.0649775 0.0693342 0.0674845 0.0672303 0.0693644 0.0733792 0.0773649 0.0838557 0.0735398 0.0812787 0.1598654 0.0708516 0.0679445 0.0762181 0.2146413 0.2374370 0.3771103 0.4613297 0.6894565 0.6118753 0.6023711 0.6965440 0.7122194 0.7619315 0.5644836 0.5963948 0.6063583 0.6230741 0.6107080 0.6257760 0.6354689 0.6155952 0.6089454 
S0036_G6933_R1_A 0.3934299 0.3936915 0.3686638 0.3686638 0.2413349 0.2465703 0.3031859 0.3306522 0.2979691 0.2445138 0.0444063 0.0528775 0.0590629 0.0406615 0.0443870 0.0557836 0.0818727 0.0612640 0.0000000 0.0555672 0.0345411 0.0433197 0.0414116 0.0439814 0.0396072 0.0489962 0.0714012 0.0750664 0.0487623 0.0564520 0.1346643 0.0442198 0.0508809 0.0503356 0.1875696 0.2147245 0.3494474 0.4417548 0.6789190 0.6133057 0.5756064 0.6802090 0.6997763 0.7417217 0.5452802 0.5650149 0.5694005 0.5826707 0.5676766 0.5856237 0.5932784 0.5765178 0.5766840 
S0017_G6933_R1_A 0.4177628 0.4172695 0.3842433 0.3842433 0.2660677 0.2691149 0.3359334 0.3623256 0.3206661 0.2663891 0.0676746 0.0751354 0.0802646 0.0611336 0.0691351 0.0785098 0.1036054 0.0880016 0.0555672 0.0000000 0.0584879 0.0657121 0.0676395 0.0630433 0.0649884 0.0697752 0.0951647 0.1000462 0.0739264 0.0807175 0.1645963 0.0678435 0.0770933 0.0726175 0.2168167 0.2326179 0.3730275 0.4744266 0.7163746 0.6117263 0.5828965 0.6946073 0.7128451 0.7565342 0.5851798 0.5488439 0.5614298 0.5738002 0.5556929 0.5769894 0.5834877 0.5651691 0.5655018 
S0020_G6933_R1_A 0.4014677 0.4031231 0.3786175 0.3786175 0.2411823 0.2459859 0.3029371 0.3281030 0.3047412 0.2498402 0.0491442 0.0626542 0.0641645 0.0411255 0.0513338 0.0578831 0.0880107 0.0649775 0.0345411 0.0584879 0.0000000 0.0489683 0.0515652 0.0494946 0.0304699 0.0551893 0.0753933 0.0772117 0.0564314 0.0659683 0.1379806 0.0497826 0.0585462 0.0544016 0.1946434 0.2199351 0.3488899 0.4469167 0.6982365 0.6164423 0.5792535 0.6724593 0.6941170 0.7293583 0.5470356 0.5646428 0.5690743 0.5842449 0.5673308 0.5889586 0.5923839 0.5762678 0.5789688 
S0011_G6933_R1_A 0.3820978 0.3824094 0.3693849 0.3693849 0.2480113 0.2440107 0.2968106 0.3299382 0.2918961 0.2546684 0.0496139 0.0627406 0.0638558 0.0330547 0.0488407 0.0682595 0.0876156 0.0693342 0.0433197 0.0657121 0.0489683 0.0000000 0.0501272 0.0492466 0.0484828 0.0544913 0.0768516 0.0780125 0.0577560 0.0643598 0.1358330 0.0554009 0.0601826 0.0565133 0.1837599 0.2160347 0.3638419 0.4377952 0.6822219 0.6047943 0.5791966 0.6763986 0.6898040 0.7281061 0.5477383 0.5746555 0.5843748 0.6035917 0.5877850 0.6033381 0.6061565 0.5909130 0.5939318 
S0026_G6933_R1_A 0.4057935 0.4103279 0.3756791 0.3756791 0.2379546 0.2511122 0.3129127 0.3409120 0.3012038 0.2484897 0.0530737 0.0637649 0.0667405 0.0478924 0.0530504 0.0687799 0.0881950 0.0674845 0.0414116 0.0676395 0.0515652 0.0501272 0.0000000 0.0469507 0.0527206 0.0504702 0.0817998 0.0862482 0.0598292 0.0685267 0.1381842 0.0581599 0.0627676 0.0525131 0.1913971 0.2088714 0.3508784 0.4539636 0.6825297 0.6042190 0.5698901 0.6937467 0.7073365 0.7425101 0.5489867 0.5743069 0.5770651 0.5929936 0.5773891 0.5978791 0.6026929 0.5842896 0.5844807 
S0023_G6933_R1_A 0.3871429 0.3887598 0.3820464 0.3820464 0.2429288 0.2479588 0.3001630 0.3284123 0.3005733 0.2477040 0.0494340 0.0622322 0.0628904 0.0457429 0.0506943 0.0661696 0.0889820 0.0672303 0.0439814 0.0630433 0.0494946 0.0492466 0.0469507 0.0000000 0.0552905 0.0504154 0.0768689 0.0840303 0.0574524 0.0667415 0.1418641 0.0515332 0.0611926 0.0510582 0.1914410 0.2180451 0.3507259 0.4498787 0.6910333 0.6261505 0.5970552 0.6902718 0.7100548 0.7612396 0.5627314 0.5563005 0.5638215 0.5817103 0.5641674 0.5823809 0.5901023 0.5708655 0.5710141 
S0019_G6933_R1_A 0.4010165 0.4055105 0.3757577 0.3757577 0.2428707 0.2491790 0.3058221 0.3284369 0.3061877 0.2469757 0.0555970 0.0657286 0.0664081 0.0456284 0.0570292 0.0652624 0.0904602 0.0693644 0.0396072 0.0649884 0.0304699 0.0484828 0.0527206 0.0552905 0.0000000 0.0583319 0.0804672 0.0847046 0.0622592 0.0724057 0.1472491 0.0548923 0.0632298 0.0589529 0.2031714 0.2178171 0.3629887 0.4596399 0.6992029 0.6113931 0.5809768 0.6901728 0.7056137 0.7391147 0.5561184 0.5501272 0.5611012 0.5764878 0.5575909 0.5794488 0.5817327 0.5641575 0.5664622 
S0021_G6933_R2_A 0.4009134 0.4025702 0.3839381 0.3839381 0.2587936 0.2642022 0.3190093 0.3516045 0.3085372 0.2592992 0.0579427 0.0685870 0.0725251 0.0506569 0.0536712 0.0687499 0.0883765 0.0733792 0.0489962 0.0697752 0.0551893 0.0544913 0.0504702 0.0504154 0.0583319 0.0000000 0.0817349 0.0837863 0.0639798 0.0720366 0.1420742 0.0588102 0.0657792 0.0300584 0.1997563 0.2194388 0.3565603 0.4572654 0.7040644 0.6233602 0.5956393 0.6943148 0.7155381 0.7643069 0.5593132 0.5520693 0.5573688 0.5746402 0.5593502 0.5776079 0.5785663 0.5644343 0.5615810 
S0050_G6933_R1_A 0.4100849 0.4133200 0.3852037 0.3852037 0.2800708 0.2664341 0.3351371 0.3612697 0.3271343 0.2868828 0.0801594 0.0877735 0.0885655 0.0732378 0.0735054 0.0916790 0.1122041 0.0773649 0.0714012 0.0951647 0.0753933 0.0768516 0.0817998 0.0768689 0.0804672 0.0817349 0.0000000 0.0447383 0.0808773 0.0912783 0.1720471 0.0820001 0.0814164 0.0846053 0.2226723 0.2476775 0.3932503 0.4707545 0.7083195 0.6120843 0.5953205 0.6866461 0.7050786 0.7320452 0.5854491 0.5902375 0.5994776 0.6129214 0.6037698 0.6199344 0.6325469 0.6074551 0.6079418 
S0048_G6933_R1_A 0.4211211 0.4229204 0.3977807 0.3977807 0.2799124 0.2842783 0.3518914 0.3788186 0.3387135 0.2920279 0.0837344 0.0931907 0.0930873 0.0781388 0.0806111 0.1013568 0.1134809 0.0838557 0.0750664 0.1000462 0.0772117 0.0780125 0.0862482 0.0840303 0.0847046 0.0837863 0.0447383 0.0000000 0.0851319 0.0952931 0.1814053 0.0888327 0.0874986 0.0891853 0.2278355 0.2509350 0.3841379 0.4747277 0.7217679 0.6600194 0.6285340 0.7252215 0.7453452 0.7837151 0.5921020 0.6175026 0.6220560 0.6354703 0.6198770 0.6390587 0.6463911 0.6289908 0.6246413 
S0004_G6933_R1_A 0.4029183 0.4059186 0.3845875 0.3845875 0.2606061 0.2629370 0.3328457 0.3545091 0.3203301 0.2646590 0.0548962 0.0650612 0.0656789 0.0526320 0.0612774 0.0734217 0.0934339 0.0735398 0.0487623 0.0739264 0.0564314 0.0577560 0.0598292 0.0574524 0.0622592 0.0639798 0.0808773 0.0851319 0.0000000 0.0687127 0.1466131 0.0613894 0.0683436 0.0654033 0.2018575 0.2283673 0.3516320 0.4354337 0.6831261 0.6374241 0.6009418 0.7045041 0.7249118 0.7636226 0.5769050 0.5604673 0.5698094 0.5838730 0.5747972 0.5895437 0.6014310 0.5769485 0.5771164 
S0018_G6933_R1_A 0.4114785 0.4131746 0.3841895 0.3841895 0.2649246 0.2706017 0.3244730 0.3475549 0.3218003 0.2639378 0.0648681 0.0444592 0.0752707 0.0626746 0.0713801 0.0811794 0.1073636 0.0812787 0.0564520 0.0807175 0.0659683 0.0643598 0.0685267 0.0667415 0.0724057 0.0720366 0.0912783 0.0952931 0.0687127 0.0000000 0.1559826 0.0701668 0.0733778 0.0749180 0.2092744 0.2320436 0.3748371 0.4530755 0.7047307 0.6221678 0.5910725 0.6927603 0.7158535 0.7395179 0.5382436 0.5796835 0.5893623 0.5987093 0.5876767 0.6067902 0.6133930 0.5897558 0.5902805 
S0005_G6933_R1_A 0.3908420 0.3911121 0.3508699 0.3508699 0.2244342 0.2291116 0.2906749 0.3120330 0.2876566 0.2300300 0.1438502 0.1516785 0.1631289 0.1341818 0.1409961 0.1519594 0.1689466 0.1598654 0.1346643 0.1645963 0.1379806 0.1358330 0.1381842 0.1418641 0.1472491 0.1420742 0.1720471 0.1814053 0.1466131 0.1559826 0.0000000 0.1435669 0.1515844 0.1374875 0.1791340 0.1910489 0.4671681 0.4367670 0.7102650 0.6244720 0.5970176 0.7471886 0.7670300 0.8201188 0.5587479 0.6810449 0.6945530 0.7062293 0.6869377 0.7054274 0.6935996 0.6989702 0.6987038 
S0030_G6933_R1_A 0.3836551 0.3852843 0.3638051 0.3638051 0.2323868 0.2512466 0.2966483 0.3191313 0.2863543 0.2326877 0.0554746 0.0678091 0.0721164 0.0503679 0.0553547 0.0482597 0.0919545 0.0708516 0.0442198 0.0678435 0.0497826 0.0554009 0.0581599 0.0515332 0.0548923 0.0588102 0.0820001 0.0888327 0.0613894 0.0701668 0.1435669 0.0000000 0.0646158 0.0587016 0.1976230 0.1999904 0.3549933 0.4412396 0.7017804 0.6132955 0.5761599 0.6915244 0.7113186 0.7492917 0.5632769 0.5563768 0.5656436 0.5795368 0.5605891 0.5801160 0.5862221 0.5660137 0.5694904 
S0046_G6933_R1_A 0.4051425 0.4039714 0.3805314 0.3805314 0.2563606 0.2627884 0.3215743 0.3447590 0.3125976 0.2551516 0.0601408 0.0733097 0.0718319 0.0556426 0.0622335 0.0776260 0.0932156 0.0679445 0.0508809 0.0770933 0.0585462 0.0601826 0.0627676 0.0611926 0.0632298 0.0657792 0.0814164 0.0874986 0.0683436 0.0733778 0.1515844 0.0646158 0.0000000 0.0679155 0.2033577 0.2262981 0.3688097 0.4762567 0.6983679 0.6339214 0.5983078 0.7085258 0.7268212 0.7748311 0.5548954 0.5910422 0.5944351 0.6139591 0.5961093 0.6172424 0.6216613 0.6030651 0.5998052 
S0021_G6933_R1_A 0.4092540 0.4109339 0.3865744 0.3865744 0.2592000 0.2621213 0.3180249 0.3439886 0.3120657 0.2658795 0.0578834 0.0685591 0.0738454 0.0520046 0.0564582 0.0693457 0.0926230 0.0762181 0.0503356 0.0726175 0.0544016 0.0565133 0.0525131 0.0510582 0.0589529 0.0300584 0.0846053 0.0891853 0.0654033 0.0749180 0.1374875 0.0587016 0.0679155 0.0000000 0.1945170 0.2208464 0.3508292 0.4619249 0.7111591 0.6362103 0.6032111 0.7159799 0.7324446 0.7780461 0.5694607 0.5613617 0.5633872 0.5807471 0.5637367 0.5820859 0.5898634 0.5704844 0.5642755 
S0035_G6933_R1_A 0.4822534 0.4842670 0.4469793 0.4469793 0.2911798 0.3066500 0.3661507 0.3987499 0.3720994 0.3065993 0.1946005 0.2083252 0.2067937 0.1869947 0.1977781 0.2048487 0.2380689 0.2146413 0.1875696 0.2168167 0.1946434 0.1837599 0.1913971 0.1914410 0.2031714 0.1997563 0.2226723 0.2278355 0.2018575 0.2092744 0.1791340 0.1976230 0.2033577 0.1945170 0.0000000 0.2498611 0.5275041 0.4837815 0.7415688 0.6611301 0.6352160 0.7912266 0.8216870 0.8688340 0.5783717 0.7145580 0.7228538 0.7382995 0.7208209 0.7363138 0.7356834 0.7272391 0.7247437 
S0033_G6933_R1_A 0.4208948 0.4291912 0.3628442 0.3628442 0.2608768 0.2300482 0.2956469 0.3201191 0.3039354 0.2668053 0.2249785 0.2322117 0.2286023 0.2131819 0.2228674 0.2206000 0.2520387 0.2374370 0.2147245 0.2326179 0.2199351 0.2160347 0.2088714 0.2180451 0.2178171 0.2194388 0.2476775 0.2509350 0.2283673 0.2320436 0.1910489 0.1999904 0.2262981 0.2208464 0.2498611 0.0000000 0.5569413 0.4257175 0.6924359 0.6357769 0.6089227 0.7466171 0.7490689 0.7891869 0.5862293 0.6830084 0.6967265 0.7036600 0.6950383 0.7126738 0.6955826 0.6879957 0.6992285 
S0037_G6933_R2_U 0.7826082 0.7790780 0.7655783 0.7655783 0.6895707 0.6307114 0.6578055 0.6950929 0.6882383 0.6985873 0.3418781 0.3526029 0.3300922 0.3491181 0.3598696 0.3694968 0.4041067 0.3771103 0.3494474 0.3730275 0.3488899 0.3638419 0.3508784 0.3507259 0.3629887 0.3565603 0.3932503 0.3841379 0.3516320 0.3748371 0.4671681 0.3549933 0.3688097 0.3508292 0.5275041 0.5569413 0.0000000 0.7154718 1.0694326 1.1576687 1.1451600 1.1096141 1.1363334 1.1445384 1.0338214 0.9986103 0.9779859 1.0008242 0.9902947 1.0261224 1.0455728 0.9933480 0.9882687 
S0006_G6933_R1_A 0.5878974 0.5818213 0.5876481 0.5876481 0.3773097 0.4542749 0.4569051 0.4801950 0.4894887 0.3900752 0.4565227 0.4534047 0.4596297 0.4494651 0.4553545 0.4388846 0.5000676 0.4613297 0.4417548 0.4744266 0.4469167 0.4377952 0.4539636 0.4498787 0.4596399 0.4572654 0.4707545 0.4747277 0.4354337 0.4530755 0.4367670 0.4412396 0.4762567 0.4619249 0.4837815 0.4257175 0.7154718 0.0000000 0.7324077 0.7498094 0.7452580 0.9318458 0.9681476 0.9756924 0.6376565 0.8135823 0.8164732 0.8350516 0.8228166 0.8129401 0.8142863 0.7978321 0.8216793 
S0003_G6933_R1_N 0.7847236 0.7888135 0.7585663 0.7609275 0.5675649 0.7255068 0.7557592 0.7560173 0.7654516 0.5980889 0.7008863 0.6959635 0.6801225 0.6671429 0.7029482 0.6834852 0.7167355 0.6894565 0.6789190 0.7163746 0.6982365 0.6822219 0.6825297 0.6910333 0.6992029 0.7040644 0.7083195 0.7217679 0.6831261 0.7047307 0.7102650 0.7017804 0.6983679 0.7111591 0.7415688 0.6924359 1.0694326 0.7324077 0.0000000 0.7588198 0.7377348 0.9088592 0.9471499 0.9534363 0.4848126 0.7355616 0.7384347 0.7492797 0.7464251 0.7639289 0.7541253 0.7528300 0.7594410 
S0025_G6933_R1_A 0.6444262 0.6414235 0.6634211 0.6601629 0.5865211 0.6271116 0.6471999 0.6301765 0.6487450 0.6151625 0.6205791 0.6306317 0.6368358 0.5989868 0.6169329 0.6158789 0.6481677 0.6118753 0.6133057 0.6117263 0.6164423 0.6047943 0.6042190 0.6261505 0.6113931 0.6233602 0.6120843 0.6600194 0.6374241 0.6221678 0.6244720 0.6132955 0.6339214 0.6362103 0.6611301 0.6357769 1.1576687 0.7498094 0.7588198 0.0000000 0.0396051 0.1047321 0.0927992 0.1727676 0.6509077 0.8950488 0.9112070 0.9422153 0.9052789 0.9356497 0.9038133 0.9031483 0.9306111 
S0029_G6933_R1_A 0.6230165 0.6200673 0.6422981 0.6391173 0.5729785 0.6262373 0.6496384 0.6270341 0.6365851 0.5885625 0.5954001 0.6000029 0.6053448 0.5721127 0.5889452 0.5899392 0.6166700 0.6023711 0.5756064 0.5828965 0.5792535 0.5791966 0.5698901 0.5970552 0.5809768 0.5956393 0.5953205 0.6285340 0.6009418 0.5910725 0.5970176 0.5761599 0.5983078 0.6032111 0.6352160 0.6089227 1.1451600 0.7452580 0.7377348 0.0396051 0.0000000 0.0929024 0.0864115 0.1648289 0.6322836 0.8695852 0.8853852 0.9081659 0.8727989 0.9018948 0.8746042 0.8810489 0.8970443 
S0032_G6933_R2_N 0.8133088 0.8071753 0.8552782 0.8520271 0.6678470 0.7378718 0.7592714 0.7730280 0.7921385 0.6687382 0.6916752 0.6909898 0.7093953 0.6621522 0.6969860 0.6756410 0.7246231 0.6965440 0.6802090 0.6946073 0.6724593 0.6763986 0.6937467 0.6902718 0.6901728 0.6943148 0.6866461 0.7252215 0.7045041 0.6927603 0.7471886 0.6915244 0.7085258 0.7159799 0.7912266 0.7466171 1.1096141 0.9318458 0.9088592 0.1047321 0.0929024 0.0000000 0.0338034 0.1209404 0.6930030 0.9776735 0.9889728 1.0119917 0.9819629 1.0136034 0.9929404 0.9949625 0.9965204 
S0032_G6933_R1_N 0.8406646 0.8342889 0.8563933 0.8563933 0.6848945 0.7509120 0.7753080 0.7812969 0.8006057 0.6920245 0.7116265 0.7119127 0.7369310 0.6771818 0.7172902 0.6969993 0.7506053 0.7122194 0.6997763 0.7128451 0.6941170 0.6898040 0.7073365 0.7100548 0.7056137 0.7155381 0.7050786 0.7453452 0.7249118 0.7158535 0.7670300 0.7113186 0.7268212 0.7324446 0.8216870 0.7490689 1.1363334 0.9681476 0.9471499 0.0927992 0.0864115 0.0338034 0.0000000 0.1162385 0.7215228 1.0160565 1.0346067 1.0555355 1.0237290 1.0571071 1.0295065 1.0375100 1.0391978 
S0001_G6933_R1_A 0.9095864 0.9024939 0.9088612 0.9024015 0.6970243 0.7644076 0.7951836 0.8333205 0.8546077 0.6960631 0.7456207 0.7503829 0.7704948 0.7204676 0.7515486 0.7543285 0.8016572 0.7619315 0.7417217 0.7565342 0.7293583 0.7281061 0.7425101 0.7612396 0.7391147 0.7643069 0.7320452 0.7837151 0.7636226 0.7395179 0.8201188 0.7492917 0.7748311 0.7780461 0.8688340 0.7891869 1.1445384 0.9756924 0.9534363 0.1727676 0.1648289 0.1209404 0.1162385 0.0000000 0.7198620 1.0284186 1.0467968 1.0725271 1.0355694 1.0458102 1.0288545 1.0499159 1.0551481 
S0049_G6933_R1_A 0.6271631 0.6245087 0.6399087 0.6373690 0.5338349 0.5759885 0.6395321 0.6370204 0.6322012 0.5533939 0.5558555 0.5603768 0.5699610 0.5365482 0.5648865 0.5794154 0.5877468 0.5644836 0.5452802 0.5851798 0.5470356 0.5477383 0.5489867 0.5627314 0.5561184 0.5593132 0.5854491 0.5921020 0.5769050 0.5382436 0.5587479 0.5632769 0.5548954 0.5694607 0.5783717 0.5862293 1.0338214 0.6376565 0.4848126 0.6509077 0.6322836 0.6930030 0.7215228 0.7198620 0.0000000 0.6792431 0.6857637 0.6919095 0.6977002 0.6989893 0.7115852 0.6742760 0.6937583 
S0040_G6933_R1_N 0.7705526 0.7793474 0.8468301 0.8440772 0.6707075 0.7268578 0.7686752 0.7758070 0.7548098 0.6836214 0.5568985 0.5810837 0.5787129 0.5517632 0.5772280 0.5759613 0.6036850 0.5963948 0.5650149 0.5488439 0.5646428 0.5746555 0.5743069 0.5563005 0.5501272 0.5520693 0.5902375 0.6175026 0.5604673 0.5796835 0.6810449 0.5563768 0.5910422 0.5613617 0.7145580 0.6830084 0.9986103 0.8135823 0.7355616 0.8950488 0.8695852 0.9776735 1.0160565 1.0284186 0.6792431 0.0000000 0.0234330 0.0273678 0.0281262 0.0266453 0.0342924 0.0226974 0.0242861 
S0041_G6933_R1_N 0.7796464 0.7885565 0.8526767 0.8498938 0.6881568 0.7321290 0.7811201 0.7859596 0.7650211 0.7014993 0.5594849 0.5960264 0.5865802 0.5647903 0.5817117 0.5787600 0.6232837 0.6063583 0.5694005 0.5614298 0.5690743 0.5843748 0.5770651 0.5638215 0.5611012 0.5573688 0.5994776 0.6220560 0.5698094 0.5893623 0.6945530 0.5656436 0.5944351 0.5633872 0.7228538 0.6967265 0.9779859 0.8164732 0.7384347 0.9112070 0.8853852 0.9889728 1.0346067 1.0467968 0.6857637 0.0234330 0.0000000 0.0265416 0.0272983 0.0289914 0.0334305 0.0234478 0.0234690 
S0045_G6933_R1_A 0.8031215 0.8122409 0.8791444 0.8762881 0.6977369 0.7453228 0.8012828 0.8016316 0.7813600 0.7035067 0.5766820 0.6068108 0.5985033 0.5787688 0.5941209 0.5992655 0.6370383 0.6230741 0.5826707 0.5738002 0.5842449 0.6035917 0.5929936 0.5817103 0.5764878 0.5746402 0.6129214 0.6354703 0.5838730 0.5987093 0.7062293 0.5795368 0.6139591 0.5807471 0.7382995 0.7036600 1.0008242 0.8350516 0.7492797 0.9422153 0.9081659 1.0119917 1.0555355 1.0725271 0.6919095 0.0273678 0.0265416 0.0000000 0.0297110 0.0274979 0.0367341 0.0242852 0.0227634 
S0043_G6933_R1_N 0.7764382 0.7829748 0.8405508 0.8378016 0.6862738 0.7306193 0.7726782 0.7749577 0.7589081 0.6928232 0.5610891 0.5923405 0.5913942 0.5590352 0.5785444 0.5778755 0.6287710 0.6107080 0.5676766 0.5556929 0.5673308 0.5877850 0.5773891 0.5641674 0.5575909 0.5593502 0.6037698 0.6198770 0.5747972 0.5876767 0.6869377 0.5605891 0.5961093 0.5637367 0.7208209 0.6950383 0.9902947 0.8228166 0.7464251 0.9052789 0.8727989 0.9819629 1.0237290 1.0355694 0.6977002 0.0281262 0.0272983 0.0297110 0.0000000 0.0321848 0.0168614 0.0265892 0.0250937 
S0042_G6933_R1_N 0.7888015 0.7978156 0.8763374 0.8734827 0.6932431 0.7573353 0.8034867 0.8015172 0.7783852 0.7109910 0.5762584 0.6154297 0.6049308 0.5836283 0.6041513 0.6008513 0.6461237 0.6257760 0.5856237 0.5769894 0.5889586 0.6033381 0.5978791 0.5823809 0.5794488 0.5776079 0.6199344 0.6390587 0.5895437 0.6067902 0.7054274 0.5801160 0.6172424 0.5820859 0.7363138 0.7126738 1.0261224 0.8129401 0.7639289 0.9356497 0.9018948 1.0136034 1.0571071 1.0458102 0.6989893 0.0266453 0.0289914 0.0274979 0.0321848 0.0000000 0.0393150 0.0274744 0.0259729 
S0047_G6933_R1_N 0.7893928 0.7985441 0.8509293 0.8481198 0.6837640 0.7305546 0.7909042 0.7830566 0.7621824 0.6865164 0.5832702 0.6235936 0.6157435 0.5752647 0.6012459 0.6004045 0.6429459 0.6354689 0.5932784 0.5834877 0.5923839 0.6061565 0.6026929 0.5901023 0.5817327 0.5785663 0.6325469 0.6463911 0.6014310 0.6133930 0.6935996 0.5862221 0.6216613 0.5898634 0.7356834 0.6955826 1.0455728 0.8142863 0.7541253 0.9038133 0.8746042 0.9929404 1.0295065 1.0288545 0.7115852 0.0342924 0.0334305 0.0367341 0.0168614 0.0393150 0.0000000 0.0311201 0.0343805 
S0044_G6933_R1_N 0.7870555 0.7960187 0.8538972 0.8511161 0.6860171 0.7346278 0.7787697 0.7836803 0.7631881 0.6861966 0.5677038 0.6014527 0.5889586 0.5668206 0.5889949 0.5895353 0.6213733 0.6155952 0.5765178 0.5651691 0.5762678 0.5909130 0.5842896 0.5708655 0.5641575 0.5644343 0.6074551 0.6289908 0.5769485 0.5897558 0.6989702 0.5660137 0.6030651 0.5704844 0.7272391 0.6879957 0.9933480 0.7978321 0.7528300 0.9031483 0.8810489 0.9949625 1.0375100 1.0499159 0.6742760 0.0226974 0.0234478 0.0242852 0.0265892 0.0274744 0.0311201 0.0000000 0.0212140 
S0038_G6933_R1_A 0.7931048 0.8021513 0.8640867 0.8612690 0.6832013 0.7296530 0.7775481 0.7823507 0.7602423 0.6890430 0.5666543 0.5985390 0.5956834 0.5705173 0.5891986 0.5879632 0.6314934 0.6089454 0.5766840 0.5655018 0.5789688 0.5939318 0.5844807 0.5710141 0.5664622 0.5615810 0.6079418 0.6246413 0.5771164 0.5902805 0.6987038 0.5694904 0.5998052 0.5642755 0.7247437 0.6992285 0.9882687 0.8216793 0.7594410 0.9306111 0.8970443 0.9965204 1.0391978 1.0551481 0.6937583 0.0242861 0.0234690 0.0227634 0.0250937 0.0259729 0.0343805 0.0212140 0.0000000 
