95
S0015_G6947_R1_A 0.0000000 0.0711250 0.0810199 0.0662602 0.0748946 0.0633605 0.0640666 0.0750578 0.0477713 0.0687486 0.2961478 0.3077609 0.0568340 0.1064930 0.0947908 0.1065921 0.1150492 0.0985255 0.1066471 0.1155522 0.1231589 0.1028979 0.1027487 0.1109277 0.1198665 0.1028741 0.1071182 0.1155396 0.0988105 0.1026962 0.1070083 0.1153021 0.1196599 0.1196025 0.1213567 0.1218281 0.1322394 0.1199534 0.1448200 0.0864980 0.1027924 0.1027924 0.1236961 0.1232537 0.1187481 0.1355669 0.1590651 0.1590651 0.3967885 0.4334270 0.4202219 0.0581351 0.4445683 0.5081492 0.4990705 0.5013982 0.5013982 0.5149384 0.5210415 0.4881165 0.5129326 0.4805271 0.4016327 0.4205479 0.2957965 0.5336832 0.5243512 0.5035103 0.5151449 0.5761437 0.5262418 0.5356711 0.5336832 0.5328464 0.5443660 0.5423286 0.5312063 0.5553630 0.5477905 0.4960077 0.7050099 0.4746796 0.4766439 0.4766439 0.4897814 0.4626418 0.4684087 0.4882749 0.5313445 0.5336866 0.5407519 0.5494309 0.5494309 0.5584362 0.5653761 
S0010_G6947_R1_A 0.0711250 0.0000000 0.0072615 0.0859730 0.0707182 0.0843222 0.0678456 0.0875102 0.0730550 0.0771561 0.3194605 0.3394718 0.1011303 0.1203398 0.1083560 0.1121587 0.1291886 0.1121578 0.1205159 0.1297668 0.1375121 0.1166983 0.1165273 0.1165905 0.1342244 0.1215734 0.1294727 0.1382656 0.1213924 0.1081978 0.1215159 0.1210603 0.1255130 0.1339203 0.1359279 0.1468438 0.1383391 0.1343247 0.1511586 0.0998342 0.1120121 0.1120121 0.1330607 0.1293455 0.1247386 0.1420710 0.1675811 0.1675811 0.4089158 0.4182402 0.4053084 0.0927220 0.4581517 0.5100995 0.5008880 0.5032537 0.5032537 0.5169829 0.5231930 0.4897900 0.4895148 0.5366303 0.4456022 0.4138922 0.3385377 0.5365650 0.5271663 0.5061971 0.5252280 0.5792833 0.5405417 0.5271663 0.5365650 0.5357209 0.5611953 0.5452705 0.5340606 0.5583754 0.5507564 0.5151929 0.7174262 0.5014463 0.5035743 0.5035743 0.5171863 0.4890457 0.4949629 0.5015498 0.5323748 0.5347222 0.5417920 0.5504788 0.5504788 0.5594930 0.5664363 
S0009_G6947_R1_A 0.0810199 0.0072615 0.0000000 0.0936319 0.0772563 0.0927498 0.0767939 0.0980791 0.0815257 0.0858674 0.3230584 0.3436652 0.1100570 0.1321722 0.1155327 0.1236864 0.1414080 0.1236844 0.1323703 0.1420628 0.1456732 0.1284383 0.1282455 0.1283191 0.1467129 0.1335731 0.1373040 0.1464133 0.1289766 0.1195920 0.1335088 0.1329878 0.1376389 0.1419152 0.1441075 0.1560512 0.1509795 0.1468270 0.1642978 0.1108900 0.1192800 0.1192800 0.1454023 0.1419843 0.1371649 0.1555862 0.1816477 0.1816477 0.4043698 0.4172882 0.4040867 0.0957698 0.4674027 0.5119129 0.5024573 0.5048889 0.5048889 0.5189751 0.5253705 0.4910814 0.4907989 0.5567901 0.4574788 0.4156419 0.3304983 0.5539677 0.5441287 0.5223116 0.5347819 0.5984276 0.5582027 0.5441287 0.5539677 0.5530755 0.5796875 0.5630723 0.5512847 0.5766550 0.5687235 0.5040790 0.7153449 0.4945834 0.4967182 0.4967182 0.5105292 0.4819870 0.4880037 0.4880973 0.5590397 0.5616066 0.5690379 0.5635956 0.5635956 0.5730199 0.5802413 
S0027_G6947_R6_A 0.0662602 0.0859730 0.0936319 0.0000000 0.0432137 0.0000010 0.0395151 0.0811346 0.0689410 0.0448467 0.3504121 0.3581300 0.1035075 0.1039357 0.0997745 0.1095099 0.1194413 0.1095099 0.0998965 0.1252543 0.1394670 0.1148555 0.1146564 0.1245970 0.1299992 0.1206049 0.1240798 0.1355077 0.1098014 0.1145860 0.1248524 0.1299544 0.1252661 0.1252976 0.1252976 0.1355077 0.1404576 0.1301130 0.1608021 0.0949513 0.1096630 0.1096630 0.1146577 0.1252661 0.1299544 0.1404576 0.1351996 0.1351996 0.3518213 0.5302954 0.5127013 0.0773777 0.4055875 0.4773007 0.4667787 0.4775114 0.4775114 0.4852932 0.4797781 0.4537917 0.4586399 0.4392099 0.4298507 0.3225638 0.3824164 0.5846578 0.5727405 0.5466498 0.5701541 0.6288256 0.5660205 0.5727405 0.5846578 0.5835596 0.5984703 0.5956901 0.5812789 0.5995729 0.6023552 0.5876783 0.6602611 0.5556266 0.5585604 0.5585604 0.5758805 0.5397240 0.5389393 0.5560937 0.4883673 0.4908651 0.4831684 0.4933496 0.4933496 0.5033327 0.5112201 
S0027_G6947_R7_A 0.0748946 0.0707182 0.0772563 0.0432137 0.0000000 0.0388333 0.0000010 0.0935877 0.0727965 0.0164192 0.3246656 0.3471956 0.1099009 0.1145027 0.1106356 0.1106996 0.1292013 0.1198261 0.1107647 0.1347381 0.1480635 0.1249029 0.1247012 0.1247774 0.1444770 0.1303831 0.1335485 0.1443992 0.1252209 0.1154392 0.1303155 0.1297708 0.1254019 0.1400699 0.1400699 0.1443992 0.1538906 0.1393032 0.1584753 0.1060783 0.1144657 0.1144657 0.1245761 0.1254019 0.1297708 0.1538906 0.1703373 0.1703373 0.3486683 0.4670447 0.4518540 0.0822240 0.4250820 0.4786595 0.4688419 0.4712848 0.4712848 0.4861060 0.4809725 0.4567347 0.4612477 0.4718509 0.4235077 0.3747641 0.3869008 0.5983737 0.5870099 0.5622089 0.5845026 0.6402062 0.5894116 0.5870099 0.5983737 0.5973207 0.6115553 0.6088723 0.5950989 0.6241838 0.6151402 0.5429708 0.7324290 0.5423928 0.5450341 0.5450341 0.5609176 0.5355826 0.5348651 0.5507214 0.5627403 0.5655375 0.5578703 0.5683225 0.5683225 0.5785839 0.5864357 
S0027_G6947_R2_A 0.0633605 0.0843222 0.0927498 0.0000010 0.0388333 0.0000000 0.0345609 0.0942903 0.0690552 0.0429371 0.2568054 0.2628414 0.1016729 0.1194269 0.1116890 0.1290806 0.1385232 0.1201506 0.1113734 0.1391896 0.1429525 0.1203384 0.1248723 0.1339470 0.1440125 0.1303737 0.1244067 0.1347074 0.1256112 0.1248030 0.1293941 0.1388507 0.1345996 0.1300854 0.1321647 0.1435521 0.1527326 0.1441287 0.1716978 0.1068316 0.1155899 0.1155899 0.1291578 0.1390212 0.1434134 0.1576418 0.1683043 0.1683043 0.4281189 0.4016799 0.3882624 0.0688723 0.4805938 0.5427465 0.5324672 0.5351803 0.5351803 0.5503277 0.5575568 0.5203776 0.5354364 0.5710382 0.4596494 0.4166421 0.3021321 0.5319180 0.5219821 0.4998005 0.5219821 0.5693543 0.5134279 0.5219821 0.5319180 0.5310276 0.5337208 0.5411326 0.5292867 0.5567033 0.5469623 0.4935695 0.7181710 0.4652773 0.4673390 0.4673390 0.4813627 0.4524158 0.4585853 0.4729831 0.5507050 0.5533225 0.5460186 0.5553527 0.5553527 0.5650529 0.5725127 
S0027_G6947_R1_A 0.0640666 0.0678456 0.0767939 0.0395151 0.0000010 0.0345609 0.0000000 0.0847616 0.0688403 0.0146917 0.2754023 0.2943104 0.1058644 0.1126038 0.1094086 0.1132478 0.1304601 0.1132468 0.1050003 0.1310499 0.1388708 0.1178384 0.1176641 0.1177288 0.1355572 0.1227717 0.1257238 0.1354921 0.1225872 0.1092474 0.1227131 0.1222481 0.1182656 0.1311172 0.1330998 0.1438921 0.1484095 0.1356595 0.1526728 0.1007431 0.1130980 0.1130980 0.1217942 0.1218946 0.1260007 0.1527842 0.1730250 0.1730250 0.3782215 0.3972046 0.3844586 0.0789692 0.4725047 0.5262444 0.5167058 0.5191904 0.5191904 0.5333243 0.5398882 0.5053504 0.5194033 0.5321760 0.4269530 0.3907022 0.3371539 0.5467110 0.5370505 0.5155752 0.5350343 0.5828647 0.5390262 0.5370505 0.5467110 0.5458384 0.5577982 0.5556542 0.5441017 0.5690466 0.5612405 0.4919972 0.6981264 0.4892962 0.4913881 0.4913881 0.5050398 0.4768308 0.4827896 0.5034472 0.5536454 0.5561368 0.5492145 0.5580678 0.5580678 0.5672645 0.5743266 
S0014_G6947_R1_A 0.0750578 0.0875102 0.0980791 0.0811346 0.0935877 0.0942903 0.0847616 0.0000000 0.0776750 0.0903502 0.3354279 0.3557894 0.1070420 0.1154552 0.1030099 0.1067622 0.1069984 0.1067617 0.1149740 0.1240287 0.1316706 0.1069979 0.1110459 0.1193168 0.1284009 0.1159669 0.1277642 0.1281525 0.1157966 0.1109889 0.1242180 0.1237559 0.1281773 0.1189443 0.1206785 0.1356483 0.1282163 0.1242760 0.1536080 0.0952648 0.0992072 0.0992072 0.1365006 0.1320527 0.1274793 0.1313134 0.1665283 0.1665283 0.3998839 0.4619645 0.4551985 0.0818598 0.4290818 0.4987002 0.5008456 0.4919677 0.4919677 0.5054786 0.5114755 0.4787066 0.5030566 0.4908086 0.4017829 0.4381928 0.3377214 0.5014923 0.4926126 0.4725589 0.4908614 0.5423918 0.4982418 0.4926126 0.5014923 0.5007116 0.5115994 0.5097393 0.4992401 0.5223854 0.5150967 0.5139993 0.7374734 0.5093935 0.5115725 0.5115725 0.5253364 0.5042144 0.4968384 0.5175926 0.4802679 0.4823185 0.4890353 0.4971626 0.4971626 0.5055436 0.5121466 
S0008_G6947_R1_A 0.0477713 0.0730550 0.0815257 0.0689410 0.0727965 0.0690552 0.0688403 0.0776750 0.0000000 0.0780131 0.2730375 0.2931290 0.0926956 0.0937411 0.0770193 0.0938365 0.0984159 0.0852586 0.0895613 0.1032798 0.1070864 0.0895619 0.0897220 0.0940570 0.1034211 0.0903774 0.0899358 0.0988092 0.0902356 0.0896727 0.0897954 0.0986501 0.1032320 0.1083701 0.1100869 0.1039395 0.1118716 0.1035004 0.1253720 0.0682783 0.0765869 0.0765869 0.1074304 0.1065507 0.1018053 0.1142042 0.1613140 0.1613140 0.4268060 0.3831724 0.3698030 0.0000010 0.4866558 0.5499128 0.5394382 0.5422186 0.5422186 0.5576157 0.5650464 0.5271828 0.5557359 0.5783416 0.3641205 0.4743756 0.2823117 0.5048110 0.5039646 0.4820723 0.5039646 0.5584712 0.4955504 0.5039646 0.5137104 0.5128464 0.5154324 0.5227621 0.5111941 0.5301357 0.5285797 0.4839953 0.8070774 0.4675955 0.4696736 0.4696736 0.4837508 0.4546903 0.4608789 0.4753359 0.5167975 0.5192232 0.5267097 0.5358741 0.5358741 0.5453762 0.5527432 
S0027_G6947_R3_A 0.0687486 0.0771561 0.0858674 0.0448467 0.0164192 0.0429371 0.0146917 0.0903502 0.0780131 0.0000000 0.2675012 0.2733832 0.1162006 0.1228873 0.1196913 0.1236059 0.1369099 0.1236039 0.1151423 0.1419737 0.1499489 0.1283554 0.1281627 0.1282362 0.1466217 0.1334873 0.1320423 0.1420885 0.1288930 0.1195133 0.1284645 0.1329027 0.1288340 0.1420442 0.1442411 0.1512947 0.1598246 0.1467357 0.1642003 0.1107551 0.1191368 0.1191368 0.1324024 0.1328776 0.1370755 0.1649782 0.1750788 0.1750788 0.3919588 0.3781230 0.3654755 0.0906635 0.4716449 0.5258354 0.5162139 0.5187189 0.5187189 0.5329787 0.5395986 0.5047564 0.5212573 0.5347410 0.4472173 0.4053830 0.3381726 0.5471922 0.5373253 0.5154030 0.5279534 0.5841320 0.5393433 0.5373253 0.5471922 0.5463006 0.5585219 0.5563290 0.5445252 0.5700100 0.5620339 0.5120286 0.6729373 0.4792252 0.4812959 0.4812959 0.4950420 0.4666497 0.4726699 0.4934560 0.5607431 0.5633260 0.5562244 0.5653272 0.5653272 0.5747940 0.5820428 
S0027_G6947_R4_A 0.2961478 0.3194605 0.3230584 0.3504121 0.3246656 0.2568054 0.2754023 0.3354279 0.2730375 0.2675012 0.0000000 0.0109681 0.3043799 0.3493984 0.3646337 0.3757974 0.3770378 0.3519033 0.3455742 0.3675795 0.3647977 0.3507287 0.3588634 0.3708144 0.3785885 0.3736544 0.3521102 0.3735662 0.3653428 0.3761196 0.3599538 0.3658652 0.3609582 0.3911849 0.3988603 0.4129814 0.3771270 0.3799413 0.3969707 0.3483463 0.3816731 0.3816731 0.3808233 0.3752292 0.3803215 0.3992845 0.4877948 0.4877948 0.7781323 0.6556968 0.6376523 0.3701740 0.9163599 1.0404420 1.0217381 1.0057013 1.0057013 1.0294093 1.0712683 1.0057294 1.0074794 0.9867092 1.0961084 0.8874461 0.4213053 0.6997864 0.6961742 0.6823061 0.6746932 0.7544745 0.6895247 0.7122721 0.7090004 0.7077664 0.7094113 0.7207734 0.7048427 0.7522215 0.7271468 0.8100281 1.3495519 0.6690656 0.6587027 0.6587027 0.6757480 0.6568353 0.6638517 0.6820255 0.8929486 0.8981326 0.8882929 0.9123912 0.9123912 0.9274674 0.9056945 
S0027_G6947_R5_A 0.3077609 0.3394718 0.3436652 0.3581300 0.3471956 0.2628414 0.2943104 0.3557894 0.2931290 0.2733832 0.0109681 0.0000000 0.3258459 0.3699549 0.3857698 0.3971878 0.3985332 0.3726525 0.3661391 0.3889742 0.3859602 0.3713816 0.3798613 0.3921291 0.4002017 0.3952046 0.3728723 0.3950882 0.3865448 0.3975494 0.3725988 0.3870904 0.3821202 0.4131495 0.4214125 0.4378952 0.3986366 0.4016764 0.4191037 0.3688061 0.4032007 0.4032007 0.4023047 0.3975184 0.4026779 0.4227950 0.4953050 0.4953050 0.8155863 0.6812044 0.6625744 0.3964655 0.9587101 1.0889792 1.0692654 1.0527743 1.0527743 1.0775048 1.1217933 1.0528582 1.0552559 1.0113172 1.0892136 0.9308986 0.4441476 0.7257968 0.7219724 0.7075102 0.6997285 0.7624749 0.7151726 0.7387826 0.7353061 0.7340147 0.7357502 0.7475322 0.7308770 0.7800376 0.7539960 0.8375976 1.3672171 0.6833958 0.6728075 0.6728075 0.6901618 0.6708857 0.6779880 0.6965252 0.9344990 0.9400641 0.9298633 0.9549558 0.9549558 0.9708111 0.9481966 
S0034_G6947_R1_A 0.0568340 0.1011303 0.1100570 0.1035075 0.1099009 0.1016729 0.1058644 0.1070420 0.0926956 0.1162006 0.3043799 0.3258459 0.0000000 0.1479404 0.1242857 0.1480883 0.1430001 0.1293031 0.1433980 0.1493154 0.1531981 0.1388692 0.1436800 0.1436848 0.1542886 0.1343719 0.1440311 0.1491087 0.1243858 0.1435970 0.1390307 0.1536672 0.1588470 0.1444748 0.1468902 0.1541850 0.1633888 0.1534158 0.1732909 0.1107733 0.1244439 0.1244439 0.1583397 0.1589529 0.1536208 0.1636274 0.1791344 0.1791344 0.4772541 0.4266676 0.4195060 0.0991923 0.4763770 0.5401154 0.5295642 0.5323420 0.5323420 0.5479088 0.5553162 0.5171328 0.5374368 0.5779016 0.5357048 0.5067999 0.2703408 0.5072104 0.5072104 0.4840336 0.5072104 0.5629181 0.5055952 0.5183656 0.5162908 0.5162908 0.5180552 0.5255290 0.5237508 0.5412223 0.5314532 0.4561770 0.8104008 0.4623278 0.4644394 0.4644394 0.4788822 0.4490815 0.4554381 0.4555096 0.5784439 0.5813808 0.5896558 0.5926808 0.5926808 0.6033912 0.6115067 
S0046_G6947_R1_A 0.1064930 0.1203398 0.1321722 0.1039357 0.1145027 0.1194269 0.1126038 0.1154552 0.0937411 0.1228873 0.3493984 0.3699549 0.1479404 0.0000000 0.0286950 0.0249741 0.0397017 0.0249853 0.0396233 0.0398626 0.0396654 0.0250347 0.0214062 0.0433973 0.0511478 0.0474094 0.0360506 0.0548388 0.0398822 0.0359729 0.0399181 0.0397888 0.0510677 0.0589955 0.0598172 0.0557172 0.0624482 0.0474298 0.0739119 0.0510439 0.0658753 0.0658753 0.0736875 0.0525075 0.0408999 0.0660894 0.1246262 0.1246262 0.3910585 0.4962479 0.4962479 0.1054482 0.4364686 0.5063558 0.4972199 0.4995582 0.4995582 0.5131938 0.5193238 0.4861831 0.5111588 0.4828365 0.4328119 0.4392949 0.3754600 0.4732898 0.4647728 0.4453411 0.4631576 0.5060883 0.4595478 0.4647728 0.4732898 0.4725556 0.4829345 0.4812187 0.4712201 0.4935594 0.4864962 0.4790970 0.7425163 0.4748032 0.4767699 0.4767699 0.4899206 0.4627541 0.4685262 0.4816235 0.5147166 0.5169586 0.5238991 0.5609746 0.5609746 0.5700803 0.5770640 
S0023_G6947_R1_A 0.0947908 0.1083560 0.1155327 0.0997745 0.1106356 0.1116890 0.1094086 0.1030099 0.0770193 0.1196913 0.3646337 0.3857698 0.1242857 0.0286950 0.0000000 0.0249181 0.0357381 0.0177227 0.0249293 0.0397556 0.0322252 0.0249686 0.0213500 0.0286022 0.0361144 0.0324456 0.0359540 0.0397527 0.0285818 0.0213395 0.0324295 0.0323253 0.0434611 0.0437341 0.0443343 0.0391731 0.0547052 0.0322446 0.0584408 0.0399911 0.0472311 0.0472311 0.0704226 0.0407271 0.0293680 0.0537028 0.1300226 0.1300226 0.3868297 0.4784778 0.4784778 0.0814669 0.4416824 0.5044968 0.4954124 0.4977336 0.4977336 0.5113015 0.5173817 0.4844222 0.5022316 0.4876161 0.3991897 0.4248870 0.3602908 0.4710718 0.4626193 0.4433166 0.4610212 0.5104658 0.4574244 0.4626193 0.4710718 0.4703444 0.4806385 0.4789416 0.4690249 0.4912038 0.4841896 0.4717764 0.7472522 0.4771314 0.4791169 0.4791169 0.4923410 0.4650214 0.4708207 0.4710496 0.5266437 0.5289422 0.5359259 0.5444921 0.5444921 0.5533742 0.5602328 
S0013_G6947_R1_A 0.1065921 0.1121587 0.1236864 0.1095099 0.1106996 0.1290806 0.1132478 0.1067622 0.0938365 0.1236059 0.3757974 0.3971878 0.1480883 0.0249741 0.0249181 0.0000000 0.0285299 0.0212556 0.0357488 0.0433445 0.0431311 0.0285196 0.0248944 0.0321596 0.0471291 0.0434270 0.0395271 0.0507878 0.0359798 0.0248823 0.0286835 0.0285799 0.0396247 0.0548784 0.0556366 0.0513040 0.0507806 0.0509110 0.0620584 0.0510933 0.0659381 0.0659381 0.0818631 0.0407271 0.0293680 0.0537028 0.1254125 0.1254125 0.4031306 0.5040969 0.5040969 0.1007302 0.4432117 0.5003517 0.4912777 0.4935872 0.4935872 0.5071613 0.5132035 0.4802664 0.4980537 0.4828365 0.4226506 0.4392949 0.3869594 0.4675621 0.4591024 0.4397612 0.4575114 0.5070550 0.4538888 0.4591024 0.4675621 0.4668359 0.4704608 0.4688025 0.4655247 0.4877433 0.4807124 0.4734183 0.7429279 0.4690017 0.4709403 0.4709403 0.4840347 0.4697522 0.4627490 0.4757860 0.5243657 0.5266437 0.5335897 0.5567036 0.5567036 0.5656982 0.5726084 
S0012_G6947_R1_A 0.1150492 0.1291886 0.1414080 0.1194413 0.1292013 0.1385232 0.1304601 0.1069984 0.0984159 0.1369099 0.3770378 0.3985332 0.1430001 0.0397017 0.0357381 0.0285299 0.0000000 0.0358345 0.0431902 0.0584773 0.0581839 0.0432769 0.0395726 0.0469751 0.0547566 0.0510149 0.0470326 0.0508918 0.0433041 0.0469520 0.0472528 0.0359677 0.0471509 0.0703460 0.0713304 0.0513291 0.0584386 0.0545028 0.0775445 0.0664760 0.0737772 0.0737772 0.0979349 0.0445608 0.0331354 0.0577145 0.1428541 0.1428541 0.4106214 0.5059869 0.5059869 0.1106342 0.4486432 0.5195484 0.5102611 0.5126666 0.5126666 0.5264605 0.5327955 0.4991503 0.5173621 0.4888195 0.4318624 0.4580463 0.3765161 0.4593874 0.4510514 0.4319336 0.4495024 0.4984282 0.4458801 0.4510514 0.4593874 0.4586764 0.4622099 0.4605957 0.4574061 0.4793394 0.4723909 0.4848977 0.7668434 0.4972621 0.4993569 0.4993569 0.5128478 0.4980886 0.4908343 0.5042859 0.5334511 0.5357886 0.5428171 0.5514555 0.5514555 0.5604200 0.5673223 
S0026_G6947_R1_A 0.0985255 0.1121578 0.1236844 0.1095099 0.1198261 0.1201506 0.1132468 0.1067617 0.0852586 0.1236039 0.3519033 0.3726525 0.1293031 0.0249853 0.0177227 0.0212556 0.0358345 0.0000000 0.0284763 0.0286450 0.0285057 0.0212972 0.0177050 0.0321609 0.0397046 0.0360316 0.0322008 0.0433428 0.0286591 0.0248834 0.0286847 0.0285928 0.0396429 0.0473524 0.0480033 0.0472562 0.0583206 0.0434470 0.0620598 0.0436025 0.0583543 0.0583543 0.0740876 0.0407462 0.0293814 0.0616930 0.1338817 0.1338817 0.3796051 0.4762294 0.4762294 0.1007302 0.4560705 0.5277365 0.5183379 0.5207896 0.5207896 0.5347070 0.5411823 0.5071613 0.5255942 0.4830058 0.4313860 0.4467878 0.3645477 0.4674151 0.4589624 0.4396356 0.4573730 0.5068755 0.4537524 0.4589624 0.4674151 0.4666896 0.4769766 0.4752882 0.4653799 0.4875801 0.4805550 0.4798324 0.7341430 0.4817077 0.4837100 0.4837100 0.4969417 0.4696015 0.4753951 0.4885783 0.5044312 0.5066032 0.5134380 0.5217670 0.5217670 0.5303798 0.5370944 
S0030_G6947_R1_A 0.1066471 0.1205159 0.1323703 0.0998965 0.1107647 0.1113734 0.1050003 0.1149740 0.0895613 0.1151423 0.3455742 0.3661391 0.1433980 0.0396233 0.0249293 0.0357488 0.0431902 0.0284763 0.0000000 0.0508155 0.0505635 0.0358211 0.0321609 0.0248955 0.0323299 0.0286874 0.0321876 0.0323192 0.0433860 0.0321452 0.0397106 0.0358970 0.0396429 0.0511907 0.0518975 0.0352191 0.0507821 0.0360316 0.0544926 0.0511171 0.0659685 0.0659685 0.0819032 0.0407462 0.0368921 0.0537044 0.1338817 0.1338817 0.3796051 0.4838506 0.4838506 0.1007924 0.4635008 0.5359783 0.5264605 0.5289606 0.5289606 0.5430128 0.5496358 0.5152101 0.5338797 0.5029471 0.4080240 0.4338008 0.3756543 0.4731385 0.4646287 0.4452116 0.4630151 0.5127722 0.4594073 0.4646287 0.4731385 0.4724050 0.4827745 0.4810607 0.4710710 0.4933916 0.4863343 0.4864417 0.7345545 0.4688518 0.4707884 0.4707884 0.4838722 0.4568490 0.4626039 0.4756306 0.5312742 0.5335897 0.5269338 0.5353870 0.5353870 0.5441421 0.5509283 
S0018_G6947_R1_A 0.1155522 0.1297668 0.1420628 0.1252543 0.1347381 0.1391896 0.1310499 0.1240287 0.1032798 0.1419737 0.3675795 0.3889742 0.1493154 0.0398626 0.0397556 0.0433445 0.0584773 0.0286450 0.0508155 0.0000000 0.0249251 0.0286901 0.0177353 0.0546641 0.0625917 0.0588045 0.0472249 0.0663194 0.0436302 0.0471222 0.0511981 0.0472693 0.0511096 0.0706072 0.0676602 0.0682305 0.0740457 0.0588309 0.0856707 0.0667223 0.0818598 0.0818598 0.0983051 0.0486757 0.0447468 0.0742837 0.1521191 0.1521191 0.3684013 0.5304258 0.5304258 0.1163783 0.4562403 0.5093806 0.5002553 0.5025975 0.5025975 0.5162016 0.5223469 0.4892559 0.5071468 0.4811232 0.4205002 0.4334291 0.3677571 0.4849681 0.4762339 0.4563950 0.4745501 0.5254709 0.4709250 0.4762339 0.4849681 0.4842087 0.4948817 0.4930923 0.4828067 0.5056602 0.4984458 0.4974779 0.6842976 0.5067936 0.5089494 0.5089494 0.5226229 0.4943526 0.5002841 0.5139241 0.5017265 0.5039012 0.5107749 0.5328477 0.5328477 0.5416475 0.5484764 
S0037_G6947_R1_A 0.1231589 0.1375121 0.1456732 0.1394670 0.1480635 0.1429525 0.1388708 0.1316706 0.1070864 0.1499489 0.3647977 0.3859602 0.1531981 0.0396654 0.0322252 0.0431311 0.0581839 0.0285057 0.0505635 0.0249251 0.0000000 0.0285493 0.0176505 0.0543911 0.0622753 0.0585075 0.0469901 0.0659821 0.0434137 0.0468888 0.0509424 0.0433109 0.0545946 0.0702449 0.0712272 0.0720369 0.0736672 0.0585337 0.0852283 0.0663813 0.0737054 0.0737054 0.0977873 0.0561311 0.0445188 0.0779748 0.1600775 0.1600775 0.3746892 0.5258154 0.5258154 0.1206189 0.4630244 0.5278651 0.5184570 0.5209114 0.5209114 0.5348425 0.5413259 0.5072703 0.5120930 0.4971082 0.4286667 0.4612291 0.3541544 0.4810928 0.4724676 0.4528455 0.4708136 0.5211395 0.4672088 0.4724676 0.4810928 0.4803450 0.4908740 0.4891171 0.4789711 0.5015549 0.4944223 0.4622595 0.7100304 0.4895142 0.4915632 0.4915632 0.5049281 0.4773075 0.4831425 0.4833913 0.5118690 0.5140841 0.5209719 0.5431097 0.5431097 0.5519609 0.5448576 
S0004_G6947_R1_A 0.1028979 0.1166983 0.1284383 0.1148555 0.1249029 0.1203384 0.1178384 0.1069979 0.0895619 0.1283554 0.3507287 0.3713816 0.1388692 0.0250347 0.0249686 0.0285196 0.0432769 0.0212972 0.0358211 0.0286901 0.0285493 0.0000000 0.0105937 0.0395584 0.0472263 0.0435162 0.0322641 0.0508933 0.0287042 0.0321957 0.0286203 0.0359690 0.0471524 0.0549920 0.0557537 0.0555209 0.0506893 0.0435347 0.0698145 0.0511987 0.0584748 0.0584748 0.0739142 0.0484732 0.0369670 0.0535997 0.1386374 0.1386374 0.3871387 0.4921115 0.4921115 0.1051384 0.4237355 0.4923927 0.4834385 0.4857003 0.4857003 0.4991353 0.5050355 0.4725072 0.4900578 0.4720770 0.4367533 0.4555799 0.3542772 0.4527586 0.4445069 0.4255348 0.4429889 0.4915075 0.4393604 0.4445069 0.4527586 0.4520586 0.4620667 0.4604543 0.4508186 0.4819780 0.4656676 0.4752120 0.7381181 0.4699280 0.4718737 0.4718737 0.4849950 0.4578938 0.4636629 0.4767273 0.4956893 0.4978064 0.5045637 0.5262427 0.5262427 0.5348654 0.5415746 
S0031_G6947_R1_A 0.1027487 0.1165273 0.1282455 0.1146564 0.1247012 0.1248723 0.1176641 0.1110459 0.0897220 0.1281627 0.3588634 0.3798613 0.1436800 0.0214062 0.0213500 0.0248944 0.0395726 0.0177050 0.0321609 0.0177353 0.0176505 0.0105937 0.0000000 0.0358747 0.0434865 0.0397920 0.0286096 0.0471420 0.0250550 0.0285481 0.0323976 0.0322934 0.0434187 0.0511991 0.0519063 0.0514173 0.0546523 0.0398087 0.0659754 0.0474245 0.0622514 0.0622514 0.0781118 0.0446315 0.0331869 0.0578115 0.1384331 0.1384331 0.3805096 0.4913058 0.4913058 0.1058478 0.4382555 0.5085472 0.4993538 0.5017114 0.5017114 0.5154220 0.5216086 0.4882658 0.5062893 0.4646262 0.4213170 0.4479834 0.3596763 0.4620341 0.4536268 0.4343664 0.4520586 0.5013726 0.4484225 0.4536268 0.4620341 0.4613156 0.4715354 0.4698691 0.4600273 0.4821368 0.4751348 0.4810693 0.7121368 0.4700790 0.4720268 0.4720268 0.4851588 0.4580357 0.4638090 0.4768839 0.5057998 0.5079848 0.5148456 0.5368827 0.5368827 0.5456775 0.5524905 
S0020_G6947_R1_A 0.1109277 0.1165905 0.1283191 0.1245970 0.1247774 0.1339470 0.1177288 0.1193168 0.0940570 0.1282362 0.3708144 0.3921291 0.1436848 0.0433973 0.0286022 0.0321596 0.0469751 0.0321609 0.0248955 0.0546641 0.0543911 0.0395584 0.0358747 0.0000000 0.0213595 0.0285818 0.0359036 0.0323371 0.0471893 0.0249304 0.0287403 0.0396429 0.0508791 0.0588007 0.0596174 0.0352407 0.0471352 0.0397920 0.0285365 0.0549884 0.0699163 0.0699163 0.0820364 0.0523074 0.0407462 0.0498457 0.1385133 0.1385133 0.3985940 0.4916520 0.5059869 0.1157666 0.4638291 0.5227328 0.5133595 0.5157939 0.5157939 0.5296998 0.5361199 0.5021724 0.5205534 0.5179531 0.4075308 0.4476505 0.3771645 0.4810314 0.4724050 0.4527800 0.4707510 0.5210851 0.4671453 0.4724050 0.4810314 0.4802836 0.4908140 0.4890569 0.4789097 0.5014970 0.4943632 0.4972706 0.7648183 0.4903933 0.4924506 0.4924506 0.5058504 0.4781574 0.4840055 0.4973613 0.5410032 0.5433837 0.5504603 0.5591767 0.5591767 0.5682306 0.5751793 
S0019_G6947_R1_A 0.1198665 0.1342244 0.1467129 0.1299992 0.1444770 0.1440125 0.1355572 0.1284009 0.1034211 0.1466217 0.3785885 0.4002017 0.1542886 0.0511478 0.0361144 0.0471291 0.0547566 0.0397046 0.0323299 0.0625917 0.0622753 0.0472263 0.0434865 0.0213595 0.0000000 0.0360886 0.0435221 0.0399242 0.0550092 0.0397467 0.0437440 0.0473281 0.0587449 0.0668399 0.0677784 0.0435487 0.0511563 0.0475084 0.0509110 0.0629676 0.0780793 0.0780793 0.0824874 0.0604136 0.0486596 0.0541223 0.1524057 0.1524057 0.4138635 0.5034013 0.5034013 0.1211327 0.4687184 0.5424376 0.5327418 0.5353019 0.5353019 0.5495852 0.5563867 0.5213354 0.5403555 0.5158623 0.4143980 0.4653248 0.3855911 0.4982135 0.4893261 0.4692334 0.4875812 0.5392074 0.4839796 0.4893261 0.4982135 0.4974338 0.5083245 0.5064705 0.4959701 0.5191545 0.5118497 0.5018824 0.7481661 0.5020211 0.5041573 0.5041573 0.5178106 0.4895862 0.4955191 0.5151837 0.5379519 0.5476491 0.5547941 0.5636062 0.5636062 0.5727652 0.5797820 
S0036_G6947_R1_A 0.1028741 0.1215734 0.1335731 0.1206049 0.1303831 0.1303737 0.1227717 0.1159669 0.0903774 0.1334873 0.3736544 0.3952046 0.1343719 0.0474094 0.0324456 0.0434270 0.0510149 0.0360316 0.0286874 0.0588045 0.0585075 0.0435162 0.0397920 0.0285818 0.0360886 0.0000000 0.0398248 0.0436694 0.0437326 0.0360695 0.0475161 0.0436098 0.0549745 0.0630123 0.0638951 0.0476452 0.0511897 0.0437755 0.0583984 0.0515303 0.0665065 0.0665065 0.0786316 0.0565330 0.0448343 0.0541597 0.1166366 0.1166366 0.4015877 0.4795621 0.4795621 0.1117133 0.4813307 0.5494924 0.5397032 0.5423028 0.5423028 0.5566877 0.5636113 0.5282460 0.5474516 0.5124336 0.4462419 0.4595312 0.3714262 0.4846440 0.4759251 0.4561174 0.4742450 0.5250762 0.4706241 0.4759251 0.4846440 0.4838862 0.4945391 0.4927538 0.4824875 0.5053010 0.4980991 0.4901577 0.7578221 0.4772579 0.4792458 0.4792458 0.4924835 0.4651365 0.4709411 0.4841259 0.5383607 0.5407439 0.5478571 0.5566129 0.5566129 0.5657061 0.5726931 
S0022_G6947_R1_A 0.1071182 0.1294727 0.1373040 0.1240798 0.1335485 0.1244067 0.1257238 0.1277642 0.0899358 0.1320423 0.3521102 0.3728723 0.1440311 0.0360506 0.0359540 0.0395271 0.0470326 0.0322008 0.0321876 0.0472249 0.0469901 0.0322641 0.0286096 0.0359036 0.0435221 0.0398248 0.0000000 0.0323641 0.0397859 0.0432711 0.0435475 0.0396925 0.0509427 0.0665314 0.0674600 0.0352726 0.0546964 0.0398415 0.0660276 0.0626781 0.0777173 0.0777173 0.0940015 0.0523748 0.0407977 0.0578604 0.1473193 0.1473193 0.3987859 0.4821921 0.4821921 0.1111559 0.4643781 0.5370209 0.5274800 0.5299884 0.5299884 0.5440693 0.5507166 0.5162108 0.5349261 0.4825888 0.4345540 0.4589488 0.3607274 0.4568810 0.4485218 0.4293344 0.4402534 0.4960764 0.4433257 0.4485218 0.4568810 0.4561695 0.4663190 0.4646749 0.4549023 0.4769113 0.4699361 0.5084557 0.7128738 0.4972170 0.4993086 0.4993086 0.5127789 0.4849334 0.4907985 0.5042304 0.5027144 0.5048685 0.5116655 0.5334867 0.5334867 0.5421845 0.5489313 
S0002_G6947_R1_A 0.1155396 0.1382656 0.1464133 0.1355077 0.1443992 0.1347074 0.1354921 0.1281525 0.0988092 0.1420885 0.3735662 0.3950882 0.1491087 0.0548388 0.0397527 0.0507878 0.0508918 0.0433428 0.0323192 0.0663194 0.0659821 0.0508933 0.0471420 0.0323371 0.0399242 0.0436694 0.0323641 0.0000000 0.0511252 0.0471187 0.0474211 0.0510032 0.0587236 0.0626081 0.0634798 0.0000010 0.0510666 0.0436694 0.0624096 0.0667168 0.0818525 0.0818525 0.0982954 0.0603909 0.0524391 0.0540218 0.1609765 0.1609765 0.4134557 0.5031314 0.5031314 0.1213971 0.4764557 0.5500522 0.5403686 0.5429417 0.5429417 0.5571668 0.5640161 0.5290379 0.5480387 0.5431728 0.3888227 0.4623058 0.3904540 0.4834749 0.4747968 0.4550710 0.4662202 0.5237277 0.4695155 0.4747968 0.4834749 0.4827213 0.4933205 0.4915468 0.4813324 0.5040422 0.4968724 0.5308112 0.7529034 0.5137794 0.5159705 0.5159705 0.5297144 0.5012916 0.5072392 0.5209559 0.5300628 0.5323900 0.5332417 0.5418273 0.5418273 0.5507272 0.5576073 
S0016_G6947_R1_A 0.0988105 0.1213924 0.1289766 0.1098014 0.1252209 0.1256112 0.1225872 0.1157966 0.0902356 0.1288930 0.3653428 0.3865448 0.1243858 0.0398822 0.0285818 0.0359798 0.0433041 0.0286591 0.0433860 0.0436302 0.0434137 0.0287042 0.0250550 0.0471893 0.0550092 0.0437326 0.0397859 0.0511252 0.0000000 0.0397167 0.0437109 0.0435674 0.0549217 0.0629226 0.0638028 0.0515860 0.0663745 0.0547530 0.0779075 0.0514572 0.0664116 0.0664116 0.0824655 0.0524938 0.0408889 0.0660721 0.1435806 0.1435806 0.3983554 0.4773212 0.4773212 0.1009972 0.4282210 0.4839590 0.4751219 0.4773357 0.4773357 0.4906380 0.4963959 0.4642649 0.4815836 0.4623562 0.4497842 0.4378035 0.3599777 0.4519556 0.4437255 0.4247967 0.4422133 0.4906145 0.4385891 0.4535223 0.4519556 0.4512579 0.4612378 0.4596316 0.4500233 0.4717139 0.4648352 0.4875734 0.7071263 0.4626411 0.4645481 0.4645481 0.4775744 0.4506762 0.4564180 0.4693827 0.5023476 0.5045260 0.5114044 0.5197825 0.5197825 0.5284454 0.5352051 
S0021_G6947_R1_A 0.1026962 0.1081978 0.1195920 0.1145860 0.1154392 0.1248030 0.1092474 0.1109889 0.0896727 0.1195133 0.3761196 0.3975494 0.1435970 0.0359729 0.0213395 0.0248823 0.0469520 0.0248834 0.0321452 0.0471222 0.0468888 0.0321957 0.0285481 0.0249304 0.0397467 0.0360695 0.0432711 0.0471187 0.0397167 0.0000000 0.0323817 0.0396233 0.0508538 0.0436689 0.0442686 0.0513895 0.0621843 0.0472323 0.0545747 0.0474012 0.0622204 0.0622204 0.0702866 0.0522817 0.0407257 0.0657938 0.1255649 0.1255649 0.3976565 0.4913685 0.4913685 0.1057825 0.4478793 0.5051976 0.4960924 0.4984204 0.4984204 0.5120159 0.5045927 0.4850832 0.5029331 0.4967730 0.3903264 0.4250088 0.3821094 0.4704928 0.4620489 0.4427625 0.4604538 0.5098580 0.4568571 0.4620489 0.4704928 0.4697665 0.4800489 0.4783551 0.4684499 0.4906097 0.4836008 0.4808078 0.7486992 0.4694895 0.4714338 0.4714338 0.4845558 0.4574544 0.4632242 0.4762885 0.5392901 0.5416571 0.5487118 0.5573969 0.5573969 0.5664162 0.5733437 
S0017_G6947_R1_A 0.1070083 0.1215159 0.1335088 0.1248524 0.1303155 0.1293941 0.1227131 0.1242180 0.0897954 0.1284645 0.3599538 0.3725988 0.1390307 0.0399181 0.0324295 0.0286835 0.0472528 0.0286847 0.0397106 0.0511981 0.0509424 0.0286203 0.0323976 0.0287403 0.0437440 0.0475161 0.0435475 0.0474211 0.0437109 0.0323817 0.0000000 0.0398761 0.0511816 0.0629816 0.0638636 0.0517502 0.0547403 0.0550966 0.0587346 0.0591277 0.0741915 0.0741915 0.0821726 0.0526285 0.0409926 0.0579100 0.1387571 0.1387571 0.4145837 0.4837162 0.4837162 0.1158000 0.4715388 0.5311788 0.5216807 0.5241654 0.5241654 0.5382134 0.5447864 0.5104148 0.5290432 0.5159230 0.4392373 0.4723579 0.3858200 0.4547519 0.4620341 0.4425369 0.4604215 0.5103891 0.4567848 0.4620341 0.4705723 0.4698377 0.4802372 0.4785235 0.4685062 0.5006914 0.4838283 0.4955086 0.7786857 0.4875894 0.4896451 0.4896451 0.5030981 0.4752990 0.4811756 0.4945812 0.5285963 0.5309137 0.5379342 0.5465508 0.5465508 0.5554878 0.5623833 
S0050_G6947_R1_A 0.1153021 0.1210603 0.1329878 0.1299544 0.1297708 0.1388507 0.1222481 0.1237559 0.0986501 0.1329027 0.3658652 0.3870904 0.1536672 0.0397888 0.0323253 0.0285799 0.0359677 0.0285928 0.0358970 0.0472693 0.0433109 0.0359690 0.0322934 0.0396429 0.0473281 0.0436098 0.0396925 0.0510032 0.0435674 0.0396233 0.0398761 0.0000000 0.0105864 0.0627683 0.0636440 0.0556516 0.0585404 0.0511264 0.0699652 0.0589285 0.0700024 0.0700024 0.0860888 0.0108738 0.0000010 0.0619388 0.1518533 0.1518533 0.4057676 0.5005805 0.5005805 0.1210930 0.4653988 0.5383048 0.5287259 0.5312468 0.5312468 0.5453778 0.5520625 0.5174226 0.5362126 0.4987642 0.4179661 0.4424067 0.3889908 0.4824023 0.4737525 0.4540830 0.4720907 0.5225393 0.4684840 0.4737525 0.4824023 0.4816517 0.4746880 0.4730181 0.4697163 0.4919322 0.4849070 0.5151522 0.7482302 0.4977258 0.4998214 0.4998214 0.5133070 0.4854297 0.4913003 0.5047476 0.5418281 0.5442152 0.5513023 0.5600339 0.5600339 0.5691043 0.5760633 
S0048_G6947_R2_A 0.1196599 0.1255130 0.1376389 0.1252661 0.1254019 0.1345996 0.1182656 0.1281773 0.1032320 0.1288340 0.3609582 0.3821202 0.1588470 0.0510677 0.0434611 0.0396247 0.0471509 0.0396429 0.0396429 0.0511096 0.0545946 0.0471524 0.0434187 0.0508791 0.0587449 0.0549745 0.0509427 0.0587236 0.0549217 0.0508538 0.0511816 0.0105864 0.0000000 0.0706824 0.0716768 0.0641188 0.0701110 0.0626115 0.0817101 0.0705786 0.0817515 0.0817515 0.0981723 0.0000010 0.0108738 0.0742181 0.1653830 0.1653830 0.4010033 0.5092412 0.5092412 0.1264084 0.4732956 0.5398211 0.5301984 0.5327340 0.5327340 0.5469222 0.5611466 0.5260342 0.5271376 0.5001112 0.4120324 0.4435916 0.3958040 0.4966061 0.4877738 0.4677916 0.4860433 0.5373616 0.4824536 0.4877738 0.4966061 0.4958320 0.4887554 0.4870163 0.4835757 0.5061845 0.4990492 0.5296803 0.7528598 0.4990644 0.5011725 0.5011725 0.5147097 0.4867255 0.4926153 0.5061145 0.5568856 0.5593624 0.5525135 0.5612814 0.5612814 0.5703917 0.5773779 
S0028_G6947_R1_A 0.1196025 0.1339203 0.1419152 0.1252976 0.1400699 0.1300854 0.1311172 0.1189443 0.1083701 0.1420442 0.3911849 0.4131495 0.1444748 0.0589955 0.0437341 0.0548784 0.0703460 0.0473524 0.0511907 0.0706072 0.0702449 0.0549920 0.0511991 0.0588007 0.0668399 0.0630123 0.0665314 0.0626081 0.0629226 0.0436689 0.0629816 0.0627683 0.0706824 0.0000000 0.0000010 0.0641867 0.0862730 0.0707770 0.0901643 0.0710332 0.0822781 0.0822781 0.0948617 0.0727184 0.0645614 0.0872086 0.1434895 0.1434895 0.4187655 0.5163997 0.5163997 0.1212416 0.4771227 0.5508672 0.5411621 0.5437425 0.5437425 0.5579953 0.5507275 0.5298132 0.5488562 0.5228928 0.4323889 0.4707040 0.3834630 0.4909125 0.4821338 0.4622331 0.4804272 0.5315148 0.4768224 0.4821338 0.4909125 0.4901462 0.5008861 0.4990731 0.4887206 0.5116565 0.5044228 0.4933789 0.7822146 0.4902828 0.4923603 0.4923603 0.5058951 0.4779250 0.4838315 0.4973204 0.5424662 0.5448605 0.5457313 0.5544318 0.5544318 0.5634643 0.5704105 
S0028_G6947_R2_A 0.1213567 0.1359279 0.1441075 0.1252976 0.1400699 0.1321647 0.1330998 0.1206785 0.1100869 0.1442411 0.3988603 0.4214125 0.1468902 0.0598172 0.0443343 0.0556366 0.0713304 0.0480033 0.0518975 0.0676602 0.0712272 0.0557537 0.0519063 0.0596174 0.0677784 0.0638951 0.0674600 0.0634798 0.0638028 0.0442686 0.0638636 0.0636440 0.0716768 0.0000010 0.0000000 0.0641867 0.0874990 0.0717743 0.0914480 0.0720376 0.0834431 0.0834431 0.0962266 0.0727184 0.0645614 0.0872086 0.1412369 0.1412369 0.3994423 0.5274525 0.5274525 0.1212416 0.4797593 0.5549753 0.5450627 0.5477064 0.5477064 0.5622447 0.5441972 0.5335063 0.5454589 0.5077254 0.4323889 0.4662415 0.3903869 0.5007344 0.4916966 0.4712860 0.4899168 0.5423947 0.4862703 0.4916966 0.5007344 0.4999401 0.5110235 0.5091309 0.4984445 0.5220127 0.5145889 0.5031926 0.7925228 0.5002852 0.5024519 0.5024519 0.5163407 0.4876348 0.4936720 0.5075186 0.5463991 0.5488548 0.5497463 0.5586293 0.5586293 0.5678582 0.5749440 
S0002_G6947_R2_A 0.1218281 0.1468438 0.1560512 0.1355077 0.1443992 0.1435521 0.1438921 0.1356483 0.1039395 0.1512947 0.4129814 0.4378952 0.1541850 0.0557172 0.0391731 0.0513040 0.0513291 0.0472562 0.0352191 0.0682305 0.0720369 0.0555209 0.0514173 0.0352407 0.0435487 0.0476452 0.0352726 0.0000010 0.0515860 0.0513895 0.0517502 0.0556516 0.0641188 0.0641867 0.0641867 0.0000000 0.0557276 0.0434180 0.0639654 0.0729122 0.0851836 0.0851836 0.1031967 0.0641188 0.0556516 0.0557276 0.1668210 0.1668210 0.3912762 0.5546902 0.5546902 0.1213971 0.4403286 0.5152596 0.5051985 0.5077917 0.5077917 0.5227681 0.5177252 0.4931254 0.5022330 0.5054074 0.3888227 0.4388251 0.4288396 0.5294708 0.5193822 0.4968495 0.5094411 0.5755546 0.5134570 0.5193822 0.5294708 0.5285678 0.5410300 0.5388319 0.5268079 0.5529826 0.5447667 0.5651346 0.7684092 0.5646064 0.5673166 0.5673166 0.5831022 0.5504410 0.5571335 0.5729197 0.5338759 0.5364433 0.5373816 0.5548802 0.5548802 0.5647835 0.5724023 
S0011_G6947_R1_A 0.1322394 0.1383391 0.1509795 0.1404576 0.1538906 0.1527326 0.1484095 0.1282163 0.1118716 0.1598246 0.3771270 0.3986366 0.1633888 0.0624482 0.0547052 0.0507806 0.0584386 0.0583206 0.0507821 0.0740457 0.0736672 0.0506893 0.0546523 0.0471352 0.0511563 0.0511897 0.0546964 0.0510666 0.0663745 0.0621843 0.0547403 0.0585404 0.0701110 0.0862730 0.0874990 0.0557276 0.0000000 0.0511897 0.0778159 0.0667392 0.0897306 0.0897306 0.0978857 0.0721138 0.0601965 0.0000010 0.1434802 0.1434802 0.4196036 0.5163182 0.5163182 0.1255883 0.4840338 0.5446305 0.5349690 0.5375248 0.5375248 0.5517458 0.5585390 0.5236209 0.5425749 0.5223339 0.4265635 0.4859047 0.3854844 0.4879082 0.4791917 0.4594116 0.4775042 0.5282723 0.4739057 0.4791917 0.4879082 0.4871488 0.5040452 0.4892220 0.4857416 0.5185327 0.5013400 0.5248784 0.7573462 0.5074085 0.5095712 0.5095712 0.5232749 0.5082674 0.5008852 0.5145555 0.5126809 0.5149023 0.5218009 0.5439749 0.5439749 0.5528430 0.5596922 
S0048_G6947_R1_A 0.1199534 0.1343247 0.1468270 0.1301130 0.1393032 0.1441287 0.1356595 0.1242760 0.1035004 0.1467357 0.3799413 0.4016764 0.1534158 0.0474298 0.0322446 0.0509110 0.0545028 0.0434470 0.0360316 0.0588309 0.0585337 0.0435347 0.0398087 0.0397920 0.0475084 0.0437755 0.0398415 0.0436694 0.0547530 0.0472323 0.0550966 0.0511264 0.0626115 0.0707770 0.0717743 0.0434180 0.0511897 0.0000000 0.0702373 0.0630098 0.0781330 0.0781330 0.0945159 0.0602670 0.0485420 0.0500026 0.1569643 0.1569643 0.4140420 0.5030834 0.5030834 0.1162112 0.4648155 0.5304386 0.5209585 0.5234370 0.5234370 0.5374622 0.5440167 0.5097079 0.5283008 0.5153416 0.4185162 0.4688044 0.3740271 0.4748120 0.4662547 0.4467429 0.4646283 0.5146458 0.4610113 0.4662547 0.4748120 0.4740735 0.4845055 0.4827777 0.4727274 0.4951660 0.4880728 0.5220805 0.7654357 0.4974095 0.4995070 0.4995070 0.5130126 0.4850959 0.4909750 0.5044410 0.5239332 0.5262335 0.5332522 0.5558425 0.5558425 0.5649111 0.5718812 
S0020_G6947_R2_U 0.1448200 0.1511586 0.1642978 0.1608021 0.1584753 0.1716978 0.1526728 0.1536080 0.1253720 0.1642003 0.3969707 0.4191037 0.1732909 0.0739119 0.0584408 0.0620584 0.0775445 0.0620598 0.0544926 0.0856707 0.0852283 0.0698145 0.0659754 0.0285365 0.0509110 0.0583984 0.0660276 0.0624096 0.0779075 0.0545747 0.0587346 0.0699652 0.0817101 0.0901643 0.0914480 0.0639654 0.0778159 0.0702373 0.0000000 0.0861864 0.1015611 0.1015611 0.1144028 0.0800350 0.0679988 0.0782655 0.1742926 0.1742926 0.4272534 0.5030848 0.5175473 0.1466601 0.5125304 0.5755455 0.5654727 0.5682017 0.5682017 0.5828693 0.5902024 0.5539006 0.5736748 0.5625696 0.4398632 0.4836220 0.3901092 0.5090744 0.5000870 0.4865364 0.4982967 0.5360819 0.4947256 0.5000870 0.5090744 0.5082804 0.5193182 0.5174165 0.5067696 0.5301577 0.5228004 0.5132282 0.8393176 0.5336819 0.5359826 0.5359826 0.5499830 0.5210165 0.5270301 0.5410183 0.5745050 0.5770681 0.5843257 0.5790513 0.5790513 0.5807281 0.5953578 
S0033_G6947_R1_A 0.0864980 0.0998342 0.1108900 0.0949513 0.1060783 0.1068316 0.1007431 0.0952648 0.0682783 0.1107551 0.3483463 0.3688061 0.1107733 0.0510439 0.0399911 0.0510933 0.0664760 0.0436025 0.0511171 0.0667223 0.0663813 0.0511987 0.0474245 0.0549884 0.0629676 0.0515303 0.0626781 0.0667168 0.0514572 0.0474012 0.0591277 0.0589285 0.0705786 0.0710332 0.0720376 0.0729122 0.0667392 0.0630098 0.0861864 0.0000000 0.0548660 0.0548660 0.0628751 0.0726085 0.0606072 0.0706691 0.1171271 0.1171271 0.4091803 0.4638500 0.4638500 0.0862037 0.4498707 0.5075017 0.4983448 0.5006909 0.5006909 0.5143521 0.5205051 0.4872917 0.5123231 0.4999934 0.4257209 0.4212779 0.3345317 0.4556910 0.4474538 0.4285339 0.4459315 0.4943176 0.4423285 0.4474538 0.4556910 0.4549906 0.4775975 0.4633704 0.4537451 0.4754335 0.4685595 0.4934220 0.7227692 0.4661286 0.4680415 0.4680415 0.4810265 0.4542085 0.4599261 0.4728533 0.5088188 0.5110292 0.5179362 0.5263649 0.5263649 0.5350862 0.5418725 
S0005_G6947_R1_A 0.1027924 0.1120121 0.1192800 0.1096630 0.1144657 0.1155899 0.1130980 0.0992072 0.0765869 0.1191368 0.3816731 0.4032007 0.1244439 0.0658753 0.0472311 0.0659381 0.0737772 0.0583543 0.0659685 0.0818598 0.0737054 0.0584748 0.0622514 0.0699163 0.0780793 0.0665065 0.0777173 0.0818525 0.0664116 0.0622204 0.0741915 0.0700024 0.0817515 0.0822781 0.0834431 0.0851836 0.0897306 0.0781330 0.1015611 0.0548660 0.0000000 0.0000010 0.0740699 0.0841050 0.0719981 0.0908579 0.1381416 0.1381416 0.3970583 0.4808308 0.4808308 0.0862792 0.4435622 0.4934369 0.4844514 0.4867233 0.4867233 0.5002002 0.5061298 0.4734907 0.4841761 0.4890725 0.4334315 0.4351388 0.3427160 0.5247834 0.5156868 0.4953045 0.5138373 0.5662917 0.5103244 0.5156868 0.5247834 0.5239720 0.5278084 0.5258824 0.5151916 0.5385822 0.5312340 0.4936145 0.7104553 0.5086783 0.5108247 0.5108247 0.5243965 0.4963320 0.5022169 0.5024978 0.5423361 0.5447273 0.5518214 0.5605629 0.5605629 0.5696443 0.5766102 
