55
S0051_G6954_R1_A 0.0000000 0.0119957 0.3077905 0.4016596 0.3837227 0.3638870 0.3786195 0.3680554 0.3744081 0.3771639 0.3788041 0.3823560 0.3946035 0.4011682 0.3673247 0.3775483 0.3640582 0.3932038 0.3932998 0.3742309 0.3889496 0.3822843 0.3663340 0.3958942 0.3753907 0.3801535 0.2977689 0.2720925 0.2754001 0.3089527 0.2946514 0.3378338 0.6200582 0.4056301 0.6056837 0.5868536 0.6074950 0.5771032 0.6002312 0.7436323 0.6120653 0.6037753 0.5985374 0.5874947 0.6128500 0.6086853 0.9289942 0.9150831 0.9961996 0.9760895 0.9636842 0.9666336 0.9521609 0.9981570 0.9376721 
S0039_G6954_R1_A 0.0119957 0.0000000 0.3075980 0.4128911 0.3944985 0.3823448 0.3852438 0.3784674 0.3849895 0.3878584 0.3894727 0.3930779 0.4056373 0.4122831 0.3777981 0.3880817 0.3744911 0.4042689 0.4043685 0.4011991 0.3959250 0.4013491 0.3767727 0.4069769 0.3938440 0.3907871 0.3152318 0.2753662 0.2786855 0.3196552 0.2979990 0.3338233 0.6357160 0.4013778 0.6109616 0.5919262 0.6019242 0.5768550 0.5948779 0.7636360 0.6280357 0.6195386 0.6141981 0.6030199 0.6288436 0.6247133 0.9526664 0.9394149 1.0216272 1.0009957 0.9882992 0.9912980 0.9764621 1.0236368 0.9617467 
S0051_G6954_R2_A 0.3077905 0.3075980 0.0000000 0.7850993 0.7799134 0.7553403 0.7586048 0.7348289 0.7549515 0.7759865 0.7561846 0.7474125 0.7843451 0.8057221 0.7308367 0.7314153 0.7601583 0.7769989 0.7851061 0.7708999 0.7469115 0.7797946 0.7966369 0.7974540 0.7631559 0.7990740 0.6540398 0.5854952 0.5987814 0.6818706 0.6466130 0.7008982 1.0753126 0.8663041 0.9462402 0.9647912 0.9839941 0.9444444 0.9650334 0.8151956 1.0318539 1.0144296 0.9940368 0.9854307 1.0005027 1.0117105 1.0777994 1.1075945 1.1371251 1.1067017 1.1183937 1.1407348 1.1189436 1.1504979 1.1259460 
S0012_G6954_R1_A 0.4016596 0.4128911 0.7850993 0.0000000 0.0638668 0.0640447 0.0636852 0.0595616 0.0569900 0.0777817 0.0637313 0.0614452 0.0687708 0.0754519 0.0736836 0.0621629 0.0616348 0.0602428 0.0648014 0.0713281 0.0642973 0.0805356 0.0738094 0.1146544 0.1128783 0.1250244 0.2589170 0.2376323 0.2347174 0.2286867 0.2538023 0.2682783 0.2343950 0.3267754 0.4339677 0.4251896 0.4381805 0.4326866 0.4960884 0.6042323 0.5145598 0.5074304 0.5026197 0.4918088 0.5046327 0.5148013 0.6632239 0.6548809 0.7242771 0.7152395 0.6940459 0.6966493 0.6970717 0.7317009 0.6967086 
S0016_G6954_R1_A 0.3837227 0.3944985 0.7799134 0.0638668 0.0000000 0.0244282 0.0413370 0.0287476 0.0223388 0.0370711 0.0243159 0.0222335 0.0332047 0.0285956 0.0461928 0.0417560 0.0394572 0.0398108 0.0441724 0.0330210 0.0288503 0.0394042 0.0310978 0.0767474 0.0752287 0.0868019 0.2324507 0.2041411 0.2042953 0.1907312 0.2107926 0.2330997 0.1938479 0.3010769 0.4429945 0.4171030 0.4217415 0.4327888 0.4872467 0.5476457 0.5149142 0.5077395 0.4983457 0.5019013 0.5149142 0.5253265 0.6370427 0.6357726 0.6963286 0.6875728 0.6893056 0.6919077 0.6810442 0.7092119 0.6919236 
S0019_G6954_R1_A 0.3638870 0.3823448 0.7553403 0.0640447 0.0244282 0.0000000 0.0371673 0.0246157 0.0182584 0.0329197 0.0202427 0.0181726 0.0333129 0.0307946 0.0419519 0.0375429 0.0352687 0.0355841 0.0399257 0.0162219 0.0247032 0.0161259 0.0333453 0.0722954 0.0754986 0.0822754 0.2168627 0.1888713 0.1890111 0.1703640 0.2015269 0.2264638 0.1771658 0.2966274 0.4208347 0.3963741 0.4008605 0.4114811 0.4640994 0.5418663 0.5178851 0.5106975 0.5012996 0.4949861 0.5078902 0.5181516 0.6128081 0.6135692 0.6703683 0.6618856 0.6635352 0.6661293 0.6555385 0.6886629 0.6659095 
S0030_G6954_R1_A 0.3786195 0.3852438 0.7586048 0.0636852 0.0413370 0.0371673 0.0000000 0.0350411 0.0264548 0.0457683 0.0327640 0.0348489 0.0417472 0.0479466 0.0415204 0.0436382 0.0415411 0.0417093 0.0460569 0.0460641 0.0351674 0.0526026 0.0374594 0.0793494 0.0894231 0.0865845 0.2352521 0.2067263 0.2039342 0.1873769 0.2195217 0.2452679 0.1947104 0.2983673 0.4293531 0.4002000 0.4047066 0.4151916 0.4594268 0.5519220 0.4897004 0.4828300 0.4737300 0.4674977 0.4800391 0.4897634 0.6446706 0.6406489 0.6979631 0.6892105 0.6909446 0.6935410 0.6826860 0.7042797 0.6935721 
S0028_G6954_R1_A 0.3680554 0.3784674 0.7348289 0.0595616 0.0287476 0.0246157 0.0350411 0.0000000 0.0162009 0.0352172 0.0203327 0.0224028 0.0290289 0.0352070 0.0397832 0.0309549 0.0308621 0.0311353 0.0354231 0.0332789 0.0204163 0.0397143 0.0289342 0.0561594 0.0634251 0.0677551 0.2171002 0.1889417 0.1862001 0.1705148 0.1957318 0.2234958 0.2013490 0.3022863 0.4233377 0.3985048 0.4030576 0.4180096 0.4672634 0.5275769 0.5219226 0.5146587 0.5051773 0.4988248 0.5118366 0.5222202 0.6174745 0.6210231 0.6753167 0.6667885 0.6684527 0.6710461 0.6604120 0.6936896 0.6708716 
S0026_G6954_R1_A 0.3744081 0.3849895 0.7549515 0.0569900 0.0223388 0.0182584 0.0264548 0.0162009 0.0000000 0.0307874 0.0181749 0.0161149 0.0267681 0.0286721 0.0352632 0.0267112 0.0266236 0.0268579 0.0311097 0.0267368 0.0162575 0.0286969 0.0225823 0.0626717 0.0680150 0.0746986 0.2259419 0.1946582 0.1919021 0.1721357 0.2002599 0.2249837 0.1890596 0.2950399 0.4239660 0.3992662 0.4037945 0.4267912 0.4719392 0.5448367 0.5034312 0.5009201 0.4916118 0.4853160 0.4981141 0.5082026 0.6174768 0.6184484 0.6753161 0.6667886 0.6684527 0.6710459 0.6604125 0.6936875 0.6708714 
S0037_G6954_R1_A 0.3771639 0.3878584 0.7759865 0.0777817 0.0370711 0.0329197 0.0457683 0.0352172 0.0307874 0.0000000 0.0327662 0.0306404 0.0419603 0.0393227 0.0463287 0.0506572 0.0482849 0.0487238 0.0531676 0.0417249 0.0374962 0.0482193 0.0398333 0.0766251 0.0899372 0.0751426 0.2430030 0.2173415 0.2175090 0.2033514 0.2210435 0.2439437 0.2058764 0.3021930 0.4624618 0.4363328 0.4410997 0.4440146 0.4950482 0.5624818 0.5094725 0.5023559 0.4930157 0.4867044 0.4944877 0.5096783 0.6295216 0.6222683 0.6822015 0.6735586 0.6752528 0.6778613 0.6671029 0.7007902 0.6777494 
S0004_G6954_R1_A 0.3788041 0.3894727 0.7561846 0.0637313 0.0243159 0.0202427 0.0327640 0.0203327 0.0181749 0.0327662 0.0000000 0.0140121 0.0288879 0.0306515 0.0417518 0.0352089 0.0351028 0.0354151 0.0397350 0.0287292 0.0245883 0.0350559 0.0331877 0.0581156 0.0656848 0.0770811 0.2260660 0.1977858 0.1979339 0.1817765 0.2105144 0.2359069 0.1879779 0.2965603 0.4364672 0.4113719 0.4159654 0.4268873 0.4714745 0.5651269 0.5077554 0.5006718 0.4913680 0.4850742 0.4978665 0.5079482 0.6171702 0.6181269 0.6812201 0.6664588 0.6681218 0.6707147 0.6600854 0.6933467 0.6705373 
S0031_G6954_R1_A 0.3823560 0.3930779 0.7474125 0.0614452 0.0222335 0.0181726 0.0348489 0.0224028 0.0161149 0.0306404 0.0140121 0.0000000 0.0288855 0.0243709 0.0374134 0.0351982 0.0329532 0.0332454 0.0375458 0.0266090 0.0203980 0.0329093 0.0310330 0.0695634 0.0727043 0.0770558 0.2319692 0.1976379 0.1977858 0.1845096 0.2042821 0.2293306 0.1851140 0.3000808 0.4278393 0.4030293 0.4075756 0.4183591 0.4624648 0.5516505 0.4976048 0.4906265 0.4814185 0.4751459 0.4878236 0.4977244 0.6059126 0.6063651 0.6629528 0.6545521 0.6561770 0.6587680 0.6482596 0.6811008 0.6584808 
S0022_G6954_R1_A 0.3946035 0.4056373 0.7843451 0.0687708 0.0332047 0.0333129 0.0417472 0.0290289 0.0267681 0.0419603 0.0288879 0.0288855 0.0000000 0.0419731 0.0375168 0.0443729 0.0396740 0.0446387 0.0490834 0.0422330 0.0334395 0.0465950 0.0379275 0.0803396 0.0784252 0.0852770 0.2343467 0.2056345 0.2028216 0.1891561 0.2185314 0.2445506 0.2059434 0.3055438 0.4553557 0.4293949 0.4341354 0.4411691 0.4965775 0.5812608 0.5441007 0.5365926 0.5268836 0.5204767 0.5337605 0.5445644 0.6537929 0.6564436 0.7145166 0.7055350 0.7073323 0.6984286 0.6988532 0.7337080 0.7101332 
S0018_G6954_R1_A 0.4011682 0.4122831 0.8057221 0.0754519 0.0285956 0.0307946 0.0479466 0.0352070 0.0286721 0.0393227 0.0306515 0.0243709 0.0419731 0.0000000 0.0507444 0.0484383 0.0439038 0.0420909 0.0464807 0.0395508 0.0353345 0.0460208 0.0398125 0.0840879 0.0874852 0.0895103 0.2457306 0.2108687 0.2110298 0.2001749 0.2175318 0.2324722 0.1973495 0.3126804 0.4582931 0.4148044 0.4194464 0.4304950 0.4849930 0.5774153 0.5120945 0.5049728 0.4956349 0.4991554 0.5120945 0.5224220 0.6400249 0.6420227 0.6994071 0.6906343 0.6923740 0.6949724 0.6840957 0.7059974 0.6950165 
S0017_G6954_R1_A 0.3673247 0.3777981 0.7308367 0.0736836 0.0461928 0.0419519 0.0415204 0.0397832 0.0352632 0.0463287 0.0417518 0.0374134 0.0375168 0.0507444 0.0000000 0.0485668 0.0463943 0.0488307 0.0532851 0.0466035 0.0421131 0.0577328 0.0466922 0.0851345 0.0980028 0.0896741 0.2388563 0.2010857 0.1983056 0.1879610 0.2038559 0.2302604 0.2231802 0.3052264 0.4160425 0.3919493 0.4032528 0.3987830 0.4501124 0.5401770 0.4916296 0.4847242 0.4755843 0.4693334 0.4819258 0.4917064 0.6156872 0.6105116 0.6673696 0.6589000 0.6605434 0.6631427 0.6635593 0.6847656 0.6681242 
S0013_G6954_R1_A 0.3775483 0.3880817 0.7314153 0.0621629 0.0417560 0.0375429 0.0436382 0.0309549 0.0267112 0.0506572 0.0352089 0.0351982 0.0443729 0.0484383 0.0485668 0.0000000 0.0353030 0.0247289 0.0247331 0.0465383 0.0332131 0.0531483 0.0396673 0.0821292 0.0798832 0.0885868 0.2354503 0.2085924 0.2058093 0.1876285 0.2124538 0.2347104 0.2140991 0.3020891 0.4026447 0.3788350 0.3949415 0.3975411 0.4448275 0.5329134 0.5006848 0.4936920 0.4844761 0.4782118 0.4908937 0.5008262 0.6353269 0.6371110 0.6944655 0.6857321 0.6874585 0.6900590 0.6792189 0.7132043 0.6844624 
S0046_G6954_R1_A 0.3640582 0.3744911 0.7601583 0.0616348 0.0394572 0.0352687 0.0415411 0.0308621 0.0266236 0.0482849 0.0351028 0.0329532 0.0396740 0.0439038 0.0463943 0.0353030 0.0000000 0.0333446 0.0376586 0.0441826 0.0309727 0.0507450 0.0397184 0.0700377 0.0848135 0.0892152 0.2267346 0.2041696 0.2013795 0.1936362 0.2108991 0.2443936 0.2075104 0.3102357 0.4211577 0.4045101 0.4172109 0.4199188 0.4691009 0.5410551 0.5149489 0.5077715 0.4983744 0.4920485 0.5049565 0.5151948 0.6303968 0.6381498 0.6955628 0.6868131 0.6885439 0.6911463 0.6802887 0.7143323 0.6797746 
S0050_G6954_R1_A 0.3932038 0.4042689 0.7769989 0.0602428 0.0398108 0.0355841 0.0417093 0.0311353 0.0268579 0.0487238 0.0354151 0.0332454 0.0446387 0.0420909 0.0488307 0.0247289 0.0333446 0.0000000 0.0039748 0.0445847 0.0312480 0.0512100 0.0400768 0.0798432 0.0880595 0.0925118 0.2323609 0.2052620 0.2024559 0.1928807 0.2195159 0.2457306 0.2067705 0.3108735 0.4416561 0.4075220 0.4203347 0.4272947 0.4772011 0.5199872 0.5286240 0.5212762 0.5208064 0.5053350 0.5184472 0.5289719 0.6390211 0.6409805 0.6985836 0.6897847 0.6915286 0.6941372 0.6832259 0.7174474 0.6827372 
S0048_G6954_R1_A 0.3932998 0.4043685 0.7851061 0.0648014 0.0441724 0.0399257 0.0460569 0.0354231 0.0311097 0.0531676 0.0397350 0.0375458 0.0490834 0.0464807 0.0532851 0.0247331 0.0376586 0.0039748 0.0000000 0.0490237 0.0355522 0.0556962 0.0444697 0.0846177 0.0880760 0.0974200 0.2385283 0.2113013 0.2084788 0.1929206 0.2195624 0.2457843 0.2124763 0.3144647 0.4417677 0.4076231 0.4204395 0.4274019 0.4773239 0.5140792 0.5192445 0.5119866 0.5114682 0.4961349 0.5091563 0.5195233 0.6392019 0.6467138 0.6987872 0.6899847 0.6917295 0.6943386 0.6834234 0.7176578 0.6829364 
S0002_G6954_R1_A 0.3742309 0.4011991 0.7708999 0.0713281 0.0330210 0.0162219 0.0460641 0.0332789 0.0267368 0.0417249 0.0287292 0.0266090 0.0422330 0.0395508 0.0466035 0.0465383 0.0441826 0.0445847 0.0490237 0.0000000 0.0333997 0.0309896 0.0422751 0.0822720 0.0808381 0.0925599 0.2279516 0.1963365 0.1964843 0.1831573 0.2153162 0.2411577 0.1894042 0.3234104 0.4549026 0.4289709 0.4337063 0.4365668 0.4916514 0.5447096 0.5341723 0.5267628 0.5171416 0.5107491 0.5239309 0.5345618 0.6430593 0.6452220 0.7033426 0.6944359 0.6962065 0.6988338 0.6878003 0.7224158 0.6989140 
S0023_G6954_R1_A 0.3889496 0.3959250 0.7469115 0.0642973 0.0288503 0.0247032 0.0351674 0.0204163 0.0162575 0.0374962 0.0245883 0.0203980 0.0334395 0.0353345 0.0421131 0.0332131 0.0309727 0.0312480 0.0355522 0.0333997 0.0000000 0.0398599 0.0290382 0.0702304 0.0754148 0.0797947 0.2333487 0.2017418 0.1989513 0.1883892 0.2115195 0.2402656 0.1939207 0.3054988 0.4476156 0.4218662 0.4265725 0.4420863 0.4841174 0.5511392 0.5167457 0.5095343 0.5001000 0.4937566 0.5067128 0.5171261 0.6225549 0.6237609 0.6810028 0.6723818 0.6740706 0.6766761 0.6659407 0.6995524 0.6765533 
S0020_G6954_R1_A 0.3822843 0.4013491 0.7797946 0.0805356 0.0394042 0.0161259 0.0526026 0.0397143 0.0286969 0.0482193 0.0350559 0.0329093 0.0465950 0.0460208 0.0577328 0.0531483 0.0507450 0.0512100 0.0556962 0.0309896 0.0398599 0.0000000 0.0488610 0.0818102 0.0880264 0.0948680 0.2334120 0.1978115 0.1979596 0.1817334 0.2105399 0.2359323 0.1947153 0.3093652 0.4419737 0.4166569 0.4212879 0.4364296 0.4816095 0.5811803 0.5373730 0.5346522 0.5249880 0.5186021 0.5318283 0.5425672 0.6288489 0.6303419 0.6877201 0.6790323 0.6807420 0.6833484 0.6725470 0.7063865 0.6832869 
S0021_G6954_R1_A 0.3663340 0.3767727 0.7966369 0.0738094 0.0310978 0.0333453 0.0374594 0.0289342 0.0225823 0.0398333 0.0331877 0.0310330 0.0379275 0.0398125 0.0466922 0.0396673 0.0397184 0.0400768 0.0444697 0.0422751 0.0290382 0.0488610 0.0000000 0.0749202 0.0777846 0.0797785 0.2302634 0.1987196 0.1959374 0.1826015 0.2085205 0.2371140 0.2063382 0.2945586 0.4324557 0.3989695 0.4034954 0.4300831 0.4800534 0.5389699 0.5206357 0.5133011 0.5037215 0.5073749 0.5206357 0.5313000 0.6568482 0.6445382 0.7052726 0.6963677 0.6981401 0.7007606 0.6841513 0.7120399 0.6951692 
S0035_G6954_R1_A 0.3958942 0.4069769 0.7974540 0.1146544 0.0767474 0.0722954 0.0793494 0.0561594 0.0626717 0.0766251 0.0581156 0.0695634 0.0803396 0.0840879 0.0851345 0.0821292 0.0700377 0.0798432 0.0846177 0.0822720 0.0702304 0.0818102 0.0749202 0.0000000 0.0801966 0.0954342 0.2521020 0.2306908 0.2308740 0.1925957 0.2253147 0.2583582 0.2490830 0.3044632 0.4202366 0.3956357 0.4001478 0.4249466 0.4745067 0.5677252 0.5340092 0.5262428 0.5214868 0.5150083 0.5230918 0.5392430 0.6565391 0.6423617 0.7062366 0.6972654 0.6990520 0.7016896 0.6905845 0.7254396 0.6928135 
S0005_G6954_R1_A 0.3753907 0.3938440 0.7631559 0.1128783 0.0752287 0.0754986 0.0894231 0.0634251 0.0680150 0.0899372 0.0656848 0.0727043 0.0784252 0.0874852 0.0980028 0.0798832 0.0848135 0.0880595 0.0880760 0.0808381 0.0754148 0.0880264 0.0777846 0.0801966 0.0000000 0.0828829 0.2384344 0.2140934 0.2173457 0.1900443 0.2195626 0.2487256 0.2489823 0.2890630 0.4479047 0.4219501 0.4266931 0.4443526 0.4960685 0.5560065 0.5496032 0.5418920 0.5319436 0.5156990 0.5292007 0.5401413 0.6643347 0.6470278 0.7148722 0.7057450 0.7075720 0.7102326 0.6989552 0.7343785 0.7012794 
S0033_G6954_R1_A 0.3801535 0.3907871 0.7990740 0.1250244 0.0868019 0.0822754 0.0865845 0.0677551 0.0746986 0.0751426 0.0770811 0.0770558 0.0852770 0.0895103 0.0896741 0.0885868 0.0892152 0.0925118 0.0974200 0.0925599 0.0797947 0.0948680 0.0797785 0.0954342 0.0828829 0.0000000 0.2465803 0.2150214 0.2182102 0.1925821 0.2115344 0.2429702 0.2604855 0.2800990 0.4521239 0.4264095 0.4311071 0.4588869 0.4794859 0.5550774 0.5155826 0.5083957 0.4989885 0.4926585 0.5055794 0.5158332 0.6703685 0.6530394 0.7140751 0.7050700 0.7068720 0.7036036 0.6983696 0.7333188 0.7096766 
S0014_G6954_R1_A 0.2977689 0.3152318 0.6540398 0.2589170 0.2324507 0.2168627 0.2352521 0.2171002 0.2259419 0.2430030 0.2260660 0.2319692 0.2343467 0.2457306 0.2388563 0.2354503 0.2267346 0.2323609 0.2385283 0.2279516 0.2333487 0.2334120 0.2302634 0.2521020 0.2384344 0.2465803 0.0000000 0.1218057 0.1244361 0.0948298 0.1280791 0.1591879 0.3928324 0.3839152 0.5161931 0.4915405 0.4966376 0.5048445 0.5495674 0.6487913 0.5631177 0.5659507 0.5552745 0.5600466 0.5737542 0.5802959 0.8214788 0.7890691 0.8741107 0.8633557 0.8522596 0.8417501 0.8280388 0.8827899 0.8564768 
S0010_G6954_R1_A 0.2720925 0.2753662 0.5854952 0.2376323 0.2041411 0.1888713 0.2067263 0.1889417 0.1946582 0.2173415 0.1977858 0.1976379 0.2056345 0.2108687 0.2010857 0.2085924 0.2041696 0.2052620 0.2113013 0.1963365 0.2017418 0.1978115 0.1987196 0.2306908 0.2140934 0.2150214 0.1218057 0.0000000 0.0059486 0.0840993 0.0976290 0.1265933 0.3842135 0.3759297 0.4561256 0.4418821 0.4466551 0.4626713 0.5047885 0.5886746 0.5463498 0.5388400 0.5437897 0.5329662 0.5463498 0.5525036 0.7100811 0.6790383 0.7432350 0.7468339 0.7367760 0.7275466 0.7279761 0.7639798 0.7398629 
S0009_G6954_R1_A 0.2754001 0.2786855 0.5987814 0.2347174 0.2042953 0.1890111 0.2039342 0.1862001 0.1919021 0.2175090 0.1979339 0.1977858 0.2028216 0.2110298 0.1983056 0.2058093 0.2013795 0.2024559 0.2084788 0.1964843 0.1989513 0.1979596 0.1959374 0.2308740 0.2173457 0.2182102 0.1244361 0.0059486 0.0000000 0.0913232 0.1001065 0.1343661 0.3845531 0.3762771 0.4609177 0.4465547 0.4513569 0.4674844 0.5098775 0.6018958 0.5414614 0.5339993 0.5388986 0.5281273 0.5414614 0.5475504 0.7167432 0.6857546 0.7501834 0.7537954 0.7436793 0.7343751 0.7348054 0.7710745 0.7468330 
S0008_G6954_R1_A 0.3089527 0.3196552 0.6818706 0.2286867 0.1907312 0.1703640 0.1873769 0.1705148 0.1721357 0.2033514 0.1817765 0.1845096 0.1891561 0.2001749 0.1879610 0.1876285 0.1936362 0.1928807 0.1929206 0.1831573 0.1883892 0.1817334 0.1826015 0.1925957 0.1900443 0.1925821 0.0948298 0.0840993 0.0913232 0.0000000 0.0924557 0.1135575 0.3519214 0.3826675 0.4486555 0.4182756 0.4228956 0.4508581 0.4965312 0.6234823 0.5259488 0.5232973 0.5185128 0.5174406 0.5306400 0.5365747 0.7113402 0.6836737 0.7576465 0.7481885 0.7381099 0.7288554 0.7040441 0.7522185 0.7282636 
S0015_G6954_R1_A 0.2946514 0.2979990 0.6466130 0.2538023 0.2107926 0.2015269 0.2195217 0.1957318 0.2002599 0.2210435 0.2105144 0.2042821 0.2185314 0.2175318 0.2038559 0.2124538 0.2108991 0.2195159 0.2195624 0.2153162 0.2115195 0.2105399 0.2085205 0.2253147 0.2195626 0.2115344 0.1280791 0.0976290 0.1001065 0.0924557 0.0000000 0.0735612 0.3755360 0.3773032 0.4272566 0.3893197 0.4007029 0.4084030 0.4517178 0.5806116 0.4992693 0.5066930 0.4972584 0.5008241 0.5138955 0.5196290 0.7128491 0.6816589 0.7594245 0.7499127 0.7397820 0.7304746 0.7181404 0.7671973 0.7361659 
S0034_G6954_R1_A 0.3378338 0.3338233 0.7008982 0.2682783 0.2330997 0.2264638 0.2452679 0.2234958 0.2249837 0.2439437 0.2359069 0.2293306 0.2445506 0.2324722 0.2302604 0.2347104 0.2443936 0.2457306 0.2457843 0.2411577 0.2402656 0.2359323 0.2371140 0.2583582 0.2487256 0.2429702 0.1591879 0.1265933 0.1343661 0.1135575 0.0735612 0.0000000 0.4062906 0.4377825 0.4948420 0.4573723 0.4573723 0.4700161 0.5271708 0.6715501 0.5513713 0.5591348 0.5540945 0.5531464 0.5669847 0.5735299 0.7504166 0.7316982 0.8122642 0.8021211 0.7914928 0.7815733 0.7685330 0.8064072 0.8016899 
S0036_G6954_R1_A 0.6200582 0.6357160 1.0753126 0.2343950 0.1938479 0.1771658 0.1947104 0.2013490 0.1890596 0.2058764 0.1879779 0.1851140 0.2059434 0.1973495 0.2231802 0.2140991 0.2075104 0.2067705 0.2124763 0.1894042 0.1939207 0.1947153 0.2063382 0.2490830 0.2489823 0.2604855 0.3928324 0.3842135 0.3845531 0.3519214 0.3755360 0.4062906 0.0000000 0.5172795 0.6587851 0.6259197 0.6318336 0.6203147 0.6770085 0.7947671 0.7466241 0.7552463 0.7483935 0.7299523 0.7456891 0.7545633 0.8376463 0.8424320 0.8828249 0.8720760 0.8742889 0.8840880 0.8778796 0.9208253 0.9078689 
S0006_G6954_R1_A 0.4056301 0.4013778 0.8663041 0.3267754 0.3010769 0.2966274 0.2983673 0.3022863 0.2950399 0.3021930 0.2965603 0.3000808 0.3055438 0.3126804 0.3052264 0.3020891 0.3102357 0.3108735 0.3144647 0.3234104 0.3054988 0.3093652 0.2945586 0.3044632 0.2890630 0.2800990 0.3839152 0.3759297 0.3762771 0.3826675 0.3773032 0.4377825 0.5172795 0.0000000 0.6251674 0.5860321 0.6074523 0.6121593 0.6535640 0.8212139 0.6170442 0.6086996 0.6146026 0.6087630 0.6291922 0.6303303 1.0111101 0.9953067 1.0677221 1.0624544 1.0573675 1.0442236 1.0524735 1.0937226 1.0342295 
S0001_G6954_R1_A 0.6056837 0.6109616 0.9462402 0.4339677 0.4429945 0.4208347 0.4293531 0.4233377 0.4239660 0.4624618 0.4364672 0.4278393 0.4553557 0.4582931 0.4160425 0.4026447 0.4211577 0.4416561 0.4417677 0.4549026 0.4476156 0.4419737 0.4324557 0.4202366 0.4479047 0.4521239 0.5161931 0.4561256 0.4609177 0.4486555 0.4272566 0.4948420 0.6587851 0.6251674 0.0000000 0.0500334 0.0613654 0.1015854 0.1229644 0.6201139 0.5122740 0.5194740 0.5149085 0.5178987 0.5215265 0.5247232 0.8164632 0.7622572 0.8398979 0.8495796 0.8386880 0.8284038 0.8148271 0.8331539 0.8009712 
S0032_G6954_R1_N 0.5868536 0.5919262 0.9647912 0.4251896 0.4171030 0.3963741 0.4002000 0.3985048 0.3992662 0.4363328 0.4113719 0.4030293 0.4293949 0.4148044 0.3919493 0.3788350 0.4045101 0.4075220 0.4076231 0.4289709 0.4218662 0.4166569 0.3989695 0.3956357 0.4219501 0.4264095 0.4915405 0.4418821 0.4465547 0.4182756 0.3893197 0.4573723 0.6259197 0.5860321 0.0500334 0.0000000 0.0140346 0.0525787 0.0711174 0.6001348 0.4734983 0.4804821 0.4761195 0.4883143 0.5014724 0.4948131 0.7680088 0.7147139 0.7900834 0.7993792 0.7889679 0.7792591 0.7663542 0.7836804 0.7529468 
S0032_G6954_R2_N 0.6074950 0.6019242 0.9839941 0.4381805 0.4217415 0.4008605 0.4047066 0.4030576 0.4037945 0.4410997 0.4159654 0.4075756 0.4341354 0.4194464 0.4032528 0.3949415 0.4172109 0.4203347 0.4204395 0.4337063 0.4265725 0.4212879 0.4034954 0.4001478 0.4266931 0.4311071 0.4966376 0.4466551 0.4513569 0.4228956 0.4007029 0.4573723 0.6318336 0.6074523 0.0613654 0.0140346 0.0000000 0.0617728 0.0807849 0.6267747 0.4958286 0.5029417 0.4984596 0.5111027 0.5246079 0.5178482 0.7680088 0.7147139 0.7900834 0.7993792 0.7889679 0.7792591 0.7663542 0.7836804 0.7789215 
S0025_G6954_R1_U 0.5771032 0.5768550 0.9444444 0.4326866 0.4327888 0.4114811 0.4151916 0.4180096 0.4267912 0.4440146 0.4268873 0.4183591 0.4411691 0.4304950 0.3987830 0.3975411 0.4199188 0.4272947 0.4274019 0.4365668 0.4420863 0.4364296 0.4300831 0.4249466 0.4443526 0.4588869 0.5048445 0.4626713 0.4674844 0.4508581 0.4084030 0.4700161 0.6203147 0.6121593 0.1015854 0.0525787 0.0617728 0.0000000 0.0328836 0.6045774 0.4522564 0.4505418 0.4463222 0.4579678 0.4707075 0.4641637 0.7435848 0.7062944 0.7906549 0.7741809 0.7639726 0.7545223 0.7419102 0.7719338 0.7168965 
S0029_G6954_R1_U 0.6002312 0.5948779 0.9650334 0.4960884 0.4872467 0.4640994 0.4594268 0.4672634 0.4719392 0.4950482 0.4714745 0.4624648 0.4965775 0.4849930 0.4501124 0.4448275 0.4691009 0.4772011 0.4773239 0.4916514 0.4841174 0.4816095 0.4800534 0.4745067 0.4960685 0.4794859 0.5495674 0.5047885 0.5098775 0.4965312 0.4517178 0.5271708 0.6770085 0.6535640 0.1229644 0.0711174 0.0807849 0.0328836 0.0000000 0.6562616 0.4771340 0.4752892 0.4709233 0.4831011 0.4962719 0.4850197 0.7989931 0.7618223 0.8490137 0.8175753 0.8069834 0.7970585 0.7973523 0.8292062 0.7710490 
S0049_G6954_R1_A 0.7436323 0.7636360 0.8151956 0.6042323 0.5476457 0.5418663 0.5519220 0.5275769 0.5448367 0.5624818 0.5651269 0.5516505 0.5812608 0.5774153 0.5401770 0.5329134 0.5410551 0.5199872 0.5140792 0.5447096 0.5511392 0.5811803 0.5389699 0.5677252 0.5560065 0.5550774 0.6487913 0.5886746 0.6018958 0.6234823 0.5806116 0.6715501 0.7947671 0.8212139 0.6201139 0.6001348 0.6267747 0.6045774 0.6562616 0.0000000 0.7282443 0.7124259 0.7004608 0.7073658 0.7282443 0.7149416 0.6560749 0.6287915 0.7061604 0.7101370 0.7099575 0.7132023 0.7030161 0.7075886 0.6902413 
S0042_G6954_R2_N 0.6120653 0.6280357 1.0318539 0.5145598 0.5149142 0.5178851 0.4897004 0.5219226 0.5034312 0.5094725 0.5077554 0.4976048 0.5441007 0.5120945 0.4916296 0.5006848 0.5149489 0.5286240 0.5192445 0.5341723 0.5167457 0.5373730 0.5206357 0.5340092 0.5496032 0.5155826 0.5631177 0.5463498 0.5414614 0.5259488 0.4992693 0.5513713 0.7466241 0.6170442 0.5122740 0.4734983 0.4958286 0.4522564 0.4771340 0.7282443 0.0000000 0.0079705 0.0119964 0.0120228 0.0140035 0.0120518 0.5224400 0.5003747 0.5585754 0.5409992 0.5422472 0.5448177 0.5355107 0.5437554 0.5151823 
S0038_G6954_R2_A 0.6037753 0.6195386 1.0144296 0.5074304 0.5077395 0.5106975 0.4828300 0.5146587 0.5009201 0.5023559 0.5006718 0.4906265 0.5365926 0.5049728 0.4847242 0.4936920 0.5077715 0.5212762 0.5119866 0.5267628 0.5095343 0.5346522 0.5133011 0.5262428 0.5418920 0.5083957 0.5659507 0.5388400 0.5339993 0.5232973 0.5066930 0.5591348 0.7552463 0.6086996 0.5194740 0.4804821 0.5029417 0.4505418 0.4752892 0.7124259 0.0079705 0.0000000 0.0120220 0.0120485 0.0140323 0.0120776 0.5057951 0.4835152 0.5410224 0.5238275 0.5250201 0.5275918 0.5184531 0.5264791 0.4985079 
S0040_G6954_R2_N 0.5985374 0.6141981 0.9940368 0.5026197 0.4983457 0.5012996 0.4737300 0.5051773 0.4916118 0.4930157 0.4913680 0.4814185 0.5268836 0.4956349 0.4755843 0.4844761 0.4983744 0.5208064 0.5114682 0.5171416 0.5001000 0.5249880 0.5037215 0.5214868 0.5319436 0.4989885 0.5552745 0.5437897 0.5388986 0.5185128 0.4972584 0.5540945 0.7483935 0.6146026 0.5149085 0.4761195 0.4984596 0.4463222 0.4709233 0.7004608 0.0119964 0.0120220 0.0000000 0.0161208 0.0181044 0.0161598 0.5245410 0.5024484 0.5708447 0.5529919 0.5444686 0.5470449 0.5376946 0.5558217 0.5172695 
S0044_G6954_R2_N 0.5874947 0.6030199 0.9854307 0.4918088 0.5019013 0.4949861 0.4674977 0.4988248 0.4853160 0.4867044 0.4850742 0.4751459 0.5204767 0.4991554 0.4693334 0.4782118 0.4920485 0.5053350 0.4961349 0.5107491 0.4937566 0.5186021 0.5073749 0.5150083 0.5156990 0.4926585 0.5600466 0.5329662 0.5281273 0.5174406 0.5008241 0.5531464 0.7299523 0.6087630 0.5178987 0.4883143 0.5111027 0.4579678 0.4831011 0.7073658 0.0120228 0.0120485 0.0161208 0.0000000 0.0059770 0.0080351 0.4994608 0.4769751 0.5345403 0.5173930 0.5185714 0.5211579 0.5120319 0.5200198 0.4921220 
S0045_G6954_R3_A 0.6128500 0.6288436 1.0005027 0.5046327 0.5149142 0.5078902 0.4800391 0.5118366 0.4981141 0.4944877 0.4978665 0.4878236 0.5337605 0.5120945 0.4819258 0.4908937 0.5049565 0.5184472 0.5091563 0.5239309 0.5067128 0.5318283 0.5206357 0.5230918 0.5292007 0.5055794 0.5737542 0.5463498 0.5414614 0.5306400 0.5138955 0.5669847 0.7456891 0.6291922 0.5215265 0.5014724 0.5246079 0.4707075 0.4962719 0.7282443 0.0140035 0.0140323 0.0181044 0.0059770 0.0000000 0.0100265 0.5072929 0.4899125 0.5426655 0.5254050 0.5266048 0.5291810 0.5200106 0.5280709 0.4999950 
S0045_G6954_R4_A 0.6086853 0.6247133 1.0117105 0.5148013 0.5253265 0.5181516 0.4897634 0.5222202 0.5082026 0.5096783 0.5079482 0.4977244 0.5445644 0.5224220 0.4917064 0.5008262 0.5151948 0.5289719 0.5195233 0.5345618 0.5171261 0.5425672 0.5313000 0.5392430 0.5401413 0.5158332 0.5802959 0.5525036 0.5475504 0.5365747 0.5196290 0.5735299 0.7545633 0.6303303 0.5247232 0.4948131 0.5178482 0.4641637 0.4850197 0.7149416 0.0120518 0.0120776 0.0161598 0.0080351 0.0100265 0.0000000 0.5035717 0.4811656 0.5388337 0.5216118 0.5228025 0.5253856 0.5162288 0.5242615 0.4962481 
S0042_G6954_R1_N 0.9289942 0.9526664 1.0777994 0.6632239 0.6370427 0.6128081 0.6446706 0.6174745 0.6174768 0.6295216 0.6171702 0.6059126 0.6537929 0.6400249 0.6156872 0.6353269 0.6303968 0.6390211 0.6392019 0.6430593 0.6225549 0.6288489 0.6568482 0.6565391 0.6643347 0.6703685 0.8214788 0.7100811 0.7167432 0.7113402 0.7128491 0.7504166 0.8376463 1.0111101 0.8164632 0.7680088 0.7680088 0.7435848 0.7989931 0.6560749 0.5224400 0.5057951 0.5245410 0.4994608 0.5072929 0.5035717 0.0000000 0.0188370 0.0264512 0.0243102 0.0285182 0.0305459 0.0243072 0.0327541 0.0308749 
S0045_G6954_R1_A 0.9150831 0.9394149 1.1075945 0.6548809 0.6357726 0.6135692 0.6406489 0.6210231 0.6184484 0.6222683 0.6181269 0.6063651 0.6564436 0.6420227 0.6105116 0.6371110 0.6381498 0.6409805 0.6467138 0.6452220 0.6237609 0.6303419 0.6445382 0.6423617 0.6470278 0.6530394 0.7890691 0.6790383 0.6857546 0.6836737 0.6816589 0.7316982 0.8424320 0.9953067 0.7622572 0.7147139 0.7147139 0.7062944 0.7618223 0.6287915 0.5003747 0.4835152 0.5024484 0.4769751 0.4899125 0.4811656 0.0188370 0.0000000 0.0208956 0.0229805 0.0230249 0.0251105 0.0208518 0.0230352 0.0275579 
S0038_G6954_R1_A 0.9961996 1.0216272 1.1371251 0.7242771 0.6963286 0.6703683 0.6979631 0.6753167 0.6753161 0.6822015 0.6812201 0.6629528 0.7145166 0.6994071 0.6673696 0.6944655 0.6955628 0.6985836 0.6987872 0.7033426 0.6810028 0.6877201 0.7052726 0.7062366 0.7148722 0.7140751 0.8741107 0.7432350 0.7501834 0.7576465 0.7594245 0.8122642 0.8828249 1.0677221 0.8398979 0.7900834 0.7900834 0.7906549 0.8490137 0.7061604 0.5585754 0.5410224 0.5708447 0.5345403 0.5426655 0.5388337 0.0264512 0.0208956 0.0000000 0.0139460 0.0305227 0.0325475 0.0283819 0.0243072 0.0307881 
S0040_G6954_R1_N 0.9760895 1.0009957 1.1067017 0.7152395 0.6875728 0.6618856 0.6892105 0.6667885 0.6667886 0.6735586 0.6664588 0.6545521 0.7055350 0.6906343 0.6589000 0.6857321 0.6868131 0.6897847 0.6899847 0.6944359 0.6723818 0.6790323 0.6963677 0.6972654 0.7057450 0.7050700 0.8633557 0.7468339 0.7537954 0.7481885 0.7499127 0.8021211 0.8720760 1.0624544 0.8495796 0.7993792 0.7993792 0.7741809 0.8175753 0.7101370 0.5409992 0.5238275 0.5529919 0.5173930 0.5254050 0.5216118 0.0243102 0.0229805 0.0139460 0.0000000 0.0242112 0.0262211 0.0262403 0.0263276 0.0265198 
S0044_G6954_R1_N 0.9636842 0.9882992 1.1183937 0.6940459 0.6893056 0.6635352 0.6909446 0.6684527 0.6684527 0.6752528 0.6681218 0.6561770 0.7073323 0.6923740 0.6605434 0.6874585 0.6885439 0.6915286 0.6917295 0.6962065 0.6740706 0.6807420 0.6981401 0.6990520 0.7075720 0.7068720 0.8522596 0.7367760 0.7436793 0.7381099 0.7397820 0.7914928 0.8742889 1.0573675 0.8386880 0.7889679 0.7889679 0.7639726 0.8069834 0.7099575 0.5422472 0.5250201 0.5444686 0.5185714 0.5266048 0.5228025 0.0285182 0.0230249 0.0305227 0.0242112 0.0000000 0.0059220 0.0221530 0.0347432 0.0306238 
S0045_G6954_R2_A 0.9666336 0.9912980 1.1407348 0.6966493 0.6919077 0.6661293 0.6935410 0.6710461 0.6710459 0.6778613 0.6707147 0.6587680 0.6984286 0.6949724 0.6631427 0.6900590 0.6911463 0.6941372 0.6943386 0.6988338 0.6766761 0.6833484 0.7007606 0.7016896 0.7102326 0.7036036 0.8417501 0.7275466 0.7343751 0.7288554 0.7304746 0.7815733 0.8840880 1.0442236 0.8284038 0.7792591 0.7792591 0.7545223 0.7970585 0.7132023 0.5448177 0.5275918 0.5470449 0.5211579 0.5291810 0.5253856 0.0305459 0.0251105 0.0325475 0.0262211 0.0059220 0.0000000 0.0221090 0.0346725 0.0305618 
S0043_G6954_R1_N 0.9521609 0.9764621 1.1189436 0.6970717 0.6810442 0.6555385 0.6826860 0.6604120 0.6604125 0.6671029 0.6600854 0.6482596 0.6988532 0.6840957 0.6635593 0.6792189 0.6802887 0.6832259 0.6834234 0.6878003 0.6659407 0.6725470 0.6841513 0.6905845 0.6989552 0.6983696 0.8280388 0.7279761 0.7348054 0.7040441 0.7181404 0.7685330 0.8778796 1.0524735 0.8148271 0.7663542 0.7663542 0.7419102 0.7973523 0.7030161 0.5355107 0.5184531 0.5376946 0.5120319 0.5200106 0.5162288 0.0243072 0.0208518 0.0283819 0.0262403 0.0221530 0.0221090 0.0000000 0.0159762 0.0140531 
S0047_G6954_R1_N 0.9981570 1.0236368 1.1504979 0.7317009 0.7092119 0.6886629 0.7042797 0.6936896 0.6936875 0.7007902 0.6933467 0.6811008 0.7337080 0.7059974 0.6847656 0.7132043 0.7143323 0.7174474 0.7176578 0.7224158 0.6995524 0.7063865 0.7120399 0.7254396 0.7343785 0.7333188 0.8827899 0.7639798 0.7710745 0.7522185 0.7671973 0.8064072 0.9208253 1.0937226 0.8331539 0.7836804 0.7836804 0.7719338 0.8292062 0.7075886 0.5437554 0.5264791 0.5558217 0.5200198 0.5280709 0.5242615 0.0327541 0.0230352 0.0243072 0.0263276 0.0347432 0.0346725 0.0159762 0.0000000 0.0181932 
S0041_G6954_R1_N 0.9376721 0.9617467 1.1259460 0.6967086 0.6919236 0.6659095 0.6935721 0.6708716 0.6708714 0.6777494 0.6705373 0.6584808 0.7101332 0.6950165 0.6681242 0.6844624 0.6797746 0.6827372 0.6829364 0.6989140 0.6765533 0.6832869 0.6951692 0.6928135 0.7012794 0.7096766 0.8564768 0.7398629 0.7468330 0.7282636 0.7361659 0.8016899 0.9078689 1.0342295 0.8009712 0.7529468 0.7789215 0.7168965 0.7710490 0.6902413 0.5151823 0.4985079 0.5172695 0.4921220 0.4999950 0.4962481 0.0308749 0.0275579 0.0307881 0.0265198 0.0306238 0.0305618 0.0140531 0.0181932 0.0000000 
