60
S0003_G6968_R3_N 0.0000000 0.0896475 0.0979298 0.6722244 0.6865151 0.6818262 0.6782314 0.6806841 0.6755708 0.6617349 0.6603196 0.6690048 0.7395173 0.9786220 0.7384938 0.6929954 0.7087826 0.8092211 0.8165224 0.7829105 0.7030377 0.7061445 0.8508907 0.6823026 0.7603704 0.6510591 0.7390911 0.6926349 0.7960919 0.7086344 0.6842508 0.7533049 0.7300027 0.7140091 0.7898218 0.7719719 0.7172119 0.7395176 0.7552660 0.8861828 0.8944991 0.9106247 0.8287833 0.7866756 0.8082832 0.8142715 0.7635899 0.7655006 0.7948128 0.6859775 0.7219141 0.7256515 0.6982946 0.6893652 0.7022342 0.7010886 0.6951306 0.7536111 0.6857935 0.6961351 
S0003_G6968_R1_N 0.0896475 0.0000000 0.0131979 0.7221257 0.7360226 0.7466312 0.7398665 0.7464687 0.7325629 0.7190007 0.7242544 0.7201378 0.7772396 1.0227502 0.7764137 0.7453398 0.7452187 0.8788927 0.8868733 0.8573877 0.7411057 0.7474973 0.9174627 0.7303318 0.8139345 0.6786728 0.7969736 0.7460119 0.8737832 0.7450142 0.7401829 0.8043255 0.7586702 0.7534860 0.8521592 0.8086538 0.7592638 0.7658416 0.7902157 0.9666979 0.9694668 0.9725704 0.8819545 0.8522014 0.8510884 0.8566640 0.8053932 0.8277471 0.8169078 0.7301234 0.7827536 0.7913811 0.7364422 0.7438576 0.7477062 0.7521939 0.7287708 0.7885772 0.7022927 0.7050437 
S0003_G6968_R2_N 0.0979298 0.0131979 0.0000000 0.7328502 0.7469957 0.7576901 0.7508151 0.7575642 0.7410910 0.7296845 0.7349901 0.7308110 0.7819618 1.0298410 0.7811679 0.7453156 0.7474484 0.8810868 0.8890400 0.8472943 0.7411047 0.7466862 0.9138929 0.7303898 0.8127753 0.6803765 0.7984496 0.7470103 0.8722091 0.7386627 0.7355683 0.8003852 0.7609346 0.7511138 0.8566811 0.8099569 0.7613502 0.7631594 0.7851640 0.9781133 0.9809162 0.9764955 0.8963682 0.8679771 0.8585210 0.8640923 0.8074369 0.8282044 0.8351411 0.7354479 0.7828410 0.7914701 0.7405055 0.7477123 0.7516321 0.7561021 0.7326357 0.7928088 0.7025289 0.7069483 
S0042_G6968_R1_N 0.6722244 0.7221257 0.7328502 0.0000000 0.0200051 0.0243588 0.0310315 0.0221805 0.0267340 0.0238357 0.0259029 0.0185372 0.7587108 1.0648295 0.7791520 0.5484454 0.5818911 0.6193564 0.6217512 0.5967537 0.5764643 0.5748004 0.6229594 0.6025847 0.5733523 0.5315818 0.5823081 0.5689019 0.6167399 0.6281257 0.5720911 0.5882109 0.5994756 0.5748533 0.6441837 0.5975753 0.5858471 0.5971743 0.5944931 0.7822728 0.7815137 0.8754879 0.8610002 0.7997180 0.7943819 0.8003212 0.6381300 0.6304827 0.7060964 0.7562640 0.6112359 0.6192908 0.5917487 0.6112446 0.5896460 0.5923035 0.6052315 0.5873421 0.6418461 0.6940850 
S0038_G6968_R1_A 0.6865151 0.7360226 0.7469957 0.0200051 0.0000000 0.0288216 0.0355405 0.0280720 0.0304425 0.0282762 0.0273905 0.0243729 0.7662575 1.0595930 0.7868688 0.5638861 0.5960983 0.6336032 0.6350219 0.6171976 0.5887907 0.5889665 0.6406406 0.6100598 0.5890636 0.5426173 0.6015350 0.5829298 0.6297024 0.6379855 0.5830236 0.6044786 0.6141115 0.5869998 0.6645335 0.6142103 0.6000392 0.6098498 0.6049403 0.7871633 0.7864081 0.8780926 0.8574539 0.8069544 0.7893062 0.7952321 0.6588108 0.6538944 0.7272281 0.7482413 0.6232141 0.6302703 0.5964108 0.6270164 0.5997493 0.6055056 0.6133725 0.5944362 0.6472503 0.6964263 
S0045_G6968_R1_A 0.6818262 0.7466312 0.7576901 0.0243588 0.0288216 0.0000000 0.0184204 0.0176983 0.0310752 0.0281749 0.0243725 0.0242698 0.7540028 1.0485606 0.7744254 0.5573400 0.5910812 0.6293001 0.6308909 0.6026403 0.5857181 0.5810172 0.6353085 0.6081356 0.5849410 0.5349311 0.5931245 0.5798918 0.6259913 0.6236351 0.5725150 0.5980996 0.6089305 0.5839128 0.6575720 0.6074977 0.5986643 0.6012575 0.6002973 0.7757123 0.7749569 0.8778198 0.8511931 0.7931604 0.7777455 0.7836323 0.6506554 0.6510831 0.7040614 0.7367994 0.6312569 0.6407587 0.6128899 0.6485107 0.6279689 0.6302774 0.6352070 0.6189102 0.6431555 0.7103272 
S0044_G6968_R1_N 0.6782314 0.7398665 0.7508151 0.0310315 0.0355405 0.0184204 0.0000000 0.0271297 0.0378291 0.0356472 0.0339810 0.0323868 0.7430070 1.0426010 0.7630759 0.5615088 0.5927912 0.6400816 0.6415596 0.6114270 0.5895032 0.5822068 0.6332903 0.6085248 0.5939951 0.5442593 0.6052755 0.5805087 0.6368218 0.6314726 0.5751343 0.6063129 0.6128738 0.5877237 0.6624455 0.6084701 0.6025006 0.6015230 0.6005579 0.8038435 0.8031089 0.8869734 0.8635209 0.8135956 0.7803397 0.7862195 0.6470609 0.6510868 0.7030543 0.7537990 0.6394570 0.6467625 0.6164353 0.6517748 0.6275884 0.6299073 0.6317912 0.6212327 0.6542760 0.7143939 
S0045_G6968_R2_A 0.6806841 0.7464687 0.7575642 0.0221805 0.0280720 0.0176983 0.0271297 0.0000000 0.0280495 0.0251641 0.0250610 0.0235482 0.7561349 1.0717378 0.7691875 0.5505932 0.5809225 0.6277726 0.6291275 0.5955012 0.5786332 0.5748451 0.6210651 0.6001625 0.5807201 0.5313002 0.5937992 0.5728115 0.6252304 0.6233365 0.5712419 0.5939705 0.6016367 0.5732486 0.6443250 0.6010742 0.5915302 0.5960981 0.5930929 0.7883668 0.7876225 0.8837419 0.8616842 0.8063667 0.7828841 0.7887466 0.6435804 0.6437461 0.7118176 0.7528179 0.6400162 0.6473383 0.6190459 0.6423038 0.6248450 0.6271899 0.6389977 0.6183199 0.6524304 0.6968863 
S0043_G6968_R1_N 0.6755708 0.7325629 0.7410910 0.0267340 0.0304425 0.0310752 0.0378291 0.0280495 0.0000000 0.0084854 0.0199362 0.0149439 0.7401610 1.0490647 0.7560696 0.5527373 0.5844472 0.6285348 0.6257425 0.5992225 0.5810785 0.5776517 0.6278624 0.5996510 0.5775966 0.5326233 0.5886098 0.5810856 0.6205346 0.6376397 0.5744504 0.5920065 0.6051863 0.5913982 0.6524443 0.6045158 0.5937662 0.5932130 0.5941458 0.7916475 0.7909030 0.8884072 0.8565923 0.8073530 0.7898080 0.7931482 0.6536729 0.6361450 0.7109002 0.7601503 0.6200325 0.6250771 0.5940391 0.6134438 0.5923757 0.5950220 0.6057906 0.5924691 0.6384454 0.7068817 
S0047_G6968_R1_N 0.6617349 0.7190007 0.7296845 0.0238357 0.0282762 0.0281749 0.0356472 0.0251641 0.0084854 0.0000000 0.0170825 0.0120934 0.7308733 1.0342127 0.7465623 0.5537039 0.5854897 0.6309741 0.6281949 0.5996366 0.5841980 0.5786858 0.6304384 0.6019121 0.5742258 0.5322185 0.5882756 0.5833917 0.6229239 0.6361124 0.5784772 0.5903354 0.6075388 0.5877501 0.6507746 0.6070703 0.5936226 0.5934385 0.5963721 0.7874814 0.7867346 0.8737046 0.8632134 0.8071661 0.7912024 0.7971080 0.6461570 0.6418705 0.7205455 0.7529579 0.6110711 0.6179706 0.5865861 0.6095717 0.5884876 0.5911723 0.6018380 0.5884963 0.6386978 0.7084051 
S0040_G6968_R1_N 0.6603196 0.7242544 0.7349901 0.0259029 0.0273905 0.0243725 0.0339810 0.0250610 0.0199362 0.0170825 0.0000000 0.0221414 0.7405353 1.0387040 0.7604434 0.5513627 0.5868336 0.6228946 0.6200906 0.5980185 0.5795198 0.5759798 0.6246353 0.6017378 0.5731718 0.5298293 0.5812592 0.5786926 0.6210615 0.6275700 0.5752191 0.5863105 0.6026121 0.5808010 0.6489794 0.5985205 0.5888999 0.5888365 0.5935080 0.7912400 0.7904987 0.8814442 0.8719816 0.8134747 0.7994049 0.8053374 0.6498469 0.6334846 0.7221319 0.7614821 0.6283435 0.6354718 0.6109534 0.6288480 0.6078034 0.6103024 0.6241470 0.6034099 0.6358577 0.7059309 
S0041_G6968_R1_N 0.6690048 0.7201378 0.7308110 0.0185372 0.0243729 0.0242698 0.0323868 0.0235482 0.0149439 0.0120934 0.0221414 0.0000000 0.7439834 1.0492148 0.7640157 0.5544811 0.5807044 0.6282515 0.6265812 0.6017333 0.5807691 0.5744136 0.6256014 0.6049553 0.5764105 0.5311692 0.5888418 0.5752495 0.6172493 0.6305005 0.5761131 0.5916432 0.6020796 0.5845028 0.6444510 0.6031696 0.5883473 0.6016159 0.5988955 0.7909385 0.7901916 0.8874656 0.8515294 0.7953305 0.7915902 0.7975153 0.6440967 0.6400907 0.7151067 0.7477487 0.6052645 0.6132594 0.5847119 0.6030648 0.5815433 0.5842678 0.5856161 0.5761913 0.6307485 0.6962461 
S0039_G6968_R1_A 0.7395173 0.7772396 0.7819618 0.7587108 0.7662575 0.7540028 0.7430070 0.7561349 0.7401610 0.7308733 0.7405353 0.7439834 0.0000000 0.0223023 0.0209817 0.5674246 0.5706092 0.5319851 0.5282695 0.5649125 0.5424304 0.5656243 0.5454833 0.5460776 0.5357764 0.5570203 0.5118327 0.5641950 0.5036255 0.5424226 0.5280165 0.5522918 0.5439586 0.5885225 0.5139602 0.5248741 0.5455420 0.6095857 0.5949274 0.5812587 0.5843328 0.6455194 0.6715397 0.5741825 0.5723651 0.5736055 0.5839673 0.4648521 0.4891300 0.4398763 0.7993443 0.7971588 0.7886665 0.8178801 0.8248002 0.8167624 0.8211429 0.8287654 0.6567922 0.4609971 
S0051_G6968_R1_A 0.9786220 1.0227502 1.0298410 1.0648295 1.0595930 1.0485606 1.0426010 1.0717378 1.0490647 1.0342127 1.0387040 1.0492148 0.0223023 0.0000000 0.0244450 0.7396817 0.7835514 0.6978362 0.6818916 0.6856372 0.7093584 0.7550768 0.7299861 0.7928306 0.6224441 0.6113664 0.6246033 0.7303669 0.7934918 0.8274637 0.7514429 0.6194808 0.7233176 0.7753958 0.6629448 0.6046825 0.7478457 0.7856833 0.7756174 0.6676951 0.6681485 0.7431490 1.0396604 0.9073902 0.8757968 0.8883479 0.8054598 0.6890891 0.7842886 0.8018179 1.0244597 1.0011619 0.8708580 0.9283029 0.9224612 0.9272140 0.9185973 0.9315530 0.9176024 0.8082193 
S0039_G6968_R2_A 0.7384938 0.7764137 0.7811679 0.7791520 0.7868688 0.7744254 0.7630759 0.7691875 0.7560696 0.7465623 0.7604434 0.7640157 0.0209817 0.0244450 0.0000000 0.5824007 0.5812713 0.5477860 0.5461908 0.5752060 0.5567539 0.5810440 0.5640936 0.5643203 0.5570600 0.5674620 0.5284625 0.5766647 0.5185348 0.5574214 0.5398006 0.5662851 0.5583325 0.6067352 0.5294372 0.5341046 0.5600234 0.6325455 0.6174040 0.5810092 0.5840792 0.6569070 0.6741584 0.5734079 0.5808626 0.5821268 0.5848487 0.4811725 0.5014649 0.4430286 0.8181012 0.8191363 0.8101992 0.8444904 0.8518481 0.8440502 0.8448747 0.8533133 0.6773823 0.4686028 
S0031_G6968_R1_A 0.6929954 0.7453398 0.7453156 0.5484454 0.5638861 0.5573400 0.5615088 0.5505932 0.5527373 0.5537039 0.5513627 0.5544811 0.5674246 0.7396817 0.5824007 0.0000000 0.0434779 0.1456026 0.1475254 0.1205367 0.0512675 0.0539764 0.1451860 0.0587883 0.1115672 0.0718222 0.1233182 0.0617579 0.1368696 0.0553004 0.0516001 0.1350935 0.0707840 0.0631344 0.1567132 0.1229894 0.0708416 0.1642117 0.1629149 0.5163819 0.5207695 0.5280723 0.4176275 0.3511285 0.3430916 0.3428607 0.1879166 0.1663583 0.2112317 0.3035228 0.5743314 0.5786834 0.5604168 0.5937104 0.5908249 0.5980141 0.5844908 0.6401426 0.6727045 0.3540257 
S0018_G6968_R1_U 0.7087826 0.7452187 0.7474484 0.5818911 0.5960983 0.5910812 0.5927912 0.5809225 0.5844472 0.5854897 0.5868336 0.5807044 0.5706092 0.7835514 0.5812713 0.0434779 0.0000000 0.1640001 0.1669000 0.1241653 0.0643199 0.0626078 0.1574588 0.0688960 0.1266138 0.0883705 0.1382633 0.0668810 0.1625264 0.0648002 0.0609234 0.1439492 0.0815032 0.0770617 0.1680047 0.1324257 0.0828104 0.1776930 0.1754886 0.5327691 0.5373201 0.5423071 0.4141419 0.3465291 0.3509134 0.3507215 0.2059882 0.1775403 0.2176209 0.3049696 0.6014466 0.6059822 0.5852629 0.6101658 0.6032558 0.6112687 0.6020066 0.6489652 0.6693296 0.3547824 
S0048_G6968_R1_A 0.8092211 0.8788927 0.8810868 0.6193564 0.6336032 0.6293001 0.6400816 0.6277726 0.6285348 0.6309741 0.6228946 0.6282515 0.5319851 0.6978362 0.5477860 0.1456026 0.1640001 0.0000000 0.0101447 0.1291839 0.1441340 0.1436677 0.1320448 0.1464161 0.0816992 0.1353961 0.0961839 0.1518199 0.0973590 0.1558803 0.1334138 0.1215738 0.1627813 0.1830805 0.1542019 0.0933269 0.1668938 0.2579018 0.2526696 0.4857672 0.4916295 0.5166310 0.5627874 0.5224043 0.5176865 0.5167574 0.3178625 0.2877875 0.3434414 0.5162744 0.6980045 0.7007015 0.6838689 0.7138261 0.7101679 0.7145917 0.7255297 0.7581185 0.8819669 0.5683640 
S0050_G6968_R1_A 0.8165224 0.8868733 0.8890400 0.6217512 0.6350219 0.6308909 0.6415596 0.6291275 0.6257425 0.6281949 0.6200906 0.6265812 0.5282695 0.6818916 0.5461908 0.1475254 0.1669000 0.0101447 0.0000000 0.1332088 0.1451948 0.1447258 0.1360248 0.1491492 0.0819599 0.1376989 0.0954715 0.1537609 0.0965990 0.1536512 0.1360881 0.1214737 0.1647545 0.1851301 0.1541698 0.0934696 0.1688905 0.2583488 0.2550209 0.4943742 0.5002535 0.5214851 0.5560851 0.5177383 0.5058546 0.5049737 0.3173897 0.2882727 0.3422549 0.4916644 0.7038550 0.7059655 0.6902440 0.7114784 0.7100838 0.7126574 0.7233644 0.7630798 0.8645488 0.5683224 
S0013_G6968_R1_A 0.7829105 0.8573877 0.8472943 0.5967537 0.6171976 0.6026403 0.6114270 0.5955012 0.5992225 0.5996366 0.5980185 0.6017333 0.5649125 0.6856372 0.5752060 0.1205367 0.1241653 0.1291839 0.1332088 0.0000000 0.1105712 0.1057291 0.1178371 0.1111915 0.1071445 0.1205371 0.1202062 0.1226897 0.1115011 0.1098269 0.1078865 0.1312932 0.1319829 0.1422180 0.1531390 0.1169457 0.1316367 0.2221452 0.2122351 0.5031156 0.5041401 0.5267579 0.5394177 0.4773757 0.4741766 0.4733996 0.2901063 0.2559209 0.3176494 0.4101682 0.6559578 0.6579215 0.6423793 0.6702795 0.6647390 0.6801771 0.6699672 0.7262939 0.8420967 0.4930139 
S0023_G6968_R1_A 0.7030377 0.7411057 0.7411047 0.5764643 0.5887907 0.5857181 0.5895032 0.5786332 0.5810785 0.5841980 0.5795198 0.5807691 0.5424304 0.7093584 0.5567539 0.0512675 0.0643199 0.1441340 0.1451948 0.1105712 0.0000000 0.0421057 0.1286324 0.0472763 0.0998125 0.0633254 0.1084984 0.0435051 0.1294196 0.0460867 0.0376214 0.1298229 0.0526696 0.0725933 0.1451188 0.1071738 0.0558487 0.1600703 0.1541161 0.4991271 0.5034496 0.5117860 0.4049984 0.3425430 0.3338866 0.3353355 0.1816519 0.1536357 0.2127699 0.2968819 0.5947827 0.5962999 0.5691329 0.5964356 0.5856149 0.5990392 0.5901930 0.6583256 0.6984445 0.3501936 
S0020_G6968_R1_U 0.7061445 0.7474973 0.7466862 0.5748004 0.5889665 0.5810172 0.5822068 0.5748451 0.5776517 0.5786858 0.5759798 0.5744136 0.5656243 0.7550768 0.5810440 0.0539764 0.0626078 0.1436677 0.1447258 0.1057291 0.0421057 0.0000000 0.1270064 0.0518846 0.1013309 0.0631435 0.1159567 0.0524940 0.1334802 0.0463519 0.0421677 0.1323691 0.0626577 0.0700377 0.1460802 0.1101492 0.0606094 0.1595711 0.1536801 0.5033866 0.5078135 0.5119237 0.3849890 0.3403171 0.3278948 0.3277820 0.1901456 0.1642366 0.2117487 0.2911468 0.5931272 0.5946448 0.5608480 0.5865564 0.5773454 0.5890378 0.5836553 0.6424956 0.6486808 0.3417675 
S0019_G6968_R1_A 0.8508907 0.9174627 0.9138929 0.6229594 0.6406406 0.6353085 0.6332903 0.6210651 0.6278624 0.6304384 0.6246353 0.6256014 0.5454833 0.7299861 0.5640936 0.1451860 0.1574588 0.1320448 0.1360248 0.1178371 0.1286324 0.1270064 0.0000000 0.1398099 0.0898820 0.1100281 0.1055114 0.1412155 0.1263016 0.1380667 0.1289572 0.1171653 0.1461069 0.1684767 0.1484397 0.0922005 0.1509855 0.2555252 0.2423639 0.5136000 0.5196746 0.5470658 0.5928156 0.5242997 0.5034680 0.5025942 0.3079278 0.2818068 0.3515183 0.4787345 0.7049988 0.7071236 0.6079198 0.6749753 0.6541265 0.6799238 0.6548382 0.7164397 0.8900815 0.5271788 
S0022_G6968_R1_A 0.6823026 0.7303318 0.7303898 0.6025847 0.6100598 0.6081356 0.6085248 0.6001625 0.5996510 0.6019121 0.6017378 0.6049553 0.5460776 0.7928306 0.5643203 0.0587883 0.0688960 0.1464161 0.1491492 0.1111915 0.0472763 0.0518846 0.1398099 0.0000000 0.1049372 0.0648993 0.1192960 0.0512372 0.1540974 0.0470308 0.0382672 0.1311141 0.0602715 0.0764766 0.1464764 0.1161853 0.0615695 0.1606357 0.1577529 0.5108704 0.5152856 0.5273467 0.3969161 0.3405376 0.3257105 0.3256076 0.1858781 0.1699509 0.2080182 0.3011688 0.6037821 0.6053367 0.5699345 0.5950341 0.5852536 0.5967691 0.5909131 0.6618689 0.6587374 0.3488410 
S0016_G6968_R1_A 0.7603704 0.8139345 0.8127753 0.5733523 0.5890636 0.5849410 0.5939951 0.5807201 0.5775966 0.5742258 0.5731718 0.5764105 0.5357764 0.6224441 0.5570600 0.1115672 0.1266138 0.0816992 0.0819599 0.1071445 0.0998125 0.1013309 0.0898820 0.1049372 0.0000000 0.1193307 0.0598326 0.1106017 0.0606662 0.0980356 0.0919161 0.0927663 0.1151396 0.1394031 0.1352413 0.0746870 0.1161407 0.2177919 0.2069701 0.4849380 0.4901172 0.5155990 0.5298870 0.4730812 0.4650662 0.4643422 0.2768696 0.2451192 0.2975875 0.4077900 0.6353712 0.6371868 0.6498139 0.6633720 0.6618240 0.6699274 0.6686576 0.7290426 0.7978179 0.5178119 
S0002_G6968_R1_A 0.6510591 0.6786728 0.6803765 0.5315818 0.5426173 0.5349311 0.5442593 0.5313002 0.5326233 0.5322185 0.5298293 0.5311692 0.5570203 0.6113664 0.5674620 0.0718222 0.0883705 0.1353961 0.1376989 0.1205371 0.0633254 0.0631435 0.1100281 0.0648993 0.1193307 0.0000000 0.1173341 0.0734855 0.1047907 0.0654836 0.0615842 0.1449921 0.0742846 0.0933260 0.1554916 0.1232521 0.0812472 0.1732972 0.1727627 0.5293009 0.5350167 0.5381706 0.4339099 0.3681749 0.3804470 0.3834609 0.2132306 0.1767187 0.2246170 0.3452061 0.5532417 0.5547045 0.5928211 0.5908534 0.5978429 0.5946599 0.6008331 0.6644516 0.6933503 0.3614775 
S0046_G6968_R1_A 0.7390911 0.7969736 0.7984496 0.5823081 0.6015350 0.5931245 0.6052755 0.5937992 0.5886098 0.5882756 0.5812592 0.5888418 0.5118327 0.6246033 0.5284625 0.1233182 0.1382633 0.0961839 0.0954715 0.1202062 0.1084984 0.1159567 0.1055114 0.1192960 0.0598326 0.1173341 0.0000000 0.1226299 0.0727971 0.1144263 0.1058304 0.0971054 0.1277041 0.1504307 0.1424521 0.0790927 0.1283098 0.2326458 0.2173981 0.4729725 0.4786940 0.5033413 0.5377562 0.4778465 0.4672261 0.4682174 0.2690599 0.2439950 0.3030766 0.4345973 0.6559107 0.6578623 0.6697923 0.6744985 0.6741991 0.6806513 0.6799993 0.7294648 0.8349847 0.5008739 
S0026_G6968_R1_A 0.6926349 0.7460119 0.7470103 0.5689019 0.5829298 0.5798918 0.5805087 0.5728115 0.5810856 0.5833917 0.5786926 0.5752495 0.5641950 0.7303669 0.5766647 0.0617579 0.0668810 0.1518199 0.1537609 0.1226897 0.0435051 0.0524940 0.1412155 0.0512372 0.1106017 0.0734855 0.1226299 0.0000000 0.1376351 0.0504792 0.0423455 0.1395243 0.0619841 0.0764645 0.1559421 0.1195386 0.0645981 0.1656961 0.1611398 0.5125194 0.5169257 0.5234893 0.4088287 0.3486425 0.3432231 0.3430533 0.1836243 0.1621543 0.2129803 0.3059296 0.6007127 0.6006861 0.5798384 0.6083100 0.6023237 0.6139806 0.6023315 0.6747149 0.6808701 0.3625243 
S0036_G6968_R1_U 0.7960919 0.8737832 0.8722091 0.6167399 0.6297024 0.6259913 0.6368218 0.6252304 0.6205346 0.6229239 0.6210615 0.6172493 0.5036255 0.7934918 0.5185348 0.1368696 0.1625264 0.0973590 0.0965990 0.1115011 0.1294196 0.1334802 0.1263016 0.1540974 0.0606662 0.1047907 0.0727971 0.1376351 0.0000000 0.1621543 0.1408987 0.0967560 0.1467971 0.1613415 0.1552943 0.0695855 0.1544173 0.2418637 0.2350980 0.4533552 0.4593853 0.4770285 0.6217071 0.5763997 0.5600160 0.5588805 0.3081368 0.2883205 0.3742474 0.5333719 0.6519001 0.6543919 0.6317761 0.6617894 0.6460967 0.6578953 0.6514482 0.6942013 0.8943695 0.6140826 
S0028_G6968_R1_A 0.7086344 0.7450142 0.7386627 0.6281257 0.6379855 0.6236351 0.6314726 0.6233365 0.6376397 0.6361124 0.6275700 0.6305005 0.5424226 0.8274637 0.5574214 0.0553004 0.0648002 0.1558803 0.1536512 0.1098269 0.0460867 0.0463519 0.1380667 0.0470308 0.0980356 0.0654836 0.1144263 0.0504792 0.1621543 0.0000000 0.0398142 0.1290142 0.0571131 0.0734063 0.1562845 0.1085098 0.0605391 0.1550383 0.1465449 0.4821625 0.4866372 0.4884880 0.4053075 0.3588565 0.3521557 0.3519665 0.1906983 0.1549519 0.2119788 0.3212798 0.5992302 0.5995989 0.5487493 0.5824563 0.5638951 0.5824706 0.5660931 0.6216381 0.6412355 0.3570160 
S0030_G6968_R1_A 0.6842508 0.7401829 0.7355683 0.5720911 0.5830236 0.5725150 0.5751343 0.5712419 0.5744504 0.5784772 0.5752191 0.5761131 0.5280165 0.7514429 0.5398006 0.0516001 0.0609234 0.1334138 0.1360881 0.1078865 0.0376214 0.0421677 0.1289572 0.0382672 0.0919161 0.0615842 0.1058304 0.0423455 0.1408987 0.0398142 0.0000000 0.1194132 0.0508983 0.0704295 0.1387137 0.1018221 0.0521878 0.1546903 0.1488079 0.4942054 0.4985729 0.5026208 0.3887250 0.3356112 0.3219200 0.3218310 0.1784174 0.1563543 0.1987155 0.2923368 0.5784844 0.5799163 0.5426633 0.5696722 0.5590769 0.5702518 0.5662823 0.6260988 0.6451537 0.3355844 
S0017_G6968_R1_U 0.7533049 0.8043255 0.8003852 0.5882109 0.6044786 0.5980996 0.6063129 0.5939705 0.5920065 0.5903354 0.5863105 0.5916432 0.5522918 0.6194808 0.5662851 0.1350935 0.1439492 0.1215738 0.1214737 0.1312932 0.1298229 0.1323691 0.1171653 0.1311141 0.0927663 0.1449921 0.0971054 0.1395243 0.0967560 0.1290142 0.1194132 0.0000000 0.1452285 0.1662885 0.1633679 0.1036832 0.1468491 0.2337666 0.2243782 0.5099615 0.5152722 0.5405490 0.5323214 0.4766117 0.4618166 0.4610895 0.3102227 0.2731979 0.3232891 0.4320354 0.6218884 0.6274776 0.6520595 0.6582716 0.6597488 0.6637939 0.6625970 0.7105786 0.8015370 0.4841324 
S0021_G6968_R1_A 0.7300027 0.7586702 0.7609346 0.5994756 0.6141115 0.6089305 0.6128738 0.6016367 0.6051863 0.6075388 0.6026121 0.6020796 0.5439586 0.7233176 0.5583325 0.0707840 0.0815032 0.1627813 0.1647545 0.1319829 0.0526696 0.0626577 0.1461069 0.0602715 0.1151396 0.0742846 0.1277041 0.0619841 0.1467971 0.0571131 0.0508983 0.1452285 0.0000000 0.0907262 0.1577642 0.1240733 0.0257084 0.1747147 0.1693186 0.5336728 0.5382066 0.5388210 0.4096827 0.3798258 0.3543052 0.3540301 0.1999097 0.1729987 0.2259850 0.3187195 0.6121899 0.6137881 0.5855044 0.6156174 0.6081465 0.6197725 0.6136398 0.6605501 0.6707463 0.3659863 
S0037_G6968_R1_A 0.7140091 0.7534860 0.7511138 0.5748533 0.5869998 0.5839128 0.5877237 0.5732486 0.5913982 0.5877501 0.5808010 0.5845028 0.5885225 0.7753958 0.6067352 0.0631344 0.0770617 0.1830805 0.1851301 0.1422180 0.0725933 0.0700377 0.1684767 0.0764766 0.1394031 0.0933260 0.1504307 0.0764645 0.1613415 0.0734063 0.0704295 0.1662885 0.0907262 0.0000000 0.1796824 0.1440367 0.0935860 0.1804706 0.1758182 0.5575913 0.5622920 0.5527615 0.4414512 0.3720220 0.3652695 0.3650201 0.2214634 0.1917471 0.2377754 0.3199910 0.6003460 0.6048734 0.5894965 0.6036761 0.5917276 0.6065511 0.5979494 0.6512237 0.7139650 0.3541499 
S0012_G6968_R1_A 0.7898218 0.8521592 0.8566811 0.6441837 0.6645335 0.6575720 0.6624455 0.6443250 0.6524443 0.6507746 0.6489794 0.6444510 0.5139602 0.6629448 0.5294372 0.1567132 0.1680047 0.1542019 0.1541698 0.1531390 0.1451188 0.1460802 0.1484397 0.1464764 0.1352413 0.1554916 0.1424521 0.1559421 0.1552943 0.1562845 0.1387137 0.1633679 0.1577642 0.1796824 0.0000000 0.1454838 0.1658134 0.2722275 0.2572266 0.5157825 0.5213188 0.5441655 0.5461555 0.4947392 0.4799235 0.4791503 0.3097120 0.2692150 0.3348102 0.4588703 0.7109401 0.7131636 0.6782163 0.7149941 0.7010315 0.7143092 0.7135981 0.7611628 0.8517792 0.5322281 
S0011_G6968_R1_A 0.7719719 0.8086538 0.8099569 0.5975753 0.6142103 0.6074977 0.6084701 0.6010742 0.6045158 0.6070703 0.5985205 0.6031696 0.5248741 0.6046825 0.5341046 0.1229894 0.1324257 0.0933269 0.0934696 0.1169457 0.1071738 0.1101492 0.0922005 0.1161853 0.0746870 0.1232521 0.0790927 0.1195386 0.0695855 0.1085098 0.1018221 0.1036832 0.1240733 0.1440367 0.1454838 0.0000000 0.1269309 0.2301472 0.2122795 0.4888646 0.4925358 0.5206367 0.5305333 0.4773441 0.4758410 0.4750632 0.2820984 0.2410832 0.2963982 0.4109025 0.6306763 0.6364798 0.6494971 0.6746558 0.6786922 0.6779784 0.6865673 0.7523652 0.8425312 0.4730269 
S0021_G6968_R2_A 0.7172119 0.7592638 0.7613502 0.5858471 0.6000392 0.5986643 0.6025006 0.5915302 0.5937662 0.5936226 0.5888999 0.5883473 0.5455420 0.7478457 0.5600234 0.0708416 0.0828104 0.1668938 0.1688905 0.1316367 0.0558487 0.0606094 0.1509855 0.0615695 0.1161407 0.0812472 0.1283098 0.0645981 0.1544173 0.0605391 0.0521878 0.1468491 0.0257084 0.0935860 0.1658134 0.1269309 0.0000000 0.1761704 0.1747342 0.5056529 0.5100639 0.5273397 0.3986469 0.3632348 0.3393281 0.3391122 0.1966682 0.1705056 0.2231702 0.3081536 0.6089798 0.6105570 0.5805129 0.6051915 0.5971426 0.6109340 0.6072615 0.6525539 0.6502865 0.3665929 
S0004_G6968_R1_A 0.7395176 0.7658416 0.7631594 0.5971743 0.6098498 0.6012575 0.6015230 0.5960981 0.5932130 0.5934385 0.5888365 0.6016159 0.6095857 0.7856833 0.6325455 0.1642117 0.1776930 0.2579018 0.2583488 0.2221452 0.1600703 0.1595711 0.2555252 0.1606357 0.2177919 0.1732972 0.2326458 0.1656961 0.2418637 0.1550383 0.1546903 0.2337666 0.1747147 0.1804706 0.2722275 0.2301472 0.1761704 0.0000000 0.0513566 0.5704823 0.5735662 0.5925449 0.4810145 0.4429597 0.4286167 0.4281260 0.2781564 0.2704352 0.2990700 0.3757405 0.6349008 0.6423164 0.6128010 0.6398675 0.6269332 0.6394422 0.6421695 0.6655513 0.6550739 0.3967321 
S0004_G6968_R2_A 0.7552660 0.7902157 0.7851640 0.5944931 0.6049403 0.6002973 0.6005579 0.5930929 0.5941458 0.5963721 0.5935080 0.5988955 0.5949274 0.7756174 0.6174040 0.1629149 0.1754886 0.2526696 0.2550209 0.2122351 0.1541161 0.1536801 0.2423639 0.1577529 0.2069701 0.1727627 0.2173981 0.1611398 0.2350980 0.1465449 0.1488079 0.2243782 0.1693186 0.1758182 0.2572266 0.2122795 0.1747342 0.0513566 0.0000000 0.5797197 0.5791782 0.5854060 0.4672733 0.4421710 0.4279826 0.4274967 0.2867374 0.2702255 0.2978648 0.3735959 0.6346666 0.6420350 0.6119826 0.6308020 0.6180357 0.6302812 0.6291390 0.6639648 0.6571371 0.4061851 
S0009_G6968_R1_A 0.8861828 0.9666979 0.9781133 0.7822728 0.7871633 0.7757123 0.8038435 0.7883668 0.7916475 0.7874814 0.7912400 0.7909385 0.5812587 0.6676951 0.5810092 0.5163819 0.5327691 0.4857672 0.4943742 0.5031156 0.4991271 0.5033866 0.5136000 0.5108704 0.4849380 0.5293009 0.4729725 0.5125194 0.4533552 0.4821625 0.4942054 0.5099615 0.5336728 0.5575913 0.5157825 0.4888646 0.5056529 0.5704823 0.5797197 0.0000000 0.0028567 0.1903497 0.3803509 0.3490526 0.2752395 0.2751127 0.5068417 0.4892412 0.4412604 0.2868367 0.7845521 0.7759409 0.8003595 0.8382292 0.8470964 0.8404600 0.8310356 0.9083665 0.8323262 0.6814829 
S0010_G6968_R1_A 0.8944991 0.9694668 0.9809162 0.7815137 0.7864081 0.7749569 0.8031089 0.7876225 0.7909030 0.7867346 0.7904987 0.7901916 0.5843328 0.6681485 0.5840792 0.5207695 0.5373201 0.4916295 0.5002535 0.5041401 0.5034496 0.5078135 0.5196746 0.5152856 0.4901172 0.5350167 0.4786940 0.5169257 0.4593853 0.4866372 0.4985729 0.5152722 0.5382066 0.5622920 0.5213188 0.4925358 0.5100639 0.5735662 0.5791782 0.0028567 0.0000000 0.1905970 0.3824567 0.3509894 0.2756965 0.2755674 0.5114258 0.4920681 0.4423184 0.2873576 0.7939250 0.7852028 0.8033289 0.8412268 0.8501457 0.8435023 0.8340582 0.9116491 0.8333934 0.6848329 
S0014_G6968_R1_A 0.9106247 0.9725704 0.9764955 0.8754879 0.8780926 0.8778198 0.8869734 0.8837419 0.8884072 0.8737046 0.8814442 0.8874656 0.6455194 0.7431490 0.6569070 0.5280723 0.5423071 0.5166310 0.5214851 0.5267579 0.5117860 0.5119237 0.5470658 0.5273467 0.5155990 0.5381706 0.5033413 0.5234893 0.4770285 0.4884880 0.5026208 0.5405490 0.5388210 0.5527615 0.5441655 0.5206367 0.5273397 0.5925449 0.5854060 0.1903497 0.1905970 0.0000000 0.3533546 0.3294740 0.2380929 0.2368232 0.5004097 0.4643818 0.4342435 0.2505644 0.8759704 0.8658389 0.8748562 0.9069397 0.9176654 0.9096296 0.9129107 0.9826895 0.7968466 0.6732038 
S0034_G6968_R1_A 0.8287833 0.8819545 0.8963682 0.8610002 0.8574539 0.8511931 0.8635209 0.8616842 0.8565923 0.8632134 0.8719816 0.8515294 0.6715397 1.0396604 0.6741584 0.4176275 0.4141419 0.5627874 0.5560851 0.5394177 0.4049984 0.3849890 0.5928156 0.3969161 0.5298870 0.4339099 0.5377562 0.4088287 0.6217071 0.4053075 0.3887250 0.5323214 0.4096827 0.4414512 0.5461555 0.5305333 0.3986469 0.4810145 0.4672733 0.3803509 0.3824567 0.3533546 0.0000000 0.1663820 0.1962289 0.1963693 0.3758988 0.3647909 0.2877338 0.2414441 0.7532975 0.7385848 0.6744980 0.7397583 0.7192311 0.7248302 0.7067783 0.7117759 0.5942858 0.4674341 
S0015_G6968_R1_A 0.7866756 0.8522014 0.8679771 0.7997180 0.8069544 0.7931604 0.8135956 0.8063667 0.8073530 0.8071661 0.8134747 0.7953305 0.5741825 0.9073902 0.5734079 0.3511285 0.3465291 0.5224043 0.5177383 0.4773757 0.3425430 0.3403171 0.5242997 0.3405376 0.4730812 0.3681749 0.4778465 0.3486425 0.5763997 0.3588565 0.3356112 0.4766117 0.3798258 0.3720220 0.4947392 0.4773441 0.3632348 0.4429597 0.4421710 0.3490526 0.3509894 0.3294740 0.1663820 0.0000000 0.1553250 0.1567910 0.3127991 0.3290330 0.2845900 0.2311106 0.7409413 0.7338344 0.6732253 0.7159285 0.7133956 0.7162864 0.7052216 0.7095608 0.5994053 0.5047251 
S0008_G6968_R1_A 0.8082832 0.8510884 0.8585210 0.7943819 0.7893062 0.7777455 0.7803397 0.7828841 0.7898080 0.7912024 0.7994049 0.7915902 0.5723651 0.8757968 0.5808626 0.3430916 0.3509134 0.5176865 0.5058546 0.4741766 0.3338866 0.3278948 0.5034680 0.3257105 0.4650662 0.3804470 0.4672261 0.3432231 0.5600160 0.3521557 0.3219200 0.4618166 0.3543052 0.3652695 0.4799235 0.4758410 0.3393281 0.4286167 0.4279826 0.2752395 0.2756965 0.2380929 0.1962289 0.1553250 0.0000000 0.0000010 0.3102661 0.3036725 0.2794509 0.1580689 0.7452690 0.7320178 0.6488262 0.7140430 0.6947117 0.6885882 0.6883351 0.7235932 0.5519345 0.4115690 
S0008_G6968_R2_A 0.8142715 0.8566640 0.8640923 0.8003212 0.7952321 0.7836323 0.7862195 0.7887466 0.7931482 0.7971080 0.8053374 0.7975153 0.5736055 0.8883479 0.5821268 0.3428607 0.3507215 0.5167574 0.5049737 0.4733996 0.3353355 0.3277820 0.5025942 0.3256076 0.4643422 0.3834609 0.4682174 0.3430533 0.5588805 0.3519665 0.3218310 0.4610895 0.3540301 0.3650201 0.4791503 0.4750632 0.3391122 0.4281260 0.4274967 0.2751127 0.2755674 0.2368232 0.1963693 0.1567910 0.0000010 0.0000000 0.3129694 0.3052990 0.2795057 0.1572701 0.7487697 0.7355289 0.6527519 0.7177441 0.6985456 0.6923389 0.6921790 0.7275380 0.5526475 0.4154106 
S0005_G6968_R1_A 0.7635899 0.8053932 0.8074369 0.6381300 0.6588108 0.6506554 0.6470609 0.6435804 0.6536729 0.6461570 0.6498469 0.6440967 0.5839673 0.8054598 0.5848487 0.1879166 0.2059882 0.3178625 0.3173897 0.2901063 0.1816519 0.1901456 0.3079278 0.1858781 0.2768696 0.2132306 0.2690599 0.1836243 0.3081368 0.1906983 0.1784174 0.3102227 0.1999097 0.2214634 0.3097120 0.2820984 0.1966682 0.2781564 0.2867374 0.5068417 0.5114258 0.5004097 0.3758988 0.3127991 0.3102661 0.3129694 0.0000000 0.1260658 0.1548043 0.2661680 0.6572171 0.6523111 0.6146205 0.6584683 0.6533995 0.6564349 0.6452266 0.6997716 0.6200523 0.3272394 
S0035_G6968_R1_A 0.7655006 0.8277471 0.8282044 0.6304827 0.6538944 0.6510831 0.6510868 0.6437461 0.6361450 0.6418705 0.6334846 0.6400907 0.4648521 0.6890891 0.4811725 0.1663583 0.1775403 0.2877875 0.2882727 0.2559209 0.1536357 0.1642366 0.2818068 0.1699509 0.2451192 0.1767187 0.2439950 0.1621543 0.2883205 0.1549519 0.1563543 0.2731979 0.1729987 0.1917471 0.2692150 0.2410832 0.1705056 0.2704352 0.2702255 0.4892412 0.4920681 0.4643818 0.3647909 0.3290330 0.3036725 0.3052990 0.1260658 0.0000000 0.2053611 0.3044445 0.6311468 0.6281750 0.6016444 0.6328165 0.6319377 0.6493090 0.6237486 0.6637770 0.5858711 0.3574996 
S0033_G6968_R1_A 0.7948128 0.8169078 0.8351411 0.7060964 0.7272281 0.7040614 0.7030543 0.7118176 0.7109002 0.7205455 0.7221319 0.7151067 0.4891300 0.7842886 0.5014649 0.2112317 0.2176209 0.3434414 0.3422549 0.3176494 0.2127699 0.2117487 0.3515183 0.2080182 0.2975875 0.2246170 0.3030766 0.2129803 0.3742474 0.2119788 0.1987155 0.3232891 0.2259850 0.2377754 0.3348102 0.2963982 0.2231702 0.2990700 0.2978648 0.4412604 0.4423184 0.4342435 0.2877338 0.2845900 0.2794509 0.2795057 0.1548043 0.2053611 0.0000000 0.2782139 0.6655826 0.6597436 0.6167938 0.6520453 0.6472952 0.6515846 0.6373834 0.6526438 0.6205852 0.3804490 
S0027_G6968_R1_A 0.6859775 0.7301234 0.7354479 0.7562640 0.7482413 0.7367994 0.7537990 0.7528179 0.7601503 0.7529579 0.7614821 0.7477487 0.4398763 0.8018179 0.4430286 0.3035228 0.3049696 0.5162744 0.4916644 0.4101682 0.2968819 0.2911468 0.4787345 0.3011688 0.4077900 0.3452061 0.4345973 0.3059296 0.5333719 0.3212798 0.2923368 0.4320354 0.3187195 0.3199910 0.4588703 0.4109025 0.3081536 0.3757405 0.3735959 0.2868367 0.2873576 0.2505644 0.2414441 0.2311106 0.1580689 0.1572701 0.2661680 0.3044445 0.2782139 0.0000000 0.6755882 0.6576400 0.5664213 0.6174146 0.5715466 0.6106195 0.5662259 0.5961136 0.4929385 0.4868325 
S0025_G6968_R1_A 0.7219141 0.7827536 0.7828410 0.6112359 0.6232141 0.6312569 0.6394570 0.6400162 0.6200325 0.6110711 0.6283435 0.6052645 0.7993443 1.0244597 0.8181012 0.5743314 0.6014466 0.6980045 0.7038550 0.6559578 0.5947827 0.5931272 0.7049988 0.6037821 0.6353712 0.5532417 0.6559107 0.6007127 0.6519001 0.5992302 0.5784844 0.6218884 0.6121899 0.6003460 0.7109401 0.6306763 0.6089798 0.6349008 0.6346666 0.7845521 0.7939250 0.8759704 0.7532975 0.7409413 0.7452690 0.7487697 0.6572171 0.6311468 0.6655826 0.6755882 0.0000000 0.0069179 0.0328993 0.1335961 0.1224532 0.1413052 0.1027916 0.1741451 0.5747516 0.6229848 
S0025_G6968_R2_A 0.7256515 0.7913811 0.7914701 0.6192908 0.6302703 0.6407587 0.6467625 0.6473383 0.6250771 0.6179706 0.6354718 0.6132594 0.7971588 1.0011619 0.8191363 0.5786834 0.6059822 0.7007015 0.7059655 0.6579215 0.5962999 0.5946448 0.7071236 0.6053367 0.6371868 0.5547045 0.6578623 0.6006861 0.6543919 0.5995989 0.5799163 0.6274776 0.6137881 0.6048734 0.7131636 0.6364798 0.6105570 0.6423164 0.6420350 0.7759409 0.7852028 0.8658389 0.7385848 0.7338344 0.7320178 0.7355289 0.6523111 0.6281750 0.6597436 0.6576400 0.0069179 0.0000000 0.0329026 0.1287174 0.1195692 0.1386188 0.1028595 0.1709736 0.5814804 0.6306790 
S0029_G6968_R1_A 0.6982946 0.7364422 0.7405055 0.5917487 0.5964108 0.6128899 0.6164353 0.6190459 0.5940391 0.5865861 0.6109534 0.5847119 0.7886665 0.8708580 0.8101992 0.5604168 0.5852629 0.6838689 0.6902440 0.6423793 0.5691329 0.5608480 0.6079198 0.5699345 0.6498139 0.5928211 0.6697923 0.5798384 0.6317761 0.5487493 0.5426633 0.6520595 0.5855044 0.5894965 0.6782163 0.6494971 0.5805129 0.6128010 0.6119826 0.8003595 0.8033289 0.8748562 0.6744980 0.6732253 0.6488262 0.6527519 0.6146205 0.6016444 0.6167938 0.5664213 0.0328993 0.0329026 0.0000000 0.1240709 0.1199821 0.1328425 0.0969807 0.1753300 0.5265833 0.5589337 
S0024_G6968_R1_A 0.6893652 0.7438576 0.7477123 0.6112446 0.6270164 0.6485107 0.6517748 0.6423038 0.6134438 0.6095717 0.6288480 0.6030648 0.8178801 0.9283029 0.8444904 0.5937104 0.6101658 0.7138261 0.7114784 0.6702795 0.5964356 0.5865564 0.6749753 0.5950341 0.6633720 0.5908534 0.6744985 0.6083100 0.6617894 0.5824563 0.5696722 0.6582716 0.6156174 0.6036761 0.7149941 0.6746558 0.6051915 0.6398675 0.6308020 0.8382292 0.8412268 0.9069397 0.7397583 0.7159285 0.7140430 0.7177441 0.6584683 0.6328165 0.6520453 0.6174146 0.1335961 0.1287174 0.1240709 0.0000000 0.0171601 0.0196933 0.0510410 0.0959658 0.5726430 0.5762284 
S0032_G6968_R2_N 0.7022342 0.7477062 0.7516321 0.5896460 0.5997493 0.6279689 0.6275884 0.6248450 0.5923757 0.5884876 0.6078034 0.5815433 0.8248002 0.9224612 0.8518481 0.5908249 0.6032558 0.7101679 0.7100838 0.6647390 0.5856149 0.5773454 0.6541265 0.5852536 0.6618240 0.5978429 0.6741991 0.6023237 0.6460967 0.5638951 0.5590769 0.6597488 0.6081465 0.5917276 0.7010315 0.6786922 0.5971426 0.6269332 0.6180357 0.8470964 0.8501457 0.9176654 0.7192311 0.7133956 0.6947117 0.6985456 0.6533995 0.6319377 0.6472952 0.5715466 0.1224532 0.1195692 0.1199821 0.0171601 0.0000000 0.0196813 0.0420892 0.0891015 0.5539707 0.5758056 
S0024_G6968_R2_A 0.7010886 0.7521939 0.7561021 0.5923035 0.6055056 0.6302774 0.6299073 0.6271899 0.5950220 0.5911723 0.6103024 0.5842678 0.8167624 0.9272140 0.8440502 0.5980141 0.6112687 0.7145917 0.7126574 0.6801771 0.5990392 0.5890378 0.6799238 0.5967691 0.6699274 0.5946599 0.6806513 0.6139806 0.6578953 0.5824706 0.5702518 0.6637939 0.6197725 0.6065511 0.7143092 0.6779784 0.6109340 0.6394422 0.6302812 0.8404600 0.8435023 0.9096296 0.7248302 0.7162864 0.6885882 0.6923389 0.6564349 0.6493090 0.6515846 0.6106195 0.1413052 0.1386188 0.1328425 0.0196933 0.0196813 0.0000000 0.0549209 0.0981753 0.5735729 0.5816044 
S0032_G6968_R1_N 0.6951306 0.7287708 0.7326357 0.6052315 0.6133725 0.6352070 0.6317912 0.6389977 0.6057906 0.6018380 0.6241470 0.5856161 0.8211429 0.9185973 0.8448747 0.5844908 0.6020066 0.7255297 0.7233644 0.6699672 0.5901930 0.5836553 0.6548382 0.5909131 0.6686576 0.6008331 0.6799993 0.6023315 0.6514482 0.5660931 0.5662823 0.6625970 0.6136398 0.5979494 0.7135981 0.6865673 0.6072615 0.6421695 0.6291390 0.8310356 0.8340582 0.9129107 0.7067783 0.7052216 0.6883351 0.6921790 0.6452266 0.6237486 0.6373834 0.5662259 0.1027916 0.1028595 0.0969807 0.0510410 0.0420892 0.0549209 0.0000000 0.1031953 0.5385497 0.5638107 
S0001_G6968_R1_A 0.7536111 0.7885772 0.7928088 0.5873421 0.5944362 0.6189102 0.6212327 0.6183199 0.5924691 0.5884963 0.6034099 0.5761913 0.8287654 0.9315530 0.8533133 0.6401426 0.6489652 0.7581185 0.7630798 0.7262939 0.6583256 0.6424956 0.7164397 0.6618689 0.7290426 0.6644516 0.7294648 0.6747149 0.6942013 0.6216381 0.6260988 0.7105786 0.6605501 0.6512237 0.7611628 0.7523652 0.6525539 0.6655513 0.6639648 0.9083665 0.9116491 0.9826895 0.7117759 0.7095608 0.7235932 0.7275380 0.6997716 0.6637770 0.6526438 0.5961136 0.1741451 0.1709736 0.1753300 0.0959658 0.0891015 0.0981753 0.1031953 0.0000000 0.5630711 0.5755243 
S0049_G6968_R1_A 0.6857935 0.7022927 0.7025289 0.6418461 0.6472503 0.6431555 0.6542760 0.6524304 0.6384454 0.6386978 0.6358577 0.6307485 0.6567922 0.9176024 0.6773823 0.6727045 0.6693296 0.8819669 0.8645488 0.8420967 0.6984445 0.6486808 0.8900815 0.6587374 0.7978179 0.6933503 0.8349847 0.6808701 0.8943695 0.6412355 0.6451537 0.8015370 0.6707463 0.7139650 0.8517792 0.8425312 0.6502865 0.6550739 0.6571371 0.8323262 0.8333934 0.7968466 0.5942858 0.5994053 0.5519345 0.5526475 0.6200523 0.5858711 0.6205852 0.4929385 0.5747516 0.5814804 0.5265833 0.5726430 0.5539707 0.5735729 0.5385497 0.5630711 0.0000000 0.4540418 
S0006_G6968_R1_A 0.6961351 0.7050437 0.7069483 0.6940850 0.6964263 0.7103272 0.7143939 0.6968863 0.7068817 0.7084051 0.7059309 0.6962461 0.4609971 0.8082193 0.4686028 0.3540257 0.3547824 0.5683640 0.5683224 0.4930139 0.3501936 0.3417675 0.5271788 0.3488410 0.5178119 0.3614775 0.5008739 0.3625243 0.6140826 0.3570160 0.3355844 0.4841324 0.3659863 0.3541499 0.5322281 0.4730269 0.3665929 0.3967321 0.4061851 0.6814829 0.6848329 0.6732038 0.4674341 0.5047251 0.4115690 0.4154106 0.3272394 0.3574996 0.3804490 0.4868325 0.6229848 0.6306790 0.5589337 0.5762284 0.5758056 0.5816044 0.5638107 0.5755243 0.4540418 0.0000000 
