53
S0039_G6995_R1_A 0.0000000 0.0033428 0.3834853 0.3791706 0.3686867 0.3679903 0.3475419 0.3548046 0.3463172 0.3672659 0.3451007 0.3569248 0.3699577 0.3647513 0.3920423 0.3701310 0.3546418 0.3948008 0.3653417 0.3439672 0.3653286 0.3652999 0.3724915 0.3473595 0.3681836 0.3824618 0.3452883 0.3868131 0.3029679 0.3126765 0.3281169 0.3281169 0.4122118 0.3974558 0.3814668 0.4138641 0.4102644 0.7453448 0.7140581 0.7166667 0.7238676 0.7158778 0.7685505 0.5235875 0.6443641 0.8563232 0.8489022 0.8570933 0.8617789 0.8468402 0.8660604 0.8536323 0.8584322 
S0051_G6995_R1_A 0.0033428 0.0000000 0.3709875 0.3667538 0.3609220 0.3556500 0.3337742 0.3425778 0.3341737 0.3588932 0.3327951 0.3445200 0.3574237 0.3522751 0.3794648 0.3576627 0.3423292 0.3737423 0.3483372 0.3317286 0.3530285 0.3529393 0.3600949 0.3350829 0.3558151 0.3698850 0.3328816 0.3792635 0.2966467 0.2944492 0.3122668 0.3122668 0.4036503 0.3974050 0.3812071 0.4089841 0.3980527 0.7408300 0.7203497 0.7120946 0.7192467 0.7111905 0.7481282 0.5259772 0.6219300 0.8290525 0.8274585 0.8296381 0.8343318 0.8194599 0.8385247 0.8320778 0.8309663 
S0018_G6995_R1_A 0.3834853 0.3709875 0.0000000 0.0237614 0.0496705 0.0399998 0.0400057 0.0381228 0.0545648 0.0382459 0.0457715 0.0310494 0.0422237 0.0365269 0.0493550 0.0402286 0.0384787 0.1077951 0.0857999 0.0495053 0.0568123 0.0548343 0.0550754 0.0364200 0.0548012 0.0292101 0.0387606 0.0939200 0.1365859 0.1511384 0.1864927 0.1864927 0.1981469 0.2089875 0.2073003 0.1927384 0.2011115 0.4813290 0.4738290 0.4435313 0.4660724 0.4565147 0.5213478 0.3793577 0.5272688 0.6765092 0.6908863 0.6963690 0.6625406 0.6933190 0.6995470 0.6903086 0.7219623 
S0031_G6995_R1_A 0.3791706 0.3667538 0.0237614 0.0000000 0.0348024 0.0255989 0.0291194 0.0273080 0.0397203 0.0273948 0.0366353 0.0238697 0.0311827 0.0274066 0.0363157 0.0310026 0.0275580 0.0988207 0.0773806 0.0346912 0.0435283 0.0452865 0.0454850 0.0256205 0.0435138 0.0290859 0.0313391 0.0837302 0.1291975 0.1437396 0.1637658 0.1637658 0.1918805 0.2010997 0.1993216 0.1816021 0.1847528 0.4725130 0.4649139 0.4354490 0.4574889 0.4403398 0.5117031 0.3681320 0.5332776 0.6798532 0.6841736 0.6997854 0.6658647 0.6967290 0.7029733 0.6937363 0.7254745 
S0022_G6995_R1_A 0.3686867 0.3609220 0.0496705 0.0348024 0.0000000 0.0348035 0.0347135 0.0310126 0.0510689 0.0366651 0.0462790 0.0330321 0.0388067 0.0366838 0.0476129 0.0404041 0.0331713 0.1033768 0.0837473 0.0441091 0.0532894 0.0570729 0.0591143 0.0311510 0.0457003 0.0497219 0.0408501 0.0924824 0.1246496 0.1567007 0.1811632 0.1811632 0.2002261 0.2107324 0.2033631 0.2080994 0.1855296 0.4790687 0.4715325 0.4489856 0.4686779 0.4621594 0.5137639 0.3816673 0.5527797 0.6563010 0.6601914 0.6755902 0.6425492 0.6726004 0.6786880 0.6695046 0.7004381 
S0016_G6995_R1_A 0.3679903 0.3556500 0.0399998 0.0255989 0.0348035 0.0000000 0.0274070 0.0256020 0.0379991 0.0256834 0.0348920 0.0221649 0.0276069 0.0221886 0.0381873 0.0292811 0.0276687 0.0969450 0.0755457 0.0365592 0.0417903 0.0454558 0.0474083 0.0239129 0.0397641 0.0382968 0.0295992 0.0859335 0.1242241 0.1458207 0.1659291 0.1659291 0.1977657 0.2024826 0.2007290 0.2025103 0.1755847 0.4512830 0.4433995 0.4229480 0.4397201 0.4349494 0.4839800 0.3566760 0.4970925 0.6548691 0.6587206 0.6740542 0.6411773 0.6710786 0.6734218 0.6679870 0.6987640 
S0026_G6995_R1_A 0.3475419 0.3337742 0.0400057 0.0291194 0.0347135 0.0274070 0.0000000 0.0237453 0.0380007 0.0256843 0.0312880 0.0221650 0.0294532 0.0256950 0.0381924 0.0292829 0.0205465 0.0865801 0.0732311 0.0365636 0.0400684 0.0418123 0.0437435 0.0169128 0.0380551 0.0383019 0.0278706 0.0792329 0.1128205 0.1364059 0.1580430 0.1580430 0.1864871 0.1990512 0.1972612 0.1919011 0.1801182 0.4695998 0.4619101 0.4400009 0.4576531 0.4528194 0.5033123 0.3670171 0.5196349 0.6532312 0.6668722 0.6723724 0.6395557 0.6694014 0.6754481 0.6663027 0.6970256 
S0030_G6995_R1_A 0.3548046 0.3425778 0.0381228 0.0273080 0.0310126 0.0256020 0.0237453 0.0000000 0.0397251 0.0238866 0.0330269 0.0203879 0.0240807 0.0238962 0.0327436 0.0274604 0.0239708 0.0880176 0.0729254 0.0346924 0.0418063 0.0435490 0.0454864 0.0202963 0.0343414 0.0346922 0.0277578 0.0853279 0.1150990 0.1362277 0.1578198 0.1578198 0.1770106 0.1914785 0.1896008 0.1816278 0.1840425 0.4759387 0.4666745 0.4445590 0.4623008 0.4574910 0.5168896 0.3770171 0.5142954 0.6490639 0.6626682 0.6682077 0.6353481 0.6652307 0.6654288 0.6620961 0.6928657 
S0012_G6995_R1_A 0.3463172 0.3341737 0.0545648 0.0397203 0.0510689 0.0379991 0.0380007 0.0397251 0.0000000 0.0398530 0.0438105 0.0362354 0.0401813 0.0362760 0.0490116 0.0435829 0.0383625 0.1093816 0.0833230 0.0453546 0.0509428 0.0453420 0.0436259 0.0344455 0.0563837 0.0528593 0.0440596 0.0935833 0.1214081 0.1519804 0.1681933 0.1681933 0.2114445 0.2240835 0.2225871 0.2171528 0.1851337 0.4566301 0.4487750 0.4308043 0.4479817 0.4325584 0.5012998 0.3732832 0.5355092 0.6883254 0.6867338 0.7021693 0.6685848 0.6991448 0.6953346 0.6962005 0.7276138 
S0028_G6995_R1_A 0.3672659 0.3588932 0.0382459 0.0273948 0.0366651 0.0256834 0.0256843 0.0238866 0.0398530 0.0000000 0.0331340 0.0204525 0.0277085 0.0239722 0.0364372 0.0275482 0.0241036 0.0886045 0.0776484 0.0348046 0.0419420 0.0436904 0.0419702 0.0221967 0.0400190 0.0365417 0.0278475 0.0856237 0.1274338 0.1442782 0.1692039 0.1692039 0.1904886 0.2054534 0.2037335 0.1923150 0.1811880 0.4687588 0.4562341 0.4392000 0.4568218 0.4519878 0.5080353 0.3741147 0.5352622 0.6641036 0.6782404 0.6837926 0.6501407 0.6807516 0.6869504 0.6776604 0.7091651 
S0046_G6995_R1_A 0.3451007 0.3327951 0.0457715 0.0366353 0.0462790 0.0348920 0.0312880 0.0330269 0.0438105 0.0331340 0.0000000 0.0258804 0.0294260 0.0312020 0.0439252 0.0348639 0.0315901 0.1021797 0.0802846 0.0425762 0.0479220 0.0459763 0.0497139 0.0277297 0.0458160 0.0461182 0.0352465 0.0908872 0.1303474 0.1462357 0.1727408 0.1727408 0.2033450 0.2127003 0.2151365 0.2036865 0.1820489 0.4823159 0.4748307 0.4520528 0.4701936 0.4653564 0.5291404 0.3773118 0.5347444 0.6673008 0.6915680 0.6970476 0.6632073 0.6939967 0.7002271 0.6909903 0.7164498 
S0011_G6995_R1_A 0.3569248 0.3445200 0.0310494 0.0238697 0.0330321 0.0221649 0.0221650 0.0203879 0.0362354 0.0204525 0.0258804 0.0000000 0.0187927 0.0151547 0.0272961 0.0186234 0.0223770 0.0885809 0.0736429 0.0311910 0.0382857 0.0400275 0.0419489 0.0187021 0.0363849 0.0329219 0.0153446 0.0818196 0.1203868 0.1417363 0.1665440 0.1665440 0.1862641 0.1973530 0.1993978 0.1909779 0.1783812 0.4664742 0.4587021 0.4369209 0.4545214 0.4496689 0.5089733 0.3745870 0.5284757 0.6795842 0.6941560 0.6996715 0.6654862 0.6965908 0.7028846 0.6935724 0.7255670 
S0036_G6995_R2_A 0.3699577 0.3574237 0.0422237 0.0311827 0.0388067 0.0276069 0.0294532 0.0240807 0.0401813 0.0277085 0.0294260 0.0187927 0.0000000 0.0222691 0.0311306 0.0258373 0.0297372 0.0979888 0.0803619 0.0387460 0.0386295 0.0439688 0.0459273 0.0259130 0.0405159 0.0387556 0.0261183 0.0909761 0.1235769 0.1520936 0.1710435 0.1710435 0.1864263 0.2059364 0.2041982 0.1937054 0.1803050 0.4849228 0.4774378 0.4589837 0.4726974 0.4726331 0.5245001 0.3749280 0.5422973 0.6902394 0.7001069 0.7106126 0.6722509 0.7013786 0.7077136 0.7005102 0.7305840 
S0019_G6995_R1_A 0.3647513 0.3522751 0.0365269 0.0274066 0.0366838 0.0221886 0.0256950 0.0238962 0.0362760 0.0239722 0.0312020 0.0151547 0.0222691 0.0000000 0.0254555 0.0100333 0.0259409 0.0865256 0.0737385 0.0348217 0.0419651 0.0437150 0.0456611 0.0222054 0.0400404 0.0365603 0.0205540 0.0841093 0.1210660 0.1445066 0.1695728 0.1695728 0.1945984 0.2029252 0.2081543 0.1993737 0.1766111 0.4760002 0.4683708 0.4459125 0.4639005 0.4590388 0.5192436 0.3770336 0.5279436 0.6926587 0.7076165 0.7131042 0.6784314 0.7099873 0.7124569 0.7070292 0.7394715 
S0002_G6995_R1_A 0.3920423 0.3794648 0.0493550 0.0363157 0.0476129 0.0381873 0.0381924 0.0327436 0.0490116 0.0364372 0.0439252 0.0272961 0.0311306 0.0254555 0.0000000 0.0290074 0.0349227 0.1080250 0.0878413 0.0476468 0.0436975 0.0529709 0.0549746 0.0346184 0.0529346 0.0476561 0.0329782 0.1027709 0.1392315 0.1495007 0.1699705 0.1699705 0.1994332 0.2048505 0.2069580 0.2094471 0.1965721 0.4883105 0.4727235 0.4576574 0.4760746 0.4712239 0.5323151 0.3755832 0.5539122 0.6982529 0.7133557 0.7188231 0.6839901 0.7156954 0.7221040 0.7127684 0.7453545 
S0020_G6995_R1_A 0.3701310 0.3576627 0.0402286 0.0310026 0.0404041 0.0292811 0.0292829 0.0274604 0.0435829 0.0275482 0.0348639 0.0186234 0.0258373 0.0100333 0.0290074 0.0000000 0.0295636 0.0911559 0.0755013 0.0385193 0.0457170 0.0474762 0.0494489 0.0257633 0.0437667 0.0402667 0.0223213 0.0818323 0.1249117 0.1474373 0.1724319 0.1724319 0.2002027 0.2064543 0.2118038 0.2028558 0.1841467 0.4653141 0.4575365 0.4471539 0.4533966 0.4485524 0.5076589 0.3852640 0.5178066 0.6938188 0.7088392 0.7143344 0.6795541 0.7134735 0.7198839 0.7082514 0.7407947 
S0023_G6995_R1_A 0.3546418 0.3423292 0.0384787 0.0275580 0.0331713 0.0276687 0.0205465 0.0239708 0.0383625 0.0241036 0.0315901 0.0223770 0.0297372 0.0259409 0.0349227 0.0295636 0.0000000 0.0893105 0.0678831 0.0369151 0.0404523 0.0422120 0.0422276 0.0170735 0.0384179 0.0367641 0.0298878 0.0824614 0.1188585 0.1402793 0.1664689 0.1664689 0.1854728 0.2002901 0.1985066 0.1946938 0.1727723 0.4614746 0.4536789 0.4278431 0.4495983 0.4401518 0.4982556 0.3722026 0.5284672 0.6696246 0.6839492 0.6895013 0.6555824 0.6864389 0.6926862 0.6833667 0.7151214 
S0033_G6995_R1_A 0.3948008 0.3737423 0.1077951 0.0988207 0.1033768 0.0969450 0.0865801 0.0880176 0.1093816 0.0886045 0.1021797 0.0885809 0.0979888 0.0865256 0.1080250 0.0911559 0.0893105 0.0000000 0.1053886 0.1084155 0.1127844 0.1076053 0.1053800 0.0865925 0.1076317 0.1041221 0.0921984 0.1151986 0.1423132 0.1531418 0.2014689 0.2014689 0.2383426 0.2317957 0.2336658 0.2334086 0.2258946 0.5373848 0.5176207 0.5082848 0.5241342 0.5279521 0.5631154 0.3998156 0.5360608 0.7710380 0.7974282 0.7981413 0.7643556 0.7947787 0.8017664 0.7968028 0.8278058 
S0005_G6995_R1_A 0.3653417 0.3483372 0.0857999 0.0773806 0.0837473 0.0755457 0.0732311 0.0729254 0.0833230 0.0776484 0.0802846 0.0736429 0.0803619 0.0737385 0.0878413 0.0755013 0.0678831 0.1053886 0.0000000 0.0903573 0.0916115 0.0937723 0.0941885 0.0693480 0.0856631 0.0840428 0.0783736 0.0942926 0.1234797 0.1689041 0.1934606 0.1934606 0.2109927 0.2153864 0.2114916 0.2037616 0.1848751 0.4983150 0.4874371 0.4798561 0.4858709 0.4809913 0.5268521 0.3965377 0.5095438 0.6798505 0.6984816 0.7059830 0.6856693 0.6968000 0.7030717 0.7040544 0.7256736 
S0004_G6995_R1_A 0.3439672 0.3317286 0.0495053 0.0346912 0.0441091 0.0365592 0.0365636 0.0346924 0.0453546 0.0348046 0.0425762 0.0311910 0.0387460 0.0348217 0.0476468 0.0385193 0.0369151 0.1084155 0.0903573 0.0000000 0.0495897 0.0513612 0.0533646 0.0312502 0.0513250 0.0477852 0.0369809 0.0944346 0.1392349 0.1561573 0.1714372 0.1714372 0.2076515 0.2242249 0.2227163 0.2072871 0.1855697 0.4689117 0.4669839 0.4423631 0.4600908 0.4529259 0.5114834 0.3846072 0.5696780 0.6839495 0.6884839 0.6939547 0.6603146 0.6809151 0.6908821 0.6778507 0.7090986 
S0013_G6995_R1_A 0.3653286 0.3530285 0.0568123 0.0435283 0.0532894 0.0417903 0.0400684 0.0418063 0.0509428 0.0419420 0.0479220 0.0382857 0.0386295 0.0419651 0.0436975 0.0457170 0.0404523 0.1127844 0.0916115 0.0495897 0.0000000 0.0438152 0.0457659 0.0364768 0.0531370 0.0513490 0.0442136 0.1007915 0.1383095 0.1555382 0.1819229 0.1819229 0.2037366 0.2254455 0.2188129 0.2184746 0.1943116 0.5096838 0.4911099 0.4828482 0.4972924 0.4973684 0.5463982 0.3955245 0.5501122 0.7020332 0.7107554 0.7226775 0.6877536 0.7195440 0.7259685 0.7125750 0.7493072 
S0050_G6995_R1_A 0.3652999 0.3529393 0.0548343 0.0452865 0.0570729 0.0454558 0.0418123 0.0435490 0.0453420 0.0436904 0.0459763 0.0400275 0.0439688 0.0437150 0.0529709 0.0474762 0.0422120 0.1076053 0.0937723 0.0513612 0.0438152 0.0000000 0.0185718 0.0382155 0.0604267 0.0548929 0.0479991 0.1027118 0.1388125 0.1600575 0.1818389 0.1818389 0.2058411 0.2181196 0.2165540 0.2061484 0.1875186 0.4915053 0.4761319 0.4640975 0.4904852 0.4777442 0.5385477 0.3807819 0.5405120 0.6854716 0.6909414 0.7056774 0.6713445 0.6842893 0.6904759 0.6996015 0.7126731 
S0048_G6995_R1_A 0.3724915 0.3600949 0.0550754 0.0454850 0.0591143 0.0474083 0.0437435 0.0454864 0.0436259 0.0419702 0.0497139 0.0419489 0.0459273 0.0456611 0.0549746 0.0494489 0.0422276 0.1053800 0.0941885 0.0533646 0.0457659 0.0185718 0.0000000 0.0401256 0.0624749 0.0551346 0.0499954 0.1008786 0.1312608 0.1503112 0.1728112 0.1728112 0.2149607 0.2308682 0.2294503 0.2237814 0.1920567 0.5002632 0.4848625 0.4645196 0.4831215 0.4782952 0.5311235 0.3887288 0.5355190 0.6721933 0.6823842 0.6921342 0.6581286 0.6710393 0.6771702 0.6860060 0.6990655 
S0021_G6995_R1_A 0.3473595 0.3350829 0.0364200 0.0256205 0.0311510 0.0239129 0.0169128 0.0202963 0.0344455 0.0221967 0.0277297 0.0187021 0.0259130 0.0222054 0.0346184 0.0257633 0.0170735 0.0865925 0.0693480 0.0312502 0.0364768 0.0382155 0.0401256 0.0000000 0.0344944 0.0347176 0.0260428 0.0776922 0.1112694 0.1324614 0.1586810 0.1586810 0.1901571 0.2051108 0.2033867 0.1956288 0.1751625 0.4864186 0.4708727 0.4559668 0.4742507 0.4694171 0.5301267 0.3828023 0.5200359 0.6650747 0.6791728 0.6825109 0.6572321 0.6816681 0.6878440 0.6785958 0.7099821 
S0017_G6995_R1_A 0.3681836 0.3558151 0.0548012 0.0435138 0.0457003 0.0397641 0.0380551 0.0343414 0.0563837 0.0400190 0.0458160 0.0363849 0.0405159 0.0400404 0.0529346 0.0437667 0.0384179 0.1076317 0.0856631 0.0513250 0.0531370 0.0604267 0.0624749 0.0344944 0.0000000 0.0530881 0.0442476 0.0985828 0.1219973 0.1595577 0.1752310 0.1752310 0.2028610 0.2137617 0.2147618 0.2045950 0.1994555 0.4818539 0.4744745 0.4626842 0.4729545 0.4762751 0.5236455 0.3816165 0.5227031 0.6319684 0.6450538 0.6506052 0.6258187 0.6476848 0.6536130 0.6444866 0.6746038 
S0037_G6995_R1_A 0.3824618 0.3698850 0.0292101 0.0290859 0.0497219 0.0382968 0.0383019 0.0346922 0.0528593 0.0365417 0.0461182 0.0329219 0.0387556 0.0365603 0.0476561 0.0402667 0.0367641 0.1041221 0.0840428 0.0477852 0.0513490 0.0548929 0.0551346 0.0347176 0.0530881 0.0000000 0.0407096 0.0988877 0.1370761 0.1519957 0.1897874 0.1897874 0.1963955 0.2080562 0.2063457 0.1909507 0.2006921 0.4938519 0.4715093 0.4521094 0.4751882 0.4655196 0.5315977 0.3759179 0.5318137 0.6634423 0.6676748 0.6732835 0.6397842 0.6702513 0.6886068 0.6670932 0.6984725 
S0036_G6995_R1_U 0.3452883 0.3328816 0.0387606 0.0313391 0.0408501 0.0295992 0.0278706 0.0277578 0.0440596 0.0278475 0.0352465 0.0153446 0.0261183 0.0205540 0.0329782 0.0223213 0.0298878 0.0921984 0.0783736 0.0369809 0.0442136 0.0479991 0.0499954 0.0260428 0.0442476 0.0407096 0.0000000 0.0913314 0.1218268 0.1462753 0.1767159 0.1767159 0.1945516 0.2056117 0.2055491 0.1934470 0.1832066 0.4717170 0.4639727 0.4478220 0.4596068 0.4547179 0.5192099 0.3673614 0.5168492 0.6615567 0.6757578 0.6854408 0.6474858 0.6783047 0.6845476 0.6629601 0.7069058 
S0035_G6995_R1_A 0.3868131 0.3792635 0.0939200 0.0837302 0.0924824 0.0859335 0.0792329 0.0853279 0.0935833 0.0856237 0.0908872 0.0818196 0.0909761 0.0841093 0.1027709 0.0818323 0.0824614 0.1151986 0.0942926 0.0944346 0.1007915 0.1027118 0.1008786 0.0776922 0.0985828 0.0988877 0.0913314 0.0000000 0.1222017 0.1769100 0.1919159 0.1919159 0.2187793 0.2204978 0.2125489 0.2074974 0.1927383 0.5123077 0.4845522 0.4883244 0.4995630 0.4836151 0.5337147 0.4002936 0.5486994 0.6972942 0.6918210 0.7053872 0.6770519 0.7045306 0.7108796 0.7015469 0.7338250 
S0008_G6995_R1_A 0.3029679 0.2966467 0.1365859 0.1291975 0.1246496 0.1242241 0.1128205 0.1150990 0.1214081 0.1274338 0.1303474 0.1203868 0.1235769 0.1210660 0.1392315 0.1249117 0.1188585 0.1423132 0.1234797 0.1392349 0.1383095 0.1388125 0.1312608 0.1112694 0.1219973 0.1370761 0.1218268 0.1222017 0.0000000 0.1026498 0.1573608 0.1573608 0.2058193 0.2074172 0.1945020 0.2192571 0.2371833 0.5414697 0.5071894 0.5155049 0.5222539 0.5049251 0.5583241 0.3879894 0.5126100 0.7189300 0.7250041 0.7357103 0.7189117 0.7264322 0.7330354 0.7304285 0.7570896 
S0027_G6995_R1_A 0.3126765 0.2944492 0.1511384 0.1437396 0.1567007 0.1458207 0.1364059 0.1362277 0.1519804 0.1442782 0.1462357 0.1417363 0.1520936 0.1445066 0.1495007 0.1474373 0.1402793 0.1531418 0.1689041 0.1561573 0.1555382 0.1600575 0.1503112 0.1324614 0.1595577 0.1519957 0.1462753 0.1769100 0.1026498 0.0000000 0.1269155 0.1269155 0.1989271 0.2307994 0.2137879 0.2309148 0.2478559 0.4914641 0.4706445 0.4650131 0.4740219 0.4659379 0.5127167 0.3950678 0.5325733 0.7223357 0.7430919 0.7407815 0.7080463 0.7192178 0.7194280 0.7411319 0.7293327 
S0009_G6995_R1_A 0.3281169 0.3122668 0.1864927 0.1637658 0.1811632 0.1659291 0.1580430 0.1578198 0.1681933 0.1692039 0.1727408 0.1665440 0.1710435 0.1695728 0.1699705 0.1724319 0.1664689 0.2014689 0.1934606 0.1714372 0.1819229 0.1818389 0.1728112 0.1586810 0.1752310 0.1897874 0.1767159 0.1919159 0.1573608 0.1269155 0.0000000 0.0000010 0.2466975 0.2824765 0.2737536 0.2874774 0.2587450 0.5444386 0.5237302 0.5067990 0.5217622 0.5085639 0.5495379 0.4073237 0.5667242 0.7339067 0.7564872 0.7587345 0.7402992 0.7271471 0.7471375 0.7592511 0.7511115 
S0010_G6995_R1_A 0.3281169 0.3122668 0.1864927 0.1637658 0.1811632 0.1659291 0.1580430 0.1578198 0.1681933 0.1692039 0.1727408 0.1665440 0.1710435 0.1695728 0.1699705 0.1724319 0.1664689 0.2014689 0.1934606 0.1714372 0.1819229 0.1818389 0.1728112 0.1586810 0.1752310 0.1897874 0.1767159 0.1919159 0.1573608 0.1269155 0.0000010 0.0000000 0.2466975 0.2824765 0.2737536 0.2874774 0.2587450 0.5444386 0.5237302 0.5067990 0.5217622 0.5085639 0.5495379 0.4073237 0.5667242 0.7339067 0.7564872 0.7587345 0.7402992 0.7271471 0.7471375 0.7592511 0.7511115 
S0014_G6995_R1_A 0.4122118 0.4036503 0.1981469 0.1918805 0.2002261 0.1977657 0.1864871 0.1770106 0.2114445 0.1904886 0.2033450 0.1862641 0.1864263 0.1945984 0.1994332 0.2002027 0.1854728 0.2383426 0.2109927 0.2076515 0.2037366 0.2058411 0.2149607 0.1901571 0.2028610 0.1963955 0.1945516 0.2187793 0.2058193 0.1989271 0.2466975 0.2466975 0.0000000 0.1222456 0.1267096 0.1030688 0.2942700 0.5566640 0.5124715 0.5131253 0.5497097 0.5234014 0.5715206 0.3793243 0.5778748 0.7573061 0.7733089 0.7771796 0.7443202 0.7696994 0.7699266 0.7822509 0.8015389 
S0009_G6995_R2_A 0.3974558 0.3974050 0.2089875 0.2010997 0.2107324 0.2024826 0.1990512 0.1914785 0.2240835 0.2054534 0.2127003 0.1973530 0.2059364 0.2029252 0.2048505 0.2064543 0.2002901 0.2317957 0.2153864 0.2242249 0.2254455 0.2181196 0.2308682 0.2051108 0.2137617 0.2080562 0.2056117 0.2204978 0.2074172 0.2307994 0.2824765 0.2824765 0.1222456 0.0000000 0.0172812 0.1200076 0.3141212 0.5449362 0.5085841 0.5070240 0.5311245 0.5161979 0.5632089 0.3763660 0.5645705 0.8059456 0.8014957 0.8181357 0.7797013 0.8147569 0.8149948 0.8166702 0.8482268 
S0010_G6995_R2_A 0.3814668 0.3812071 0.2073003 0.1993216 0.2033631 0.2007290 0.1972612 0.1896008 0.2225871 0.2037335 0.2151365 0.1993978 0.2041982 0.2081543 0.2069580 0.2118038 0.1985066 0.2336658 0.2114916 0.2227163 0.2188129 0.2165540 0.2294503 0.2033867 0.2147618 0.2063457 0.2055491 0.2125489 0.1945020 0.2137879 0.2737536 0.2737536 0.1267096 0.0172812 0.0000000 0.1177834 0.3046154 0.5300347 0.4948665 0.4928250 0.5164509 0.5015541 0.5505315 0.3578996 0.5399204 0.8347089 0.8304968 0.8417871 0.8120198 0.8382951 0.8385431 0.8463211 0.8732596 
S0027_G6995_R2_A 0.4138641 0.4089841 0.1927384 0.1816021 0.2080994 0.2025103 0.1919011 0.1816278 0.2171528 0.1923150 0.2036865 0.1909779 0.1937054 0.1993737 0.2094471 0.2028558 0.1946938 0.2334086 0.2037616 0.2072871 0.2184746 0.2061484 0.2237814 0.1956288 0.2045950 0.1909507 0.1934470 0.2074974 0.2192571 0.2309148 0.2874774 0.2874774 0.1030688 0.1200076 0.1177834 0.0000000 0.2967232 0.5217349 0.4835105 0.4889880 0.5153391 0.4892492 0.5563225 0.3869934 0.5877116 0.8034091 0.8047781 0.8270184 0.7927243 0.8121809 0.8124182 0.8062271 0.8455467 
S0006_G6995_R1_A 0.4102644 0.3980527 0.2011115 0.1847528 0.1855296 0.1755847 0.1801182 0.1840425 0.1851337 0.1811880 0.1820489 0.1783812 0.1803050 0.1766111 0.1965721 0.1841467 0.1727723 0.2258946 0.1848751 0.1855697 0.1943116 0.1875186 0.1920567 0.1751625 0.1994555 0.2006921 0.1832066 0.1927383 0.2371833 0.2478559 0.2587450 0.2587450 0.2942700 0.3141212 0.3046154 0.2967232 0.0000000 0.5444610 0.5415830 0.5287873 0.5539734 0.5543981 0.6012292 0.4388604 0.6567631 0.8965968 0.9184951 0.9198423 0.8872852 0.9236844 0.9266397 0.9191468 0.9406599 
S0025_G6995_R1_A 0.7453448 0.7408300 0.4813290 0.4725130 0.4790687 0.4512830 0.4695998 0.4759387 0.4566301 0.4687588 0.4823159 0.4664742 0.4849228 0.4760002 0.4883105 0.4653141 0.4614746 0.5373848 0.4983150 0.4689117 0.5096838 0.4915053 0.5002632 0.4864186 0.4818539 0.4938519 0.4717170 0.5123077 0.5414697 0.4914641 0.5444386 0.5444386 0.5566640 0.5449362 0.5300347 0.5217349 0.5444610 0.0000000 0.0261177 0.0384856 0.0255312 0.0445127 0.0697027 0.4638428 0.4999673 0.9409442 0.9113846 0.9619648 0.8996376 0.9480938 0.9328851 0.9338507 0.9841401 
S0029_G6995_R1_A 0.7140581 0.7203497 0.4738290 0.4649139 0.4715325 0.4433995 0.4619101 0.4666745 0.4487750 0.4562341 0.4748307 0.4587021 0.4774378 0.4683708 0.4727235 0.4575365 0.4536789 0.5176207 0.4874371 0.4669839 0.4911099 0.4761319 0.4848625 0.4708727 0.4744745 0.4715093 0.4639727 0.4845522 0.5071894 0.4706445 0.5237302 0.5237302 0.5124715 0.5085841 0.4948665 0.4835105 0.5415830 0.0261177 0.0000000 0.0338584 0.0207942 0.0411219 0.0594117 0.4240718 0.4799908 0.8934777 0.8523834 0.8986242 0.8455062 0.8878243 0.8743329 0.8735053 0.9223863 
S0032_G6995_R2_N 0.7166667 0.7120946 0.4435313 0.4354490 0.4489856 0.4229480 0.4400009 0.4445590 0.4308043 0.4392000 0.4520528 0.4369209 0.4589837 0.4459125 0.4576574 0.4471539 0.4278431 0.5082848 0.4798561 0.4423631 0.4828482 0.4640975 0.4645196 0.4559668 0.4626842 0.4521094 0.4478220 0.4883244 0.5155049 0.4650131 0.5067990 0.5067990 0.5131253 0.5070240 0.4928250 0.4889880 0.5287873 0.0384856 0.0338584 0.0000000 0.0222996 0.0207947 0.0626416 0.4496171 0.4705586 0.8504447 0.8162238 0.8505450 0.7946789 0.8380429 0.8243655 0.8244611 0.8695102 
S0032_G6995_R1_N 0.7238676 0.7192467 0.4660724 0.4574889 0.4686779 0.4397201 0.4576531 0.4623008 0.4479817 0.4568218 0.4701936 0.4545214 0.4726974 0.4639005 0.4760746 0.4533966 0.4495983 0.5241342 0.4858709 0.4600908 0.4972924 0.4904852 0.4831215 0.4742507 0.4729545 0.4751882 0.4596068 0.4995630 0.5222539 0.4740219 0.5217622 0.5217622 0.5497097 0.5311245 0.5164509 0.5153391 0.5539734 0.0255312 0.0207942 0.0222996 0.0000000 0.0297614 0.0483476 0.4552560 0.4854142 0.8905195 0.8502619 0.8982064 0.8388966 0.8849634 0.8704630 0.8709215 0.9187691 
S0024_G6995_R1_A 0.7158778 0.7111905 0.4565147 0.4403398 0.4621594 0.4349494 0.4528194 0.4574910 0.4325584 0.4519878 0.4653564 0.4496689 0.4726331 0.4590388 0.4712239 0.4485524 0.4401518 0.5279521 0.4809913 0.4529259 0.4973684 0.4777442 0.4782952 0.4694171 0.4762751 0.4655196 0.4547179 0.4836151 0.5049251 0.4659379 0.5085639 0.5085639 0.5234014 0.5161979 0.5015541 0.4892492 0.5543981 0.0445127 0.0411219 0.0207947 0.0297614 0.0000000 0.0634368 0.4528181 0.4684949 0.8504783 0.8152971 0.8505814 0.7931599 0.8377257 0.8249197 0.8237576 0.8700929 
S0001_G6995_R1_A 0.7685505 0.7481282 0.5213478 0.5117031 0.5137639 0.4839800 0.5033123 0.5168896 0.5012998 0.5080353 0.5291404 0.5089733 0.5245001 0.5192436 0.5323151 0.5076589 0.4982556 0.5631154 0.5268521 0.5114834 0.5463982 0.5385477 0.5311235 0.5301267 0.5236455 0.5315977 0.5192099 0.5337147 0.5583241 0.5127167 0.5495379 0.5495379 0.5715206 0.5632089 0.5505315 0.5563225 0.6012292 0.0697027 0.0594117 0.0626416 0.0483476 0.0634368 0.0000000 0.4864225 0.5098211 0.8793210 0.8510602 0.8869294 0.8277044 0.8736964 0.8592107 0.8718694 0.9073717 
S0049_G6995_R1_A 0.5235875 0.5259772 0.3793577 0.3681320 0.3816673 0.3566760 0.3670171 0.3770171 0.3732832 0.3741147 0.3773118 0.3745870 0.3749280 0.3770336 0.3755832 0.3852640 0.3722026 0.3998156 0.3965377 0.3846072 0.3955245 0.3807819 0.3887288 0.3828023 0.3816165 0.3759179 0.3673614 0.4002936 0.3879894 0.3950678 0.4073237 0.4073237 0.3793243 0.3763660 0.3578996 0.3869934 0.4388604 0.4638428 0.4240718 0.4496171 0.4552560 0.4528181 0.4864225 0.0000000 0.5208569 0.8245156 0.7970182 0.8117502 0.7904028 0.8229105 0.8340638 0.8043123 0.8621280 
S0003_G6995_R1_N 0.6443641 0.6219300 0.5272688 0.5332776 0.5527797 0.4970925 0.5196349 0.5142954 0.5355092 0.5352622 0.5347444 0.5284757 0.5422973 0.5279436 0.5539122 0.5178066 0.5284672 0.5360608 0.5095438 0.5696780 0.5501122 0.5405120 0.5355190 0.5200359 0.5227031 0.5318137 0.5168492 0.5486994 0.5126100 0.5325733 0.5667242 0.5667242 0.5778748 0.5645705 0.5399204 0.5877116 0.6567631 0.4999673 0.4799908 0.4705586 0.4854142 0.4684949 0.5098211 0.5208569 0.0000000 0.7260170 0.7149853 0.7319356 0.7106161 0.7283028 0.7336993 0.7437797 0.7637040 
S0042_G6995_R1_N 0.8563232 0.8290525 0.6765092 0.6798532 0.6563010 0.6548691 0.6532312 0.6490639 0.6883254 0.6641036 0.6673008 0.6795842 0.6902394 0.6926587 0.6982529 0.6938188 0.6696246 0.7710380 0.6798505 0.6839495 0.7020332 0.6854716 0.6721933 0.6650747 0.6319684 0.6634423 0.6615567 0.6972942 0.7189300 0.7223357 0.7339067 0.7339067 0.7573061 0.8059456 0.8347089 0.8034091 0.8965968 0.9409442 0.8934777 0.8504447 0.8905195 0.8504783 0.8793210 0.8245156 0.7260170 0.0000000 0.0276030 0.0363428 0.0382190 0.0363683 0.0439113 0.0328012 0.0366130 
S0040_G6995_R1_N 0.8489022 0.8274585 0.6908863 0.6841736 0.6601914 0.6587206 0.6668722 0.6626682 0.6867338 0.6782404 0.6915680 0.6941560 0.7001069 0.7076165 0.7133557 0.7088392 0.6839492 0.7974282 0.6984816 0.6884839 0.7107554 0.6909414 0.6823842 0.6791728 0.6450538 0.6676748 0.6757578 0.6918210 0.7250041 0.7430919 0.7564872 0.7564872 0.7733089 0.8014957 0.8304968 0.8047781 0.9184951 0.9113846 0.8523834 0.8162238 0.8502619 0.8152971 0.8510602 0.7970182 0.7149853 0.0276030 0.0000000 0.0294340 0.0330325 0.0222166 0.0276172 0.0240575 0.0241748 
S0044_G6995_R1_N 0.8570933 0.8296381 0.6963690 0.6997854 0.6755902 0.6740542 0.6723724 0.6682077 0.7021693 0.6837926 0.6970476 0.6996715 0.7106126 0.7131042 0.7188231 0.7143344 0.6895013 0.7981413 0.7059830 0.6939547 0.7226775 0.7056774 0.6921342 0.6825109 0.6506052 0.6732835 0.6854408 0.7053872 0.7357103 0.7407815 0.7587345 0.7587345 0.7771796 0.8181357 0.8417871 0.8270184 0.9198423 0.9619648 0.8986242 0.8505450 0.8982064 0.8505814 0.8869294 0.8117502 0.7319356 0.0363428 0.0294340 0.0000000 0.0309538 0.0327588 0.0402178 0.0220632 0.0348432 
S0038_G6995_R1_A 0.8617789 0.8343318 0.6625406 0.6658647 0.6425492 0.6411773 0.6395557 0.6353481 0.6685848 0.6501407 0.6632073 0.6654862 0.6722509 0.6784314 0.6839901 0.6795541 0.6555824 0.7643556 0.6856693 0.6603146 0.6877536 0.6713445 0.6581286 0.6572321 0.6258187 0.6397842 0.6474858 0.6770519 0.7189117 0.7080463 0.7402992 0.7402992 0.7443202 0.7797013 0.8120198 0.7927243 0.8872852 0.8996376 0.8455062 0.7946789 0.8388966 0.7931599 0.8277044 0.7904028 0.7106161 0.0382190 0.0330325 0.0309538 0.0000000 0.0363551 0.0438941 0.0274481 0.0384846 
S0047_G6995_R1_N 0.8468402 0.8194599 0.6933190 0.6967290 0.6726004 0.6710786 0.6694014 0.6652307 0.6991448 0.6807516 0.6939967 0.6965908 0.7013786 0.7099873 0.7156954 0.7134735 0.6864389 0.7947787 0.6968000 0.6809151 0.7195440 0.6842893 0.6710393 0.6816681 0.6476848 0.6702513 0.6783047 0.7045306 0.7264322 0.7192178 0.7271471 0.7271471 0.7696994 0.8147569 0.8382951 0.8121809 0.9236844 0.9480938 0.8878243 0.8380429 0.8849634 0.8377257 0.8736964 0.8229105 0.7283028 0.0363683 0.0222166 0.0327588 0.0363551 0.0000000 0.0100831 0.0238703 0.0100789 
S0043_G6995_R1_N 0.8660604 0.8385247 0.6995470 0.7029733 0.6786880 0.6734218 0.6754481 0.6654288 0.6953346 0.6869504 0.7002271 0.7028846 0.7077136 0.7124569 0.7221040 0.7198839 0.6926862 0.8017664 0.7030717 0.6908821 0.7259685 0.6904759 0.6771702 0.6878440 0.6536130 0.6886068 0.6845476 0.7108796 0.7330354 0.7194280 0.7471375 0.7471375 0.7699266 0.8149948 0.8385431 0.8124182 0.9266397 0.9328851 0.8743329 0.8243655 0.8704630 0.8249197 0.8592107 0.8340638 0.7336993 0.0439113 0.0276172 0.0402178 0.0438941 0.0100831 0.0000000 0.0311234 0.0170323 
S0045_G6995_R1_A 0.8536323 0.8320778 0.6903086 0.6937363 0.6695046 0.6679870 0.6663027 0.6620961 0.6962005 0.6776604 0.6909903 0.6935724 0.7005102 0.7070292 0.7127684 0.7082514 0.6833667 0.7968028 0.7040544 0.6778507 0.7125750 0.6996015 0.6860060 0.6785958 0.6444866 0.6670932 0.6629601 0.7015469 0.7304285 0.7411319 0.7592511 0.7592511 0.7822509 0.8166702 0.8463211 0.8062271 0.9191468 0.9338507 0.8735053 0.8244611 0.8709215 0.8237576 0.8718694 0.8043123 0.7437797 0.0328012 0.0240575 0.0220632 0.0274481 0.0238703 0.0311234 0.0000000 0.0275540 
S0041_G6995_R1_N 0.8584322 0.8309663 0.7219623 0.7254745 0.7004381 0.6987640 0.6970256 0.6928657 0.7276138 0.7091651 0.7164498 0.7255670 0.7305840 0.7394715 0.7453545 0.7407947 0.7151214 0.8278058 0.7256736 0.7090986 0.7493072 0.7126731 0.6990655 0.7099821 0.6746038 0.6984725 0.7069058 0.7338250 0.7570896 0.7293327 0.7511115 0.7511115 0.8015389 0.8482268 0.8732596 0.8455467 0.9406599 0.9841401 0.9223863 0.8695102 0.9187691 0.8700929 0.9073717 0.8621280 0.7637040 0.0366130 0.0241748 0.0348432 0.0384846 0.0100789 0.0170323 0.0275540 0.0000000 
