52
S0039_G7128_R1_A 0.0000000 0.0146376 0.1882077 0.2037480 0.2016043 0.2180645 0.2199831 0.1895489 0.3843748 0.4853206 0.3741445 0.3830810 0.3049547 0.3054478 0.3132791 0.3163611 0.3118012 0.3157533 0.3614753 0.2991138 0.3288096 0.3585953 0.3061850 0.3759383 0.3119265 0.3586240 0.3739102 0.3106565 0.3259041 0.3146927 0.3574755 0.3723022 0.3663873 0.3287194 0.4078189 0.5273228 0.5411940 0.5383939 0.5439410 0.5454929 0.5462937 0.8340002 0.7275679 0.7943140 0.7943140 0.7973558 0.7783411 0.7957951 0.7696356 0.8036328 0.8001919 0.7856656 
S0051_G7128_R1_A 0.0146376 0.0000000 0.1893179 0.2025492 0.2086780 0.2246701 0.2149114 0.1957926 0.3895664 0.4760663 0.3839324 0.3947747 0.3062041 0.3065467 0.3144113 0.3175158 0.3149669 0.3169037 0.3604909 0.3042380 0.3320969 0.3657314 0.3074152 0.3749951 0.3150948 0.3576326 0.3729601 0.3158522 0.3270988 0.3158412 0.3591448 0.3686722 0.3585218 0.3320066 0.4025206 0.5430643 0.5572807 0.5493027 0.5549069 0.5565055 0.5531985 0.8374531 0.7379734 0.8148683 0.8148683 0.8139998 0.7945990 0.8123906 0.7856215 0.8204306 0.8169239 0.7982669 
S0009_G7128_R1_A 0.1882077 0.1893179 0.0000000 0.1036445 0.1192035 0.1291874 0.1445694 0.1149324 0.2337180 0.4535183 0.3279701 0.3306278 0.2700535 0.2804784 0.2746964 0.2837906 0.2891989 0.2873032 0.3318661 0.2809899 0.2965236 0.3129615 0.2796095 0.3384565 0.2780276 0.3118626 0.3201883 0.2870717 0.2933111 0.2834417 0.3264668 0.3493988 0.3175860 0.2977300 0.3521662 0.4846328 0.4794345 0.4995713 0.5093027 0.5015831 0.5183176 0.7822848 0.6688867 0.7402419 0.7402419 0.7360733 0.7515573 0.7406268 0.7212881 0.7495561 0.7723803 0.7306599 
S0014_G7128_R1_A 0.2037480 0.2025492 0.1036445 0.0000000 0.1138541 0.1082017 0.1344870 0.1017428 0.3004093 0.4444899 0.3412164 0.3281053 0.2858888 0.2991712 0.3008474 0.3062198 0.3045687 0.3084619 0.3434102 0.2979791 0.3179343 0.3215516 0.2964732 0.3500805 0.2931758 0.3330896 0.3362963 0.2977554 0.3066307 0.3071893 0.3482810 0.3675441 0.3358920 0.3170998 0.3682112 0.5337246 0.5255892 0.5312247 0.5381739 0.5355893 0.5539571 0.8050602 0.7447562 0.7537513 0.7537513 0.7570023 0.7540886 0.7615609 0.7384153 0.7666238 0.7751098 0.7511795 
S0015_G7128_R1_A 0.2016043 0.2086780 0.1192035 0.1138541 0.0000000 0.0931017 0.1423389 0.1014230 0.3256926 0.4272420 0.3142760 0.3251901 0.2787851 0.2718916 0.2783475 0.2804980 0.2842097 0.2930637 0.3131228 0.2780933 0.2946125 0.2917096 0.2795134 0.3220419 0.2823738 0.2985602 0.3084387 0.2718333 0.2827015 0.2851215 0.3175912 0.3311455 0.3278751 0.2868592 0.3694996 0.5016811 0.4954442 0.5087596 0.5063152 0.5117950 0.5387384 0.7671644 0.6945249 0.7464896 0.7464896 0.7497324 0.7468063 0.7543008 0.7311310 0.7593726 0.7754350 0.7364535 
S0034_G7128_R1_A 0.2180645 0.2246701 0.1291874 0.1082017 0.0931017 0.0000000 0.1382539 0.1003364 0.3054956 0.4721331 0.3465498 0.3191744 0.2759436 0.2735404 0.2732364 0.2838923 0.2917666 0.2938740 0.3186570 0.2797665 0.2914384 0.2967179 0.2772336 0.3433790 0.2795773 0.3113011 0.3169093 0.2799682 0.2800423 0.2848642 0.3158140 0.3337325 0.3160171 0.2854784 0.3587881 0.5301401 0.5181801 0.5234907 0.5280752 0.5224750 0.5720707 0.8394186 0.7396762 0.6926828 0.6926828 0.6956444 0.6925090 0.6964304 0.6781781 0.7047698 0.7164686 0.6932475 
S0027_G7128_R1_A 0.2199831 0.2149114 0.1445694 0.1344870 0.1423389 0.1382539 0.0000000 0.1271551 0.3407614 0.4362685 0.3509323 0.3213419 0.2813719 0.2775498 0.2719251 0.2860341 0.2939023 0.2893295 0.3247531 0.2844401 0.2976833 0.3145584 0.2935623 0.3345680 0.2922584 0.3221203 0.3237680 0.2792989 0.2977639 0.2861845 0.3326050 0.3402037 0.3333308 0.2960085 0.3366460 0.5174381 0.5048319 0.5281383 0.5328147 0.5270066 0.5421244 0.7899098 0.6965196 0.7648101 0.7648101 0.7627677 0.7612948 0.7756058 0.7449364 0.7786043 0.7796873 0.7649389 
S0008_G7128_R1_A 0.1895489 0.1957926 0.1149324 0.1017428 0.1014230 0.1003364 0.1271551 0.0000000 0.2956808 0.4545675 0.3312070 0.3280054 0.2672753 0.2760695 0.2666466 0.2851975 0.2809565 0.2830634 0.3138395 0.2803458 0.2976950 0.3030552 0.2711824 0.3273558 0.2779487 0.3091351 0.3125147 0.2785941 0.2850871 0.2874479 0.3237005 0.3413143 0.3170147 0.2891515 0.3610078 0.4939764 0.4972174 0.5331651 0.5376545 0.5267403 0.5696411 0.8069301 0.7028437 0.7498198 0.7498198 0.7472052 0.7406769 0.7553917 0.7284823 0.7567334 0.7688779 0.7301430 
S0010_G7128_R1_V 0.3843748 0.3895664 0.2337180 0.3004093 0.3256926 0.3054956 0.3407614 0.2956808 0.0000000 0.5111315 0.4364654 0.5123818 0.4897353 0.4827842 0.4775270 0.4957447 0.4828145 0.4837440 0.5048908 0.4833165 0.4810654 0.4919303 0.4827241 0.5288411 0.4918259 0.5009254 0.4974487 0.5034498 0.4972796 0.4841505 0.5121895 0.5301691 0.5103514 0.5027365 0.5800906 0.7003167 0.6923658 0.7108072 0.7175895 0.7139208 0.7356820 0.8814967 0.7551043 1.1274990 1.1274990 1.1031559 1.1377630 1.1295076 1.1068028 1.1202206 1.1596372 1.1353768 
S0035_G7128_R1_A 0.4853206 0.4760663 0.4535183 0.4444899 0.4272420 0.4721331 0.4362685 0.4545675 0.5111315 0.0000000 0.2389699 0.2254366 0.3480987 0.3502576 0.3563273 0.3710665 0.3897000 0.3811818 0.2623235 0.3717705 0.3758645 0.2374754 0.3686197 0.2584929 0.3781126 0.2597748 0.2594818 0.3649900 0.3762993 0.3683685 0.2510504 0.2691982 0.4218985 0.3819744 0.4378135 0.7666935 0.7243472 0.7323505 0.7431247 0.7451926 0.7894185 0.7821677 0.8826533 1.1690756 1.1690756 1.1718577 1.1832268 1.2041622 1.1499430 1.1856390 1.2017410 1.1807069 
S0005_G7128_R1_A 0.3741445 0.3839324 0.3279701 0.3412164 0.3142760 0.3465498 0.3509323 0.3312070 0.4364654 0.2389699 0.0000000 0.2147817 0.1927758 0.1845096 0.2018420 0.2156854 0.2184345 0.2134372 0.1780416 0.2075230 0.2253959 0.1631934 0.2062931 0.1776308 0.2158792 0.1698744 0.1812828 0.2080792 0.1998206 0.2069984 0.1759171 0.1899185 0.2527526 0.2151411 0.3923135 0.6715138 0.6479166 0.6470111 0.6428105 0.6479162 0.7012704 0.7712344 0.8198652 0.8822773 0.8822773 0.8887163 0.8820905 0.9024056 0.8598526 0.8822702 0.9168844 0.8642314 
S0033_G7128_R1_A 0.3830810 0.3947747 0.3306278 0.3281053 0.3251901 0.3191744 0.3213419 0.3280054 0.5123818 0.2254366 0.2147817 0.0000000 0.2301782 0.2414239 0.2427803 0.2503522 0.2582164 0.2643214 0.2059008 0.2532724 0.2631982 0.1890518 0.2521279 0.2005561 0.2570775 0.2036820 0.2124438 0.2477120 0.2532708 0.2496961 0.1945022 0.2211121 0.2922293 0.2653296 0.3416362 0.5786472 0.5680207 0.5795889 0.5778465 0.5691132 0.6120139 0.7624830 0.8432264 0.8497375 0.8497375 0.8413028 0.8489284 0.8687607 0.8355610 0.8569519 0.8764962 0.8550631 
S0018_G7128_R1_A 0.3049547 0.3062041 0.2700535 0.2858888 0.2787851 0.2759436 0.2813719 0.2672753 0.4897353 0.3480987 0.1927758 0.2301782 0.0000000 0.0268251 0.0473658 0.0510380 0.0593456 0.0580123 0.0496490 0.0491556 0.0630436 0.0490073 0.0500103 0.0481717 0.0607637 0.0482707 0.0554001 0.0600615 0.0496028 0.0667808 0.0572945 0.0598954 0.1026432 0.0580581 0.3076178 0.4844249 0.4809447 0.4865275 0.5048623 0.5028690 0.5326461 0.8265389 0.7316544 0.6663534 0.6663534 0.6756913 0.6698626 0.6828954 0.6660415 0.6738209 0.6943505 0.6663122 
S0031_G7128_R1_A 0.3054478 0.3065467 0.2804784 0.2991712 0.2718916 0.2735404 0.2775498 0.2760695 0.4827842 0.3502576 0.1845096 0.2414239 0.0268251 0.0000000 0.0322682 0.0413378 0.0414546 0.0413154 0.0380289 0.0382922 0.0517945 0.0386298 0.0370232 0.0406830 0.0496485 0.0353386 0.0450526 0.0441886 0.0389380 0.0507580 0.0439219 0.0479341 0.0890626 0.0413754 0.2879626 0.4902476 0.4817027 0.4802101 0.4935152 0.4915093 0.5358296 0.8306886 0.7092696 0.6546456 0.6546456 0.6609629 0.6580713 0.6709277 0.6543402 0.6591460 0.6822104 0.6549932 
S0016_G7128_R1_A 0.3132791 0.3144113 0.2746964 0.3008474 0.2783475 0.2732364 0.2719251 0.2666466 0.4775270 0.3563273 0.2018420 0.2427803 0.0473658 0.0322682 0.0000000 0.0436585 0.0531155 0.0529351 0.0381349 0.0440959 0.0541966 0.0388320 0.0428616 0.0395300 0.0532077 0.0409789 0.0437832 0.0488852 0.0436203 0.0591522 0.0497487 0.0553958 0.0983271 0.0473795 0.3051803 0.4825269 0.4815731 0.4792311 0.4925054 0.4929051 0.5241516 0.8240761 0.7211873 0.6410106 0.6410106 0.6471855 0.6443384 0.6601004 0.6407128 0.6454207 0.6680599 0.6429064 
S0037_G7128_R1_A 0.3163611 0.3175158 0.2837906 0.3062198 0.2804980 0.2838923 0.2860341 0.2851975 0.4957447 0.3710665 0.2156854 0.2503522 0.0510380 0.0413378 0.0436585 0.0000000 0.0591544 0.0554482 0.0507671 0.0512728 0.0543918 0.0444133 0.0487573 0.0465154 0.0615970 0.0480017 0.0564801 0.0584317 0.0506227 0.0652763 0.0598266 0.0655877 0.0946404 0.0603573 0.3138270 0.4972880 0.4973269 0.4953791 0.5090315 0.5070352 0.5410105 0.8341105 0.7226634 0.6724260 0.6724260 0.6789498 0.6825162 0.6956836 0.6721101 0.6770588 0.7007533 0.6729591 
S0048_G7128_R1_A 0.3118012 0.3149669 0.2891989 0.3045687 0.2842097 0.2917666 0.2939023 0.2809565 0.4828145 0.3897000 0.2184345 0.2582164 0.0593456 0.0414546 0.0531155 0.0591544 0.0000000 0.0213946 0.0451626 0.0524661 0.0685003 0.0516341 0.0440532 0.0492440 0.0641748 0.0410496 0.0551513 0.0479068 0.0495170 0.0615971 0.0441760 0.0597915 0.0898994 0.0531544 0.3050141 0.4970563 0.4961188 0.5022386 0.5159636 0.5139842 0.5500535 0.8656505 0.7403812 0.7041545 0.7041545 0.7109981 0.7079444 0.7215895 0.7038214 0.7089886 0.7336321 0.7050224 
S0050_G7128_R1_A 0.3157533 0.3169037 0.2873032 0.3084619 0.2930637 0.2938740 0.2893295 0.2830634 0.4837440 0.3811818 0.2134372 0.2643214 0.0580123 0.0413154 0.0529351 0.0554482 0.0213946 0.0000000 0.0477966 0.0522862 0.0684970 0.0529758 0.0450460 0.0491042 0.0615853 0.0450539 0.0564021 0.0489027 0.0482055 0.0590362 0.0510913 0.0610475 0.0931235 0.0530328 0.3176228 0.5007155 0.4997821 0.5023968 0.5160781 0.5141055 0.5574432 0.8512211 0.7494951 0.7217173 0.7217173 0.7287022 0.7186671 0.7394469 0.7213757 0.7266374 0.7406594 0.7158041 
S0028_G7128_R1_A 0.3614753 0.3604909 0.3318661 0.3434102 0.3131228 0.3186570 0.3247531 0.3138395 0.5048908 0.2623235 0.1780416 0.2059008 0.0496490 0.0380289 0.0381349 0.0507671 0.0451626 0.0477966 0.0000000 0.0343236 0.0451199 0.0401730 0.0341297 0.0326038 0.0524115 0.0259012 0.0395803 0.0386721 0.0436376 0.0494532 0.0342370 0.0453455 0.0855101 0.0465141 0.3244274 0.5362731 0.5321038 0.5393085 0.5548461 0.5541079 0.6089359 0.7357597 0.8053922 0.7605377 0.7605377 0.7768090 0.7744361 0.7835875 0.7600980 0.7740310 0.7995181 0.7667521 
S0030_G7128_R1_A 0.2991138 0.3042380 0.2809899 0.2979791 0.2780933 0.2797665 0.2844401 0.2803458 0.4833165 0.3717705 0.2075230 0.2532724 0.0491556 0.0382922 0.0440959 0.0512728 0.0524661 0.0522862 0.0343236 0.0000000 0.0548946 0.0349262 0.0386308 0.0412033 0.0490819 0.0303409 0.0456184 0.0447540 0.0417670 0.0514959 0.0416953 0.0515494 0.0838445 0.0466838 0.2950502 0.4886733 0.4840216 0.4869794 0.5005578 0.4949520 0.5332446 0.8078262 0.7102753 0.6875386 0.6875386 0.6942737 0.6912435 0.7047622 0.6872111 0.6923088 0.7166729 0.6882356 
S0017_G7128_R1_A 0.3288096 0.3320969 0.2965236 0.3179343 0.2946125 0.2914384 0.2976833 0.2976950 0.4810654 0.3758645 0.2253959 0.2631982 0.0630436 0.0517945 0.0541966 0.0543918 0.0685003 0.0684970 0.0451199 0.0548946 0.0000000 0.0458900 0.0546474 0.0535086 0.0615789 0.0508163 0.0594929 0.0585359 0.0576873 0.0666107 0.0598589 0.0612983 0.0963352 0.0592210 0.3190154 0.4915954 0.4853504 0.4914281 0.5098422 0.5103254 0.5455834 0.8470527 0.7060637 0.6680868 0.6680868 0.6745094 0.6874187 0.6845854 0.6677755 0.6726511 0.6989603 0.6779431 
S0046_G7128_R1_A 0.3585953 0.3657314 0.3129615 0.3215516 0.2917096 0.2967179 0.3145584 0.3030552 0.4919303 0.2374754 0.1631934 0.1890518 0.0490073 0.0386298 0.0388320 0.0444133 0.0516341 0.0529758 0.0401730 0.0349262 0.0458900 0.0000000 0.0387866 0.0428831 0.0504041 0.0374215 0.0458864 0.0421931 0.0457326 0.0560684 0.0490670 0.0503257 0.0866916 0.0487614 0.3095233 0.5284858 0.5181635 0.5053300 0.5204904 0.5196646 0.5757923 0.7319396 0.7847681 0.7659730 0.7659730 0.7825917 0.7801619 0.7871799 0.7655237 0.7797484 0.8057516 0.7723751 
S0036_G7128_R1_A 0.3061850 0.3074152 0.2796095 0.2964732 0.2795134 0.2772336 0.2935623 0.2711824 0.4827241 0.3686197 0.2062931 0.2521279 0.0500103 0.0370232 0.0428616 0.0487573 0.0440532 0.0450460 0.0341297 0.0386308 0.0546474 0.0387866 0.0000000 0.0341832 0.0513103 0.0260794 0.0426165 0.0386322 0.0404755 0.0439102 0.0344765 0.0484695 0.0925977 0.0463807 0.3067415 0.4734394 0.4772165 0.4696171 0.4828672 0.4808273 0.5145606 0.8244753 0.7264200 0.6521205 0.6521205 0.6584783 0.6619805 0.6670247 0.6610443 0.6566517 0.6798839 0.6588861 
S0026_G7128_R1_A 0.3759383 0.3749951 0.3384565 0.3500805 0.3220419 0.3433790 0.3345680 0.3273558 0.5288411 0.2584929 0.1776308 0.2005561 0.0481717 0.0406830 0.0395300 0.0465154 0.0492440 0.0491042 0.0326038 0.0412033 0.0535086 0.0428831 0.0341832 0.0000000 0.0551419 0.0339610 0.0395159 0.0413717 0.0463180 0.0521668 0.0425055 0.0480481 0.0929342 0.0492101 0.3404382 0.5309453 0.5305431 0.5234586 0.5387511 0.5379754 0.5882589 0.7257546 0.8215314 0.7367741 0.7367741 0.7436164 0.7366590 0.7502047 0.7276515 0.7409947 0.7606872 0.7289632 
S0022_G7128_R1_A 0.3119265 0.3150948 0.2780276 0.2931758 0.2823738 0.2795773 0.2922584 0.2779487 0.4918259 0.3781126 0.2158792 0.2570775 0.0607637 0.0496485 0.0532077 0.0615970 0.0641748 0.0615853 0.0524115 0.0490819 0.0615789 0.0504041 0.0513103 0.0551419 0.0000000 0.0524345 0.0597450 0.0551678 0.0543699 0.0692319 0.0586768 0.0673607 0.1016833 0.0642239 0.3000900 0.4952715 0.4918300 0.4809184 0.4943461 0.4947584 0.5319030 0.8299862 0.7278881 0.6711597 0.6711597 0.6711782 0.6682417 0.6813139 0.6644145 0.6693145 0.6928015 0.6651801 
S0019_G7128_R1_A 0.3586240 0.3576326 0.3118626 0.3330896 0.2985602 0.3113011 0.3221203 0.3091351 0.5009254 0.2597748 0.1698744 0.2036820 0.0482707 0.0353386 0.0409789 0.0480017 0.0410496 0.0450539 0.0259012 0.0303409 0.0508163 0.0374215 0.0260794 0.0339610 0.0524345 0.0000000 0.0368686 0.0345602 0.0409139 0.0439140 0.0220957 0.0425929 0.0840409 0.0422757 0.3298417 0.5298638 0.5257002 0.5273272 0.5426873 0.5450578 0.6023295 0.7144882 0.8052072 0.7431357 0.7431357 0.7590555 0.7567520 0.7657475 0.7427064 0.7563551 0.7813902 0.7490449 
S0023_G7128_R1_A 0.3739102 0.3729601 0.3201883 0.3362963 0.3084387 0.3169093 0.3237680 0.3125147 0.4974487 0.2594818 0.1812828 0.2124438 0.0554001 0.0450526 0.0437832 0.0564801 0.0551513 0.0564021 0.0395803 0.0456184 0.0594929 0.0458864 0.0426165 0.0395159 0.0597450 0.0368686 0.0000000 0.0472105 0.0521603 0.0566453 0.0455342 0.0483484 0.0935218 0.0493758 0.3221349 0.5395223 0.5353308 0.5412413 0.5504367 0.5561168 0.6112629 0.7255642 0.8187134 0.7665688 0.7665688 0.7830334 0.7806259 0.7898716 0.7661235 0.7802163 0.8059718 0.7689245 
S0002_G7128_R1_A 0.3106565 0.3158522 0.2870717 0.2977554 0.2718333 0.2799682 0.2792989 0.2785941 0.5034498 0.3649900 0.2080792 0.2477120 0.0600615 0.0441886 0.0488852 0.0584317 0.0479068 0.0489027 0.0386721 0.0447540 0.0585359 0.0421931 0.0386322 0.0413717 0.0551678 0.0345602 0.0472105 0.0000000 0.0477267 0.0442820 0.0404661 0.0531907 0.0902393 0.0549816 0.3010543 0.5074773 0.5055449 0.4952386 0.5030419 0.5060201 0.5446309 0.8686085 0.7460639 0.6911604 0.6911604 0.6979331 0.7016114 0.7118111 0.6908316 0.6959537 0.7204292 0.6986433 
S0004_G7128_R1_A 0.3259041 0.3270988 0.2933111 0.3066307 0.2827015 0.2800423 0.2977639 0.2850871 0.4972796 0.3762993 0.1998206 0.2532708 0.0496028 0.0389380 0.0436203 0.0506227 0.0495170 0.0482055 0.0436376 0.0417670 0.0576873 0.0457326 0.0404755 0.0463180 0.0543699 0.0409139 0.0521603 0.0477267 0.0000000 0.0531779 0.0496681 0.0581432 0.0882562 0.0506866 0.3268712 0.4944908 0.4910132 0.4951573 0.5087052 0.5067230 0.5469804 0.8373415 0.7401615 0.6929266 0.6929266 0.6959775 0.7099826 0.7100740 0.6889728 0.6976775 0.7219263 0.7003558 
S0011_G7128_R1_A 0.3146927 0.3158412 0.2834417 0.3071893 0.2851215 0.2848642 0.2861845 0.2874479 0.4841505 0.3683685 0.2069984 0.2496961 0.0667808 0.0507580 0.0591522 0.0652763 0.0615971 0.0590362 0.0494532 0.0514959 0.0666107 0.0560684 0.0439102 0.0521668 0.0692319 0.0439140 0.0566453 0.0442820 0.0531779 0.0000000 0.0541456 0.0642519 0.1004278 0.0592838 0.3112805 0.5128891 0.5105828 0.5110368 0.5198371 0.5229337 0.5474512 0.8604758 0.7410276 0.6917166 0.6917166 0.6885403 0.6987903 0.7055616 0.6945189 0.6866120 0.7107047 0.6958388 
S0020_G7128_R1_A 0.3574755 0.3591448 0.3264668 0.3482810 0.3175912 0.3158140 0.3326050 0.3237005 0.5121895 0.2510504 0.1759171 0.1945022 0.0572945 0.0439219 0.0497487 0.0598266 0.0441760 0.0510913 0.0342370 0.0416953 0.0598589 0.0490670 0.0344765 0.0425055 0.0586768 0.0220957 0.0455342 0.0404661 0.0496681 0.0541456 0.0000000 0.0485049 0.0956669 0.0524876 0.3188761 0.5287199 0.5244872 0.5317394 0.5474021 0.5466346 0.5983195 0.7105202 0.8036282 0.7461333 0.7461333 0.7623348 0.7599863 0.7691345 0.7392674 0.7595829 0.7850473 0.7521778 
S0021_G7128_R1_A 0.3723022 0.3686722 0.3493988 0.3675441 0.3311455 0.3337325 0.3402037 0.3413143 0.5301691 0.2691982 0.1899185 0.2211121 0.0598954 0.0479341 0.0553958 0.0655877 0.0597915 0.0610475 0.0453455 0.0515494 0.0612983 0.0503257 0.0484695 0.0480481 0.0673607 0.0425929 0.0483484 0.0531907 0.0581432 0.0642519 0.0485049 0.0000000 0.0968941 0.0582998 0.3318164 0.5635116 0.5561501 0.5428324 0.5586204 0.5578818 0.6101546 0.7040258 0.8284119 0.7610714 0.7610714 0.7775050 0.7791150 0.7843493 0.7693507 0.7746988 0.8004364 0.7695201 
S0012_G7128_R1_A 0.3663873 0.3585218 0.3175860 0.3358920 0.3278751 0.3160171 0.3333308 0.3170147 0.5103514 0.4218985 0.2527526 0.2922293 0.1026432 0.0890626 0.0983271 0.0946404 0.0898994 0.0931235 0.0855101 0.0838445 0.0963352 0.0866916 0.0925977 0.0929342 0.1016833 0.0840409 0.0935218 0.0902393 0.0882562 0.1004278 0.0956669 0.0968941 0.0000000 0.0921442 0.3387232 0.5367725 0.5389730 0.5374740 0.5437334 0.5525779 0.5944522 0.9047220 0.7380507 0.7596153 0.7596153 0.7638547 0.7710278 0.7751441 0.7525738 0.7616336 0.7880281 0.7610979 
S0013_G7128_R1_A 0.3287194 0.3320066 0.2977300 0.3170998 0.2868592 0.2854784 0.2960085 0.2891515 0.5027365 0.3819744 0.2151411 0.2653296 0.0580581 0.0413754 0.0473795 0.0603573 0.0531544 0.0530328 0.0465141 0.0466838 0.0592210 0.0487614 0.0463807 0.0492101 0.0642239 0.0422757 0.0493758 0.0549816 0.0506866 0.0592838 0.0524876 0.0582998 0.0921442 0.0000000 0.3147523 0.5025957 0.4990814 0.5012230 0.5149194 0.5129401 0.5563934 0.8379105 0.7428279 0.6911586 0.6911586 0.6978662 0.6948538 0.7082972 0.6908322 0.6959066 0.7201450 0.6870513 
S0006_G7128_R1_A 0.4078189 0.4025206 0.3521662 0.3682112 0.3694996 0.3587881 0.3366460 0.3610078 0.5800906 0.4378135 0.3923135 0.3416362 0.3076178 0.2879626 0.3051803 0.3138270 0.3050141 0.3176228 0.3244274 0.2950502 0.3190154 0.3095233 0.3067415 0.3404382 0.3000900 0.3298417 0.3221349 0.3010543 0.3268712 0.3112805 0.3188761 0.3318164 0.3387232 0.3147523 0.0000000 0.6982976 0.6662757 0.6559441 0.6500059 0.6451932 0.6513511 0.9478320 0.8053522 0.9096616 0.9096616 0.9019361 0.9110941 0.9195557 0.8961353 0.9075352 0.9174227 0.8960381 
S0025_G7128_R1_A 0.5273228 0.5430643 0.4846328 0.5337246 0.5016811 0.5301401 0.5174381 0.4939764 0.7003167 0.7666935 0.6715138 0.5786472 0.4844249 0.4902476 0.4825269 0.4972880 0.4970563 0.5007155 0.5362731 0.4886733 0.4915954 0.5284858 0.4734394 0.5309453 0.4952715 0.5298638 0.5395223 0.5074773 0.4944908 0.5128891 0.5287199 0.5635116 0.5367725 0.5025957 0.6982976 0.0000000 0.0289537 0.0759792 0.0797663 0.0870054 0.1254459 0.5291240 0.5758477 0.7216247 0.7216247 0.7285416 0.7290510 0.7180548 0.7229666 0.7307897 0.7479897 0.7261424 
S0029_G7128_R1_A 0.5411940 0.5572807 0.4794345 0.5255892 0.4954442 0.5181801 0.5048319 0.4972174 0.6923658 0.7243472 0.6479166 0.5680207 0.4809447 0.4817027 0.4815731 0.4973269 0.4961188 0.4997821 0.5321038 0.4840216 0.4853504 0.5181635 0.4772165 0.5305431 0.4918300 0.5257002 0.5353308 0.5055449 0.4910132 0.5105828 0.5244872 0.5561501 0.5389730 0.4990814 0.6662757 0.0289537 0.0000000 0.0708395 0.0772256 0.0844239 0.1169205 0.5332025 0.5734694 0.6936511 0.6936511 0.7003927 0.7008775 0.6901724 0.6949238 0.7025316 0.7192194 0.6977570 
S0032_G7128_R1_N 0.5383939 0.5493027 0.4995713 0.5312247 0.5087596 0.5234907 0.5281383 0.5331651 0.7108072 0.7323505 0.6470111 0.5795889 0.4865275 0.4802101 0.4792311 0.4953791 0.5022386 0.5023968 0.5393085 0.4869794 0.4914281 0.5053300 0.4696171 0.5234586 0.4809184 0.5273272 0.5412413 0.4952386 0.4951573 0.5110368 0.5317394 0.5428324 0.5374740 0.5012230 0.6559441 0.0759792 0.0708395 0.0000000 0.0140794 0.0219474 0.0685972 0.5134370 0.6310889 0.7020722 0.7020722 0.7050968 0.6894945 0.6934668 0.6930558 0.7056090 0.7125004 0.6883869 
S0032_G7128_R2_N 0.5439410 0.5549069 0.5093027 0.5381739 0.5063152 0.5280752 0.5328147 0.5376545 0.7175895 0.7431247 0.6428105 0.5778465 0.5048623 0.4935152 0.4925054 0.5090315 0.5159636 0.5160781 0.5548461 0.5005578 0.5098422 0.5204904 0.4828672 0.5387511 0.4943461 0.5426873 0.5504367 0.5030419 0.5087052 0.5198371 0.5474021 0.5586204 0.5437334 0.5149194 0.6500059 0.0797663 0.0772256 0.0140794 0.0000000 0.0152160 0.0746655 0.5167529 0.6450460 0.6951792 0.6951792 0.6981866 0.6826736 0.6866178 0.6862112 0.6986735 0.7055209 0.6815136 
S0024_G7128_R1_A 0.5454929 0.5565055 0.5015831 0.5355893 0.5117950 0.5224750 0.5270066 0.5267403 0.7139208 0.7451926 0.6479162 0.5691132 0.5028690 0.4915093 0.4929051 0.5070352 0.5139842 0.5141055 0.5541079 0.4949520 0.5103254 0.5196646 0.4808273 0.5379754 0.4947584 0.5450578 0.5561168 0.5060201 0.5067230 0.5229337 0.5466346 0.5578818 0.5525779 0.5129401 0.6451932 0.0870054 0.0844239 0.0219474 0.0152160 0.0000000 0.0840148 0.5339444 0.6562806 0.6862508 0.6862508 0.6892307 0.6738604 0.6777613 0.6773612 0.6896841 0.6964628 0.6726351 
S0001_G7128_R1_A 0.5462937 0.5531985 0.5183176 0.5539571 0.5387384 0.5720707 0.5421244 0.5696411 0.7356820 0.7894185 0.7012704 0.6120139 0.5326461 0.5358296 0.5241516 0.5410105 0.5500535 0.5574432 0.6089359 0.5332446 0.5455834 0.5757923 0.5145606 0.5882589 0.5319030 0.6023295 0.6112629 0.5446309 0.5469804 0.5474512 0.5983195 0.6101546 0.5944522 0.5563934 0.6513511 0.1254459 0.1169205 0.0685972 0.0746655 0.0840148 0.0000000 0.5493028 0.6478349 0.7484561 0.7484561 0.7516552 0.7390636 0.7389574 0.7356710 0.7556684 0.7596730 0.7347316 
S0049_G7128_R1_A 0.8340002 0.8374531 0.7822848 0.8050602 0.7671644 0.8394186 0.7899098 0.8069301 0.8814967 0.7821677 0.7712344 0.7624830 0.8265389 0.8306886 0.8240761 0.8341105 0.8656505 0.8512211 0.7357597 0.8078262 0.8470527 0.7319396 0.8244753 0.7257546 0.8299862 0.7144882 0.7255642 0.8686085 0.8373415 0.8604758 0.7105202 0.7040258 0.9047220 0.8379105 0.9478320 0.5291240 0.5332025 0.5134370 0.5167529 0.5339444 0.5493028 0.0000000 0.6679145 0.9480420 0.9480420 0.9758685 0.9503496 0.9566329 0.9510281 0.9964027 0.9667556 0.9271075 
S0003_G7128_R1_N 0.7275679 0.7379734 0.6688867 0.7447562 0.6945249 0.7396762 0.6965196 0.7028437 0.7551043 0.8826533 0.8198652 0.8432264 0.7316544 0.7092696 0.7211873 0.7226634 0.7403812 0.7494951 0.8053922 0.7102753 0.7060637 0.7847681 0.7264200 0.8215314 0.7278881 0.8052072 0.8187134 0.7460639 0.7401615 0.7410276 0.8036282 0.8284119 0.7380507 0.7428279 0.8053522 0.5758477 0.5734694 0.6310889 0.6450460 0.6562806 0.6478349 0.6679145 0.0000000 0.7694967 0.7694967 0.7669914 0.7691564 0.7653221 0.7690056 0.7792799 0.7710398 0.7745160 
S0044_G7128_R1_N 0.7943140 0.8148683 0.7402419 0.7537513 0.7464896 0.6926828 0.7648101 0.7498198 1.1274990 1.1690756 0.8822773 0.8497375 0.6663534 0.6546456 0.6410106 0.6724260 0.7041545 0.7217173 0.7605377 0.6875386 0.6680868 0.7659730 0.6521205 0.7367741 0.6711597 0.7431357 0.7665688 0.6911604 0.6929266 0.6917166 0.7461333 0.7610714 0.7596153 0.6911586 0.9096616 0.7216247 0.6936511 0.7020722 0.6951792 0.6862508 0.7484561 0.9480420 0.7694967 0.0000000 0.0000010 0.0101108 0.0158096 0.0112452 0.0193289 0.0123991 0.0135084 0.0170539 
S0045_G7128_R1_A 0.7943140 0.8148683 0.7402419 0.7537513 0.7464896 0.6926828 0.7648101 0.7498198 1.1274990 1.1690756 0.8822773 0.8497375 0.6663534 0.6546456 0.6410106 0.6724260 0.7041545 0.7217173 0.7605377 0.6875386 0.6680868 0.7659730 0.6521205 0.7367741 0.6711597 0.7431357 0.7665688 0.6911604 0.6929266 0.6917166 0.7461333 0.7610714 0.7596153 0.6911586 0.9096616 0.7216247 0.6936511 0.7020722 0.6951792 0.6862508 0.7484561 0.9480420 0.7694967 0.0000010 0.0000000 0.0101108 0.0158096 0.0112452 0.0193289 0.0123991 0.0135084 0.0170539 
S0042_G7128_R1_N 0.7973558 0.8139998 0.7360733 0.7570023 0.7497324 0.6956444 0.7627677 0.7472052 1.1031559 1.1718577 0.8887163 0.8413028 0.6756913 0.6609629 0.6471855 0.6789498 0.7109981 0.7287022 0.7768090 0.6942737 0.6745094 0.7825917 0.6584783 0.7436164 0.6711782 0.7590555 0.7830334 0.6979331 0.6959775 0.6885403 0.7623348 0.7775050 0.7638547 0.6978662 0.9019361 0.7285416 0.7003927 0.7050968 0.6981866 0.6892307 0.7516552 0.9758685 0.7669914 0.0101108 0.0101108 0.0000000 0.0169917 0.0169904 0.0182106 0.0067104 0.0158306 0.0182479 
S0047_G7128_R1_N 0.7783411 0.7945990 0.7515573 0.7540886 0.7468063 0.6925090 0.7612948 0.7406769 1.1377630 1.1832268 0.8820905 0.8489284 0.6698626 0.6580713 0.6443384 0.6825162 0.7079444 0.7186671 0.7744361 0.6912435 0.6874187 0.7801619 0.6619805 0.7366590 0.6682417 0.7567520 0.7806259 0.7016114 0.7099826 0.6987903 0.7599863 0.7791150 0.7710278 0.6948538 0.9110941 0.7290510 0.7008775 0.6894945 0.6826736 0.6738604 0.7390636 0.9503496 0.7691564 0.0158096 0.0158096 0.0169917 0.0000000 0.0204521 0.0263713 0.0193223 0.0112342 0.0124541 
S0045_G7128_R2_A 0.7957951 0.8123906 0.7406268 0.7615609 0.7543008 0.6964304 0.7756058 0.7553917 1.1295076 1.2041622 0.9024056 0.8687607 0.6828954 0.6709277 0.6601004 0.6956836 0.7215895 0.7394469 0.7835875 0.7047622 0.6845854 0.7871799 0.6670247 0.7502047 0.6813139 0.7657475 0.7898716 0.7118111 0.7100740 0.7055616 0.7691345 0.7843493 0.7751441 0.7082972 0.9195557 0.7180548 0.6901724 0.6934668 0.6866178 0.6777613 0.7389574 0.9566329 0.7653221 0.0112452 0.0112452 0.0169904 0.0204521 0.0000000 0.0263693 0.0193208 0.0181219 0.0217356 
S0040_G7128_R1_N 0.7696356 0.7856215 0.7212881 0.7384153 0.7311310 0.6781781 0.7449364 0.7284823 1.1068028 1.1499430 0.8598526 0.8355610 0.6660415 0.6543402 0.6407128 0.6721101 0.7038214 0.7213757 0.7600980 0.6872111 0.6677755 0.7655237 0.6610443 0.7276515 0.6644145 0.7427064 0.7661235 0.6908316 0.6889728 0.6945189 0.7392674 0.7693507 0.7525738 0.6908322 0.8961353 0.7229666 0.6949238 0.6930558 0.6862112 0.6773612 0.7356710 0.9510281 0.7690056 0.0193289 0.0193289 0.0182106 0.0263713 0.0263693 0.0000000 0.0228890 0.0251790 0.0229932 
S0038_G7128_R1_A 0.8036328 0.8204306 0.7495561 0.7666238 0.7593726 0.7047698 0.7786043 0.7567334 1.1202206 1.1856390 0.8822702 0.8569519 0.6738209 0.6591460 0.6454207 0.6770588 0.7089886 0.7266374 0.7740310 0.6923088 0.6726511 0.7797484 0.6566517 0.7409947 0.6693145 0.7563551 0.7802163 0.6959537 0.6976775 0.6866120 0.7595829 0.7746988 0.7616336 0.6959066 0.9075352 0.7307897 0.7025316 0.7056090 0.6986735 0.6896841 0.7556684 0.9964027 0.7792799 0.0123991 0.0123991 0.0067104 0.0193223 0.0193208 0.0228890 0.0000000 0.0181531 0.0205986 
S0041_G7128_R1_N 0.8001919 0.8169239 0.7723803 0.7751098 0.7754350 0.7164686 0.7796873 0.7688779 1.1596372 1.2017410 0.9168844 0.8764962 0.6943505 0.6822104 0.6680599 0.7007533 0.7336321 0.7406594 0.7995181 0.7166729 0.6989603 0.8057516 0.6798839 0.7606872 0.6928015 0.7813902 0.8059718 0.7204292 0.7219263 0.7107047 0.7850473 0.8004364 0.7880281 0.7201450 0.9174227 0.7479897 0.7192194 0.7125004 0.7055209 0.6964628 0.7596730 0.9667556 0.7710398 0.0135084 0.0135084 0.0158306 0.0112342 0.0181219 0.0251790 0.0181531 0.0000000 0.0147334 
S0043_G7128_R1_N 0.7856656 0.7982669 0.7306599 0.7511795 0.7364535 0.6932475 0.7649389 0.7301430 1.1353768 1.1807069 0.8642314 0.8550631 0.6663122 0.6549932 0.6429064 0.6729591 0.7050224 0.7158041 0.7667521 0.6882356 0.6779431 0.7723751 0.6588861 0.7289632 0.6651801 0.7490449 0.7689245 0.6986433 0.7003558 0.6958388 0.7521778 0.7695201 0.7610979 0.6870513 0.8960381 0.7261424 0.6977570 0.6883869 0.6815136 0.6726351 0.7347316 0.9271075 0.7745160 0.0170539 0.0170539 0.0182479 0.0124541 0.0217356 0.0229932 0.0205986 0.0147334 0.0000000 
