54
S0045_G7248_R2_A 0.0000000 0.0298074 0.0274327 0.0250811 0.0321454 0.0377055 0.0345805 0.0353213 0.0442474 0.7596972 0.7661382 0.7835564 0.7515261 0.7349730 0.7604481 0.7664339 0.7689707 0.7284851 0.6492141 0.6416712 0.7172558 0.6830815 0.6430384 0.6719548 0.6798144 0.6868938 0.7159069 0.6910500 0.6264236 0.6679387 0.6762392 0.7055357 0.6195943 0.6689179 0.6647235 0.6722365 0.6620730 0.6900054 0.6536575 0.6810664 0.6782764 0.6827429 0.7481946 0.7184683 0.7573007 0.8974183 0.8756837 1.4181088 1.4275575 1.2368227 1.2393628 1.2750894 1.3680729 0.7035681 
S0038_G7248_R1_A 0.0298074 0.0000000 0.0251137 0.0243153 0.0251158 0.0290381 0.0290686 0.0296564 0.0296663 0.7599422 0.7663423 0.7998889 0.7631533 0.7503926 0.7662084 0.7798032 0.7823643 0.7446947 0.6497639 0.6423545 0.7138920 0.6803741 0.6428854 0.6737169 0.6857952 0.6985790 0.7197186 0.6960438 0.6226251 0.6706891 0.6759381 0.7074195 0.6226808 0.6643757 0.6644669 0.6719477 0.6682293 0.6917904 0.6534468 0.6898233 0.6759397 0.6758303 0.7394365 0.7261632 0.7558435 0.9016134 0.8843519 1.4553712 1.4602677 1.2144644 1.2168637 1.2606813 1.4186868 0.7286832 
S0045_G7248_R1_A 0.0274327 0.0251137 0.0000000 0.0097435 0.0258830 0.0298165 0.0282798 0.0274644 0.0370336 0.7652870 0.7717641 0.7931649 0.7603219 0.7420395 0.7598839 0.7822161 0.7847907 0.7331637 0.6582327 0.6527980 0.7176008 0.6900093 0.6462352 0.6763768 0.6885005 0.7052950 0.7183843 0.6981502 0.6370153 0.6704574 0.6787087 0.7125658 0.6257992 0.6714283 0.6651623 0.6747513 0.6667083 0.6992507 0.6592955 0.6838242 0.6787585 0.6852027 0.7458675 0.7234059 0.7624880 0.9271569 0.8819423 1.3923860 1.4054151 1.1986229 1.2009491 1.2443063 1.3687813 0.7145313 
S0044_G7248_R1_N 0.0250811 0.0243153 0.0097435 0.0000000 0.0235378 0.0290072 0.0259189 0.0266605 0.0354202 0.7715600 0.7781017 0.7936735 0.7636810 0.7449049 0.7627607 0.7852456 0.7878352 0.7359165 0.6603407 0.6548827 0.7201179 0.6924175 0.6464652 0.6786679 0.6908433 0.7078607 0.7208883 0.7006484 0.6390138 0.6727691 0.6810137 0.7150912 0.6273452 0.6737370 0.6674612 0.6750786 0.6732684 0.7017086 0.6616127 0.6862036 0.6811040 0.6876594 0.7507961 0.7282415 0.7684124 0.9214898 0.8773996 1.4114534 1.4255551 1.2215103 1.2239614 1.2683412 1.3890235 0.7138903 
S0041_G7248_R1_N 0.0321454 0.0251158 0.0258830 0.0235378 0.0000000 0.0188816 0.0135263 0.0282761 0.0354548 0.7479693 0.7543496 0.7933097 0.7500000 0.7335607 0.7453419 0.7735629 0.7761218 0.7242777 0.6492071 0.6438054 0.7237476 0.6896485 0.6469506 0.6727167 0.6810285 0.7050280 0.7201951 0.7023861 0.6264154 0.6741142 0.6802797 0.7121984 0.6256236 0.6670564 0.6678526 0.6784342 0.6789231 0.6989639 0.6578445 0.6898895 0.6802239 0.6742225 0.7570095 0.7221326 0.7555872 0.9106640 0.8893611 1.4496803 1.4659438 1.2278196 1.2303062 1.2749803 1.4151224 0.7230255 
S0043_G7248_R1_N 0.0377055 0.0290381 0.0298165 0.0290072 0.0188816 0.0000000 0.0173788 0.0322352 0.0418619 0.7556432 0.7620880 0.8064616 0.7636935 0.7402972 0.7589553 0.7881809 0.7907782 0.7398842 0.6525634 0.6471379 0.7149275 0.6904214 0.6457433 0.6803129 0.6887653 0.7014687 0.7188864 0.7013569 0.6335427 0.6772702 0.6762013 0.7154129 0.6299778 0.6638903 0.6712443 0.6838376 0.6796959 0.7022663 0.6630900 0.6886669 0.6812370 0.6823127 0.7510696 0.7247103 0.7632494 0.9111075 0.8959461 1.4439819 1.4717288 1.2299051 1.2323988 1.2675982 1.4124055 0.7211373 
S0047_G7248_R1_N 0.0345805 0.0290686 0.0282798 0.0259189 0.0135263 0.0173788 0.0000000 0.0306919 0.0395116 0.7538393 0.7602595 0.8128839 0.7653556 0.7419950 0.7663827 0.7893066 0.7919096 0.7415462 0.6613261 0.6540094 0.7314347 0.7019928 0.6601282 0.6910364 0.6995601 0.7175399 0.7347610 0.7172330 0.6402620 0.6881915 0.6912309 0.7269328 0.6381416 0.6789328 0.6774901 0.6925561 0.6905078 0.7112941 0.6740734 0.7042427 0.6966401 0.6860270 0.7709425 0.7338364 0.7686151 0.9246500 0.9007539 1.4622459 1.4792646 1.2529993 1.2556360 1.3016184 1.4235824 0.7248437 
S0042_G7248_R1_N 0.0353213 0.0296564 0.0274644 0.0266605 0.0282761 0.0322352 0.0306919 0.0000000 0.0351948 0.7635792 0.7700282 0.8066502 0.7688812 0.7544805 0.7741878 0.7916998 0.7942797 0.7561104 0.6598542 0.6545519 0.7272829 0.6932001 0.6447818 0.6795285 0.6895544 0.7049908 0.7215972 0.7023727 0.6349217 0.6813119 0.6820879 0.7052852 0.6334725 0.6704970 0.6703814 0.6860761 0.6720867 0.6988425 0.6521830 0.7009220 0.6841909 0.6876388 0.7433245 0.7244321 0.7660788 0.9099387 0.8878301 1.4504971 1.4666049 1.2337300 1.2362317 1.2808489 1.4468417 0.7069884 
S0040_G7248_R1_N 0.0442474 0.0296663 0.0370336 0.0354202 0.0354548 0.0418619 0.0395116 0.0351948 0.0000000 0.7933495 0.8000413 0.8254479 0.7886305 0.7757926 0.7945909 0.8024622 0.8050872 0.7623113 0.6688992 0.6634072 0.7462007 0.7111118 0.6746871 0.6993472 0.7116908 0.7198286 0.7420949 0.7185148 0.6473597 0.6989661 0.7024412 0.7234791 0.6447959 0.6899366 0.6926743 0.6976239 0.6936473 0.7137176 0.6772725 0.7107378 0.7018361 0.7014017 0.7681699 0.7356836 0.7811261 0.9354273 0.9081042 1.4536275 1.4467737 1.2364911 1.2390324 1.2842180 1.4545452 0.7254623 
S0039_G7248_R1_A 0.7596972 0.7599422 0.7652870 0.7715600 0.7479693 0.7556432 0.7538393 0.7635792 0.7933495 0.0000000 0.0064825 0.3212244 0.3489017 0.3066039 0.3040206 0.2907983 0.2921929 0.3402892 0.3882402 0.3859988 0.4172084 0.4122996 0.3996444 0.3847794 0.3963161 0.4105259 0.4235572 0.4284049 0.3834329 0.3928745 0.3829791 0.4272549 0.4241111 0.4140746 0.4040763 0.4207335 0.4107618 0.3993932 0.4010459 0.4153655 0.3834407 0.3713008 0.4172556 0.3944113 0.4824927 0.7288152 0.7249160 1.2405264 1.2725873 1.0833156 1.0810956 1.1031573 1.3658445 0.8521538 
S0051_G7248_R1_A 0.7661382 0.7663423 0.7717641 0.7781017 0.7543496 0.7620880 0.7602595 0.7700282 0.8000413 0.0064825 0.0000000 0.3172300 0.3464888 0.3000934 0.3003727 0.2917831 0.2931777 0.3379405 0.3914316 0.3891858 0.4208162 0.4159909 0.4023428 0.3882341 0.3998231 0.4030843 0.4238553 0.4323216 0.3866029 0.3948964 0.3864347 0.4293980 0.4261289 0.4161786 0.4101641 0.4244628 0.4169706 0.4063274 0.4031048 0.4191041 0.3854791 0.3746790 0.4210184 0.3977176 0.4828655 0.7326209 0.7279674 1.2490026 1.2818884 1.0954047 1.0931734 1.1114004 1.3829163 0.8553562 
S0008_G7248_R1_A 0.7835564 0.7998889 0.7931649 0.7936735 0.7933097 0.8064616 0.8128839 0.8066502 0.8254479 0.3212244 0.3172300 0.0000000 0.1421371 0.1188435 0.0991191 0.2040295 0.2040295 0.1271562 0.2885898 0.2911111 0.3323710 0.3393481 0.3076733 0.3111612 0.3164089 0.3387484 0.3380617 0.3544423 0.2909482 0.3147042 0.3168737 0.3430437 0.3308817 0.3320998 0.3212814 0.3254690 0.3282049 0.3350800 0.3230124 0.3309145 0.3187341 0.2758933 0.3329379 0.3048981 0.4166016 0.6691812 0.6966306 1.1192496 1.1521068 1.0447194 1.0569312 1.0673316 1.1775876 0.8056967 
S0034_G7248_R1_A 0.7515261 0.7631533 0.7603219 0.7636810 0.7500000 0.7636935 0.7653556 0.7688812 0.7886305 0.3489017 0.3464888 0.1421371 0.0000000 0.1603819 0.1435443 0.2337766 0.2337766 0.1008382 0.3115280 0.3174034 0.3464294 0.3555463 0.3358928 0.3358612 0.3412723 0.3650813 0.3519358 0.3669707 0.3133378 0.3419054 0.3263563 0.3658138 0.3700822 0.3509727 0.3396349 0.3540951 0.3479374 0.3556681 0.3486235 0.3503960 0.3512087 0.3139537 0.3791283 0.3323842 0.4314428 0.7230529 0.7282673 1.1467080 1.1780664 1.0708297 1.0802448 1.0833662 1.2473414 0.8308265 
S0014_G7248_R1_A 0.7349730 0.7503926 0.7420395 0.7449049 0.7335607 0.7402972 0.7419950 0.7544805 0.7757926 0.3066039 0.3000934 0.1188435 0.1603819 0.0000000 0.1083885 0.2106494 0.2106494 0.1547415 0.3060427 0.3092589 0.3410668 0.3441523 0.3138670 0.3129259 0.3220793 0.3419372 0.3439161 0.3574373 0.2940532 0.3260413 0.3094527 0.3438091 0.3545030 0.3394744 0.3350295 0.3385152 0.3403713 0.3387522 0.3268858 0.3364692 0.3279547 0.2813430 0.3462528 0.3081322 0.3887015 0.6717621 0.6822364 1.0758740 1.0939177 1.0009810 1.0240049 1.0339634 1.2208727 0.8212452 
S0027_G7248_R1_A 0.7604481 0.7662084 0.7598839 0.7627607 0.7453419 0.7589553 0.7663827 0.7741878 0.7945909 0.3040206 0.3003727 0.0991191 0.1435443 0.1083885 0.0000000 0.1998326 0.2008134 0.1302150 0.3084654 0.3092710 0.3473240 0.3579529 0.3268787 0.3250395 0.3290044 0.3586306 0.3512645 0.3665755 0.3025098 0.3368710 0.3268518 0.3590578 0.3609606 0.3476810 0.3343411 0.3547282 0.3497514 0.3515386 0.3432995 0.3460347 0.3467331 0.2866105 0.3466285 0.3090943 0.3992173 0.6882452 0.6954781 1.0702682 1.0897269 1.0193163 1.0319591 1.0425819 1.1552453 0.8043643 
S0010_G7248_R1_A 0.7664339 0.7798032 0.7822161 0.7852456 0.7735629 0.7881809 0.7893066 0.7916998 0.8024622 0.2907983 0.2917831 0.2040295 0.2337766 0.2106494 0.1998326 0.0000000 0.0020497 0.2153412 0.3254614 0.3241159 0.3680385 0.3515046 0.3356674 0.3420512 0.3473616 0.3690912 0.3681040 0.3844038 0.3147118 0.3410530 0.3384340 0.3702708 0.3694284 0.3506222 0.3468138 0.3617480 0.3479129 0.3609578 0.3506249 0.3585690 0.3512245 0.3176671 0.3622079 0.3421968 0.4809785 0.7405996 0.7916054 1.1367815 1.1668940 1.0563904 1.0639240 1.0955583 1.3745281 0.8264061 
S0009_G7248_R1_A 0.7689707 0.7823643 0.7847907 0.7878352 0.7761218 0.7907782 0.7919096 0.7942797 0.8050872 0.2921929 0.2931777 0.2040295 0.2337766 0.2106494 0.2008134 0.0020497 0.0000000 0.2153412 0.3290872 0.3277464 0.3720710 0.3554702 0.3394878 0.3459010 0.3486664 0.3733233 0.3707674 0.3858538 0.3181649 0.3449721 0.3422452 0.3743228 0.3726069 0.3545883 0.3494536 0.3644269 0.3518663 0.3649667 0.3545901 0.3599286 0.3552095 0.3211579 0.3662344 0.3434617 0.4842172 0.7405996 0.7974861 1.1367815 1.1668940 1.0563904 1.0639240 1.0955583 1.3794396 0.8264061 
S0015_G7248_R1_A 0.7284851 0.7446947 0.7331637 0.7359165 0.7242777 0.7398842 0.7415462 0.7561104 0.7623113 0.3402892 0.3379405 0.1271562 0.1008382 0.1547415 0.1302150 0.2153412 0.2153412 0.0000000 0.3008252 0.3105095 0.3471263 0.3507172 0.3284271 0.3259291 0.3304537 0.3609460 0.3538776 0.3585517 0.3003649 0.3290197 0.3258152 0.3630691 0.3626404 0.3444131 0.3346705 0.3525640 0.3447718 0.3471474 0.3412262 0.3399053 0.3457588 0.2967854 0.3606363 0.3091944 0.4212685 0.7103334 0.6887517 1.1459419 1.1859758 1.0697479 1.0862419 1.0958684 1.2184996 0.7907362 
S0018_G7248_R1_A 0.6492141 0.6497639 0.6582327 0.6603407 0.6492071 0.6525634 0.6613261 0.6598542 0.6688992 0.3882402 0.3914316 0.2885898 0.3115280 0.3060427 0.3084654 0.3254614 0.3290872 0.3008252 0.0000000 0.0360047 0.0902277 0.0683529 0.0673295 0.0698691 0.0745864 0.0982157 0.0984727 0.0961583 0.0600575 0.0676023 0.0585173 0.0839470 0.0741929 0.0655682 0.0716081 0.0762783 0.0666818 0.0816677 0.0641949 0.0905864 0.0636021 0.1640592 0.1960423 0.1687482 0.4110017 0.6501974 0.7773213 0.9350923 0.9599142 0.7463110 0.7598539 0.7873320 0.9725680 0.7777834 
S0031_G7248_R1_A 0.6416712 0.6423545 0.6527980 0.6548827 0.6438054 0.6471379 0.6540094 0.6545519 0.6634072 0.3859988 0.3891858 0.2911111 0.3174034 0.3092589 0.3092710 0.3241159 0.3277464 0.3105095 0.0360047 0.0000000 0.0837463 0.0610690 0.0602041 0.0610429 0.0673254 0.0876615 0.0908604 0.0891025 0.0514711 0.0555636 0.0538530 0.0724280 0.0665828 0.0543568 0.0643184 0.0672388 0.0570516 0.0686624 0.0558714 0.0820935 0.0547492 0.1697315 0.1911419 0.1634964 0.4050487 0.6461912 0.7563476 0.9423642 0.9721932 0.7379617 0.7456470 0.7731361 0.9421724 0.7821097 
S0037_G7248_R1_A 0.7172558 0.7138920 0.7176008 0.7201179 0.7237476 0.7149275 0.7314347 0.7272829 0.7462007 0.4172084 0.4208162 0.3323710 0.3464294 0.3410668 0.3473240 0.3680385 0.3720710 0.3471263 0.0902277 0.0837463 0.0000000 0.1089433 0.1020925 0.1113075 0.1118095 0.1407541 0.1397096 0.1348568 0.0993232 0.1030607 0.1084441 0.1293860 0.1081954 0.0993708 0.1019173 0.1142797 0.1064930 0.1245022 0.0979330 0.1219481 0.1056429 0.2147593 0.2288196 0.2108720 0.4416729 0.6385859 0.8288034 1.0482399 1.0934336 0.8518854 0.8517547 0.8679944 1.0240262 0.8406079 
S0016_G7248_R1_A 0.6830815 0.6803741 0.6900093 0.6924175 0.6896485 0.6904214 0.7019928 0.6932001 0.7111118 0.4122996 0.4159909 0.3393481 0.3555463 0.3441523 0.3579529 0.3515046 0.3554702 0.3507172 0.0683529 0.0610690 0.1089433 0.0000000 0.0686802 0.0791200 0.0817898 0.1028310 0.1094587 0.1013758 0.0744919 0.0698273 0.0757899 0.0989629 0.0798686 0.0689943 0.0782286 0.0856290 0.0711122 0.0846246 0.0686558 0.0922115 0.0714042 0.1856054 0.2083588 0.1875453 0.4349028 0.6255048 0.8295892 0.9743741 1.0038746 0.8434693 0.8433423 0.8677962 1.0159696 0.8637567 
S0036_G7248_R1_A 0.6430384 0.6428854 0.6462352 0.6464652 0.6469506 0.6457433 0.6601282 0.6447818 0.6746871 0.3996444 0.4023428 0.3076733 0.3358928 0.3138670 0.3268787 0.3356674 0.3394878 0.3284271 0.0673295 0.0602041 0.1020925 0.0686802 0.0000000 0.0697236 0.0723330 0.1004832 0.0920950 0.1009466 0.0581189 0.0611835 0.0564378 0.0812872 0.0720750 0.0601499 0.0616153 0.0755432 0.0676113 0.0828616 0.0626823 0.0863314 0.0621762 0.1708196 0.1895049 0.1733942 0.4128186 0.6032719 0.7756470 0.9829731 1.0180853 0.8349532 0.8384118 0.8491677 1.0135507 0.7911670 
S0021_G7248_R2_A 0.6719548 0.6737169 0.6763768 0.6786679 0.6727167 0.6803129 0.6910364 0.6795285 0.6993472 0.3847794 0.3882341 0.3111612 0.3358612 0.3129259 0.3250395 0.3420512 0.3459010 0.3259291 0.0698691 0.0610429 0.1113075 0.0791200 0.0697236 0.0000000 0.0232324 0.1067881 0.1054933 0.1034875 0.0616317 0.0637817 0.0754517 0.0882407 0.0768485 0.0793875 0.0838657 0.0767559 0.0743611 0.0946699 0.0706349 0.0902749 0.0756855 0.1701071 0.1908797 0.1638875 0.4166769 0.6021664 0.8370195 1.0069110 1.0496937 0.8330940 0.8386966 0.8552824 1.0640356 0.8576736 
S0021_G7248_R1_A 0.6798144 0.6857952 0.6885005 0.6908433 0.6810285 0.6887653 0.6995601 0.6895544 0.7116908 0.3963161 0.3998231 0.3164089 0.3412723 0.3220793 0.3290044 0.3473616 0.3486664 0.3304537 0.0745864 0.0673254 0.1118095 0.0817898 0.0723330 0.0232324 0.0000000 0.1103253 0.1076548 0.1063320 0.0666876 0.0670603 0.0787837 0.0902417 0.0766425 0.0783595 0.0851179 0.0794264 0.0770028 0.0995428 0.0740742 0.0916364 0.0763113 0.1737545 0.1934297 0.1662433 0.4159708 0.6013843 0.8399402 1.0218298 1.0693735 0.8470626 0.8527375 0.8720123 1.0644787 0.8490230 
S0048_G7248_R1_A 0.6868938 0.6985790 0.7052950 0.7078607 0.7050280 0.7014687 0.7175399 0.7049908 0.7198286 0.4105259 0.4030843 0.3387484 0.3650813 0.3419372 0.3586306 0.3690912 0.3733233 0.3609460 0.0982157 0.0876615 0.1407541 0.1028310 0.1004832 0.1067881 0.1103253 0.0000000 0.1299178 0.0367791 0.1021649 0.1020644 0.1031009 0.1231793 0.1135934 0.1056722 0.1114331 0.1103234 0.1054173 0.0886961 0.1030406 0.1304791 0.1048599 0.2155932 0.2344937 0.1972459 0.4437277 0.6194618 0.8516568 1.0294110 1.0565835 0.9159425 0.9149164 0.9359684 1.0719860 0.8765749 
S0012_G7248_R1_A 0.7159069 0.7197186 0.7183843 0.7208883 0.7201951 0.7188864 0.7347610 0.7215972 0.7420949 0.4235572 0.4238553 0.3380617 0.3519358 0.3439161 0.3512645 0.3681040 0.3707674 0.3538776 0.0984727 0.0908604 0.1397096 0.1094587 0.0920950 0.1054933 0.1076548 0.1299178 0.0000000 0.1314251 0.1006356 0.0994898 0.0982291 0.1267838 0.1028881 0.1015452 0.1049620 0.1078684 0.1010191 0.1217642 0.0973026 0.1230416 0.0988356 0.2101242 0.2325439 0.2078679 0.4282607 0.6288195 0.8385083 1.0186784 1.0616318 0.8953646 0.8990875 0.9162716 1.0677066 0.8712201 
S0050_G7248_R1_A 0.6910500 0.6960438 0.6981502 0.7006484 0.7023861 0.7013569 0.7172330 0.7023727 0.7185148 0.4284049 0.4323216 0.3544423 0.3669707 0.3574373 0.3665755 0.3844038 0.3858538 0.3585517 0.0961583 0.0891025 0.1348568 0.1013758 0.1009466 0.1034875 0.1063320 0.0367791 0.1314251 0.0000000 0.1034369 0.1035791 0.1052982 0.1233290 0.1077715 0.1073545 0.1104646 0.1089617 0.1049154 0.0873889 0.1047817 0.1318537 0.1063819 0.2116900 0.2340855 0.1939044 0.4402867 0.6062677 0.8517515 1.0117935 1.0510682 0.8892332 0.8946418 0.9124549 1.0402018 0.8719294 
S0028_G7248_R1_A 0.6264236 0.6226251 0.6370153 0.6390138 0.6264154 0.6335427 0.6402620 0.6349217 0.6473597 0.3834329 0.3866029 0.2909482 0.3133378 0.2940532 0.3025098 0.3147118 0.3181649 0.3003649 0.0600575 0.0514711 0.0993232 0.0744919 0.0581189 0.0616317 0.0666876 0.1021649 0.1006356 0.1034369 0.0000000 0.0587986 0.0641003 0.0823842 0.0707896 0.0675127 0.0692146 0.0718879 0.0619133 0.0839846 0.0606548 0.0885386 0.0678932 0.1596696 0.1748387 0.1543288 0.4037787 0.6373398 0.7856978 0.9682109 1.0116082 0.8008752 0.8092856 0.8255995 0.9986372 0.8125443 
S0023_G7248_R1_A 0.6679387 0.6706891 0.6704574 0.6727691 0.6741142 0.6772702 0.6881915 0.6813119 0.6989661 0.3928745 0.3948964 0.3147042 0.3419054 0.3260413 0.3368710 0.3410530 0.3449721 0.3290197 0.0676023 0.0555636 0.1030607 0.0698273 0.0611835 0.0637817 0.0670603 0.1020644 0.0994898 0.1035791 0.0587986 0.0000000 0.0667393 0.0828358 0.0635153 0.0649565 0.0740156 0.0676764 0.0644073 0.0853768 0.0603588 0.0811064 0.0646526 0.1749552 0.1841397 0.1653152 0.4373501 0.6253124 0.8311459 0.9851097 1.0159305 0.8388976 0.8409997 0.8484820 1.0286133 0.8453022 
S0011_G7248_R1_A 0.6762392 0.6759381 0.6787087 0.6810137 0.6802797 0.6762013 0.6912309 0.6820879 0.7024412 0.3829791 0.3864347 0.3168737 0.3263563 0.3094527 0.3268518 0.3384340 0.3422452 0.3258152 0.0585173 0.0538530 0.1084441 0.0757899 0.0564378 0.0754517 0.0787837 0.1031009 0.0982291 0.1052982 0.0641003 0.0667393 0.0000000 0.0846901 0.0740452 0.0596665 0.0658593 0.0770788 0.0683610 0.0871233 0.0622652 0.0896546 0.0622010 0.1718903 0.1928603 0.1685426 0.4115299 0.6112429 0.8102818 0.9844669 1.0182948 0.8340315 0.8380569 0.8564664 1.0400259 0.7752560 
S0017_G7248_R1_A 0.7055357 0.7074195 0.7125658 0.7150912 0.7121984 0.7154129 0.7269328 0.7052852 0.7234791 0.4272549 0.4293980 0.3430437 0.3658138 0.3438091 0.3590578 0.3702708 0.3743228 0.3630691 0.0839470 0.0724280 0.1293860 0.0989629 0.0812872 0.0882407 0.0902417 0.1231793 0.1267838 0.1233290 0.0823842 0.0828358 0.0846901 0.0000000 0.0828517 0.0834106 0.0894645 0.0925740 0.0913109 0.1053389 0.0762466 0.1009537 0.0888563 0.1908495 0.1998731 0.1824905 0.4450333 0.6254896 0.8349437 1.0046490 1.0437341 0.8517972 0.8495466 0.8625809 1.0192180 0.8393809 
S0022_G7248_R1_A 0.6195943 0.6226808 0.6257992 0.6273452 0.6256236 0.6299778 0.6381416 0.6334725 0.6447959 0.4241111 0.4261289 0.3308817 0.3700822 0.3545030 0.3609606 0.3694284 0.3726069 0.3626404 0.0741929 0.0665828 0.1081954 0.0798686 0.0720750 0.0768485 0.0766425 0.1135934 0.1028881 0.1077715 0.0707896 0.0635153 0.0740452 0.0828517 0.0000000 0.0650865 0.0722231 0.0744858 0.0723892 0.0941137 0.0653349 0.0880574 0.0716579 0.1871309 0.1996155 0.1841634 0.4815410 0.6008486 0.7944767 0.9249592 0.9479704 0.8350349 0.8494856 0.8646820 0.9616581 0.8738001 
S0019_G7248_R1_A 0.6689179 0.6643757 0.6714283 0.6737370 0.6670564 0.6638903 0.6789328 0.6704970 0.6899366 0.4140746 0.4161786 0.3320998 0.3509727 0.3394744 0.3476810 0.3506222 0.3545883 0.3444131 0.0655682 0.0543568 0.0993708 0.0689943 0.0601499 0.0793875 0.0783595 0.1056722 0.1015452 0.1073545 0.0675127 0.0649565 0.0596665 0.0834106 0.0650865 0.0000000 0.0524043 0.0784737 0.0681883 0.0874841 0.0627851 0.0871616 0.0612897 0.1788041 0.1944862 0.1775771 0.4390614 0.6202525 0.8466550 0.9833779 1.0210934 0.8231886 0.8208704 0.8371684 1.0256792 0.8363010 
S0020_G7248_R1_A 0.6647235 0.6644669 0.6651623 0.6674612 0.6678526 0.6712443 0.6774901 0.6703814 0.6926743 0.4040763 0.4101641 0.3212814 0.3396349 0.3350295 0.3343411 0.3468138 0.3494536 0.3346705 0.0716081 0.0643184 0.1019173 0.0782286 0.0616153 0.0838657 0.0851179 0.1114331 0.1049620 0.1104646 0.0692146 0.0740156 0.0658593 0.0894645 0.0722231 0.0524043 0.0000000 0.0801132 0.0727789 0.0896943 0.0634620 0.0910957 0.0613005 0.1826594 0.1969480 0.1701338 0.4233966 0.6047592 0.8304423 0.9929627 1.0373538 0.8170492 0.8204478 0.8376255 1.0312068 0.8204927 
S0026_G7248_R1_A 0.6722365 0.6719477 0.6747513 0.6750786 0.6784342 0.6838376 0.6925561 0.6860761 0.6976239 0.4207335 0.4244628 0.3254690 0.3540951 0.3385152 0.3547282 0.3617480 0.3644269 0.3525640 0.0762783 0.0672388 0.1142797 0.0856290 0.0755432 0.0767559 0.0794264 0.1103234 0.1078684 0.1089617 0.0718879 0.0676764 0.0770788 0.0925740 0.0744858 0.0784737 0.0801132 0.0000000 0.0798105 0.0929118 0.0726302 0.0958271 0.0754273 0.1782400 0.2001204 0.1735629 0.4310485 0.6177240 0.8106820 1.0098553 1.0536139 0.8834033 0.8789072 0.8954710 1.0514542 0.8491229 
S0004_G7248_R1_A 0.6620730 0.6682293 0.6667083 0.6732684 0.6789231 0.6796959 0.6905078 0.6720867 0.6936473 0.4107618 0.4169706 0.3282049 0.3479374 0.3403713 0.3497514 0.3479129 0.3518663 0.3447718 0.0666818 0.0570516 0.1064930 0.0711122 0.0676113 0.0743611 0.0770028 0.1054173 0.1010191 0.1049154 0.0619133 0.0644073 0.0683610 0.0913109 0.0723892 0.0681883 0.0727789 0.0798105 0.0000000 0.0892183 0.0670444 0.0904976 0.0678812 0.1800590 0.1910311 0.1756459 0.4431544 0.6385077 0.8155024 0.9916111 1.0259542 0.8669880 0.8757281 0.8966687 1.0083183 0.8429281 
S0013_G7248_R1_A 0.6900054 0.6917904 0.6992507 0.7017086 0.6989639 0.7022663 0.7112941 0.6988425 0.7137176 0.3993932 0.4063274 0.3350800 0.3556681 0.3387522 0.3515386 0.3609578 0.3649667 0.3471474 0.0816677 0.0686624 0.1245022 0.0846246 0.0828616 0.0946699 0.0995428 0.0886961 0.1217642 0.0873889 0.0839846 0.0853768 0.0871233 0.1053389 0.0941137 0.0874841 0.0896943 0.0929118 0.0892183 0.0000000 0.0829389 0.1091577 0.0851615 0.1919682 0.2096224 0.1918923 0.4306187 0.6246052 0.8364779 1.0239397 1.0609150 0.8685712 0.8732392 0.8918850 1.0399399 0.8639972 
S0030_G7248_R1_A 0.6536575 0.6534468 0.6592955 0.6616127 0.6578445 0.6630900 0.6740734 0.6521830 0.6772725 0.4010459 0.4031048 0.3230124 0.3486235 0.3268858 0.3432995 0.3506249 0.3545901 0.3412262 0.0641949 0.0558714 0.0979330 0.0686558 0.0626823 0.0706349 0.0740742 0.1030406 0.0973026 0.1047817 0.0606548 0.0603588 0.0622652 0.0762466 0.0653349 0.0627851 0.0634620 0.0726302 0.0670444 0.0829389 0.0000000 0.0797945 0.0619730 0.1744654 0.1887712 0.1649842 0.4264961 0.6050689 0.8045419 1.0084200 1.0500199 0.8530556 0.8454010 0.8585696 1.0414565 0.8399353 
S0046_G7248_R1_A 0.6810664 0.6898233 0.6838242 0.6862036 0.6898895 0.6886669 0.7042427 0.7009220 0.7107378 0.4153655 0.4191041 0.3309145 0.3503960 0.3364692 0.3460347 0.3585690 0.3599286 0.3399053 0.0905864 0.0820935 0.1219481 0.0922115 0.0863314 0.0902749 0.0916364 0.1304791 0.1230416 0.1318537 0.0885386 0.0811064 0.0896546 0.1009537 0.0880574 0.0871616 0.0910957 0.0958271 0.0904976 0.1091577 0.0797945 0.0000000 0.0908096 0.1924978 0.2060994 0.1888278 0.4391712 0.6211859 0.8513309 1.0006813 1.0322765 0.8848933 0.8940599 0.9119205 1.0402032 0.8353720 
S0002_G7248_R1_A 0.6782764 0.6759397 0.6787585 0.6811040 0.6802239 0.6812370 0.6966401 0.6841909 0.7018361 0.3834407 0.3854791 0.3187341 0.3512087 0.3279547 0.3467331 0.3512245 0.3552095 0.3457588 0.0636021 0.0547492 0.1056429 0.0714042 0.0621762 0.0756855 0.0763113 0.1048599 0.0988356 0.1063819 0.0678932 0.0646526 0.0622010 0.0888563 0.0716579 0.0612897 0.0613005 0.0754273 0.0678812 0.0851615 0.0619730 0.0908096 0.0000000 0.1762354 0.1964368 0.1731837 0.4202727 0.6017798 0.8543983 0.9669510 1.0046819 0.8264718 0.8304545 0.8501853 1.0123536 0.8586335 
S0033_G7248_R1_A 0.6827429 0.6758303 0.6852027 0.6876594 0.6742225 0.6823127 0.6860270 0.6876388 0.7014017 0.3713008 0.3746790 0.2758933 0.3139537 0.2813430 0.2866105 0.3176671 0.3211579 0.2967854 0.1640592 0.1697315 0.2147593 0.1856054 0.1708196 0.1701071 0.1737545 0.2155932 0.2101242 0.2116900 0.1596696 0.1749552 0.1718903 0.1908495 0.1871309 0.1788041 0.1826594 0.1782400 0.1800590 0.1919682 0.1744654 0.1924978 0.1762354 0.0000000 0.1636101 0.1708387 0.4162898 0.6005744 0.8002931 1.1190239 1.1706229 0.8866665 0.8925734 0.9164832 1.1150435 0.8014390 
S0005_G7248_R1_A 0.7481946 0.7394365 0.7458675 0.7507961 0.7570095 0.7510696 0.7709425 0.7433245 0.7681699 0.4172556 0.4210184 0.3329379 0.3791283 0.3462528 0.3466285 0.3622079 0.3662344 0.3606363 0.1960423 0.1911419 0.2288196 0.2083588 0.1895049 0.1908797 0.1934297 0.2344937 0.2325439 0.2340855 0.1748387 0.1841397 0.1928603 0.1998731 0.1996155 0.1944862 0.1969480 0.2001204 0.1910311 0.2096224 0.1887712 0.2060994 0.1964368 0.1636101 0.0000000 0.1887216 0.4544374 0.6313637 0.9224961 1.1334918 1.1894276 1.0008082 0.9981495 1.0190691 1.1706406 0.9109177 
S0035_G7248_R1_A 0.7184683 0.7261632 0.7234059 0.7282415 0.7221326 0.7247103 0.7338364 0.7244321 0.7356836 0.3944113 0.3977176 0.3048981 0.3323842 0.3081322 0.3090943 0.3421968 0.3434617 0.3091944 0.1687482 0.1634964 0.2108720 0.1875453 0.1733942 0.1638875 0.1662433 0.1972459 0.2078679 0.1939044 0.1543288 0.1653152 0.1685426 0.1824905 0.1841634 0.1775771 0.1701338 0.1735629 0.1756459 0.1918923 0.1649842 0.1888278 0.1731837 0.1708387 0.1887216 0.0000000 0.4104984 0.6119033 0.8122765 1.0494210 1.0649347 0.8650202 0.8770891 0.9059692 1.0742533 0.8472551 
S0006_G7248_R1_A 0.7573007 0.7558435 0.7624880 0.7684124 0.7555872 0.7632494 0.7686151 0.7660788 0.7811261 0.4824927 0.4828655 0.4166016 0.4314428 0.3887015 0.3992173 0.4809785 0.4842172 0.4212685 0.4110017 0.4050487 0.4416729 0.4349028 0.4128186 0.4166769 0.4159708 0.4437277 0.4282607 0.4402867 0.4037787 0.4373501 0.4115299 0.4450333 0.4815410 0.4390614 0.4233966 0.4310485 0.4431544 0.4306187 0.4264961 0.4391712 0.4202727 0.4162898 0.4544374 0.4104984 0.0000000 0.2135453 0.7768209 1.1981392 1.2079929 1.1115488 1.1145700 1.1411860 1.3359715 0.7979294 
S0006_G7248_R2_U 0.8974183 0.9016134 0.9271569 0.9214898 0.9106640 0.9111075 0.9246500 0.9099387 0.9354273 0.7288152 0.7326209 0.6691812 0.7230529 0.6717621 0.6882452 0.7405996 0.7405996 0.7103334 0.6501974 0.6461912 0.6385859 0.6255048 0.6032719 0.6021664 0.6013843 0.6194618 0.6288195 0.6062677 0.6373398 0.6253124 0.6112429 0.6254896 0.6008486 0.6202525 0.6047592 0.6177240 0.6385077 0.6246052 0.6050689 0.6211859 0.6017798 0.6005744 0.6313637 0.6119033 0.2135453 0.0000000 0.8693220 1.4405511 1.4467662 1.2216633 1.2421128 1.2945675 1.5302194 0.9719051 
S0049_G7248_R1_A 0.8756837 0.8843519 0.8819423 0.8773996 0.8893611 0.8959461 0.9007539 0.8878301 0.9081042 0.7249160 0.7279674 0.6966306 0.7282673 0.6822364 0.6954781 0.7916054 0.7974861 0.6887517 0.7773213 0.7563476 0.8288034 0.8295892 0.7756470 0.8370195 0.8399402 0.8516568 0.8385083 0.8517515 0.7856978 0.8311459 0.8102818 0.8349437 0.7944767 0.8466550 0.8304423 0.8106820 0.8155024 0.8364779 0.8045419 0.8513309 0.8543983 0.8002931 0.9224961 0.8122765 0.7768209 0.8693220 0.0000000 1.1219712 1.0936563 1.0560253 1.0552310 1.0514117 1.0772123 0.8492641 
S0025_G7248_R1_A 1.4181088 1.4553712 1.3923860 1.4114534 1.4496803 1.4439819 1.4622459 1.4504971 1.4536275 1.2405264 1.2490026 1.1192496 1.1467080 1.0758740 1.0702682 1.1367815 1.1367815 1.1459419 0.9350923 0.9423642 1.0482399 0.9743741 0.9829731 1.0069110 1.0218298 1.0294110 1.0186784 1.0117935 0.9682109 0.9851097 0.9844669 1.0046490 0.9249592 0.9833779 0.9929627 1.0098553 0.9916111 1.0239397 1.0084200 1.0006813 0.9669510 1.1190239 1.1334918 1.0494210 1.1981392 1.4405511 1.1219712 0.0000000 0.0398444 0.6410623 0.6437708 0.6450807 0.4313924 1.2481810 
S0029_G7248_R1_A 1.4275575 1.4602677 1.4054151 1.4255551 1.4659438 1.4717288 1.4792646 1.4666049 1.4467737 1.2725873 1.2818884 1.1521068 1.1780664 1.0939177 1.0897269 1.1668940 1.1668940 1.1859758 0.9599142 0.9721932 1.0934336 1.0038746 1.0180853 1.0496937 1.0693735 1.0565835 1.0616318 1.0510682 1.0116082 1.0159305 1.0182948 1.0437341 0.9479704 1.0210934 1.0373538 1.0536139 1.0259542 1.0609150 1.0500199 1.0322765 1.0046819 1.1706229 1.1894276 1.0649347 1.2079929 1.4467662 1.0936563 0.0398444 0.0000000 0.6173556 0.6222767 0.6190015 0.4098805 1.2309073 
S0024_G7248_R1_A 1.2368227 1.2144644 1.1986229 1.2215103 1.2278196 1.2299051 1.2529993 1.2337300 1.2364911 1.0833156 1.0954047 1.0447194 1.0708297 1.0009810 1.0193163 1.0563904 1.0563904 1.0697479 0.7463110 0.7379617 0.8518854 0.8434693 0.8349532 0.8330940 0.8470626 0.9159425 0.8953646 0.8892332 0.8008752 0.8388976 0.8340315 0.8517972 0.8350349 0.8231886 0.8170492 0.8834033 0.8669880 0.8685712 0.8530556 0.8848933 0.8264718 0.8866665 1.0008082 0.8650202 1.1115488 1.2216633 1.0560253 0.6410623 0.6173556 0.0000000 0.0269629 0.0491942 0.2974974 1.0201707 
S0032_G7248_R1_N 1.2393628 1.2168637 1.2009491 1.2239614 1.2303062 1.2323988 1.2556360 1.2362317 1.2390324 1.0810956 1.0931734 1.0569312 1.0802448 1.0240049 1.0319591 1.0639240 1.0639240 1.0862419 0.7598539 0.7456470 0.8517547 0.8433423 0.8384118 0.8386966 0.8527375 0.9149164 0.8990875 0.8946418 0.8092856 0.8409997 0.8380569 0.8495466 0.8494856 0.8208704 0.8204478 0.8789072 0.8757281 0.8732392 0.8454010 0.8940599 0.8304545 0.8925734 0.9981495 0.8770891 1.1145700 1.2421128 1.0552310 0.6437708 0.6222767 0.0269629 0.0000000 0.0369424 0.2778407 1.0134363 
S0032_G7248_R2_N 1.2750894 1.2606813 1.2443063 1.2683412 1.2749803 1.2675982 1.3016184 1.2808489 1.2842180 1.1031573 1.1114004 1.0673316 1.0833662 1.0339634 1.0425819 1.0955583 1.0955583 1.0958684 0.7873320 0.7731361 0.8679944 0.8677962 0.8491677 0.8552824 0.8720123 0.9359684 0.9162716 0.9124549 0.8255995 0.8484820 0.8564664 0.8625809 0.8646820 0.8371684 0.8376255 0.8954710 0.8966687 0.8918850 0.8585696 0.9119205 0.8501853 0.9164832 1.0190691 0.9059692 1.1411860 1.2945675 1.0514117 0.6450807 0.6190015 0.0491942 0.0369424 0.0000000 0.2709896 1.0355665 
S0001_G7248_R1_A 1.3680729 1.4186868 1.3687813 1.3890235 1.4151224 1.4124055 1.4235824 1.4468417 1.4545452 1.3658445 1.3829163 1.1775876 1.2473414 1.2208727 1.1552453 1.3745281 1.3794396 1.2184996 0.9725680 0.9421724 1.0240262 1.0159696 1.0135507 1.0640356 1.0644787 1.0719860 1.0677066 1.0402018 0.9986372 1.0286133 1.0400259 1.0192180 0.9616581 1.0256792 1.0312068 1.0514542 1.0083183 1.0399399 1.0414565 1.0402032 1.0123536 1.1150435 1.1706406 1.0742533 1.3359715 1.5302194 1.0772123 0.4313924 0.4098805 0.2974974 0.2778407 0.2709896 0.0000000 1.1188498 
S0003_G7248_R1_N 0.7035681 0.7286832 0.7145313 0.7138903 0.7230255 0.7211373 0.7248437 0.7069884 0.7254623 0.8521538 0.8553562 0.8056967 0.8308265 0.8212452 0.8043643 0.8264061 0.8264061 0.7907362 0.7777834 0.7821097 0.8406079 0.8637567 0.7911670 0.8576736 0.8490230 0.8765749 0.8712201 0.8719294 0.8125443 0.8453022 0.7752560 0.8393809 0.8738001 0.8363010 0.8204927 0.8491229 0.8429281 0.8639972 0.8399353 0.8353720 0.8586335 0.8014390 0.9109177 0.8472551 0.7979294 0.9719051 0.8492641 1.2481810 1.2309073 1.0201707 1.0134363 1.0355665 1.1188498 0.0000000 
