66
S0012_G7279_R1_A 0.0000000 0.0642709 0.0724705 0.0587988 0.0634862 0.0633067 0.0622120 0.0557597 0.0529443 0.0514302 0.0585501 0.0657234 0.0724705 0.0694194 0.0528124 0.0677628 0.0657649 0.0711272 0.0677598 0.0587657 0.0584350 0.0557065 0.0648982 0.0696704 0.0646413 0.1227969 0.1317300 0.1317300 0.1318589 0.1318589 0.2602339 0.2450372 0.1853886 0.2659666 0.2453137 0.2453137 0.2771886 0.2771886 0.2604553 0.2947007 0.2845595 0.4107644 0.4558150 0.5248088 0.5363506 0.5248088 0.5363506 0.5123999 0.5037685 0.5199544 0.5099472 0.5236740 0.6432033 0.5693258 0.6655840 0.6780397 0.6046356 0.6789382 0.6812085 0.7245570 0.7239963 0.6999466 0.7041599 0.7126051 0.5951875 0.6072526 
S0046_G7279_R1_A 0.0642709 0.0000000 0.0518526 0.0370851 0.0443900 0.0450879 0.0445732 0.0326754 0.0400938 0.0328410 0.0502410 0.0484228 0.0518526 0.0489046 0.0357314 0.0593540 0.0646198 0.0533673 0.0546256 0.0459220 0.0383073 0.0413036 0.0445285 0.0458438 0.0514510 0.1196504 0.1158300 0.1158300 0.1206281 0.1206281 0.2430223 0.2198358 0.1830596 0.2541385 0.2253124 0.2253124 0.2505602 0.2505602 0.2443244 0.2719516 0.2622243 0.3987820 0.4287766 0.5037411 0.5144845 0.5037411 0.5144845 0.4896413 0.4710767 0.4848662 0.4936020 0.5089801 0.6226276 0.5420859 0.6071377 0.6186936 0.5599422 0.6163294 0.6175032 0.6570600 0.6640167 0.6246751 0.6286407 0.6365904 0.5584994 0.5749934 
S0021_G7279_R1_U 0.0724705 0.0518526 0.0000000 0.0467426 0.0436759 0.0353042 0.0424183 0.0452199 0.0482697 0.0395889 0.0615012 0.0580834 0.0000010 0.0211390 0.0423883 0.0737932 0.0783404 0.0603032 0.0644353 0.0556670 0.0493289 0.0509425 0.0171086 0.0601443 0.0568166 0.1073977 0.1120224 0.1120224 0.1155286 0.1155286 0.2334403 0.2180380 0.1630198 0.2353344 0.2118458 0.2118458 0.2525319 0.2525319 0.2419804 0.2743778 0.2647313 0.4191518 0.4586540 0.5167931 0.5279022 0.5167931 0.5279022 0.5132742 0.5101303 0.5245552 0.5207899 0.5314207 0.6270921 0.5492352 0.6320953 0.6440659 0.5701402 0.6492692 0.6510083 0.6925727 0.6920688 0.6688218 0.6729444 0.6723253 0.5615521 0.5726992 
S0020_G7279_R1_A 0.0587988 0.0370851 0.0467426 0.0000000 0.0380585 0.0398397 0.0367925 0.0295442 0.0295973 0.0226546 0.0451452 0.0448436 0.0467426 0.0452801 0.0296296 0.0540410 0.0595891 0.0468374 0.0480234 0.0409198 0.0335713 0.0350790 0.0409976 0.0408746 0.0405933 0.1164565 0.1142082 0.1142082 0.1194280 0.1194280 0.2318878 0.2273955 0.1761789 0.2462763 0.2190954 0.2190954 0.2436174 0.2436174 0.2475582 0.2602866 0.2508775 0.3999142 0.4278999 0.4924401 0.5062248 0.4924401 0.5062248 0.4862360 0.4827060 0.4967557 0.4931238 0.5037032 0.6360447 0.5506790 0.6185118 0.6207842 0.5627322 0.6201823 0.6214219 0.6536411 0.6532010 0.6308292 0.6348575 0.6388922 0.5601258 0.5652945 
S0026_G7279_R1_A 0.0634862 0.0443900 0.0436759 0.0380585 0.0000000 0.0353262 0.0310584 0.0365986 0.0367808 0.0338425 0.0539654 0.0507053 0.0436759 0.0366220 0.0352549 0.0615619 0.0658095 0.0542449 0.0569031 0.0482629 0.0406635 0.0408161 0.0351918 0.0497251 0.0493922 0.1111441 0.0991204 0.0991204 0.1108157 0.1108157 0.2299091 0.2160812 0.1679881 0.2412476 0.2155036 0.2155036 0.2399809 0.2399809 0.2493009 0.2623192 0.2528862 0.4053763 0.4418753 0.5095552 0.5236183 0.5095552 0.5236183 0.4909780 0.4824043 0.4963679 0.4880674 0.5037130 0.6438592 0.5418696 0.6120643 0.6238023 0.5638348 0.6252610 0.6265962 0.6670193 0.6665558 0.6437922 0.6478695 0.6560434 0.5552322 0.5664025 
S0023_G7279_R1_A 0.0633067 0.0450879 0.0353042 0.0398397 0.0353262 0.0000000 0.0340032 0.0368951 0.0384723 0.0354759 0.0519622 0.0486819 0.0353042 0.0338541 0.0355352 0.0596249 0.0640096 0.0537893 0.0551500 0.0475419 0.0426286 0.0427763 0.0294994 0.0490146 0.0456205 0.1030794 0.0981795 0.0981795 0.1022800 0.1022800 0.2115145 0.1960685 0.1414702 0.2241666 0.2045773 0.2045773 0.2243509 0.2243509 0.2337718 0.2469745 0.2373513 0.3776622 0.4123881 0.4715501 0.4761352 0.4715501 0.4761352 0.4600490 0.4560401 0.4701200 0.4614337 0.4707298 0.6174944 0.5224981 0.5889801 0.5934474 0.5425310 0.6033314 0.6002251 0.6406168 0.6394958 0.6162700 0.6204742 0.6289042 0.5354089 0.5451621 
S0028_G7279_R1_A 0.0622120 0.0445732 0.0424183 0.0367925 0.0310584 0.0340032 0.0000000 0.0353325 0.0369281 0.0311066 0.0512547 0.0494439 0.0424183 0.0395676 0.0354364 0.0588342 0.0630254 0.0515458 0.0542135 0.0455772 0.0365859 0.0381216 0.0353320 0.0455663 0.0495691 0.1131655 0.1026933 0.1026933 0.1111864 0.1111864 0.2263428 0.2079250 0.1530426 0.2274251 0.2040716 0.2040716 0.2342749 0.2342749 0.2372819 0.2456107 0.2363278 0.4053850 0.4421772 0.4855086 0.5061863 0.4855086 0.5061863 0.4832737 0.4857754 0.4999401 0.4930173 0.5036510 0.6096863 0.5297574 0.5903076 0.6014857 0.5514313 0.6031246 0.6040676 0.6423335 0.6419196 0.6202351 0.6241577 0.6320214 0.5429781 0.5539628 
S0036_G7279_R1_U 0.0557597 0.0326754 0.0452199 0.0295442 0.0365986 0.0368951 0.0353325 0.0000000 0.0282508 0.0240412 0.0436739 0.0419507 0.0452199 0.0408230 0.0240737 0.0568726 0.0564801 0.0409688 0.0450879 0.0366567 0.0307579 0.0322463 0.0366519 0.0409311 0.0378125 0.1113005 0.1019545 0.1019545 0.1105898 0.1105898 0.2299025 0.2084510 0.1603607 0.2249687 0.2131544 0.2131544 0.2319536 0.2319536 0.2319795 0.2568506 0.2474602 0.4020062 0.4337123 0.4887525 0.5051703 0.4887525 0.5051703 0.4827062 0.4791721 0.4929923 0.4960865 0.5065435 0.6283129 0.5360874 0.6037372 0.6151613 0.5557543 0.6166795 0.6126505 0.6500687 0.6496415 0.6277158 0.6316698 0.6395964 0.5523631 0.5582702 
S0002_G7279_R1_A 0.0529443 0.0400938 0.0482697 0.0295973 0.0367808 0.0384723 0.0369281 0.0282508 0.0000000 0.0254587 0.0423304 0.0406180 0.0482697 0.0453784 0.0296458 0.0539640 0.0550553 0.0468642 0.0436269 0.0409988 0.0350741 0.0337148 0.0410862 0.0439852 0.0392459 0.1087064 0.1110311 0.1110311 0.1199363 0.1199363 0.2354692 0.2246339 0.1723975 0.2498438 0.2227435 0.2227435 0.2530923 0.2530923 0.2490988 0.2735204 0.2637794 0.3850980 0.4189838 0.4954730 0.5093033 0.4954730 0.5093033 0.4896278 0.4857697 0.4999398 0.4961995 0.5100719 0.6290228 0.5231516 0.5989837 0.6104666 0.5534683 0.6159037 0.6170720 0.6566619 0.6562186 0.6338657 0.6378862 0.6459462 0.5449778 0.5560096 
S0019_G7279_R1_A 0.0514302 0.0328410 0.0395889 0.0226546 0.0338425 0.0354759 0.0311066 0.0240412 0.0254587 0.0000000 0.0394691 0.0391912 0.0395889 0.0395705 0.0241098 0.0525406 0.0550984 0.0410966 0.0408928 0.0353168 0.0253050 0.0295205 0.0353346 0.0366212 0.0363817 0.1045619 0.1092036 0.1092036 0.1128521 0.1128521 0.2400424 0.2268984 0.1681859 0.2423074 0.2177156 0.2177156 0.2448406 0.2448406 0.2514827 0.2624525 0.2529436 0.4196875 0.4600578 0.4801434 0.4973174 0.4801434 0.4973174 0.4875363 0.4840178 0.4981132 0.4944860 0.5050892 0.6356120 0.5404271 0.6149751 0.6266527 0.5605099 0.6280716 0.6294414 0.6533461 0.6529118 0.6393638 0.6347960 0.6342174 0.5569000 0.5563641 
S0013_G7279_R1_A 0.0585501 0.0502410 0.0615012 0.0451452 0.0539654 0.0519622 0.0512547 0.0436739 0.0423304 0.0394691 0.0000000 0.0505362 0.0615012 0.0570316 0.0408229 0.0581263 0.0622824 0.0540820 0.0611215 0.0524485 0.0477671 0.0450577 0.0555735 0.0555789 0.0595524 0.1173738 0.1165643 0.1165643 0.1239068 0.1239068 0.2442281 0.2428294 0.1906618 0.2620910 0.2365946 0.2365946 0.2668790 0.2668790 0.2613395 0.2841765 0.2743689 0.4064196 0.4422804 0.5008595 0.5147024 0.5008595 0.5147024 0.5019705 0.4900069 0.5109013 0.5174296 0.5280418 0.6227192 0.5362892 0.5936578 0.6048727 0.5622515 0.6064787 0.6074749 0.6458936 0.6454745 0.6237252 0.6276540 0.6355299 0.5562012 0.5647709 
S0004_G7279_R1_A 0.0657234 0.0484228 0.0580834 0.0448436 0.0507053 0.0486819 0.0494439 0.0419507 0.0406180 0.0391912 0.0505362 0.0000000 0.0580834 0.0551566 0.0377101 0.0667886 0.0650926 0.0506308 0.0532526 0.0433136 0.0460077 0.0475852 0.0508134 0.0535492 0.0562345 0.1191965 0.1254485 0.1254485 0.1272311 0.1272311 0.2507776 0.2351738 0.1894982 0.2576268 0.2325282 0.2325282 0.2544501 0.2544501 0.2576690 0.2792825 0.2695576 0.4313677 0.4702467 0.5197904 0.5239533 0.5197904 0.5239533 0.5138508 0.5136245 0.5217888 0.5189045 0.5345978 0.6391572 0.5686521 0.6404176 0.6524137 0.5977588 0.6496328 0.6599802 0.6927197 0.6864985 0.6690940 0.6731946 0.6814158 0.5889997 0.6003497 
S0021_G7279_R4_U 0.0724705 0.0518526 0.0000010 0.0467426 0.0436759 0.0353042 0.0424183 0.0452199 0.0482697 0.0395889 0.0615012 0.0580834 0.0000000 0.0211390 0.0423883 0.0737932 0.0783404 0.0603032 0.0644353 0.0556670 0.0493289 0.0509425 0.0171086 0.0601443 0.0568166 0.1073977 0.1120224 0.1120224 0.1155286 0.1155286 0.2334403 0.2180380 0.1630198 0.2353344 0.2118458 0.2118458 0.2525319 0.2525319 0.2419804 0.2743778 0.2647313 0.4191518 0.4586540 0.5167931 0.5279022 0.5167931 0.5279022 0.5132742 0.5101303 0.5245552 0.5207899 0.5314207 0.6270921 0.5492352 0.6320953 0.6440659 0.5701402 0.6492692 0.6510083 0.6925727 0.6920688 0.6688218 0.6729444 0.6723253 0.5615521 0.5726992 
S0021_G7279_R3_A 0.0694194 0.0489046 0.0211390 0.0452801 0.0366220 0.0338541 0.0395676 0.0408230 0.0453784 0.0395705 0.0570316 0.0551566 0.0211390 0.0000000 0.0424830 0.0737528 0.0767764 0.0603015 0.0614514 0.0527273 0.0464539 0.0480492 0.0012878 0.0571775 0.0553253 0.1060718 0.1037505 0.1037505 0.1192533 0.1192533 0.2224073 0.2142208 0.1713898 0.2387483 0.2170023 0.2170023 0.2498884 0.2498884 0.2361483 0.2661685 0.2566956 0.4126514 0.4506210 0.5044761 0.5149235 0.5044761 0.5149235 0.4944144 0.4910040 0.5051525 0.5020405 0.5125758 0.6328311 0.5549517 0.6365213 0.6486227 0.5735272 0.6538204 0.6556494 0.6894997 0.6889997 0.6657659 0.6698910 0.6781604 0.5705714 0.5761024 
S0016_G7279_R1_A 0.0528124 0.0357314 0.0423883 0.0296296 0.0352549 0.0355352 0.0354364 0.0240737 0.0296458 0.0241098 0.0408229 0.0377101 0.0423883 0.0424830 0.0000000 0.0524561 0.0534474 0.0380824 0.0436725 0.0352590 0.0308465 0.0309460 0.0382162 0.0410527 0.0407814 0.1132980 0.1057588 0.1057588 0.1092659 0.1092659 0.2460886 0.2154415 0.1671809 0.2353747 0.2139110 0.2139110 0.2420210 0.2420210 0.2420793 0.2741995 0.2644908 0.4060095 0.4360318 0.5079807 0.5151081 0.5079807 0.5151081 0.4958167 0.4952996 0.5094582 0.4948806 0.5053270 0.6352602 0.5349158 0.6010029 0.6124252 0.5592823 0.6139743 0.6099018 0.6543149 0.6538784 0.6317266 0.6357143 0.6437098 0.5508035 0.5618161 
S0050_G7279_R1_A 0.0677628 0.0593540 0.0737932 0.0540410 0.0615619 0.0596249 0.0588342 0.0568726 0.0539640 0.0525406 0.0581263 0.0667886 0.0737932 0.0737528 0.0524561 0.0000000 0.0298707 0.0646608 0.0670464 0.0585820 0.0595322 0.0597587 0.0692091 0.0692160 0.0672141 0.1395468 0.1334176 0.1334176 0.1368667 0.1368667 0.2553286 0.2248003 0.1745001 0.2534579 0.2268690 0.2268690 0.2587324 0.2587324 0.2536312 0.2730340 0.2633099 0.4157565 0.4516191 0.5142518 0.5324146 0.5142518 0.5324146 0.5058651 0.4909225 0.5119912 0.5111964 0.5299826 0.6472707 0.5371410 0.5963492 0.5994655 0.5510774 0.6049467 0.6059275 0.6446649 0.6442434 0.6223015 0.6262667 0.6342159 0.5486136 0.5536122 
S0048_G7279_R1_A 0.0657649 0.0646198 0.0783404 0.0595891 0.0658095 0.0640096 0.0630254 0.0564801 0.0550553 0.0550984 0.0622824 0.0650926 0.0783404 0.0767764 0.0534474 0.0298707 0.0000000 0.0674663 0.0747680 0.0626939 0.0606803 0.0608945 0.0721241 0.0705768 0.0700611 0.1300883 0.1216192 0.1216192 0.1343693 0.1343693 0.2550353 0.2351836 0.1691933 0.2514780 0.2366363 0.2366363 0.2688520 0.2688520 0.2575938 0.2965103 0.2862306 0.4081055 0.4322863 0.5287258 0.5333771 0.5287258 0.5333771 0.5128127 0.4973144 0.5193271 0.5082784 0.5277514 0.6775537 0.5528070 0.6311903 0.6346882 0.5739904 0.6332000 0.6346965 0.6720816 0.6709059 0.6482791 0.6524477 0.6608050 0.5710508 0.5765529 
S0037_G7279_R1_A 0.0711272 0.0533673 0.0603032 0.0468374 0.0542449 0.0537893 0.0515458 0.0409688 0.0468642 0.0410966 0.0540820 0.0506308 0.0603032 0.0603015 0.0380824 0.0646608 0.0674663 0.0000000 0.0436141 0.0408254 0.0480094 0.0496184 0.0558615 0.0556878 0.0554430 0.1311321 0.1266906 0.1266906 0.1307190 0.1307190 0.2570296 0.2345251 0.1780588 0.2549810 0.2299251 0.2299251 0.2728504 0.2728504 0.2586151 0.2748343 0.2707844 0.4295529 0.4729467 0.5174400 0.5356668 0.5174400 0.5356668 0.5079243 0.5002540 0.5215109 0.5154453 0.5261372 0.6465031 0.5468581 0.6195540 0.6161201 0.5777503 0.6326678 0.6341155 0.6745922 0.6741203 0.6513766 0.6554383 0.6635806 0.5633444 0.5803291 
S0018_G7279_R1_A 0.0677598 0.0546256 0.0644353 0.0480234 0.0569031 0.0551500 0.0542135 0.0450879 0.0436269 0.0408928 0.0611215 0.0532526 0.0644353 0.0614514 0.0436725 0.0670464 0.0747680 0.0436141 0.0000000 0.0349334 0.0477713 0.0522630 0.0570263 0.0583448 0.0535650 0.1283829 0.1316211 0.1316211 0.1316560 0.1316560 0.2569961 0.2403849 0.1827424 0.2605013 0.2329781 0.2329781 0.2580504 0.2580504 0.2700835 0.2675222 0.2635053 0.4307423 0.4705871 0.5145970 0.5358341 0.5145970 0.5358341 0.5108997 0.5135495 0.5281103 0.5200049 0.5306751 0.6266059 0.5347176 0.5981036 0.6044382 0.5557971 0.6060881 0.6155442 0.6465209 0.6460898 0.6237664 0.6277972 0.6358786 0.5471904 0.5583717 
S0031_G7279_R1_A 0.0587657 0.0459220 0.0556670 0.0409198 0.0482629 0.0475419 0.0455772 0.0366567 0.0409988 0.0353168 0.0524485 0.0433136 0.0556670 0.0527273 0.0352590 0.0585820 0.0626939 0.0408254 0.0349334 0.0000000 0.0421628 0.0423235 0.0483662 0.0496884 0.0538268 0.1254914 0.1215794 0.1215794 0.1234250 0.1234250 0.2507773 0.2300022 0.1713423 0.2479186 0.2228621 0.2228621 0.2539698 0.2539698 0.2548335 0.2579265 0.2539236 0.4280339 0.4744570 0.5187758 0.5331573 0.5187758 0.5331573 0.5053620 0.5079105 0.5223910 0.5181078 0.5287821 0.6573034 0.5462184 0.6133965 0.6250989 0.5715751 0.6391587 0.6257440 0.6738530 0.6677272 0.6450412 0.6491027 0.6572449 0.5613307 0.5741664 
S0030_G7279_R1_A 0.0584350 0.0383073 0.0493289 0.0335713 0.0406635 0.0426286 0.0365859 0.0307579 0.0350741 0.0253050 0.0477671 0.0460077 0.0493289 0.0464539 0.0308465 0.0595322 0.0606803 0.0480094 0.0477713 0.0421628 0.0000000 0.0307289 0.0421846 0.0393409 0.0461273 0.1157412 0.1135105 0.1135105 0.1220550 0.1220550 0.2491317 0.2317195 0.1714720 0.2454252 0.2224142 0.2224142 0.2435487 0.2435487 0.2496992 0.2697039 0.2601341 0.4179186 0.4537396 0.5114563 0.5324939 0.5114563 0.5324939 0.5086670 0.5054655 0.5197869 0.5044359 0.5149634 0.6472550 0.5207601 0.5882268 0.5993456 0.5416865 0.6009998 0.5975616 0.6399446 0.6395356 0.6135123 0.6174087 0.6252199 0.5368499 0.5476472 
S0017_G7279_R1_A 0.0557065 0.0413036 0.0509425 0.0350790 0.0408161 0.0427763 0.0381216 0.0322463 0.0337148 0.0295205 0.0450577 0.0475852 0.0509425 0.0480492 0.0309460 0.0597587 0.0608945 0.0496184 0.0522630 0.0423235 0.0307289 0.0000000 0.0437534 0.0466083 0.0434526 0.1178202 0.1119538 0.1119538 0.1190829 0.1190829 0.2315734 0.2285176 0.1722646 0.2472488 0.2287610 0.2287610 0.2427985 0.2427985 0.2505425 0.2708695 0.2612489 0.4066468 0.4344315 0.5009093 0.5117726 0.5009093 0.5117726 0.4978665 0.4945237 0.5053862 0.4953965 0.5058422 0.6376240 0.5294030 0.5858786 0.5969931 0.5540741 0.5986732 0.5995444 0.6290328 0.6371474 0.6155799 0.6194888 0.6273252 0.5456527 0.5565942 
S0021_G7279_R2_A 0.0648982 0.0445285 0.0171086 0.0409976 0.0351918 0.0294994 0.0353320 0.0366519 0.0410862 0.0353346 0.0555735 0.0508134 0.0171086 0.0012878 0.0382162 0.0692091 0.0721241 0.0558615 0.0570263 0.0483662 0.0421846 0.0437534 0.0000000 0.0527764 0.0509680 0.1044654 0.1055449 0.1055449 0.1142848 0.1142848 0.2249881 0.2101965 0.1656562 0.2322639 0.2107367 0.2107367 0.2433853 0.2433853 0.2321762 0.2595122 0.2501395 0.4123508 0.4501947 0.5056636 0.5165479 0.5056636 0.5165479 0.4902379 0.4867766 0.5008328 0.5001643 0.5107170 0.6183651 0.5468219 0.6261125 0.6380524 0.5697867 0.6433243 0.6449676 0.6844362 0.6839448 0.6608278 0.6649402 0.6731843 0.5624073 0.5723577 
S0022_G7279_R1_A 0.0696704 0.0458438 0.0601443 0.0408746 0.0497251 0.0490146 0.0455663 0.0409311 0.0439852 0.0366212 0.0555789 0.0535492 0.0601443 0.0571775 0.0410527 0.0692160 0.0705768 0.0556878 0.0583448 0.0496884 0.0393409 0.0466083 0.0527764 0.0000000 0.0567644 0.1252680 0.1212932 0.1212932 0.1282915 0.1282915 0.2574138 0.2325160 0.1794491 0.2471630 0.2273757 0.2273757 0.2514070 0.2514070 0.2620999 0.2752739 0.2633925 0.4246195 0.4668774 0.5054478 0.5257827 0.5054478 0.5257827 0.5037585 0.5004648 0.5148148 0.5130369 0.5237331 0.6563061 0.5493238 0.6374593 0.6495681 0.5809419 0.6507684 0.6525458 0.6831509 0.6916463 0.6684603 0.6725729 0.6631318 0.5679075 0.5835210 
S0011_G7279_R1_A 0.0646413 0.0514510 0.0568166 0.0405933 0.0493922 0.0456205 0.0495691 0.0378125 0.0392459 0.0363817 0.0595524 0.0562345 0.0568166 0.0553253 0.0407814 0.0672141 0.0700611 0.0554430 0.0535650 0.0538268 0.0461273 0.0434526 0.0509680 0.0567644 0.0000000 0.1229513 0.1190019 0.1190019 0.1242096 0.1242096 0.2563208 0.2364990 0.1833610 0.2465403 0.2281169 0.2281169 0.2596947 0.2596947 0.2589993 0.2826603 0.2728506 0.4095410 0.4518469 0.5222228 0.5269289 0.5222228 0.5269289 0.5062859 0.5030692 0.5104888 0.5076359 0.5181563 0.6459486 0.5256252 0.6056108 0.6171663 0.5554685 0.6186793 0.6198927 0.6596155 0.6591677 0.6367574 0.6407832 0.6488539 0.5419504 0.5580101 
S0035_G7279_R1_A 0.1227969 0.1196504 0.1073977 0.1164565 0.1111441 0.1030794 0.1131655 0.1113005 0.1087064 0.1045619 0.1173738 0.1191965 0.1073977 0.1060718 0.1132980 0.1395468 0.1300883 0.1311321 0.1283829 0.1254914 0.1157412 0.1178202 0.1044654 0.1252680 0.1229513 0.0000000 0.1131710 0.1131710 0.1162432 0.1162432 0.2374437 0.2271859 0.1849328 0.2545459 0.2320235 0.2320235 0.2734240 0.2734240 0.2641848 0.2737883 0.2641725 0.4364947 0.4738467 0.5258602 0.5309309 0.5258602 0.5309309 0.5177520 0.5095914 0.5238956 0.5179544 0.5320242 0.6785378 0.5698368 0.6656234 0.6644617 0.6045815 0.6520685 0.6674699 0.7091373 0.7086150 0.6854193 0.6895073 0.6977012 0.5894015 0.6071317 
S0005_G7279_R1_A 0.1317300 0.1158300 0.1120224 0.1142082 0.0991204 0.0981795 0.1026933 0.1019545 0.1110311 0.1092036 0.1165643 0.1254485 0.1120224 0.1037505 0.1057588 0.1334176 0.1216192 0.1266906 0.1316211 0.1215794 0.1135105 0.1119538 0.1055449 0.1212932 0.1190019 0.1131710 0.0000000 0.0000010 0.1049314 0.1049314 0.2225233 0.2136788 0.1610113 0.2441978 0.2201203 0.2201203 0.2590354 0.2590354 0.2479729 0.2607339 0.2492253 0.4197437 0.4635736 0.5576128 0.5696111 0.5576128 0.5696111 0.5508566 0.5446015 0.5597288 0.5522581 0.5667214 0.6407252 0.5684762 0.6714631 0.6722514 0.5986249 0.6565334 0.6681450 0.7019892 0.6957540 0.6783268 0.6824177 0.6906177 0.5885885 0.6011930 
S0005_G7279_R2_A 0.1317300 0.1158300 0.1120224 0.1142082 0.0991204 0.0981795 0.1026933 0.1019545 0.1110311 0.1092036 0.1165643 0.1254485 0.1120224 0.1037505 0.1057588 0.1334176 0.1216192 0.1266906 0.1316211 0.1215794 0.1135105 0.1119538 0.1055449 0.1212932 0.1190019 0.1131710 0.0000010 0.0000000 0.1049314 0.1049314 0.2225233 0.2136788 0.1610113 0.2441978 0.2201203 0.2201203 0.2590354 0.2590354 0.2479729 0.2607339 0.2492253 0.4197437 0.4635736 0.5576128 0.5696111 0.5576128 0.5696111 0.5508566 0.5446015 0.5597288 0.5522581 0.5667214 0.6407252 0.5684762 0.6714631 0.6722514 0.5986249 0.6565334 0.6681450 0.7019892 0.6957540 0.6783268 0.6824177 0.6906177 0.5885885 0.6011930 
S0033_G7279_R1_A 0.1318589 0.1206281 0.1155286 0.1194280 0.1108157 0.1022800 0.1111864 0.1105898 0.1199363 0.1128521 0.1239068 0.1272311 0.1155286 0.1192533 0.1092659 0.1368667 0.1343693 0.1307190 0.1316560 0.1234250 0.1220550 0.1190829 0.1142848 0.1282915 0.1242096 0.1162432 0.1049314 0.1049314 0.0000000 0.0000010 0.2225888 0.1848342 0.1342855 0.2207118 0.1965665 0.1965665 0.2208701 0.2208701 0.2312159 0.2478628 0.2428131 0.4120629 0.4448240 0.4963972 0.5127463 0.4963972 0.5127463 0.4915795 0.4716489 0.4917087 0.5025592 0.5168250 0.6069299 0.5535326 0.6505921 0.6540432 0.5832104 0.6510398 0.6707495 0.6975327 0.6970361 0.6743797 0.6783907 0.6864302 0.5738779 0.5857323 
S0033_G7279_R2_A 0.1318589 0.1206281 0.1155286 0.1194280 0.1108157 0.1022800 0.1111864 0.1105898 0.1199363 0.1128521 0.1239068 0.1272311 0.1155286 0.1192533 0.1092659 0.1368667 0.1343693 0.1307190 0.1316560 0.1234250 0.1220550 0.1190829 0.1142848 0.1282915 0.1242096 0.1162432 0.1049314 0.1049314 0.0000010 0.0000000 0.2225888 0.1848342 0.1342855 0.2207118 0.1965665 0.1965665 0.2208701 0.2208701 0.2312159 0.2478628 0.2428131 0.4120629 0.4448240 0.4963972 0.5127463 0.4963972 0.5127463 0.4915795 0.4716489 0.4917087 0.5025592 0.5168250 0.6069299 0.5535326 0.6505921 0.6540432 0.5832104 0.6510398 0.6707495 0.6975327 0.6970361 0.6743797 0.6783907 0.6864302 0.5738779 0.5857323 
S0006_G7279_R1_A 0.2602339 0.2430223 0.2334403 0.2318878 0.2299091 0.2115145 0.2263428 0.2299025 0.2354692 0.2400424 0.2442281 0.2507776 0.2334403 0.2224073 0.2460886 0.2553286 0.2550353 0.2570296 0.2569961 0.2507773 0.2491317 0.2315734 0.2249881 0.2574138 0.2563208 0.2374437 0.2225233 0.2225233 0.2225888 0.2225888 0.0000000 0.2869281 0.2476335 0.3359642 0.3161539 0.3161539 0.3427204 0.3427204 0.3327681 0.3487476 0.3447173 0.4446163 0.4773401 0.5384333 0.5478487 0.5384333 0.5478487 0.5087936 0.5128142 0.5193639 0.5429517 0.5388985 0.6298130 0.6479742 0.7468148 0.7440020 0.6916983 0.7657687 0.7600793 0.7722693 0.7854428 0.7706676 0.7754254 0.7746563 0.6766626 0.6970471 
S0015_G7279_R1_A 0.2450372 0.2198358 0.2180380 0.2273955 0.2160812 0.1960685 0.2079250 0.2084510 0.2246339 0.2268984 0.2428294 0.2351738 0.2180380 0.2142208 0.2154415 0.2248003 0.2351836 0.2345251 0.2403849 0.2300022 0.2317195 0.2285176 0.2101965 0.2325160 0.2364990 0.2271859 0.2136788 0.2136788 0.1848342 0.1848342 0.2869281 0.0000000 0.0933735 0.1228862 0.1026511 0.1026511 0.1714940 0.1714940 0.0886674 0.1903814 0.1857920 0.4656959 0.4852652 0.6173077 0.6298059 0.6173077 0.6298059 0.6139911 0.5915304 0.6082344 0.5892705 0.6167205 0.5988603 0.6258262 0.7520975 0.7428076 0.6563024 0.7582895 0.7708339 0.7730980 0.7964775 0.7755373 0.7802594 0.7897255 0.6359429 0.6591366 
S0008_G7279_R1_A 0.1853886 0.1830596 0.1630198 0.1761789 0.1679881 0.1414702 0.1530426 0.1603607 0.1723975 0.1681859 0.1906618 0.1894982 0.1630198 0.1713898 0.1671809 0.1745001 0.1691933 0.1780588 0.1827424 0.1713423 0.1714720 0.1722646 0.1656562 0.1794491 0.1833610 0.1849328 0.1610113 0.1610113 0.1342855 0.1342855 0.2476335 0.0933735 0.0000000 0.1262363 0.1055474 0.1055474 0.1734160 0.1734160 0.1460666 0.2082697 0.1993718 0.4314266 0.4734095 0.5059038 0.5235046 0.5059038 0.5235046 0.4977998 0.4970871 0.5084651 0.5130901 0.5279288 0.5494627 0.5545225 0.6844386 0.6664864 0.5803289 0.6856453 0.6961039 0.6949272 0.7221080 0.6970769 0.7014645 0.7102601 0.5602285 0.5829860 
S0027_G7279_R1_U 0.2659666 0.2541385 0.2353344 0.2462763 0.2412476 0.2241666 0.2274251 0.2249687 0.2498438 0.2423074 0.2620910 0.2576268 0.2353344 0.2387483 0.2353747 0.2534579 0.2514780 0.2549810 0.2605013 0.2479186 0.2454252 0.2472488 0.2322639 0.2471630 0.2465403 0.2545459 0.2441978 0.2441978 0.2207118 0.2207118 0.3359642 0.1228862 0.1262363 0.0000000 0.1052414 0.1052414 0.1919135 0.1919135 0.1544930 0.2333297 0.2241436 0.5209165 0.5712741 0.6004970 0.6085234 0.6004970 0.6085234 0.5712765 0.5563911 0.5720682 0.5860230 0.6067196 0.6444012 0.6337901 0.7733276 0.7528766 0.6493375 0.7730154 0.7708338 0.7710150 0.7997642 0.7791848 0.7838200 0.7931122 0.6353980 0.6558569 
S0014_G7279_R1_U 0.2453137 0.2253124 0.2118458 0.2190954 0.2155036 0.2045773 0.2040716 0.2131544 0.2227435 0.2177156 0.2365946 0.2325282 0.2118458 0.2170023 0.2139110 0.2268690 0.2366363 0.2299251 0.2329781 0.2228621 0.2224142 0.2287610 0.2107367 0.2273757 0.2281169 0.2320235 0.2201203 0.2201203 0.1965665 0.1965665 0.3161539 0.1026511 0.1055474 0.1052414 0.0000000 0.0000010 0.1589399 0.1589399 0.1359108 0.1948859 0.1862994 0.5099709 0.5511329 0.6090160 0.6215028 0.6090160 0.6215028 0.5877144 0.5724520 0.5889575 0.5905228 0.6182298 0.6041150 0.5986608 0.7344060 0.7096808 0.6115559 0.7292840 0.7264535 0.7344136 0.7672794 0.7423346 0.7468920 0.7560280 0.5964838 0.6179639 
S0014_G7279_R2_U 0.2453137 0.2253124 0.2118458 0.2190954 0.2155036 0.2045773 0.2040716 0.2131544 0.2227435 0.2177156 0.2365946 0.2325282 0.2118458 0.2170023 0.2139110 0.2268690 0.2366363 0.2299251 0.2329781 0.2228621 0.2224142 0.2287610 0.2107367 0.2273757 0.2281169 0.2320235 0.2201203 0.2201203 0.1965665 0.1965665 0.3161539 0.1026511 0.1055474 0.1052414 0.0000010 0.0000000 0.1589399 0.1589399 0.1359108 0.1948859 0.1862994 0.5099709 0.5511329 0.6090160 0.6215028 0.6090160 0.6215028 0.5877144 0.5724520 0.5889575 0.5905228 0.6182298 0.6041150 0.5986608 0.7344060 0.7096808 0.6115559 0.7292840 0.7264535 0.7344136 0.7672794 0.7423346 0.7468920 0.7560280 0.5964838 0.6179639 
S0009_G7279_R1_A 0.2771886 0.2505602 0.2525319 0.2436174 0.2399809 0.2243509 0.2342749 0.2319536 0.2530923 0.2448406 0.2668790 0.2544501 0.2525319 0.2498884 0.2420210 0.2587324 0.2688520 0.2728504 0.2580504 0.2539698 0.2435487 0.2427985 0.2433853 0.2514070 0.2596947 0.2734240 0.2590354 0.2590354 0.2208701 0.2208701 0.3427204 0.1714940 0.1734160 0.1919135 0.1589399 0.1589399 0.0000000 0.0000010 0.2077234 0.2062133 0.1975561 0.5049200 0.5315034 0.7032709 0.7334521 0.7032709 0.7334521 0.6974924 0.6769916 0.6952666 0.6845254 0.7048810 0.6614803 0.6773273 0.7718248 0.7602084 0.6737894 0.7619734 0.7641363 0.7792030 0.8012672 0.7808432 0.7854409 0.7846930 0.6731327 0.6765700 
S0010_G7279_R1_A 0.2771886 0.2505602 0.2525319 0.2436174 0.2399809 0.2243509 0.2342749 0.2319536 0.2530923 0.2448406 0.2668790 0.2544501 0.2525319 0.2498884 0.2420210 0.2587324 0.2688520 0.2728504 0.2580504 0.2539698 0.2435487 0.2427985 0.2433853 0.2514070 0.2596947 0.2734240 0.2590354 0.2590354 0.2208701 0.2208701 0.3427204 0.1714940 0.1734160 0.1919135 0.1589399 0.1589399 0.0000010 0.0000000 0.2077234 0.2062133 0.1975561 0.5049200 0.5315034 0.7032709 0.7334521 0.7032709 0.7334521 0.6974924 0.6769916 0.6952666 0.6845254 0.7048810 0.6614803 0.6773273 0.7718248 0.7602084 0.6737894 0.7619734 0.7641363 0.7792030 0.8012672 0.7808432 0.7854409 0.7846930 0.6731327 0.6765700 
S0034_G7279_R1_A 0.2604553 0.2443244 0.2419804 0.2475582 0.2493009 0.2337718 0.2372819 0.2319795 0.2490988 0.2514827 0.2613395 0.2576690 0.2419804 0.2361483 0.2420793 0.2536312 0.2575938 0.2586151 0.2700835 0.2548335 0.2496992 0.2505425 0.2321762 0.2620999 0.2589993 0.2641848 0.2479729 0.2479729 0.2312159 0.2312159 0.3327681 0.0886674 0.1460666 0.1544930 0.1359108 0.1359108 0.2077234 0.2077234 0.0000000 0.2343126 0.2270758 0.5095485 0.5305583 0.6379496 0.6503780 0.6379496 0.6503780 0.6417222 0.6210338 0.6260991 0.6128699 0.6471224 0.6379880 0.6599573 0.7800553 0.7703757 0.6837786 0.8094832 0.8078159 0.8113795 0.8146273 0.8026350 0.8074864 0.8172114 0.6835674 0.6799237 
S0051_G7279_R1_A 0.2947007 0.2719516 0.2743778 0.2602866 0.2623192 0.2469745 0.2456107 0.2568506 0.2735204 0.2624525 0.2841765 0.2792825 0.2743778 0.2661685 0.2741995 0.2730340 0.2965103 0.2748343 0.2675222 0.2579265 0.2697039 0.2708695 0.2595122 0.2752739 0.2826603 0.2737883 0.2607339 0.2607339 0.2478628 0.2478628 0.3487476 0.1903814 0.2082697 0.2333297 0.1948859 0.1948859 0.2062133 0.2062133 0.2343126 0.0000000 0.0065778 0.5412556 0.5966049 0.6312055 0.6500605 0.6312055 0.6500605 0.6218084 0.5997592 0.6167130 0.6245220 0.6383032 0.6335774 0.6810907 0.7694884 0.7496345 0.6986304 0.7706119 0.7654030 0.7832551 0.8096534 0.7949138 0.7995521 0.7987912 0.6849799 0.7014014 
S0039_G7279_R1_A 0.2845595 0.2622243 0.2647313 0.2508775 0.2528862 0.2373513 0.2363278 0.2474602 0.2637794 0.2529436 0.2743689 0.2695576 0.2647313 0.2566956 0.2644908 0.2633099 0.2862306 0.2707844 0.2635053 0.2539236 0.2601341 0.2612489 0.2501395 0.2633925 0.2728506 0.2641725 0.2492253 0.2492253 0.2428131 0.2428131 0.3447173 0.1857920 0.1993718 0.2241436 0.1862994 0.1862994 0.1975561 0.1975561 0.2270758 0.0065778 0.0000000 0.5291145 0.5808841 0.6237331 0.6423664 0.6237331 0.6423664 0.6145201 0.5925693 0.6093373 0.6170071 0.6307193 0.6224571 0.6655170 0.7492844 0.7298491 0.6830923 0.7458744 0.7404503 0.7624122 0.7882679 0.7738767 0.7784502 0.7777096 0.6658991 0.6858405 
S0049_G7279_R1_A 0.4107644 0.3987820 0.4191518 0.3999142 0.4053763 0.3776622 0.4053850 0.4020062 0.3850980 0.4196875 0.4064196 0.4313677 0.4191518 0.4126514 0.4060095 0.4157565 0.4081055 0.4295529 0.4307423 0.4280339 0.4179186 0.4066468 0.4123508 0.4246195 0.4095410 0.4364947 0.4197437 0.4197437 0.4120629 0.4120629 0.4446163 0.4656959 0.4314266 0.5209165 0.5099709 0.5099709 0.5049200 0.5049200 0.5095485 0.5412556 0.5291145 0.0000000 0.0000010 0.4612517 0.4664200 0.4612517 0.4664200 0.4648719 0.4517891 0.4656284 0.4618824 0.4734237 0.5559983 0.5442483 0.6875338 0.6856555 0.5664337 0.7175003 0.7162566 0.7124660 0.7282559 0.6875677 0.6919116 0.6912494 0.5833111 0.5878748 
S0049_G7279_R2_A 0.4558150 0.4287766 0.4586540 0.4278999 0.4418753 0.4123881 0.4421772 0.4337123 0.4189838 0.4600578 0.4422804 0.4702467 0.4586540 0.4506210 0.4360318 0.4516191 0.4322863 0.4729467 0.4705871 0.4744570 0.4537396 0.4344315 0.4501947 0.4668774 0.4518469 0.4738467 0.4635736 0.4635736 0.4448240 0.4448240 0.4773401 0.4852652 0.4734095 0.5712741 0.5511329 0.5511329 0.5315034 0.5315034 0.5305583 0.5966049 0.5808841 0.0000010 0.0000000 0.5372679 0.5424056 0.5372679 0.5424056 0.5394640 0.5231833 0.5419249 0.5263704 0.5411890 0.5995789 0.6100191 0.6875338 0.6856555 0.6389284 0.7175003 0.7162566 0.7124660 0.7282559 0.6875677 0.6919116 0.6912494 0.6606138 0.6677482 
S0025_G7279_R1_A 0.5248088 0.5037411 0.5167931 0.4924401 0.5095552 0.4715501 0.4855086 0.4887525 0.4954730 0.4801434 0.5008595 0.5197904 0.5167931 0.5044761 0.5079807 0.5142518 0.5287258 0.5174400 0.5145970 0.5187758 0.5114563 0.5009093 0.5056636 0.5054478 0.5222228 0.5258602 0.5576128 0.5576128 0.4963972 0.4963972 0.5384333 0.6173077 0.5059038 0.6004970 0.6090160 0.6090160 0.7032709 0.7032709 0.6379496 0.6312055 0.6237331 0.4612517 0.5372679 0.0000000 0.0212891 0.0000010 0.0212891 0.0635447 0.0729858 0.0728485 0.0794451 0.0814075 0.6025746 0.8016105 1.0124654 0.9973583 0.8314082 1.0671456 1.0328447 1.0202261 1.0483400 0.9777960 0.9831839 0.9651249 0.8653223 0.8705901 
S0029_G7279_R1_A 0.5363506 0.5144845 0.5279022 0.5062248 0.5236183 0.4761352 0.5061863 0.5051703 0.5093033 0.4973174 0.5147024 0.5239533 0.5279022 0.5149235 0.5151081 0.5324146 0.5333771 0.5356668 0.5358341 0.5331573 0.5324939 0.5117726 0.5165479 0.5257827 0.5269289 0.5309309 0.5696111 0.5696111 0.5127463 0.5127463 0.5478487 0.6298059 0.5235046 0.6085234 0.6215028 0.6215028 0.7334521 0.7334521 0.6503780 0.6500605 0.6423664 0.4664200 0.5424056 0.0212891 0.0000000 0.0212891 0.0000010 0.0591677 0.0684393 0.0683114 0.0731182 0.0751439 0.5874390 0.7965772 1.0105549 0.9953262 0.8263466 1.0656410 1.0310674 1.0183547 1.0466866 0.9756389 0.9810674 0.9746663 0.8599826 0.8653377 
S0025_G7279_R2_A 0.5248088 0.5037411 0.5167931 0.4924401 0.5095552 0.4715501 0.4855086 0.4887525 0.4954730 0.4801434 0.5008595 0.5197904 0.5167931 0.5044761 0.5079807 0.5142518 0.5287258 0.5174400 0.5145970 0.5187758 0.5114563 0.5009093 0.5056636 0.5054478 0.5222228 0.5258602 0.5576128 0.5576128 0.4963972 0.4963972 0.5384333 0.6173077 0.5059038 0.6004970 0.6090160 0.6090160 0.7032709 0.7032709 0.6379496 0.6312055 0.6237331 0.4612517 0.5372679 0.0000010 0.0212891 0.0000000 0.0212891 0.0635447 0.0729858 0.0728485 0.0794451 0.0814075 0.6025746 0.8016105 1.0124654 0.9973583 0.8314082 1.0671456 1.0328447 1.0202261 1.0483400 0.9777960 0.9831839 0.9651249 0.8653223 0.8705901 
S0029_G7279_R2_A 0.5363506 0.5144845 0.5279022 0.5062248 0.5236183 0.4761352 0.5061863 0.5051703 0.5093033 0.4973174 0.5147024 0.5239533 0.5279022 0.5149235 0.5151081 0.5324146 0.5333771 0.5356668 0.5358341 0.5331573 0.5324939 0.5117726 0.5165479 0.5257827 0.5269289 0.5309309 0.5696111 0.5696111 0.5127463 0.5127463 0.5478487 0.6298059 0.5235046 0.6085234 0.6215028 0.6215028 0.7334521 0.7334521 0.6503780 0.6500605 0.6423664 0.4664200 0.5424056 0.0212891 0.0000010 0.0212891 0.0000000 0.0591677 0.0684393 0.0683114 0.0731182 0.0751439 0.5874390 0.7965772 1.0105549 0.9953262 0.8263466 1.0656410 1.0310674 1.0183547 1.0466866 0.9756389 0.9810674 0.9746663 0.8599826 0.8653377 
S0032_G7279_R1_N 0.5123999 0.4896413 0.5132742 0.4862360 0.4909780 0.4600490 0.4832737 0.4827062 0.4896278 0.4875363 0.5019705 0.5138508 0.5132742 0.4944144 0.4958167 0.5058651 0.5128127 0.5079243 0.5108997 0.5053620 0.5086670 0.4978665 0.4902379 0.5037585 0.5062859 0.5177520 0.5508566 0.5508566 0.4915795 0.4915795 0.5087936 0.6139911 0.4977998 0.5712765 0.5877144 0.5877144 0.6974924 0.6974924 0.6417222 0.6218084 0.6145201 0.4648719 0.5394640 0.0635447 0.0591677 0.0635447 0.0591677 0.0000000 0.0106984 0.0106810 0.0542791 0.0548944 0.5691291 0.7551240 0.9482292 0.9337483 0.7885442 1.0053526 0.9666715 0.9619410 0.9712042 0.9224129 0.9275763 0.9327468 0.8257152 0.8140477 
S0024_G7279_R1_A 0.5037685 0.4710767 0.5101303 0.4827060 0.4824043 0.4560401 0.4857754 0.4791721 0.4857697 0.4840178 0.4900069 0.5136245 0.5101303 0.4910040 0.4952996 0.4909225 0.4973144 0.5002540 0.5135495 0.5079105 0.5054655 0.4945237 0.4867766 0.5004648 0.5030692 0.5095914 0.5446015 0.5446015 0.4716489 0.4716489 0.5128142 0.5915304 0.4970871 0.5563911 0.5724520 0.5724520 0.6769916 0.6769916 0.6210338 0.5997592 0.5925693 0.4517891 0.5231833 0.0729858 0.0684393 0.0729858 0.0684393 0.0106984 0.0000000 0.0107150 0.0612408 0.0610821 0.5453434 0.7333198 0.9222099 0.9075645 0.7704596 0.9781919 0.9393381 0.9410748 0.9506482 0.9013863 0.9066235 0.9118683 0.8030929 0.7921714 
S0032_G7279_R2_N 0.5199544 0.4848662 0.5245552 0.4967557 0.4963679 0.4701200 0.4999401 0.4929923 0.4999398 0.4981132 0.5109013 0.5217888 0.5245552 0.5051525 0.5094582 0.5119912 0.5193271 0.5215109 0.5281103 0.5223910 0.5197869 0.5053862 0.5008328 0.5148148 0.5104888 0.5238956 0.5597288 0.5597288 0.4917087 0.4917087 0.5193639 0.6082344 0.5084651 0.5720682 0.5889575 0.5889575 0.6952666 0.6952666 0.6260991 0.6167130 0.6093373 0.4656284 0.5419249 0.0728485 0.0683114 0.0728485 0.0683114 0.0106810 0.0107150 0.0000000 0.0626462 0.0624839 0.5623674 0.7479958 0.9410570 0.9264277 0.7817159 0.9974354 0.9584618 0.9547671 0.9641759 0.9150168 0.9202273 0.9254460 0.8182002 0.8033837 
S0001_G7279_R1_A 0.5099472 0.4936020 0.5207899 0.4931238 0.4880674 0.4614337 0.4930173 0.4960865 0.4961995 0.4944860 0.5174296 0.5189045 0.5207899 0.5020405 0.4948806 0.5111964 0.5082784 0.5154453 0.5200049 0.5181078 0.5044359 0.4953965 0.5001643 0.5130369 0.5076359 0.5179544 0.5522581 0.5522581 0.5025592 0.5025592 0.5429517 0.5892705 0.5130901 0.5860230 0.5905228 0.5905228 0.6845254 0.6845254 0.6128699 0.6245220 0.6170071 0.4618824 0.5263704 0.0794451 0.0731182 0.0794451 0.0731182 0.0542791 0.0612408 0.0626462 0.0000000 0.0000010 0.5706461 0.7477285 0.9446001 0.9295791 0.7901536 1.0026293 0.9625372 0.9587591 0.9792735 0.9178477 0.9231989 0.9339245 0.8234575 0.8242694 
S0001_G7279_R2_A 0.5236740 0.5089801 0.5314207 0.5037032 0.5037130 0.4707298 0.5036510 0.5065435 0.5100719 0.5050892 0.5280418 0.5345978 0.5314207 0.5125758 0.5053270 0.5299826 0.5277514 0.5261372 0.5306751 0.5287821 0.5149634 0.5058422 0.5107170 0.5237331 0.5181563 0.5320242 0.5667214 0.5667214 0.5168250 0.5168250 0.5388985 0.6167205 0.5279288 0.6067196 0.6182298 0.6182298 0.7048810 0.7048810 0.6471224 0.6383032 0.6307193 0.4734237 0.5411890 0.0814075 0.0751439 0.0814075 0.0751439 0.0548944 0.0610821 0.0624839 0.0000010 0.0000000 0.5907347 0.7663045 0.9671259 0.9522339 0.8084452 1.0264116 0.9864241 0.9816239 1.0092561 0.9404723 0.9457957 0.9564648 0.8429427 0.8378417 
S0003_G7279_R1_N 0.6432033 0.6226276 0.6270921 0.6360447 0.6438592 0.6174944 0.6096863 0.6283129 0.6290228 0.6356120 0.6227192 0.6391572 0.6270921 0.6328311 0.6352602 0.6472707 0.6775537 0.6465031 0.6266059 0.6573034 0.6472550 0.6376240 0.6183651 0.6563061 0.6459486 0.6785378 0.6407252 0.6407252 0.6069299 0.6069299 0.6298130 0.5988603 0.5494627 0.6444012 0.6041150 0.6041150 0.6614803 0.6614803 0.6379880 0.6335774 0.6224571 0.5559983 0.5995789 0.6025746 0.5874390 0.6025746 0.5874390 0.5691291 0.5453434 0.5623674 0.5706461 0.5907347 0.0000000 0.5308770 0.5833998 0.5872053 0.5551692 0.6103081 0.5967790 0.6218447 0.6439848 0.5915705 0.5868366 0.5862604 0.5752840 0.5832326 
S0038_G7279_R4_A 0.5693258 0.5420859 0.5492352 0.5506790 0.5418696 0.5224981 0.5297574 0.5360874 0.5231516 0.5404271 0.5362892 0.5686521 0.5492352 0.5549517 0.5349158 0.5371410 0.5528070 0.5468581 0.5347176 0.5462184 0.5207601 0.5294030 0.5468219 0.5493238 0.5256252 0.5698368 0.5684762 0.5684762 0.5535326 0.5535326 0.6479742 0.6258262 0.5545225 0.6337901 0.5986608 0.5986608 0.6773273 0.6773273 0.6599573 0.6810907 0.6655170 0.5442483 0.6100191 0.8016105 0.7965772 0.8016105 0.7965772 0.7551240 0.7333198 0.7479958 0.7477285 0.7663045 0.5308770 0.0000000 0.0000010 0.0070956 0.0201241 0.0217191 0.0234930 0.0182174 0.0238329 0.0237869 0.0219144 0.0219000 0.0200133 0.0157300 
S0038_G7279_R1_A 0.6655840 0.6071377 0.6320953 0.6185118 0.6120643 0.5889801 0.5903076 0.6037372 0.5989837 0.6149751 0.5936578 0.6404176 0.6320953 0.6365213 0.6010029 0.5963492 0.6311903 0.6195540 0.5981036 0.6133965 0.5882268 0.5858786 0.6261125 0.6374593 0.6056108 0.6656234 0.6714631 0.6714631 0.6505921 0.6505921 0.7468148 0.7520975 0.6844386 0.7733276 0.7344060 0.7344060 0.7718248 0.7718248 0.7800553 0.7694884 0.7492844 0.6875338 0.6875338 1.0124654 1.0105549 1.0124654 1.0105549 0.9482292 0.9222099 0.9410570 0.9446001 0.9671259 0.5833998 0.0000010 0.0000000 0.0081232 0.0229491 0.0284092 0.0265668 0.0217033 0.0251622 0.0251020 0.0233868 0.0233727 0.0213675 0.0175423 
S0042_G7279_R1_N 0.6780397 0.6186936 0.6440659 0.6207842 0.6238023 0.5934474 0.6014857 0.6151613 0.6104666 0.6266527 0.6048727 0.6524137 0.6440659 0.6486227 0.6124252 0.5994655 0.6346882 0.6161201 0.6044382 0.6250989 0.5993456 0.5969931 0.6380524 0.6495681 0.6171663 0.6644617 0.6722514 0.6722514 0.6540432 0.6540432 0.7440020 0.7428076 0.6664864 0.7528766 0.7096808 0.7096808 0.7602084 0.7602084 0.7703757 0.7496345 0.7298491 0.6856555 0.6856555 0.9973583 0.9953262 0.9973583 0.9953262 0.9337483 0.9075645 0.9264277 0.9295791 0.9522339 0.5872053 0.0070956 0.0081232 0.0000000 0.0248029 0.0301824 0.0283223 0.0234519 0.0269310 0.0268663 0.0251421 0.0251269 0.0213627 0.0193651 
S0038_G7279_R3_A 0.6046356 0.5599422 0.5701402 0.5627322 0.5638348 0.5425310 0.5514313 0.5557543 0.5534683 0.5605099 0.5622515 0.5977588 0.5701402 0.5735272 0.5592823 0.5510774 0.5739904 0.5777503 0.5557971 0.5715751 0.5416865 0.5540741 0.5697867 0.5809419 0.5554685 0.6045815 0.5986249 0.5986249 0.5832104 0.5832104 0.6916983 0.6563024 0.5803289 0.6493375 0.6115559 0.6115559 0.6737894 0.6737894 0.6837786 0.6986304 0.6830923 0.5664337 0.6389284 0.8314082 0.8263466 0.8314082 0.8263466 0.7885442 0.7704596 0.7817159 0.7901536 0.8084452 0.5551692 0.0201241 0.0229491 0.0248029 0.0000000 0.0359692 0.0321566 0.0230499 0.0248975 0.0000010 0.0017168 0.0086320 0.0287421 0.0153056 
S0043_G7279_R3_N 0.6789382 0.6163294 0.6492692 0.6201823 0.6252610 0.6033314 0.6031246 0.6166795 0.6159037 0.6280716 0.6064787 0.6496328 0.6492692 0.6538204 0.6139743 0.6049467 0.6332000 0.6326678 0.6060881 0.6391587 0.6009998 0.5986732 0.6433243 0.6507684 0.6186793 0.6520685 0.6565334 0.6565334 0.6510398 0.6510398 0.7657687 0.7582895 0.6856453 0.7730154 0.7292840 0.7292840 0.7619734 0.7619734 0.8094832 0.7706119 0.7458744 0.7175003 0.7175003 1.0671456 1.0656410 1.0671456 1.0656410 1.0053526 0.9781919 0.9974354 1.0026293 1.0264116 0.6103081 0.0217191 0.0284092 0.0301824 0.0359692 0.0000000 0.0181287 0.0287872 0.0394174 0.0375630 0.0357906 0.0357687 0.0000010 0.0303787 
