53
S0039_G7324_R1_A 0.0000000 0.0154167 0.5240263 0.5296990 0.5177462 0.5145868 0.5052482 0.4993008 0.5090590 0.5233777 0.5060649 0.5156059 0.4736539 0.5047789 0.5019605 0.5031688 0.4906258 0.5004535 0.4997896 0.5282456 0.5018992 0.5020503 0.5256317 0.5281046 0.5161167 0.5347880 0.5034959 0.5722931 0.5566963 0.5555580 0.5720192 0.5421530 0.5403385 0.5502477 0.5924703 0.5073086 0.6854072 1.3447635 1.3674603 1.3711762 1.3845865 1.3575611 1.3727207 0.7291963 0.6746858 0.6656866 0.6788063 0.6790839 0.6728349 0.6837355 0.6738868 0.7037408 0.6769574 
S0051_G7324_R1_A 0.0154167 0.0000000 0.5414705 0.5492449 0.5349794 0.5388738 0.5297510 0.5229789 0.5331143 0.5481933 0.5286735 0.5316377 0.5007939 0.5288905 0.5190175 0.5270989 0.5143889 0.5208432 0.5220609 0.5534544 0.5234419 0.5259877 0.5385502 0.5364273 0.5269217 0.5451532 0.5186346 0.5916832 0.5700906 0.5741887 0.5932583 0.5561390 0.5542940 0.5669003 0.6033333 0.5167060 0.7064756 1.3730033 1.3828366 1.3957991 1.4096716 1.3819059 1.3912532 0.7426136 0.7009625 0.6924203 0.7054907 0.7058757 0.6990947 0.7103766 0.6957358 0.7281349 0.7033756 
S0031_G7324_R1_A 0.5240263 0.5414705 0.0000000 0.0493688 0.0603762 0.0684788 0.0568490 0.0639516 0.0686364 0.0844769 0.0709997 0.0899260 0.0597626 0.0630381 0.0701595 0.0636449 0.0820205 0.0792355 0.0587624 0.0972080 0.0848932 0.0704328 0.0998182 0.1032865 0.1660614 0.1792670 0.0790326 0.1877841 0.3021646 0.2618658 0.3242621 0.3518849 0.3518406 0.3066351 0.3359880 0.3576488 0.6465691 1.0879776 1.1184959 1.0392435 1.0679431 1.0467827 1.0261280 0.5962449 0.4846491 0.4890664 0.5102806 0.5015811 0.4878217 0.4783420 0.4791990 0.4989227 0.4831452 
S0018_G7324_R1_U 0.5296990 0.5492449 0.0493688 0.0000000 0.0743954 0.0826045 0.0691908 0.0797209 0.0812121 0.1000716 0.0821086 0.0996302 0.0742404 0.0794277 0.0869807 0.0804265 0.0976459 0.0982218 0.0735779 0.1159080 0.0925861 0.0846648 0.1120711 0.1147441 0.1788934 0.1886728 0.0890512 0.2037381 0.3126087 0.2755009 0.3392025 0.3609315 0.3608853 0.3165875 0.3707313 0.3626905 0.6726165 1.0891089 1.1195857 1.0510980 1.0799836 1.0586719 1.0745234 0.6109010 0.5101761 0.5083956 0.5215784 0.5220280 0.5087702 0.5013142 0.5023844 0.5157549 0.5039199 
S0004_G7324_R1_A 0.5177462 0.5349794 0.0603762 0.0743954 0.0000000 0.0507350 0.0443037 0.0546555 0.0549850 0.0752063 0.0612809 0.0796403 0.0533573 0.0545131 0.0621081 0.0486453 0.0610414 0.0617873 0.0510271 0.0958895 0.0727287 0.0617344 0.0874952 0.0952460 0.1574466 0.1720248 0.0727158 0.1761104 0.3074276 0.2540784 0.3125002 0.3438151 0.3437729 0.2961164 0.3306873 0.3373143 0.6605127 1.0492514 1.0681398 1.0159901 1.0441324 1.0171350 1.0419902 0.6079704 0.4809337 0.4904379 0.5115029 0.5028704 0.4779839 0.4794623 0.4859448 0.5026156 0.4822913 
S0036_G7324_R1_A 0.5145868 0.5388738 0.0684788 0.0826045 0.0507350 0.0000000 0.0409632 0.0528249 0.0547253 0.0741750 0.0619809 0.0800064 0.0468342 0.0517386 0.0586077 0.0483477 0.0650687 0.0647861 0.0403945 0.0922813 0.0830062 0.0558101 0.0987320 0.1048831 0.1596612 0.1646360 0.0751798 0.1848354 0.3021902 0.2499137 0.3129465 0.3341112 0.3315247 0.2944116 0.3266168 0.3455446 0.6410474 1.0518463 1.0775280 1.0164636 1.0311876 1.0176116 1.0274318 0.6338134 0.4679395 0.4716239 0.4921149 0.4836982 0.4642364 0.4635522 0.4696139 0.4795300 0.4639976 
S0019_G7324_R1_A 0.5052482 0.5297510 0.0568490 0.0691908 0.0443037 0.0409632 0.0000000 0.0431835 0.0410121 0.0633020 0.0521042 0.0716464 0.0410375 0.0451098 0.0489059 0.0418737 0.0543295 0.0541817 0.0331598 0.0873329 0.0774191 0.0475393 0.0884860 0.0918893 0.1522931 0.1631089 0.0678281 0.1744845 0.2897634 0.2431972 0.3003949 0.3349677 0.3318981 0.2831068 0.3288931 0.3293378 0.6114786 1.0464698 1.0725378 0.9969913 1.0097312 0.9981202 1.0228224 0.6051416 0.4688846 0.4682938 0.4914581 0.4828769 0.4654078 0.4623670 0.4657297 0.4796228 0.4648630 
S0023_G7324_R1_A 0.4993008 0.5229789 0.0639516 0.0797209 0.0546555 0.0528249 0.0431835 0.0000000 0.0409635 0.0823418 0.0667428 0.0738776 0.0523693 0.0530327 0.0439735 0.0506008 0.0532823 0.0539265 0.0522166 0.0870807 0.0835707 0.0572094 0.0956362 0.0943864 0.1563413 0.1629997 0.0798592 0.1815815 0.3082536 0.2577001 0.3151186 0.3448162 0.3421874 0.2940920 0.3357693 0.3404728 0.6268537 1.0974508 1.1164814 1.0589443 1.0731741 1.0568893 1.0733392 0.6127064 0.4776967 0.4840331 0.5026631 0.4940826 0.4740791 0.4732231 0.4818813 0.4896477 0.4760312 
S0028_G7324_R1_A 0.5090590 0.5331143 0.0686364 0.0812121 0.0549850 0.0547253 0.0410121 0.0409635 0.0000000 0.0828525 0.0679674 0.0767950 0.0526335 0.0559529 0.0456887 0.0516900 0.0536096 0.0542571 0.0516968 0.0903028 0.0868070 0.0607794 0.0980868 0.1006004 0.1599011 0.1640882 0.0786276 0.1826174 0.3135887 0.2533730 0.3076747 0.3427037 0.3400782 0.2960970 0.3319000 0.3498892 0.6453644 1.0577038 1.0727888 1.0189434 1.0404039 1.0200929 1.0278224 0.6260221 0.4813593 0.4901022 0.5112335 0.5025732 0.4825560 0.4768600 0.4856052 0.5000236 0.4819362 
S0017_G7324_R1_U 0.5233777 0.5481933 0.0844769 0.1000716 0.0752063 0.0741750 0.0633020 0.0823418 0.0828525 0.0000000 0.0782899 0.1008506 0.0619206 0.0746286 0.0868761 0.0768762 0.0887436 0.0927977 0.0676752 0.1070838 0.1010659 0.0795919 0.1110915 0.1154424 0.1805834 0.1819187 0.1016666 0.1876731 0.3085859 0.2608080 0.3153022 0.3635626 0.3622807 0.2979830 0.3479259 0.3476645 0.6576044 1.1192975 1.1581566 1.0702832 1.0960599 1.0687147 1.0756576 0.6232699 0.5068141 0.5227004 0.5356741 0.5267008 0.5121551 0.5127912 0.5119678 0.5371910 0.5092279 
S0011_G7324_R1_A 0.5060649 0.5286735 0.0709997 0.0821086 0.0612809 0.0619809 0.0521042 0.0667428 0.0679674 0.0782899 0.0000000 0.0836617 0.0423905 0.0556819 0.0651741 0.0611746 0.0783903 0.0790172 0.0482503 0.0989397 0.0807556 0.0647980 0.0976855 0.0993172 0.1611099 0.1673937 0.0867055 0.1839486 0.3003864 0.2498919 0.3178872 0.3447565 0.3421047 0.2995755 0.3481735 0.3393124 0.6382133 1.0549687 1.0820390 1.0339881 1.0630003 1.0351767 1.0419601 0.6139639 0.4865329 0.4949592 0.4978130 0.4971591 0.4761504 0.4861279 0.4968545 0.5039683 0.4889010 
S0013_G7324_R1_A 0.5156059 0.5316377 0.0899260 0.0996302 0.0796403 0.0800064 0.0716464 0.0738776 0.0767950 0.1008506 0.0836617 0.0000000 0.0676736 0.0747096 0.0792618 0.0784078 0.0855517 0.0870544 0.0760770 0.1119546 0.1069631 0.0832399 0.1056993 0.1082829 0.1836910 0.1921514 0.1013261 0.2089559 0.3144165 0.2732993 0.3191054 0.3629123 0.3602190 0.3052381 0.3362459 0.3420233 0.6495281 1.0876623 1.1194599 1.0637592 1.0729248 1.0542200 1.0959525 0.6234518 0.5188464 0.5239681 0.5354212 0.5329151 0.5032407 0.5140482 0.5191978 0.5289353 0.5171107 
S0022_G7324_R1_A 0.4736539 0.5007939 0.0597626 0.0742404 0.0533573 0.0468342 0.0410375 0.0523693 0.0526335 0.0619206 0.0423905 0.0676736 0.0000000 0.0388018 0.0581059 0.0477669 0.0631964 0.0638419 0.0445190 0.0831793 0.0633410 0.0570532 0.0821642 0.0854203 0.1435657 0.1456603 0.0733313 0.1668862 0.2861902 0.2381500 0.2971551 0.3260667 0.3268927 0.2806502 0.3179474 0.3255442 0.6393735 1.0579631 1.0899479 1.0218205 1.0405702 1.0202423 1.0275506 0.5953006 0.4608585 0.4652652 0.4759600 0.4737277 0.4590965 0.4634700 0.4760680 0.4777192 0.4598064 
S0030_G7324_R1_A 0.5047789 0.5288905 0.0630381 0.0794277 0.0545131 0.0517386 0.0451098 0.0530327 0.0559529 0.0746286 0.0556819 0.0747096 0.0388018 0.0000000 0.0598419 0.0502607 0.0639502 0.0654252 0.0486565 0.0916668 0.0789817 0.0604071 0.0972186 0.1026860 0.1557952 0.1739405 0.0820564 0.1794842 0.2894458 0.2572657 0.3220557 0.3402322 0.3401901 0.2964222 0.3419662 0.3398582 0.6399127 1.0251164 1.0488693 0.9858578 1.0018810 0.9869790 0.9745392 0.6089498 0.4749843 0.4789246 0.4961000 0.4914322 0.4711862 0.4704472 0.4706523 0.4889591 0.4709143 
S0026_G7324_R1_A 0.5019605 0.5190175 0.0701595 0.0869807 0.0621081 0.0586077 0.0489059 0.0439735 0.0456887 0.0868761 0.0651741 0.0792618 0.0581059 0.0598419 0.0000000 0.0579626 0.0582444 0.0605308 0.0580100 0.0918464 0.0856262 0.0621764 0.1020791 0.1046237 0.1544764 0.1624606 0.0810126 0.1844933 0.3101390 0.2434913 0.3024098 0.3348469 0.3322518 0.2840309 0.3199844 0.3290779 0.6124402 1.0414027 1.0650712 1.0285855 1.0504390 1.0230753 1.0506216 0.5884279 0.4555807 0.4615689 0.4808820 0.4696441 0.4432812 0.4556790 0.4594532 0.4696420 0.4561134 
S0046_G7324_R1_A 0.5031688 0.5270989 0.0636449 0.0804265 0.0486453 0.0483477 0.0418737 0.0506008 0.0516900 0.0768762 0.0611746 0.0784078 0.0477669 0.0502607 0.0579626 0.0000000 0.0619140 0.0616480 0.0461585 0.0895340 0.0826479 0.0549899 0.0953031 0.0968070 0.1579284 0.1673719 0.0778769 0.1771673 0.3012526 0.2495481 0.3163949 0.3390841 0.3390433 0.2974267 0.3252630 0.3395423 0.6402778 1.0595131 1.0852388 1.0265656 1.0322463 1.0253674 1.0243364 0.6359520 0.4650971 0.4644478 0.4849555 0.4765238 0.4613647 0.4606899 0.4667514 0.4767382 0.4569330 
S0021_G7324_R1_A 0.4906258 0.5143889 0.0820205 0.0976459 0.0610414 0.0650687 0.0543295 0.0532823 0.0536096 0.0887436 0.0783903 0.0855517 0.0631964 0.0639502 0.0582444 0.0619140 0.0000000 0.0211850 0.0644355 0.1000995 0.0921091 0.0695452 0.1081046 0.1118652 0.1661731 0.1716928 0.0877451 0.1869790 0.3088356 0.2655130 0.3214922 0.3466560 0.3439865 0.2961929 0.3374860 0.3494500 0.6287331 1.0813487 1.1116908 1.0411812 1.0590750 1.0497611 1.0808632 0.6379054 0.4702185 0.4760362 0.4947284 0.4862492 0.4666050 0.4657998 0.4682949 0.4885444 0.4663560 
S0021_G7324_R2_A 0.5004535 0.5208432 0.0792355 0.0982218 0.0617873 0.0647861 0.0541817 0.0539265 0.0542571 0.0927977 0.0790172 0.0870544 0.0638419 0.0654252 0.0605308 0.0616480 0.0211850 0.0000000 0.0659353 0.1024758 0.0926994 0.0685125 0.1086802 0.1124376 0.1626677 0.1711875 0.0909425 0.1907481 0.3152430 0.2594709 0.3193852 0.3401917 0.3375476 0.2953196 0.3376695 0.3534588 0.6377722 1.0901273 1.1176536 1.0433966 1.0612500 1.0451009 1.0723996 0.6448390 0.4928426 0.4970836 0.5183262 0.5096759 0.4892523 0.4883243 0.4910403 0.5116037 0.4889184 
S0020_G7324_R1_U 0.4997896 0.5220609 0.0587624 0.0735779 0.0510271 0.0403945 0.0331598 0.0522166 0.0516968 0.0676752 0.0482503 0.0760770 0.0445190 0.0486565 0.0580100 0.0461585 0.0644355 0.0659353 0.0000000 0.0896849 0.0809614 0.0503547 0.0926908 0.0942514 0.1589638 0.1648676 0.0705077 0.1811377 0.2953428 0.2480200 0.3060650 0.3507950 0.3481312 0.2824755 0.3333385 0.3389583 0.6342903 1.0759799 1.0951514 1.0316561 1.0533977 1.0328255 1.0573384 0.6118411 0.4541235 0.4558934 0.4741387 0.4680405 0.4467714 0.4461704 0.4542033 0.4602188 0.4507597 
S0012_G7324_R1_A 0.5282456 0.5534544 0.0972080 0.1159080 0.0958895 0.0922813 0.0873329 0.0870807 0.0903028 0.1070838 0.0989397 0.1119546 0.0831793 0.0916668 0.0918464 0.0895340 0.1000995 0.1024758 0.0896849 0.0000000 0.1182908 0.0987576 0.1207570 0.1205457 0.1809263 0.1983866 0.1183899 0.2085883 0.3185692 0.2820756 0.3443083 0.3755761 0.3728291 0.3118010 0.3732483 0.3553910 0.6434223 1.1745198 1.1840843 1.1501404 1.1701458 1.1524471 1.1733343 0.6471293 0.5296841 0.5442136 0.5607006 0.5489840 0.5316553 0.5339162 0.5329588 0.5528481 0.5295002 
S0016_G7324_R1_A 0.5018992 0.5234419 0.0848932 0.0925861 0.0727287 0.0830062 0.0774191 0.0835707 0.0868070 0.1010659 0.0807556 0.1069631 0.0633410 0.0789817 0.0856262 0.0826479 0.0921091 0.0926994 0.0809614 0.1182908 0.0000000 0.0915436 0.1160221 0.1204145 0.1671096 0.1757494 0.1013047 0.1956584 0.3274383 0.2637517 0.3289596 0.3512672 0.3498597 0.3100951 0.3522847 0.3555738 0.6448647 1.1029809 1.1270853 1.0748647 1.0931763 1.0686732 1.0983798 0.6386344 0.5152059 0.5272834 0.5304657 0.5357613 0.5186999 0.5209931 0.5281215 0.5371583 0.5227484 
S0002_G7324_R1_A 0.5020503 0.5259877 0.0704328 0.0846648 0.0617344 0.0558101 0.0475393 0.0572094 0.0607794 0.0795919 0.0647980 0.0832399 0.0570532 0.0604071 0.0621764 0.0549899 0.0695452 0.0685125 0.0503547 0.0987576 0.0915436 0.0000000 0.1026647 0.1023388 0.1599091 0.1744147 0.0832177 0.1900262 0.3088372 0.2532671 0.3183432 0.3471918 0.3445324 0.3040942 0.3422952 0.3408706 0.6219036 1.0747059 1.0959442 1.0363702 1.0555384 1.0375530 1.0284821 0.6154622 0.4774150 0.4750247 0.4978644 0.4916101 0.4736705 0.4729288 0.4814970 0.4872935 0.4718746 
S0050_G7324_R1_A 0.5256317 0.5385502 0.0998182 0.1120711 0.0874952 0.0987320 0.0884860 0.0956362 0.0980868 0.1110915 0.0976855 0.1056993 0.0821642 0.0972186 0.1020791 0.0953031 0.1081046 0.1086802 0.0926908 0.1207570 0.1160221 0.1026647 0.0000000 0.0171735 0.1870671 0.1962117 0.1134955 0.2129218 0.3111842 0.2596480 0.3150070 0.3884103 0.3898005 0.3076373 0.3520781 0.3430264 0.6680984 1.1513030 1.1871722 1.1308038 1.1567655 1.1357576 1.1300528 0.5826682 0.5313030 0.5456073 0.5681437 0.5567386 0.5406536 0.5410719 0.5269308 0.5481103 0.5378386 
S0048_G7324_R1_A 0.5281046 0.5364273 0.1032865 0.1147441 0.0952460 0.1048831 0.0918893 0.0943864 0.1006004 0.1154424 0.0993172 0.1082829 0.0854203 0.1026860 0.1046237 0.0968070 0.1118652 0.1124376 0.0942514 0.1205457 0.1204145 0.1023388 0.0171735 0.0000000 0.1951201 0.1976754 0.1180403 0.2214470 0.3160314 0.2677725 0.3197444 0.3954461 0.3940390 0.3069315 0.3558301 0.3354956 0.6793177 1.1614725 1.1938865 1.1393840 1.1493832 1.1377403 1.1290539 0.5957992 0.5240793 0.5382396 0.5522351 0.5409475 0.5286128 0.5338533 0.5242292 0.5408739 0.5305986 
S0033_G7324_R1_A 0.5161167 0.5269217 0.1660614 0.1788934 0.1574466 0.1596612 0.1522931 0.1563413 0.1599011 0.1805834 0.1611099 0.1836910 0.1435657 0.1557952 0.1544764 0.1579284 0.1661731 0.1626677 0.1589638 0.1809263 0.1671096 0.1599091 0.1870671 0.1951201 0.0000000 0.1268822 0.1883657 0.1578350 0.2809337 0.2109246 0.2759250 0.3141172 0.3140814 0.2449614 0.2944716 0.2967421 0.6113524 1.1948273 1.1946225 1.2118482 1.2144893 1.2053156 1.1791120 0.5623556 0.5600788 0.5391575 0.5582429 0.5525275 0.5441342 0.5521888 0.5576975 0.5687350 0.5506369 
S0005_G7324_R1_A 0.5347880 0.5451532 0.1792670 0.1886728 0.1720248 0.1646360 0.1631089 0.1629997 0.1640882 0.1819187 0.1673937 0.1921514 0.1456603 0.1739405 0.1624606 0.1673719 0.1716928 0.1711875 0.1648676 0.1983866 0.1757494 0.1744147 0.1962117 0.1976754 0.1268822 0.0000000 0.1921882 0.1698521 0.3073348 0.2584358 0.3170315 0.3532141 0.3505370 0.2980970 0.3429187 0.3408635 0.6640048 1.1590575 1.1918763 1.1834185 1.1848692 1.1720302 1.2212867 0.6064523 0.5626795 0.5584076 0.5848580 0.5797929 0.5592345 0.5601303 0.5711063 0.5913144 0.5664135 
S0037_G7324_R1_A 0.5034959 0.5186346 0.0790326 0.0890512 0.0727158 0.0751798 0.0678281 0.0798592 0.0786276 0.1016666 0.0867055 0.1013261 0.0733313 0.0820564 0.0810126 0.0778769 0.0877451 0.0909425 0.0705077 0.1183899 0.1013047 0.0832177 0.1134955 0.1180403 0.1883657 0.1921882 0.0000000 0.2044272 0.3252385 0.2730495 0.3284000 0.3638910 0.3611901 0.3170719 0.3408762 0.3548749 0.6363409 1.0973998 1.1315480 1.0536662 1.0753230 1.0513317 1.0471406 0.6028157 0.4639353 0.4845661 0.4985869 0.4947967 0.4637842 0.4721616 0.4761597 0.4924159 0.4768854 
S0035_G7324_R1_A 0.5722931 0.5916832 0.1877841 0.2037381 0.1761104 0.1848354 0.1744845 0.1815815 0.1826174 0.1876731 0.1839486 0.2089559 0.1668862 0.1794842 0.1844933 0.1771673 0.1869790 0.1907481 0.1811377 0.2085883 0.1956584 0.1900262 0.2129218 0.2214470 0.1578350 0.1698521 0.2044272 0.0000000 0.3124776 0.2814451 0.3298661 0.3722133 0.3721636 0.3066910 0.3685598 0.3740674 0.6899054 1.2137314 1.2531928 1.2002130 1.2027587 1.1936709 1.2210569 0.6765204 0.5669951 0.5888754 0.5943511 0.5902779 0.5795984 0.5806705 0.5857402 0.5853358 0.5819176 
S0006_G7324_R1_A 0.5566963 0.5700906 0.3021646 0.3126087 0.3074276 0.3021902 0.2897634 0.3082536 0.3135887 0.3085859 0.3003864 0.3144165 0.2861902 0.2894458 0.3101390 0.3012526 0.3088356 0.3152430 0.2953428 0.3185692 0.3274383 0.3088372 0.3111842 0.3160314 0.2809337 0.3073348 0.3252385 0.3124776 0.0000000 0.3242631 0.3879724 0.3724492 0.3735428 0.3622649 0.3732874 0.3765470 0.6249433 1.3088664 1.3658531 1.3792606 1.3981072 1.3877999 1.3649896 0.5877901 0.6138823 0.6256504 0.6284699 0.6312796 0.6070421 0.6079503 0.6031536 0.6327169 0.6118759 
S0008_G7324_R1_A 0.5555580 0.5741887 0.2618658 0.2755009 0.2540784 0.2499137 0.2431972 0.2577001 0.2533730 0.2608080 0.2498919 0.2732993 0.2381500 0.2572657 0.2434913 0.2495481 0.2655130 0.2594709 0.2480200 0.2820756 0.2637517 0.2532671 0.2596480 0.2677725 0.2109246 0.2584358 0.2730495 0.2814451 0.3242631 0.0000000 0.1616841 0.2324383 0.2335977 0.1512073 0.1637853 0.2467556 0.6055439 1.3331967 1.3691514 1.3018587 1.3147414 1.3155157 1.2979072 0.6211116 0.5971990 0.5958115 0.6192388 0.6177727 0.5879496 0.6002362 0.6025072 0.6122051 0.6076861 
S0034_G7324_R1_A 0.5720192 0.5932583 0.3242621 0.3392025 0.3125002 0.3129465 0.3003949 0.3151186 0.3076747 0.3153022 0.3178872 0.3191054 0.2971551 0.3220557 0.3024098 0.3163949 0.3214922 0.3193852 0.3060650 0.3443083 0.3289596 0.3183432 0.3150070 0.3197444 0.2759250 0.3170315 0.3284000 0.3298661 0.3879724 0.1616841 0.0000000 0.2747604 0.2747314 0.1095542 0.2205268 0.2824455 0.6596394 1.3399487 1.3797142 1.2721763 1.2771582 1.2815475 1.2694131 0.6753202 0.6444860 0.6504347 0.6689100 0.6643003 0.6349716 0.6527385 0.6527412 0.6605266 0.6652889 
S0009_G7324_R1_A 0.5421530 0.5561390 0.3518849 0.3609315 0.3438151 0.3341112 0.3349677 0.3448162 0.3427037 0.3635626 0.3447565 0.3629123 0.3260667 0.3402322 0.3348469 0.3390841 0.3466560 0.3401917 0.3507950 0.3755761 0.3512672 0.3471918 0.3884103 0.3954461 0.3141172 0.3532141 0.3638910 0.3722133 0.3724492 0.2324383 0.2747604 0.0000000 0.0029250 0.2602148 0.2502185 0.2768882 0.6220132 1.4268988 1.4710425 1.3669797 1.3825744 1.3782314 1.3885321 0.6752471 0.6947038 0.7035759 0.7021451 0.6973984 0.6733216 0.7011617 0.7037583 0.7148739 0.7039152 
S0010_G7324_R1_A 0.5403385 0.5542940 0.3518406 0.3608853 0.3437729 0.3315247 0.3318981 0.3421874 0.3400782 0.3622807 0.3421047 0.3602190 0.3268927 0.3401901 0.3322518 0.3390433 0.3439865 0.3375476 0.3481312 0.3728291 0.3498597 0.3445324 0.3898005 0.3940390 0.3140814 0.3505370 0.3611901 0.3721636 0.3735428 0.2335977 0.2747314 0.0029250 0.0000000 0.2601882 0.2490580 0.2769721 0.6267610 1.4262822 1.4703935 1.3664024 1.3748088 1.3776461 1.3878476 0.6738048 0.6944836 0.7033477 0.7019188 0.6971743 0.6731118 0.7009373 0.7017316 0.7146421 0.7036887 
S0015_G7324_R1_A 0.5502477 0.5669003 0.3066351 0.3165875 0.2961164 0.2944116 0.2831068 0.2940920 0.2960970 0.2979830 0.2995755 0.3052381 0.2806502 0.2964222 0.2840309 0.2974267 0.2961929 0.2953196 0.2824755 0.3118010 0.3100951 0.3040942 0.3076373 0.3069315 0.2449614 0.2980970 0.3170719 0.3066910 0.3622649 0.1512073 0.1095542 0.2602148 0.2601882 0.0000000 0.2143833 0.2747730 0.6435934 1.4658423 1.5281470 1.4191235 1.4148355 1.4177238 1.4254354 0.6506799 0.6908178 0.6913371 0.7092757 0.7103395 0.6744809 0.6901528 0.6939604 0.7038875 0.7002879 
S0014_G7324_R1_A 0.5924703 0.6033333 0.3359880 0.3707313 0.3306873 0.3266168 0.3288931 0.3357693 0.3319000 0.3479259 0.3481735 0.3362459 0.3179474 0.3419662 0.3199844 0.3252630 0.3374860 0.3376695 0.3333385 0.3732483 0.3522847 0.3422952 0.3520781 0.3558301 0.2944716 0.3429187 0.3408762 0.3685598 0.3732874 0.1637853 0.2205268 0.2502185 0.2490580 0.2143833 0.0000000 0.2210332 0.6146249 1.4770761 1.5181864 1.3853156 1.3873878 1.4020817 1.3540970 0.6403179 0.6608481 0.6586007 0.6749243 0.6675890 0.6402343 0.6520590 0.6617306 0.6803278 0.6682064 
S0027_G7324_R1_A 0.5073086 0.5167060 0.3576488 0.3626905 0.3373143 0.3455446 0.3293378 0.3404728 0.3498892 0.3476645 0.3393124 0.3420233 0.3255442 0.3398582 0.3290779 0.3395423 0.3494500 0.3534588 0.3389583 0.3553910 0.3555738 0.3408706 0.3430264 0.3354956 0.2967421 0.3408635 0.3548749 0.3740674 0.3765470 0.2467556 0.2824455 0.2768882 0.2769721 0.2747730 0.2210332 0.0000000 0.6465953 1.3559759 1.4046818 1.3701666 1.3721898 1.3512789 1.3705012 0.7024010 0.6775184 0.6713687 0.6988638 0.6981424 0.6505322 0.6893912 0.6816011 0.7008560 0.6919926 
S0049_G7324_R1_A 0.6854072 0.7064756 0.6465691 0.6726165 0.6605127 0.6410474 0.6114786 0.6268537 0.6453644 0.6576044 0.6382133 0.6495281 0.6393735 0.6399127 0.6124402 0.6402778 0.6287331 0.6377722 0.6342903 0.6434223 0.6448647 0.6219036 0.6680984 0.6793177 0.6113524 0.6640048 0.6363409 0.6899054 0.6249433 0.6055439 0.6596394 0.6220132 0.6267610 0.6435934 0.6146249 0.6465953 0.0000000 1.1635934 1.1386251 1.1217164 1.1586202 1.1527172 1.1024669 0.5132097 0.5771980 0.5687355 0.5734992 0.5722566 0.5828178 0.5713582 0.5652993 0.5878316 0.5687604 
S0025_G7324_R1_A 1.3447635 1.3730033 1.0879776 1.0891089 1.0492514 1.0518463 1.0464698 1.0974508 1.0577038 1.1192975 1.0549687 1.0876623 1.0579631 1.0251164 1.0414027 1.0595131 1.0813487 1.0901273 1.0759799 1.1745198 1.1029809 1.0747059 1.1513030 1.1614725 1.1948273 1.1590575 1.0973998 1.2137314 1.3088664 1.3331967 1.3399487 1.4268988 1.4262822 1.4658423 1.4770761 1.3559759 1.1635934 0.0000000 0.0349868 0.1771816 0.1848419 0.1715425 0.2526207 1.2276782 1.1412083 1.1623333 1.1642449 1.1519183 1.1163752 1.1573404 1.1599062 1.1687954 1.1452901 
S0029_G7324_R1_A 1.3674603 1.3828366 1.1184959 1.1195857 1.0681398 1.0775280 1.0725378 1.1164814 1.0727888 1.1581566 1.0820390 1.1194599 1.0899479 1.0488693 1.0650712 1.0852388 1.1116908 1.1176536 1.0951514 1.1840843 1.1270853 1.0959442 1.1871722 1.1938865 1.1946225 1.1918763 1.1315480 1.2531928 1.3658531 1.3691514 1.3797142 1.4710425 1.4703935 1.5281470 1.5181864 1.4046818 1.1386251 0.0349868 0.0000000 0.1586540 0.1683314 0.1555672 0.2401406 1.2045746 1.1326682 1.1535409 1.1680644 1.1556570 1.1198750 1.1487094 1.1511412 1.1600545 1.1367514 
S0032_G7324_R2_N 1.3711762 1.3957991 1.0392435 1.0510980 1.0159901 1.0164636 0.9969913 1.0589443 1.0189434 1.0702832 1.0339881 1.0637592 1.0218205 0.9858578 1.0285855 1.0265656 1.0411812 1.0433966 1.0316561 1.1501404 1.0748647 1.0363702 1.1308038 1.1393840 1.2118482 1.1834185 1.0536662 1.2002130 1.3792606 1.3018587 1.2721763 1.3669797 1.3664024 1.4191235 1.3853156 1.3701666 1.1217164 0.1771816 0.1586540 0.0000000 0.0270334 0.0192236 0.1257254 1.1245671 1.1238579 1.1434941 1.1565221 1.1455838 1.1090049 1.1387015 1.1452639 1.1499241 1.1219004 
S0024_G7324_R1_A 1.3845865 1.4096716 1.0679431 1.0799836 1.0441324 1.0311876 1.0097312 1.0731741 1.0404039 1.0960599 1.0630003 1.0729248 1.0405702 1.0018810 1.0504390 1.0322463 1.0590750 1.0612500 1.0533977 1.1701458 1.0931763 1.0555384 1.1567655 1.1493832 1.2144893 1.1848692 1.0753230 1.2027587 1.3981072 1.3147414 1.2771582 1.3825744 1.3748088 1.4148355 1.3873878 1.3721898 1.1586202 0.1848419 0.1683314 0.0270334 0.0000000 0.0322615 0.1479196 1.1430029 1.1375768 1.1577634 1.1615076 1.1504479 1.1239003 1.1527044 1.1563025 1.1685358 1.1355762 
S0032_G7324_R1_N 1.3575611 1.3819059 1.0467827 1.0586719 1.0171350 1.0176116 0.9981202 1.0568893 1.0200929 1.0687147 1.0351767 1.0542200 1.0202423 0.9869790 1.0230753 1.0253674 1.0497611 1.0451009 1.0328255 1.1524471 1.0686732 1.0375530 1.1357576 1.1377403 1.2053156 1.1720302 1.0513317 1.1936709 1.3877999 1.3155157 1.2815475 1.3782314 1.3776461 1.4177238 1.4020817 1.3512789 1.1527172 0.1715425 0.1555672 0.0192236 0.0322615 0.0000000 0.1301997 1.1786067 1.1162223 1.1444387 1.1395079 1.1287137 1.0925601 1.1363720 1.1428849 1.1462967 1.1196235 
S0001_G7324_R1_A 1.3727207 1.3912532 1.0261280 1.0745234 1.0419902 1.0274318 1.0228224 1.0733392 1.0278224 1.0756576 1.0419601 1.0959525 1.0275506 0.9745392 1.0506216 1.0243364 1.0808632 1.0723996 1.0573384 1.1733343 1.0983798 1.0284821 1.1300528 1.1290539 1.1791120 1.2212867 1.0471406 1.2210569 1.3649896 1.2979072 1.2694131 1.3885321 1.3878476 1.4254354 1.3540970 1.3705012 1.1024669 0.2526207 0.2401406 0.1257254 0.1479196 0.1301997 0.0000000 1.1553846 1.0756615 1.0749482 1.1076766 1.1056177 1.0722708 1.0920483 1.1106443 1.1216970 1.0742199 
S0003_G7324_R1_N 0.7291963 0.7426136 0.5962449 0.6109010 0.6079704 0.6338134 0.6051416 0.6127064 0.6260221 0.6232699 0.6139639 0.6234518 0.5953006 0.6089498 0.5884279 0.6359520 0.6379054 0.6448390 0.6118411 0.6471293 0.6386344 0.6154622 0.5826682 0.5957992 0.5623556 0.6064523 0.6028157 0.6765204 0.5877901 0.6211116 0.6753202 0.6752471 0.6738048 0.6506799 0.6403179 0.7024010 0.5132097 1.2276782 1.2045746 1.1245671 1.1430029 1.1786067 1.1553846 0.0000000 0.5323327 0.5373191 0.5222072 0.5198149 0.5414346 0.5265132 0.5314466 0.5438596 0.5303985 
S0041_G7324_R1_N 0.6746858 0.7009625 0.4846491 0.5101761 0.4809337 0.4679395 0.4688846 0.4776967 0.4813593 0.5068141 0.4865329 0.5188464 0.4608585 0.4749843 0.4555807 0.4650971 0.4702185 0.4928426 0.4541235 0.5296841 0.5152059 0.4774150 0.5313030 0.5240793 0.5600788 0.5626795 0.4639353 0.5669951 0.6138823 0.5971990 0.6444860 0.6947038 0.6944836 0.6908178 0.6608481 0.6775184 0.5771980 1.1412083 1.1326682 1.1238579 1.1375768 1.1162223 1.0756615 0.5323327 0.0000000 0.0244179 0.0287081 0.0265527 0.0285163 0.0134285 0.0178078 0.0283063 0.0219044 
S0042_G7324_R1_N 0.6656866 0.6924203 0.4890664 0.5083956 0.4904379 0.4716239 0.4682938 0.4840331 0.4901022 0.5227004 0.4949592 0.5239681 0.4652652 0.4789246 0.4615689 0.4644478 0.4760362 0.4970836 0.4558934 0.5442136 0.5272834 0.4750247 0.5456073 0.5382396 0.5391575 0.5584076 0.4845661 0.5888754 0.6256504 0.5958115 0.6504347 0.7035759 0.7033477 0.6913371 0.6586007 0.6713687 0.5687355 1.1623333 1.1535409 1.1434941 1.1577634 1.1444387 1.0749482 0.5373191 0.0244179 0.0000000 0.0301886 0.0280013 0.0321877 0.0222018 0.0234826 0.0275798 0.0221784 
S0045_G7324_R2_A 0.6788063 0.7054907 0.5102806 0.5215784 0.5115029 0.4921149 0.4914581 0.5026631 0.5112335 0.5356741 0.4978130 0.5354212 0.4759600 0.4961000 0.4808820 0.4849555 0.4947284 0.5183262 0.4741387 0.5607006 0.5304657 0.4978644 0.5681437 0.5522351 0.5582429 0.5848580 0.4985869 0.5943511 0.6284699 0.6192388 0.6689100 0.7021451 0.7019188 0.7092757 0.6749243 0.6988638 0.5734992 1.1642449 1.1680644 1.1565221 1.1615076 1.1395079 1.1076766 0.5222072 0.0287081 0.0301886 0.0000000 0.0093195 0.0210915 0.0275583 0.0299534 0.0363245 0.0297603 
S0044_G7324_R1_N 0.6790839 0.7058757 0.5015811 0.5220280 0.5028704 0.4836982 0.4828769 0.4940826 0.5025732 0.5267008 0.4971591 0.5329151 0.4737277 0.4914322 0.4696441 0.4765238 0.4862492 0.5096759 0.4680405 0.5489840 0.5357613 0.4916101 0.5567386 0.5409475 0.5525275 0.5797929 0.4947967 0.5902779 0.6312796 0.6177727 0.6643003 0.6973984 0.6971743 0.7103395 0.6675890 0.6981424 0.5722566 1.1519183 1.1556570 1.1455838 1.1504479 1.1287137 1.1056177 0.5198149 0.0265527 0.0280013 0.0093195 0.0000000 0.0200360 0.0254109 0.0255954 0.0341507 0.0254317 
S0045_G7324_R1_A 0.6728349 0.6990947 0.4878217 0.5087702 0.4779839 0.4642364 0.4654078 0.4740791 0.4825560 0.5121551 0.4761504 0.5032407 0.4590965 0.4711862 0.4432812 0.4613647 0.4666050 0.4892523 0.4467714 0.5316553 0.5186999 0.4736705 0.5406536 0.5286128 0.5441342 0.5592345 0.4637842 0.5795984 0.6070421 0.5879496 0.6349716 0.6733216 0.6731118 0.6744809 0.6402343 0.6505322 0.5828178 1.1163752 1.1198750 1.1090049 1.1239003 1.0925601 1.0722708 0.5414346 0.0285163 0.0321877 0.0210915 0.0200360 0.0000000 0.0295374 0.0287070 0.0349931 0.0317343 
S0047_G7324_R1_N 0.6837355 0.7103766 0.4783420 0.5013142 0.4794623 0.4635522 0.4623670 0.4732231 0.4768600 0.5127912 0.4861279 0.5140482 0.4634700 0.4704472 0.4556790 0.4606899 0.4657998 0.4883243 0.4461704 0.5339162 0.5209931 0.4729288 0.5410719 0.5338533 0.5521888 0.5601303 0.4721616 0.5806705 0.6079503 0.6002362 0.6527385 0.7011617 0.7009373 0.6901528 0.6520590 0.6893912 0.5713582 1.1573404 1.1487094 1.1387015 1.1527044 1.1363720 1.0920483 0.5265132 0.0134285 0.0222018 0.0275583 0.0254109 0.0295374 0.0000000 0.0124868 0.0250412 0.0165788 
S0043_G7324_R1_N 0.6738868 0.6957358 0.4791990 0.5023844 0.4859448 0.4696139 0.4657297 0.4818813 0.4856052 0.5119678 0.4968545 0.5191978 0.4760680 0.4706523 0.4594532 0.4667514 0.4682949 0.4910403 0.4542033 0.5329588 0.5281215 0.4814970 0.5269308 0.5242292 0.5576975 0.5711063 0.4761597 0.5857402 0.6031536 0.6025072 0.6527412 0.7037583 0.7017316 0.6939604 0.6617306 0.6816011 0.5652993 1.1599062 1.1511412 1.1452639 1.1563025 1.1428849 1.1106443 0.5314466 0.0178078 0.0234826 0.0299534 0.0255954 0.0287070 0.0124868 0.0000000 0.0274107 0.0167178 
S0040_G7324_R1_N 0.7037408 0.7281349 0.4989227 0.5157549 0.5026156 0.4795300 0.4796228 0.4896477 0.5000236 0.5371910 0.5039683 0.5289353 0.4777192 0.4889591 0.4696420 0.4767382 0.4885444 0.5116037 0.4602188 0.5528481 0.5371583 0.4872935 0.5481103 0.5408739 0.5687350 0.5913144 0.4924159 0.5853358 0.6327169 0.6122051 0.6605266 0.7148739 0.7146421 0.7038875 0.6803278 0.7008560 0.5878316 1.1687954 1.1600545 1.1499241 1.1685358 1.1462967 1.1216970 0.5438596 0.0283063 0.0275798 0.0363245 0.0341507 0.0349931 0.0250412 0.0274107 0.0000000 0.0229349 
S0038_G7324_R1_A 0.6769574 0.7033756 0.4831452 0.5039199 0.4822913 0.4639976 0.4648630 0.4760312 0.4819362 0.5092279 0.4889010 0.5171107 0.4598064 0.4709143 0.4561134 0.4569330 0.4663560 0.4889184 0.4507597 0.5295002 0.5227484 0.4718746 0.5378386 0.5305986 0.5506369 0.5664135 0.4768854 0.5819176 0.6118759 0.6076861 0.6652889 0.7039152 0.7036887 0.7002879 0.6682064 0.6919926 0.5687604 1.1452901 1.1367514 1.1219004 1.1355762 1.1196235 1.0742199 0.5303985 0.0219044 0.0221784 0.0297603 0.0254317 0.0317343 0.0165788 0.0167178 0.0229349 0.0000000 
