44
S0039_G7577_R1_A 0.0000000 0.0066181 0.3939686 0.4098989 0.4121934 0.4225098 0.4802059 0.5146975 0.4979924 0.4891781 0.4787436 0.4964785 0.4953636 0.4742349 0.5947115 0.4770674 0.4666704 0.4256918 0.4828341 0.4817108 0.4713455 0.4822841 0.4788759 0.4817169 0.4873280 0.4826672 0.4757345 0.4827881 0.5039461 0.5013568 0.4786681 0.4633469 0.4933994 0.5516896 0.5266616 0.6705097 0.7783924 0.7736730 0.9816176 0.9515999 0.9632197 0.9960586 0.8890843 0.8183543 
S0051_G7577_R1_A 0.0066181 0.0000000 0.3951572 0.4131157 0.4100123 0.4203102 0.4777442 0.5218531 0.4999587 0.4889293 0.4784990 0.4962209 0.4951099 0.4739971 0.6004716 0.4768248 0.4647398 0.4212981 0.4779779 0.4814613 0.4711071 0.4820352 0.4786337 0.4797541 0.4825528 0.4824243 0.4754960 0.4808234 0.5036851 0.5010988 0.4784205 0.4631133 0.4910610 0.5513899 0.5245136 0.6580631 0.7748110 0.7700999 0.9862707 0.9589714 0.9707863 1.0009771 0.8768428 0.8324446 
S0027_G7577_R1_A 0.3939686 0.3951572 0.0000000 0.2427686 0.2398419 0.2464627 0.2192178 0.2540870 0.2412798 0.3658238 0.3550578 0.3505849 0.3516876 0.3507934 0.4386027 0.3554368 0.3529262 0.3582226 0.3571045 0.3682283 0.3627283 0.3590097 0.3582637 0.3520140 0.3454918 0.3615388 0.3532575 0.3519028 0.3343137 0.3499806 0.3547682 0.3543881 0.3532340 0.3496109 0.3956286 0.4209275 0.6098633 0.6060398 0.5929941 0.6006998 0.5988850 0.6547805 0.6827084 0.5478311 
S0008_G7577_R1_A 0.4098989 0.4131157 0.2427686 0.0000000 0.1794374 0.1795463 0.1669454 0.1888599 0.1887446 0.3198856 0.3024940 0.3375430 0.3246588 0.2989510 0.3736678 0.3163752 0.3015208 0.2918527 0.2859270 0.3181614 0.3100613 0.3225420 0.3133627 0.2987594 0.3081977 0.3305187 0.3226028 0.3084260 0.3302396 0.3143074 0.2902512 0.3210371 0.3135486 0.3489043 0.3590002 0.4066999 0.6010387 0.6123296 0.5950804 0.6073810 0.6147525 0.6474410 0.7549552 0.6792255 
S0009_G7577_R1_A 0.4121934 0.4100123 0.2398419 0.1794374 0.0000000 0.0190131 0.1948691 0.2564917 0.2469683 0.3246998 0.3090474 0.3441100 0.3330752 0.3210601 0.4018479 0.3366071 0.3322107 0.2941541 0.3071672 0.3290289 0.3245435 0.3305287 0.3219096 0.3141890 0.3159889 0.3430375 0.3429566 0.3177964 0.3193149 0.3240057 0.3097696 0.3277397 0.3270375 0.3966202 0.3700126 0.4234844 0.6029092 0.6137313 0.6351310 0.6357650 0.6298289 0.6653651 0.8022964 0.6883093 
S0010_G7577_R1_A 0.4225098 0.4203102 0.2464627 0.1795463 0.0190131 0.0000000 0.1952876 0.2566630 0.2526768 0.3213252 0.3069935 0.3460822 0.3296555 0.3203048 0.4006525 0.3371989 0.3317461 0.2975854 0.3091735 0.3256183 0.3241223 0.3280349 0.3198570 0.3122005 0.3126670 0.3419190 0.3422151 0.3144857 0.3120295 0.3239296 0.3117851 0.3242919 0.3321922 0.3977414 0.3791239 0.4313985 0.6069955 0.6155113 0.6371175 0.6379100 0.6319139 0.6638428 0.8035657 0.6868924 
S0014_G7577_R1_A 0.4802059 0.4777442 0.2192178 0.1669454 0.1948691 0.1952876 0.0000000 0.2208515 0.2236604 0.3997265 0.3845738 0.4023330 0.3998795 0.3776670 0.4675306 0.3887436 0.3807537 0.3447537 0.3597379 0.3830261 0.3850094 0.3807814 0.3829435 0.3697565 0.3852848 0.3833283 0.3867566 0.3823164 0.3927002 0.3765506 0.3474099 0.3876727 0.3558209 0.3716075 0.4167410 0.4223511 0.6652018 0.6636786 0.6677041 0.6816301 0.6804553 0.7018464 0.8058999 0.6749936 
S0034_G7577_R1_A 0.5146975 0.5218531 0.2540870 0.1888599 0.2564917 0.2566630 0.2208515 0.0000000 0.1762778 0.4041195 0.3839125 0.4188115 0.3967115 0.3833485 0.4655081 0.3958004 0.3950874 0.3832191 0.3809833 0.4085760 0.3903033 0.4053794 0.3896702 0.3805809 0.3921143 0.4034735 0.4012175 0.3884969 0.3883690 0.3923529 0.3732461 0.4022055 0.3953874 0.4118181 0.4372204 0.4681544 0.6894599 0.6857409 0.6751563 0.6862341 0.6723040 0.7197016 0.8432021 0.7247155 
S0015_G7577_R1_A 0.4979924 0.4999587 0.2412798 0.1887446 0.2469683 0.2526768 0.2236604 0.1762778 0.0000000 0.4172441 0.4196324 0.4348920 0.4114960 0.3967733 0.3908342 0.4205450 0.3799910 0.3703760 0.3674306 0.4109961 0.4106612 0.4059685 0.3995986 0.3797092 0.3896987 0.4172885 0.4149223 0.3921026 0.3883385 0.3931404 0.3683630 0.3979377 0.4243307 0.3958830 0.4379177 0.4860968 0.6176141 0.6168041 0.5906295 0.6022444 0.6021829 0.6154503 0.6739340 0.7330997 
S0018_G7577_R1_A 0.4891781 0.4889293 0.3658238 0.3198856 0.3246998 0.3213252 0.3997265 0.4041195 0.4172441 0.0000000 0.0350296 0.0764576 0.0682346 0.0663515 0.1587520 0.0916068 0.0776091 0.0673742 0.0733762 0.0857162 0.0727824 0.0805367 0.0674619 0.0765908 0.0642573 0.0989214 0.0932736 0.0764760 0.1055761 0.0894980 0.0688400 0.0789802 0.2048828 0.3640138 0.2213580 0.4395253 0.5623739 0.5837942 0.5974741 0.5997406 0.6058337 0.6381137 0.9026684 0.7785118 
S0031_G7577_R1_A 0.4787436 0.4784990 0.3550578 0.3024940 0.3090474 0.3069935 0.3845738 0.3839125 0.4196324 0.0350296 0.0000000 0.0604400 0.0510665 0.0528351 0.1294107 0.0747588 0.0623710 0.0570043 0.0604245 0.0711345 0.0562178 0.0681927 0.0552530 0.0622187 0.0499989 0.0845869 0.0788822 0.0620529 0.0894477 0.0781135 0.0558225 0.0634840 0.1931013 0.3395927 0.2097457 0.4469098 0.5410552 0.5636686 0.5799566 0.5767218 0.5883801 0.6188011 0.8637331 0.7727822 
S0037_G7577_R1_U 0.4964785 0.4962209 0.3505849 0.3375430 0.3441100 0.3460822 0.4023330 0.4188115 0.4348920 0.0764576 0.0604400 0.0000000 0.0791956 0.0823800 0.1702680 0.0962353 0.0917942 0.0798759 0.0878116 0.0952665 0.0800392 0.0909493 0.0782350 0.0908221 0.0741334 0.1115638 0.1078958 0.0922327 0.1160128 0.0979348 0.0825047 0.0872979 0.2122989 0.3611319 0.2375528 0.4606963 0.5659000 0.5793519 0.6069793 0.6031852 0.6131267 0.6441789 0.8987634 0.7824234 
S0004_G7577_R1_A 0.4953636 0.4951099 0.3516876 0.3246588 0.3330752 0.3296555 0.3998795 0.3967115 0.4114960 0.0682346 0.0510665 0.0791956 0.0000000 0.0578636 0.1406029 0.0757951 0.0658779 0.0534827 0.0609755 0.0744707 0.0619267 0.0657764 0.0561382 0.0635106 0.0510656 0.0879258 0.0812827 0.0655892 0.0913562 0.0798858 0.0566728 0.0670652 0.1961775 0.3425035 0.2160199 0.4385053 0.5385886 0.5631030 0.5893331 0.5879802 0.5976112 0.6242674 0.8780977 0.7876187 
S0023_G7577_R1_A 0.4742349 0.4739971 0.3507934 0.2989510 0.3210601 0.3203048 0.3776670 0.3833485 0.3967733 0.0663515 0.0528351 0.0823800 0.0578636 0.0000000 0.1215882 0.0602015 0.0525651 0.0388854 0.0494370 0.0629562 0.0480818 0.0570972 0.0494276 0.0468121 0.0541180 0.0695220 0.0627472 0.0488897 0.0823110 0.0656075 0.0443701 0.0563745 0.1800512 0.3255705 0.1903082 0.4431105 0.5323526 0.5523887 0.5897717 0.5917256 0.6014121 0.6152778 0.8600653 0.7724020 
S0026_G7577_R1_A 0.5947115 0.6004716 0.4386027 0.3736678 0.4018479 0.4006525 0.4675306 0.4655081 0.3908342 0.1587520 0.1294107 0.1702680 0.1406029 0.1215882 0.0000000 0.1387188 0.1318452 0.1379384 0.1370443 0.1441683 0.1281655 0.1446149 0.1299319 0.1303083 0.1355751 0.1530608 0.1433364 0.1347158 0.1626558 0.1441666 0.1318828 0.1381005 0.2699252 0.3466342 0.2773410 0.5581570 0.5979060 0.6135557 0.6415534 0.6320197 0.6427752 0.6672801 0.9039536 0.8896565 
S0013_G7577_R1_A 0.4770674 0.4768248 0.3554368 0.3163752 0.3366071 0.3371989 0.3887436 0.3958004 0.4205450 0.0916068 0.0747588 0.0962353 0.0757951 0.0602015 0.1387188 0.0000000 0.0710882 0.0590133 0.0651326 0.0745290 0.0642427 0.0706865 0.0620010 0.0672808 0.0734835 0.0738425 0.0690129 0.0686500 0.0907486 0.0830071 0.0598026 0.0702056 0.1979114 0.3489190 0.2085851 0.4412965 0.5461316 0.5671755 0.5930907 0.5927445 0.5988478 0.6239133 0.8687890 0.7815153 
S0046_G7577_R1_A 0.4666704 0.4647398 0.3529262 0.3015208 0.3322107 0.3317461 0.3807537 0.3950874 0.3799910 0.0776091 0.0623710 0.0917942 0.0658779 0.0525651 0.1318452 0.0710882 0.0000000 0.0521821 0.0591746 0.0688707 0.0571580 0.0608408 0.0535959 0.0550483 0.0642393 0.0800778 0.0750668 0.0578733 0.0972527 0.0743767 0.0509390 0.0637613 0.1832575 0.3265457 0.2001752 0.4433020 0.5435759 0.5762781 0.6136529 0.6142181 0.6205425 0.6532953 0.8768591 0.8043156 
S0019_G7577_R1_A 0.4256918 0.4212981 0.3582226 0.2918527 0.2941541 0.2975854 0.3447537 0.3832191 0.3703760 0.0673742 0.0570043 0.0798759 0.0534827 0.0388854 0.1379384 0.0590133 0.0521821 0.0000000 0.0227761 0.0458442 0.0432548 0.0421671 0.0417849 0.0399298 0.0466291 0.0648224 0.0594511 0.0484008 0.0813532 0.0602960 0.0309634 0.0505075 0.1607624 0.2557984 0.1912731 0.3882785 0.5212670 0.5385209 0.5661943 0.5767625 0.5797655 0.6200781 0.8066627 0.6741478 
S0020_G7577_R1_A 0.4828341 0.4779779 0.3571045 0.2859270 0.3071672 0.3091735 0.3597379 0.3809833 0.3674306 0.0733762 0.0604245 0.0878116 0.0609755 0.0494370 0.1370443 0.0651326 0.0591746 0.0227761 0.0000000 0.0525985 0.0506059 0.0510786 0.0482827 0.0574727 0.0570665 0.0736352 0.0678255 0.0581920 0.0897912 0.0723528 0.0349709 0.0578927 0.1741498 0.3103215 0.2018976 0.4328243 0.5195549 0.5341668 0.5729134 0.5770120 0.5851622 0.6083120 0.8089306 0.7498357 
S0002_G7577_R1_A 0.4817108 0.4814613 0.3682283 0.3181614 0.3290289 0.3256183 0.3830261 0.4085760 0.4109961 0.0857162 0.0711345 0.0952665 0.0744707 0.0629562 0.1441683 0.0745290 0.0688707 0.0458442 0.0525985 0.0000000 0.0619582 0.0610268 0.0626409 0.0672193 0.0684192 0.0875954 0.0808340 0.0701210 0.1057330 0.0793191 0.0474901 0.0595255 0.1990446 0.3436527 0.2163761 0.4604241 0.5377623 0.5652052 0.6074463 0.6098454 0.6181534 0.6375758 0.8895389 0.8239002 
S0030_G7577_R1_A 0.4713455 0.4711071 0.3627283 0.3100613 0.3245435 0.3241223 0.3850094 0.3903033 0.4106612 0.0727824 0.0562178 0.0800392 0.0619267 0.0480818 0.1281655 0.0642427 0.0571580 0.0432548 0.0506059 0.0619582 0.0000000 0.0590535 0.0455702 0.0520360 0.0553146 0.0707971 0.0660595 0.0556030 0.0889946 0.0675595 0.0462242 0.0538496 0.1882910 0.3307536 0.1990559 0.4479476 0.5322773 0.5548688 0.5833246 0.5837191 0.5896906 0.6220434 0.8751688 0.7561984 
S0011_G7577_R1_A 0.4822841 0.4820352 0.3590097 0.3225420 0.3305287 0.3280349 0.3807814 0.4053794 0.4059685 0.0805367 0.0681927 0.0909493 0.0657764 0.0570972 0.1446149 0.0706865 0.0608408 0.0421671 0.0510786 0.0610268 0.0590535 0.0000000 0.0558831 0.0599945 0.0679135 0.0799041 0.0756238 0.0630383 0.0944149 0.0778051 0.0450058 0.0596048 0.1811397 0.3245348 0.2039870 0.4327295 0.5239658 0.5480927 0.5887686 0.5872720 0.5967034 0.6242560 0.8437188 0.7515228 
S0022_G7577_R1_A 0.4788759 0.4786337 0.3582637 0.3133627 0.3219096 0.3198570 0.3829435 0.3896702 0.3995986 0.0674619 0.0552530 0.0782350 0.0561382 0.0494276 0.1299319 0.0620010 0.0535959 0.0417849 0.0482827 0.0626409 0.0455702 0.0558831 0.0000000 0.0527259 0.0550965 0.0705511 0.0666134 0.0562373 0.0865839 0.0623399 0.0409705 0.0502677 0.1817714 0.3209634 0.2010877 0.4423511 0.5370087 0.5611028 0.5893212 0.5933672 0.6030378 0.6222725 0.8646262 0.7895120 
S0021_G7577_R2_A 0.4817169 0.4797541 0.3520140 0.2987594 0.3141890 0.3122005 0.3697565 0.3805809 0.3797092 0.0765908 0.0622187 0.0908221 0.0635106 0.0468121 0.1303083 0.0672808 0.0550483 0.0399298 0.0574727 0.0672193 0.0520360 0.0599945 0.0527259 0.0000000 0.0611629 0.0776997 0.0713255 0.0242182 0.0877067 0.0735354 0.0515572 0.0569027 0.1749773 0.3270616 0.1977678 0.4445819 0.5405330 0.5669868 0.6087358 0.6100778 0.6201747 0.6380767 0.8912725 0.7755813 
S0016_G7577_R1_A 0.4873280 0.4825528 0.3454918 0.3081977 0.3159889 0.3126670 0.3852848 0.3921143 0.3896987 0.0642573 0.0499989 0.0741334 0.0510656 0.0541180 0.1355751 0.0734835 0.0642393 0.0466291 0.0570665 0.0684192 0.0553146 0.0679135 0.0550965 0.0611629 0.0000000 0.0838763 0.0772984 0.0632869 0.0925132 0.0780672 0.0527824 0.0623861 0.1894492 0.3320133 0.2122208 0.4402801 0.5521946 0.5764888 0.5991132 0.5986340 0.6083689 0.6252787 0.8844818 0.7823417 
S0050_G7577_R1_A 0.4826672 0.4824243 0.3615388 0.3305187 0.3430375 0.3419190 0.3833283 0.4034735 0.4172885 0.0989214 0.0845869 0.1115638 0.0879258 0.0695220 0.1530608 0.0738425 0.0800778 0.0648224 0.0736352 0.0875954 0.0707971 0.0799041 0.0705511 0.0776997 0.0838763 0.0000000 0.0091694 0.0767720 0.1068774 0.0893236 0.0650650 0.0792154 0.2021788 0.3418234 0.2274008 0.4393530 0.5526954 0.5860916 0.6108010 0.6105352 0.6205034 0.6411676 0.8645574 0.7514665 
S0048_G7577_R1_A 0.4757345 0.4754960 0.3532575 0.3226028 0.3429566 0.3422151 0.3867566 0.4012175 0.4149223 0.0932736 0.0788822 0.1078958 0.0812827 0.0627472 0.1433364 0.0690129 0.0750668 0.0594511 0.0678255 0.0808340 0.0660595 0.0756238 0.0666134 0.0713255 0.0772984 0.0091694 0.0000000 0.0719705 0.0986423 0.0855924 0.0595442 0.0727154 0.2027644 0.3445719 0.2255138 0.4486175 0.5557723 0.5830160 0.6050379 0.6047387 0.6144776 0.6376360 0.8756420 0.7683364 
S0021_G7577_R1_A 0.4827881 0.4808234 0.3519028 0.3084260 0.3177964 0.3144857 0.3823164 0.3884969 0.3921026 0.0764760 0.0620529 0.0922327 0.0655892 0.0488897 0.1347158 0.0686500 0.0578733 0.0484008 0.0581920 0.0701210 0.0556030 0.0630383 0.0562373 0.0242182 0.0632869 0.0767720 0.0719705 0.0000000 0.0929478 0.0749909 0.0515038 0.0628269 0.1794524 0.3407633 0.2017412 0.4421504 0.5505832 0.5774579 0.6122774 0.6128394 0.6229647 0.6371520 0.8753047 0.7877740 
S0012_G7577_R1_A 0.5039461 0.5036851 0.3343137 0.3302396 0.3193149 0.3120295 0.3927002 0.3883690 0.3883385 0.1055761 0.0894477 0.1160128 0.0913562 0.0823110 0.1626558 0.0907486 0.0972527 0.0813532 0.0897912 0.1057330 0.0889946 0.0944149 0.0865839 0.0877067 0.0925132 0.1068774 0.0986423 0.0929478 0.0000000 0.1018109 0.0860346 0.0974129 0.1995133 0.3595953 0.2379181 0.4631713 0.5765499 0.6073537 0.6496710 0.6504588 0.6591645 0.6759680 0.9137802 0.8035940 
S0017_G7577_R1_A 0.5013568 0.5010988 0.3499806 0.3143074 0.3240057 0.3239296 0.3765506 0.3923529 0.3931404 0.0894980 0.0781135 0.0979348 0.0798858 0.0656075 0.1441666 0.0830071 0.0743767 0.0602960 0.0723528 0.0793191 0.0675595 0.0778051 0.0623399 0.0735354 0.0780672 0.0893236 0.0855924 0.0749909 0.1018109 0.0000000 0.0671067 0.0781223 0.1921596 0.3290455 0.2072153 0.4652925 0.5456562 0.5721263 0.6031660 0.6107910 0.6188989 0.6419207 0.8825472 0.7840328 
S0036_G7577_R1_A 0.4786681 0.4784205 0.3547682 0.2902512 0.3097696 0.3117851 0.3474099 0.3732461 0.3683630 0.0688400 0.0558225 0.0825047 0.0566728 0.0443701 0.1318828 0.0598026 0.0509390 0.0309634 0.0349709 0.0474901 0.0462242 0.0450058 0.0409705 0.0515572 0.0527824 0.0650650 0.0595442 0.0515038 0.0860346 0.0671067 0.0000000 0.0510989 0.1733630 0.3081652 0.1951056 0.4275095 0.5317577 0.5487235 0.5999019 0.5984186 0.6081882 0.6243982 0.7990140 0.7595764 
S0028_G7577_R1_A 0.4633469 0.4631133 0.3543881 0.3210371 0.3277397 0.3242919 0.3876727 0.4022055 0.3979377 0.0789802 0.0634840 0.0872979 0.0670652 0.0563745 0.1381005 0.0702056 0.0637613 0.0505075 0.0578927 0.0595255 0.0538496 0.0596048 0.0502677 0.0569027 0.0623861 0.0792154 0.0727154 0.0628269 0.0974129 0.0781223 0.0510989 0.0000000 0.1893428 0.3280718 0.2179283 0.4469581 0.5523154 0.5748243 0.6106919 0.6094235 0.6197266 0.6468629 0.8800081 0.7793195 
S0005_G7577_R1_A 0.4933994 0.4910610 0.3532340 0.3135486 0.3270375 0.3321922 0.3558209 0.3953874 0.4243307 0.2048828 0.1931013 0.2122989 0.1961775 0.1800512 0.2699252 0.1979114 0.1832575 0.1607624 0.1741498 0.1990446 0.1882910 0.1811397 0.1817714 0.1749773 0.1894492 0.2021788 0.2027644 0.1794524 0.1995133 0.1921596 0.1733630 0.1893428 0.0000000 0.2731035 0.1922521 0.4126078 0.5733765 0.6132960 0.5929634 0.6083006 0.6015302 0.6335853 0.8162141 0.6981949 
S0033_G7577_R1_A 0.5516896 0.5513899 0.3496109 0.3489043 0.3966202 0.3977414 0.3716075 0.4118181 0.3958830 0.3640138 0.3395927 0.3611319 0.3425035 0.3255705 0.3466342 0.3489190 0.3265457 0.2557984 0.3103215 0.3436527 0.3307536 0.3245348 0.3209634 0.3270616 0.3320133 0.3418234 0.3445719 0.3407633 0.3595953 0.3290455 0.3081652 0.3280718 0.2731035 0.0000000 0.3493268 0.4955287 0.5799487 0.6178750 0.7089925 0.7000702 0.7065889 0.7092457 0.7343349 0.8067010 
S0035_G7577_R1_A 0.5266616 0.5245136 0.3956286 0.3590002 0.3700126 0.3791239 0.4167410 0.4372204 0.4379177 0.2213580 0.2097457 0.2375528 0.2160199 0.1903082 0.2773410 0.2085851 0.2001752 0.1912731 0.2018976 0.2163761 0.1990559 0.2039870 0.2010877 0.1977678 0.2122208 0.2274008 0.2255138 0.2017412 0.2379181 0.2072153 0.1951056 0.2179283 0.1922521 0.3493268 0.0000000 0.4587317 0.5967448 0.6287239 0.6843096 0.7068884 0.6992546 0.7423929 0.8453077 0.7820248 
S0006_G7577_R1_A 0.6705097 0.6580631 0.4209275 0.4066999 0.4234844 0.4313985 0.4223511 0.4681544 0.4860968 0.4395253 0.4469098 0.4606963 0.4385053 0.4431105 0.5581570 0.4412965 0.4433020 0.3882785 0.4328243 0.4604241 0.4479476 0.4327295 0.4423511 0.4445819 0.4402801 0.4393530 0.4486175 0.4421504 0.4631713 0.4652925 0.4275095 0.4469581 0.4126078 0.4955287 0.4587317 0.0000000 0.6676032 0.6485294 0.6235291 0.6408539 0.6448599 0.6983790 0.6940621 0.6644177 
S0025_G7577_R1_A 0.7783924 0.7748110 0.6098633 0.6010387 0.6029092 0.6069955 0.6652018 0.6894599 0.6176141 0.5623739 0.5410552 0.5659000 0.5385886 0.5323526 0.5979060 0.5461316 0.5435759 0.5212670 0.5195549 0.5377623 0.5322773 0.5239658 0.5370087 0.5405330 0.5521946 0.5526954 0.5557723 0.5505832 0.5765499 0.5456562 0.5317577 0.5523154 0.5733765 0.5799487 0.5967448 0.6676032 0.0000000 0.0451338 0.0859054 0.0953495 0.0954121 0.1374286 0.5594480 0.6885941 
S0029_G7577_R1_A 0.7736730 0.7700999 0.6060398 0.6123296 0.6137313 0.6155113 0.6636786 0.6857409 0.6168041 0.5837942 0.5636686 0.5793519 0.5631030 0.5523887 0.6135557 0.5671755 0.5762781 0.5385209 0.5341668 0.5652052 0.5548688 0.5480927 0.5611028 0.5669868 0.5764888 0.5860916 0.5830160 0.5774579 0.6073537 0.5721263 0.5487235 0.5748243 0.6132960 0.6178750 0.6287239 0.6485294 0.0451338 0.0000000 0.0729689 0.0844393 0.0811527 0.1217615 0.5541631 0.6657850 
S0032_G7577_R2_N 0.9816176 0.9862707 0.5929941 0.5950804 0.6351310 0.6371175 0.6677041 0.6751563 0.5906295 0.5974741 0.5799566 0.6069793 0.5893331 0.5897717 0.6415534 0.5930907 0.6136529 0.5661943 0.5729134 0.6074463 0.5833246 0.5887686 0.5893212 0.6087358 0.5991132 0.6108010 0.6050379 0.6122774 0.6496710 0.6031660 0.5999019 0.6106919 0.5929634 0.7089925 0.6843096 0.6235291 0.0859054 0.0729689 0.0000000 0.0314420 0.0265294 0.0881931 0.5472899 0.6920033 
S0024_G7577_R1_A 0.9515999 0.9589714 0.6006998 0.6073810 0.6357650 0.6379100 0.6816301 0.6862341 0.6022444 0.5997406 0.5767218 0.6031852 0.5879802 0.5917256 0.6320197 0.5927445 0.6142181 0.5767625 0.5770120 0.6098454 0.5837191 0.5872720 0.5933672 0.6100778 0.5986340 0.6105352 0.6047387 0.6128394 0.6504588 0.6107910 0.5984186 0.6094235 0.6083006 0.7000702 0.7068884 0.6408539 0.0953495 0.0844393 0.0314420 0.0000000 0.0182303 0.0990552 0.5356722 0.6921669 
S0032_G7577_R1_N 0.9632197 0.9707863 0.5988850 0.6147525 0.6298289 0.6319139 0.6804553 0.6723040 0.6021829 0.6058337 0.5883801 0.6131267 0.5976112 0.6014121 0.6427752 0.5988478 0.6205425 0.5797655 0.5851622 0.6181534 0.5896906 0.5967034 0.6030378 0.6201747 0.6083689 0.6205034 0.6144776 0.6229647 0.6591645 0.6188989 0.6081882 0.6197266 0.6015302 0.7065889 0.6992546 0.6448599 0.0954121 0.0811527 0.0265294 0.0182303 0.0000000 0.0942891 0.5497817 0.7000126 
S0001_G7577_R1_A 0.9960586 1.0009771 0.6547805 0.6474410 0.6653651 0.6638428 0.7018464 0.7197016 0.6154503 0.6381137 0.6188011 0.6441789 0.6242674 0.6152778 0.6672801 0.6239133 0.6532953 0.6200781 0.6083120 0.6375758 0.6220434 0.6242560 0.6222725 0.6380767 0.6252787 0.6411676 0.6376360 0.6371520 0.6759680 0.6419207 0.6243982 0.6468629 0.6335853 0.7092457 0.7423929 0.6983790 0.1374286 0.1217615 0.0881931 0.0990552 0.0942891 0.0000000 0.5409382 0.6766361 
S0049_G7577_R1_A 0.8890843 0.8768428 0.6827084 0.7549552 0.8022964 0.8035657 0.8058999 0.8432021 0.6739340 0.9026684 0.8637331 0.8987634 0.8780977 0.8600653 0.9039536 0.8687890 0.8768591 0.8066627 0.8089306 0.8895389 0.8751688 0.8437188 0.8646262 0.8912725 0.8844818 0.8645574 0.8756420 0.8753047 0.9137802 0.8825472 0.7990140 0.8800081 0.8162141 0.7343349 0.8453077 0.6940621 0.5594480 0.5541631 0.5472899 0.5356722 0.5497817 0.5409382 0.0000000 0.6764877 
S0003_G7577_R1_N 0.8183543 0.8324446 0.5478311 0.6792255 0.6883093 0.6868924 0.6749936 0.7247155 0.7330997 0.7785118 0.7727822 0.7824234 0.7876187 0.7724020 0.8896565 0.7815153 0.8043156 0.6741478 0.7498357 0.8239002 0.7561984 0.7515228 0.7895120 0.7755813 0.7823417 0.7514665 0.7683364 0.7877740 0.8035940 0.7840328 0.7595764 0.7793195 0.6981949 0.8067010 0.7820248 0.6644177 0.6885941 0.6657850 0.6920033 0.6921669 0.7000126 0.6766361 0.6764877 0.0000000 
