10
S0015_G4471_R1_A 0.0000000 0.2084971 0.2571550 0.2742060 0.4539226 0.4586563 0.3364980 0.3365423 0.2005981 1.1044565 
S0008_G4471_R1_A 0.2084971 0.0000000 0.1844995 0.1900287 0.3802423 0.3820550 0.2589861 0.2591981 0.2360722 1.0810223 
S0014_G4471_R1_A 0.2571550 0.1844995 0.0000000 0.1879246 0.3819474 0.3890832 0.2736207 0.2796114 0.2894785 1.0803189 
S0027_G4471_R1_A 0.2742060 0.1900287 0.1879246 0.0000000 0.4003878 0.4087982 0.2835557 0.2869118 0.3072835 1.1410344 
S0039_G4471_R1_A 0.4539226 0.3802423 0.3819474 0.4003878 0.0000000 0.0199234 0.3397429 0.3378852 0.4450140 1.1330661 
S0051_G4471_R1_A 0.4586563 0.3820550 0.3890832 0.4087982 0.0199234 0.0000000 0.3392614 0.3365982 0.4556086 1.1494412 
S0010_G4471_R1_A 0.3364980 0.2589861 0.2736207 0.2835557 0.3397429 0.3392614 0.0000000 0.0254440 0.3482816 1.0521572 
S0009_G4471_R1_A 0.3365423 0.2591981 0.2796114 0.2869118 0.3378852 0.3365982 0.0254440 0.0000000 0.3452437 1.0258078 
S0034_G4471_R1_A 0.2005981 0.2360722 0.2894785 0.3072835 0.4450140 0.4556086 0.3482816 0.3452437 0.0000000 1.0488453 
S0003_G4471_R1_N 1.1044565 1.0810223 1.0803189 1.1410344 1.1330661 1.1494412 1.0521572 1.0258078 1.0488453 0.0000000 
