24
S0014_G4519_R1_A 0.0000000 0.0630928 0.3858909 0.0598424 0.1062458 0.1144957 0.1062458 0.0630928 0.1144957 0.1124081 0.1095618 0.1086732 0.1059285 0.1552986 0.3327332 1.1014267 0.9538284 0.9462277 0.8629520 0.8590027 0.9639168 0.9985593 1.0295088 1.0065595 
S0027_G4519_R3_A 0.0630928 0.0000000 0.3798975 0.0650775 0.1199485 0.1228015 0.1199485 0.0000010 0.1228015 0.1237842 0.1208927 0.1196431 0.1168562 0.1672841 0.3350510 1.1259979 0.9613581 0.9537714 0.8819336 0.8780546 0.9635583 0.9820971 0.9988967 0.9766980 
S0003_G4519_R2_N 0.3858909 0.3798975 0.0000000 0.3860907 0.3488902 0.3631374 0.3488902 0.3798975 0.3631374 0.3923189 0.3879310 0.3927168 0.3884680 0.4077301 0.0110915 1.2498141 1.1771436 1.1678809 1.1554500 1.1518770 1.2604016 1.2409434 1.2324795 1.2036446 
S0008_G4519_R1_A 0.0598424 0.0650775 0.3860907 0.0000000 0.0868224 0.0919836 0.0868224 0.0650775 0.0919836 0.1072521 0.1043441 0.1035997 0.1007979 0.1508936 0.3260427 1.0932295 0.8664186 0.8592317 0.7894485 0.7853364 0.8706711 0.9248176 0.9032102 0.8828654 
S0015_G4519_R1_A 0.1062458 0.1199485 0.3488902 0.0868224 0.0000000 0.0628848 0.0000010 0.1199485 0.0628848 0.1457276 0.1427163 0.1407376 0.1378393 0.1945064 0.3052811 1.0803054 0.8867844 0.8796360 0.8049596 0.8009666 0.9019482 0.9353150 0.9291775 0.9085118 
S0034_G4519_R1_A 0.1144957 0.1228015 0.3631374 0.0919836 0.0628848 0.0000000 0.0628848 0.1228015 0.0000010 0.1608108 0.1577366 0.1552535 0.1522966 0.1906187 0.3093299 1.1219338 0.9218677 0.9144917 0.8516035 0.8476420 0.8885908 0.9378933 0.9887099 0.9667386 
S0015_G4519_R2_A 0.1062458 0.1199485 0.3488902 0.0868224 0.0000010 0.0628848 0.0000000 0.1199485 0.0628848 0.1457276 0.1427163 0.1407376 0.1378393 0.1945064 0.3052811 1.0803054 0.8867844 0.8796360 0.8049596 0.8009666 0.9019482 0.9353150 0.9291775 0.9085118 
S0027_G4519_R1_A 0.0630928 0.0000010 0.3798975 0.0650775 0.1199485 0.1228015 0.1199485 0.0000000 0.1228015 0.1237842 0.1208927 0.1196431 0.1168562 0.1672841 0.3350510 1.1259979 0.9613581 0.9537714 0.8819336 0.8780546 0.9635583 0.9820971 0.9988967 0.9766980 
S0034_G4519_R3_A 0.1144957 0.1228015 0.3631374 0.0919836 0.0628848 0.0000010 0.0628848 0.1228015 0.0000000 0.1608108 0.1577366 0.1552535 0.1522966 0.1906187 0.3093299 1.1219338 0.9218677 0.9144917 0.8516035 0.8476420 0.8885908 0.9378933 0.9887099 0.9667386 
S0009_G4519_R2_A 0.1124081 0.1237842 0.3923189 0.1072521 0.1457276 0.1608108 0.1457276 0.1237842 0.1608108 0.0000000 0.0023665 0.0000010 0.0023665 0.1534129 0.3641060 0.9969804 0.9766232 0.9685902 0.8884905 0.8843897 0.9595679 0.9937694 1.0456211 1.0214303 
S0010_G4519_R2_A 0.1095618 0.1208927 0.3879310 0.1043441 0.1427163 0.1577366 0.1427163 0.1208927 0.1577366 0.0023665 0.0000000 0.0023665 0.0000010 0.1503394 0.3592739 1.0043256 0.9685902 0.9605997 0.8884905 0.8843897 0.9514492 0.9850636 1.0370292 1.0130191 
S0009_G4519_R3_A 0.1086732 0.1196431 0.3927168 0.1035997 0.1407376 0.1552535 0.1407376 0.1196431 0.1552535 0.0000010 0.0023665 0.0000000 0.0022949 0.1480843 0.3641060 1.0005570 0.9441830 0.9366068 0.8499203 0.8459653 0.9274312 0.9580709 1.0148890 0.9922340 
S0010_G4519_R3_A 0.1059285 0.1168562 0.3884680 0.1007979 0.1378393 0.1522966 0.1378393 0.1168562 0.1522966 0.0023665 0.0000010 0.0022949 0.0000000 0.1451283 0.3592739 1.0076620 0.9366068 0.9290697 0.8499203 0.8459653 0.9197825 0.9498985 1.0067831 0.9842910 
S0051_G4519_R2_A 0.1552986 0.1672841 0.4077301 0.1508936 0.1945064 0.1906187 0.1945064 0.1672841 0.1906187 0.1534129 0.1503394 0.1480843 0.1451283 0.0000000 0.3588766 1.1689746 1.0907444 1.0821111 0.9562449 0.9523428 1.0761207 1.0593023 1.1687805 1.1417658 
S0003_G4519_R1_N 0.3327332 0.3350510 0.0110915 0.3260427 0.3052811 0.3093299 0.3052811 0.3350510 0.3093299 0.3641060 0.3592739 0.3641060 0.3592739 0.3588766 0.0000000 1.3419493 1.1995964 1.1885172 1.1837250 1.1792433 1.2764596 1.2633703 1.2362635 1.2019832 
S0003_G4519_R3_N 1.1014267 1.1259979 1.2498141 1.0932295 1.0803054 1.1219338 1.0803054 1.1259979 1.1219338 0.9969804 1.0043256 1.0005570 1.0076620 1.1689746 1.3419493 0.0000000 1.1701608 1.1602162 0.9446391 0.9401572 1.1506685 1.1617916 1.0992633 1.0905572 
S0009_G4519_R1_A 0.9538284 0.9613581 1.1771436 0.8664186 0.8867844 0.9218677 0.8867844 0.9613581 0.9218677 0.9766232 0.9685902 0.9441830 0.9366068 1.0907444 1.1995964 1.1701608 0.0000000 0.0023292 0.0000010 0.0000010 0.1627901 0.1974268 0.1585880 0.1519843 
S0010_G4519_R1_A 0.9462277 0.9537714 1.1678809 0.8592317 0.8796360 0.9144917 0.8796360 0.9537714 0.9144917 0.9685902 0.9605997 0.9366068 0.9290697 1.0821111 1.1885172 1.1602162 0.0023292 0.0000000 0.0000010 0.0000010 0.1597284 0.1940189 0.1615413 0.1549070 
S0009_G4519_R4_A 0.8629520 0.8819336 1.1554500 0.7894485 0.8049596 0.8516035 0.8049596 0.8819336 0.8516035 0.8884905 0.8884905 0.8499203 0.8499203 0.9562449 1.1837250 0.9446391 0.0000010 0.0000010 0.0000000 0.0000010 0.1684950 0.1787852 0.1573067 0.1478541 
S0010_G4519_R4_A 0.8590027 0.8780546 1.1518770 0.7853364 0.8009666 0.8476420 0.8009666 0.8780546 0.8476420 0.8843897 0.8843897 0.8459653 0.8459653 0.9523428 1.1792433 0.9401572 0.0000010 0.0000010 0.0000010 0.0000000 0.1692821 0.1796137 0.1580445 0.1485401 
S0015_G4519_R3_A 0.9639168 0.9635583 1.2604016 0.8706711 0.9019482 0.8885908 0.9019482 0.9635583 0.8885908 0.9595679 0.9514492 0.9274312 0.9197825 1.0761207 1.2764596 1.1506685 0.1627901 0.1597284 0.1684950 0.1692821 0.0000000 0.1077369 0.1824553 0.1725641 
S0034_G4519_R2_A 0.9985593 0.9820971 1.2409434 0.9248176 0.9353150 0.9378933 0.9353150 0.9820971 0.9378933 0.9937694 0.9850636 0.9580709 0.9498985 1.0593023 1.2633703 1.1617916 0.1974268 0.1940189 0.1787852 0.1796137 0.1077369 0.0000000 0.2083853 0.1973206 
S0039_G4519_R1_A 1.0295088 0.9988967 1.2324795 0.9032102 0.9291775 0.9887099 0.9291775 0.9988967 0.9887099 1.0456211 1.0370292 1.0148890 1.0067831 1.1687805 1.2362635 1.0992633 0.1585880 0.1615413 0.1573067 0.1580445 0.1824553 0.2083853 0.0000000 0.0071889 
S0051_G4519_R1_A 1.0065595 0.9766980 1.2036446 0.8828654 0.9085118 0.9667386 0.9085118 0.9766980 0.9667386 1.0214303 1.0130191 0.9922340 0.9842910 1.1417658 1.2019832 1.0905572 0.1519843 0.1549070 0.1478541 0.1485401 0.1725641 0.1973206 0.0071889 0.0000000 
