10
S0009_G4527_R1_A 0.0000000 0.0043628 0.3605248 0.3623978 0.3038697 0.2928923 0.3016936 0.5588720 0.5600584 0.9485531 
S0010_G4527_R1_A 0.0043628 0.0000000 0.3616624 0.3692508 0.3086606 0.2923719 0.3011624 0.5602592 0.5614459 0.9568887 
S0015_G4527_R1_A 0.3605248 0.3616624 0.0000000 0.1815493 0.2823861 0.3020800 0.3212254 0.6369607 0.6364514 1.0476444 
S0034_G4527_R1_A 0.3623978 0.3692508 0.1815493 0.0000000 0.3262540 0.3357969 0.3725181 0.7492865 0.7534812 1.0540234 
S0008_G4527_R1_A 0.3038697 0.3086606 0.2823861 0.3262540 0.0000000 0.1950383 0.2505886 0.6017456 0.6069868 0.8764087 
S0014_G4527_R1_A 0.2928923 0.2923719 0.3020800 0.3357969 0.1950383 0.0000000 0.1729027 0.5665200 0.5657617 0.8759343 
S0027_G4527_R1_A 0.3016936 0.3011624 0.3212254 0.3725181 0.2505886 0.1729027 0.0000000 0.5421047 0.5390174 0.9392227 
S0039_G4527_R1_A 0.5588720 0.5602592 0.6369607 0.7492865 0.6017456 0.5665200 0.5421047 0.0000000 0.0106078 0.9803486 
S0051_G4527_R1_A 0.5600584 0.5614459 0.6364514 0.7534812 0.6069868 0.5657617 0.5390174 0.0106078 0.0000000 0.9858050 
S0003_G4527_R1_N 0.9485531 0.9568887 1.0476444 1.0540234 0.8764087 0.8759343 0.9392227 0.9803486 0.9858050 0.0000000 
