11
S0034_G4724_R1_A 0.0000000 0.1645352 0.2159325 0.3202844 0.3210799 0.2576589 0.2716905 0.5142478 0.5897783 0.9797636 0.9517301 
S0015_G4724_R1_A 0.1645352 0.0000000 0.1962095 0.3025622 0.3036982 0.2432512 0.2525542 0.5171343 0.5948476 1.1005840 1.0674504 
S0008_G4724_R1_A 0.2159325 0.1962095 0.0000000 0.3083903 0.2972084 0.1900532 0.2061840 0.5265146 0.5975493 1.0915539 1.0247066 
S0009_G4724_R1_A 0.3202844 0.3025622 0.3083903 0.0000000 0.0262450 0.3250966 0.3323119 0.4017722 0.4802778 0.8948295 0.8937424 
S0010_G4724_R1_A 0.3210799 0.3036982 0.2972084 0.0262450 0.0000000 0.3168236 0.3305253 0.4153520 0.4951566 0.8863352 0.8892881 
S0027_G4724_R1_A 0.2576589 0.2432512 0.1900532 0.3250966 0.3168236 0.0000000 0.1822538 0.4835003 0.5633870 1.0321593 1.0078067 
S0014_G4724_R1_A 0.2716905 0.2525542 0.2061840 0.3323119 0.3305253 0.1822538 0.0000000 0.5027909 0.5910211 1.0387632 1.0297783 
S0039_G4724_R1_A 0.5142478 0.5171343 0.5265146 0.4017722 0.4153520 0.4835003 0.5027909 0.0000000 0.0853510 0.9493200 0.9188901 
S0051_G4724_R1_A 0.5897783 0.5948476 0.5975493 0.4802778 0.4951566 0.5633870 0.5910211 0.0853510 0.0000000 0.9851981 0.9280671 
S0003_G4724_R1_N 0.9797636 1.1005840 1.0915539 0.8948295 0.8863352 1.0321593 1.0387632 0.9493200 0.9851981 0.0000000 0.0429634 
S0003_G4724_R2_N 0.9517301 1.0674504 1.0247066 0.8937424 0.8892881 1.0078067 1.0297783 0.9188901 0.9280671 0.0429634 0.0000000 
