10
S0015_G4744_R1_A 0.0000000 0.1753255 0.4242546 0.4333552 0.2539130 0.2179104 0.2680321 0.3814116 0.3783450 0.9228007 
S0034_G4744_R1_A 0.1753255 0.0000000 0.4432479 0.4558424 0.2682302 0.2346319 0.2827894 0.3794146 0.3788629 0.9199197 
S0051_G4744_R1_A 0.4242546 0.4432479 0.0000000 0.0178570 0.3708019 0.4031495 0.4059276 0.3915178 0.3940310 0.8581542 
S0039_G4744_R1_A 0.4333552 0.4558424 0.0178570 0.0000000 0.3820745 0.4104159 0.4086372 0.3975669 0.4001099 0.8619993 
S0027_G4744_R1_A 0.2539130 0.2682302 0.3708019 0.3820745 0.0000000 0.1697700 0.1686497 0.2783944 0.2822978 0.7983151 
S0008_G4744_R1_A 0.2179104 0.2346319 0.4031495 0.4104159 0.1697700 0.0000000 0.1668094 0.2776216 0.2747830 0.8095573 
S0014_G4744_R1_A 0.2680321 0.2827894 0.4059276 0.4086372 0.1686497 0.1668094 0.0000000 0.2895777 0.2931133 0.8241762 
S0009_G4744_R1_A 0.3814116 0.3794146 0.3915178 0.3975669 0.2783944 0.2776216 0.2895777 0.0000000 0.0098979 0.8776703 
S0010_G4744_R1_A 0.3783450 0.3788629 0.3940310 0.4001099 0.2822978 0.2747830 0.2931133 0.0098979 0.0000000 0.8862839 
S0003_G4744_R1_N 0.9228007 0.9199197 0.8581542 0.8619993 0.7983151 0.8095573 0.8241762 0.8776703 0.8862839 0.0000000 
