11
S0008_G4757_R1_A 0.0000000 0.2844349 0.2439111 0.2830727 0.2997894 0.2944004 0.2340793 0.2407497 0.8252874 0.8327670 0.9548176 
S0014_G4757_R1_A 0.2844349 0.0000000 0.1941678 0.2109148 0.2866252 0.2917073 0.2740868 0.3002679 0.6537050 0.6670409 1.0649879 
S0027_G4757_R1_A 0.2439111 0.1941678 0.0000000 0.2042192 0.2298881 0.2328653 0.2303094 0.2419319 0.6057261 0.6182679 0.9926750 
S0027_G4757_R2_A 0.2830727 0.2109148 0.2042192 0.0000000 0.2590826 0.2648604 0.2754017 0.2904684 0.6401880 0.6542454 1.0762599 
S0010_G4757_R1_A 0.2997894 0.2866252 0.2298881 0.2590826 0.0000000 0.0289450 0.2769278 0.2908850 0.6032050 0.6130803 1.1044379 
S0009_G4757_R1_A 0.2944004 0.2917073 0.2328653 0.2648604 0.0289450 0.0000000 0.2744930 0.2932101 0.6344494 0.6486681 1.1072585 
S0015_G4757_R1_A 0.2340793 0.2740868 0.2303094 0.2754017 0.2769278 0.2744930 0.0000000 0.1354957 0.7434159 0.7544935 1.0575345 
S0034_G4757_R1_A 0.2407497 0.3002679 0.2419319 0.2904684 0.2908850 0.2932101 0.1354957 0.0000000 0.7530758 0.7687620 1.0480110 
S0051_G4757_R1_A 0.8252874 0.6537050 0.6057261 0.6401880 0.6032050 0.6344494 0.7434159 0.7530758 0.0000000 0.0145672 1.4299442 
S0039_G4757_R1_A 0.8327670 0.6670409 0.6182679 0.6542454 0.6130803 0.6486681 0.7544935 0.7687620 0.0145672 0.0000000 1.4327853 
S0003_G4757_R1_N 0.9548176 1.0649879 0.9926750 1.0762599 1.1044379 1.1072585 1.0575345 1.0480110 1.4299442 1.4327853 0.0000000 
