12
S0014_G4796_R1_A 0.0000000 0.2941785 0.2974416 0.1655390 0.1926335 0.5607628 0.5598180 0.2135666 0.2137294 0.6978856 0.9864830 1.1656744 
S0015_G4796_R1_A 0.2941785 0.0000000 0.1309109 0.2800815 0.2261758 0.5660296 0.5557276 0.3154804 0.3170320 0.6753009 0.9621194 1.2717155 
S0034_G4796_R1_A 0.2974416 0.1309109 0.0000000 0.2952513 0.2322815 0.5996461 0.5952298 0.3336258 0.3369427 0.6785608 0.9388620 1.2687461 
S0027_G4796_R1_A 0.1655390 0.2800815 0.2952513 0.0000000 0.2005789 0.5550122 0.5597147 0.2336919 0.2308855 0.6746137 0.9458414 1.2393695 
S0008_G4796_R1_A 0.1926335 0.2261758 0.2322815 0.2005789 0.0000000 0.5697871 0.5643472 0.2549691 0.2558374 0.6122914 0.9113306 1.2503029 
S0039_G4796_R1_A 0.5607628 0.5660296 0.5996461 0.5550122 0.5697871 0.0000000 0.0165674 0.5214087 0.5195485 1.0867629 1.3055189 1.4125876 
S0051_G4796_R1_A 0.5598180 0.5557276 0.5952298 0.5597147 0.5643472 0.0165674 0.0000000 0.5244554 0.5225594 1.0650895 1.2745506 1.4200811 
S0010_G4796_R1_A 0.2135666 0.3154804 0.3336258 0.2336919 0.2549691 0.5214087 0.5244554 0.0000000 0.0298889 0.7962898 1.0654188 1.2984623 
S0009_G4796_R1_A 0.2137294 0.3170320 0.3369427 0.2308855 0.2558374 0.5195485 0.5225594 0.0298889 0.0000000 0.7817312 1.0451530 1.3130500 
S0008_G4796_R4_A 0.6978856 0.6753009 0.6785608 0.6746137 0.6122914 1.0867629 1.0650895 0.7962898 0.7817312 0.0000000 0.3139937 1.0587105 
S0008_G4796_R3_A 0.9864830 0.9621194 0.9388620 0.9458414 0.9113306 1.3055189 1.2745506 1.0654188 1.0451530 0.3139937 0.0000000 1.0069342 
S0003_G4796_R1_N 1.1656744 1.2717155 1.2687461 1.2393695 1.2503029 1.4125876 1.4200811 1.2984623 1.3130500 1.0587105 1.0069342 0.0000000 
