11
S0009_G4806_R1_A 0.0000000 0.0047997 0.6654546 0.7293437 0.5667309 0.6119862 0.6273874 0.6457939 0.9099507 1.0118304 1.7030220 
S0010_G4806_R1_A 0.0047997 0.0000000 0.6678433 0.7099684 0.5680428 0.6031769 0.6257322 0.6278373 0.8983925 0.9926808 1.6526159 
S0015_G4806_R1_A 0.6654546 0.6678433 0.0000000 0.2734692 0.5153192 0.4811406 0.3880472 0.5478467 1.1164508 1.1030217 1.6907126 
S0034_G4806_R1_A 0.7293437 0.7099684 0.2734692 0.0000000 0.5506272 0.5326745 0.3952130 0.5602783 1.1629838 1.1640789 1.5599318 
S0027_G4806_R1_A 0.5667309 0.5680428 0.5153192 0.5506272 0.0000000 0.1467233 0.4426761 0.3941320 0.9960381 1.1034268 1.5157627 
S0027_G4806_R2_A 0.6119862 0.6031769 0.4811406 0.5326745 0.1467233 0.0000000 0.4335072 0.3925071 1.0694711 1.1517253 1.4681676 
S0008_G4806_R1_A 0.6273874 0.6257322 0.3880472 0.3952130 0.4426761 0.4335072 0.0000000 0.4015405 1.2035859 1.1892114 1.4199139 
S0014_G4806_R1_A 0.6457939 0.6278373 0.5478467 0.5602783 0.3941320 0.3925071 0.4015405 0.0000000 1.1856453 1.2699508 1.2819868 
S0051_G4806_R1_A 0.9099507 0.8983925 1.1164508 1.1629838 0.9960381 1.0694711 1.2035859 1.1856453 0.0000000 0.1351757 1.6802443 
S0039_G4806_R1_A 1.0118304 0.9926808 1.1030217 1.1640789 1.1034268 1.1517253 1.1892114 1.2699508 0.1351757 0.0000000 1.6943859 
S0003_G4806_R1_N 1.7030220 1.6526159 1.6907126 1.5599318 1.5157627 1.4681676 1.4199139 1.2819868 1.6802443 1.6943859 0.0000000 
