10
S0051_G4802_R1_A 0.0000000 0.0128736 0.5672367 0.5829077 0.5835942 0.5297951 0.5696755 0.5547073 0.6243784 1.1690485 
S0039_G4802_R1_A 0.0128736 0.0000000 0.5779132 0.5938695 0.5958528 0.5429619 0.5838277 0.5667420 0.6375628 1.1874305 
S0010_G4802_R1_A 0.5672367 0.5779132 0.0000000 0.0637487 0.2097213 0.1918990 0.2016491 0.2208018 0.2243339 0.8549272 
S0009_G4802_R1_A 0.5829077 0.5938695 0.0637487 0.0000000 0.1992338 0.1917754 0.1882039 0.2163947 0.2188283 0.8676401 
S0008_G4802_R1_A 0.5835942 0.5958528 0.2097213 0.1992338 0.0000000 0.1367235 0.1442731 0.1633133 0.1705693 0.8040936 
S0015_G4802_R1_A 0.5297951 0.5429619 0.1918990 0.1917754 0.1367235 0.0000000 0.1058944 0.1781750 0.1753084 0.7778672 
S0034_G4802_R1_A 0.5696755 0.5838277 0.2016491 0.1882039 0.1442731 0.1058944 0.0000000 0.1887818 0.1865081 0.8026296 
S0027_G4802_R1_A 0.5547073 0.5667420 0.2208018 0.2163947 0.1633133 0.1781750 0.1887818 0.0000000 0.1240099 0.8636607 
S0014_G4802_R1_A 0.6243784 0.6375628 0.2243339 0.2188283 0.1705693 0.1753084 0.1865081 0.1240099 0.0000000 0.8197299 
S0003_G4802_R1_N 1.1690485 1.1874305 0.8549272 0.8676401 0.8040936 0.7778672 0.8026296 0.8636607 0.8197299 0.0000000 
