17
S0009_G4848_R1_A 0.0000000 0.0007931 0.1277660 0.1403982 0.2731074 0.2765435 0.2749921 0.2623682 0.2843965 0.2929903 0.9231041 0.8120379 0.8585779 0.9980278 1.0061662 0.9697676 0.8770104 
S0010_G4848_R1_A 0.0007931 0.0000000 0.1267387 0.1393684 0.2718085 0.2752351 0.2736875 0.2610914 0.2830530 0.2916381 0.9231041 0.8190715 0.8658787 0.9980278 1.0061662 0.9697676 0.8770104 
S0015_G4848_R2_A 0.1277660 0.1267387 0.0000000 0.1031348 0.2478880 0.2537119 0.2522057 0.2370775 0.2842939 0.2917264 0.9723811 0.9007487 0.9300574 1.0007678 1.0093102 1.0635475 0.9673693 
S0034_G4848_R4_A 0.1403982 0.1393684 0.1031348 0.0000000 0.2721847 0.2806962 0.2791475 0.2717462 0.3012568 0.3083551 1.0354107 0.9119462 0.9760396 1.0651574 1.0789185 1.1012664 0.9881137 
S0034_G4848_R1_A 0.2731074 0.2718085 0.2478880 0.2721847 0.0000000 0.0119412 0.0111291 0.0626753 0.1348249 0.1400879 0.7888902 0.7810475 0.8248590 0.9277425 0.9396552 0.9424659 0.8974892 
S0034_G4848_R2_A 0.2765435 0.2752351 0.2537119 0.2806962 0.0119412 0.0000000 0.0007859 0.0718081 0.1464079 0.1517168 0.7888902 0.7776208 0.8278528 0.9277425 0.9396552 0.9424659 0.8974892 
S0034_G4848_R3_A 0.2749921 0.2736875 0.2522057 0.2791475 0.0111291 0.0007859 0.0000000 0.0708554 0.1452546 0.1505562 0.7888902 0.7776208 0.8278528 0.9277425 0.9396552 0.9424659 0.8974892 
S0015_G4848_R1_A 0.2623682 0.2610914 0.2370775 0.2717462 0.0626753 0.0718081 0.0708554 0.0000000 0.1390697 0.1444518 0.7848174 0.7983936 0.8427006 0.9993148 1.0122235 0.9744234 0.9220919 
S0009_G4848_R2_A 0.2843965 0.2830530 0.2842939 0.3012568 0.1348249 0.1464079 0.1452546 0.1390697 0.0000000 0.0095592 0.8020124 0.8143954 0.8682001 0.9326248 0.9371674 0.9849346 0.8927305 
S0010_G4848_R2_A 0.2929903 0.2916381 0.2917264 0.3083551 0.1400879 0.1517168 0.1505562 0.1444518 0.0095592 0.0000000 0.8420521 0.8583001 0.9138235 0.9978049 1.0026863 1.0206693 0.9159013 
S0008_G4848_R1_A 0.9231041 0.9231041 0.9723811 1.0354107 0.7888902 0.7888902 0.7888902 0.7848174 0.8020124 0.8420521 0.0000000 0.1186698 0.1099930 0.6095670 0.6123762 0.5753243 0.5330567 
S0027_G4848_R1_A 0.8120379 0.8190715 0.9007487 0.9119462 0.7810475 0.7776208 0.7776208 0.7983936 0.8143954 0.8583001 0.1186698 0.0000000 0.1081569 0.5405015 0.5370613 0.6512299 0.5774622 
S0014_G4848_R1_A 0.8585779 0.8658787 0.9300574 0.9760396 0.8248590 0.8278528 0.8278528 0.8427006 0.8682001 0.9138235 0.1099930 0.1081569 0.0000000 0.5653315 0.5594332 0.6498187 0.5993786 
S0039_G4848_R1_A 0.9980278 0.9980278 1.0007678 1.0651574 0.9277425 0.9277425 0.9277425 0.9993148 0.9326248 0.9978049 0.6095670 0.5405015 0.5653315 0.0000000 0.0069247 0.6610482 0.6618976 
S0051_G4848_R1_A 1.0061662 1.0061662 1.0093102 1.0789185 0.9396552 0.9396552 0.9396552 1.0122235 0.9371674 1.0026863 0.6123762 0.5370613 0.5594332 0.0069247 0.0000000 0.6766284 0.6600058 
S0027_G4848_R2_A 0.9697676 0.9697676 1.0635475 1.1012664 0.9424659 0.9424659 0.9424659 0.9744234 0.9849346 1.0206693 0.5753243 0.6512299 0.6498187 0.6610482 0.6766284 0.0000000 0.0928041 
S0014_G4848_R2_A 0.8770104 0.8770104 0.9673693 0.9881137 0.8974892 0.8974892 0.8974892 0.9220919 0.8927305 0.9159013 0.5330567 0.5774622 0.5993786 0.6618976 0.6600058 0.0928041 0.0000000 
