13
S0015_G4893_R1_A 0.0000000 0.1928936 0.1815301 0.2036292 0.2865294 0.2610746 0.5311001 0.5128758 0.3574745 0.3551877 0.3574745 0.3551877 0.5081225 
S0008_G4893_R3_A 0.1928936 0.0000000 0.0000010 0.2084741 0.1937250 0.1802736 0.5167433 0.4895678 0.2645769 0.2611679 0.2645769 0.2611679 0.4429459 
S0008_G4893_R1_A 0.1815301 0.0000010 0.0000000 0.2098763 0.1822506 0.1897412 0.4777262 0.4478148 0.2563805 0.2532967 0.2563805 0.2532967 0.4387711 
S0034_G4893_R1_A 0.2036292 0.2084741 0.2098763 0.0000000 0.3376645 0.3209454 0.6741322 0.6626759 0.4049253 0.3980126 0.4049253 0.3980126 0.5853990 
S0027_G4893_R1_A 0.2865294 0.1937250 0.1822506 0.3376645 0.0000000 0.1816010 0.4870297 0.4697552 0.3087653 0.3018506 0.3087653 0.3018506 0.5011603 
S0014_G4893_R1_A 0.2610746 0.1802736 0.1897412 0.3209454 0.1816010 0.0000000 0.5212075 0.5045960 0.3259452 0.3206935 0.3259452 0.3206935 0.5319325 
S0039_G4893_R1_A 0.5311001 0.5167433 0.4777262 0.6741322 0.4870297 0.5212075 0.0000000 0.0174624 0.4514571 0.4461985 0.4514571 0.4461985 0.6969473 
S0051_G4893_R1_A 0.5128758 0.4895678 0.4478148 0.6626759 0.4697552 0.5045960 0.0174624 0.0000000 0.4353826 0.4299744 0.4353826 0.4299744 0.6913978 
S0009_G4893_R1_A 0.3574745 0.2645769 0.2563805 0.4049253 0.3087653 0.3259452 0.4514571 0.4353826 0.0000000 0.0040646 0.0000010 0.0040646 0.5607169 
S0010_G4893_R1_A 0.3551877 0.2611679 0.2532967 0.3980126 0.3018506 0.3206935 0.4461985 0.4299744 0.0040646 0.0000000 0.0040646 0.0000010 0.5568670 
S0009_G4893_R2_A 0.3574745 0.2645769 0.2563805 0.4049253 0.3087653 0.3259452 0.4514571 0.4353826 0.0000010 0.0040646 0.0000000 0.0040646 0.5607169 
S0010_G4893_R2_A 0.3551877 0.2611679 0.2532967 0.3980126 0.3018506 0.3206935 0.4461985 0.4299744 0.0040646 0.0000010 0.0040646 0.0000000 0.5568670 
S0008_G4893_R2_A 0.5081225 0.4429459 0.4387711 0.5853990 0.5011603 0.5319325 0.6969473 0.6913978 0.5607169 0.5568670 0.5607169 0.5568670 0.0000000 
