10
S0027_G4932_R1_A 0.0000000 0.2856866 0.2317940 0.2641686 0.3382910 0.3372807 0.2526551 0.4073123 0.4015880 0.8738723 
S0034_G4932_R1_A 0.2856866 0.0000000 0.1822645 0.1449596 0.3043005 0.3042355 0.2473560 0.5479852 0.5433674 1.0059630 
S0008_G4932_R1_A 0.2317940 0.1822645 0.0000000 0.1528290 0.2540203 0.2547456 0.1611747 0.4961011 0.5043252 0.9596935 
S0015_G4932_R1_A 0.2641686 0.1449596 0.1528290 0.0000000 0.2801314 0.2800747 0.2047135 0.5317067 0.5316107 0.9748826 
S0009_G4932_R1_A 0.3382910 0.3043005 0.2540203 0.2801314 0.0000000 0.0008804 0.2894252 0.4314830 0.4450736 1.0145461 
S0010_G4932_R1_A 0.3372807 0.3042355 0.2547456 0.2800747 0.0008804 0.0000000 0.2886381 0.4301823 0.4437240 1.0145461 
S0014_G4932_R1_A 0.2526551 0.2473560 0.1611747 0.2047135 0.2894252 0.2886381 0.0000000 0.5146201 0.5132777 1.0759371 
S0051_G4932_R1_A 0.4073123 0.5479852 0.4961011 0.5317067 0.4314830 0.4301823 0.5146201 0.0000000 0.0198570 1.0097629 
S0039_G4932_R1_A 0.4015880 0.5433674 0.5043252 0.5316107 0.4450736 0.4437240 0.5132777 0.0198570 0.0000000 1.0320007 
S0003_G4932_R1_N 0.8738723 1.0059630 0.9596935 0.9748826 1.0145461 1.0145461 1.0759371 1.0097629 1.0320007 0.0000000 
