9
S0039_G4976_R1_A 0.0000000 0.3831848 0.3831848 0.4022235 0.4361011 0.4917032 0.4901455 0.4120901 1.5958851 
S0009_G4976_R1_A 0.3831848 0.0000000 0.0000010 0.1944836 0.1822180 0.2420401 0.2513262 0.2166785 1.3167088 
S0010_G4976_R1_A 0.3831848 0.0000010 0.0000000 0.1944836 0.1822180 0.2420401 0.2513262 0.2166785 1.3167088 
S0027_G4976_R1_A 0.4022235 0.1944836 0.1944836 0.0000000 0.1366373 0.2054057 0.2023007 0.1243574 1.2365462 
S0008_G4976_R1_A 0.4361011 0.1822180 0.1822180 0.1366373 0.0000000 0.1549028 0.1620061 0.1574009 1.1294040 
S0015_G4976_R1_A 0.4917032 0.2420401 0.2420401 0.2054057 0.1549028 0.0000000 0.1328409 0.2197649 1.2055604 
S0034_G4976_R1_A 0.4901455 0.2513262 0.2513262 0.2023007 0.1620061 0.1328409 0.0000000 0.2144064 1.2970054 
S0014_G4976_R1_A 0.4120901 0.2166785 0.2166785 0.1243574 0.1574009 0.2197649 0.2144064 0.0000000 1.1552154 
S0003_G4976_R1_N 1.5958851 1.3167088 1.3167088 1.2365462 1.1294040 1.2055604 1.2970054 1.1552154 0.0000000 
