21
S0008_G5018_R1_A 0.0000000 0.3777869 0.3824793 0.9331127 0.8684204 0.9259186 0.9259186 0.8499788 0.3359429 0.3012816 0.9054633 0.8317212 0.3200842 0.7543100 1.0184664 0.9480991 0.8734051 0.8854802 0.4430311 0.4465293 0.9873084 
S0034_G5018_R2_A 0.3777869 0.0000000 0.4887960 1.0135407 0.8985594 0.9359783 0.9359783 0.9392964 0.3584498 0.4229625 0.9435243 0.8547975 0.2946225 0.7505433 1.1016995 0.9920983 0.8934659 0.9035556 0.5184738 0.5148862 1.0640632 
S0027_G5018_R1_A 0.3824793 0.4887960 0.0000000 0.9176905 0.8110351 0.8899448 0.8899448 0.8817446 0.3244606 0.3291085 0.9019552 0.8219882 0.4423576 0.7652552 0.9833620 0.9212742 0.8440490 0.8485385 0.4832833 0.4802927 1.0231646 
S0015_G5018_R2_A 0.9331127 1.0135407 0.9176905 0.0000000 0.3037159 0.3452100 0.3452100 0.3579838 1.0454229 1.0022049 0.3376166 0.4309794 0.9437668 1.0601529 0.4328440 0.4513764 0.4556251 0.4453120 0.8277720 0.8357548 0.5154118 
S0008_G5018_R4_A 0.8684204 0.8985594 0.8110351 0.3037159 0.0000000 0.3277819 0.3277819 0.2980329 0.9049492 0.9279267 0.3030118 0.4000950 0.8204218 1.0143288 0.4132076 0.4271096 0.3777723 0.3766440 0.8134269 0.8078011 0.5364188 
S0009_G5018_R1_A 0.9259186 0.9359783 0.8899448 0.3452100 0.3277819 0.0000000 0.0000010 0.3712815 0.9407484 0.9731897 0.4033467 0.4855407 0.9019780 0.9751062 0.4315356 0.4793366 0.4718096 0.4670714 0.8445645 0.8392802 0.5545799 
S0010_G5018_R1_A 0.9259186 0.9359783 0.8899448 0.3452100 0.3277819 0.0000010 0.0000000 0.3712815 0.9407484 0.9731897 0.4033467 0.4855407 0.9019780 0.9751062 0.4315356 0.4793366 0.4718096 0.4670714 0.8445645 0.8392802 0.5545799 
S0034_G5018_R3_A 0.8499788 0.9392964 0.8817446 0.3579838 0.2980329 0.3712815 0.3712815 0.0000000 0.9101086 0.9360426 0.3441485 0.4130066 0.8335423 1.0627712 0.4453295 0.4862325 0.4759614 0.4676881 0.8737546 0.8683053 0.5731081 
S0015_G5018_R1_A 0.3359429 0.3584498 0.3244606 1.0454229 0.9049492 0.9407484 0.9407484 0.9101086 0.0000000 0.1512992 0.9903015 0.8138928 0.3560184 0.5198133 1.0679669 0.9805166 0.8782622 0.8932596 0.3990351 0.3938803 1.0187144 
S0034_G5018_R1_A 0.3012816 0.4229625 0.3291085 1.0022049 0.9279267 0.9731897 0.9731897 0.9360426 0.1512992 0.0000000 0.9984576 0.8322172 0.3860593 0.5890594 1.0199407 0.9533951 0.8622600 0.8690482 0.3997119 0.3948401 0.9912326 
S0008_G5018_R3_A 0.9054633 0.9435243 0.9019552 0.3376166 0.3030118 0.4033467 0.4033467 0.3441485 0.9903015 0.9984576 0.0000000 0.2414706 0.8977065 1.0386918 0.3571145 0.2899759 0.2872636 0.2858825 0.8691724 0.8630943 0.4560997 
S0014_G5018_R3_A 0.8317212 0.8547975 0.8219882 0.4309794 0.4000950 0.4855407 0.4855407 0.4130066 0.8138928 0.8322172 0.2414706 0.0000000 0.8578471 1.0014162 0.3718482 0.3289046 0.2864432 0.2853674 0.8045087 0.7994712 0.5330849 
S0014_G5018_R1_A 0.3200842 0.2946225 0.4423576 0.9437668 0.8204218 0.9019780 0.9019780 0.8335423 0.3560184 0.3860593 0.8977065 0.8578471 0.0000000 0.7453332 0.9629933 0.9293072 0.8452701 0.8624323 0.4792432 0.4758793 0.9901638 
S0003_G5018_R1_N 0.7543100 0.7505433 0.7652552 1.0601529 1.0143288 0.9751062 0.9751062 1.0627712 0.5198133 0.5890594 1.0386918 1.0014162 0.7453332 0.0000000 1.1054617 1.1009576 1.0173485 1.0053886 0.7568478 0.7455113 0.9877212 
S0034_G5018_R4_A 1.0184664 1.1016995 0.9833620 0.4328440 0.4132076 0.4315356 0.4315356 0.4453295 1.0679669 1.0199407 0.3571145 0.3718482 0.9629933 1.1054617 0.0000000 0.1055916 0.2936204 0.2961510 0.9488138 0.9481234 0.5089848 
S0034_G5018_R5_A 0.9480991 0.9920983 0.9212742 0.4513764 0.4271096 0.4793366 0.4793366 0.4862325 0.9805166 0.9533951 0.2899759 0.3289046 0.9293072 1.1009576 0.1055916 0.0000000 0.2419656 0.2459057 0.8984642 0.8979546 0.5195246 
S0009_G5018_R2_A 0.8734051 0.8934659 0.8440490 0.4556251 0.3777723 0.4718096 0.4718096 0.4759614 0.8782622 0.8622600 0.2872636 0.2864432 0.8452701 1.0173485 0.2936204 0.2419656 0.0000000 0.0106713 0.7913960 0.7864165 0.4843743 
S0010_G5018_R2_A 0.8854802 0.9035556 0.8485385 0.4453120 0.3766440 0.4670714 0.4670714 0.4676881 0.8932596 0.8690482 0.2858825 0.2853674 0.8624323 1.0053886 0.2961510 0.2459057 0.0106713 0.0000000 0.8089689 0.8038947 0.4796387 
S0039_G5018_R1_A 0.4430311 0.5184738 0.4832833 0.8277720 0.8134269 0.8445645 0.8445645 0.8737546 0.3990351 0.3997119 0.8691724 0.8045087 0.4792432 0.7568478 0.9488138 0.8984642 0.7913960 0.8089689 0.0000000 0.0070755 1.0007364 
S0051_G5018_R1_A 0.4465293 0.5148862 0.4802927 0.8357548 0.8078011 0.8392802 0.8392802 0.8683053 0.3938803 0.3948401 0.8630943 0.7994712 0.4758793 0.7455113 0.9481234 0.8979546 0.7864165 0.8038947 0.0070755 0.0000000 0.9944848 
S0003_G5018_R3_N 0.9873084 1.0640632 1.0231646 0.5154118 0.5364188 0.5545799 0.5545799 0.5731081 1.0187144 0.9912326 0.4560997 0.5330849 0.9901638 0.9877212 0.5089848 0.5195246 0.4843743 0.4796387 1.0007364 0.9944848 0.0000000 
