10
S0039_G5032_R1_A 0.0000000 0.0134092 0.4322669 0.5381326 0.5300483 0.4458684 0.5234644 0.2703088 0.2723078 1.2471436 
S0051_G5032_R1_A 0.0134092 0.0000000 0.4314947 0.5367759 0.5340298 0.4435693 0.5161147 0.2707864 0.2727893 1.2330448 
S0027_G5032_R1_A 0.4322669 0.4314947 0.0000000 0.2441825 0.2842723 0.1672707 0.2528119 0.3201103 0.3154484 1.1857734 
S0008_G5032_R1_A 0.5381326 0.5367759 0.2441825 0.0000000 0.2548504 0.2094928 0.2429791 0.3602837 0.3549707 1.1919846 
S0034_G5032_R1_A 0.5300483 0.5340298 0.2842723 0.2548504 0.0000000 0.2597270 0.2068365 0.3393828 0.3320290 1.1046494 
S0014_G5032_R1_A 0.4458684 0.4435693 0.1672707 0.2094928 0.2597270 0.0000000 0.2454367 0.3353173 0.3301564 1.1132933 
S0015_G5032_R1_A 0.5234644 0.5161147 0.2528119 0.2429791 0.2068365 0.2454367 0.0000000 0.3191052 0.3121713 1.1037853 
S0009_G5032_R1_A 0.2703088 0.2707864 0.3201103 0.3602837 0.3393828 0.3353173 0.3191052 0.0000000 0.0049271 0.8931754 
S0010_G5032_R1_A 0.2723078 0.2727893 0.3154484 0.3549707 0.3320290 0.3301564 0.3121713 0.0049271 0.0000000 0.8963988 
S0003_G5032_R1_N 1.2471436 1.2330448 1.1857734 1.1919846 1.1046494 1.1132933 1.1037853 0.8931754 0.8963988 0.0000000 
