10
S0051_G5090_R1_A 0.0000000 0.0173064 0.5992596 0.6244093 0.5429870 0.5156414 0.5292988 0.8730056 1.3700510 1.0273745 
S0039_G5090_R1_A 0.0173064 0.0000000 0.6184064 0.6551341 0.5618528 0.5337490 0.5450997 0.8862492 1.4112987 1.0539197 
S0034_G5090_R1_A 0.5992596 0.6184064 0.0000000 0.2377853 0.3939486 0.2443951 0.2494787 0.6389889 1.0388174 1.0076859 
S0008_G5090_R1_A 0.6244093 0.6551341 0.2377853 0.0000000 0.3866313 0.2697742 0.2771821 0.4894000 1.0327199 1.0264953 
S0027_G5090_R1_A 0.5429870 0.5618528 0.3939486 0.3866313 0.0000000 0.3575599 0.3711570 0.6859312 1.0945731 1.1156756 
S0010_G5090_R1_A 0.5156414 0.5337490 0.2443951 0.2697742 0.3575599 0.0000000 0.0413303 0.5683354 1.0186188 1.0718521 
S0009_G5090_R1_A 0.5292988 0.5450997 0.2494787 0.2771821 0.3711570 0.0413303 0.0000000 0.5752529 1.0354044 1.0198341 
S0014_G5090_R1_A 0.8730056 0.8862492 0.6389889 0.4894000 0.6859312 0.5683354 0.5752529 0.0000000 1.2889042 1.1000499 
S0014_G5090_R2_A 1.3700510 1.4112987 1.0388174 1.0327199 1.0945731 1.0186188 1.0354044 1.2889042 0.0000000 1.0997941 
S0003_G5090_R1_N 1.0273745 1.0539197 1.0076859 1.0264953 1.1156756 1.0718521 1.0198341 1.1000499 1.0997941 0.0000000 
