16
S0039_G5111_R1_A 0.0000000 0.0201608 1.4061987 1.3880976 1.4370939 0.9289797 1.0908777 1.1045555 0.9661061 1.4365260 1.5326515 1.2905451 1.2616589 1.5381543 1.5584817 2.4760379 
S0051_G5111_R1_A 0.0201608 0.0000000 1.3693714 1.3658949 1.3944038 0.9473083 1.1066722 1.1173355 0.9780774 1.4527709 1.5508352 1.2669816 1.2544724 1.5459863 1.5648175 2.4788775 
S0015_G5111_R1_A 1.4061987 1.3693714 0.0000000 0.2908158 0.2834275 0.8795508 0.8936117 0.8833999 0.9124129 0.8897292 0.8683544 0.8302240 0.7385715 0.9897681 0.9186009 2.0965775 
S0015_G5111_R2_A 1.3880976 1.3658949 0.2908158 0.0000000 0.1157876 0.8633310 0.9260382 0.9179064 0.9082424 0.9057051 0.8769766 0.8113127 0.7657374 0.9883319 0.9430552 2.1032231 
S0015_G5111_R3_A 1.4370939 1.3944038 0.2834275 0.1157876 0.0000000 0.9126831 0.9371626 0.9315693 0.9526131 0.9086670 0.8710814 0.7931405 0.7656997 0.9736092 0.9151096 2.1787458 
S0009_G5111_R1_A 0.9289797 0.9473083 0.8795508 0.8633310 0.9126831 0.0000000 0.0808049 0.0797965 0.0254421 0.9236957 0.9179648 0.9335122 0.9054138 1.1181303 1.1703797 2.1841647 
S0010_G5111_R1_A 1.0908777 1.1066722 0.8936117 0.9260382 0.9371626 0.0808049 0.0000000 0.0111404 0.1004406 0.9406037 0.9693187 0.9649767 0.9441479 1.1491581 1.2149811 2.2264937 
S0009_G5111_R2_A 1.1045555 1.1173355 0.8833999 0.9179064 0.9315693 0.0797965 0.0111404 0.0000000 0.0988366 0.9620497 0.9848645 0.9759600 0.9470893 1.1393621 1.2077838 2.2441255 
S0010_G5111_R2_A 0.9661061 0.9780774 0.9124129 0.9082424 0.9526131 0.0254421 0.1004406 0.0988366 0.0000000 0.9826055 0.9819491 0.9584098 0.9163520 1.1434090 1.1906975 2.2173841 
S0034_G5111_R1_A 1.4365260 1.4527709 0.8897292 0.9057051 0.9086670 0.9236957 0.9406037 0.9620497 0.9826055 0.0000000 0.0707001 1.0312526 1.0978632 1.0218493 1.0199128 2.1209349 
S0034_G5111_R2_A 1.5326515 1.5508352 0.8683544 0.8769766 0.8710814 0.9179648 0.9693187 0.9848645 0.9819491 0.0707001 0.0000000 1.0643460 1.0840111 1.0404907 1.0647507 2.1191710 
S0014_G5111_R1_A 1.2905451 1.2669816 0.8302240 0.8113127 0.7931405 0.9335122 0.9649767 0.9759600 0.9584098 1.0312526 1.0643460 0.0000000 0.6415448 0.9119689 0.9114275 1.8309572 
S0027_G5111_R1_A 1.2616589 1.2544724 0.7385715 0.7657374 0.7656997 0.9054138 0.9441479 0.9470893 0.9163520 1.0978632 1.0840111 0.6415448 0.0000000 0.9657584 0.9248769 2.0004922 
S0008_G5111_R1_A 1.5381543 1.5459863 0.9897681 0.9883319 0.9736092 1.1181303 1.1491581 1.1393621 1.1434090 1.0218493 1.0404907 0.9119689 0.9657584 0.0000000 0.0824245 1.7539781 
S0008_G5111_R2_A 1.5584817 1.5648175 0.9186009 0.9430552 0.9151096 1.1703797 1.2149811 1.2077838 1.1906975 1.0199128 1.0647507 0.9114275 0.9248769 0.0824245 0.0000000 1.7135790 
S0003_G5111_R1_N 2.4760379 2.4788775 2.0965775 2.1032231 2.1787458 2.1841647 2.2264937 2.2441255 2.2173841 2.1209349 2.1191710 1.8309572 2.0004922 1.7539781 1.7135790 0.0000000 
