13
S0039_G5163_R1_A 0.0000000 0.0107137 0.4356286 0.4841037 0.5548967 1.3539072 1.3539072 1.3415973 1.3292908 1.3881862 1.3489589 1.4789538 1.4238863 
S0051_G5163_R1_A 0.0107137 0.0000000 0.4317768 0.4785744 0.5478194 1.3270151 1.3270151 1.3022846 1.2960700 1.3552439 1.3118356 1.4545088 1.4057582 
S0008_G5163_R4_A 0.4356286 0.4317768 0.0000000 0.1557919 0.4577235 1.5286224 1.5286224 1.4573174 1.5287846 1.7226108 1.6215744 1.7175597 1.8240891 
S0034_G5163_R2_A 0.4841037 0.4785744 0.1557919 0.0000000 0.5196081 1.6428072 1.6428072 1.4620622 1.6001401 1.8181053 1.6938724 1.8443966 1.7973917 
S0008_G5163_R3_A 0.5548967 0.5478194 0.4577235 0.5196081 0.0000000 1.3699301 1.3699301 1.4317253 1.3417879 1.5343103 1.3551581 1.4541565 1.6000391 
S0009_G5163_R1_A 1.3539072 1.3270151 1.5286224 1.6428072 1.3699301 0.0000000 0.0041247 0.5208749 0.4920940 0.5453160 0.5234417 0.6042163 0.9699982 
S0010_G5163_R1_A 1.3539072 1.3270151 1.5286224 1.6428072 1.3699301 0.0041247 0.0000000 0.5198580 0.4929106 0.5504546 0.5302273 0.6097969 0.9778098 
S0014_G5163_R1_A 1.3415973 1.3022846 1.4573174 1.4620622 1.4317253 0.5208749 0.5198580 0.0000000 0.1816788 0.3459040 0.3380015 0.4344662 0.9910517 
S0027_G5163_R1_A 1.3292908 1.2960700 1.5287846 1.6001401 1.3417879 0.4920940 0.4929106 0.1816788 0.0000000 0.3496869 0.3344285 0.4180026 0.9031811 
S0015_G5163_R1_A 1.3881862 1.3552439 1.7226108 1.8181053 1.5343103 0.5453160 0.5504546 0.3459040 0.3496869 0.0000000 0.1970155 0.4634696 0.9387563 
S0034_G5163_R1_A 1.3489589 1.3118356 1.6215744 1.6938724 1.3551581 0.5234417 0.5302273 0.3380015 0.3344285 0.1970155 0.0000000 0.4816199 0.8936745 
S0008_G5163_R1_A 1.4789538 1.4545088 1.7175597 1.8443966 1.4541565 0.6042163 0.6097969 0.4344662 0.4180026 0.4634696 0.4816199 0.0000000 0.9233267 
S0003_G5163_R1_N 1.4238863 1.4057582 1.8240891 1.7973917 1.6000391 0.9699982 0.9778098 0.9910517 0.9031811 0.9387563 0.8936745 0.9233267 0.0000000 
