10
S0039_G5177_R1_A 0.0000000 0.0123526 0.3032541 0.3029233 0.3562145 0.3868668 0.3208073 0.3627838 0.3428505 1.1762619 
S0051_G5177_R1_A 0.0123526 0.0000000 0.2992659 0.2989400 0.3521163 0.3805863 0.3186148 0.3582843 0.3398273 1.1696974 
S0009_G5177_R1_A 0.3032541 0.2992659 0.0000000 0.0010618 0.1956983 0.2228287 0.2122115 0.1785707 0.1632907 1.0598596 
S0010_G5177_R1_A 0.3029233 0.2989400 0.0010618 0.0000000 0.1955093 0.2218123 0.2124094 0.1791776 0.1631483 1.0646661 
S0015_G5177_R1_A 0.3562145 0.3521163 0.1956983 0.1955093 0.0000000 0.1052462 0.2407483 0.1477422 0.1687214 1.0630950 
S0034_G5177_R1_A 0.3868668 0.3805863 0.2228287 0.2218123 0.1052462 0.0000000 0.2678563 0.1719038 0.1988895 1.0506317 
S0027_G5177_R1_A 0.3208073 0.3186148 0.2122115 0.2124094 0.2407483 0.2678563 0.0000000 0.2179123 0.1926813 1.0693035 
S0008_G5177_R1_A 0.3627838 0.3582843 0.1785707 0.1791776 0.1477422 0.1719038 0.2179123 0.0000000 0.1249002 0.9660804 
S0014_G5177_R1_A 0.3428505 0.3398273 0.1632907 0.1631483 0.1687214 0.1988895 0.1926813 0.1249002 0.0000000 0.9761296 
S0003_G5177_R1_N 1.1762619 1.1696974 1.0598596 1.0646661 1.0630950 1.0506317 1.0693035 0.9660804 0.9761296 0.0000000 
