10
S0034_G5188_R1_A 0.0000000 0.5440954 0.4805526 0.9722510 0.6267578 0.6378578 0.2800848 0.6863020 0.8638303 0.8707832 
S0051_G5188_R1_A 0.5440954 0.0000000 0.0237751 1.0574789 0.7749527 0.8492769 0.5478735 0.8501426 0.8883798 0.8957252 
S0039_G5188_R1_A 0.4805526 0.0237751 0.0000000 1.0142425 0.7061472 0.7929551 0.4872279 0.8225317 0.8545329 0.8617993 
S0003_G5188_R1_N 0.9722510 1.0574789 1.0142425 0.0000000 1.1010735 1.0420630 0.7974000 0.9451846 1.2714202 1.2622361 
S0008_G5188_R1_A 0.6267578 0.7749527 0.7061472 1.1010735 0.0000000 0.5213826 0.5596029 0.6570154 0.8239793 0.8309153 
S0014_G5188_R1_A 0.6378578 0.8492769 0.7929551 1.0420630 0.5213826 0.0000000 0.6126969 0.5693261 0.7447762 0.7381119 
S0015_G5188_R1_A 0.2800848 0.5478735 0.4872279 0.7974000 0.5596029 0.6126969 0.0000000 0.6532783 0.7309205 0.7377420 
S0027_G5188_R1_A 0.6863020 0.8501426 0.8225317 0.9451846 0.6570154 0.5693261 0.6532783 0.0000000 0.8733316 0.8805277 
S0009_G5188_R1_A 0.8638303 0.8883798 0.8545329 1.2714202 0.8239793 0.7447762 0.7309205 0.8733316 0.0000000 0.0028484 
S0010_G5188_R1_A 0.8707832 0.8957252 0.8617993 1.2622361 0.8309153 0.7381119 0.7377420 0.8805277 0.0028484 0.0000000 
