11
S0003_G5200_R1_N 0.0000000 1.1636001 1.1574175 1.3530969 1.3587417 1.2545854 1.3245748 1.2527368 1.3462070 1.1260962 0.9533945 
S0039_G5200_R1_A 1.1636001 0.0000000 0.0079565 0.3626690 0.3660872 0.4398089 0.4633817 0.4158795 0.4052477 0.5409480 0.6199134 
S0051_G5200_R1_A 1.1574175 0.0079565 0.0000000 0.3628450 0.3662761 0.4436498 0.4687394 0.4211183 0.4103634 0.5417749 0.6209101 
S0009_G5200_R1_A 1.3530969 0.3626690 0.3628450 0.0000000 0.0113239 0.3145650 0.3762524 0.2984776 0.3048133 0.5503728 0.6280462 
S0010_G5200_R1_A 1.3587417 0.3660872 0.3662761 0.0113239 0.0000000 0.3078116 0.3695851 0.2946315 0.3012284 0.5429969 0.6207367 
S0008_G5200_R1_A 1.2545854 0.4398089 0.4436498 0.3145650 0.3078116 0.0000000 0.2897437 0.2522300 0.2216940 0.4257350 0.4557087 
S0034_G5200_R1_A 1.3245748 0.4633817 0.4687394 0.3762524 0.3695851 0.2897437 0.0000000 0.3108836 0.2897666 0.4990021 0.5800348 
S0014_G5200_R1_A 1.2527368 0.4158795 0.4211183 0.2984776 0.2946315 0.2522300 0.3108836 0.0000000 0.1984235 0.5285032 0.5560624 
S0027_G5200_R1_A 1.3462070 0.4052477 0.4103634 0.3048133 0.3012284 0.2216940 0.2897666 0.1984235 0.0000000 0.4651338 0.4997625 
S0015_G5200_R1_A 1.1260962 0.5409480 0.5417749 0.5503728 0.5429969 0.4257350 0.4990021 0.5285032 0.4651338 0.0000000 0.2448648 
S0034_G5200_R2_A 0.9533945 0.6199134 0.6209101 0.6280462 0.6207367 0.4557087 0.5800348 0.5560624 0.4997625 0.2448648 0.0000000 
