10
S0039_G5257_R1_A 0.0000000 0.2183066 0.2183066 0.0213030 0.2616465 0.2362758 0.2769567 0.2567290 0.2589833 1.1463802 
S0009_G5257_R1_A 0.2183066 0.0000000 0.0000010 0.2682886 0.2302804 0.2127329 0.2324847 0.2307480 0.2446455 1.4179204 
S0010_G5257_R1_A 0.2183066 0.0000010 0.0000000 0.2682886 0.2302804 0.2127329 0.2324847 0.2307480 0.2446455 1.4179204 
S0051_G5257_R1_A 0.0213030 0.2682886 0.2682886 0.0000000 0.3257097 0.3219020 0.3430969 0.3331504 0.3544861 1.3219854 
S0034_G5257_R1_A 0.2616465 0.2302804 0.2302804 0.3257097 0.0000000 0.1653118 0.1793411 0.1629060 0.1738830 1.2959046 
S0027_G5257_R1_A 0.2362758 0.2127329 0.2127329 0.3219020 0.1653118 0.0000000 0.1114163 0.1695841 0.1616049 1.2097123 
S0014_G5257_R1_A 0.2769567 0.2324847 0.2324847 0.3430969 0.1793411 0.1114163 0.0000000 0.1952498 0.1743990 1.2613172 
S0015_G5257_R1_A 0.2567290 0.2307480 0.2307480 0.3331504 0.1629060 0.1695841 0.1952498 0.0000000 0.1540579 1.1472132 
S0008_G5257_R1_A 0.2589833 0.2446455 0.2446455 0.3544861 0.1738830 0.1616049 0.1743990 0.1540579 0.0000000 1.1561944 
S0003_G5257_R1_N 1.1463802 1.4179204 1.4179204 1.3219854 1.2959046 1.2097123 1.2613172 1.1472132 1.1561944 0.0000000 
