10
S0003_G5264_R1_N 0.0000000 0.9167360 0.9668402 0.9902804 0.9400421 0.9926962 0.9914994 0.9795862 0.9393739 0.9494925 
S0008_G5264_R1_A 0.9167360 0.0000000 0.2010211 0.1821123 0.1526653 0.1830740 0.2188860 0.2169786 0.5465584 0.5480539 
S0015_G5264_R1_A 0.9668402 0.2010211 0.0000000 0.1664616 0.2023723 0.2505928 0.2655834 0.2674264 0.5794065 0.5801907 
S0034_G5264_R1_A 0.9902804 0.1821123 0.1664616 0.0000000 0.2006990 0.2240857 0.2528627 0.2526661 0.5696234 0.5703386 
S0014_G5264_R1_A 0.9400421 0.1526653 0.2023723 0.2006990 0.0000000 0.1643264 0.2243261 0.2218226 0.4861773 0.4902277 
S0027_G5264_R1_A 0.9926962 0.1830740 0.2505928 0.2240857 0.1643264 0.0000000 0.2680574 0.2684052 0.5239500 0.5215802 
S0009_G5264_R1_A 0.9914994 0.2188860 0.2655834 0.2528627 0.2243261 0.2680574 0.0000000 0.0029667 0.5487312 0.5516555 
S0010_G5264_R1_A 0.9795862 0.2169786 0.2674264 0.2526661 0.2218226 0.2684052 0.0029667 0.0000000 0.5472066 0.5501255 
S0039_G5264_R1_A 0.9393739 0.5465584 0.5794065 0.5696234 0.4861773 0.5239500 0.5487312 0.5472066 0.0000000 0.0042564 
S0051_G5264_R1_A 0.9494925 0.5480539 0.5801907 0.5703386 0.4902277 0.5215802 0.5516555 0.5501255 0.0042564 0.0000000 
