13
S0015_G5271_R1_A 0.0000000 0.1523097 0.2051416 0.1558549 0.4991490 0.4991490 0.5232970 0.5233115 0.3036187 0.3004339 0.5707127 0.5878532 0.9479091 
S0034_G5271_R1_A 0.1523097 0.0000000 0.1964194 0.1461616 0.5018954 0.5018954 0.5018948 0.4874811 0.2982224 0.2913605 0.5151099 0.5296145 0.8939942 
S0027_G5271_R1_A 0.2051416 0.1964194 0.0000000 0.1241254 0.4708142 0.4708142 0.4852386 0.4772441 0.2762751 0.2689596 0.5603850 0.5768024 0.8797139 
S0008_G5271_R1_A 0.1558549 0.1461616 0.1241254 0.0000000 0.4301941 0.4301941 0.4343223 0.4218710 0.2285846 0.2235573 0.5203036 0.5342117 0.9186781 
S0009_G5271_R1_A 0.4991490 0.5018954 0.4708142 0.4301941 0.0000000 0.0000010 0.2679849 0.2773615 0.5523397 0.5455028 0.4678355 0.4673350 0.9636679 
S0010_G5271_R1_A 0.4991490 0.5018954 0.4708142 0.4301941 0.0000010 0.0000000 0.2679849 0.2773615 0.5523397 0.5455028 0.4678355 0.4673350 0.9636679 
S0014_G5271_R1_A 0.5232970 0.5018948 0.4852386 0.4343223 0.2679849 0.2679849 0.0000000 0.1527980 0.4761748 0.4776590 0.5127959 0.5249365 0.9423267 
S0027_G5271_R2_A 0.5233115 0.4874811 0.4772441 0.4218710 0.2773615 0.2773615 0.1527980 0.0000000 0.4610220 0.4595627 0.4615300 0.4695308 0.8852885 
S0009_G5271_R2_A 0.3036187 0.2982224 0.2762751 0.2285846 0.5523397 0.5523397 0.4761748 0.4610220 0.0000000 0.0135785 0.6444925 0.6604534 0.8457375 
S0010_G5271_R2_A 0.3004339 0.2913605 0.2689596 0.2235573 0.5455028 0.5455028 0.4776590 0.4595627 0.0135785 0.0000000 0.6431509 0.6590222 0.8585477 
S0039_G5271_R1_A 0.5707127 0.5151099 0.5603850 0.5203036 0.4678355 0.4678355 0.5127959 0.4615300 0.6444925 0.6431509 0.0000000 0.0129439 1.0861252 
S0051_G5271_R1_A 0.5878532 0.5296145 0.5768024 0.5342117 0.4673350 0.4673350 0.5249365 0.4695308 0.6604534 0.6590222 0.0129439 0.0000000 1.1204331 
S0003_G5271_R1_N 0.9479091 0.8939942 0.8797139 0.9186781 0.9636679 0.9636679 0.9423267 0.8852885 0.8457375 0.8585477 1.0861252 1.1204331 0.0000000 
