11
S0008_G5296_R1_A 0.0000000 0.1739930 0.1802969 0.4369772 0.4446099 0.2414041 0.2261509 0.2264579 0.2115382 0.8743224 0.6595831 
S0027_G5296_R1_A 0.1739930 0.0000000 0.1961678 0.4161420 0.4182932 0.3469123 0.2302612 0.2373561 0.2518902 0.9136659 0.6570018 
S0014_G5296_R1_A 0.1802969 0.1961678 0.0000000 0.4319811 0.4346553 0.2840932 0.2449326 0.2322939 0.2449211 0.9900947 0.7084766 
S0039_G5296_R1_A 0.4369772 0.4161420 0.4319811 0.0000000 0.0172407 0.5291214 0.4532047 0.4572206 0.4956005 0.9349330 0.8143054 
S0051_G5296_R1_A 0.4446099 0.4182932 0.4346553 0.0172407 0.0000000 0.5187260 0.4502123 0.4542167 0.5042580 0.9227593 0.8253821 
S0015_G5296_R1_A 0.2414041 0.3469123 0.2840932 0.5291214 0.5187260 0.0000000 0.3278094 0.3258649 0.2279960 0.9405244 0.6825998 
S0009_G5296_R1_A 0.2261509 0.2302612 0.2449326 0.4532047 0.4502123 0.3278094 0.0000000 0.0214600 0.2498473 0.8629911 0.6464849 
S0010_G5296_R1_A 0.2264579 0.2373561 0.2322939 0.4572206 0.4542167 0.3258649 0.0214600 0.0000000 0.2418241 0.8578493 0.6454423 
S0034_G5296_R1_A 0.2115382 0.2518902 0.2449211 0.4956005 0.5042580 0.2279960 0.2498473 0.2418241 0.0000000 0.8190085 0.6115747 
S0003_G5296_R2_N 0.8743224 0.9136659 0.9900947 0.9349330 0.9227593 0.9405244 0.8629911 0.8578493 0.8190085 0.0000000 0.2799171 
S0003_G5296_R1_N 0.6595831 0.6570018 0.7084766 0.8143054 0.8253821 0.6825998 0.6464849 0.6454423 0.6115747 0.2799171 0.0000000 
