10
S0051_G5299_R1_A 0.0000000 0.0306361 0.6171253 0.4855038 0.4576329 0.4294541 0.3626017 0.3647016 0.4681456 1.1150201 
S0039_G5299_R1_A 0.0306361 0.0000000 0.6423921 0.4748049 0.4537686 0.4213146 0.3623348 0.3662191 0.4592889 1.1119835 
S0015_G5299_R1_A 0.6171253 0.6423921 0.0000000 0.5726154 0.4806114 0.5046507 0.5893724 0.5945186 0.5779006 1.1855284 
S0014_G5299_R1_A 0.4855038 0.4748049 0.5726154 0.0000000 0.1735632 0.1669253 0.2678732 0.2686543 0.2542626 0.9777257 
S0008_G5299_R1_A 0.4576329 0.4537686 0.4806114 0.1735632 0.0000000 0.1717076 0.2484987 0.2509582 0.2172328 0.9913044 
S0027_G5299_R1_A 0.4294541 0.4213146 0.5046507 0.1669253 0.1717076 0.0000000 0.2636346 0.2636544 0.2230530 0.9717456 
S0009_G5299_R1_A 0.3626017 0.3623348 0.5893724 0.2678732 0.2484987 0.2636346 0.0000000 0.0074835 0.3229103 1.0994912 
S0010_G5299_R1_A 0.3647016 0.3662191 0.5945186 0.2686543 0.2509582 0.2636544 0.0074835 0.0000000 0.3247647 1.1022100 
S0034_G5299_R1_A 0.4681456 0.4592889 0.5779006 0.2542626 0.2172328 0.2230530 0.3229103 0.3247647 0.0000000 0.9543558 
S0003_G5299_R1_N 1.1150201 1.1119835 1.1855284 0.9777257 0.9913044 0.9717456 1.0994912 1.1022100 0.9543558 0.0000000 
