8
S0039_G5318_R1_A 0.0000000 0.0186043 0.4341863 0.4586494 0.4900919 0.4971737 0.5333967 0.7549159 
S0051_G5318_R1_A 0.0186043 0.0000000 0.4349317 0.4634186 0.5017747 0.5086509 0.5394602 0.7609382 
S0015_G5318_R1_A 0.4341863 0.4349317 0.0000000 0.1362174 0.2253110 0.2578707 0.2779294 0.8728836 
S0034_G5318_R1_A 0.4586494 0.4634186 0.1362174 0.0000000 0.2472583 0.2891852 0.3034923 0.9018503 
S0008_G5318_R1_A 0.4900919 0.5017747 0.2253110 0.2472583 0.0000000 0.2515329 0.2236290 0.8812812 
S0027_G5318_R1_A 0.4971737 0.5086509 0.2578707 0.2891852 0.2515329 0.0000000 0.1999961 0.8673459 
S0014_G5318_R1_A 0.5333967 0.5394602 0.2779294 0.3034923 0.2236290 0.1999961 0.0000000 0.8037969 
S0003_G5318_R1_N 0.7549159 0.7609382 0.8728836 0.9018503 0.8812812 0.8673459 0.8037969 0.0000000 
