11
S0008_G5333_R1_A 0.0000000 0.0970517 0.1009997 0.1126309 0.1126309 0.1066029 0.1050741 0.1941239 0.1951170 0.2119855 0.8217395 
S0014_G5333_R1_A 0.0970517 0.0000000 0.1095881 0.1297783 0.1297783 0.1395509 0.1335223 0.1934973 0.1937491 0.2670215 0.9094851 
S0027_G5333_R1_A 0.1009997 0.1095881 0.0000000 0.1237685 0.1237685 0.1343863 0.1286241 0.1904601 0.1898539 0.2395301 0.8140319 
S0009_G5333_R1_A 0.1126309 0.1297783 0.1237685 0.0000000 0.0000010 0.1399191 0.1436062 0.1851744 0.1846560 0.2581270 0.8438909 
S0010_G5333_R1_A 0.1126309 0.1297783 0.1237685 0.0000010 0.0000000 0.1399191 0.1436062 0.1851744 0.1846560 0.2581270 0.8438909 
S0015_G5333_R1_A 0.1066029 0.1395509 0.1343863 0.1399191 0.1399191 0.0000000 0.0831844 0.2010506 0.2020608 0.2656223 0.8706660 
S0034_G5333_R1_A 0.1050741 0.1335223 0.1286241 0.1436062 0.1436062 0.0831844 0.0000000 0.1986011 0.1988584 0.2591623 0.8443579 
S0039_G5333_R1_A 0.1941239 0.1934973 0.1904601 0.1851744 0.1851744 0.2010506 0.1986011 0.0000000 0.0053726 0.3090520 0.8197483 
S0051_G5333_R1_A 0.1951170 0.1937491 0.1898539 0.1846560 0.1846560 0.2020608 0.1988584 0.0053726 0.0000000 0.3104629 0.8125211 
S0008_G5333_R2_A 0.2119855 0.2670215 0.2395301 0.2581270 0.2581270 0.2656223 0.2591623 0.3090520 0.3104629 0.0000000 0.8140881 
S0003_G5333_R1_N 0.8217395 0.9094851 0.8140319 0.8438909 0.8438909 0.8706660 0.8443579 0.8197483 0.8125211 0.8140881 0.0000000 
