10
S0009_G5355_R1_A 0.0000000 0.0017263 0.1781995 0.2073928 0.3571758 0.4012248 0.3570286 0.5889525 0.6110468 0.8782700 
S0010_G5355_R1_A 0.0017263 0.0000000 0.1803291 0.2115315 0.3572269 0.3998221 0.3589410 0.5911791 0.6130799 0.8768134 
S0014_G5355_R1_A 0.1781995 0.1803291 0.0000000 0.1554913 0.2360830 0.2541196 0.2358059 0.5553762 0.5668182 0.7539841 
S0008_G5355_R1_A 0.2073928 0.2115315 0.1554913 0.0000000 0.1859925 0.2078112 0.2642715 0.6778780 0.6946119 0.7781888 
S0015_G5355_R1_A 0.3571758 0.3572269 0.2360830 0.1859925 0.0000000 0.1455417 0.3859668 0.8023110 0.8253871 0.7734381 
S0034_G5355_R1_A 0.4012248 0.3998221 0.2541196 0.2078112 0.1455417 0.0000000 0.4032486 0.8611876 0.8848651 0.8051115 
S0027_G5355_R1_A 0.3570286 0.3589410 0.2358059 0.2642715 0.3859668 0.4032486 0.0000000 0.7938649 0.7954706 0.9937700 
S0051_G5355_R1_A 0.5889525 0.5911791 0.5553762 0.6778780 0.8023110 0.8611876 0.7938649 0.0000000 0.0177326 0.9734104 
S0039_G5355_R1_A 0.6110468 0.6130799 0.5668182 0.6946119 0.8253871 0.8848651 0.7954706 0.0177326 0.0000000 1.0222534 
S0003_G5355_R1_N 0.8782700 0.8768134 0.7539841 0.7781888 0.7734381 0.8051115 0.9937700 0.9734104 1.0222534 0.0000000 
