11
S0003_G5357_R1_N 0.0000000 0.7838122 0.7838122 0.7666371 0.7596663 0.6487205 0.6739313 0.7227303 0.7254777 0.6679091 0.7419645 
S0039_G5357_R1_A 0.7838122 0.0000000 0.0049396 0.4483049 0.4263354 0.4989956 0.5008667 0.3703236 0.3787798 0.5598951 0.7222805 
S0051_G5357_R1_A 0.7838122 0.0049396 0.0000000 0.4483049 0.4304022 0.4989956 0.5008667 0.3703236 0.3787798 0.5553916 0.7222805 
S0034_G5357_R1_A 0.7666371 0.4483049 0.4483049 0.0000000 0.1711151 0.4565767 0.4496142 0.3279395 0.3316319 0.5088233 0.6756717 
S0015_G5357_R1_A 0.7596663 0.4263354 0.4304022 0.1711151 0.0000000 0.4692344 0.4975472 0.3668888 0.3715150 0.5257893 0.7461834 
S0008_G5357_R1_A 0.6487205 0.4989956 0.4989956 0.4565767 0.4692344 0.0000000 0.2659103 0.4283084 0.4372714 0.3535019 0.5292828 
S0015_G5357_R2_A 0.6739313 0.5008667 0.5008667 0.4496142 0.4975472 0.2659103 0.0000000 0.4832076 0.4929699 0.3063105 0.4716866 
S0009_G5357_R1_A 0.7227303 0.3703236 0.3703236 0.3279395 0.3668888 0.4283084 0.4832076 0.0000000 0.0049538 0.4961796 0.6113285 
S0010_G5357_R1_A 0.7254777 0.3787798 0.3787798 0.3316319 0.3715150 0.4372714 0.4929699 0.0049538 0.0000000 0.4974935 0.6184024 
S0014_G5357_R1_A 0.6679091 0.5598951 0.5553916 0.5088233 0.5257893 0.3535019 0.3063105 0.4961796 0.4974935 0.0000000 0.3774414 
S0027_G5357_R1_A 0.7419645 0.7222805 0.7222805 0.6756717 0.7461834 0.5292828 0.4716866 0.6113285 0.6184024 0.3774414 0.0000000 
