9
S0039_G5398_R1_A 0.0000000 0.0073152 0.5140505 0.4692488 0.4486052 0.5029177 0.5165546 0.4529515 0.4615239 
S0051_G5398_R1_A 0.0073152 0.0000000 0.5150504 0.4653624 0.4479690 0.5056568 0.5193257 0.4522863 0.4608414 
S0008_G5398_R1_A 0.5140505 0.5150504 0.0000000 0.1332844 0.1392214 0.1373208 0.1618807 0.1751108 0.1768197 
S0014_G5398_R1_A 0.4692488 0.4653624 0.1332844 0.0000000 0.1211667 0.1734179 0.1961544 0.1959783 0.1984714 
S0027_G5398_R1_A 0.4486052 0.4479690 0.1392214 0.1211667 0.0000000 0.1779865 0.2026996 0.2014420 0.2018686 
S0015_G5398_R1_A 0.5029177 0.5056568 0.1373208 0.1734179 0.1779865 0.0000000 0.1048312 0.2101435 0.2099672 
S0034_G5398_R1_A 0.5165546 0.5193257 0.1618807 0.1961544 0.2026996 0.1048312 0.0000000 0.2322644 0.2354519 
S0009_G5398_R1_A 0.4529515 0.4522863 0.1751108 0.1959783 0.2014420 0.2101435 0.2322644 0.0000000 0.0121033 
S0010_G5398_R1_A 0.4615239 0.4608414 0.1768197 0.1984714 0.2018686 0.2099672 0.2354519 0.0121033 0.0000000 
