12
S0003_G5404_R1_N 0.0000000 2.4557392 2.5538280 2.5526139 2.4150072 2.4008836 2.4538652 2.4538652 2.2469885 2.2469885 2.7985416 2.8081427 
S0008_G5404_R1_A 2.4557392 0.0000000 0.1610802 0.1616713 0.1038796 0.1124299 0.2064885 0.2064885 0.2236175 0.2236175 0.4585017 0.4600160 
S0009_G5404_R1_A 2.5538280 0.1610802 0.0000000 0.0030398 0.1690094 0.1864754 0.1880387 0.1880387 0.2069670 0.2069670 0.3772192 0.3785527 
S0010_G5404_R1_A 2.5526139 0.1616713 0.0030398 0.0000000 0.1688596 0.1872629 0.1856910 0.1856910 0.2067184 0.2067184 0.3794434 0.3807828 
S0015_G5404_R1_A 2.4150072 0.1038796 0.1690094 0.1688596 0.0000000 0.0734973 0.2011677 0.2011677 0.2212156 0.2212156 0.4126922 0.4141019 
S0034_G5404_R1_A 2.4008836 0.1124299 0.1864754 0.1872629 0.0734973 0.0000000 0.2227634 0.2227634 0.2477348 0.2477348 0.4512001 0.4527005 
S0027_G5404_R1_A 2.4538652 0.2064885 0.1880387 0.1856910 0.2011677 0.2227634 0.0000000 0.0000010 0.2005202 0.2005202 0.3610527 0.3623481 
S0027_G5404_R2_A 2.4538652 0.2064885 0.1880387 0.1856910 0.2011677 0.2227634 0.0000010 0.0000000 0.2005202 0.2005202 0.3610527 0.3623481 
S0014_G5404_R1_A 2.2469885 0.2236175 0.2069670 0.2067184 0.2212156 0.2477348 0.2005202 0.2005202 0.0000000 0.0000010 0.3373281 0.3375642 
S0014_G5404_R2_A 2.2469885 0.2236175 0.2069670 0.2067184 0.2212156 0.2477348 0.2005202 0.2005202 0.0000010 0.0000000 0.3373281 0.3375642 
S0039_G5404_R1_A 2.7985416 0.4585017 0.3772192 0.3794434 0.4126922 0.4512001 0.3610527 0.3610527 0.3373281 0.3373281 0.0000000 0.0042959 
S0051_G5404_R1_A 2.8081427 0.4600160 0.3785527 0.3807828 0.4141019 0.4527005 0.3623481 0.3623481 0.3375642 0.3375642 0.0042959 0.0000000 
