10
S0008_G5406_R1_A 0.0000000 0.3481594 0.3412105 0.1865838 0.2442111 0.2688541 0.2688541 0.2247722 0.2598860 0.7997341 
S0039_G5406_R1_A 0.3481594 0.0000000 0.0084519 0.3931390 0.4155061 0.3408322 0.3408322 0.4024400 0.4225663 0.8946045 
S0051_G5406_R1_A 0.3412105 0.0084519 0.0000000 0.3875971 0.4114628 0.3371985 0.3371985 0.3959232 0.4120139 0.8993262 
S0027_G5406_R1_A 0.1865838 0.3931390 0.3875971 0.0000000 0.2397165 0.2796009 0.2796009 0.1988436 0.2514131 0.7574998 
S0015_G5406_R1_A 0.2442111 0.4155061 0.4114628 0.2397165 0.0000000 0.2441463 0.2441463 0.1550371 0.1093457 0.7647651 
S0009_G5406_R1_A 0.2688541 0.3408322 0.3371985 0.2796009 0.2441463 0.0000000 0.0000010 0.2201478 0.2470014 0.7933396 
S0010_G5406_R1_A 0.2688541 0.3408322 0.3371985 0.2796009 0.2441463 0.0000010 0.0000000 0.2201478 0.2470014 0.7933396 
S0014_G5406_R1_A 0.2247722 0.4024400 0.3959232 0.1988436 0.1550371 0.2201478 0.2201478 0.0000000 0.1791101 0.7390106 
S0034_G5406_R1_A 0.2598860 0.4225663 0.4120139 0.2514131 0.1093457 0.2470014 0.2470014 0.1791101 0.0000000 0.7716989 
S0003_G5406_R1_N 0.7997341 0.8946045 0.8993262 0.7574998 0.7647651 0.7933396 0.7933396 0.7390106 0.7716989 0.0000000 
