10
S0003_G5427_R1_N 0.0000000 1.0780789 1.1492938 1.0465796 1.1096113 1.1082306 1.0154103 1.0143289 1.0198802 1.0218786 
S0008_G5427_R1_A 1.0780789 0.0000000 0.1842340 0.1622097 0.2204039 0.2184055 0.1831712 0.2259361 0.3462744 0.3492758 
S0027_G5427_R1_A 1.1492938 0.1842340 0.0000000 0.1675296 0.2204754 0.2200758 0.2292625 0.2719360 0.3345446 0.3359187 
S0014_G5427_R1_A 1.0465796 0.1622097 0.1675296 0.0000000 0.2296634 0.2284257 0.2213097 0.2583154 0.3692889 0.3658137 
S0009_G5427_R1_A 1.1096113 0.2204039 0.2204754 0.2296634 0.0000000 0.0055476 0.2651448 0.3159166 0.3257848 0.3274244 
S0010_G5427_R1_A 1.1082306 0.2184055 0.2200758 0.2284257 0.0055476 0.0000000 0.2639432 0.3147294 0.3232220 0.3248447 
S0015_G5427_R1_A 1.0154103 0.1831712 0.2292625 0.2213097 0.2651448 0.2639432 0.0000000 0.1375131 0.3867018 0.3888282 
S0034_G5427_R1_A 1.0143289 0.2259361 0.2719360 0.2583154 0.3159166 0.3147294 0.1375131 0.0000000 0.4227856 0.4328551 
S0039_G5427_R1_A 1.0198802 0.3462744 0.3345446 0.3692889 0.3257848 0.3232220 0.3867018 0.4227856 0.0000000 0.0093759 
S0051_G5427_R1_A 1.0218786 0.3492758 0.3359187 0.3658137 0.3274244 0.3248447 0.3888282 0.4328551 0.0093759 0.0000000 
