13
S0014_G5430_R1_A 0.0000000 0.2395215 0.2152574 0.1641086 0.2375490 0.5774465 0.5817688 0.8463409 0.2837775 0.2756939 0.6441891 0.6774761 1.2015405 
S0027_G5430_R1_A 0.2395215 0.0000000 0.3203266 0.2843579 0.3468364 0.5062703 0.5159720 0.8975771 0.3918273 0.3884819 0.5683851 0.6067679 1.0571532 
S0015_G5430_R1_A 0.2152574 0.3203266 0.0000000 0.1750976 0.1613164 0.5860929 0.5984122 0.8382952 0.3188899 0.3105111 0.6224228 0.6370949 1.2065106 
S0008_G5430_R1_A 0.1641086 0.2843579 0.1750976 0.0000000 0.1871030 0.5861213 0.5984459 0.8173509 0.2643549 0.2574543 0.5872331 0.6227990 1.2621603 
S0034_G5430_R1_A 0.2375490 0.3468364 0.1613164 0.1871030 0.0000000 0.5777284 0.5882179 0.8941052 0.3258125 0.3183462 0.6710934 0.6878481 1.2433157 
S0039_G5430_R1_A 0.5774465 0.5062703 0.5860929 0.5861213 0.5777284 0.0000000 0.0156126 1.1408642 0.5627381 0.5688248 0.7200622 0.7798061 1.3348031 
S0051_G5430_R1_A 0.5817688 0.5159720 0.5984122 0.5984459 0.5882179 0.0156126 0.0000000 1.1540337 0.5653956 0.5715070 0.7303964 0.7936915 1.3543998 
S0010_G5430_R1_A 0.8463409 0.8975771 0.8382952 0.8173509 0.8941052 1.1408642 1.1540337 0.0000000 0.5963090 0.5955511 1.2167726 1.3043742 2.0779106 
S0009_G5430_R1_A 0.2837775 0.3918273 0.3188899 0.2643549 0.3258125 0.5627381 0.5653956 0.5963090 0.0000000 0.0137929 0.7097274 0.7317541 1.2198649 
S0010_G5430_R2_A 0.2756939 0.3884819 0.3105111 0.2574543 0.3183462 0.5688248 0.5715070 0.5955511 0.0137929 0.0000000 0.7055871 0.7263415 1.1966685 
S0015_G5430_R2_A 0.6441891 0.5683851 0.6224228 0.5872331 0.6710934 0.7200622 0.7303964 1.2167726 0.7097274 0.7055871 0.0000000 0.1643220 1.0002290 
S0034_G5430_R2_A 0.6774761 0.6067679 0.6370949 0.6227990 0.6878481 0.7798061 0.7936915 1.3043742 0.7317541 0.7263415 0.1643220 0.0000000 0.9082756 
S0003_G5430_R1_N 1.2015405 1.0571532 1.2065106 1.2621603 1.2433157 1.3348031 1.3543998 2.0779106 1.2198649 1.1966685 1.0002290 0.9082756 0.0000000 
