10
S0015_G5449_R1_A 0.0000000 0.2160569 0.3706005 0.3773423 0.2754656 0.2179402 0.2942499 0.2975144 0.2713997 1.0900844 
S0034_G5449_R1_A 0.2160569 0.0000000 0.3813579 0.3898101 0.3035037 0.2519308 0.3271054 0.3303372 0.3018561 1.0167377 
S0051_G5449_R1_A 0.3706005 0.3813579 0.0000000 0.0118566 0.3323661 0.3269946 0.3047579 0.3090950 0.3360243 1.0714436 
S0039_G5449_R1_A 0.3773423 0.3898101 0.0118566 0.0000000 0.3404035 0.3319246 0.3137133 0.3180948 0.3370943 1.0734879 
S0027_G5449_R1_A 0.2754656 0.3035037 0.3323661 0.3404035 0.0000000 0.2206239 0.2710616 0.2724994 0.2023124 0.8829228 
S0008_G5449_R1_A 0.2179402 0.2519308 0.3269946 0.3319246 0.2206239 0.0000000 0.2522219 0.2536832 0.2244593 0.9389053 
S0009_G5449_R1_A 0.2942499 0.3271054 0.3047579 0.3137133 0.2710616 0.2522219 0.0000000 0.0020062 0.2655641 0.9445100 
S0010_G5449_R1_A 0.2975144 0.3303372 0.3090950 0.3180948 0.2724994 0.2536832 0.0020062 0.0000000 0.2684334 0.9466560 
S0014_G5449_R1_A 0.2713997 0.3018561 0.3360243 0.3370943 0.2023124 0.2244593 0.2655641 0.2684334 0.0000000 0.8835957 
S0003_G5449_R1_N 1.0900844 1.0167377 1.0714436 1.0734879 0.8829228 0.9389053 0.9445100 0.9466560 0.8835957 0.0000000 
