19
S0015_G5463_R1_A 0.0000000 0.0000010 0.1764230 0.2136077 0.1785306 0.2170172 0.2121355 0.2121355 0.2170172 0.2688054 0.3255025 0.3155189 0.2909160 0.2864002 0.2998186 0.2919590 0.2887507 0.2811444 0.9368057 
S0015_G5463_R2_A 0.0000010 0.0000000 0.1764230 0.2136077 0.1785306 0.2170172 0.2121355 0.2121355 0.2170172 0.2688054 0.3255025 0.3155189 0.2909160 0.2864002 0.2998186 0.2919590 0.2887507 0.2811444 0.9368057 
S0034_G5463_R1_A 0.1764230 0.1764230 0.0000000 0.2731655 0.2410772 0.2762753 0.2710534 0.2710534 0.2762753 0.3249307 0.3873961 0.3765917 0.3715235 0.3742249 0.3863179 0.3683966 0.3771956 0.3728015 1.0788914 
S0027_G5463_R1_A 0.2136077 0.2136077 0.2731655 0.0000000 0.1756435 0.1873696 0.1874895 0.1874895 0.1873696 0.2129410 0.2947301 0.2853054 0.1364648 0.1259648 0.1371101 0.1232706 0.1244327 0.1130183 0.9107121 
S0008_G5463_R1_A 0.1785306 0.1785306 0.2410772 0.1756435 0.0000000 0.1904679 0.1856358 0.1856358 0.1904679 0.2391922 0.2574212 0.2479867 0.2723613 0.2625132 0.2730098 0.2560618 0.2760796 0.2644189 0.8885242 
S0010_G5463_R1_A 0.2170172 0.2170172 0.2762753 0.1873696 0.1904679 0.0000000 0.0075537 0.0075537 0.0000010 0.2535482 0.2504035 0.2357857 0.2826057 0.2686481 0.2831837 0.2676664 0.2784462 0.2766799 0.9663861 
S0009_G5463_R1_A 0.2121355 0.2121355 0.2710534 0.1874895 0.1856358 0.0075537 0.0000000 0.0000010 0.0075537 0.2537224 0.2477066 0.2331162 0.2828011 0.2688336 0.2833800 0.2678505 0.2786408 0.2769015 0.9563648 
S0009_G5463_R2_A 0.2121355 0.2121355 0.2710534 0.1874895 0.1856358 0.0075537 0.0000010 0.0000000 0.0075537 0.2537224 0.2477066 0.2331162 0.2828011 0.2688336 0.2833800 0.2678505 0.2786408 0.2769015 0.9563648 
S0010_G5463_R2_A 0.2170172 0.2170172 0.2762753 0.1873696 0.1904679 0.0000010 0.0075537 0.0075537 0.0000000 0.2535482 0.2504035 0.2357857 0.2826057 0.2686481 0.2831837 0.2676664 0.2784462 0.2766799 0.9663861 
S0014_G5463_R1_A 0.2688054 0.2688054 0.3249307 0.2129410 0.2391922 0.2535482 0.2537224 0.2537224 0.2535482 0.0000000 0.3739522 0.3633541 0.3175964 0.3025944 0.3223156 0.3118918 0.3228205 0.3031556 1.0719650 
S0039_G5463_R1_A 0.3255025 0.3255025 0.3873961 0.2947301 0.2574212 0.2504035 0.2477066 0.2477066 0.2504035 0.3739522 0.0000000 0.0106470 0.3999761 0.3933397 0.4120120 0.3861868 0.3877916 0.3820555 0.9569733 
S0051_G5463_R1_A 0.3155189 0.3155189 0.3765917 0.2853054 0.2479867 0.2357857 0.2331162 0.2331162 0.2357857 0.3633541 0.0106470 0.0000000 0.3893888 0.3827242 0.4012706 0.3825088 0.3841015 0.3739267 0.9422786 
S0027_G5463_R3_A 0.2909160 0.2909160 0.3715235 0.1364648 0.2723613 0.2826057 0.2828011 0.2828011 0.2826057 0.3175964 0.3999761 0.3893888 0.0000000 0.0765013 0.0761553 0.0825080 0.0938160 0.0694701 0.9599580 
S0027_G5463_R9_A 0.2864002 0.2864002 0.3742249 0.1259648 0.2625132 0.2686481 0.2688336 0.2688336 0.2686481 0.3025944 0.3933397 0.3827242 0.0765013 0.0000000 0.0724535 0.0724641 0.0751301 0.0603098 0.9465981 
S0027_G5463_R4_A 0.2998186 0.2998186 0.3863179 0.1371101 0.2730098 0.2831837 0.2833800 0.2833800 0.2831837 0.3223156 0.4120120 0.4012706 0.0761553 0.0724535 0.0000000 0.0868694 0.0788780 0.0746185 0.9980023 
S0027_G5463_R8_A 0.2919590 0.2919590 0.3683966 0.1232706 0.2560618 0.2676664 0.2678505 0.2678505 0.2676664 0.3118918 0.3861868 0.3825088 0.0825080 0.0724641 0.0868694 0.0000000 0.0790752 0.0769895 0.9739030 
S0027_G5463_R5_A 0.2887507 0.2887507 0.3771956 0.1244327 0.2760796 0.2784462 0.2786408 0.2786408 0.2784462 0.3228205 0.3877916 0.3841015 0.0938160 0.0751301 0.0788780 0.0790752 0.0000000 0.0825617 0.9717987 
S0027_G5463_R7_A 0.2811444 0.2811444 0.3728015 0.1130183 0.2644189 0.2766799 0.2769015 0.2769015 0.2766799 0.3031556 0.3820555 0.3739267 0.0694701 0.0603098 0.0746185 0.0769895 0.0825617 0.0000000 0.9611862 
S0003_G5463_R1_N 0.9368057 0.9368057 1.0788914 0.9107121 0.8885242 0.9663861 0.9563648 0.9563648 0.9663861 1.0719650 0.9569733 0.9422786 0.9599580 0.9465981 0.9980023 0.9739030 0.9717987 0.9611862 0.0000000 
