10
S0010_G5469_R1_A 0.0000000 0.0072543 0.3922459 0.3589774 0.4206942 0.4337674 0.4010869 0.4013237 0.3996583 0.8693472 
S0009_G5469_R1_A 0.0072543 0.0000000 0.3993309 0.3627460 0.4266558 0.4369814 0.4073908 0.4089283 0.4042563 0.8779842 
S0027_G5469_R1_A 0.3922459 0.3993309 0.0000000 0.2919657 0.3573532 0.3088454 0.2636602 0.6779123 0.6768402 0.9137689 
S0008_G5469_R1_A 0.3589774 0.3627460 0.2919657 0.0000000 0.3095139 0.2615479 0.2781928 0.6018608 0.6045070 0.8999837 
S0034_G5469_R1_A 0.4206942 0.4266558 0.3573532 0.3095139 0.0000000 0.2414435 0.3473693 0.6666017 0.6832111 0.9875282 
S0015_G5469_R1_A 0.4337674 0.4369814 0.3088454 0.2615479 0.2414435 0.0000000 0.2960742 0.6227722 0.6244070 0.8383378 
S0014_G5469_R1_A 0.4010869 0.4073908 0.2636602 0.2781928 0.3473693 0.2960742 0.0000000 0.6345645 0.6489220 0.7896405 
S0051_G5469_R1_A 0.4013237 0.4089283 0.6779123 0.6018608 0.6666017 0.6227722 0.6345645 0.0000000 0.0158689 0.8879630 
S0039_G5469_R1_A 0.3996583 0.4042563 0.6768402 0.6045070 0.6832111 0.6244070 0.6489220 0.0158689 0.0000000 0.9056324 
S0003_G5469_R1_N 0.8693472 0.8779842 0.9137689 0.8999837 0.9875282 0.8383378 0.7896405 0.8879630 0.9056324 0.0000000 
