10
S0039_G5477_R1_A 0.0000000 0.0310333 0.5617147 0.5644958 0.4758592 0.4883327 0.5472891 0.5096222 0.4253265 1.0883964 
S0051_G5477_R1_A 0.0310333 0.0000000 0.5789998 0.5725409 0.5059013 0.5140972 0.5707210 0.5281098 0.4351185 1.1047571 
S0015_G5477_R1_A 0.5617147 0.5789998 0.0000000 0.1663919 0.2856910 0.2976574 0.1898300 0.2531442 0.2640672 0.9424721 
S0034_G5477_R1_A 0.5644958 0.5725409 0.1663919 0.0000000 0.3229407 0.3359147 0.2209406 0.3015140 0.2860708 1.0420969 
S0009_G5477_R1_A 0.4758592 0.5059013 0.2856910 0.3229407 0.0000000 0.0330888 0.2691797 0.3100556 0.3146515 1.0143535 
S0010_G5477_R1_A 0.4883327 0.5140972 0.2976574 0.3359147 0.0330888 0.0000000 0.2808581 0.3114099 0.3322273 1.0032651 
S0008_G5477_R1_A 0.5472891 0.5707210 0.1898300 0.2209406 0.2691797 0.2808581 0.0000000 0.2291660 0.2775012 0.8690581 
S0014_G5477_R1_A 0.5096222 0.5281098 0.2531442 0.3015140 0.3100556 0.3114099 0.2291660 0.0000000 0.2026765 0.7578448 
S0027_G5477_R1_A 0.4253265 0.4351185 0.2640672 0.2860708 0.3146515 0.3322273 0.2775012 0.2026765 0.0000000 0.8302342 
S0003_G5477_R1_N 1.0883964 1.1047571 0.9424721 1.0420969 1.0143535 1.0032651 0.8690581 0.7578448 0.8302342 0.0000000 
