37
S0009_G5528_R4_A  0.0000000 0.0039168 0.0039168 0.1571738 0.1917381 0.7545739 1.0810181 1.0643564 0.9982781 1.0056092 1.0998332 1.0842823 1.0992119 0.9364896 0.8353546 0.8302245 0.8317134 1.2081307 1.1391525 0.9929381 0.9460971 0.9578669 0.9207190 0.8481377 0.8358726 0.8652086 0.8398089 0.8177407 0.8177407 0.9080710 0.9041884 0.8655595 0.8393328 1.0222672 1.0261198 1.0243362 1.1982827 
S0010_G5528_R8_A  0.0039168 0.0000000 0.0000010 0.1568464 0.1913275 0.7617595 1.0864231 1.0696008 1.0031818 1.0105599 1.1065607 1.0908080 1.1059828 0.9364896 0.8425130 0.8372821 0.8388894 1.2145376 1.1503427 1.0012791 0.9541818 0.9660483 0.9238287 0.8553023 0.8431424 0.8726189 0.8532229 0.8308099 0.8308099 0.9112441 0.9002035 0.8732748 0.8535193 1.0261198 1.0300072 1.0282303 1.2160806 
S0010_G5528_R7_A  0.0039168 0.0000010 0.0000000 0.1582585 0.1897977 0.7496375 1.0784233 1.0765188 1.0064332 1.0137113 1.0755252 1.0605935 1.0747481 0.9401386 0.8425130 0.8372821 0.8388894 1.2071237 1.1519055 1.0115815 0.9550659 0.9668623 0.9395603 0.8495930 0.8374352 0.8665935 0.8475122 0.8254067 0.8254067 0.9041132 0.8934422 0.8856506 0.8659183 1.0205764 1.0243846 1.0226116 1.2395950 
S0015_G5528_R2_A  0.1571738 0.1568464 0.1582585 0.0000000 0.1345764 0.7356514 1.1971107 1.1776617 1.0714746 1.0792332 1.1907941 1.1721653 1.1908262 1.0337193 0.8532429 0.8475965 0.8494665 1.2563557 1.0711194 1.0511013 0.9910687 0.9918078 0.9973152 0.8513374 0.8900789 0.9052120 0.8714658 0.8481899 0.8481899 0.9615194 0.8956251 0.8870007 0.8671574 1.1370285 1.1244687 1.1290683 1.3374045 
S0034_G5528_R3_A  0.1917381 0.1913275 0.1897977 0.1345764 0.0000000 0.7673617 1.1775850 1.2244610 1.1079874 1.1157296 1.1529756 1.1360886 1.1527227 1.1330338 0.8484970 0.8520195 0.8448079 1.2326134 1.0588507 1.0967031 1.0488941 1.0612137 1.0269201 0.9234844 0.9347514 0.9500266 0.9213756 0.9029590 0.9029590 0.9760746 0.9083152 0.9865170 0.9652812 1.0975701 1.1105963 1.1150605 1.3392323 
S0034_G5528_R5_A  0.7545739 0.7617595 0.7496375 0.7356514 0.7673617 0.0000000 1.1211594 1.0898998 0.9023339 0.9090594 0.9409889 0.9653831 0.9610831 1.0063560 0.9182264 0.9142239 0.9242809 1.1532406 1.1101176 1.0028417 0.9916337 0.9708599 1.0427066 0.8408092 0.8451380 0.8762911 0.9127490 0.8873362 0.8873362 0.9103663 0.9210790 0.9103638 0.8913007 1.2229874 1.2229874 1.2286094 1.4316212 
S0027_G5528_R1_A  1.0810181 1.0864231 1.0784233 1.1971107 1.1775850 1.1211594 0.0000000 0.1903454 0.3442881 0.3389598 0.3240372 0.3208468 0.3261195 0.2610227 0.3556646 0.3500412 0.3577030 0.6025628 1.1189537 0.9433690 0.8847080 0.9187551 1.0302307 0.8251451 0.8312490 0.8470450 0.8357595 0.8107593 0.8107593 0.9296665 0.8841154 0.8598089 0.8732529 0.9636248 0.9636248 0.9653121 1.1623695 
S0034_G5528_R6_A  1.0643564 1.0696008 1.0765188 1.1776617 1.2244610 1.0898998 0.1903454 0.0000000 0.3909491 0.3851164 0.3528801 0.3443046 0.3448522 0.2619453 0.3142163 0.3093778 0.3159658 0.6703768 1.1159455 0.9428816 0.9060125 0.9379797 1.0085448 0.7956403 0.8431099 0.8312962 0.8278796 0.8028550 0.8028550 0.8921953 0.8808090 0.8438525 0.8635557 1.0403736 1.0403736 1.0384661 1.0902764 
S0039_G5528_R2_A  0.9982781 1.0031818 1.0064332 1.0714746 1.1079874 0.9023339 0.3442881 0.3909491 0.0000000 0.0073646 0.2660909 0.2591972 0.2630085 0.1426845 0.2145194 0.2111659 0.2157261 0.5568467 1.0719987 0.8721513 0.8236188 0.8015519 0.9167920 0.7378350 0.7096114 0.7671666 0.7407649 0.7231136 0.7231136 0.8729082 0.6995008 0.7748115 0.7872137 0.9782545 0.9741166 0.9718178 1.0517181 
S0051_G5528_R2_A  1.0056092 1.0105599 1.0137113 1.0792332 1.1157296 0.9090594 0.3389598 0.3851164 0.0073646 0.0000000 0.2654040 0.2585371 0.2623282 0.1426845 0.2204641 0.2170110 0.2217070 0.5552923 1.0572900 0.8675931 0.8263134 0.8042862 0.9193336 0.7457463 0.7174769 0.7726906 0.7559713 0.7379661 0.7379661 0.8822714 0.7072294 0.7833506 0.8035167 0.9985319 0.9942444 0.9920098 1.0565906 
S0009_G5528_R2_A  1.0998332 1.1065607 1.0755252 1.1907941 1.1529756 0.9409889 0.3240372 0.3528801 0.2660909 0.2654040 0.0000000 0.0120029 0.0120398 0.1645292 0.0000010 0.0000010 0.0000010 0.5353393 0.9656491 0.7697479 0.7125640 0.7192251 0.8620322 0.6972110 0.6688316 0.6721624 0.6682870 0.6550562 0.6550562 0.7865266 0.6585004 0.7145764 0.7222944 0.8940959 0.8940959 0.8910776 0.9226039 
S0010_G5528_R3_A  1.0842823 1.0908080 1.0605935 1.1721653 1.1360886 0.9653831 0.3208468 0.3443046 0.2591972 0.2585371 0.0120029 0.0000000 0.0000010 0.1549611 0.0000010 0.0000010 0.0000010 0.5286974 0.9884558 0.7988837 0.7297707 0.7365043 0.8646502 0.7039835 0.6828940 0.6792080 0.6751891 0.6619274 0.6619274 0.7932903 0.6517347 0.7216167 0.7293166 0.9183756 0.9183756 0.9154732 0.9311872 
S0010_G5528_R4_A  1.0992119 1.1059828 1.0747481 1.1908262 1.1527227 0.9610831 0.3261195 0.3448522 0.2630085 0.2623282 0.0120398 0.0000010 0.0000000 0.1572215 0.0000010 0.0000010 0.0000010 0.5378241 0.9844269 0.7717201 0.7143759 0.7210553 0.8473766 0.6989657 0.6731339 0.6739047 0.6798904 0.6663694 0.6663694 0.7885785 0.6489242 0.7194327 0.7272200 0.9142302 0.9142302 0.9112853 0.9251968 
S0015_G5528_R3_A  0.9364896 0.9364896 0.9401386 1.0337193 1.1330338 1.0063560 0.2610227 0.2619453 0.1426845 0.1426845 0.1645292 0.1549611 0.1572215 0.0000000 0.0722869 0.0710543 0.0727277 0.4134427 0.9054472 0.6838852 0.6183768 0.6282617 0.7450113 0.6314405 0.5621412 0.6121207 0.5941184 0.5674843 0.5674843 0.7132464 0.5617258 0.6023491 0.6033411 0.8166726 0.8166726 0.8131388 0.8619525 
S0009_G5528_R5_A  0.8353546 0.8425130 0.8425130 0.8532429 0.8484970 0.9182264 0.3556646 0.3142163 0.2145194 0.2204641 0.0000010 0.0000010 0.0000010 0.0722869 0.0000000 0.0000010 0.0000010 0.3363430 0.9390982 0.8872924 0.8413885 0.8115042 0.9387877 0.6621655 0.6434448 0.6175540 0.6852754 0.6743664 0.6743664 0.7066048 0.7247436 0.7592935 0.7615330 1.1180224 1.1180224 1.1157633 0.9439134 
S0010_G5528_R9_A  0.8302245 0.8372821 0.8372821 0.8475965 0.8520195 0.9142239 0.3500412 0.3093778 0.2111659 0.2170110 0.0000010 0.0000010 0.0000010 0.0710543 0.0000010 0.0000000 0.0000010 0.3310789 0.9348653 0.8818004 0.8365033 0.8070063 0.9413647 0.6597577 0.6411911 0.6187797 0.6923848 0.6717456 0.6717456 0.7032993 0.7213585 0.7553200 0.7575183 1.1071566 1.1071566 1.1048678 0.9230188 
S0010_G5528_R10_A 0.8317134 0.8388894 0.8388894 0.8494665 0.8448079 0.9242809 0.3577030 0.3159658 0.2157261 0.2217070 0.0000010 0.0000010 0.0000010 0.0727277 0.0000010 0.0000010 0.0000000 0.3382490 0.9452970 0.8924058 0.8461984 0.8161214 0.9354016 0.6655489 0.6468107 0.6206280 0.6889258 0.6779215 0.6779215 0.7107360 0.7288009 0.7637423 0.7660098 1.1264490 1.1264490 1.1242259 0.9394463 
S0003_G5528_R2_N  1.2081307 1.2145376 1.2071237 1.2563557 1.2326134 1.1532406 0.6025628 0.6703768 0.5568467 0.5552923 0.5353393 0.5286974 0.5378241 0.4134427 0.3363430 0.3310789 0.3382490 0.0000000 1.0544491 0.9105294 0.9245703 0.9056611 1.0183537 0.7812320 0.8128866 0.8292301 0.7709782 0.7435754 0.7435754 0.9044107 0.8132114 0.8263535 0.8211094 1.0380937 1.0348629 1.0498256 1.0867191 
S0003_G5528_R3_N  1.1391525 1.1503427 1.1519055 1.0711194 1.0588507 1.1101176 1.1189537 1.1159455 1.0719987 1.0572900 0.9656491 0.9884558 0.9844269 0.9054472 0.9390982 0.9348653 0.9452970 1.0544491 0.0000000 1.0859199 1.1064984 1.1045018 1.2098963 0.9290251 0.9813811 0.9832767 1.0064974 0.9940319 0.9940319 0.9961934 1.1081274 1.0004714 0.9890791 1.2426687 1.2426687 1.2355124 1.1925750 
S0008_G5528_R1_A  0.9929381 1.0012791 1.0115815 1.0511013 1.0967031 1.0028417 0.9433690 0.9428816 0.8721513 0.8675931 0.7697479 0.7988837 0.7717201 0.6838852 0.8872924 0.8818004 0.8924058 0.9105294 1.0859199 0.0000000 0.1328040 0.1264871 0.1407423 0.2549069 0.2945198 0.2991011 0.3209724 0.3187735 0.3187735 0.3339015 0.4464677 0.3977320 0.3972691 0.5129949 0.5138731 0.5178736 0.8162167 
S0014_G5528_R1_A  0.9460971 0.9541818 0.9550659 0.9910687 1.0488941 0.9916337 0.8847080 0.9060125 0.8236188 0.8263134 0.7125640 0.7297707 0.7143759 0.6183768 0.8413885 0.8365033 0.8461984 0.9245703 1.1064984 0.1328040 0.0000000 0.1035235 0.1569818 0.2817124 0.3233569 0.3253025 0.3504572 0.3481423 0.3481423 0.3599534 0.4670981 0.4257626 0.4212785 0.5572427 0.5570681 0.5614046 0.8596338 
S0027_G5528_R2_A  0.9578669 0.9660483 0.9668623 0.9918078 1.0612137 0.9708599 0.9187551 0.9379797 0.8015519 0.8042862 0.7192251 0.7365043 0.7210553 0.6282617 0.8115042 0.8070063 0.8161214 0.9056611 1.1045018 0.1264871 0.1035235 0.0000000 0.1585530 0.2828645 0.3220029 0.3142521 0.3403800 0.3380950 0.3380950 0.3490824 0.4632873 0.4061554 0.4069479 0.5446421 0.5455334 0.5498037 0.8194566 
S0034_G5528_R1_A  0.9207190 0.9238287 0.9395603 0.9973152 1.0269201 1.0427066 1.0302307 1.0085448 0.9167920 0.9193336 0.8620322 0.8646502 0.8473766 0.7450113 0.9387877 0.9413647 0.9354016 1.0183537 1.2098963 0.1407423 0.1569818 0.1585530 0.0000000 0.3095992 0.3268487 0.3331186 0.3528407 0.3528564 0.3528564 0.3739731 0.4822982 0.4336535 0.4305141 0.5680693 0.5674091 0.5701383 0.8479875 
S0008_G5528_R2_A  0.8481377 0.8553023 0.8495930 0.8513374 0.9234844 0.8408092 0.8251451 0.7956403 0.7378350 0.7457463 0.6972110 0.7039835 0.6989657 0.6314405 0.6621655 0.6597577 0.6655489 0.7812320 0.9290251 0.2549069 0.2817124 0.2828645 0.3095992 0.0000000 0.1226333 0.1317726 0.1531299 0.1504573 0.1504573 0.1615234 0.2559280 0.2328722 0.2338665 0.3301113 0.3298174 0.3327310 0.7329788 
S0027_G5528_R3_A  0.8358726 0.8431424 0.8374352 0.8900789 0.9347514 0.8451380 0.8312490 0.8431099 0.7096114 0.7174769 0.6688316 0.6828940 0.6731339 0.5621412 0.6434448 0.6411911 0.6468107 0.8128866 0.9813811 0.2945198 0.3233569 0.3220029 0.3268487 0.1226333 0.0000000 0.1609962 0.1605404 0.1569256 0.1569256 0.1721529 0.2355860 0.2422823 0.2411283 0.3545411 0.3542109 0.3573118 0.7636441 
S0015_G5528_R1_A  0.8652086 0.8726189 0.8665935 0.9052120 0.9500266 0.8762911 0.8470450 0.8312962 0.7671666 0.7726906 0.6721624 0.6792080 0.6739047 0.6121207 0.6175540 0.6187797 0.6206280 0.8292301 0.9832767 0.2991011 0.3253025 0.3142521 0.3331186 0.1317726 0.1609962 0.0000000 0.1972698 0.1954593 0.1954593 0.1374386 0.2775809 0.2620214 0.2640489 0.3876307 0.3872588 0.3905266 0.7589505 
S0009_G5528_R3_A  0.8398089 0.8532229 0.8475122 0.8714658 0.9213756 0.9127490 0.8357595 0.8278796 0.7407649 0.7559713 0.6682870 0.6751891 0.6798904 0.5941184 0.6852754 0.6923848 0.6889258 0.7709782 1.0064974 0.3209724 0.3504572 0.3403800 0.3528407 0.1531299 0.1605404 0.1972698 0.0000000 0.0050128 0.0050128 0.2197001 0.2816752 0.2294691 0.2283533 0.2408574 0.2396265 0.2432148 0.7566170 
S0010_G5528_R5_A  0.8177407 0.8308099 0.8254067 0.8481899 0.9029590 0.8873362 0.8107593 0.8028550 0.7231136 0.7379661 0.6550562 0.6619274 0.6663694 0.5674843 0.6743664 0.6717456 0.6779215 0.7435754 0.9940319 0.3187735 0.3481423 0.3380950 0.3528564 0.1504573 0.1569256 0.1954593 0.0050128 0.0000000 0.0000010 0.2177058 0.2795204 0.2274121 0.2263002 0.2397702 0.2385419 0.2421231 0.7474345 
S0010_G5528_R6_A  0.8177407 0.8308099 0.8254067 0.8481899 0.9029590 0.8873362 0.8107593 0.8028550 0.7231136 0.7379661 0.6550562 0.6619274 0.6663694 0.5674843 0.6743664 0.6717456 0.6779215 0.7435754 0.9940319 0.3187735 0.3481423 0.3380950 0.3528564 0.1504573 0.1569256 0.1954593 0.0050128 0.0000010 0.0000000 0.2177058 0.2795204 0.2274121 0.2263002 0.2397702 0.2385419 0.2421231 0.7474345 
S0034_G5528_R4_A  0.9080710 0.9112441 0.9041132 0.9615194 0.9760746 0.9103663 0.9296665 0.8921953 0.8729082 0.8822714 0.7865266 0.7932903 0.7885785 0.7132464 0.7066048 0.7032993 0.7107360 0.9044107 0.9961934 0.3339015 0.3599534 0.3490824 0.3739731 0.1615234 0.1721529 0.1374386 0.2197001 0.2177058 0.2177058 0.0000000 0.2936708 0.2772506 0.2826335 0.4133089 0.4128947 0.4163659 0.8387606 
S0014_G5528_R4_A  0.9041884 0.9002035 0.8934422 0.8956251 0.9083152 0.9210790 0.8841154 0.8808090 0.6995008 0.7072294 0.6585004 0.6517347 0.6489242 0.5617258 0.7247436 0.7213585 0.7288009 0.8132114 1.1081274 0.4464677 0.4670981 0.4632873 0.4822982 0.2559280 0.2355860 0.2775809 0.2816752 0.2795204 0.2795204 0.2936708 0.0000000 0.3708280 0.3729800 0.4637993 0.4620614 0.4671121 0.8642094 
S0039_G5528_R1_A  0.8655595 0.8732748 0.8856506 0.8870007 0.9865170 0.9103638 0.8598089 0.8438525 0.7748115 0.7833506 0.7145764 0.7216167 0.7194327 0.6023491 0.7592935 0.7553200 0.7637423 0.8263535 1.0004714 0.3977320 0.4257626 0.4061554 0.4336535 0.2328722 0.2422823 0.2620214 0.2294691 0.2274121 0.2274121 0.2772506 0.3708280 0.0000000 0.0117105 0.4372077 0.4367554 0.4391756 0.7870369 
S0051_G5528_R1_A  0.8393328 0.8535193 0.8659183 0.8671574 0.9652812 0.8913007 0.8732529 0.8635557 0.7872137 0.8035167 0.7222944 0.7293166 0.7272200 0.6033411 0.7615330 0.7575183 0.7660098 0.8211094 0.9890791 0.3972691 0.4212785 0.4069479 0.4305141 0.2338665 0.2411283 0.2640489 0.2283533 0.2263002 0.2263002 0.2826335 0.3729800 0.0117105 0.0000000 0.4322403 0.4317959 0.4341890 0.7847462 
S0009_G5528_R1_A  1.0222672 1.0261198 1.0205764 1.1370285 1.0975701 1.2229874 0.9636248 1.0403736 0.9782545 0.9985319 0.8940959 0.9183756 0.9142302 0.8166726 1.1180224 1.1071566 1.1264490 1.0380937 1.2426687 0.5129949 0.5572427 0.5446421 0.5680693 0.3301113 0.3545411 0.3876307 0.2408574 0.2397702 0.2397702 0.4133089 0.4637993 0.4372077 0.4322403 0.0000000 0.0021665 0.0058034 0.8990299 
S0010_G5528_R2_A  1.0261198 1.0300072 1.0243846 1.1244687 1.1105963 1.2229874 0.9636248 1.0403736 0.9741166 0.9942444 0.8940959 0.9183756 0.9142302 0.8166726 1.1180224 1.1071566 1.1264490 1.0348629 1.2426687 0.5138731 0.5570681 0.5455334 0.5674091 0.3298174 0.3542109 0.3872588 0.2396265 0.2385419 0.2385419 0.4128947 0.4620614 0.4367554 0.4317959 0.0021665 0.0000000 0.0050727 0.9012711 
S0010_G5528_R1_A  1.0243362 1.0282303 1.0226116 1.1290683 1.1150605 1.2286094 0.9653121 1.0384661 0.9718178 0.9920098 0.8910776 0.9154732 0.9112853 0.8131388 1.1157633 1.1048678 1.1242259 1.0498256 1.2355124 0.5178736 0.5614046 0.5498037 0.5701383 0.3327310 0.3573118 0.3905266 0.2432148 0.2421231 0.2421231 0.4163659 0.4671121 0.4391756 0.4341890 0.0058034 0.0050727 0.0000000 0.9048289 
S0003_G5528_R1_N  1.1982827 1.2160806 1.2395950 1.3374045 1.3392323 1.4316212 1.1623695 1.0902764 1.0517181 1.0565906 0.9226039 0.9311872 0.9251968 0.8619525 0.9439134 0.9230188 0.9394463 1.0867191 1.1925750 0.8162167 0.8596338 0.8194566 0.8479875 0.7329788 0.7636441 0.7589505 0.7566170 0.7474345 0.7474345 0.8387606 0.8642094 0.7870369 0.7847462 0.8990299 0.9012711 0.9048289 0.0000000 
