12
S0027_G5554_R1_A 0.0000000 0.1130874 0.1457622 0.1058448 0.2934792 0.2892360 0.1388340 0.1356316 0.1704312 0.6648928 0.1209161 0.8675056 
S0008_G5554_R1_A 0.1130874 0.0000000 0.1216020 0.1078714 0.2888851 0.2847634 0.1383167 0.1351267 0.1510637 0.6324727 0.1249417 0.9349762 
S0034_G5554_R1_A 0.1457622 0.1216020 0.0000000 0.1421579 0.3167971 0.3145614 0.1811337 0.1777932 0.1372226 0.6541603 0.1667900 0.9412088 
S0014_G5554_R1_A 0.1058448 0.1078714 0.1421579 0.0000000 0.2645913 0.2668483 0.1433543 0.1399315 0.1622035 0.6606680 0.0063299 0.8464942 
S0051_G5554_R1_A 0.2934792 0.2888851 0.3167971 0.2645913 0.0000000 0.0548865 0.2609410 0.2568605 0.3141632 0.7462709 0.2639439 1.1628066 
S0039_G5554_R1_A 0.2892360 0.2847634 0.3145614 0.2668483 0.0548865 0.0000000 0.2574284 0.2533850 0.3095327 0.6920821 0.2633465 1.1455400 
S0009_G5554_R1_A 0.1388340 0.1383167 0.1811337 0.1433543 0.2609410 0.2574284 0.0000000 0.0038219 0.1703674 0.7004066 0.1298424 0.9775405 
S0010_G5554_R1_A 0.1356316 0.1351267 0.1777932 0.1399315 0.2568605 0.2533850 0.0038219 0.0000000 0.1669067 0.7078530 0.1263070 0.9837654 
S0015_G5554_R1_A 0.1704312 0.1510637 0.1372226 0.1622035 0.3141632 0.3095327 0.1703674 0.1669067 0.0000000 0.6805428 0.1586229 1.0459556 
S0003_G5554_R1_N 0.6648928 0.6324727 0.6541603 0.6606680 0.7462709 0.6920821 0.7004066 0.7078530 0.6805428 0.0000000 0.5772806 1.3439055 
S0014_G5554_R2_A 0.1209161 0.1249417 0.1667900 0.0063299 0.2639439 0.2633465 0.1298424 0.1263070 0.1586229 0.5772806 0.0000000 0.9779610 
S0003_G5554_R2_N 0.8675056 0.9349762 0.9412088 0.8464942 1.1628066 1.1455400 0.9775405 0.9837654 1.0459556 1.3439055 0.9779610 0.0000000 
