7
S0039_G5551_R1_A 0.0000000 0.0098401 0.7057405 0.7839275 0.8704080 0.6391762 1.1359632 
S0051_G5551_R1_A 0.0098401 0.0000000 0.7055484 0.7716997 0.8664417 0.6307991 1.1395290 
S0008_G5551_R1_A 0.7057405 0.7055484 0.0000000 0.5017054 0.1997202 0.5320611 1.0306273 
S0014_G5551_R1_A 0.7839275 0.7716997 0.5017054 0.0000000 0.5749572 0.3708328 0.9777499 
S0015_G5551_R1_A 0.8704080 0.8664417 0.1997202 0.5749572 0.0000000 0.6215240 1.0459398 
S0027_G5551_R1_A 0.6391762 0.6307991 0.5320611 0.3708328 0.6215240 0.0000000 1.0315741 
S0003_G5551_R1_N 1.1359632 1.1395290 1.0306273 0.9777499 1.0459398 1.0315741 0.0000000 
