10
S0009_G5599_R1_A 0.0000000 0.0052369 0.2050915 0.2153528 0.2119480 0.2925458 0.2758685 0.3833303 0.3873152 0.8906176 
S0010_G5599_R1_A 0.0052369 0.0000000 0.2034838 0.2111181 0.2099173 0.2826506 0.2772379 0.3864536 0.3904534 0.8767938 
S0008_G5599_R1_A 0.2050915 0.2034838 0.0000000 0.1556588 0.1434248 0.2035603 0.1845155 0.4130658 0.4143483 0.8724128 
S0014_G5599_R1_A 0.2153528 0.2111181 0.1556588 0.0000000 0.1517504 0.2357822 0.2280005 0.4091115 0.4127005 0.9000222 
S0027_G5599_R1_A 0.2119480 0.2099173 0.1434248 0.1517504 0.0000000 0.2207261 0.2092809 0.3813444 0.3867516 0.9244423 
S0034_G5599_R1_A 0.2925458 0.2826506 0.2035603 0.2357822 0.2207261 0.0000000 0.1748487 0.4420980 0.4484089 0.9286571 
S0015_G5599_R1_A 0.2758685 0.2772379 0.1845155 0.2280005 0.2092809 0.1748487 0.0000000 0.4053897 0.4066777 0.9624293 
S0039_G5599_R1_A 0.3833303 0.3864536 0.4130658 0.4091115 0.3813444 0.4420980 0.4053897 0.0000000 0.0132005 0.9762223 
S0051_G5599_R1_A 0.3873152 0.3904534 0.4143483 0.4127005 0.3867516 0.4484089 0.4066777 0.0132005 0.0000000 0.9852331 
S0003_G5599_R1_N 0.8906176 0.8767938 0.8724128 0.9000222 0.9244423 0.9286571 0.9624293 0.9762223 0.9852331 0.0000000 
