10
S0014_G5614_R1_A 0.0000000 0.1113471 0.0997094 0.1668761 0.1698398 0.1736123 0.1736123 0.4795669 0.4831508 1.1242688 
S0008_G5614_R1_A 0.1113471 0.0000000 0.1201804 0.1603225 0.1544992 0.1809054 0.1800500 0.4980468 0.5003596 1.1330273 
S0027_G5614_R1_A 0.0997094 0.1201804 0.0000000 0.1806015 0.1767808 0.1840746 0.1831795 0.5015523 0.5027060 1.2357500 
S0034_G5614_R1_A 0.1668761 0.1603225 0.1806015 0.0000000 0.1152260 0.2373111 0.2363203 0.5199659 0.5250848 1.1618542 
S0015_G5614_R1_A 0.1698398 0.1544992 0.1767808 0.1152260 0.0000000 0.2299502 0.2289787 0.5454814 0.5466552 1.1780340 
S0009_G5614_R1_A 0.1736123 0.1809054 0.1840746 0.2373111 0.2299502 0.0000000 0.0004539 0.5246055 0.5338006 1.1810203 
S0010_G5614_R1_A 0.1736123 0.1800500 0.1831795 0.2363203 0.2289787 0.0004539 0.0000000 0.5239241 0.5331066 1.1828718 
S0039_G5614_R1_A 0.4795669 0.4980468 0.5015523 0.5199659 0.5454814 0.5246055 0.5239241 0.0000000 0.0088203 1.0754732 
S0051_G5614_R1_A 0.4831508 0.5003596 0.5027060 0.5250848 0.5466552 0.5338006 0.5331066 0.0088203 0.0000000 1.0761733 
S0003_G5614_R1_N 1.1242688 1.1330273 1.2357500 1.1618542 1.1780340 1.1810203 1.1828718 1.0754732 1.0761733 0.0000000 
