12
S0051_G5639_R1_A 0.0000000 0.0172404 0.3536098 0.3417758 0.3359930 0.4061760 0.3927769 0.4297069 0.4609397 0.6401472 0.7299686 0.8363573 
S0039_G5639_R1_A 0.0172404 0.0000000 0.3636176 0.3512279 0.3453671 0.4095159 0.3974066 0.4411688 0.4704324 0.6417658 0.7302079 0.8441103 
S0051_G5639_R2_A 0.3536098 0.3636176 0.0000000 0.7197612 0.7102028 0.8404450 0.8358960 0.8520008 0.9428428 1.1570699 1.1879153 1.2585644 
S0010_G5639_R1_A 0.3417758 0.3512279 0.7197612 0.0000000 0.0123727 0.2504442 0.2662000 0.2727053 0.3388483 0.5057481 0.7301889 0.8015728 
S0009_G5639_R1_A 0.3359930 0.3453671 0.7102028 0.0123727 0.0000000 0.2540249 0.2706143 0.2759485 0.3416304 0.4945537 0.7218605 0.7898069 
S0015_G5639_R2_A 0.4061760 0.4095159 0.8404450 0.2504442 0.2540249 0.0000000 0.2385001 0.2181328 0.3280079 0.4710309 0.8195439 0.9032738 
S0014_G5639_R1_A 0.3927769 0.3974066 0.8358960 0.2662000 0.2706143 0.2385001 0.0000000 0.2301652 0.2614305 0.5063766 0.7780041 0.8279233 
S0008_G5639_R1_A 0.4297069 0.4411688 0.8520008 0.2727053 0.2759485 0.2181328 0.2301652 0.0000000 0.3049973 0.4957190 0.8154164 0.8682199 
S0027_G5639_R1_A 0.4609397 0.4704324 0.9428428 0.3388483 0.3416304 0.3280079 0.2614305 0.3049973 0.0000000 0.4575890 0.7471770 0.8446281 
S0015_G5639_R1_A 0.6401472 0.6417658 1.1570699 0.5057481 0.4945537 0.4710309 0.5063766 0.4957190 0.4575890 0.0000000 0.9272073 0.9904377 
S0003_G5639_R1_N 0.7299686 0.7302079 1.1879153 0.7301889 0.7218605 0.8195439 0.7780041 0.8154164 0.7471770 0.9272073 0.0000000 0.1022129 
S0003_G5639_R2_N 0.8363573 0.8441103 1.2585644 0.8015728 0.7898069 0.9032738 0.8279233 0.8682199 0.8446281 0.9904377 0.1022129 0.0000000 
