10
S0027_G5644_R1_A 0.0000000 0.2218202 0.1163468 0.1163468 0.1256632 0.5642183 0.1924720 0.2069168 0.2546801 0.2390041 
S0008_G5644_R1_A 0.2218202 0.0000000 0.2001281 0.2030666 0.1729672 0.7538726 0.2726342 0.2767156 0.2091333 0.2460166 
S0009_G5644_R1_A 0.1163468 0.2001281 0.0000000 0.0027377 0.1857106 0.6367051 0.2035055 0.2008247 0.2503944 0.3011719 
S0010_G5644_R1_A 0.1163468 0.2030666 0.0027377 0.0000000 0.1876370 0.6402866 0.2046243 0.2019378 0.2522327 0.3048472 
S0015_G5644_R1_A 0.1256632 0.1729672 0.1857106 0.1876370 0.0000000 0.6146884 0.2360332 0.2437831 0.1840625 0.1731243 
S0003_G5644_R1_N 0.5642183 0.7538726 0.6367051 0.6402866 0.6146884 0.0000000 0.6114556 0.6260723 0.5389068 0.6908758 
S0039_G5644_R1_A 0.1924720 0.2726342 0.2035055 0.2046243 0.2360332 0.6114556 0.0000000 0.0120357 0.2816610 0.3600772 
S0051_G5644_R1_A 0.2069168 0.2767156 0.2008247 0.2019378 0.2437831 0.6260723 0.0120357 0.0000000 0.2907674 0.3755581 
S0014_G5644_R1_A 0.2546801 0.2091333 0.2503944 0.2522327 0.1840625 0.5389068 0.2816610 0.2907674 0.0000000 0.1962532 
S0034_G5644_R1_A 0.2390041 0.2460166 0.3011719 0.3048472 0.1731243 0.6908758 0.3600772 0.3755581 0.1962532 0.0000000 
