13
S0034_G5664_R1_A 0.0000000 0.1242717 0.1786769 0.2652089 0.2622652 0.2334712 0.3864853 0.2651585 0.6072784 0.6097143 0.5301173 0.5317576 0.8076276 
S0015_G5664_R1_A 0.1242717 0.0000000 0.2010996 0.2763859 0.2774264 0.2557478 0.4358987 0.2808722 0.6561470 0.6607351 0.5383556 0.5349562 0.8380195 
S0008_G5664_R1_A 0.1786769 0.2010996 0.0000000 0.2392838 0.2459641 0.2027538 0.3556044 0.2001821 0.5809326 0.5907361 0.5127664 0.5105821 0.7031177 
S0010_G5664_R1_A 0.2652089 0.2763859 0.2392838 0.0000000 0.0188965 0.2569141 0.4216373 0.2930733 0.4282546 0.4260830 0.4566992 0.4600872 0.7798262 
S0009_G5664_R1_A 0.2622652 0.2774264 0.2459641 0.0188965 0.0000000 0.2508876 0.4068632 0.2901752 0.4305309 0.4281097 0.4687696 0.4722178 0.7632394 
S0027_G5664_R1_A 0.2334712 0.2557478 0.2027538 0.2569141 0.2508876 0.0000000 0.1943069 0.1889132 0.6175643 0.6264607 0.5300461 0.5258143 0.8065121 
S0027_G5664_R2_A 0.3864853 0.4358987 0.3556044 0.4216373 0.4068632 0.1943069 0.0000000 0.2924445 0.7492164 0.7498190 0.7887192 0.8000796 1.0695960 
S0014_G5664_R1_A 0.2651585 0.2808722 0.2001821 0.2930733 0.2901752 0.1889132 0.2924445 0.0000000 0.6685348 0.6605247 0.5266431 0.5295431 0.7538677 
S0009_G5664_R2_A 0.6072784 0.6561470 0.5809326 0.4282546 0.4305309 0.6175643 0.7492164 0.6685348 0.0000000 0.0182414 0.8843951 0.8768953 0.9045898 
S0010_G5664_R2_A 0.6097143 0.6607351 0.5907361 0.4260830 0.4281097 0.6264607 0.7498190 0.6605247 0.0182414 0.0000000 0.8778022 0.8703359 0.9114987 
S0039_G5664_R1_A 0.5301173 0.5383556 0.5127664 0.4566992 0.4687696 0.5300461 0.7887192 0.5266431 0.8843951 0.8778022 0.0000000 0.0138494 0.8736678 
S0051_G5664_R1_A 0.5317576 0.5349562 0.5105821 0.4600872 0.4722178 0.5258143 0.8000796 0.5295431 0.8768953 0.8703359 0.0138494 0.0000000 0.8753605 
S0003_G5664_R1_N 0.8076276 0.8380195 0.7031177 0.7798262 0.7632394 0.8065121 1.0695960 0.7538677 0.9045898 0.9114987 0.8736678 0.8753605 0.0000000 
