11
S0027_G5670_R1_A 0.0000000 0.2339774 0.2858385 0.2914711 0.3773026 0.2528126 0.3884502 0.8998415 0.7664454 0.7603363 1.2637533 
S0008_G5670_R1_A 0.2339774 0.0000000 0.2649017 0.2652702 0.2461707 0.2538123 0.2671033 0.7725194 0.8147006 0.8049541 1.1146735 
S0009_G5670_R1_A 0.2858385 0.2649017 0.0000000 0.0021640 0.3436781 0.3309508 0.3732043 0.8760299 0.7113190 0.7141909 1.2202339 
S0010_G5670_R1_A 0.2914711 0.2652702 0.0021640 0.0000000 0.3454319 0.3340581 0.3750044 0.8798741 0.7148889 0.7177701 1.2286154 
S0034_G5670_R1_A 0.3773026 0.2461707 0.3436781 0.3454319 0.0000000 0.3448036 0.2203615 0.8437192 0.8888897 0.8854616 1.1583617 
S0014_G5670_R1_A 0.2528126 0.2538123 0.3309508 0.3340581 0.3448036 0.0000000 0.3459244 0.8395758 0.8204354 0.8236506 1.1797061 
S0015_G5670_R1_A 0.3884502 0.2671033 0.3732043 0.3750044 0.2203615 0.3459244 0.0000000 0.8085897 0.8749630 0.8647368 1.1690440 
S0015_G5670_R2_A 0.8998415 0.7725194 0.8760299 0.8798741 0.8437192 0.8395758 0.8085897 0.0000000 1.1807334 1.1889874 0.9327675 
S0039_G5670_R1_A 0.7664454 0.8147006 0.7113190 0.7148889 0.8888897 0.8204354 0.8749630 1.1807334 0.0000000 0.0072088 1.2879878 
S0051_G5670_R1_A 0.7603363 0.8049541 0.7141909 0.7177701 0.8854616 0.8236506 0.8647368 1.1889874 0.0072088 0.0000000 1.2756182 
S0003_G5670_R1_N 1.2637533 1.1146735 1.2202339 1.2286154 1.1583617 1.1797061 1.1690440 0.9327675 1.2879878 1.2756182 0.0000000 
