16
S0009_G5703_R1_A 0.0000000 0.0054503 0.0000010 0.0060536 0.4319849 0.4507560 0.3677900 0.3014882 0.3161746 0.3891275 0.3960822 0.3891275 0.3960822 0.4000187 1.0636243 1.0153516 
S0010_G5703_R1_A 0.0054503 0.0000000 0.0060502 0.0000010 0.4298821 0.4483662 0.3642187 0.2950981 0.3118896 0.3875891 0.3945290 0.3875891 0.3945290 0.3969012 1.0575170 1.0087646 
S0009_G5703_R2_A 0.0000010 0.0060502 0.0000000 0.0060536 0.4511313 0.4507560 0.3677900 0.3067755 0.3215583 0.4064482 0.4127259 0.4064482 0.4127259 0.4213632 1.0681154 1.0197976 
S0010_G5703_R2_A 0.0060536 0.0000010 0.0060536 0.0000000 0.4491247 0.4483662 0.3642187 0.2998411 0.3169826 0.4050452 0.4113159 0.4050452 0.4113159 0.4181686 1.0619428 1.0131354 
S0034_G5703_R1_A 0.4319849 0.4298821 0.4511313 0.4491247 0.0000000 0.0000010 0.3755756 0.3679767 0.3667398 0.5061335 0.5127840 0.5061335 0.5127840 0.2319408 1.1207951 1.1234221 
S0034_G5703_R2_A 0.4507560 0.4483662 0.4507560 0.4483662 0.0000010 0.0000000 0.3755756 0.3872069 0.3793468 0.5341707 0.5426680 0.5341707 0.5426680 0.2461622 1.1262555 1.1296755 
S0008_G5703_R1_A 0.3677900 0.3642187 0.3677900 0.3642187 0.3755756 0.3755756 0.0000000 0.2867754 0.2973434 0.4639946 0.4667281 0.4639946 0.4667281 0.3512111 0.9910307 0.9612545 
S0014_G5703_R1_A 0.3014882 0.2950981 0.3067755 0.2998411 0.3679767 0.3872069 0.2867754 0.0000000 0.1965847 0.4072379 0.4110812 0.4072379 0.4110812 0.3301592 1.0678370 1.0611753 
S0027_G5703_R1_A 0.3161746 0.3118896 0.3215583 0.3169826 0.3667398 0.3793468 0.2973434 0.1965847 0.0000000 0.4262989 0.4288109 0.4262989 0.4288109 0.3494274 1.0935566 1.0672025 
S0039_G5703_R1_A 0.3891275 0.3875891 0.4064482 0.4050452 0.5061335 0.5341707 0.4639946 0.4072379 0.4262989 0.0000000 0.0150741 0.0000010 0.0150741 0.4694974 1.0719756 1.0090276 
S0051_G5703_R1_A 0.3960822 0.3945290 0.4127259 0.4113159 0.5127840 0.5426680 0.4667281 0.4110812 0.4288109 0.0150741 0.0000000 0.0150741 0.0000010 0.4761600 1.0705088 1.0077386 
S0039_G5703_R2_A 0.3891275 0.3875891 0.4064482 0.4050452 0.5061335 0.5341707 0.4639946 0.4072379 0.4262989 0.0000010 0.0150741 0.0000000 0.0150741 0.4694974 1.0719756 1.0090276 
S0051_G5703_R2_A 0.3960822 0.3945290 0.4127259 0.4113159 0.5127840 0.5426680 0.4667281 0.4110812 0.4288109 0.0150741 0.0000010 0.0150741 0.0000000 0.4761600 1.0705088 1.0077386 
S0015_G5703_R1_A 0.4000187 0.3969012 0.4213632 0.4181686 0.2319408 0.2461622 0.3512111 0.3301592 0.3494274 0.4694974 0.4761600 0.4694974 0.4761600 0.0000000 1.1434804 1.1482959 
S0003_G5703_R1_N 1.0636243 1.0575170 1.0681154 1.0619428 1.1207951 1.1262555 0.9910307 1.0678370 1.0935566 1.0719756 1.0705088 1.0719756 1.0705088 1.1434804 0.0000000 0.0000010 
S0003_G5703_R2_N 1.0153516 1.0087646 1.0197976 1.0131354 1.1234221 1.1296755 0.9612545 1.0611753 1.0672025 1.0090276 1.0077386 1.0090276 1.0077386 1.1482959 0.0000010 0.0000000 
