10
S0051_G5761_R1_A 0.0000000 0.0080478 0.7633411 0.7938118 0.6936008 0.7360959 0.7404324 0.6609959 0.7243705 1.0614708 
S0039_G5761_R1_A 0.0080478 0.0000000 0.7760140 0.8034662 0.6980626 0.7406199 0.7462478 0.6642717 0.7263942 1.0715603 
S0010_G5761_R1_A 0.7633411 0.7760140 0.0000000 0.0243985 0.6567364 0.6779376 0.7041413 0.7006272 0.7216899 0.8949134 
S0009_G5761_R1_A 0.7938118 0.8034662 0.0243985 0.0000000 0.6831503 0.6934937 0.7293940 0.7249599 0.7533358 0.9045996 
S0015_G5761_R1_A 0.6936008 0.6980626 0.6567364 0.6831503 0.0000000 0.1177835 0.1598786 0.1996191 0.2461100 0.9028968 
S0034_G5761_R1_A 0.7360959 0.7406199 0.6779376 0.6934937 0.1177835 0.0000000 0.1755504 0.2237067 0.2517787 0.8793946 
S0008_G5761_R1_A 0.7404324 0.7462478 0.7041413 0.7293940 0.1598786 0.1755504 0.0000000 0.1708606 0.1903802 0.8671428 
S0027_G5761_R1_A 0.6609959 0.6642717 0.7006272 0.7249599 0.1996191 0.2237067 0.1708606 0.0000000 0.1794065 0.8526838 
S0014_G5761_R1_A 0.7243705 0.7263942 0.7216899 0.7533358 0.2461100 0.2517787 0.1903802 0.1794065 0.0000000 0.8977100 
S0003_G5761_R1_N 1.0614708 1.0715603 0.8949134 0.9045996 0.9028968 0.8793946 0.8671428 0.8526838 0.8977100 0.0000000 
