20
S0015_G5770_R1_A 0.0000000 0.0914716 0.1373111 0.1524094 0.1561911 0.4186364 0.2152667 0.2679844 0.0437075 0.4259272 0.4201622 1.1217812 0.8156901 0.8238526 1.0059211 0.8953133 0.8896302 0.8999900 0.9210232 1.3299455 
S0034_G5770_R1_A 0.0914716 0.0000000 0.1597650 0.1474093 0.1513375 0.4152320 0.2275207 0.2890354 0.0000010 0.4177646 0.4118330 1.2019230 0.8074124 0.8144180 0.9475593 0.8604430 0.8447688 0.9021408 0.9243174 1.1923590 
S0027_G5770_R1_A 0.1373111 0.1597650 0.0000000 0.1520625 0.1558378 0.4176413 0.2493992 0.2921150 0.0847944 0.4349424 0.4291393 1.1225990 0.8795844 0.8698666 1.0408009 0.9148264 0.9090328 0.9501705 0.9534508 1.2020577 
S0009_G5770_R1_A 0.1524094 0.1474093 0.1520625 0.0000000 0.0061813 0.4367291 0.1170746 0.1659404 0.0971637 0.4061183 0.3877757 1.0398551 0.8280526 0.8383355 0.9623755 0.8972409 0.8818725 0.8898663 0.9103857 1.1760422 
S0010_G5770_R1_A 0.1561911 0.1513375 0.1558378 0.0061813 0.0000000 0.4421130 0.1249242 0.1580670 0.1031412 0.4006734 0.3776315 1.0487827 0.8280526 0.8383355 0.9623755 0.8972409 0.8818725 0.8823211 0.9027336 1.1857778 
S0003_G5770_R2_N 0.4186364 0.4152320 0.4176413 0.4367291 0.4421130 0.0000000 0.4779878 0.5331952 0.3212314 0.5954618 0.5751444 0.7409211 1.1155078 1.1249498 1.1791187 1.1434772 1.1375953 1.0927686 1.0959975 1.1694267 
S0009_G5770_R3_A 0.2152667 0.2275207 0.2493992 0.1170746 0.1249242 0.4779878 0.0000000 0.0065398 0.0971637 0.3850129 0.3711708 0.9889426 0.8941060 0.9171302 1.0650555 0.9031790 0.9154600 0.9492394 0.9725667 1.1930419 
S0010_G5770_R3_A 0.2679844 0.2890354 0.2921150 0.1659404 0.1580670 0.5331952 0.0065398 0.0000000 0.1031412 0.4038395 0.3854279 0.9694485 0.8998769 0.9217602 1.0786961 0.9138284 0.9255771 0.9549277 0.9770816 1.2342181 
S0034_G5770_R3_A 0.0437075 0.0000010 0.0847944 0.0971637 0.1031412 0.3212314 0.0971637 0.1031412 0.0000000 0.2444194 0.2376601 0.7873262 0.8175928 0.8711446 1.0902392 0.9183753 0.9133470 0.9815032 1.0064775 1.5033179 
S0039_G5770_R1_A 0.4259272 0.4177646 0.4349424 0.4061183 0.4006734 0.5954618 0.3850129 0.4038395 0.2444194 0.0000000 0.0153043 1.0489763 0.9902304 0.9981865 0.9776818 0.9804966 0.9751162 1.0043898 1.0567774 1.0963163 
S0051_G5770_R1_A 0.4201622 0.4118330 0.4291393 0.3877757 0.3776315 0.5751444 0.3711708 0.3854279 0.2376601 0.0153043 0.0000000 1.0520779 0.9822188 0.9900966 0.9697467 0.9724825 0.9671047 0.9882301 1.0399922 1.1193644 
S0003_G5770_R3_N 1.1217812 1.2019230 1.1225990 1.0398551 1.0487827 0.7409211 0.9889426 0.9694485 0.7873262 1.0489763 1.0520779 0.0000000 1.3367785 1.4235354 1.3773811 1.3922271 1.4114591 1.3188725 1.3639925 1.4453880 
S0008_G5770_R1_A 0.8156901 0.8074124 0.8795844 0.8280526 0.8280526 1.1155078 0.8941060 0.8998769 0.8175928 0.9902304 0.9822188 1.3367785 0.0000000 0.1143529 0.1894165 0.1897559 0.1898307 0.4055701 0.4147598 1.0401147 
S0014_G5770_R1_A 0.8238526 0.8144180 0.8698666 0.8383355 0.8383355 1.1249498 0.9171302 0.9217602 0.8711446 0.9981865 0.9900966 1.4235354 0.1143529 0.0000000 0.2022568 0.1976437 0.2060482 0.3972932 0.4008399 1.0157369 
S0034_G5770_R2_A 1.0059211 0.9475593 1.0408009 0.9623755 0.9623755 1.1791187 1.0650555 1.0786961 1.0902392 0.9776818 0.9697467 1.3773811 0.1894165 0.2022568 0.0000000 0.2794346 0.2890111 0.4512662 0.4608046 1.1255031 
S0009_G5770_R2_A 0.8953133 0.8604430 0.9148264 0.8972409 0.8972409 1.1434772 0.9031790 0.9138284 0.9183753 0.9804966 0.9724825 1.3922271 0.1897559 0.1976437 0.2794346 0.0000000 0.0124781 0.3878579 0.3970443 1.0185385 
S0010_G5770_R2_A 0.8896302 0.8447688 0.9090328 0.8818725 0.8818725 1.1375953 0.9154600 0.9255771 0.9133470 0.9751162 0.9671047 1.4114591 0.1898307 0.2060482 0.2890111 0.0124781 0.0000000 0.3878640 0.3970427 1.0446846 
S0039_G5770_R2_A 0.8999900 0.9021408 0.9501705 0.8898663 0.8823211 1.0927686 0.9492394 0.9549277 0.9815032 1.0043898 0.9882301 1.3188725 0.4055701 0.3972932 0.4512662 0.3878579 0.3878640 0.0000000 0.0127535 1.0776135 
S0051_G5770_R2_A 0.9210232 0.9243174 0.9534508 0.9103857 0.9027336 1.0959975 0.9725667 0.9770816 1.0064775 1.0567774 1.0399922 1.3639925 0.4147598 0.4008399 0.4608046 0.3970443 0.3970427 0.0127535 0.0000000 1.0893328 
S0003_G5770_R1_N 1.3299455 1.1923590 1.2020577 1.1760422 1.1857778 1.1694267 1.1930419 1.2342181 1.5033179 1.0963163 1.1193644 1.4453880 1.0401147 1.0157369 1.1255031 1.0185385 1.0446846 1.0776135 1.0893328 0.0000000 
