18
S0008_G5802_R1_A 0.0000000 0.1833614 0.1790559 0.1471578 0.1408748 0.3190084 0.3740250 0.3732399 0.3223669 0.3186922 0.3550578 0.3695028 0.3532552 0.3659035 0.3536978 0.3563359 0.3681331 1.1986668 
S0009_G5802_R1_A 0.1833614 0.0000000 0.0206704 0.2101230 0.2180228 0.3802387 0.3408950 0.3381080 0.4160779 0.4180883 0.4712270 0.4859049 0.4639767 0.4751929 0.4631960 0.4624319 0.4918763 1.2119119 
S0010_G5802_R1_A 0.1790559 0.0206704 0.0000000 0.2100665 0.2149342 0.3857364 0.3417890 0.3389989 0.4130296 0.4129969 0.4686376 0.4809204 0.4624663 0.4736780 0.4594103 0.4620644 0.4847537 1.1953138 
S0015_G5802_R1_A 0.1471578 0.2101230 0.2100665 0.0000000 0.1277304 0.3658445 0.3893151 0.3921650 0.3861454 0.3804679 0.4206149 0.4399930 0.4175856 0.4281621 0.4183466 0.4187945 0.4444609 1.2313473 
S0034_G5802_R1_A 0.1408748 0.2180228 0.2149342 0.1277304 0.0000000 0.3498608 0.3822978 0.3840787 0.3738903 0.3700202 0.4068379 0.4241936 0.3998720 0.4124895 0.4056009 0.4060207 0.4279125 1.2088558 
S0027_G5802_R1_A 0.3190084 0.3802387 0.3857364 0.3658445 0.3498608 0.0000000 0.5546205 0.5510332 0.3323120 0.3249511 0.1752493 0.1838987 0.1713522 0.1747468 0.1727259 0.1710378 0.1775936 0.8787472 
S0039_G5802_R1_A 0.3740250 0.3408950 0.3417890 0.3893151 0.3822978 0.5546205 0.0000000 0.0103625 0.6246776 0.6211776 0.6636231 0.6778130 0.6608380 0.6682368 0.6547673 0.6655899 0.6776189 1.2121265 
S0051_G5802_R1_A 0.3732399 0.3381080 0.3389989 0.3921650 0.3840787 0.5510332 0.0103625 0.0000000 0.6237183 0.6202304 0.6577834 0.6754852 0.6550364 0.6623770 0.6490169 0.6597459 0.6717067 1.2018396 
S0014_G5802_R8_A 0.3223669 0.4160779 0.4130296 0.3861454 0.3738903 0.3323120 0.6246776 0.6237183 0.0000000 0.0382764 0.2122549 0.2178672 0.2127395 0.2190372 0.2127035 0.2180636 0.2125202 1.0208031 
S0014_G5802_R9_A 0.3186922 0.4180883 0.4129969 0.3804679 0.3700202 0.3249511 0.6211776 0.6202304 0.0382764 0.0000000 0.2025492 0.2080279 0.2032926 0.2104494 0.1973923 0.2106589 0.2012224 0.9798829 
S0014_G5802_R1_A 0.3550578 0.4712270 0.4686376 0.4206149 0.4068379 0.1752493 0.6636231 0.6577834 0.2122549 0.2025492 0.0000000 0.0212312 0.0228295 0.0297630 0.0257533 0.0247692 0.0519955 0.8668734 
S0014_G5802_R6_A 0.3695028 0.4859049 0.4809204 0.4399930 0.4241936 0.1838987 0.6778130 0.6754852 0.2178672 0.2080279 0.0212312 0.0000000 0.0273205 0.0328005 0.0312994 0.0328409 0.0557382 0.8886928 
S0014_G5802_R2_A 0.3532552 0.4639767 0.4624663 0.4175856 0.3998720 0.1713522 0.6608380 0.6550364 0.2127395 0.2032926 0.0228295 0.0273205 0.0000000 0.0148276 0.0236508 0.0301793 0.0509990 0.8506351 
S0014_G5802_R4_A 0.3659035 0.4751929 0.4736780 0.4281621 0.4124895 0.1747468 0.6682368 0.6623770 0.2190372 0.2104494 0.0297630 0.0328005 0.0148276 0.0000000 0.0275970 0.0276708 0.0546076 0.8616734 
S0014_G5802_R7_A 0.3536978 0.4631960 0.4594103 0.4183466 0.4056009 0.1727259 0.6547673 0.6490169 0.2127035 0.1973923 0.0257533 0.0312994 0.0236508 0.0275970 0.0000000 0.0246312 0.0524475 0.8384247 
S0014_G5802_R5_A 0.3563359 0.4624319 0.4620644 0.4187945 0.4060207 0.1710378 0.6655899 0.6597459 0.2180636 0.2106589 0.0247692 0.0328409 0.0301793 0.0276708 0.0246312 0.0000000 0.0589383 0.8551197 
S0014_G5802_R3_A 0.3681331 0.4918763 0.4847537 0.4444609 0.4279125 0.1775936 0.6776189 0.6717067 0.2125202 0.2012224 0.0519955 0.0557382 0.0509990 0.0546076 0.0524475 0.0589383 0.0000000 0.8566712 
S0003_G5802_R1_N 1.1986668 1.2119119 1.1953138 1.2313473 1.2088558 0.8787472 1.2121265 1.2018396 1.0208031 0.9798829 0.8668734 0.8886928 0.8506351 0.8616734 0.8384247 0.8551197 0.8566712 0.0000000 
