12
S0009_G5815_R2_A 0.0000000 0.0045241 0.2882157 0.2868308 0.3125056 0.2758602 0.4891825 0.4682663 0.3692209 0.5404339 1.2041272 1.5453102 
S0010_G5815_R1_A 0.0045241 0.0000000 0.2887231 0.2911634 0.3173923 0.2774123 0.4850161 0.4642277 0.3722410 0.5404339 1.2113971 1.5355870 
S0034_G5815_R1_A 0.2882157 0.2887231 0.0000000 0.1460185 0.2812114 0.2517824 0.3408784 0.3314805 0.3219249 0.3985707 0.5958919 1.1255555 
S0015_G5815_R1_A 0.2868308 0.2911634 0.1460185 0.0000000 0.2819880 0.2675795 0.3378705 0.3173658 0.3152690 0.3561221 0.6042444 1.1454518 
S0027_G5815_R1_A 0.3125056 0.3173923 0.2812114 0.2819880 0.0000000 0.1655081 0.1743631 0.1746837 0.2037303 0.4112638 0.5714826 1.0606943 
S0008_G5815_R1_A 0.2758602 0.2774123 0.2517824 0.2675795 0.1655081 0.0000000 0.1587356 0.1525787 0.1918002 0.4248425 0.5257019 1.1771967 
S0009_G5815_R1_A 0.4891825 0.4850161 0.3408784 0.3378705 0.1743631 0.1587356 0.0000000 0.0277125 0.2136658 0.6870698 1.6087215 1.8994576 
S0010_G5815_R2_A 0.4682663 0.4642277 0.3314805 0.3173658 0.1746837 0.1525787 0.0277125 0.0000000 0.2069875 0.6942032 1.5400216 1.8206473 
S0014_G5815_R1_A 0.3692209 0.3722410 0.3219249 0.3152690 0.2037303 0.1918002 0.2136658 0.2069875 0.0000000 0.4521382 0.5320121 1.0211754 
S0039_G5815_R1_A 0.5404339 0.5404339 0.3985707 0.3561221 0.4112638 0.4248425 0.6870698 0.6942032 0.4521382 0.0000000 0.0174741 0.8436991 
S0051_G5815_R1_A 1.2041272 1.2113971 0.5958919 0.6042444 0.5714826 0.5257019 1.6087215 1.5400216 0.5320121 0.0174741 0.0000000 1.0526081 
S0003_G5815_R1_N 1.5453102 1.5355870 1.1255555 1.1454518 1.0606943 1.1771967 1.8994576 1.8206473 1.0211754 0.8436991 1.0526081 0.0000000 
