11
S0010_G5816_R1_A 0.0000000 0.0049156 0.4930690 0.6070669 0.3626937 0.5166544 0.5181712 0.5164320 0.5232881 1.2361502 1.2831812 
S0009_G5816_R1_A 0.0049156 0.0000000 0.4950184 0.6080650 0.3684354 0.5211232 0.5221184 0.5180260 0.5247632 1.2333438 1.2796249 
S0015_G5816_R1_A 0.4930690 0.4950184 0.0000000 0.1390122 0.1560146 0.2062640 0.2273515 0.4618859 0.4591190 1.0186373 0.9572755 
S0034_G5816_R1_A 0.6070669 0.6080650 0.1390122 0.0000000 0.1986532 0.2558271 0.2717722 0.4677735 0.4459813 1.1149005 1.1381983 
S0008_G5816_R1_A 0.3626937 0.3684354 0.1560146 0.1986532 0.0000000 0.1584791 0.1550077 0.4196130 0.4026684 1.0091110 0.9425861 
S0027_G5816_R1_A 0.5166544 0.5211232 0.2062640 0.2558271 0.1584791 0.0000000 0.1458058 0.2973451 0.2881597 1.0441513 1.1188789 
S0014_G5816_R1_A 0.5181712 0.5221184 0.2273515 0.2717722 0.1550077 0.1458058 0.0000000 0.3147423 0.3041597 1.0096687 1.0899504 
S0039_G5816_R1_A 0.5164320 0.5180260 0.4618859 0.4677735 0.4196130 0.2973451 0.3147423 0.0000000 0.0141806 1.1181058 1.1115235 
S0051_G5816_R1_A 0.5232881 0.5247632 0.4591190 0.4459813 0.4026684 0.2881597 0.3041597 0.0141806 0.0000000 1.0796873 1.0592791 
S0003_G5816_R1_N 1.2361502 1.2333438 1.0186373 1.1149005 1.0091110 1.0441513 1.0096687 1.1181058 1.0796873 0.0000000 0.0000010 
S0003_G5816_R2_N 1.2831812 1.2796249 0.9572755 1.1381983 0.9425861 1.1188789 1.0899504 1.1115235 1.0592791 0.0000010 0.0000000 
