10
S0003_G5812_R1_N 0.0000000 0.8927143 0.8923254 0.9202962 0.9234415 0.8837482 0.8557970 0.8119933 1.0063036 1.0061696 
S0010_G5812_R1_A 0.8927143 0.0000000 0.0033660 0.2716294 0.3021764 0.2465913 0.2844433 0.2394834 0.2753936 0.2748623 
S0009_G5812_R1_A 0.8923254 0.0033660 0.0000000 0.2679534 0.3001870 0.2448687 0.2829918 0.2367534 0.2752942 0.2747630 
S0014_G5812_R1_A 0.9202962 0.2716294 0.2679534 0.0000000 0.2272829 0.1312042 0.2028694 0.1640660 0.3947630 0.3952301 
S0034_G5812_R1_A 0.9234415 0.3021764 0.3001870 0.2272829 0.0000000 0.2116458 0.1675212 0.2058049 0.4310978 0.4340005 
S0027_G5812_R1_A 0.8837482 0.2465913 0.2448687 0.1312042 0.2116458 0.0000000 0.1914147 0.1464264 0.3453957 0.3474230 
S0015_G5812_R1_A 0.8557970 0.2844433 0.2829918 0.2028694 0.1675212 0.1914147 0.0000000 0.1751457 0.4371663 0.4346969 
S0008_G5812_R1_A 0.8119933 0.2394834 0.2367534 0.1640660 0.2058049 0.1464264 0.1751457 0.0000000 0.3792104 0.3783176 
S0039_G5812_R1_A 1.0063036 0.2753936 0.2752942 0.3947630 0.4310978 0.3453957 0.4371663 0.3792104 0.0000000 0.0091166 
S0051_G5812_R1_A 1.0061696 0.2748623 0.2747630 0.3952301 0.4340005 0.3474230 0.4346969 0.3783176 0.0091166 0.0000000 
