10
S0039_G5818_R1_A 0.0000000 0.0061651 0.4214025 0.4597016 0.4674564 0.4854580 0.4605432 0.5071238 0.5013568 1.0445014 
S0051_G5818_R1_A 0.0061651 0.0000000 0.4208552 0.4589197 0.4666673 0.4848182 0.4605943 0.5071812 0.5004473 1.0461962 
S0008_G5818_R1_A 0.4214025 0.4208552 0.0000000 0.2192051 0.2193201 0.1442011 0.1351893 0.1656626 0.1803339 1.0340570 
S0010_G5818_R1_A 0.4597016 0.4589197 0.2192051 0.0000000 0.0066676 0.2580899 0.2287085 0.2471391 0.2734003 1.0700894 
S0009_G5818_R1_A 0.4674564 0.4666673 0.2193201 0.0066676 0.0000000 0.2594888 0.2312480 0.2508634 0.2742704 1.0947009 
S0015_G5818_R1_A 0.4854580 0.4848182 0.1442011 0.2580899 0.2594888 0.0000000 0.1992390 0.2202488 0.1403546 1.1040892 
S0027_G5818_R1_A 0.4605432 0.4605943 0.1351893 0.2287085 0.2312480 0.1992390 0.0000000 0.1504819 0.2250674 1.0596253 
S0014_G5818_R1_A 0.5071238 0.5071812 0.1656626 0.2471391 0.2508634 0.2202488 0.1504819 0.0000000 0.2470935 1.1036595 
S0034_G5818_R1_A 0.5013568 0.5004473 0.1803339 0.2734003 0.2742704 0.1403546 0.2250674 0.2470935 0.0000000 1.1068484 
S0003_G5818_R1_N 1.0445014 1.0461962 1.0340570 1.0700894 1.0947009 1.1040892 1.0596253 1.1036595 1.1068484 0.0000000 
