10
S0008_G5821_R1_A 0.0000000 0.4941550 0.3429530 0.3477718 0.5472944 0.5796000 0.5804858 0.8244618 0.6646683 0.6494065 
S0027_G5821_R1_A 0.4941550 0.0000000 0.4795273 0.4812181 0.4723361 0.6066761 0.4782658 0.9012345 0.7661828 0.7398234 
S0009_G5821_R1_A 0.3429530 0.4795273 0.0000000 0.0262356 0.3975587 0.5587520 0.3949329 0.8255446 0.5765507 0.5649990 
S0010_G5821_R1_A 0.3477718 0.4812181 0.0262356 0.0000000 0.3985250 0.5682282 0.4043948 0.8259476 0.5700175 0.5585971 
S0015_G5821_R1_A 0.5472944 0.4723361 0.3975587 0.3985250 0.0000000 0.3929023 0.4034584 0.7720475 0.6529883 0.6426016 
S0034_G5821_R1_A 0.5796000 0.6066761 0.5587520 0.5682282 0.3929023 0.0000000 0.5191369 0.7330801 0.5843544 0.5717181 
S0014_G5821_R1_A 0.5804858 0.4782658 0.3949329 0.4043948 0.4034584 0.5191369 0.0000000 0.7625131 0.6089871 0.5924003 
S0003_G5821_R1_N 0.8244618 0.9012345 0.8255446 0.8259476 0.7720475 0.7330801 0.7625131 0.0000000 0.7107059 0.7045247 
S0039_G5821_R1_A 0.6646683 0.7661828 0.5765507 0.5700175 0.6529883 0.5843544 0.6089871 0.7107059 0.0000000 0.0119154 
S0051_G5821_R1_A 0.6494065 0.7398234 0.5649990 0.5585971 0.6426016 0.5717181 0.5924003 0.7045247 0.0119154 0.0000000 
