11
S0010_G5822_R1_A 0.0000000 0.0014450 0.0999779 0.0834494 0.1186276 0.1116168 0.1172688 0.1172688 0.2420215 0.2443129 0.4546886 
S0009_G5822_R1_A 0.0014450 0.0000000 0.1017214 0.0851641 0.1204329 0.1134323 0.1190772 0.1190772 0.2442481 0.2465461 0.4590918 
S0014_G5822_R1_A 0.0999779 0.1017214 0.0000000 0.0995457 0.1334499 0.1134694 0.1418744 0.1418744 0.2947936 0.2972941 0.4534183 
S0008_G5822_R1_A 0.0834494 0.0851641 0.0995457 0.0000000 0.1089157 0.1035312 0.1398140 0.1398140 0.2778399 0.2803231 0.4063309 
S0015_G5822_R1_A 0.1186276 0.1204329 0.1334499 0.1089157 0.0000000 0.1389923 0.1172119 0.1172119 0.3153243 0.3179118 0.4074078 
S0027_G5822_R1_A 0.1116168 0.1134323 0.1134694 0.1035312 0.1389923 0.0000000 0.1497236 0.1497236 0.3005902 0.3006614 0.4333817 
S0034_G5822_R1_A 0.1172688 0.1190772 0.1418744 0.1398140 0.1172119 0.1497236 0.0000000 0.0000010 0.3427863 0.3480261 0.4232087 
S0034_G5822_R2_A 0.1172688 0.1190772 0.1418744 0.1398140 0.1172119 0.1497236 0.0000010 0.0000000 0.3427863 0.3480261 0.4232087 
S0051_G5822_R1_A 0.2420215 0.2442481 0.2947936 0.2778399 0.3153243 0.3005902 0.3427863 0.3427863 0.0000000 0.0072791 0.7248073 
S0039_G5822_R1_A 0.2443129 0.2465461 0.2972941 0.2803231 0.3179118 0.3006614 0.3480261 0.3480261 0.0072791 0.0000000 0.7308282 
S0003_G5822_R1_N 0.4546886 0.4590918 0.4534183 0.4063309 0.4074078 0.4333817 0.4232087 0.4232087 0.7248073 0.7308282 0.0000000 
