7
S0039_G5841_R1_A 0.0000000 0.0099848 0.9874302 0.6778215 0.6906181 0.8691362 0.6211834 
S0051_G5841_R1_A 0.0099848 0.0000000 0.9988848 0.6885800 0.7016118 0.8648929 0.6310990 
S0015_G5841_R1_A 0.9874302 0.9988848 0.0000000 0.3823575 0.3778780 0.2382534 0.3187933 
S0010_G5841_R1_A 0.6778215 0.6885800 0.3823575 0.0000000 0.0423766 0.2823279 0.3278060 
S0009_G5841_R1_A 0.6906181 0.7016118 0.3778780 0.0423766 0.0000000 0.2831532 0.3246084 
S0008_G5841_R1_A 0.8691362 0.8648929 0.2382534 0.2823279 0.2831532 0.0000000 0.2382623 
S0014_G5841_R1_A 0.6211834 0.6310990 0.3187933 0.3278060 0.3246084 0.2382623 0.0000000 
