10
S0008_G5840_R1_A 0.0000000 0.2453370 0.2643758 0.3980480 0.4581381 0.4940227 0.2847786 0.5795963 0.5912765 1.5081318 
S0014_G5840_R1_A 0.2453370 0.0000000 0.3792733 0.3764340 0.4762329 0.5063480 0.4354837 0.5964285 0.6063853 1.4912009 
S0034_G5840_R1_A 0.2643758 0.3792733 0.0000000 0.4539849 0.4923153 0.5177568 0.2840090 0.6475078 0.6573193 1.4753016 
S0027_G5840_R1_A 0.3980480 0.3764340 0.4539849 0.0000000 0.5399324 0.5625780 0.4997868 0.6298288 0.6411886 1.6113065 
S0009_G5840_R1_A 0.4581381 0.4762329 0.4923153 0.5399324 0.0000000 0.0134736 0.5096481 0.5615165 0.5683199 1.6252519 
S0010_G5840_R1_A 0.4940227 0.5063480 0.5177568 0.5625780 0.0134736 0.0000000 0.5645319 0.6210614 0.6308684 1.6084094 
S0015_G5840_R1_A 0.2847786 0.4354837 0.2840090 0.4997868 0.5096481 0.5645319 0.0000000 0.6078826 0.6178342 1.5017438 
S0039_G5840_R1_A 0.5795963 0.5964285 0.6475078 0.6298288 0.5615165 0.6210614 0.6078826 0.0000000 0.0153405 1.4968937 
S0051_G5840_R1_A 0.5912765 0.6063853 0.6573193 0.6411886 0.5683199 0.6308684 0.6178342 0.0153405 0.0000000 1.5155535 
S0003_G5840_R1_N 1.5081318 1.4912009 1.4753016 1.6113065 1.6252519 1.6084094 1.5017438 1.4968937 1.5155535 0.0000000 
