12
S0008_G5842_R1_A 0.0000000 0.0886781 0.1329814 0.1154387 0.1112521 0.1965235 0.1910859 0.1050835 0.1151788 0.3248815 0.3248815 0.7796643 
S0015_G5842_R1_A 0.0886781 0.0000000 0.1190662 0.1339726 0.1331848 0.1867235 0.1813338 0.1243485 0.1353788 0.3181344 0.3181344 0.7288343 
S0034_G5842_R1_A 0.1329814 0.1190662 0.0000000 0.1759982 0.1660650 0.2231558 0.2174145 0.1712112 0.1825756 0.4436615 0.4436615 0.8742007 
S0014_G5842_R1_A 0.1154387 0.1339726 0.1759982 0.0000000 0.1185125 0.2401376 0.2344982 0.1852110 0.2039426 0.5076559 0.5076559 0.8423397 
S0027_G5842_R1_A 0.1112521 0.1331848 0.1660650 0.1185125 0.0000000 0.2256909 0.2201150 0.1398227 0.1533926 0.4182486 0.4182486 0.7585101 
S0039_G5842_R1_A 0.1965235 0.1867235 0.2231558 0.2401376 0.2256909 0.0000000 0.0102170 0.1592971 0.1623132 0.1709101 0.1716263 0.7587128 
S0051_G5842_R1_A 0.1910859 0.1813338 0.2174145 0.2344982 0.2201150 0.0102170 0.0000000 0.1589725 0.1617455 0.1684631 0.1688663 0.7708160 
S0009_G5842_R1_A 0.1050835 0.1243485 0.1712112 0.1852110 0.1398227 0.1592971 0.1589725 0.0000000 0.0000010 0.0000010 0.0000010 0.5574235 
S0010_G5842_R1_A 0.1151788 0.1353788 0.1825756 0.2039426 0.1533926 0.1623132 0.1617455 0.0000010 0.0000000 0.0000010 0.0000010 0.5871516 
S0009_G5842_R2_A 0.3248815 0.3181344 0.4436615 0.5076559 0.4182486 0.1709101 0.1684631 0.0000010 0.0000010 0.0000000 0.0000010 0.6940077 
S0010_G5842_R2_A 0.3248815 0.3181344 0.4436615 0.5076559 0.4182486 0.1716263 0.1688663 0.0000010 0.0000010 0.0000010 0.0000000 0.6940077 
S0003_G5842_R1_N 0.7796643 0.7288343 0.8742007 0.8423397 0.7585101 0.7587128 0.7708160 0.5574235 0.5871516 0.6940077 0.6940077 0.0000000 
