16
S0039_G5853_R1_A 0.0000000 0.0201393 0.6060012 0.6286766 0.6417453 0.5137593 0.4941784 0.5291377 0.5249891 0.5336641 0.4484280 0.5546781 0.5666485 0.5682169 0.6075467 0.8828064 
S0051_G5853_R1_A 0.0201393 0.0000000 0.6064173 0.6339672 0.6380116 0.5199601 0.4898079 0.5271207 0.5229699 0.5316484 0.4420485 0.5486389 0.5641818 0.5657407 0.6180104 0.8750778 
S0034_G5853_R1_A 0.6060012 0.6064173 0.0000000 0.1276449 0.2103589 0.5678358 0.5510954 0.5081001 0.5057523 0.5163647 0.5583336 0.5781702 0.3513349 0.3501108 0.6102152 0.7993112 
S0015_G5853_R1_A 0.6286766 0.6339672 0.1276449 0.0000000 0.2005854 0.6370477 0.5643571 0.5917272 0.5889935 0.6012249 0.5554782 0.6394386 0.3259685 0.3247656 0.6464678 0.8143761 
S0014_G5853_R2_A 0.6417453 0.6380116 0.2103589 0.2005854 0.0000000 0.7016815 0.6383355 0.6430025 0.6400428 0.6532046 0.5877925 0.6916569 0.2881182 0.2869026 0.7456333 0.8457532 
S0008_G5853_R1_A 0.5137593 0.5199601 0.5678358 0.6370477 0.7016815 0.0000000 0.2668290 0.2565804 0.2572067 0.2565804 0.2505590 0.2719613 0.5024349 0.5024349 0.4783079 0.8308460 
S0014_G5853_R1_A 0.4941784 0.4898079 0.5510954 0.5643571 0.6383355 0.2668290 0.0000000 0.3288109 0.3285670 0.3342222 0.2334616 0.3643934 0.5190372 0.5190372 0.5411712 0.7572909 
S0015_G5853_R2_A 0.5291377 0.5271207 0.5081001 0.5917272 0.6430025 0.2565804 0.3288109 0.0000000 0.0005639 0.0028214 0.3298202 0.2115651 0.4550017 0.4550017 0.5402655 0.8428818 
S0015_G5853_R4_A 0.5249891 0.5229699 0.5057523 0.5889935 0.6400428 0.2572067 0.3285670 0.0005639 0.0000000 0.0033931 0.3282309 0.2122906 0.4527920 0.4527920 0.5398214 0.8404083 
S0015_G5853_R3_A 0.5336641 0.5316484 0.5163647 0.6012249 0.6532046 0.2565804 0.3342222 0.0028214 0.0033931 0.0000000 0.3330001 0.2151159 0.4628572 0.4628572 0.5426525 0.8445067 
S0027_G5853_R1_A 0.4484280 0.4420485 0.5583336 0.5554782 0.5877925 0.2505590 0.2334616 0.3298202 0.3282309 0.3330001 0.0000000 0.3526320 0.4943575 0.4943575 0.4659654 0.7810739 
S0034_G5853_R2_A 0.5546781 0.5486389 0.5781702 0.6394386 0.6916569 0.2719613 0.3643934 0.2115651 0.2122906 0.2151159 0.3526320 0.0000000 0.5045114 0.5045114 0.5274940 0.9205474 
S0009_G5853_R1_A 0.5666485 0.5641818 0.3513349 0.3259685 0.2881182 0.5024349 0.5190372 0.4550017 0.4527920 0.4628572 0.4943575 0.5045114 0.0000000 0.0006107 0.5887625 0.6929090 
S0010_G5853_R1_A 0.5682169 0.5657407 0.3501108 0.3247656 0.2869026 0.5024349 0.5190372 0.4550017 0.4527920 0.4628572 0.4943575 0.5045114 0.0006107 0.0000000 0.5887625 0.6929090 
S0027_G5853_R2_A 0.6075467 0.6180104 0.6102152 0.6464678 0.7456333 0.4783079 0.5411712 0.5402655 0.5398214 0.5426525 0.4659654 0.5274940 0.5887625 0.5887625 0.0000000 0.8427892 
S0003_G5853_R1_N 0.8828064 0.8750778 0.7993112 0.8143761 0.8457532 0.8308460 0.7572909 0.8428818 0.8404083 0.8445067 0.7810739 0.9205474 0.6929090 0.6929090 0.8427892 0.0000000 
