11
S0051_G5863_R1_A 0.0000000 0.0276563 0.5262834 0.5424954 0.4535521 0.4323513 0.3750546 0.3731823 0.4605099 0.8851411 0.9055943 
S0039_G5863_R1_A 0.0276563 0.0000000 0.5365470 0.5550494 0.4625087 0.4506855 0.4041374 0.4010794 0.4772756 0.9217243 0.9224495 
S0015_G5863_R1_A 0.5262834 0.5365470 0.0000000 0.1919045 0.3390254 0.2258542 0.3523371 0.3487284 0.2122681 0.4625271 0.7565848 
S0034_G5863_R1_A 0.5424954 0.5550494 0.1919045 0.0000000 0.3480742 0.2490366 0.3767595 0.3751817 0.2252326 0.4447790 0.7696699 
S0027_G5863_R1_A 0.4535521 0.4625087 0.3390254 0.3480742 0.0000000 0.2614697 0.3741739 0.3725178 0.2900879 0.6273860 0.8940924 
S0014_G5863_R1_A 0.4323513 0.4506855 0.2258542 0.2490366 0.2614697 0.0000000 0.2829626 0.2794950 0.1827824 0.4282649 0.7380885 
S0009_G5863_R1_A 0.3750546 0.4041374 0.3523371 0.3767595 0.3741739 0.2829626 0.0000000 0.0151122 0.3005216 0.6017966 0.8644756 
S0010_G5863_R1_A 0.3731823 0.4010794 0.3487284 0.3751817 0.3725178 0.2794950 0.0151122 0.0000000 0.2994202 0.6011796 0.8617525 
S0008_G5863_R2_A 0.4605099 0.4772756 0.2122681 0.2252326 0.2900879 0.1827824 0.3005216 0.2994202 0.0000000 0.2318279 0.6850820 
S0008_G5863_R1_A 0.8851411 0.9217243 0.4625271 0.4447790 0.6273860 0.4282649 0.6017966 0.6011796 0.2318279 0.0000000 0.9048058 
S0003_G5863_R1_N 0.9055943 0.9224495 0.7565848 0.7696699 0.8940924 0.7380885 0.8644756 0.8617525 0.6850820 0.9048058 0.0000000 
