10
S0039_G5865_R1_A 0.0000000 0.0194902 0.3625646 0.3547031 0.4367825 0.4292851 0.4426579 0.3790636 0.3992203 1.2623426 
S0051_G5865_R1_A 0.0194902 0.0000000 0.3709009 0.3662719 0.4464351 0.4448837 0.4580344 0.3879724 0.4134242 1.3151262 
S0009_G5865_R1_A 0.3625646 0.3709009 0.0000000 0.0188464 0.2335704 0.2718090 0.2681928 0.1839871 0.1932462 1.2019960 
S0010_G5865_R1_A 0.3547031 0.3662719 0.0188464 0.0000000 0.2310671 0.2642481 0.2658208 0.1766607 0.1919204 1.1680589 
S0008_G5865_R1_A 0.4367825 0.4464351 0.2335704 0.2310671 0.0000000 0.1997698 0.1986383 0.1701290 0.1614895 1.1694183 
S0015_G5865_R1_A 0.4292851 0.4448837 0.2718090 0.2642481 0.1997698 0.0000000 0.1617816 0.2157317 0.1916903 1.2049282 
S0034_G5865_R1_A 0.4426579 0.4580344 0.2681928 0.2658208 0.1986383 0.1617816 0.0000000 0.1999333 0.1827318 1.1798272 
S0027_G5865_R1_A 0.3790636 0.3879724 0.1839871 0.1766607 0.1701290 0.2157317 0.1999333 0.0000000 0.1166813 1.0274929 
S0014_G5865_R1_A 0.3992203 0.4134242 0.1932462 0.1919204 0.1614895 0.1916903 0.1827318 0.1166813 0.0000000 1.0934265 
S0003_G5865_R1_N 1.2623426 1.3151262 1.2019960 1.1680589 1.1694183 1.2049282 1.1798272 1.0274929 1.0934265 0.0000000 
