10
S0003_G5870_R1_N 0.0000000 0.2818413 1.1071793 0.9406612 1.0430563 1.0445391 1.0391797 1.1055916 1.0912062 1.2919381 
S0003_G5870_R2_N 0.2818413 0.0000000 1.4667246 1.2240241 1.3820036 1.3778015 1.2979109 1.4140010 1.3657113 1.4382512 
S0051_G5870_R1_A 1.1071793 1.4667246 0.0000000 0.5182615 0.5074251 0.5092147 0.4908922 0.5004124 0.5471084 0.8595682 
S0034_G5870_R1_A 0.9406612 1.2240241 0.5182615 0.0000000 0.2515503 0.2516152 0.1611624 0.1912294 0.2288409 0.5919791 
S0009_G5870_R1_A 1.0430563 1.3820036 0.5074251 0.2515503 0.0000000 0.0032313 0.1703142 0.2342725 0.2068983 0.5973606 
S0010_G5870_R1_A 1.0445391 1.3778015 0.5092147 0.2516152 0.0032313 0.0000000 0.1704077 0.2327867 0.2070183 0.5984289 
S0008_G5870_R1_A 1.0391797 1.2979109 0.4908922 0.1611624 0.1703142 0.1704077 0.0000000 0.1572898 0.1538980 0.5429184 
S0015_G5870_R1_A 1.1055916 1.4140010 0.5004124 0.1912294 0.2342725 0.2327867 0.1572898 0.0000000 0.2160883 0.5889687 
S0014_G5870_R1_A 1.0912062 1.3657113 0.5471084 0.2288409 0.2068983 0.2070183 0.1538980 0.2160883 0.0000000 0.6139794 
S0009_G5870_R2_A 1.2919381 1.4382512 0.8595682 0.5919791 0.5973606 0.5984289 0.5429184 0.5889687 0.6139794 0.0000000 
