10
S0039_G5894_R1_A 0.0000000 0.0592087 0.5816128 0.5695175 0.6518276 0.7325872 0.4375452 0.4408329 0.5802260 1.3672062 
S0051_G5894_R1_A 0.0592087 0.0000000 0.6053400 0.5893484 0.6633152 0.7435473 0.4430986 0.4463554 0.6087064 1.3694862 
S0008_G5894_R1_A 0.5816128 0.6053400 0.0000000 0.2855316 0.2841922 0.2656179 0.3447148 0.3391405 0.2232126 1.0773927 
S0027_G5894_R1_A 0.5695175 0.5893484 0.2855316 0.0000000 0.3926087 0.4067922 0.4478611 0.4399210 0.2980007 1.1161409 
S0015_G5894_R1_A 0.6518276 0.6633152 0.2841922 0.3926087 0.0000000 0.2375683 0.4307138 0.4241615 0.3782151 1.0756704 
S0034_G5894_R1_A 0.7325872 0.7435473 0.2656179 0.4067922 0.2375683 0.0000000 0.4918874 0.4833870 0.3721152 1.1653470 
S0009_G5894_R1_A 0.4375452 0.4430986 0.3447148 0.4478611 0.4307138 0.4918874 0.0000000 0.0032031 0.3761393 1.2091809 
S0010_G5894_R1_A 0.4408329 0.4463554 0.3391405 0.4399210 0.4241615 0.4833870 0.0032031 0.0000000 0.3729663 1.2179412 
S0014_G5894_R1_A 0.5802260 0.6087064 0.2232126 0.2980007 0.3782151 0.3721152 0.3761393 0.3729663 0.0000000 1.0322617 
S0003_G5894_R1_N 1.3672062 1.3694862 1.0773927 1.1161409 1.0756704 1.1653470 1.2091809 1.2179412 1.0322617 0.0000000 
