10
S0003_G5913_R1_N 0.0000000 1.0389529 1.0463593 1.0938701 1.0841788 1.0367546 1.0607973 0.9547978 0.8450709 0.9183616 
S0051_G5913_R1_A 1.0389529 0.0000000 0.0086166 0.5387390 0.5414538 0.6472411 0.6666959 0.6811168 0.4975346 0.5520189 
S0039_G5913_R1_A 1.0463593 0.0086166 0.0000000 0.5417152 0.5444517 0.6448411 0.6651197 0.6783172 0.4985681 0.5508777 
S0009_G5913_R1_A 1.0938701 0.5387390 0.5417152 0.0000000 0.0048585 0.2529641 0.2801114 0.2645984 0.2239011 0.2494472 
S0010_G5913_R1_A 1.0841788 0.5414538 0.5444517 0.0048585 0.0000000 0.2502220 0.2782842 0.2607355 0.2226938 0.2484189 
S0008_G5913_R1_A 1.0367546 0.6472411 0.6448411 0.2529641 0.2502220 0.0000000 0.2123666 0.1999855 0.1590535 0.2011982 
S0027_G5913_R1_A 1.0607973 0.6666959 0.6651197 0.2801114 0.2782842 0.2123666 0.0000000 0.1690929 0.1851978 0.2267154 
S0014_G5913_R1_A 0.9547978 0.6811168 0.6783172 0.2645984 0.2607355 0.1999855 0.1690929 0.0000000 0.1850752 0.2131675 
S0015_G5913_R1_A 0.8450709 0.4975346 0.4985681 0.2239011 0.2226938 0.1590535 0.1851978 0.1850752 0.0000000 0.1207352 
S0034_G5913_R1_A 0.9183616 0.5520189 0.5508777 0.2494472 0.2484189 0.2011982 0.2267154 0.2131675 0.1207352 0.0000000 
