17
S0039_G5921_R1_A 0.0000000 0.0143217 0.1799957 0.1762438 0.1886079 0.2064558 0.2064558 0.1953100 0.4050576 0.3191930 0.4050576 0.4050576 0.4050576 0.4050576 0.4050576 0.6486197 1.4811242 
S0051_G5921_R1_A 0.0143217 0.0000000 0.1751157 0.1714284 0.1852875 0.2029016 0.2029016 0.1919079 1.0055986 0.8692471 0.9317689 0.9041417 0.9448550 1.0246997 1.0257037 1.1363482 1.6182632 
S0009_G5921_R3_A 0.1799957 0.1751157 0.0000000 0.0026649 0.0162961 0.0258587 0.0252854 0.0223905 0.0000010 0.0000010 0.0000010 0.0000010 0.0000010 0.0000010 0.0000010 0.0000010 1.7163838 
S0010_G5921_R4_A 0.1762438 0.1714284 0.0026649 0.0000000 0.0157234 0.0252605 0.0246888 0.0218033 0.0000010 0.0000010 0.0000010 0.0000010 0.0000010 0.0000010 0.0000010 0.0000010 1.7163838 
S0009_G5921_R2_A 0.1886079 0.1852875 0.0162961 0.0157234 0.0000000 0.0150614 0.0145105 0.0221852 0.0000010 0.0000010 0.0000010 0.0000010 0.0000010 0.0000010 0.0000010 0.0000010 1.6511876 
S0010_G5921_R2_A 0.2064558 0.2029016 0.0258587 0.0252605 0.0150614 0.0000000 0.0005271 0.0306321 0.0000010 0.0000010 0.0000010 0.0000010 0.0000010 0.0000010 0.0000010 0.0000010 1.5979775 
S0010_G5921_R3_A 0.2064558 0.2029016 0.0252854 0.0246888 0.0145105 0.0005271 0.0000000 0.0300579 0.0000010 0.0000010 0.0000010 0.0000010 0.0000010 0.0000010 0.0000010 0.0000010 1.5979775 
S0010_G5921_R5_A 0.1953100 0.1919079 0.0223905 0.0218033 0.0221852 0.0306321 0.0300579 0.0000000 0.0000010 0.0000010 0.0000010 0.0000010 0.0000010 0.0000010 0.0000010 0.0000010 1.6133553 
S0034_G5921_R1_A 0.4050576 1.0055986 0.0000010 0.0000010 0.0000010 0.0000010 0.0000010 0.0000010 0.0000000 0.1086001 0.1219721 0.1501521 0.1455939 0.1567192 0.1549582 0.3580587 0.4552819 
S0015_G5921_R1_A 0.3191930 0.8692471 0.0000010 0.0000010 0.0000010 0.0000010 0.0000010 0.0000010 0.1086001 0.0000000 0.0937493 0.1228653 0.1129517 0.1381369 0.1363077 0.3325419 0.3728845 
S0008_G5921_R1_A 0.4050576 0.9317689 0.0000010 0.0000010 0.0000010 0.0000010 0.0000010 0.0000010 0.1219721 0.0937493 0.0000000 0.0899429 0.0826313 0.1052307 0.1029244 0.2845176 0.3479741 
S0027_G5921_R1_A 0.4050576 0.9041417 0.0000010 0.0000010 0.0000010 0.0000010 0.0000010 0.0000010 0.1501521 0.1228653 0.0899429 0.0000000 0.0806568 0.1204188 0.1181058 0.3325793 0.4508352 
S0014_G5921_R1_A 0.4050576 0.9448550 0.0000010 0.0000010 0.0000010 0.0000010 0.0000010 0.0000010 0.1455939 0.1129517 0.0826313 0.0806568 0.0000000 0.1109705 0.1087201 0.2988944 0.4147474 
S0009_G5921_R1_A 0.4050576 1.0246997 0.0000010 0.0000010 0.0000010 0.0000010 0.0000010 0.0000010 0.1567192 0.1381369 0.1052307 0.1204188 0.1109705 0.0000000 0.0015746 0.3335273 0.4500291 
S0010_G5921_R1_A 0.4050576 1.0257037 0.0000010 0.0000010 0.0000010 0.0000010 0.0000010 0.0000010 0.1549582 0.1363077 0.1029244 0.1181058 0.1087201 0.0015746 0.0000000 0.3303925 0.4376024 
S0034_G5921_R2_A 0.6486197 1.1363482 0.0000010 0.0000010 0.0000010 0.0000010 0.0000010 0.0000010 0.3580587 0.3325419 0.2845176 0.3325793 0.2988944 0.3335273 0.3303925 0.0000000 0.5432291 
S0003_G5921_R1_N 1.4811242 1.6182632 1.7163838 1.7163838 1.6511876 1.5979775 1.5979775 1.6133553 0.4552819 0.3728845 0.3479741 0.4508352 0.4147474 0.4500291 0.4376024 0.5432291 0.0000000 
