12
S0009_G5926_R1_A 0.0000000 0.0000010 0.0000010 0.0000010 0.2966347 0.2889381 0.3486802 0.3882546 0.3087595 0.4393005 0.4611459 1.0535897 
S0010_G5926_R1_A 0.0000010 0.0000000 0.0000010 0.0000010 0.2966347 0.2889381 0.3486802 0.3882546 0.3087595 0.4393005 0.4611459 1.0535897 
S0010_G5926_R2_A 0.0000010 0.0000010 0.0000000 0.0000010 0.2987621 0.2916746 0.3392313 0.3642437 0.3201972 0.4215667 0.4450194 1.0151847 
S0009_G5926_R2_A 0.0000010 0.0000010 0.0000010 0.0000000 0.2989355 0.2855241 0.3332635 0.3616964 0.3146390 0.4197270 0.4465181 0.9800232 
S0014_G5926_R1_A 0.2966347 0.2966347 0.2987621 0.2989355 0.0000000 0.2678336 0.3464591 0.3931521 0.3199006 0.5066764 0.5294538 1.0623662 
S0008_G5926_R1_A 0.2889381 0.2889381 0.2916746 0.2855241 0.2678336 0.0000000 0.2780563 0.3077819 0.3137459 0.5305723 0.5411216 1.0157199 
S0015_G5926_R1_A 0.3486802 0.3486802 0.3392313 0.3332635 0.3464591 0.2780563 0.0000000 0.1871533 0.3574379 0.5374166 0.5672037 1.0318732 
S0034_G5926_R1_A 0.3882546 0.3882546 0.3642437 0.3616964 0.3931521 0.3077819 0.1871533 0.0000000 0.4474478 0.6215968 0.6290624 1.1070272 
S0027_G5926_R1_A 0.3087595 0.3087595 0.3201972 0.3146390 0.3199006 0.3137459 0.3574379 0.4474478 0.0000000 0.4877539 0.5014074 1.1039817 
S0051_G5926_R1_A 0.4393005 0.4393005 0.4215667 0.4197270 0.5066764 0.5305723 0.5374166 0.6215968 0.4877539 0.0000000 0.0357181 1.2245403 
S0039_G5926_R1_A 0.4611459 0.4611459 0.4450194 0.4465181 0.5294538 0.5411216 0.5672037 0.6290624 0.5014074 0.0357181 0.0000000 1.2570363 
S0003_G5926_R1_N 1.0535897 1.0535897 1.0151847 0.9800232 1.0623662 1.0157199 1.0318732 1.1070272 1.1039817 1.2245403 1.2570363 0.0000000 
