10
S0015_G5933_R1_A 0.0000000 0.1846527 0.2589804 0.2570596 0.2390925 0.2936181 0.2948665 0.3601893 0.3892461 0.6920213 
S0034_G5933_R1_A 0.1846527 0.0000000 0.2617983 0.2631544 0.2475007 0.3454325 0.3499394 0.4430853 0.4668413 0.6996091 
S0027_G5933_R1_A 0.2589804 0.2617983 0.0000000 0.1511611 0.1580103 0.2264919 0.2325100 0.4013817 0.4168352 0.7445930 
S0014_G5933_R1_A 0.2570596 0.2631544 0.1511611 0.0000000 0.1918925 0.2807486 0.2833291 0.4134144 0.4293555 0.8157227 
S0008_G5933_R1_A 0.2390925 0.2475007 0.1580103 0.1918925 0.0000000 0.2452728 0.2505026 0.4082428 0.4197248 0.7431106 
S0010_G5933_R1_A 0.2936181 0.3454325 0.2264919 0.2807486 0.2452728 0.0000000 0.0174004 0.3438702 0.3619426 0.6714661 
S0009_G5933_R1_A 0.2948665 0.3499394 0.2325100 0.2833291 0.2505026 0.0174004 0.0000000 0.3397177 0.3574672 0.6712236 
S0039_G5933_R1_A 0.3601893 0.4430853 0.4013817 0.4134144 0.4082428 0.3438702 0.3397177 0.0000000 0.0167068 0.6006240 
S0051_G5933_R1_A 0.3892461 0.4668413 0.4168352 0.4293555 0.4197248 0.3619426 0.3574672 0.0167068 0.0000000 0.6400653 
S0003_G5933_R1_N 0.6920213 0.6996091 0.7445930 0.8157227 0.7431106 0.6714661 0.6712236 0.6006240 0.6400653 0.0000000 
