11
S0039_G5941_R1_A 0.0000000 0.0160627 0.4922432 0.4613473 0.4568797 0.4399662 0.4304945 0.4079065 0.9819078 1.2238411 1.0165976 
S0051_G5941_R1_A 0.0160627 0.0000000 0.5316613 0.5099964 0.5000623 0.4608395 0.4906766 0.4551021 0.9662017 1.3208384 0.9952578 
S0034_G5941_R1_A 0.4922432 0.5316613 0.0000000 0.2127232 0.2160898 0.3344983 0.3020857 0.3711761 0.9244659 1.3497848 0.8627263 
S0008_G5941_R1_A 0.4613473 0.5099964 0.2127232 0.0000000 0.2204506 0.2761132 0.2510354 0.3086867 0.7800573 1.3324687 0.7625034 
S0015_G5941_R1_A 0.4568797 0.5000623 0.2160898 0.2204506 0.0000000 0.3398607 0.2738816 0.3549420 0.9332912 1.4056949 0.9246557 
S0027_G5941_R1_A 0.4399662 0.4608395 0.3344983 0.2761132 0.3398607 0.0000000 0.2914974 0.3978470 0.9314216 1.4129122 0.9439301 
S0014_G5941_R1_A 0.4304945 0.4906766 0.3020857 0.2510354 0.2738816 0.2914974 0.0000000 0.3241135 0.9147485 1.3835414 0.8926908 
S0010_G5941_R1_A 0.4079065 0.4551021 0.3711761 0.3086867 0.3549420 0.3978470 0.3241135 0.0000000 0.5613951 1.0668768 0.5100197 
S0009_G5941_R1_A 0.9819078 0.9662017 0.9244659 0.7800573 0.9332912 0.9314216 0.9147485 0.5613951 0.0000000 1.1478804 0.2217320 
S0003_G5941_R1_N 1.2238411 1.3208384 1.3497848 1.3324687 1.4056949 1.4129122 1.3835414 1.0668768 1.1478804 0.0000000 1.1278556 
S0009_G5941_R2_A 1.0165976 0.9952578 0.8627263 0.7625034 0.9246557 0.9439301 0.8926908 0.5100197 0.2217320 1.1278556 0.0000000 
