12
S0051_G5945_R2_A 0.0000000 0.0198170 0.3769967 0.3954050 0.3546880 0.3292099 0.3803820 0.3772628 0.4158172 0.4076399 0.4430434 1.2175476 
S0039_G5945_R2_A 0.0198170 0.0000000 0.3774280 0.4005264 0.3618094 0.3375052 0.3936074 0.3904242 0.4259425 0.4140132 0.4474190 1.2444095 
S0039_G5945_R1_A 0.3769967 0.3774280 0.0000000 0.0282788 0.3485091 0.3951523 0.3495363 0.3460829 0.4156852 0.4412838 0.4776311 1.0855085 
S0051_G5945_R1_A 0.3954050 0.4005264 0.0282788 0.0000000 0.3598562 0.4036119 0.3588510 0.3553442 0.4382988 0.4579120 0.4868115 1.1151593 
S0027_G5945_R1_A 0.3546880 0.3618094 0.3485091 0.3598562 0.0000000 0.1996480 0.2763796 0.2737171 0.2269787 0.2678877 0.2838019 1.0123502 
S0008_G5945_R1_A 0.3292099 0.3375052 0.3951523 0.4036119 0.1996480 0.0000000 0.2885315 0.2874753 0.2285605 0.2611001 0.2646373 1.0081845 
S0009_G5945_R1_A 0.3803820 0.3936074 0.3495363 0.3588510 0.2763796 0.2885315 0.0000000 0.0027393 0.3592274 0.3877915 0.3914879 1.2447392 
S0010_G5945_R1_A 0.3772628 0.3904242 0.3460829 0.3553442 0.2737171 0.2874753 0.0027393 0.0000000 0.3581436 0.3860560 0.3898074 1.2349335 
S0014_G5945_R1_A 0.4158172 0.4259425 0.4156852 0.4382988 0.2269787 0.2285605 0.3592274 0.3581436 0.0000000 0.2876393 0.3055425 0.9210549 
S0015_G5945_R1_A 0.4076399 0.4140132 0.4412838 0.4579120 0.2678877 0.2611001 0.3877915 0.3860560 0.2876393 0.0000000 0.1912611 1.0501328 
S0034_G5945_R1_A 0.4430434 0.4474190 0.4776311 0.4868115 0.2838019 0.2646373 0.3914879 0.3898074 0.3055425 0.1912611 0.0000000 1.1129799 
S0003_G5945_R1_N 1.2175476 1.2444095 1.0855085 1.1151593 1.0123502 1.0081845 1.2447392 1.2349335 0.9210549 1.0501328 1.1129799 0.0000000 
