13
S0008_G5943_R1_A 0.0000000 0.1252159 0.1331548 0.1260388 0.1408403 0.5744649 0.1792385 0.1805463 0.2498528 0.2449165 0.4658008 1.0039496 1.0813370 
S0034_G5943_R1_A 0.1252159 0.0000000 0.1160120 0.0000010 0.1741064 0.6672845 0.2075910 0.2089776 0.2672335 0.2621622 0.5083164 0.9598021 1.0454562 
S0015_G5943_R1_A 0.1331548 0.1160120 0.0000000 0.1178629 0.2008610 0.6149999 0.2284714 0.2299332 0.2683071 0.2659329 0.5242476 0.9786698 1.0775019 
S0034_G5943_R3_A 0.1260388 0.0000010 0.1178629 0.0000000 0.1706424 0.6712985 0.2071106 0.2085148 0.2691929 0.2640375 0.5113135 0.9811116 1.0712703 
S0027_G5943_R1_A 0.1408403 0.1741064 0.2008610 0.1706424 0.0000000 0.6459901 0.2094313 0.2091123 0.2589547 0.2581180 0.4753755 1.0976417 1.1915846 
S0003_G5943_R1_N 0.5744649 0.6672845 0.6149999 0.6712985 0.6459901 0.0000000 0.6863060 0.6804925 0.7516936 0.7414599 0.6522168 1.4751951 1.4381716 
S0009_G5943_R1_A 0.1792385 0.2075910 0.2284714 0.2071106 0.2094313 0.6863060 0.0000000 0.0025450 0.2878364 0.2840279 0.5160054 1.0215886 1.1243288 
S0010_G5943_R1_A 0.1805463 0.2089776 0.2299332 0.2085148 0.2091123 0.6804925 0.0025450 0.0000000 0.2879913 0.2841808 0.5160054 1.0293436 1.1243288 
S0039_G5943_R1_A 0.2498528 0.2672335 0.2683071 0.2691929 0.2589547 0.7516936 0.2878364 0.2879913 0.0000000 0.0076757 0.4517313 1.0712361 1.1680735 
S0051_G5943_R1_A 0.2449165 0.2621622 0.2659329 0.2640375 0.2581180 0.7414599 0.2840279 0.2841808 0.0076757 0.0000000 0.4360579 1.0881973 1.1884447 
S0039_G5943_R2_A 0.4658008 0.5083164 0.5242476 0.5113135 0.4753755 0.6522168 0.5160054 0.5160054 0.4517313 0.4360579 0.0000000 1.5126437 1.6030909 
S0014_G5943_R1_A 1.0039496 0.9598021 0.9786698 0.9811116 1.0976417 1.4751951 1.0215886 1.0293436 1.0712361 1.0881973 1.5126437 0.0000000 0.2488018 
S0034_G5943_R2_A 1.0813370 1.0454562 1.0775019 1.0712703 1.1915846 1.4381716 1.1243288 1.1243288 1.1680735 1.1884447 1.6030909 0.2488018 0.0000000 
