12
S0027_G5944_R1_A 0.0000000 0.3718607 0.6234195 0.6253983 0.3964704 0.6288757 0.6540045 0.7687591 0.7744989 1.3125278 0.9286027 0.8760944 
S0014_G5944_R1_A 0.3718607 0.0000000 0.4928691 0.4869093 0.3347239 0.4611234 0.4786627 0.6739338 0.6177770 1.1597746 0.8604511 0.8351040 
S0039_G5944_R1_A 0.6234195 0.4928691 0.0000000 0.0107446 0.4150649 0.4353730 0.4493473 0.5855106 0.5762905 1.2302247 0.7986255 0.8243840 
S0051_G5944_R1_A 0.6253983 0.4869093 0.0107446 0.0000000 0.4108549 0.4364868 0.4515817 0.5758475 0.5722275 1.1898681 0.8013934 0.8309475 
S0008_G5944_R1_A 0.3964704 0.3347239 0.4150649 0.4108549 0.0000000 0.3846481 0.3942276 0.5283315 0.4918124 1.1249886 0.7828160 0.7473703 
S0009_G5944_R1_A 0.6288757 0.4611234 0.4353730 0.4364868 0.3846481 0.0000000 0.0128736 0.5896680 0.5699915 1.1251822 0.8730839 0.8966572 
S0010_G5944_R1_A 0.6540045 0.4786627 0.4493473 0.4515817 0.3942276 0.0128736 0.0000000 0.5866254 0.5792981 1.1333583 0.8693384 0.9004485 
S0015_G5944_R1_A 0.7687591 0.6739338 0.5855106 0.5758475 0.5283315 0.5896680 0.5866254 0.0000000 0.1027104 0.9943339 0.4136692 0.4053165 
S0015_G5944_R2_A 0.7744989 0.6177770 0.5762905 0.5722275 0.4918124 0.5699915 0.5792981 0.1027104 0.0000000 1.0448811 0.3781503 0.3824826 
S0003_G5944_R1_N 1.3125278 1.1597746 1.2302247 1.1898681 1.1249886 1.1251822 1.1333583 0.9943339 1.0448811 0.0000000 1.1201070 1.0854560 
S0034_G5944_R1_A 0.9286027 0.8604511 0.7986255 0.8013934 0.7828160 0.8730839 0.8693384 0.4136692 0.3781503 1.1201070 0.0000000 0.0827194 
S0034_G5944_R2_A 0.8760944 0.8351040 0.8243840 0.8309475 0.7473703 0.8966572 0.9004485 0.4053165 0.3824826 1.0854560 0.0827194 0.0000000 
