12
S0039_G5950_R1_A 0.0000000 0.0095836 0.6001489 0.6328714 0.5999964 0.6271866 0.5957818 0.5481276 0.5579487 0.7867561 0.7873702 1.3005369 
S0051_G5950_R1_A 0.0095836 0.0000000 0.6251270 0.6124565 0.6359801 0.6483041 0.6154588 0.5693699 0.5791724 0.8247858 0.8383843 1.4008621 
S0015_G5950_R1_A 0.6001489 0.6251270 0.0000000 0.2259813 0.1966245 0.6049415 0.2829250 0.5485174 0.5492511 0.3707108 0.3617781 1.1240922 
S0014_G5950_R1_A 0.6328714 0.6124565 0.2259813 0.0000000 0.2140530 0.5801692 0.2296874 0.5563289 0.5561980 0.3424023 0.3300104 1.0465609 
S0008_G5950_R1_A 0.5999964 0.6359801 0.1966245 0.2140530 0.0000000 0.5723403 0.2433372 0.5003287 0.4988477 0.3344582 0.3123827 1.0967704 
S0034_G5950_R1_A 0.6271866 0.6483041 0.6049415 0.5801692 0.5723403 0.0000000 0.5261493 0.3704503 0.3757953 0.7185597 0.7300517 1.4271718 
S0027_G5950_R1_A 0.5957818 0.6154588 0.2829250 0.2296874 0.2433372 0.5261493 0.0000000 0.5508869 0.5508745 0.3653446 0.3397683 1.1478417 
S0009_G5950_R1_A 0.5481276 0.5693699 0.5485174 0.5563289 0.5003287 0.3704503 0.5508869 0.0000000 0.0039107 0.6045735 0.6406194 1.2452557 
S0010_G5950_R1_A 0.5579487 0.5791724 0.5492511 0.5561980 0.4988477 0.3757953 0.5508745 0.0039107 0.0000000 0.6077115 0.6406316 1.2563251 
S0009_G5950_R2_A 0.7867561 0.8247858 0.3707108 0.3424023 0.3344582 0.7185597 0.3653446 0.6045735 0.6077115 0.0000000 0.1146687 0.9636709 
S0010_G5950_R2_A 0.7873702 0.8383843 0.3617781 0.3300104 0.3123827 0.7300517 0.3397683 0.6406194 0.6406316 0.1146687 0.0000000 0.8865398 
S0003_G5950_R1_N 1.3005369 1.4008621 1.1240922 1.0465609 1.0967704 1.4271718 1.1478417 1.2452557 1.2563251 0.9636709 0.8865398 0.0000000 
