10
S0051_G5958_R1_A 0.0000000 0.0209794 0.5202523 0.5309815 0.7805457 0.7066786 0.6882878 0.6834776 0.7853358 1.1574829 
S0039_G5958_R1_A 0.0209794 0.0000000 0.5310219 0.5458048 0.8034109 0.7153102 0.6871492 0.6642258 0.7844968 1.1256719 
S0009_G5958_R1_A 0.5202523 0.5310219 0.0000000 0.0231964 0.4801021 0.5039898 0.5057311 0.5690333 0.5375999 1.0538809 
S0010_G5958_R1_A 0.5309815 0.5458048 0.0231964 0.0000000 0.4682752 0.4940699 0.4975059 0.5725541 0.5256108 1.0462891 
S0008_G5958_R1_A 0.7805457 0.8034109 0.4801021 0.4682752 0.0000000 0.3145569 0.3767744 0.4710968 0.3452807 1.0584322 
S0034_G5958_R1_A 0.7066786 0.7153102 0.5039898 0.4940699 0.3145569 0.0000000 0.3207319 0.5620654 0.4245996 1.0761123 
S0015_G5958_R1_A 0.6882878 0.6871492 0.5057311 0.4975059 0.3767744 0.3207319 0.0000000 0.5031121 0.4417533 0.9869709 
S0027_G5958_R1_A 0.6834776 0.6642258 0.5690333 0.5725541 0.4710968 0.5620654 0.5031121 0.0000000 0.3514476 1.1204572 
S0014_G5958_R1_A 0.7853358 0.7844968 0.5375999 0.5256108 0.3452807 0.4245996 0.4417533 0.3514476 0.0000000 0.9750211 
S0003_G5958_R1_N 1.1574829 1.1256719 1.0538809 1.0462891 1.0584322 1.0761123 0.9869709 1.1204572 0.9750211 0.0000000 
