13
S0015_G5960_R1_A 0.0000000 0.1415948 0.1410153 0.1579890 0.8106012 0.6442476 0.1686148 0.1816733 0.1866837 0.8003248 0.8186520 0.4804717 1.0605682 
S0034_G5960_R1_A 0.1415948 0.0000000 0.1541932 0.1769037 0.7602501 0.6315294 0.1937587 0.1977502 0.1980730 0.8076720 0.8261027 0.4729520 1.0266119 
S0008_G5960_R1_A 0.1410153 0.1541932 0.0000000 0.1345517 0.7759364 0.5943392 0.1362886 0.1563886 0.1611630 0.7861981 0.8043507 0.4154138 0.9723716 
S0014_G5960_R1_A 0.1579890 0.1769037 0.1345517 0.0000000 0.7550804 0.6007697 0.1460651 0.1638423 0.1668887 0.8415193 0.8607174 0.4236925 1.0040731 
S0051_G5960_R1_A 0.8106012 0.7602501 0.7759364 0.7550804 0.0000000 1.1931968 0.8585922 0.8741846 0.8782724 0.9677002 0.9677002 0.9154105 1.3242991 
S0003_G5960_R1_N 0.6442476 0.6315294 0.5943392 0.6007697 1.1931968 0.0000000 0.6087367 0.6016620 0.6040020 1.2091387 1.2293438 0.7253804 1.0800125 
S0027_G5960_R1_A 0.1686148 0.1937587 0.1362886 0.1460651 0.8585922 0.6087367 0.0000000 0.1651084 0.1695084 0.8376976 0.8575797 0.4238316 1.1098776 
S0009_G5960_R1_A 0.1816733 0.1977502 0.1563886 0.1638423 0.8741846 0.6016620 0.1651084 0.0000000 0.0033304 0.8462986 0.8593228 0.4555051 1.1161362 
S0010_G5960_R1_A 0.1866837 0.1980730 0.1611630 0.1668887 0.8782724 0.6040020 0.1695084 0.0033304 0.0000000 0.8481828 0.8611994 0.4574313 1.1161362 
S0009_G5960_R2_A 0.8003248 0.8076720 0.7861981 0.8415193 0.9677002 1.2091387 0.8376976 0.8462986 0.8481828 0.0000000 0.0064910 1.0036429 1.3224189 
S0010_G5960_R2_A 0.8186520 0.8261027 0.8043507 0.8607174 0.9677002 1.2293438 0.8575797 0.8593228 0.8611994 0.0064910 0.0000000 1.0209225 1.3224189 
S0039_G5960_R1_A 0.4804717 0.4729520 0.4154138 0.4236925 0.9154105 0.7253804 0.4238316 0.4555051 0.4574313 1.0036429 1.0209225 0.0000000 1.0911568 
S0003_G5960_R2_N 1.0605682 1.0266119 0.9723716 1.0040731 1.3242991 1.0800125 1.1098776 1.1161362 1.1161362 1.3224189 1.3224189 1.0911568 0.0000000 
