12
S0051_G5974_R1_A 0.0000000 0.0221653 0.3412470 0.3575635 0.4913658 0.4357822 0.5438735 0.4065270 0.4610806 0.4961173 0.5610757 1.0864474 
S0039_G5974_R1_A 0.0221653 0.0000000 0.3507621 0.3655841 0.4787432 0.4341050 0.5326140 0.3900531 0.4544015 0.4857683 0.5527522 1.0619501 
S0009_G5974_R1_A 0.3412470 0.3507621 0.0000000 0.0292848 0.2937497 0.2680340 0.4102435 0.2662821 0.2768408 0.2795746 0.3703401 0.9731313 
S0010_G5974_R1_A 0.3575635 0.3655841 0.0292848 0.0000000 0.3035494 0.2796562 0.4023456 0.2726938 0.2785753 0.2881808 0.3785127 0.9689954 
S0034_G5974_R1_A 0.4913658 0.4787432 0.2937497 0.3035494 0.0000000 0.1264185 0.4194253 0.2852370 0.2595871 0.2248202 0.3347023 0.9305883 
S0015_G5974_R1_A 0.4357822 0.4341050 0.2680340 0.2796562 0.1264185 0.0000000 0.3994029 0.2574525 0.2361477 0.2086724 0.3038785 0.9161256 
S0027_G5974_R1_A 0.5438735 0.5326140 0.4102435 0.4023456 0.4194253 0.3994029 0.0000000 0.1366678 0.3298632 0.4053116 0.5150254 1.0875011 
S0027_G5974_R2_A 0.4065270 0.3900531 0.2662821 0.2726938 0.2852370 0.2574525 0.1366678 0.0000000 0.1857225 0.2632611 0.3411060 0.9389130 
S0014_G5974_R1_A 0.4610806 0.4544015 0.2768408 0.2785753 0.2595871 0.2361477 0.3298632 0.1857225 0.0000000 0.2321291 0.3132870 0.8952030 
S0008_G5974_R2_A 0.4961173 0.4857683 0.2795746 0.2881808 0.2248202 0.2086724 0.4053116 0.2632611 0.2321291 0.0000000 0.1231896 0.7845164 
S0008_G5974_R1_A 0.5610757 0.5527522 0.3703401 0.3785127 0.3347023 0.3038785 0.5150254 0.3411060 0.3132870 0.1231896 0.0000000 0.7885128 
S0003_G5974_R1_N 1.0864474 1.0619501 0.9731313 0.9689954 0.9305883 0.9161256 1.0875011 0.9389130 0.8952030 0.7845164 0.7885128 0.0000000 
