10
S0051_G5981_R1_A 0.0000000 0.0146795 0.3960558 0.3927981 0.4787981 0.4196447 0.5045470 0.4874780 0.4766762 0.7777050 
S0039_G5981_R1_A 0.0146795 0.0000000 0.3945139 0.3957390 0.4806062 0.4189062 0.5066310 0.4896718 0.4728289 0.7881718 
S0009_G5981_R1_A 0.3960558 0.3945139 0.0000000 0.0509681 0.2523038 0.2364754 0.3051017 0.2711527 0.2643768 0.7288612 
S0010_G5981_R1_A 0.3927981 0.3957390 0.0509681 0.0000000 0.2433320 0.2350977 0.3022282 0.2702008 0.2562252 0.6845687 
S0008_G5981_R1_A 0.4787981 0.4806062 0.2523038 0.2433320 0.0000000 0.2282443 0.2115357 0.2020691 0.2404476 0.6959252 
S0027_G5981_R1_A 0.4196447 0.4189062 0.2364754 0.2350977 0.2282443 0.0000000 0.2335317 0.2110081 0.1838825 0.6618991 
S0034_G5981_R1_A 0.5045470 0.5066310 0.3051017 0.3022282 0.2115357 0.2335317 0.0000000 0.1418713 0.2444662 0.6816522 
S0015_G5981_R1_A 0.4874780 0.4896718 0.2711527 0.2702008 0.2020691 0.2110081 0.1418713 0.0000000 0.2319086 0.7230075 
S0014_G5981_R1_A 0.4766762 0.4728289 0.2643768 0.2562252 0.2404476 0.1838825 0.2444662 0.2319086 0.0000000 0.7680557 
S0003_G5981_R1_N 0.7777050 0.7881718 0.7288612 0.6845687 0.6959252 0.6618991 0.6816522 0.7230075 0.7680557 0.0000000 
