10
S0014_G6000_R1_A 0.0000000 0.2026378 0.2735488 0.2142081 0.3022490 0.3068427 0.3068427 0.4652013 0.4649246 0.9798153 
S0027_G6000_R1_A 0.2026378 0.0000000 0.3035666 0.2459214 0.3377499 0.3029385 0.3029385 0.4422678 0.4434665 0.9531802 
S0015_G6000_R1_A 0.2735488 0.3035666 0.0000000 0.2503099 0.2482445 0.3462499 0.3462499 0.4882536 0.4954733 0.9914893 
S0008_G6000_R1_A 0.2142081 0.2459214 0.2503099 0.0000000 0.2721866 0.2982194 0.2982194 0.4503811 0.4537179 0.9464981 
S0034_G6000_R1_A 0.3022490 0.3377499 0.2482445 0.2721866 0.0000000 0.3748987 0.3748987 0.5464541 0.5507029 0.9918363 
S0009_G6000_R1_A 0.3068427 0.3029385 0.3462499 0.2982194 0.3748987 0.0000000 0.0000010 0.3913572 0.3906116 0.7765737 
S0010_G6000_R1_A 0.3068427 0.3029385 0.3462499 0.2982194 0.3748987 0.0000010 0.0000000 0.3913572 0.3906116 0.7765737 
S0039_G6000_R1_A 0.4652013 0.4422678 0.4882536 0.4503811 0.5464541 0.3913572 0.3913572 0.0000000 0.0075496 1.0613755 
S0051_G6000_R1_A 0.4649246 0.4434665 0.4954733 0.4537179 0.5507029 0.3906116 0.3906116 0.0075496 0.0000000 1.0688887 
S0003_G6000_R1_N 0.9798153 0.9531802 0.9914893 0.9464981 0.9918363 0.7765737 0.7765737 1.0613755 1.0688887 0.0000000 
