10
S0051_G6026_R1_A 0.0000000 0.4770558 0.5353174 0.5263259 0.5662224 0.6186833 0.5046836 0.7931973 0.5304428 1.5011672 
S0027_G6026_R1_A 0.4770558 0.0000000 0.2370006 0.1684921 0.3346611 0.3234594 0.3403833 0.4492729 0.3650545 1.3181108 
S0008_G6026_R1_A 0.5353174 0.2370006 0.0000000 0.2264735 0.3028160 0.3274010 0.3753467 0.4968000 0.3875695 1.4347960 
S0014_G6026_R1_A 0.5263259 0.1684921 0.2264735 0.0000000 0.3037019 0.3077217 0.3858529 0.4795337 0.4249797 1.3960517 
S0015_G6026_R1_A 0.5662224 0.3346611 0.3028160 0.3037019 0.0000000 0.2281268 0.4784100 0.6376305 0.5046876 1.4597114 
S0034_G6026_R1_A 0.6186833 0.3234594 0.3274010 0.3077217 0.2281268 0.0000000 0.4583377 0.5364610 0.4563388 1.3965200 
S0010_G6026_R1_A 0.5046836 0.3403833 0.3753467 0.3858529 0.4784100 0.4583377 0.0000000 0.1738013 0.1714662 1.1425519 
S0039_G6026_R1_A 0.7931973 0.4492729 0.4968000 0.4795337 0.6376305 0.5364610 0.1738013 0.0000000 0.2057084 1.0144945 
S0009_G6026_R1_A 0.5304428 0.3650545 0.3875695 0.4249797 0.5046876 0.4563388 0.1714662 0.2057084 0.0000000 1.0489411 
S0003_G6026_R1_N 1.5011672 1.3181108 1.4347960 1.3960517 1.4597114 1.3965200 1.1425519 1.0144945 1.0489411 0.0000000 
