9
S0003_G6036_R1_N 0.0000000 0.8549370 0.8527066 0.7614672 0.8424072 0.7156510 0.7177780 0.8409607 0.8410231 
S0008_G6036_R1_A 0.8549370 0.0000000 0.1366774 0.1454394 0.1402107 0.3153519 0.3149063 0.2049448 0.2035293 
S0027_G6036_R1_A 0.8527066 0.1366774 0.0000000 0.0000010 0.1586713 0.2707218 0.2731135 0.2298005 0.2266287 
S0027_G6036_R2_A 0.7614672 0.1454394 0.0000010 0.0000000 0.1609810 0.2348262 0.2357538 0.2240984 0.2207934 
S0014_G6036_R1_A 0.8424072 0.1402107 0.1586713 0.1609810 0.0000000 0.3557855 0.3576325 0.2314414 0.2282673 
S0039_G6036_R1_A 0.7156510 0.3153519 0.2707218 0.2348262 0.3557855 0.0000000 0.0080788 0.3515565 0.3467906 
S0051_G6036_R1_A 0.7177780 0.3149063 0.2731135 0.2357538 0.3576325 0.0080788 0.0000000 0.3522938 0.3475147 
S0009_G6036_R1_A 0.8409607 0.2049448 0.2298005 0.2240984 0.2314414 0.3515565 0.3522938 0.0000000 0.0026101 
S0010_G6036_R1_A 0.8410231 0.2035293 0.2266287 0.2207934 0.2282673 0.3467906 0.3475147 0.0026101 0.0000000 
