10
S0051_G6034_R1_A 0.0000000 0.0125299 0.4548430 0.4554531 0.6631410 0.5984120 0.6029941 0.6021317 0.6377100 1.1030468 
S0039_G6034_R1_A 0.0125299 0.0000000 0.4523360 0.4543284 0.6514254 0.5877590 0.5900454 0.5937236 0.6326842 1.1099358 
S0009_G6034_R1_A 0.4548430 0.4523360 0.0000000 0.0157288 0.4143807 0.3727077 0.3888410 0.4055762 0.4493865 0.9664503 
S0010_G6034_R1_A 0.4554531 0.4543284 0.0157288 0.0000000 0.4144489 0.3768465 0.3983368 0.4207499 0.4610582 0.9532458 
S0008_G6034_R1_A 0.6631410 0.6514254 0.4143807 0.4144489 0.0000000 0.3361711 0.2650309 0.3795281 0.3939735 1.1712649 
S0014_G6034_R1_A 0.5984120 0.5877590 0.3727077 0.3768465 0.3361711 0.0000000 0.2654210 0.3762867 0.4136534 1.0855587 
S0027_G6034_R1_A 0.6029941 0.5900454 0.3888410 0.3983368 0.2650309 0.2654210 0.0000000 0.3559300 0.3866214 1.1804709 
S0015_G6034_R1_A 0.6021317 0.5937236 0.4055762 0.4207499 0.3795281 0.3762867 0.3559300 0.0000000 0.2122531 1.1820848 
S0034_G6034_R1_A 0.6377100 0.6326842 0.4493865 0.4610582 0.3939735 0.4136534 0.3866214 0.2122531 0.0000000 1.1381881 
S0003_G6034_R1_N 1.1030468 1.1099358 0.9664503 0.9532458 1.1712649 1.0855587 1.1804709 1.1820848 1.1381881 0.0000000 
