16
S0003_G6038_R1_N 0.0000000 1.2329684 0.9082072 0.9158840 0.9196278 0.9595287 0.9786250 0.9451946 1.0088180 0.9537691 0.9278957 0.9307075 1.1086739 1.1388410 0.9910431 0.9966251 
S0003_G6038_R2_N 1.2329684 0.0000000 1.3845358 1.4640665 1.1156993 1.1523117 1.1745430 1.1663134 1.2065176 1.0787850 1.1401198 1.1417804 1.2875559 1.2962858 1.2072824 1.1993000 
S0027_G6038_R1_A 0.9082072 1.3845358 0.0000000 0.1795535 0.9519897 1.0965223 1.1400816 1.0887352 1.1609967 1.1304625 1.2283862 1.2171811 1.2643121 1.2861116 1.2381425 1.2494573 
S0014_G6038_R1_A 0.9158840 1.4640665 0.1795535 0.0000000 1.0821802 1.1926128 1.2095653 1.1882461 1.2778336 1.1945466 1.2799583 1.2810543 1.2629980 1.2892049 1.2687345 1.2814440 
S0008_G6038_R1_A 0.9196278 1.1156993 0.9519897 1.0821802 0.0000000 0.2252508 0.2433847 0.2077448 0.2212370 0.2874763 0.3998503 0.3992021 0.4621316 0.4665006 0.4478426 0.4457435 
S0009_G6038_R1_A 0.9595287 1.1523117 1.0965223 1.1926128 0.2252508 0.0000000 0.0322425 0.2983353 0.3361558 0.4089178 0.5103418 0.5115320 0.3841215 0.3851645 0.5446767 0.5392656 
S0010_G6038_R1_A 0.9786250 1.1745430 1.1400816 1.2095653 0.2433847 0.0322425 0.0000000 0.3149340 0.3495913 0.4303870 0.5414956 0.5413772 0.3950580 0.3973306 0.5739463 0.5685194 
S0015_G6038_R1_A 0.9451946 1.1663134 1.0887352 1.1882461 0.2077448 0.2983353 0.3149340 0.0000000 0.1592966 0.3979478 0.4804145 0.4897919 0.4991077 0.4979760 0.5281956 0.5218816 
S0034_G6038_R1_A 1.0088180 1.2065176 1.1609967 1.2778336 0.2212370 0.3361558 0.3495913 0.1592966 0.0000000 0.3958654 0.4688771 0.4894064 0.5467278 0.5484461 0.5428808 0.5391465 
S0008_G6038_R2_A 0.9537691 1.0787850 1.1304625 1.1945466 0.2874763 0.4089178 0.4303870 0.3979478 0.3958654 0.0000000 0.2021104 0.1989053 0.5695158 0.5706388 0.2364417 0.2334683 
S0034_G6038_R3_A 0.9278957 1.1401198 1.2283862 1.2799583 0.3998503 0.5103418 0.5414956 0.4804145 0.4688771 0.2021104 0.0000000 0.1877576 0.6290084 0.6333321 0.3236889 0.3223080 
S0015_G6038_R2_A 0.9307075 1.1417804 1.2171811 1.2810543 0.3992021 0.5115320 0.5413772 0.4897919 0.4894064 0.1989053 0.1877576 0.0000000 0.6414107 0.6358584 0.3208169 0.3192398 
S0039_G6038_R1_A 1.1086739 1.2875559 1.2643121 1.2629980 0.4621316 0.3841215 0.3950580 0.4991077 0.5467278 0.5695158 0.6290084 0.6414107 0.0000000 0.0133510 0.7034091 0.7037349 
S0051_G6038_R1_A 1.1388410 1.2962858 1.2861116 1.2892049 0.4665006 0.3851645 0.3973306 0.4979760 0.5484461 0.5706388 0.6333321 0.6358584 0.0133510 0.0000000 0.7048584 0.7027582 
S0009_G6038_R3_A 0.9910431 1.2072824 1.2381425 1.2687345 0.4478426 0.5446767 0.5739463 0.5281956 0.5428808 0.2364417 0.3236889 0.3208169 0.7034091 0.7048584 0.0000000 0.0034886 
S0010_G6038_R3_A 0.9966251 1.1993000 1.2494573 1.2814440 0.4457435 0.5392656 0.5685194 0.5218816 0.5391465 0.2334683 0.3223080 0.3192398 0.7037349 0.7027582 0.0034886 0.0000000 
