10
S0003_G6041_R1_N 0.0000000 0.9666464 1.0570936 1.0722515 1.0133994 0.9884920 1.0050068 1.0340416 1.0637519 1.0651332 
S0008_G6041_R1_A 0.9666464 0.0000000 0.1760760 0.1757175 0.1264506 0.1265192 0.1243742 0.1503941 0.2548910 0.2508186 
S0009_G6041_R1_A 1.0570936 0.1760760 0.0000000 0.0131928 0.1889409 0.1949793 0.2041179 0.2428943 0.2639795 0.2598135 
S0010_G6041_R1_A 1.0722515 0.1757175 0.0131928 0.0000000 0.1857089 0.1973272 0.2035153 0.2423363 0.2618312 0.2576793 
S0014_G6041_R1_A 1.0133994 0.1264506 0.1889409 0.1857089 0.0000000 0.1126410 0.1583337 0.1883404 0.2766101 0.2706393 
S0027_G6041_R1_A 0.9884920 0.1265192 0.1949793 0.1973272 0.1126410 0.0000000 0.1566784 0.1854436 0.2888587 0.2854304 
S0015_G6041_R1_A 1.0050068 0.1243742 0.2041179 0.2035153 0.1583337 0.1566784 0.0000000 0.1284481 0.2873380 0.2828343 
S0034_G6041_R1_A 1.0340416 0.1503941 0.2428943 0.2423363 0.1883404 0.1854436 0.1284481 0.0000000 0.3221614 0.3207414 
S0039_G6041_R1_A 1.0637519 0.2548910 0.2639795 0.2618312 0.2766101 0.2888587 0.2873380 0.3221614 0.0000000 0.0088061 
S0051_G6041_R1_A 1.0651332 0.2508186 0.2598135 0.2576793 0.2706393 0.2854304 0.2828343 0.3207414 0.0088061 0.0000000 
