9
S0027_G6056_R1_A 0.0000000 0.4194969 0.4201164 0.3533438 0.3580731 0.4113351 0.2923149 0.6638378 0.6506978 
S0009_G6056_R1_A 0.4194969 0.0000000 0.0069844 0.2845387 0.2617532 0.3016192 0.2792623 0.4178832 0.4089260 
S0010_G6056_R1_A 0.4201164 0.0069844 0.0000000 0.2887418 0.2646799 0.3048704 0.2841549 0.4263801 0.4173076 
S0015_G6056_R1_A 0.3533438 0.2845387 0.2887418 0.0000000 0.1815855 0.1765669 0.2142298 0.4679661 0.4610415 
S0008_G6056_R1_A 0.3580731 0.2617532 0.2646799 0.1815855 0.0000000 0.2119669 0.1807785 0.4558403 0.4469099 
S0034_G6056_R1_A 0.4113351 0.3016192 0.3048704 0.1765669 0.2119669 0.0000000 0.2611234 0.4840461 0.4786546 
S0014_G6056_R1_A 0.2923149 0.2792623 0.2841549 0.2142298 0.1807785 0.2611234 0.0000000 0.4518838 0.4445991 
S0039_G6056_R1_A 0.6638378 0.4178832 0.4263801 0.4679661 0.4558403 0.4840461 0.4518838 0.0000000 0.0179707 
S0051_G6056_R1_A 0.6506978 0.4089260 0.4173076 0.4610415 0.4469099 0.4786546 0.4445991 0.0179707 0.0000000 
