6
S0009_G6051_R1_A 0.0000000 0.0287513 0.6518413 0.4247621 0.4210779 0.4461254 
S0010_G6051_R1_A 0.0287513 0.0000000 0.6689842 0.4188410 0.4151784 0.4394553 
S0003_G6051_R1_N 0.6518413 0.6689842 0.0000000 0.7696437 0.7575170 0.7853629 
S0039_G6051_R1_A 0.4247621 0.4188410 0.7696437 0.0000000 0.0113875 0.0610071 
S0051_G6051_R1_A 0.4210779 0.4151784 0.7575170 0.0113875 0.0000000 0.0567059 
S0051_G6051_R2_A 0.4461254 0.4394553 0.7853629 0.0610071 0.0567059 0.0000000 
