10
S0027_G6098_R1_A 0.0000000 0.1134747 0.1958826 0.1773689 0.3831363 0.3784431 0.3075831 0.2663708 0.2675190 0.8549804 
S0014_G6098_R1_A 0.1134747 0.0000000 0.2041058 0.1835018 0.3180643 0.3161612 0.2650268 0.2353276 0.2364217 0.8511688 
S0015_G6098_R1_A 0.1958826 0.2041058 0.0000000 0.1802056 0.3360381 0.3334765 0.1574024 0.2376140 0.2387181 0.7575406 
S0008_G6098_R1_A 0.1773689 0.1835018 0.1802056 0.0000000 0.3812404 0.3687726 0.1987739 0.2132265 0.2115890 0.7589986 
S0039_G6098_R1_A 0.3831363 0.3180643 0.3360381 0.3812404 0.0000000 0.0451273 0.4303386 0.3882933 0.3867546 0.8375318 
S0051_G6098_R1_A 0.3784431 0.3161612 0.3334765 0.3687726 0.0451273 0.0000000 0.4204441 0.4028729 0.4013129 0.8321318 
S0034_G6098_R1_A 0.3075831 0.2650268 0.1574024 0.1987739 0.4303386 0.4204441 0.0000000 0.2280356 0.2288494 0.7078588 
S0009_G6098_R1_A 0.2663708 0.2353276 0.2376140 0.2132265 0.3882933 0.4028729 0.2280356 0.0000000 0.0011011 0.6747125 
S0010_G6098_R1_A 0.2675190 0.2364217 0.2387181 0.2115890 0.3867546 0.4013129 0.2288494 0.0011011 0.0000000 0.6770663 
S0003_G6098_R1_N 0.8549804 0.8511688 0.7575406 0.7589986 0.8375318 0.8321318 0.7078588 0.6747125 0.6770663 0.0000000 
