10
S0014_G6119_R1_A 0.0000000 0.1201433 0.2977545 0.2971578 0.9954643 0.1362689 0.2180441 0.1844750 0.1785951 0.1753460 
S0027_G6119_R1_A 0.1201433 0.0000000 0.3500702 0.3513076 1.1786862 0.1732824 0.2575238 0.2205841 0.2340036 0.2304160 
S0039_G6119_R1_A 0.2977545 0.3500702 0.0000000 0.0072576 1.3246856 0.3460312 0.3876042 0.3375971 0.3045252 0.3006037 
S0051_G6119_R1_A 0.2971578 0.3513076 0.0072576 0.0000000 1.3192193 0.3517986 0.3935989 0.3454461 0.3063022 0.3023730 
S0003_G6119_R1_N 0.9954643 1.1786862 1.3246856 1.3192193 0.0000000 0.9434833 1.1471535 1.0272968 1.0317679 1.0471376 
S0008_G6119_R1_A 0.1362689 0.1732824 0.3460312 0.3517986 0.9434833 0.0000000 0.2003761 0.1721699 0.1989918 0.1955259 
S0034_G6119_R1_A 0.2180441 0.2575238 0.3876042 0.3935989 1.1471535 0.2003761 0.0000000 0.1596424 0.2559472 0.2523090 
S0015_G6119_R1_A 0.1844750 0.2205841 0.3375971 0.3454461 1.0272968 0.1721699 0.1596424 0.0000000 0.2273216 0.2238135 
S0009_G6119_R1_A 0.1785951 0.2340036 0.3045252 0.3063022 1.0317679 0.1989918 0.2559472 0.2273216 0.0000000 0.0048177 
S0010_G6119_R1_A 0.1753460 0.2304160 0.3006037 0.3023730 1.0471376 0.1955259 0.2523090 0.2238135 0.0048177 0.0000000 
