11
S0039_G6139_R1_A 0.0000000 0.0094835 0.4213620 0.4403589 0.4489197 0.3300954 0.3330131 0.7059812 0.7533615 0.4292255 1.2542875 
S0051_G6139_R1_A 0.0094835 0.0000000 0.4599798 0.4725371 0.4525776 0.3246681 0.3280526 0.6003144 0.6695044 0.4177354 1.1077534 
S0015_G6139_R1_A 0.4213620 0.4599798 0.0000000 0.1289557 0.1625276 0.2304532 0.2278764 0.5744960 0.6287331 0.2332420 1.0431282 
S0034_G6139_R1_A 0.4403589 0.4725371 0.1289557 0.0000000 0.1875599 0.2545327 0.2518302 0.6042137 0.6347938 0.2494966 1.0775618 
S0014_G6139_R1_A 0.4489197 0.4525776 0.1625276 0.1875599 0.0000000 0.1865151 0.1834125 0.5986755 0.6581919 0.1908887 1.0889065 
S0009_G6139_R1_A 0.3300954 0.3246681 0.2304532 0.2545327 0.1865151 0.0000000 0.0027080 0.5952014 0.6714269 0.2215903 1.0496953 
S0010_G6139_R1_A 0.3330131 0.3280526 0.2278764 0.2518302 0.1834125 0.0027080 0.0000000 0.5944353 0.6706624 0.2208678 1.0579216 
S0008_G6139_R1_A 0.7059812 0.6003144 0.5744960 0.6042137 0.5986755 0.5952014 0.5944353 0.0000000 0.1264437 0.6248306 1.3402198 
S0014_G6139_R2_A 0.7533615 0.6695044 0.6287331 0.6347938 0.6581919 0.6714269 0.6706624 0.1264437 0.0000000 0.6716188 1.3587114 
S0027_G6139_R1_A 0.4292255 0.4177354 0.2332420 0.2494966 0.1908887 0.2215903 0.2208678 0.6248306 0.6716188 0.0000000 0.9661438 
S0003_G6139_R1_N 1.2542875 1.1077534 1.0431282 1.0775618 1.0889065 1.0496953 1.0579216 1.3402198 1.3587114 0.9661438 0.0000000 
