10
S0051_G6130_R1_A 0.0000000 0.0083709 0.3150936 0.3940687 0.4248383 0.3519972 0.3475841 0.3836848 0.3316639 0.8991683 
S0039_G6130_R1_A 0.0083709 0.0000000 0.3314151 0.4109425 0.4479096 0.3635664 0.3588987 0.3986177 0.3480197 0.8976351 
S0008_G6130_R1_A 0.3150936 0.3314151 0.0000000 0.1606090 0.1819257 0.2172495 0.2175310 0.2100979 0.1815694 0.9710698 
S0015_G6130_R1_A 0.3940687 0.4109425 0.1606090 0.0000000 0.1547754 0.2268904 0.2259350 0.2531833 0.2152132 1.0927922 
S0034_G6130_R1_A 0.4248383 0.4479096 0.1819257 0.1547754 0.0000000 0.2661644 0.2651055 0.3060713 0.2140394 1.0637270 
S0009_G6130_R1_A 0.3519972 0.3635664 0.2172495 0.2268904 0.2661644 0.0000000 0.0036197 0.2879973 0.2409885 1.0278004 
S0010_G6130_R1_A 0.3475841 0.3588987 0.2175310 0.2259350 0.2651055 0.0036197 0.0000000 0.2876783 0.2431527 1.0385630 
S0027_G6130_R1_A 0.3836848 0.3986177 0.2100979 0.2531833 0.3060713 0.2879973 0.2876783 0.0000000 0.1665974 1.0562299 
S0014_G6130_R1_A 0.3316639 0.3480197 0.1815694 0.2152132 0.2140394 0.2409885 0.2431527 0.1665974 0.0000000 0.9914488 
S0003_G6130_R1_N 0.8991683 0.8976351 0.9710698 1.0927922 1.0637270 1.0278004 1.0385630 1.0562299 0.9914488 0.0000000 
