10
S0039_G6148_R1_A 0.0000000 0.0264011 0.7423560 0.7383949 0.8198180 0.8332254 0.7269350 0.7643108 0.8080395 1.2463945 
S0051_G6148_R1_A 0.0264011 0.0000000 0.7615340 0.7579247 0.8421477 0.8439149 0.7415756 0.7883997 0.8277764 1.2559245 
S0010_G6148_R1_A 0.7423560 0.7615340 0.0000000 0.3514097 0.4550083 0.4566678 0.3085723 0.0618734 0.3351953 1.0568456 
S0008_G6148_R1_A 0.7383949 0.7579247 0.3514097 0.0000000 0.2574719 0.2616890 0.2790862 0.3592674 0.3167580 0.9780878 
S0015_G6148_R1_A 0.8198180 0.8421477 0.4550083 0.2574719 0.0000000 0.2391564 0.3599896 0.4578847 0.3987645 1.0623020 
S0034_G6148_R1_A 0.8332254 0.8439149 0.4566678 0.2616890 0.2391564 0.0000000 0.3663092 0.4644634 0.4119918 1.0659689 
S0027_G6148_R1_A 0.7269350 0.7415756 0.3085723 0.2790862 0.3599896 0.3663092 0.0000000 0.3156433 0.2240098 0.9959956 
S0009_G6148_R1_A 0.7643108 0.7883997 0.0618734 0.3592674 0.4578847 0.4644634 0.3156433 0.0000000 0.3363626 1.0145964 
S0014_G6148_R1_A 0.8080395 0.8277764 0.3351953 0.3167580 0.3987645 0.4119918 0.2240098 0.3363626 0.0000000 0.8371232 
S0003_G6148_R1_N 1.2463945 1.2559245 1.0568456 0.9780878 1.0623020 1.0659689 0.9959956 1.0145964 0.8371232 0.0000000 
