10
S0051_G6150_R1_A 0.0000000 0.0282832 0.4290538 0.4361392 0.5987358 0.6293450 0.5172991 0.5800166 0.6181309 1.2475696 
S0039_G6150_R1_A 0.0282832 0.0000000 0.4249031 0.4320816 0.6024873 0.6379715 0.5167849 0.5802670 0.6257784 1.2568320 
S0009_G6150_R1_A 0.4290538 0.4249031 0.0000000 0.0230078 0.4358994 0.4973591 0.3637325 0.3773630 0.4663653 1.2203847 
S0010_G6150_R1_A 0.4361392 0.4320816 0.0230078 0.0000000 0.4193671 0.4873509 0.3515687 0.3716048 0.4522735 1.2155318 
S0027_G6150_R1_A 0.5987358 0.6024873 0.4358994 0.4193671 0.0000000 0.3924920 0.2479193 0.2600024 0.3864945 1.1317924 
S0034_G6150_R1_A 0.6293450 0.6379715 0.4973591 0.4873509 0.3924920 0.0000000 0.3379315 0.3073800 0.2359918 1.1628553 
S0014_G6150_R1_A 0.5172991 0.5167849 0.3637325 0.3515687 0.2479193 0.3379315 0.0000000 0.2030107 0.3264848 1.0593870 
S0008_G6150_R1_A 0.5800166 0.5802670 0.3773630 0.3716048 0.2600024 0.3073800 0.2030107 0.0000000 0.2838102 1.0608722 
S0015_G6150_R1_A 0.6181309 0.6257784 0.4663653 0.4522735 0.3864945 0.2359918 0.3264848 0.2838102 0.0000000 1.1394587 
S0003_G6150_R1_N 1.2475696 1.2568320 1.2203847 1.2155318 1.1317924 1.1628553 1.0593870 1.0608722 1.1394587 0.0000000 
