10
S0051_G6175_R1_A 0.0000000 0.0108561 0.3199046 0.2843990 0.2930035 0.3471289 0.3382404 0.3224687 0.3209712 0.8820303 
S0039_G6175_R1_A 0.0108561 0.0000000 0.3129243 0.2760470 0.2888239 0.3374234 0.3344654 0.3107943 0.3108556 0.8670005 
S0008_G6175_R1_A 0.3199046 0.3129243 0.0000000 0.1927470 0.1769294 0.1800297 0.2230958 0.2486270 0.2496993 0.8479408 
S0027_G6175_R1_A 0.2843990 0.2760470 0.1927470 0.0000000 0.1473772 0.2164759 0.2464488 0.2542456 0.2493504 0.8919723 
S0014_G6175_R1_A 0.2930035 0.2888239 0.1769294 0.1473772 0.0000000 0.1852592 0.2273860 0.2044355 0.2034964 0.8170202 
S0015_G6175_R1_A 0.3471289 0.3374234 0.1800297 0.2164759 0.1852592 0.0000000 0.1359286 0.2438202 0.2448734 0.8744419 
S0034_G6175_R1_A 0.3382404 0.3344654 0.2230958 0.2464488 0.2273860 0.1359286 0.0000000 0.2615526 0.2625116 0.9057223 
S0009_G6175_R1_A 0.3224687 0.3107943 0.2486270 0.2542456 0.2044355 0.2438202 0.2615526 0.0000000 0.0041615 0.8334456 
S0010_G6175_R1_A 0.3209712 0.3108556 0.2496993 0.2493504 0.2034964 0.2448734 0.2625116 0.0041615 0.0000000 0.8334456 
S0003_G6175_R1_N 0.8820303 0.8670005 0.8479408 0.8919723 0.8170202 0.8744419 0.9057223 0.8334456 0.8334456 0.0000000 
