10
S0027_G6176_R1_A 0.0000000 0.6159269 0.6222395 0.7791216 0.5744416 0.5795130 0.4954776 0.4972054 0.4703866 0.4101825 
S0039_G6176_R1_A 0.6159269 0.0000000 0.0088253 0.8409172 1.1406390 1.1480271 1.0665688 1.0628086 1.0587708 1.0163086 
S0051_G6176_R1_A 0.6222395 0.0088253 0.0000000 0.8349006 1.1166208 1.1261479 1.0559385 1.0522381 1.0437492 1.0085427 
S0003_G6176_R1_N 0.7791216 0.8409172 0.8349006 0.0000000 0.8446919 0.9013569 0.9436947 0.9358517 0.9057646 0.9867521 
S0034_G6176_R1_A 0.5744416 1.1406390 1.1166208 0.8446919 0.0000000 0.1246773 0.2897238 0.2917699 0.1606336 0.2586871 
S0015_G6176_R1_A 0.5795130 1.1480271 1.1261479 0.9013569 0.1246773 0.0000000 0.2785479 0.2823585 0.1484112 0.2585212 
S0009_G6176_R1_A 0.4954776 1.0665688 1.0559385 0.9436947 0.2897238 0.2785479 0.0000000 0.0059875 0.1836977 0.2576253 
S0010_G6176_R1_A 0.4972054 1.0628086 1.0522381 0.9358517 0.2917699 0.2823585 0.0059875 0.0000000 0.1871275 0.2597517 
S0008_G6176_R1_A 0.4703866 1.0587708 1.0437492 0.9057646 0.1606336 0.1484112 0.1836977 0.1871275 0.0000000 0.1799462 
S0014_G6176_R1_A 0.4101825 1.0163086 1.0085427 0.9867521 0.2586871 0.2585212 0.2576253 0.2597517 0.1799462 0.0000000 
