11
S0008_G6221_R1_A 0.0000000 0.2035861 0.2159717 0.1782199 0.1799454 0.2154734 0.2105724 0.4601049 0.6653438 0.3709906 0.8995677 
S0015_G6221_R1_A 0.2035861 0.0000000 0.1660074 0.2287266 0.2423897 0.2680748 0.2628079 0.4362905 0.6506394 0.4107591 0.9564560 
S0034_G6221_R1_A 0.2159717 0.1660074 0.0000000 0.2430246 0.2581047 0.2675442 0.2686651 0.4358713 0.6649013 0.4149370 1.0229146 
S0014_G6221_R1_A 0.1782199 0.2287266 0.2430246 0.0000000 0.1625986 0.2111592 0.2078924 0.4353934 0.6429801 0.2713253 0.8666266 
S0027_G6221_R1_A 0.1799454 0.2423897 0.2581047 0.1625986 0.0000000 0.2332944 0.2265612 0.4514003 0.6684984 0.3541257 0.8918011 
S0009_G6221_R1_A 0.2154734 0.2680748 0.2675442 0.2111592 0.2332944 0.0000000 0.0138475 0.4271367 0.6253846 0.3908959 0.8474043 
S0010_G6221_R1_A 0.2105724 0.2628079 0.2686651 0.2078924 0.2265612 0.0138475 0.0000000 0.4360298 0.6339369 0.3869035 0.8477067 
S0039_G6221_R1_A 0.4601049 0.4362905 0.4358713 0.4353934 0.4514003 0.4271367 0.4360298 0.0000000 0.0926937 0.6200963 0.9031975 
S0051_G6221_R1_A 0.6653438 0.6506394 0.6649013 0.6429801 0.6684984 0.6253846 0.6339369 0.0926937 0.0000000 0.7714164 1.0943699 
S0014_G6221_R2_A 0.3709906 0.4107591 0.4149370 0.2713253 0.3541257 0.3908959 0.3869035 0.6200963 0.7714164 0.0000000 0.8952836 
S0003_G6221_R1_N 0.8995677 0.9564560 1.0229146 0.8666266 0.8918011 0.8474043 0.8477067 0.9031975 1.0943699 0.8952836 0.0000000 
