10
S0039_G6227_R1_A 0.0000000 0.0098584 0.4921055 0.4808918 0.4788285 0.6698797 0.6336103 0.6874427 0.6032910 1.3438042 
S0051_G6227_R1_A 0.0098584 0.0000000 0.4925402 0.4831817 0.4820127 0.6599049 0.6281752 0.6730867 0.6009136 1.3372548 
S0027_G6227_R1_A 0.4921055 0.4925402 0.0000000 0.3399563 0.3386649 0.3406139 0.2856277 0.3403420 0.2503479 1.0603919 
S0009_G6227_R1_A 0.4808918 0.4831817 0.3399563 0.0000000 0.0064546 0.4230420 0.3864726 0.3870439 0.3559922 1.2971238 
S0010_G6227_R1_A 0.4788285 0.4820127 0.3386649 0.0064546 0.0000000 0.4222006 0.3873907 0.3835451 0.3481994 1.2769000 
S0034_G6227_R1_A 0.6698797 0.6599049 0.3406139 0.4230420 0.4222006 0.0000000 0.2907782 0.1668465 0.2692428 1.1936341 
S0008_G6227_R1_A 0.6336103 0.6281752 0.2856277 0.3864726 0.3873907 0.2907782 0.0000000 0.2891705 0.2643228 1.0516179 
S0015_G6227_R1_A 0.6874427 0.6730867 0.3403420 0.3870439 0.3835451 0.1668465 0.2891705 0.0000000 0.2578887 1.2137575 
S0014_G6227_R1_A 0.6032910 0.6009136 0.2503479 0.3559922 0.3481994 0.2692428 0.2643228 0.2578887 0.0000000 0.9946051 
S0003_G6227_R1_N 1.3438042 1.3372548 1.0603919 1.2971238 1.2769000 1.1936341 1.0516179 1.2137575 0.9946051 0.0000000 
