10
S0015_G6226_R1_A 0.0000000 0.1555219 0.1690031 0.2356988 0.2958394 0.2958394 0.2340307 0.3369343 0.3430364 1.0642624 
S0034_G6226_R1_A 0.1555219 0.0000000 0.1906850 0.2442050 0.3237832 0.3237832 0.2537790 0.3496361 0.3546425 1.1214735 
S0008_G6226_R1_A 0.1690031 0.1906850 0.0000000 0.1407542 0.2215840 0.2215840 0.1586259 0.2782654 0.2813119 1.0150484 
S0027_G6226_R1_A 0.2356988 0.2442050 0.1407542 0.0000000 0.2401221 0.2401221 0.1712340 0.2988746 0.2977467 1.0571893 
S0009_G6226_R1_A 0.2958394 0.3237832 0.2215840 0.2401221 0.0000000 0.0000010 0.2527137 0.3138080 0.3169301 1.0824858 
S0010_G6226_R1_A 0.2958394 0.3237832 0.2215840 0.2401221 0.0000010 0.0000000 0.2527137 0.3138080 0.3169301 1.0824858 
S0014_G6226_R1_A 0.2340307 0.2537790 0.1586259 0.1712340 0.2527137 0.2527137 0.0000000 0.3254504 0.3285869 1.0209521 
S0039_G6226_R1_A 0.3369343 0.3496361 0.2782654 0.2988746 0.3138080 0.3138080 0.3254504 0.0000000 0.0106868 1.1428022 
S0051_G6226_R1_A 0.3430364 0.3546425 0.2813119 0.2977467 0.3169301 0.3169301 0.3285869 0.0106868 0.0000000 1.1491979 
S0003_G6226_R1_N 1.0642624 1.1214735 1.0150484 1.0571893 1.0824858 1.0824858 1.0209521 1.1428022 1.1491979 0.0000000 
