11
S0039_G6238_R1_A 0.0000000 0.0131744 0.4273143 0.4273143 0.5009648 0.4822147 0.4879530 0.5897795 0.5681735 0.6607674 0.9705554 
S0051_G6238_R1_A 0.0131744 0.0000000 0.5109567 0.5109567 0.5919039 0.5378417 0.5354860 0.6992257 0.7581103 0.7786644 1.1597875 
S0027_G6238_R1_A 0.4273143 0.5109567 0.0000000 0.0000010 0.3922551 0.4461623 0.4755602 0.5673115 0.6715829 0.5492977 1.1793803 
S0027_G6238_R2_A 0.4273143 0.5109567 0.0000010 0.0000000 0.3922551 0.4461623 0.4755602 0.5673115 0.6715829 0.5492977 1.1793803 
S0014_G6238_R1_A 0.5009648 0.5919039 0.3922551 0.3922551 0.0000000 0.4421771 0.4814494 0.6059396 0.6662763 0.5427792 1.2163929 
S0010_G6238_R1_A 0.4822147 0.5378417 0.4461623 0.4461623 0.4421771 0.0000000 0.0374494 0.5812528 0.6394586 0.6223823 1.0192317 
S0009_G6238_R1_A 0.4879530 0.5354860 0.4755602 0.4755602 0.4814494 0.0374494 0.0000000 0.6090112 0.6579164 0.6332190 1.0345490 
S0015_G6238_R1_A 0.5897795 0.6992257 0.5673115 0.5673115 0.6059396 0.5812528 0.6090112 0.0000000 0.3083602 0.5329249 1.1084747 
S0034_G6238_R1_A 0.5681735 0.7581103 0.6715829 0.6715829 0.6662763 0.6394586 0.6579164 0.3083602 0.0000000 0.4811668 1.1169053 
S0008_G6238_R1_A 0.6607674 0.7786644 0.5492977 0.5492977 0.5427792 0.6223823 0.6332190 0.5329249 0.4811668 0.0000000 1.1107643 
S0003_G6238_R1_N 0.9705554 1.1597875 1.1793803 1.1793803 1.2163929 1.0192317 1.0345490 1.1084747 1.1169053 1.1107643 0.0000000 
