13
S0051_G6265_R1_A 0.0000000 0.0104777 0.7473383 0.3900550 0.3959836 0.4974077 0.5607972 0.5343731 0.6261881 0.5312856 0.6004665 0.6774837 0.9054127 
S0039_G6265_R1_A 0.0104777 0.0000000 0.7359530 0.3977691 0.4017174 0.5022662 0.5626223 0.5458287 0.6313506 0.5372017 0.6097719 0.6964596 0.9234256 
S0003_G6265_R1_N 0.7473383 0.7359530 0.0000000 0.7629377 0.7152739 0.6729799 0.7207492 0.7077977 0.7242554 0.6715135 0.7145567 0.8434910 0.9002225 
S0010_G6265_R1_A 0.3900550 0.3977691 0.7629377 0.0000000 0.0205400 0.2273383 0.2409689 0.2515024 0.3528539 0.3984835 0.4069705 0.5647172 0.6653975 
S0009_G6265_R1_A 0.3959836 0.4017174 0.7152739 0.0205400 0.0000000 0.2268053 0.2407196 0.2509445 0.3619419 0.4088891 0.4105512 0.5754834 0.6719518 
S0027_G6265_R1_A 0.4974077 0.5022662 0.6729799 0.2273383 0.2268053 0.0000000 0.2060112 0.1940461 0.3160827 0.3656945 0.3735369 0.4690089 0.6682696 
S0008_G6265_R1_A 0.5607972 0.5626223 0.7207492 0.2409689 0.2407196 0.2060112 0.0000000 0.1908336 0.2228152 0.2460769 0.2438384 0.5139830 0.5224364 
S0014_G6265_R1_A 0.5343731 0.5458287 0.7077977 0.2515024 0.2509445 0.1940461 0.1908336 0.0000000 0.2713720 0.3358438 0.3134001 0.6066528 0.5746328 
S0015_G6265_R1_A 0.6261881 0.6313506 0.7242554 0.3528539 0.3619419 0.3160827 0.2228152 0.2713720 0.0000000 0.2838026 0.3073684 0.6047455 0.4797219 
S0034_G6265_R1_A 0.5312856 0.5372017 0.6715135 0.3984835 0.4088891 0.3656945 0.2460769 0.3358438 0.2838026 0.0000000 0.1276788 0.4636281 0.3558761 
S0034_G6265_R2_A 0.6004665 0.6097719 0.7145567 0.4069705 0.4105512 0.3735369 0.2438384 0.3134001 0.3073684 0.1276788 0.0000000 0.2966065 0.3971557 
S0015_G6265_R4_A 0.6774837 0.6964596 0.8434910 0.5647172 0.5754834 0.4690089 0.5139830 0.6066528 0.6047455 0.4636281 0.2966065 0.0000000 0.5980754 
S0015_G6265_R2_A 0.9054127 0.9234256 0.9002225 0.6653975 0.6719518 0.6682696 0.5224364 0.5746328 0.4797219 0.3558761 0.3971557 0.5980754 0.0000000 
