9
S0003_G6274_R1_N 0.0000000 1.0549668 1.0270054 1.0667094 1.0713808 1.0811262 1.0464072 0.8207644 0.8215694 
S0039_G6274_R1_A 1.0549668 0.0000000 0.0158367 0.5179827 0.5983234 0.6086743 0.5852269 0.5426663 0.5565944 
S0051_G6274_R1_A 1.0270054 0.0158367 0.0000000 0.5048774 0.5950859 0.5968313 0.5768131 0.5301200 0.5402576 
S0008_G6274_R1_A 1.0667094 0.5179827 0.5048774 0.0000000 0.1616734 0.1395140 0.1405171 0.4505540 0.4529607 
S0027_G6274_R1_A 1.0713808 0.5983234 0.5950859 0.1616734 0.0000000 0.1562160 0.2058085 0.5204622 0.5166478 
S0014_G6274_R1_A 1.0811262 0.6086743 0.5968313 0.1395140 0.1562160 0.0000000 0.1926972 0.5094606 0.5176518 
S0015_G6274_R1_A 1.0464072 0.5852269 0.5768131 0.1405171 0.2058085 0.1926972 0.0000000 0.4760004 0.4896632 
S0015_G6274_R2_A 0.8207644 0.5426663 0.5301200 0.4505540 0.5204622 0.5094606 0.4760004 0.0000000 0.1791730 
S0034_G6274_R1_A 0.8215694 0.5565944 0.5402576 0.4529607 0.5166478 0.5176518 0.4896632 0.1791730 0.0000000 
