11
S0003_G6284_R1_N 0.0000000 1.3465967 1.3686950 1.0611694 0.8616240 0.8765006 0.7842457 0.8915395 0.9067186 0.9679006 0.9788378 
S0039_G6284_R1_A 1.3465967 0.0000000 0.0088438 0.5038069 0.7317290 0.6951088 0.6966800 0.7596869 0.5953640 0.5714656 0.5798198 
S0051_G6284_R1_A 1.3686950 0.0088438 0.0000000 0.5004810 0.7272197 0.6904911 0.6936146 0.7611866 0.5898487 0.5621993 0.5704559 
S0027_G6284_R1_A 1.0611694 0.5038069 0.5004810 0.0000000 0.4607001 0.4431325 0.4041980 0.4284342 0.3631476 0.3532243 0.3538745 
S0010_G6284_R1_A 0.8616240 0.7317290 0.7272197 0.4607001 0.0000000 0.1017637 0.2633686 0.3140373 0.3821048 0.3296272 0.3353075 
S0009_G6284_R1_A 0.8765006 0.6951088 0.6904911 0.4431325 0.1017637 0.0000000 0.2567283 0.2917708 0.3770865 0.3200402 0.3232677 
S0008_G6284_R1_A 0.7842457 0.6966800 0.6936146 0.4041980 0.2633686 0.2567283 0.0000000 0.2026576 0.3218391 0.2671087 0.2720882 
S0034_G6284_R1_A 0.8915395 0.7596869 0.7611866 0.4284342 0.3140373 0.2917708 0.2026576 0.0000000 0.3623099 0.1967768 0.1971991 
S0014_G6284_R1_A 0.9067186 0.5953640 0.5898487 0.3631476 0.3821048 0.3770865 0.3218391 0.3623099 0.0000000 0.3077340 0.3148672 
S0015_G6284_R1_A 0.9679006 0.5714656 0.5621993 0.3532243 0.3296272 0.3200402 0.2671087 0.1967768 0.3077340 0.0000000 0.0059927 
S0015_G6284_R2_A 0.9788378 0.5798198 0.5704559 0.3538745 0.3353075 0.3232677 0.2720882 0.1971991 0.3148672 0.0059927 0.0000000 
