11
S0039_G6298_R1_A 0.0000000 0.0118129 0.5156054 0.5022984 0.4934918 0.6028854 0.6087390 0.6102750 0.7687625 0.7668938 0.8424172 
S0051_G6298_R1_A 0.0118129 0.0000000 0.5221284 0.5118011 0.5067475 0.6050805 0.6081342 0.6168310 0.7780454 0.7745946 0.8537341 
S0009_G6298_R1_A 0.5156054 0.5221284 0.0000000 0.0518352 0.3918787 0.4192213 0.4500550 0.4288392 0.6033239 0.6656252 0.7344405 
S0010_G6298_R1_A 0.5022984 0.5118011 0.0518352 0.0000000 0.4052521 0.4284782 0.4612874 0.4228490 0.6164533 0.6889545 0.7576943 
S0027_G6298_R1_A 0.4934918 0.5067475 0.3918787 0.4052521 0.0000000 0.3245429 0.3813259 0.3550687 0.5570902 0.5963847 0.6457645 
S0015_G6298_R1_A 0.6028854 0.6050805 0.4192213 0.4284782 0.3245429 0.0000000 0.1879042 0.3726575 0.5771702 0.6297263 0.6856304 
S0034_G6298_R1_A 0.6087390 0.6081342 0.4500550 0.4612874 0.3813259 0.1879042 0.0000000 0.4050317 0.6218529 0.6702333 0.7410914 
S0014_G6298_R1_A 0.6102750 0.6168310 0.4288392 0.4228490 0.3550687 0.3726575 0.4050317 0.0000000 0.5529430 0.5832278 0.6344098 
S0008_G6298_R1_A 0.7687625 0.7780454 0.6033239 0.6164533 0.5570902 0.5771702 0.6218529 0.5529430 0.0000000 0.2797162 0.3088698 
S0034_G6298_R2_A 0.7668938 0.7745946 0.6656252 0.6889545 0.5963847 0.6297263 0.6702333 0.5832278 0.2797162 0.0000000 0.1733781 
S0015_G6298_R2_A 0.8424172 0.8537341 0.7344405 0.7576943 0.6457645 0.6856304 0.7410914 0.6344098 0.3088698 0.1733781 0.0000000 
