10
S0051_G6303_R1_A 0.0000000 0.0294732 0.4496094 0.4718391 0.4561063 0.4465160 0.4532397 0.4648221 0.4562297 1.1694142 
S0039_G6303_R1_A 0.0294732 0.0000000 0.4579861 0.4819463 0.4599237 0.4591159 0.4607503 0.4736860 0.4638730 1.1739507 
S0010_G6303_R1_A 0.4496094 0.4579861 0.0000000 0.0623451 0.3007713 0.2323703 0.3193172 0.2199066 0.2452694 1.2932294 
S0009_G6303_R1_A 0.4718391 0.4819463 0.0623451 0.0000000 0.3224538 0.2342854 0.3210644 0.2336372 0.2507335 1.3461771 
S0015_G6303_R1_A 0.4561063 0.4599237 0.3007713 0.3224538 0.0000000 0.1722526 0.1631895 0.2169308 0.2430477 1.3021974 
S0008_G6303_R1_A 0.4465160 0.4591159 0.2323703 0.2342854 0.1722526 0.0000000 0.1697942 0.1397083 0.1607756 1.1922524 
S0034_G6303_R1_A 0.4532397 0.4607503 0.3193172 0.3210644 0.1631895 0.1697942 0.0000000 0.2076914 0.2403600 1.2897348 
S0014_G6303_R1_A 0.4648221 0.4736860 0.2199066 0.2336372 0.2169308 0.1397083 0.2076914 0.0000000 0.1610220 1.1356835 
S0027_G6303_R1_A 0.4562297 0.4638730 0.2452694 0.2507335 0.2430477 0.1607756 0.2403600 0.1610220 0.0000000 1.2422030 
S0003_G6303_R1_N 1.1694142 1.1739507 1.2932294 1.3461771 1.3021974 1.1922524 1.2897348 1.1356835 1.2422030 0.0000000 
