30
S0014_G6318_R1_A 0.0000000 0.1439026 0.2099900 0.1794207 0.4825752 0.6051940 0.2206382 0.1779637 0.1777478 0.2369495 0.2365358 0.3133780 0.3207237 0.3215446 0.3295292 0.3265097 0.5687189 0.2224518 0.2223502 0.1772537 0.1788095 0.1364918 0.1039853 0.2575916 0.2453464 0.2726921 1.1549313 1.2975062 1.3232973 1.3809018 
S0008_G6318_R1_A 0.1439026 0.0000000 0.2200404 0.2061965 0.4808959 0.5729645 0.1935980 0.1933989 0.1935643 0.2621606 0.2625132 0.3216709 0.3244068 0.3520539 0.3555609 0.3386596 0.5889411 0.2497422 0.2497422 0.2023030 0.2014764 0.2361945 0.2145561 0.2507901 0.2197197 0.2535819 1.1751035 1.3644399 1.3913486 1.4029163 
S0015_G6318_R1_A 0.2099900 0.2200404 0.0000000 0.1724317 0.4812642 0.5791563 0.1180609 0.1630503 0.1631742 0.1905605 0.1907442 0.2921124 0.2992668 0.2967970 0.3039723 0.3024426 0.6118412 0.2083025 0.2082183 0.1622164 0.1635859 0.1852157 0.1641339 0.0188051 0.1365438 0.1711205 1.2526986 1.3406285 1.3672715 1.3280260 
S0027_G6318_R1_A 0.1794207 0.2061965 0.1724317 0.0000000 0.4775941 0.6234691 0.2022290 0.1385721 0.1399037 0.1548918 0.1567192 0.2485229 0.2454113 0.2477609 0.2445118 0.2468187 0.5681435 0.1809890 0.1809187 0.1358957 0.1372399 0.1659827 0.1399547 0.1956412 0.2226983 0.2498982 1.1473202 1.2952588 1.3122509 1.3737228 
S0003_G6318_R2_N 0.4825752 0.4808959 0.4812642 0.4775941 0.0000000 0.1218335 0.5171141 0.5200963 0.5229994 0.4942658 0.4985945 0.6134272 0.6185348 0.5730881 0.5782536 0.6164188 0.3419605 0.5735215 0.5735215 0.5717332 0.5679223 0.5580187 0.6445892 0.6511144 0.5542681 0.5411008 1.2519124 1.3457087 1.4145169 1.4280242 
S0003_G6318_R1_N 0.6051940 0.5729645 0.5791563 0.6234691 0.1218335 0.0000000 0.6005784 0.6145576 0.6188913 0.7265841 0.7360271 0.6504799 0.6613010 0.6404108 0.6531412 0.6988416 0.7261559 0.5856823 0.5895476 0.5422190 0.5391020 0.5401477 0.6098303 0.5913052 0.5277827 0.5577574 1.5260446 1.4907389 1.5454782 1.5841327 
S0034_G6318_R3_A 0.2206382 0.1935980 0.1180609 0.2022290 0.5171141 0.6005784 0.0000000 0.1889584 0.1916530 0.2186316 0.2226810 0.2787646 0.2847575 0.3024675 0.3097283 0.3003856 0.6172545 0.2376786 0.2375933 0.2039883 0.2051252 0.2040489 0.1929303 0.1212130 0.0117903 0.0501325 1.2209834 1.3620010 1.3729483 1.4211174 
S0009_G6318_R1_A 0.1779637 0.1933989 0.1630503 0.1385721 0.5200963 0.6145576 0.1889584 0.0000000 0.0027117 0.0000010 0.0038640 0.2413569 0.2469585 0.2428934 0.2494448 0.2529012 0.5854290 0.0420436 0.0420297 0.0000010 0.0012528 0.1472713 0.1130638 0.1642478 0.2035749 0.2287117 1.2113376 1.3169349 1.3274399 1.3066449 
S0010_G6318_R1_A 0.1777478 0.1935643 0.1631742 0.1399037 0.5229994 0.6188913 0.1916530 0.0027117 0.0000000 0.0038640 0.0000010 0.2430529 0.2486701 0.2470360 0.2536371 0.2567784 0.5937030 0.0444274 0.0420629 0.0012557 0.0000010 0.1486505 0.1147641 0.1662251 0.2053263 0.2320855 1.2091203 1.3273350 1.3379363 1.3175133 
S0009_G6318_R5_A 0.2369495 0.2621606 0.1905605 0.1548918 0.4942658 0.7265841 0.2186316 0.0000010 0.0038640 0.0000000 0.0038393 0.2510265 0.2536391 0.2613328 0.2639062 0.2581084 0.4275536 0.0705588 0.0705220 0.0000010 0.0021363 0.1955131 0.1527695 0.2322157 0.2604937 0.2900502 1.2159648 1.3026584 1.3288651 1.1483665 
S0010_G6318_R5_A 0.2365358 0.2625132 0.1907442 0.1567192 0.4985945 0.7360271 0.2226810 0.0038640 0.0000010 0.0038393 0.0000000 0.2537490 0.2563704 0.2670537 0.2696475 0.2638945 0.4363655 0.0744699 0.0706081 0.0021448 0.0000010 0.1978311 0.1561753 0.2366048 0.2637881 0.2958813 1.2127356 1.3169352 1.3434641 1.1608852 
S0039_G6318_R1_A 0.3133780 0.3216709 0.2921124 0.2485229 0.6134272 0.6504799 0.2787646 0.2413569 0.2430529 0.2510265 0.2537490 0.0000000 0.0112324 0.0000010 0.0104523 0.0095435 0.6962205 0.2755355 0.2733083 0.2216455 0.2207757 0.2891460 0.2583308 0.2628297 0.2564509 0.3014452 1.1546634 1.4029838 1.3882830 1.4169878 
S0051_G6318_R1_A 0.3207237 0.3244068 0.2992668 0.2454113 0.6185348 0.6613010 0.2847575 0.2469585 0.2486701 0.2536391 0.2563704 0.0112324 0.0000000 0.0104523 0.0000010 0.0000010 0.7000807 0.2852463 0.2829858 0.2322738 0.2313531 0.2945694 0.2687168 0.2708569 0.2626944 0.3069986 1.1546634 1.4029838 1.3882830 1.4273134 
S0039_G6318_R5_A 0.3215446 0.3520539 0.2967970 0.2477609 0.5730881 0.6404108 0.3024675 0.2428934 0.2470360 0.2613328 0.2670537 0.0000010 0.0104523 0.0000000 0.0102305 0.0103590 0.6894227 0.2823033 0.2796242 0.2135776 0.2125220 0.3012160 0.2659225 0.2825833 0.2619231 0.3170765 1.1626206 1.3474428 1.3335689 1.3477576 
S0051_G6318_R5_A 0.3295292 0.3555609 0.3039723 0.2445118 0.5782536 0.6531412 0.3097283 0.2494448 0.2536371 0.2639062 0.2696475 0.0104523 0.0000010 0.0102305 0.0000000 0.0000010 0.6931597 0.2941904 0.2914617 0.2270698 0.2259327 0.3081482 0.2802871 0.2944124 0.2701970 0.3241818 1.1626206 1.3474428 1.3335689 1.3572998 
S0051_G6318_R4_A 0.3265097 0.3386596 0.3024426 0.2468187 0.6164188 0.6988416 0.3003856 0.2529012 0.2567784 0.2581084 0.2638945 0.0095435 0.0000010 0.0103590 0.0000010 0.0000000 0.6922235 0.2937076 0.2912592 0.2352226 0.2341953 0.3081958 0.2848078 0.2850938 0.2725989 0.3200796 1.1522210 1.3734778 1.3591559 1.3950691 
S0003_G6318_R5_N 0.5687189 0.5889411 0.6118412 0.5681435 0.3419605 0.7261559 0.6172545 0.5854290 0.5937030 0.4275536 0.4363655 0.6962205 0.7000807 0.6894227 0.6931597 0.6922235 0.0000000 0.7361891 0.7423807 0.8289627 0.8199851 0.7438128 1.1737265 1.5990410 0.8542728 0.7211840 1.3464848 1.5900522 1.6468270 1.5097002 
S0009_G6318_R3_A 0.2224518 0.2497422 0.2083025 0.1809890 0.5735215 0.5856823 0.2376786 0.0420436 0.0444274 0.0705588 0.0744699 0.2755355 0.2852463 0.2823033 0.2941904 0.2937076 0.7361891 0.0000000 0.0021617 0.0000010 0.0012528 0.1252111 0.1138007 0.1654579 0.2012572 0.1924053 1.2488816 1.4214818 1.4341289 1.3581836 
S0010_G6318_R2_A 0.2223502 0.2497422 0.2082183 0.1809187 0.5735215 0.5895476 0.2375933 0.0420297 0.0420629 0.0705220 0.0706081 0.2733083 0.2829858 0.2796242 0.2914617 0.2912592 0.7423807 0.0021617 0.0000000 0.0012557 0.0000010 0.1251672 0.1155126 0.1674510 0.2030133 0.1954453 1.2488816 1.4106663 1.4232205 1.3473418 
S0009_G6318_R4_A 0.1772537 0.2023030 0.1622164 0.1358957 0.5717332 0.5422190 0.2039883 0.0000010 0.0012557 0.0000010 0.0021448 0.2216455 0.2322738 0.2135776 0.2270698 0.2352226 0.8289627 0.0000010 0.0012557 0.0000000 0.0012557 0.1129496 0.1138007 0.1654579 0.2012572 0.1994946 1.2201009 1.3866048 1.4033492 1.4323452 
S0010_G6318_R4_A 0.1788095 0.2014764 0.1635859 0.1372399 0.5679223 0.5391020 0.2051252 0.0012528 0.0000010 0.0021363 0.0000010 0.2207757 0.2313531 0.2125220 0.2259327 0.2341953 0.8199851 0.0012528 0.0000010 0.0012557 0.0000000 0.1141523 0.1155126 0.1674510 0.2030133 0.2006331 1.2178956 1.4016065 1.4184478 1.4116051 
S0014_G6318_R2_A 0.1364918 0.2361945 0.1852157 0.1659827 0.5580187 0.5401477 0.2040489 0.1472713 0.1486505 0.1955131 0.1978311 0.2891460 0.2945694 0.3012160 0.3081482 0.3081958 0.7438128 0.1252111 0.1251672 0.1129496 0.1141523 0.0000000 0.0000010 0.1481075 0.1786877 0.1807113 1.3172134 1.4068553 1.4111799 1.4253738 
S0014_G6318_R5_A 0.1039853 0.2145561 0.1641339 0.1399547 0.6445892 0.6098303 0.1929303 0.1130638 0.1147641 0.1527695 0.1561753 0.2583308 0.2687168 0.2659225 0.2802871 0.2848078 1.1737265 0.1138007 0.1155126 0.1138007 0.1155126 0.0000010 0.0000000 0.1481075 0.1894695 0.1894695 1.1749798 1.3086902 1.3115455 1.4202825 
S0015_G6318_R3_A 0.2575916 0.2507901 0.0188051 0.1956412 0.6511144 0.5913052 0.1212130 0.1642478 0.1662251 0.2322157 0.2366048 0.2628297 0.2708569 0.2825833 0.2944124 0.2850938 1.5990410 0.1654579 0.1674510 0.1654579 0.1674510 0.1481075 0.1481075 0.0000000 0.1232082 0.1232082 1.2025814 1.3524020 1.3229699 1.3685602 
S0034_G6318_R1_A 0.2453464 0.2197197 0.1365438 0.2226983 0.5542681 0.5277827 0.0117903 0.2035749 0.2053263 0.2604937 0.2637881 0.2564509 0.2626944 0.2619231 0.2701970 0.2725989 0.8542728 0.2012572 0.2030133 0.2012572 0.2030133 0.1786877 0.1894695 0.1232082 0.0000000 0.0000010 1.2191771 1.3842639 1.4017446 1.4375201 
S0034_G6318_R2_A 0.2726921 0.2535819 0.1711205 0.2498982 0.5411008 0.5577574 0.0501325 0.2287117 0.2320855 0.2900502 0.2958813 0.3014452 0.3069986 0.3170765 0.3241818 0.3200796 0.7211840 0.1924053 0.1954453 0.1994946 0.2006331 0.1807113 0.1894695 0.1232082 0.0000010 0.0000000 1.2775200 1.4451721 1.4583110 1.4330177 
S0003_G6318_R3_N 1.1549313 1.1751035 1.2526986 1.1473202 1.2519124 1.5260446 1.2209834 1.2113376 1.2091203 1.2159648 1.2127356 1.1546634 1.1546634 1.1626206 1.1626206 1.1522210 1.3464848 1.2488816 1.2488816 1.2201009 1.2178956 1.3172134 1.1749798 1.2025814 1.2191771 1.2775200 0.0000000 1.8376259 1.8328708 1.6196328 
S0039_G6318_R4_A 1.2975062 1.3644399 1.3406285 1.2952588 1.3457087 1.4907389 1.3620010 1.3169349 1.3273350 1.3026584 1.3169352 1.4029838 1.4029838 1.3474428 1.3474428 1.3734778 1.5900522 1.4214818 1.4106663 1.3866048 1.4016065 1.4068553 1.3086902 1.3524020 1.3842639 1.4451721 1.8376259 0.0000000 0.0219657 1.4546862 
S0051_G6318_R2_A 1.3232973 1.3913486 1.3672715 1.3122509 1.4145169 1.5454782 1.3729483 1.3274399 1.3379363 1.3288651 1.3434641 1.3882830 1.3882830 1.3335689 1.3335689 1.3591559 1.6468270 1.4341289 1.4232205 1.4033492 1.4184478 1.4111799 1.3115455 1.3229699 1.4017446 1.4583110 1.8328708 0.0219657 0.0000000 1.4645771 
S0034_G6318_R4_A 1.3809018 1.4029163 1.3280260 1.3737228 1.4280242 1.5841327 1.4211174 1.3066449 1.3175133 1.1483665 1.1608852 1.4169878 1.4273134 1.3477576 1.3572998 1.3950691 1.5097002 1.3581836 1.3473418 1.4323452 1.4116051 1.4253738 1.4202825 1.3685602 1.4375201 1.4330177 1.6196328 1.4546862 1.4645771 0.0000000 
