10
S0008_G6320_R1_A 0.0000000 0.2359190 0.1841403 0.2210866 0.2209786 0.1634555 0.2016686 0.7704094 0.6743091 0.6390342 
S0015_G6320_R1_A 0.2359190 0.0000000 0.1837185 0.3251094 0.3223261 0.2206014 0.2984569 0.8974098 0.7223701 0.7500886 
S0034_G6320_R1_A 0.1841403 0.1837185 0.0000000 0.2589966 0.2559025 0.2015946 0.2317500 0.8352887 0.7058020 0.6657902 
S0009_G6320_R1_A 0.2210866 0.3251094 0.2589966 0.0000000 0.0054140 0.2544531 0.2636901 0.8614387 0.6837915 0.6019237 
S0010_G6320_R1_A 0.2209786 0.3223261 0.2559025 0.0054140 0.0000000 0.2541584 0.2627019 0.8647533 0.6890365 0.6191926 
S0014_G6320_R1_A 0.1634555 0.2206014 0.2015946 0.2544531 0.2541584 0.0000000 0.2025100 0.8537425 0.6582812 0.6472583 
S0027_G6320_R1_A 0.2016686 0.2984569 0.2317500 0.2636901 0.2627019 0.2025100 0.0000000 0.7379995 0.6294080 0.6214261 
S0003_G6320_R1_N 0.7704094 0.8974098 0.8352887 0.8614387 0.8647533 0.8537425 0.7379995 0.0000000 0.9183235 0.8807504 
S0039_G6320_R1_A 0.6743091 0.7223701 0.7058020 0.6837915 0.6890365 0.6582812 0.6294080 0.9183235 0.0000000 0.1165512 
S0051_G6320_R1_A 0.6390342 0.7500886 0.6657902 0.6019237 0.6191926 0.6472583 0.6214261 0.8807504 0.1165512 0.0000000 
