10
S0015_G6366_R1_A 0.0000000 0.1770875 0.1734053 0.1888001 0.2544575 0.2456166 0.1578131 0.3416054 0.3536289 0.8618943 
S0034_G6366_R1_A 0.1770875 0.0000000 0.2285419 0.2390636 0.2942645 0.2868003 0.1977625 0.3832966 0.3890621 0.9012022 
S0027_G6366_R1_A 0.1734053 0.2285419 0.0000000 0.1229790 0.2443988 0.2405076 0.1525582 0.3318909 0.3372827 0.8173564 
S0014_G6366_R1_A 0.1888001 0.2390636 0.1229790 0.0000000 0.2562326 0.2512559 0.1705962 0.3630940 0.3657071 0.8224383 
S0010_G6366_R1_A 0.2544575 0.2942645 0.2443988 0.2562326 0.0000000 0.0076904 0.2553552 0.2754686 0.2768633 0.8693591 
S0009_G6366_R1_A 0.2456166 0.2868003 0.2405076 0.2512559 0.0076904 0.0000000 0.2513336 0.2741195 0.2755047 0.8625815 
S0008_G6366_R1_A 0.1578131 0.1977625 0.1525582 0.1705962 0.2553552 0.2513336 0.0000000 0.3187275 0.3264626 0.8116857 
S0051_G6366_R1_A 0.3416054 0.3832966 0.3318909 0.3630940 0.2754686 0.2741195 0.3187275 0.0000000 0.0144319 0.9125922 
S0039_G6366_R1_A 0.3536289 0.3890621 0.3372827 0.3657071 0.2768633 0.2755047 0.3264626 0.0144319 0.0000000 0.9467523 
S0003_G6366_R1_N 0.8618943 0.9012022 0.8173564 0.8224383 0.8693591 0.8625815 0.8116857 0.9125922 0.9467523 0.0000000 
