14
S0039_G6363_R1_A 0.0000000 0.0051997 0.2501223 0.2747006 0.2629385 0.3221177 1.1752959 1.1607499 0.4935808 0.4889511 1.0756151 1.1951998 1.1938782 1.0434516 
S0051_G6363_R1_A 0.0051997 0.0000000 0.2545420 0.2793112 0.2673540 0.3270597 1.2004803 1.1855681 0.5000842 0.4954223 1.0717067 1.1803969 1.1790234 1.0293412 
S0015_G6363_R1_A 0.2501223 0.2545420 0.0000000 0.1181045 0.1547294 0.1319892 1.3368076 1.3064260 0.4099596 0.4148367 1.0717046 1.1097046 1.1080364 1.0259357 
S0027_G6363_R1_A 0.2747006 0.2793112 0.1181045 0.0000000 0.1210750 0.1844650 1.3268399 1.3096112 0.4428334 0.4524193 1.1679801 1.1282583 1.1266584 1.0685219 
S0014_G6363_R1_A 0.2629385 0.2673540 0.1547294 0.1210750 0.0000000 0.2222891 1.3095049 1.2804489 0.4488837 0.4583927 1.0887402 1.1089427 1.1072948 1.0366970 
S0034_G6363_R2_A 0.3221177 0.3270597 0.1319892 0.1844650 0.2222891 0.0000000 1.3780836 1.3838049 0.4581144 0.4536881 1.1462290 1.1960762 1.1947465 1.1113185 
S0003_G6363_R1_N 1.1752959 1.2004803 1.3368076 1.3268399 1.3095049 1.3780836 0.0000000 0.0051995 1.1451201 1.1451201 1.5244191 1.4693935 1.4762476 1.5433337 
S0003_G6363_R2_N 1.1607499 1.1855681 1.3064260 1.3096112 1.2804489 1.3838049 0.0051995 0.0000000 1.1310180 1.1310180 1.4863977 1.4341036 1.4408851 1.5025339 
S0003_G6363_R3_N 0.4935808 0.5000842 0.4099596 0.4428334 0.4488837 0.4581144 1.1451201 1.1310180 0.0000000 0.0129850 1.4248285 1.3680145 1.3673720 1.4188565 
S0003_G6363_R4_N 0.4889511 0.4954223 0.4148367 0.4524193 0.4583927 0.4536881 1.1451201 1.1310180 0.0129850 0.0000000 1.4248285 1.3680145 1.3673720 1.4188565 
S0008_G6363_R1_A 1.0756151 1.0717067 1.0717046 1.1679801 1.0887402 1.1462290 1.5244191 1.4863977 1.4248285 1.4248285 0.0000000 0.2666930 0.2675517 0.1570681 
S0009_G6363_R1_A 1.1951998 1.1803969 1.1097046 1.1282583 1.1089427 1.1960762 1.4693935 1.4341036 1.3680145 1.3680145 0.2666930 0.0000000 0.0052447 0.1665088 
S0010_G6363_R1_A 1.1938782 1.1790234 1.1080364 1.1266584 1.1072948 1.1947465 1.4762476 1.4408851 1.3673720 1.3673720 0.2675517 0.0052447 0.0000000 0.1665088 
S0034_G6363_R1_A 1.0434516 1.0293412 1.0259357 1.0685219 1.0366970 1.1113185 1.5433337 1.5025339 1.4188565 1.4188565 0.1570681 0.1665088 0.1665088 0.0000000 
