10
S0039_G6376_R1_A 0.0000000 0.0132823 0.4069527 0.3239548 0.2887712 0.3325161 0.4043597 0.3217553 0.3237665 0.8732535 
S0051_G6376_R1_A 0.0132823 0.0000000 0.4068825 0.3281406 0.2897680 0.3354748 0.4050510 0.3247578 0.3257953 0.8776140 
S0015_G6376_R1_A 0.4069527 0.4068825 0.0000000 0.2519760 0.2069967 0.2903474 0.2458475 0.3293403 0.3292754 0.9111546 
S0014_G6376_R1_A 0.3239548 0.3281406 0.2519760 0.0000000 0.1382481 0.1524510 0.2353298 0.2208423 0.2223845 0.8016414 
S0008_G6376_R1_A 0.2887712 0.2897680 0.2069967 0.1382481 0.0000000 0.1505392 0.1738039 0.1998480 0.2014235 0.7174660 
S0027_G6376_R1_A 0.3325161 0.3354748 0.2903474 0.1524510 0.1505392 0.0000000 0.2480339 0.2310792 0.2318714 0.7695266 
S0034_G6376_R1_A 0.4043597 0.4050510 0.2458475 0.2353298 0.1738039 0.2480339 0.0000000 0.2919531 0.2936581 0.7800614 
S0009_G6376_R1_A 0.3217553 0.3247578 0.3293403 0.2208423 0.1998480 0.2310792 0.2919531 0.0000000 0.0010181 0.7053067 
S0010_G6376_R1_A 0.3237665 0.3257953 0.3292754 0.2223845 0.2014235 0.2318714 0.2936581 0.0010181 0.0000000 0.7069521 
S0003_G6376_R1_N 0.8732535 0.8776140 0.9111546 0.8016414 0.7174660 0.7695266 0.7800614 0.7053067 0.7069521 0.0000000 
