14
S0014_G6373_R1_A 0.0000000 0.1546801 0.2485469 0.2434601 0.1837709 0.2153241 0.2120739 0.2118953 0.2087689 0.2079326 0.2063827 0.3310972 0.3436908 1.0552879 
S0027_G6373_R1_A 0.1546801 0.0000000 0.2398594 0.2438745 0.1819704 0.2077856 0.2064263 0.2102709 0.2089492 0.2108396 0.2110402 0.2908529 0.2940228 0.9703946 
S0010_G6373_R1_A 0.2485469 0.2398594 0.0000000 0.0175233 0.2553548 0.2715293 0.2690144 0.2688258 0.2664046 0.2694108 0.2662197 0.3217237 0.3284979 1.0413068 
S0009_G6373_R1_A 0.2434601 0.2438745 0.0175233 0.0000000 0.2434438 0.2645362 0.2641121 0.2610554 0.2606517 0.2635610 0.2595762 0.3149466 0.3224585 1.0622512 
S0008_G6373_R1_A 0.1837709 0.1819704 0.2553548 0.2434438 0.0000000 0.1934343 0.1911450 0.1925014 0.1902879 0.1930442 0.1899787 0.3488105 0.3651758 1.0079842 
S0015_G6373_R1_A 0.2153241 0.2077856 0.2715293 0.2645362 0.1934343 0.0000000 0.0077419 0.0000010 0.0077419 0.1447283 0.1445363 0.3481502 0.3480917 0.8806196 
S0015_G6373_R2_A 0.2120739 0.2064263 0.2690144 0.2641121 0.1911450 0.0077419 0.0000000 0.0077419 0.0000010 0.1439817 0.1437908 0.3459866 0.3491111 0.8931605 
S0015_G6373_R3_A 0.2118953 0.2102709 0.2688258 0.2610554 0.1925014 0.0000010 0.0077419 0.0000000 0.0075117 0.1447283 0.1443560 0.3512367 0.3526606 0.9127981 
S0015_G6373_R4_A 0.2087689 0.2089492 0.2664046 0.2606517 0.1902879 0.0077419 0.0000010 0.0075117 0.0000000 0.1439817 0.1436329 0.3491477 0.3536397 0.9252284 
S0034_G6373_R1_A 0.2079326 0.2108396 0.2694108 0.2635610 0.1930442 0.1447283 0.1439817 0.1447283 0.1439817 0.0000000 0.0000010 0.3409226 0.3577122 0.9305098 
S0034_G6373_R2_A 0.2063827 0.2110402 0.2662197 0.2595762 0.1899787 0.1445363 0.1437908 0.1443560 0.1436329 0.0000010 0.0000000 0.3432536 0.3609088 0.9552011 
S0051_G6373_R1_A 0.3310972 0.2908529 0.3217237 0.3149466 0.3488105 0.3481502 0.3459866 0.3512367 0.3491477 0.3409226 0.3432536 0.0000000 0.0233677 0.9837146 
S0039_G6373_R1_A 0.3436908 0.2940228 0.3284979 0.3224585 0.3651758 0.3480917 0.3491111 0.3526606 0.3536397 0.3577122 0.3609088 0.0233677 0.0000000 1.0008684 
S0003_G6373_R1_N 1.0552879 0.9703946 1.0413068 1.0622512 1.0079842 0.8806196 0.8931605 0.9127981 0.9252284 0.9305098 0.9552011 0.9837146 1.0008684 0.0000000 
