10
S0051_G6384_R1_A 0.0000000 0.0205539 0.5258034 0.5367832 0.5728093 0.6277532 0.5361336 0.5516454 0.5604679 0.7659206 
S0039_G6384_R1_A 0.0205539 0.0000000 0.5416836 0.5369260 0.5812383 0.6292395 0.5447950 0.5561887 0.5757185 0.7602153 
S0008_G6384_R1_A 0.5258034 0.5416836 0.0000000 0.2278872 0.2439236 0.3249435 0.3540997 0.3644718 0.3659061 1.0256117 
S0015_G6384_R1_A 0.5367832 0.5369260 0.2278872 0.0000000 0.1701002 0.3379098 0.3452409 0.3686210 0.4244357 1.0855979 
S0034_G6384_R1_A 0.5728093 0.5812383 0.2439236 0.1701002 0.0000000 0.3894346 0.3829756 0.3960696 0.4280424 1.0660873 
S0027_G6384_R1_A 0.6277532 0.6292395 0.3249435 0.3379098 0.3894346 0.0000000 0.3802767 0.3949480 0.3353835 0.9980477 
S0009_G6384_R1_A 0.5361336 0.5447950 0.3540997 0.3452409 0.3829756 0.3802767 0.0000000 0.0251713 0.4457636 0.9436100 
S0010_G6384_R1_A 0.5516454 0.5561887 0.3644718 0.3686210 0.3960696 0.3949480 0.0251713 0.0000000 0.4491766 0.9264036 
S0014_G6384_R1_A 0.5604679 0.5757185 0.3659061 0.4244357 0.4280424 0.3353835 0.4457636 0.4491766 0.0000000 0.9401429 
S0003_G6384_R1_N 0.7659206 0.7602153 1.0256117 1.0855979 1.0660873 0.9980477 0.9436100 0.9264036 0.9401429 0.0000000 
