13
S0039_G6389_R2_A 0.0000000 0.0055841 0.2715976 0.2789603 0.3041073 0.2855462 0.3646522 0.3946814 0.4143807 0.7638478 0.3727419 0.3924877 0.7562166 
S0051_G6389_R2_A 0.0055841 0.0000000 0.2681471 0.2754495 0.3004610 0.2817611 0.3606216 0.3970901 0.4168445 0.7746532 0.3686169 0.3914142 0.7479887 
S0010_G6389_R1_A 0.2715976 0.2681471 0.0000000 0.0114088 0.1293902 0.1025996 0.2237077 0.2466134 0.2530460 0.6165972 0.1614366 0.1652162 0.7166224 
S0009_G6389_R1_A 0.2789603 0.2754495 0.0114088 0.0000000 0.1416945 0.1099563 0.2267001 0.2460605 0.2552587 0.6260067 0.1641559 0.1729043 0.6999348 
S0039_G6389_R1_A 0.3041073 0.3004610 0.1293902 0.1416945 0.0000000 0.0080123 0.3019728 0.3144371 0.3210107 0.6400317 0.2496480 0.2426253 0.8469831 
S0051_G6389_R1_A 0.2855462 0.2817611 0.1025996 0.1099563 0.0080123 0.0000000 0.2750890 0.2831695 0.2717716 0.6391607 0.2260795 0.2278408 0.7826948 
S0008_G6389_R1_A 0.3646522 0.3606216 0.2237077 0.2267001 0.3019728 0.2750890 0.0000000 0.1300767 0.1560697 0.9246181 0.2429699 0.2713864 0.8306539 
S0034_G6389_R1_A 0.3946814 0.3970901 0.2466134 0.2460605 0.3144371 0.2831695 0.1300767 0.0000000 0.1180422 0.9029600 0.3137604 0.3404231 0.7954421 
S0015_G6389_R1_A 0.4143807 0.4168445 0.2530460 0.2552587 0.3210107 0.2717716 0.1560697 0.1180422 0.0000000 0.9937591 0.3006951 0.3201897 0.8556622 
S0027_G6389_R1_A 0.7638478 0.7746532 0.6165972 0.6260067 0.6400317 0.6391607 0.9246181 0.9029600 0.9937591 0.0000000 0.9699380 1.0175181 1.2283113 
S0008_G6389_R2_A 0.3727419 0.3686169 0.1614366 0.1641559 0.2496480 0.2260795 0.2429699 0.3137604 0.3006951 0.9699380 0.0000000 0.1435267 0.7737378 
S0014_G6389_R1_A 0.3924877 0.3914142 0.1652162 0.1729043 0.2426253 0.2278408 0.2713864 0.3404231 0.3201897 1.0175181 0.1435267 0.0000000 0.7076877 
S0003_G6389_R1_N 0.7562166 0.7479887 0.7166224 0.6999348 0.8469831 0.7826948 0.8306539 0.7954421 0.8556622 1.2283113 0.7737378 0.7076877 0.0000000 
