9
S0003_G6404_R1_N 0.0000000 2.4715505 2.6101316 1.9717314 1.7614894 1.7600600 1.9165928 2.2929155 1.6462286 
S0015_G6404_R1_A 2.4715505 0.0000000 0.1846395 0.2326076 0.3670313 0.3679225 0.3488354 0.3854966 0.8525935 
S0034_G6404_R1_A 2.6101316 0.1846395 0.0000000 0.2393066 0.3747511 0.3807660 0.3488179 0.4046973 0.8520434 
S0008_G6404_R1_A 1.9717314 0.2326076 0.2393066 0.0000000 0.3364615 0.3401089 0.2886221 0.3882111 0.8337216 
S0009_G6404_R1_A 1.7614894 0.3670313 0.3747511 0.3364615 0.0000000 0.0069995 0.3008763 0.3195815 0.7694550 
S0010_G6404_R1_A 1.7600600 0.3679225 0.3807660 0.3401089 0.0069995 0.0000000 0.3009640 0.3170497 0.7688590 
S0014_G6404_R1_A 1.9165928 0.3488354 0.3488179 0.2886221 0.3008763 0.3009640 0.0000000 0.2807437 0.7214667 
S0027_G6404_R1_A 2.2929155 0.3854966 0.4046973 0.3882111 0.3195815 0.3170497 0.2807437 0.0000000 0.7526842 
S0051_G6404_R1_A 1.6462286 0.8525935 0.8520434 0.8337216 0.7694550 0.7688590 0.7214667 0.7526842 0.0000000 
