10
S0051_G6406_R1_A 0.0000000 0.0129437 0.3366432 0.3596680 0.3420384 0.2858205 0.2877980 0.2889044 0.3158437 0.8782418 
S0039_G6406_R1_A 0.0129437 0.0000000 0.3428614 0.3675982 0.3527127 0.2914604 0.2955878 0.2967090 0.3236382 0.8724882 
S0015_G6406_R1_A 0.3366432 0.3428614 0.0000000 0.1454922 0.1834618 0.1935221 0.2340926 0.2340738 0.1778983 0.9150664 
S0034_G6406_R1_A 0.3596680 0.3675982 0.1454922 0.0000000 0.2126296 0.2312322 0.2880689 0.2880443 0.2179433 0.9573036 
S0008_G6406_R1_A 0.3420384 0.3527127 0.1834618 0.2126296 0.0000000 0.1785873 0.2229218 0.2229040 0.1759981 0.8813934 
S0027_G6406_R1_A 0.2858205 0.2914604 0.1935221 0.2312322 0.1785873 0.0000000 0.1995669 0.1981738 0.1254829 0.8825190 
S0009_G6406_R1_A 0.2877980 0.2955878 0.2340926 0.2880689 0.2229218 0.1995669 0.0000000 0.0009503 0.1936670 0.8853132 
S0010_G6406_R1_A 0.2889044 0.2967090 0.2340738 0.2880443 0.2229040 0.1981738 0.0009503 0.0000000 0.1950650 0.8878368 
S0014_G6406_R1_A 0.3158437 0.3236382 0.1778983 0.2179433 0.1759981 0.1254829 0.1936670 0.1950650 0.0000000 0.9314218 
S0003_G6406_R1_N 0.8782418 0.8724882 0.9150664 0.9573036 0.8813934 0.8825190 0.8853132 0.8878368 0.9314218 0.0000000 
