10
S0051_G6435_R1_A 0.0000000 0.0094423 0.3839403 0.3976338 0.3745884 0.3771948 0.4634532 0.4598373 0.4274213 1.0312082 
S0039_G6435_R1_A 0.0094423 0.0000000 0.3804040 0.3967866 0.3728667 0.3754594 0.4635718 0.4664679 0.4204927 1.0572458 
S0027_G6435_R1_A 0.3839403 0.3804040 0.0000000 0.1462090 0.1969720 0.1977621 0.2337313 0.2652449 0.2181534 1.0140006 
S0014_G6435_R1_A 0.3976338 0.3967866 0.1462090 0.0000000 0.2208507 0.2262968 0.2568276 0.2847709 0.2232157 1.0177281 
S0010_G6435_R1_A 0.3745884 0.3728667 0.1969720 0.2208507 0.0000000 0.0236809 0.2924495 0.3451696 0.2782602 0.9800997 
S0009_G6435_R1_A 0.3771948 0.3754594 0.1977621 0.2262968 0.0236809 0.0000000 0.3011752 0.3516893 0.2782617 0.9823337 
S0015_G6435_R1_A 0.4634532 0.4635718 0.2337313 0.2568276 0.2924495 0.3011752 0.0000000 0.1988630 0.2773404 1.0946513 
S0034_G6435_R1_A 0.4598373 0.4664679 0.2652449 0.2847709 0.3451696 0.3516893 0.1988630 0.0000000 0.2594678 1.0973407 
S0008_G6435_R1_A 0.4274213 0.4204927 0.2181534 0.2232157 0.2782602 0.2782617 0.2773404 0.2594678 0.0000000 0.9532604 
S0003_G6435_R1_N 1.0312082 1.0572458 1.0140006 1.0177281 0.9800997 0.9823337 1.0946513 1.0973407 0.9532604 0.0000000 
