9
S0034_G6432_R1_A 0.0000000 0.2166268 0.4479687 0.6533195 0.6477938 0.5045061 0.8777562 0.8901164 1.0898566 
S0015_G6432_R1_A 0.2166268 0.0000000 0.3773718 0.5679667 0.5662508 0.4116541 0.7732839 0.7815521 1.0413386 
S0008_G6432_R1_A 0.4479687 0.3773718 0.0000000 0.4312579 0.4254366 0.2416565 0.7100511 0.7245137 0.9002267 
S0009_G6432_R1_A 0.6533195 0.5679667 0.4312579 0.0000000 0.0051893 0.4349532 0.5080801 0.5201533 0.9805374 
S0010_G6432_R1_A 0.6477938 0.5662508 0.4254366 0.0051893 0.0000000 0.4301822 0.5161750 0.5283914 0.9820163 
S0027_G6432_R1_A 0.5045061 0.4116541 0.2416565 0.4349532 0.4301822 0.0000000 0.7430080 0.7524708 0.9749159 
S0051_G6432_R1_A 0.8777562 0.7732839 0.7100511 0.5080801 0.5161750 0.7430080 0.0000000 0.0151510 0.9548266 
S0039_G6432_R1_A 0.8901164 0.7815521 0.7245137 0.5201533 0.5283914 0.7524708 0.0151510 0.0000000 0.9732914 
S0003_G6432_R1_N 1.0898566 1.0413386 0.9002267 0.9805374 0.9820163 0.9749159 0.9548266 0.9732914 0.0000000 
