8
S0034_G6439_R1_A 0.0000000 0.1962369 0.1478008 0.3103833 0.3107185 0.2793387 0.2795639 1.1141720 
S0008_G6439_R1_A 0.1962369 0.0000000 0.1859072 0.3130274 0.2493793 0.2626175 0.2628233 1.0367699 
S0015_G6439_R1_A 0.1478008 0.1859072 0.0000000 0.3101089 0.2926852 0.2874134 0.2876436 1.0984163 
S0027_G6439_R1_A 0.3103833 0.3130274 0.3101089 0.0000000 0.3287423 0.3715801 0.3708340 1.1212290 
S0014_G6439_R1_A 0.3107185 0.2493793 0.2926852 0.3287423 0.0000000 0.3065087 0.3058355 0.9597356 
S0009_G6439_R1_A 0.2793387 0.2626175 0.2874134 0.3715801 0.3065087 0.0000000 0.0005086 0.9277637 
S0010_G6439_R1_A 0.2795639 0.2628233 0.2876436 0.3708340 0.3058355 0.0005086 0.0000000 0.9277637 
S0003_G6439_R1_N 1.1141720 1.0367699 1.0984163 1.1212290 0.9597356 0.9277637 0.9277637 0.0000000 
