10
S0051_G6447_R1_A 0.0000000 0.0176856 0.8365126 0.9111808 0.8234416 0.8645998 0.8931169 0.8081330 0.8160311 1.2669627 
S0039_G6447_R1_A 0.0176856 0.0000000 0.8325372 0.8993862 0.8020595 0.8792768 0.8994499 0.7985186 0.8066365 1.2606734 
S0027_G6447_R1_A 0.8365126 0.8325372 0.0000000 0.2245130 0.2731915 0.2090483 0.3124088 0.3475224 0.3501286 1.1423671 
S0014_G6447_R1_A 0.9111808 0.8993862 0.2245130 0.0000000 0.3210091 0.2421662 0.3572286 0.3887844 0.3915267 1.2434208 
S0015_G6447_R1_A 0.8234416 0.8020595 0.2731915 0.3210091 0.0000000 0.2529701 0.2263260 0.3894341 0.3897333 1.2097738 
S0008_G6447_R1_A 0.8645998 0.8792768 0.2090483 0.2421662 0.2529701 0.0000000 0.2695337 0.3800429 0.3817038 1.1323103 
S0034_G6447_R1_A 0.8931169 0.8994499 0.3124088 0.3572286 0.2263260 0.2695337 0.0000000 0.4491687 0.4511990 1.1192768 
S0009_G6447_R1_A 0.8081330 0.7985186 0.3475224 0.3887844 0.3894341 0.3800429 0.4491687 0.0000000 0.0056123 0.9150933 
S0010_G6447_R1_A 0.8160311 0.8066365 0.3501286 0.3915267 0.3897333 0.3817038 0.4511990 0.0056123 0.0000000 0.9193614 
S0003_G6447_R1_N 1.2669627 1.2606734 1.1423671 1.2434208 1.2097738 1.1323103 1.1192768 0.9150933 0.9193614 0.0000000 
