12
S0027_G6448_R1_A 0.0000000 0.2577392 0.2572782 0.2250141 0.2264140 0.5576891 0.5535791 0.5372497 0.6692832 0.7144174 0.6192866 0.7719824 
S0009_G6448_R1_A 0.2577392 0.0000000 0.0031051 0.3069673 0.2559148 0.7109039 0.7152811 0.6918000 0.8189366 0.9078410 0.7225029 0.8863452 
S0010_G6448_R1_A 0.2572782 0.0031051 0.0000000 0.3063780 0.2554305 0.7120184 0.7163954 0.6901539 0.8201272 0.9055345 0.7290671 0.8877152 
S0014_G6448_R1_A 0.2250141 0.3069673 0.3063780 0.0000000 0.2369914 0.7045759 0.7047134 0.6186298 0.7786446 0.7803197 0.6325090 0.7869452 
S0015_G6448_R2_A 0.2264140 0.2559148 0.2554305 0.2369914 0.0000000 0.6296988 0.6302413 0.5864174 0.7173868 0.7457235 0.6243353 0.7928376 
S0039_G6448_R1_A 0.5576891 0.7109039 0.7120184 0.7045759 0.6296988 0.0000000 0.0160311 0.3889338 0.5212635 0.5809492 0.4308007 0.9917006 
S0051_G6448_R1_A 0.5535791 0.7152811 0.7163954 0.7047134 0.6302413 0.0160311 0.0000000 0.3864919 0.5138936 0.5748400 0.4412349 0.9770570 
S0008_G6448_R1_A 0.5372497 0.6918000 0.6901539 0.6186298 0.5864174 0.3889338 0.3864919 0.0000000 0.2347897 0.2379850 0.2556683 0.9098602 
S0034_G6448_R1_A 0.6692832 0.8189366 0.8201272 0.7786446 0.7173868 0.5212635 0.5138936 0.2347897 0.0000000 0.1881806 0.3195780 1.0072142 
S0015_G6448_R1_A 0.7144174 0.9078410 0.9055345 0.7803197 0.7457235 0.5809492 0.5748400 0.2379850 0.1881806 0.0000000 0.3549887 0.9981347 
S0014_G6448_R2_A 0.6192866 0.7225029 0.7290671 0.6325090 0.6243353 0.4308007 0.4412349 0.2556683 0.3195780 0.3549887 0.0000000 0.8562044 
S0003_G6448_R1_N 0.7719824 0.8863452 0.8877152 0.7869452 0.7928376 0.9917006 0.9770570 0.9098602 1.0072142 0.9981347 0.8562044 0.0000000 
