12
S0051_G6449_R1_A 0.0000000 0.0175816 0.4282922 0.4360966 0.2614648 0.2685244 0.6518978 0.6168219 0.5161165 0.6469075 0.5752556 1.4568536 
S0039_G6449_R2_A 0.0175816 0.0000000 0.4354605 0.4433393 0.2692260 0.2764154 0.6631269 0.6265319 0.5216262 0.6519149 0.5824808 1.4575464 
S0009_G6449_R1_A 0.4282922 0.4354605 0.0000000 0.0027348 0.4132582 0.4124968 0.3791521 0.3614982 0.3044681 0.3732206 0.3754336 1.0977973 
S0010_G6449_R1_A 0.4360966 0.4433393 0.0027348 0.0000000 0.4208460 0.4187196 0.3805676 0.3629539 0.3085843 0.3746422 0.3769116 1.1045928 
S0039_G6449_R1_A 0.2614648 0.2692260 0.4132582 0.4208460 0.0000000 0.0074287 0.5539912 0.5293428 0.4571085 0.5715774 0.5165014 1.1583286 
S0051_G6449_R2_A 0.2685244 0.2764154 0.4124968 0.4187196 0.0074287 0.0000000 0.5561932 0.5259336 0.4586807 0.5708441 0.5148438 1.1543450 
S0015_G6449_R1_A 0.6518978 0.6631269 0.3791521 0.3805676 0.5539912 0.5561932 0.0000000 0.1823857 0.2762164 0.2989530 0.3247232 1.0664918 
S0034_G6449_R1_A 0.6168219 0.6265319 0.3614982 0.3629539 0.5293428 0.5259336 0.1823857 0.0000000 0.2881842 0.2769410 0.2979047 1.0693843 
S0014_G6449_R1_A 0.5161165 0.5216262 0.3044681 0.3085843 0.4571085 0.4586807 0.2762164 0.2881842 0.0000000 0.2678835 0.2518079 1.0062115 
S0008_G6449_R1_A 0.6469075 0.6519149 0.3732206 0.3746422 0.5715774 0.5708441 0.2989530 0.2769410 0.2678835 0.0000000 0.2926154 0.9159754 
S0027_G6449_R1_A 0.5752556 0.5824808 0.3754336 0.3769116 0.5165014 0.5148438 0.3247232 0.2979047 0.2518079 0.2926154 0.0000000 1.0503817 
S0003_G6449_R1_N 1.4568536 1.4575464 1.0977973 1.1045928 1.1583286 1.1543450 1.0664918 1.0693843 1.0062115 0.9159754 1.0503817 0.0000000 
