10
S0051_G6457_R1_A 0.0000000 0.0076101 0.3713130 0.3769879 0.4480656 0.5196499 0.4983260 0.4398777 0.4330973 0.9996494 
S0039_G6457_R1_A 0.0076101 0.0000000 0.3831425 0.3890068 0.4544465 0.5384309 0.5168546 0.4553369 0.4436701 0.9975934 
S0009_G6457_R1_A 0.3713130 0.3831425 0.0000000 0.0047215 0.2432793 0.3069676 0.3198448 0.2586612 0.2680488 0.9434997 
S0010_G6457_R1_A 0.3769879 0.3890068 0.0047215 0.0000000 0.2432015 0.3073304 0.3212916 0.2582279 0.2718006 0.9423448 
S0008_G6457_R1_A 0.4480656 0.4544465 0.2432793 0.2432015 0.0000000 0.2174400 0.2273842 0.1849850 0.2092746 0.8929474 
S0034_G6457_R1_A 0.5196499 0.5384309 0.3069676 0.3073304 0.2174400 0.0000000 0.1610226 0.2717052 0.2914724 0.9904344 
S0015_G6457_R1_A 0.4983260 0.5168546 0.3198448 0.3212916 0.2273842 0.1610226 0.0000000 0.2609729 0.2898006 0.9543466 
S0014_G6457_R1_A 0.4398777 0.4553369 0.2586612 0.2582279 0.1849850 0.2717052 0.2609729 0.0000000 0.1796314 0.8797324 
S0027_G6457_R1_A 0.4330973 0.4436701 0.2680488 0.2718006 0.2092746 0.2914724 0.2898006 0.1796314 0.0000000 1.0229257 
S0003_G6457_R1_N 0.9996494 0.9975934 0.9434997 0.9423448 0.8929474 0.9904344 0.9543466 0.8797324 1.0229257 0.0000000 
