10
S0039_G6462_R1_A 0.0000000 0.0145250 0.3922248 0.3774527 0.3076302 0.2886227 0.2737928 0.2853182 0.4011021 0.8988308 
S0051_G6462_R1_A 0.0145250 0.0000000 0.3957165 0.3795416 0.3081570 0.2940972 0.2868939 0.2952722 0.4219132 0.9036535 
S0034_G6462_R1_A 0.3922248 0.3957165 0.0000000 0.1251102 0.2577308 0.2528530 0.2788240 0.2794812 0.2185453 1.0458438 
S0015_G6462_R1_A 0.3774527 0.3795416 0.1251102 0.0000000 0.2511099 0.2422072 0.2676748 0.2693420 0.2263710 1.0399839 
S0014_G6462_R1_A 0.3076302 0.3081570 0.2577308 0.2511099 0.0000000 0.1440249 0.2368834 0.2385354 0.2187407 0.9972097 
S0027_G6462_R1_A 0.2886227 0.2940972 0.2528530 0.2422072 0.1440249 0.0000000 0.2289660 0.2266648 0.2062527 1.0998274 
S0010_G6462_R1_A 0.2737928 0.2868939 0.2788240 0.2676748 0.2368834 0.2289660 0.0000000 0.0117402 0.2913343 1.0408464 
S0009_G6462_R1_A 0.2853182 0.2952722 0.2794812 0.2693420 0.2385354 0.2266648 0.0117402 0.0000000 0.2918750 1.0522224 
S0008_G6462_R1_A 0.4011021 0.4219132 0.2185453 0.2263710 0.2187407 0.2062527 0.2913343 0.2918750 0.0000000 0.8714028 
S0003_G6462_R1_N 0.8988308 0.9036535 1.0458438 1.0399839 0.9972097 1.0998274 1.0408464 1.0522224 0.8714028 0.0000000 
