10
S0051_G6460_R1_A 0.0000000 0.0109801 0.4269721 0.3964679 0.4957092 0.5002704 0.3904994 0.3352202 0.3363906 1.0248041 
S0039_G6460_R1_A 0.0109801 0.0000000 0.3871148 0.3630786 0.4475315 0.4650495 0.3513423 0.3107504 0.3119795 0.9545124 
S0014_G6460_R1_A 0.4269721 0.3871148 0.0000000 0.1827506 0.3566984 0.3333759 0.1982466 0.2790771 0.2800988 1.0247815 
S0027_G6460_R1_A 0.3964679 0.3630786 0.1827506 0.0000000 0.3556277 0.3677763 0.2226937 0.2704130 0.2715003 1.0025893 
S0015_G6460_R1_A 0.4957092 0.4475315 0.3566984 0.3556277 0.0000000 0.2729422 0.2891389 0.4054741 0.4067163 1.1480450 
S0034_G6460_R1_A 0.5002704 0.4650495 0.3333759 0.3677763 0.2729422 0.0000000 0.2826870 0.3647529 0.3659219 1.1050888 
S0008_G6460_R1_A 0.3904994 0.3513423 0.1982466 0.2226937 0.2891389 0.2826870 0.0000000 0.2606443 0.2616939 0.9487727 
S0009_G6460_R1_A 0.3352202 0.3107504 0.2790771 0.2704130 0.4054741 0.3647529 0.2606443 0.0000000 0.0006320 0.9428258 
S0010_G6460_R1_A 0.3363906 0.3119795 0.2800988 0.2715003 0.4067163 0.3659219 0.2616939 0.0006320 0.0000000 0.9428258 
S0003_G6460_R1_N 1.0248041 0.9545124 1.0247815 1.0025893 1.1480450 1.1050888 0.9487727 0.9428258 0.9428258 0.0000000 
