11
S0039_G6499_R1_A 0.0000000 0.0175701 0.5398949 0.5382329 0.5828887 0.5404370 0.5882360 0.5317984 0.7056115 0.5879352 1.0122278 
S0051_G6499_R1_A 0.0175701 0.0000000 0.5556195 0.5539138 0.5960790 0.5566071 0.6039922 0.5447729 0.7107274 0.5905524 1.0071727 
S0009_G6499_R1_A 0.5398949 0.5556195 0.0000000 0.0004769 0.2789391 0.2598802 0.2282871 0.2408678 0.3755713 0.2712099 0.8113011 
S0010_G6499_R1_A 0.5382329 0.5539138 0.0004769 0.0000000 0.2779689 0.2589441 0.2284795 0.2399479 0.3743134 0.2702534 0.8077487 
S0015_G6499_R1_A 0.5828887 0.5960790 0.2789391 0.2779689 0.0000000 0.1439330 0.2424066 0.2709455 0.3779230 0.2591289 0.8181404 
S0034_G6499_R1_A 0.5404370 0.5566071 0.2598802 0.2589441 0.1439330 0.0000000 0.2342649 0.2537464 0.3684013 0.2794083 0.8038103 
S0008_G6499_R1_A 0.5882360 0.6039922 0.2282871 0.2284795 0.2424066 0.2342649 0.0000000 0.2273789 0.3283659 0.2489855 0.7511874 
S0027_G6499_R1_A 0.5317984 0.5447729 0.2408678 0.2399479 0.2709455 0.2537464 0.2273789 0.0000000 0.1644999 0.2100940 0.7501237 
S0027_G6499_R2_A 0.7056115 0.7107274 0.3755713 0.3743134 0.3779230 0.3684013 0.3283659 0.1644999 0.0000000 0.3092034 0.8386404 
S0014_G6499_R1_A 0.5879352 0.5905524 0.2712099 0.2702534 0.2591289 0.2794083 0.2489855 0.2100940 0.3092034 0.0000000 0.7961998 
S0003_G6499_R1_N 1.0122278 1.0071727 0.8113011 0.8077487 0.8181404 0.8038103 0.7511874 0.7501237 0.8386404 0.7961998 0.0000000 
