12
S0003_G6494_R1_N 0.0000000 1.0602922 1.1572588 1.1522299 1.1574407 1.1360602 1.0308588 1.0723708 0.9276943 1.4190853 1.4357002 1.0145765 
S0014_G6494_R1_A 1.0602922 0.0000000 0.3223814 0.3229818 0.3451037 0.3417264 0.2283384 0.2510883 0.2674047 0.6253442 0.6586032 0.2695795 
S0010_G6494_R1_A 1.1572588 0.3223814 0.0000000 0.0015523 0.1488552 0.1431531 0.3589423 0.3892950 0.4110563 0.5621251 0.5950190 0.4292527 
S0009_G6494_R1_A 1.1522299 0.3229818 0.0015523 0.0000000 0.1465767 0.1423233 0.3574842 0.3878044 0.4094776 0.5613853 0.5928384 0.4298550 
S0010_G6494_R2_A 1.1574407 0.3451037 0.1488552 0.1465767 0.0000000 0.0114708 0.3890040 0.4164233 0.4334218 0.6030917 0.6152204 0.4894999 
S0009_G6494_R2_A 1.1360602 0.3417264 0.1431531 0.1423233 0.0114708 0.0000000 0.3892157 0.4131158 0.4241857 0.6047545 0.6056071 0.4833395 
S0015_G6494_R1_A 1.0308588 0.2283384 0.3589423 0.3574842 0.3890040 0.3892157 0.0000000 0.1341731 0.2558707 0.6513226 0.6683943 0.3188344 
S0034_G6494_R1_A 1.0723708 0.2510883 0.3892950 0.3878044 0.4164233 0.4131158 0.1341731 0.0000000 0.2674693 0.7291886 0.7571167 0.3476635 
S0008_G6494_R1_A 0.9276943 0.2674047 0.4110563 0.4094776 0.4334218 0.4241857 0.2558707 0.2674693 0.0000000 0.7369287 0.7775923 0.3249366 
S0039_G6494_R1_A 1.4190853 0.6253442 0.5621251 0.5613853 0.6030917 0.6047545 0.6513226 0.7291886 0.7369287 0.0000000 0.0531528 0.6308525 
S0051_G6494_R1_A 1.4357002 0.6586032 0.5950190 0.5928384 0.6152204 0.6056071 0.6683943 0.7571167 0.7775923 0.0531528 0.0000000 0.6602978 
S0027_G6494_R1_A 1.0145765 0.2695795 0.4292527 0.4298550 0.4894999 0.4833395 0.3188344 0.3476635 0.3249366 0.6308525 0.6602978 0.0000000 
