11
S0039_G6528_R1_A 0.0000000 0.0211398 0.6701428 0.6498023 0.5857573 0.6607789 0.7121098 0.7152683 0.6315780 0.9194267 1.0428438 
S0051_G6528_R1_A 0.0211398 0.0000000 0.6911528 0.6722861 0.5864786 0.6733428 0.7223512 0.7255479 0.6428902 0.9159228 1.0683923 
S0034_G6528_R1_A 0.6701428 0.6911528 0.0000000 0.1461205 0.1753289 0.2891948 0.3099919 0.3070263 0.3902527 0.6798518 0.9024076 
S0015_G6528_R1_A 0.6498023 0.6722861 0.1461205 0.0000000 0.1442881 0.2900392 0.3149313 0.3146260 0.3753969 0.6886092 0.9819372 
S0008_G6528_R1_A 0.5857573 0.5864786 0.1753289 0.1442881 0.0000000 0.1933965 0.1864513 0.1878403 0.3045259 0.5933769 0.7772394 
S0014_G6528_R1_A 0.6607789 0.6733428 0.2891948 0.2900392 0.1933965 0.0000000 0.2913218 0.2895712 0.3273436 0.7840902 0.9855999 
S0009_G6528_R1_A 0.7121098 0.7223512 0.3099919 0.3149313 0.1864513 0.2913218 0.0000000 0.0021751 0.3839072 0.7361679 1.0044662 
S0010_G6528_R1_A 0.7152683 0.7255479 0.3070263 0.3146260 0.1878403 0.2895712 0.0021751 0.0000000 0.3839072 0.7339436 1.0080211 
S0027_G6528_R1_A 0.6315780 0.6428902 0.3902527 0.3753969 0.3045259 0.3273436 0.3839072 0.3839072 0.0000000 0.6692801 1.0043806 
S0034_G6528_R2_A 0.9194267 0.9159228 0.6798518 0.6886092 0.5933769 0.7840902 0.7361679 0.7339436 0.6692801 0.0000000 0.6912614 
S0003_G6528_R1_N 1.0428438 1.0683923 0.9024076 0.9819372 0.7772394 0.9855999 1.0044662 1.0080211 1.0043806 0.6912614 0.0000000 
