10
S0003_G6538_R1_N 0.0000000 1.1767142 1.1263248 1.0831191 1.2348979 1.2049444 1.0405708 1.1409437 1.4953857 1.4499153 
S0034_G6538_R1_A 1.1767142 0.0000000 0.1662739 0.2816601 0.5158464 0.5242003 0.3974064 0.4883536 1.1788319 1.1951526 
S0015_G6538_R1_A 1.1263248 0.1662739 0.0000000 0.2432985 0.4756543 0.4825367 0.3655108 0.4323698 1.1052851 1.1245896 
S0008_G6538_R1_A 1.0831191 0.2816601 0.2432985 0.0000000 0.4565310 0.4610510 0.3002947 0.3738445 1.1532014 1.1870241 
S0010_G6538_R1_A 1.2348979 0.5158464 0.4756543 0.4565310 0.0000000 0.0365642 0.4111854 0.5064872 0.8370294 0.8623980 
S0009_G6538_R1_A 1.2049444 0.5242003 0.4825367 0.4610510 0.0365642 0.0000000 0.4190585 0.5022651 0.8548472 0.8841111 
S0014_G6538_R1_A 1.0405708 0.3974064 0.3655108 0.3002947 0.4111854 0.4190585 0.0000000 0.3487786 1.0981422 1.1233552 
S0027_G6538_R1_A 1.1409437 0.4883536 0.4323698 0.3738445 0.5064872 0.5022651 0.3487786 0.0000000 1.0400993 1.0536294 
S0051_G6538_R1_A 1.4953857 1.1788319 1.1052851 1.1532014 0.8370294 0.8548472 1.0981422 1.0400993 0.0000000 0.0423167 
S0039_G6538_R1_A 1.4499153 1.1951526 1.1245896 1.1870241 0.8623980 0.8841111 1.1233552 1.0536294 0.0423167 0.0000000 
