10
S0039_G6533_R1_A 0.0000000 0.0106875 0.8429911 0.7698539 0.6572862 0.6694564 0.7513872 0.7403591 0.8060533 1.2452620 
S0051_G6533_R1_A 0.0106875 0.0000000 0.8398687 0.7694259 0.6669749 0.6763716 0.7485577 0.7318707 0.8056741 1.2478076 
S0034_G6533_R1_A 0.8429911 0.8398687 0.0000000 0.1698971 0.3125866 0.3129448 0.1985020 0.3063210 0.3035047 1.1194760 
S0015_G6533_R1_A 0.7698539 0.7694259 0.1698971 0.0000000 0.2947820 0.2936002 0.1856803 0.2936859 0.2881047 0.9866226 
S0009_G6533_R1_A 0.6572862 0.6669749 0.3125866 0.2947820 0.0000000 0.0091848 0.2450113 0.3061543 0.3255382 1.1000961 
S0010_G6533_R1_A 0.6694564 0.6763716 0.3129448 0.2936002 0.0091848 0.0000000 0.2446517 0.3074946 0.3234193 1.1151660 
S0008_G6533_R1_A 0.7513872 0.7485577 0.1985020 0.1856803 0.2450113 0.2446517 0.0000000 0.2113054 0.2125028 0.9462398 
S0027_G6533_R1_A 0.7403591 0.7318707 0.3063210 0.2936859 0.3061543 0.3074946 0.2113054 0.0000000 0.1402813 1.0637095 
S0014_G6533_R1_A 0.8060533 0.8056741 0.3035047 0.2881047 0.3255382 0.3234193 0.2125028 0.1402813 0.0000000 1.0411376 
S0003_G6533_R1_N 1.2452620 1.2478076 1.1194760 0.9866226 1.1000961 1.1151660 0.9462398 1.0637095 1.0411376 0.0000000 
