8
S0051_G6548_R1_A 0.0000000 0.3833384 0.3819502 0.4700746 0.4830439 0.5737490 0.5192423 0.5329466 
S0009_G6548_R1_A 0.3833384 0.0000000 0.0006782 0.3566151 0.3614445 0.4624644 0.3783345 0.4122329 
S0010_G6548_R1_A 0.3819502 0.0006782 0.0000000 0.3553535 0.3601544 0.4627403 0.3770385 0.4108550 
S0008_G6548_R1_A 0.4700746 0.3566151 0.3553535 0.0000000 0.2032281 0.2611371 0.2217561 0.2346231 
S0027_G6548_R1_A 0.4830439 0.3614445 0.3601544 0.2032281 0.0000000 0.3122817 0.2102557 0.2853420 
S0034_G6548_R1_A 0.5737490 0.4624644 0.4627403 0.2611371 0.3122817 0.0000000 0.3177713 0.2141472 
S0014_G6548_R1_A 0.5192423 0.3783345 0.3770385 0.2217561 0.2102557 0.3177713 0.0000000 0.2937800 
S0015_G6548_R1_A 0.5329466 0.4122329 0.4108550 0.2346231 0.2853420 0.2141472 0.2937800 0.0000000 
