12
S0008_G6544_R1_A 0.0000000 0.1158092 0.1907182 0.1907182 0.1913774 0.1942951 0.1314161 0.1570210 0.1562580 0.3610757 0.3565577 0.9439415 
S0014_G6544_R1_A 0.1158092 0.0000000 0.2034206 0.2034206 0.2006297 0.2073914 0.1162023 0.1612996 0.1709049 0.3410003 0.3376806 0.9336580 
S0009_G6544_R1_A 0.1907182 0.2034206 0.0000000 0.0000010 0.0151213 0.0177304 0.2030494 0.2527404 0.2490246 0.3805152 0.3712859 0.9969480 
S0009_G6544_R2_A 0.1907182 0.2034206 0.0000010 0.0000000 0.0151213 0.0177304 0.2030494 0.2527404 0.2490246 0.3805152 0.3712859 0.9969480 
S0010_G6544_R1_A 0.1913774 0.2006297 0.0151213 0.0151213 0.0000000 0.0141170 0.2022090 0.2527787 0.2541948 0.3757347 0.3686089 0.9955338 
S0010_G6544_R2_A 0.1942951 0.2073914 0.0177304 0.0177304 0.0141170 0.0000000 0.2076774 0.2564996 0.2556964 0.3885804 0.3812808 1.0097407 
S0027_G6544_R1_A 0.1314161 0.1162023 0.2030494 0.2030494 0.2022090 0.2076774 0.0000000 0.1807430 0.1878144 0.3622766 0.3609450 0.9226548 
S0015_G6544_R1_A 0.1570210 0.1612996 0.2527404 0.2527404 0.2527787 0.2564996 0.1807430 0.0000000 0.1738315 0.3768355 0.3729154 0.9826838 
S0034_G6544_R1_A 0.1562580 0.1709049 0.2490246 0.2490246 0.2541948 0.2556964 0.1878144 0.1738315 0.0000000 0.3911802 0.3891820 0.9441935 
S0039_G6544_R1_A 0.3610757 0.3410003 0.3805152 0.3805152 0.3757347 0.3885804 0.3622766 0.3768355 0.3911802 0.0000000 0.0068076 0.9442515 
S0051_G6544_R1_A 0.3565577 0.3376806 0.3712859 0.3712859 0.3686089 0.3812808 0.3609450 0.3729154 0.3891820 0.0068076 0.0000000 0.9338459 
S0003_G6544_R1_N 0.9439415 0.9336580 0.9969480 0.9969480 0.9955338 1.0097407 0.9226548 0.9826838 0.9441935 0.9442515 0.9338459 0.0000000 
