10
S0015_G6559_R1_A 0.0000000 0.2013427 0.2704879 0.2941510 0.3118300 0.7686350 0.7766398 0.2161570 0.8473290 0.3940222 
S0034_G6559_R1_A 0.2013427 0.0000000 0.3020566 0.3343120 0.3403428 0.8323473 0.8302689 0.2556445 0.8703614 0.4455100 
S0027_G6559_R1_A 0.2704879 0.3020566 0.0000000 0.2810678 0.2970382 0.6589938 0.6566476 0.2173163 0.7489846 0.3181878 
S0009_G6559_R1_A 0.2941510 0.3343120 0.2810678 0.0000000 0.0472783 0.7647712 0.7565699 0.2322941 0.8632007 0.3412762 
S0010_G6559_R1_A 0.3118300 0.3403428 0.2970382 0.0472783 0.0000000 0.7907890 0.7871452 0.2455399 0.8491750 0.3481615 
S0039_G6559_R1_A 0.7686350 0.8323473 0.6589938 0.7647712 0.7907890 0.0000000 0.0160397 0.6580470 0.9897372 0.7158613 
S0051_G6559_R1_A 0.7766398 0.8302689 0.6566476 0.7565699 0.7871452 0.0160397 0.0000000 0.6446921 0.9779465 0.7116581 
S0008_G6559_R1_A 0.2161570 0.2556445 0.2173163 0.2322941 0.2455399 0.6580470 0.6446921 0.0000000 0.6697054 0.2561408 
S0003_G6559_R1_N 0.8473290 0.8703614 0.7489846 0.8632007 0.8491750 0.9897372 0.9779465 0.6697054 0.0000000 0.7234418 
S0014_G6559_R1_A 0.3940222 0.4455100 0.3181878 0.3412762 0.3481615 0.7158613 0.7116581 0.2561408 0.7234418 0.0000000 
