10
S0003_G6572_R1_N 0.0000000 1.1230806 1.1374026 0.9881211 1.0837213 1.1123505 0.9639471 0.9976559 0.8643755 1.0031496 
S0039_G6572_R1_A 1.1230806 0.0000000 0.0203950 0.5994736 0.5453373 0.5642273 0.7119428 0.7346982 0.7337025 0.6557650 
S0051_G6572_R1_A 1.1374026 0.0203950 0.0000000 0.6083059 0.5674282 0.5835637 0.7159117 0.7365944 0.7431679 0.6696348 
S0008_G6572_R1_A 0.9881211 0.5994736 0.6083059 0.0000000 0.3609691 0.3615493 0.2406821 0.2537941 0.3277729 0.3285836 
S0009_G6572_R1_A 1.0837213 0.5453373 0.5674282 0.3609691 0.0000000 0.0266982 0.4003796 0.4305523 0.3767863 0.4115328 
S0010_G6572_R1_A 1.1123505 0.5642273 0.5835637 0.3615493 0.0266982 0.0000000 0.4013043 0.4362781 0.3854242 0.4146522 
S0015_G6572_R1_A 0.9639471 0.7119428 0.7159117 0.2406821 0.4003796 0.4013043 0.0000000 0.1563187 0.3545312 0.4032935 
S0034_G6572_R1_A 0.9976559 0.7346982 0.7365944 0.2537941 0.4305523 0.4362781 0.1563187 0.0000000 0.3973026 0.4111289 
S0014_G6572_R1_A 0.8643755 0.7337025 0.7431679 0.3277729 0.3767863 0.3854242 0.3545312 0.3973026 0.0000000 0.2901311 
S0027_G6572_R1_A 1.0031496 0.6557650 0.6696348 0.3285836 0.4115328 0.4146522 0.4032935 0.4111289 0.2901311 0.0000000 
