15
S0009_G6601_R1_A 0.0000000 0.0132390 0.3401777 0.2919364 0.2705169 0.3385925 0.3696447 0.2458355 0.3867314 0.3899709 0.3837986 0.3522231 0.2498868 0.9727533 0.7519950 
S0010_G6601_R1_A 0.0132390 0.0000000 0.3394228 0.2870818 0.2662495 0.3338610 0.3663451 0.2435115 0.3831965 0.3864717 0.3807547 0.3484288 0.2458144 0.9594075 0.7550735 
S0027_G6601_R1_A 0.3401777 0.3394228 0.0000000 0.2120693 0.2477845 0.3155237 0.4686144 0.2587506 0.4714590 0.4768342 0.4651863 0.3397724 0.2764485 0.9555031 0.7613207 
S0014_G6601_R1_A 0.2919364 0.2870818 0.2120693 0.0000000 0.1458284 0.2093361 0.4023898 0.2354982 0.4070719 0.4034540 0.4067813 0.2200750 0.2070776 0.9833476 0.7066402 
S0008_G6601_R1_A 0.2705169 0.2662495 0.2477845 0.1458284 0.0000000 0.1736481 0.4188834 0.2587262 0.4212783 0.4249483 0.4140927 0.1799284 0.2583404 0.9370190 0.7159400 
S0015_G6601_R1_A 0.3385925 0.3338610 0.3155237 0.2093361 0.1736481 0.0000000 0.4882669 0.3025767 0.4996747 0.5031061 0.4935375 0.1495626 0.2906679 1.0080327 0.8243052 
S0039_G6601_R1_A 0.3696447 0.3663451 0.4686144 0.4023898 0.4188834 0.4882669 0.0000000 0.0174537 0.1389429 0.1320185 0.0796559 0.5065544 0.0705454 0.9012366 0.4049255 
S0039_G6601_R2_A 0.2458355 0.2435115 0.2587506 0.2354982 0.2587262 0.3025767 0.0174537 0.0000000 0.0258264 0.0201497 0.0229274 0.3287053 0.0533664 0.7251888 0.4319541 
S0051_G6601_R2_A 0.3867314 0.3831965 0.4714590 0.4070719 0.4212783 0.4996747 0.1389429 0.0258264 0.0000000 0.0694438 0.0859254 0.5173640 0.0740430 0.8274360 0.3049671 
S0051_G6601_R1_A 0.3899709 0.3864717 0.4768342 0.4034540 0.4249483 0.5031061 0.1320185 0.0201497 0.0694438 0.0000000 0.0689393 0.5092120 0.0689381 0.8248618 0.3062030 
S0051_G6601_R4_A 0.3837986 0.3807547 0.4651863 0.4067813 0.4140927 0.4935375 0.0796559 0.0229274 0.0859254 0.0689393 0.0000000 0.5027128 0.0779133 0.8293192 0.3064297 
S0034_G6601_R1_A 0.3522231 0.3484288 0.3397724 0.2200750 0.1799284 0.1495626 0.5065544 0.3287053 0.5173640 0.5092120 0.5027128 0.0000000 0.3255668 0.9382547 0.7892514 
S0039_G6601_R3_A 0.2498868 0.2458144 0.2764485 0.2070776 0.2583404 0.2906679 0.0705454 0.0533664 0.0740430 0.0689381 0.0779133 0.3255668 0.0000000 0.7105414 0.4870397 
S0003_G6601_R1_N 0.9727533 0.9594075 0.9555031 0.9833476 0.9370190 1.0080327 0.9012366 0.7251888 0.8274360 0.8248618 0.8293192 0.9382547 0.7105414 0.0000000 0.8609158 
S0051_G6601_R3_A 0.7519950 0.7550735 0.7613207 0.7066402 0.7159400 0.8243052 0.4049255 0.4319541 0.3049671 0.3062030 0.3064297 0.7892514 0.4870397 0.8609158 0.0000000 
