10
S0003_G6639_R1_N 0.0000000 1.1823557 1.1823557 1.1068762 1.1380962 1.3592419 1.3589722 1.0629374 1.0512138 0.8907633 
S0009_G6639_R1_A 1.1823557 0.0000000 0.0000010 0.3428188 0.2934822 0.4524109 0.4576649 0.3184950 0.3327092 0.2936636 
S0010_G6639_R1_A 1.1823557 0.0000010 0.0000000 0.3428188 0.2934822 0.4524109 0.4576649 0.3184950 0.3327092 0.2936636 
S0034_G6639_R1_A 1.1068762 0.3428188 0.3428188 0.0000000 0.3134672 0.6076179 0.6099947 0.2202911 0.3223681 0.2518907 
S0027_G6639_R1_A 1.1380962 0.2934822 0.2934822 0.3134672 0.0000000 0.5931246 0.5990566 0.3010343 0.2571770 0.2563648 
S0051_G6639_R1_A 1.3592419 0.4524109 0.4524109 0.6076179 0.5931246 0.0000000 0.0102811 0.6205064 0.6485901 0.5362354 
S0039_G6639_R1_A 1.3589722 0.4576649 0.4576649 0.6099947 0.5990566 0.0102811 0.0000000 0.6218074 0.6544325 0.5346902 
S0015_G6639_R1_A 1.0629374 0.3184950 0.3184950 0.2202911 0.3010343 0.6205064 0.6218074 0.0000000 0.2871357 0.2120491 
S0014_G6639_R1_A 1.0512138 0.3327092 0.3327092 0.3223681 0.2571770 0.6485901 0.6544325 0.2871357 0.0000000 0.2475339 
S0008_G6639_R1_A 0.8907633 0.2936636 0.2936636 0.2518907 0.2563648 0.5362354 0.5346902 0.2120491 0.2475339 0.0000000 
