10
S0008_G6636_R1_A 0.0000000 0.2255507 0.1193549 0.1747480 0.1722483 0.1620640 0.1884663 0.4741113 0.5797928 0.5681817 
S0027_G6636_R1_A 0.2255507 0.0000000 0.1682505 0.2910795 0.2784466 0.2644364 0.3046284 0.6053829 0.6408407 0.6247468 
S0014_G6636_R1_A 0.1193549 0.1682505 0.0000000 0.1938961 0.1836292 0.1693577 0.2002039 0.4984318 0.5551869 0.5342186 
S0010_G6636_R1_A 0.1747480 0.2910795 0.1938961 0.0000000 0.0206410 0.2205167 0.2369196 0.5164948 0.4953563 0.4776424 
S0009_G6636_R1_A 0.1722483 0.2784466 0.1836292 0.0206410 0.0000000 0.2238292 0.2341492 0.5136020 0.5276783 0.5090342 
S0015_G6636_R1_A 0.1620640 0.2644364 0.1693577 0.2205167 0.2238292 0.0000000 0.1231717 0.4902997 0.5652661 0.5599623 
S0034_G6636_R1_A 0.1884663 0.3046284 0.2002039 0.2369196 0.2341492 0.1231717 0.0000000 0.5042150 0.6081382 0.6118524 
S0003_G6636_R1_N 0.4741113 0.6053829 0.4984318 0.5164948 0.5136020 0.4902997 0.5042150 0.0000000 0.7648088 0.7807120 
S0039_G6636_R1_A 0.5797928 0.6408407 0.5551869 0.4953563 0.5276783 0.5652661 0.6081382 0.7648088 0.0000000 0.0119502 
S0051_G6636_R1_A 0.5681817 0.6247468 0.5342186 0.4776424 0.5090342 0.5599623 0.6118524 0.7807120 0.0119502 0.0000000 
