16
S0010_G6641_R1_A 0.0000000 0.0536270 0.2722844 0.3233781 0.2656964 0.2868472 0.2708015 0.3299128 0.3348530 0.3355053 0.3093528 0.4227300 0.4472369 0.4337319 0.4543354 0.7577735 
S0009_G6641_R1_A 0.0536270 0.0000000 0.2815269 0.3477657 0.2627819 0.2856267 0.2681338 0.3339445 0.3582088 0.3589231 0.3132709 0.4230109 0.4445576 0.4388995 0.4600331 0.7269484 
S0014_G6641_R1_A 0.2722844 0.2815269 0.0000000 0.2444798 0.2418682 0.2298218 0.1910747 0.2743837 0.4276799 0.4221955 0.2963268 0.5206585 0.5048319 0.4654502 0.4497227 0.7344681 
S0027_G6641_R1_A 0.3233781 0.3477657 0.2444798 0.0000000 0.2646466 0.3200371 0.3180429 0.3497775 0.4585917 0.4480920 0.2932581 0.5810966 0.5837677 0.5556455 0.5576963 0.7519670 
S0015_G6641_R1_A 0.2656964 0.2627819 0.2418682 0.2646466 0.0000000 0.0000010 0.1981000 0.2092067 0.4146552 0.4114849 0.2067583 0.4142895 0.4260277 0.3814270 0.3820622 0.5631230 
S0015_G6641_R2_A 0.2868472 0.2856267 0.2298218 0.3200371 0.0000010 0.0000000 0.1915832 0.1966334 0.4341196 0.4249552 0.2064167 0.4602272 0.4602272 0.4283281 0.4283281 0.6845334 
S0008_G6641_R1_A 0.2708015 0.2681338 0.1910747 0.3180429 0.1981000 0.1915832 0.0000000 0.2567360 0.4403375 0.4311300 0.2690432 0.4701486 0.4701486 0.4260985 0.4260985 0.7291676 
S0034_G6641_R3_A 0.3299128 0.3339445 0.2743837 0.3497775 0.2092067 0.1966334 0.2567360 0.0000000 0.4671247 0.4666048 0.0000010 0.4988704 0.4988704 0.4838215 0.4838215 0.7100139 
S0039_G6641_R1_A 0.3348530 0.3582088 0.4276799 0.4585917 0.4146552 0.4341196 0.4403375 0.4671247 0.0000000 0.0235663 0.4448533 0.4406790 0.4771964 0.4433373 0.4544209 0.7943373 
S0051_G6641_R1_A 0.3355053 0.3589231 0.4221955 0.4480920 0.4114849 0.4249552 0.4311300 0.4666048 0.0235663 0.0000000 0.4456293 0.4476622 0.4823101 0.4600948 0.4740663 0.8125345 
S0034_G6641_R1_A 0.3093528 0.3132709 0.2963268 0.2932581 0.2067583 0.2064167 0.2690432 0.0000010 0.4448533 0.4456293 0.0000000 0.4468761 0.4627928 0.4356228 0.4426162 0.6113551 
S0015_G6641_R3_A 0.4227300 0.4230109 0.5206585 0.5810966 0.4142895 0.4602272 0.4701486 0.4988704 0.4406790 0.4476622 0.4468761 0.0000000 0.0000010 0.2144343 0.2224430 0.6083362 
S0015_G6641_R4_A 0.4472369 0.4445576 0.5048319 0.5837677 0.4260277 0.4602272 0.4701486 0.4988704 0.4771964 0.4823101 0.4627928 0.0000010 0.0000000 0.2395188 0.2395188 0.6083362 
S0034_G6641_R2_A 0.4337319 0.4388995 0.4654502 0.5556455 0.3814270 0.4283281 0.4260985 0.4838215 0.4433373 0.4600948 0.4356228 0.2144343 0.2395188 0.0000000 0.0000010 0.6327863 
S0034_G6641_R4_A 0.4543354 0.4600331 0.4497227 0.5576963 0.3820622 0.4283281 0.4260985 0.4838215 0.4544209 0.4740663 0.4426162 0.2224430 0.2395188 0.0000010 0.0000000 0.6327863 
S0003_G6641_R1_N 0.7577735 0.7269484 0.7344681 0.7519670 0.5631230 0.6845334 0.7291676 0.7100139 0.7943373 0.8125345 0.6113551 0.6083362 0.6083362 0.6327863 0.6327863 0.0000000 
