9
S0010_G6652_R1_A 0.0000000 0.0272519 0.2135139 0.2134805 0.2315748 0.3115759 0.3462979 0.3850203 1.1130347 
S0009_G6652_R1_A 0.0272519 0.0000000 0.2177651 0.2116372 0.2229809 0.3009591 0.3530781 0.3953512 1.0967551 
S0014_G6652_R1_A 0.2135139 0.2177651 0.0000000 0.1387488 0.1581017 0.2538538 0.3972269 0.4071258 1.0810565 
S0027_G6652_R1_A 0.2134805 0.2116372 0.1387488 0.0000000 0.1761377 0.2690989 0.4210692 0.4335677 1.1243746 
S0008_G6652_R1_A 0.2315748 0.2229809 0.1581017 0.1761377 0.0000000 0.2105210 0.4114548 0.4187335 1.0469427 
S0034_G6652_R1_A 0.3115759 0.3009591 0.2538538 0.2690989 0.2105210 0.0000000 0.4890282 0.5082972 0.9910615 
S0051_G6652_R1_A 0.3462979 0.3530781 0.3972269 0.4210692 0.4114548 0.4890282 0.0000000 0.0865738 1.2775014 
S0039_G6652_R1_A 0.3850203 0.3953512 0.4071258 0.4335677 0.4187335 0.5082972 0.0865738 0.0000000 1.3021650 
S0003_G6652_R1_N 1.1130347 1.0967551 1.0810565 1.1243746 1.0469427 0.9910615 1.2775014 1.3021650 0.0000000 
