10
S0008_G6667_R1_A 0.0000000 0.1421718 0.1597148 0.1992275 0.1990710 0.1602209 0.1828207 1.1630826 0.4830942 0.4863278 
S0014_G6667_R1_A 0.1421718 0.0000000 0.1526324 0.2296175 0.2294232 0.2205751 0.2419053 1.1700291 0.4668606 0.4699945 
S0027_G6667_R1_A 0.1597148 0.1526324 0.0000000 0.2479624 0.2469609 0.2147607 0.2369958 1.1789529 0.4944598 0.5019821 
S0009_G6667_R1_A 0.1992275 0.2296175 0.2479624 0.0000000 0.0013918 0.2692586 0.2693949 1.2378333 0.4980911 0.5012868 
S0010_G6667_R1_A 0.1990710 0.2294232 0.2469609 0.0013918 0.0000000 0.2690233 0.2691599 1.2317384 0.4973502 0.5005390 
S0015_G6667_R1_A 0.1602209 0.2205751 0.2147607 0.2692586 0.2690233 0.0000000 0.1203691 0.9637029 0.4568077 0.4564548 
S0034_G6667_R1_A 0.1828207 0.2419053 0.2369958 0.2693949 0.2691599 0.1203691 0.0000000 1.0249855 0.4623500 0.4671792 
S0003_G6667_R1_N 1.1630826 1.1700291 1.1789529 1.2378333 1.2317384 0.9637029 1.0249855 0.0000000 1.0276910 1.0214696 
S0039_G6667_R1_A 0.4830942 0.4668606 0.4944598 0.4980911 0.4973502 0.4568077 0.4623500 1.0276910 0.0000000 0.0103980 
S0051_G6667_R1_A 0.4863278 0.4699945 0.5019821 0.5012868 0.5005390 0.4564548 0.4671792 1.0214696 0.0103980 0.0000000 
