10
S0039_G6660_R1_A 0.0000000 0.0248183 0.8829738 0.8406767 0.9074368 0.7762333 0.7950020 0.9763070 0.7249506 1.1486482 
S0051_G6660_R1_A 0.0248183 0.0000000 0.9115285 0.8767075 0.9439621 0.8014151 0.8265149 1.0029950 0.7502416 1.1934090 
S0008_G6660_R1_A 0.8829738 0.9115285 0.0000000 0.2060249 0.2023501 0.3031677 0.3013306 0.2470475 0.2532499 1.0560839 
S0015_G6660_R1_A 0.8406767 0.8767075 0.2060249 0.0000000 0.2779124 0.3667502 0.3768637 0.1777961 0.2912639 1.0470656 
S0014_G6660_R1_A 0.9074368 0.9439621 0.2023501 0.2779124 0.0000000 0.3199520 0.3308588 0.3196759 0.2207163 1.0965100 
S0009_G6660_R1_A 0.7762333 0.8014151 0.3031677 0.3667502 0.3199520 0.0000000 0.0378802 0.4025436 0.3347015 1.0839189 
S0010_G6660_R1_A 0.7950020 0.8265149 0.3013306 0.3768637 0.3308588 0.0378802 0.0000000 0.4062032 0.3367474 1.0978768 
S0034_G6660_R1_A 0.9763070 1.0029950 0.2470475 0.1777961 0.3196759 0.4025436 0.4062032 0.0000000 0.3324615 1.1836873 
S0027_G6660_R1_A 0.7249506 0.7502416 0.2532499 0.2912639 0.2207163 0.3347015 0.3367474 0.3324615 0.0000000 0.9767481 
S0003_G6660_R1_N 1.1486482 1.1934090 1.0560839 1.0470656 1.0965100 1.0839189 1.0978768 1.1836873 0.9767481 0.0000000 
