10
S0010_G6779_R1_A 0.0000000 0.0024777 0.2765424 0.3133299 0.3343253 0.2472572 0.2804498 0.4456794 0.4206570 0.9117816 
S0009_G6779_R1_A 0.0024777 0.0000000 0.2784902 0.3153896 0.3364711 0.2482824 0.2815503 0.4495488 0.4261122 0.9052410 
S0008_G6779_R1_A 0.2765424 0.2784902 0.0000000 0.1839591 0.1908050 0.1672436 0.1975446 0.5731817 0.5160920 0.8579626 
S0015_G6779_R1_A 0.3133299 0.3153896 0.1839591 0.0000000 0.1599838 0.2049921 0.2446199 0.5809342 0.5229483 0.8742520 
S0034_G6779_R1_A 0.3343253 0.3364711 0.1908050 0.1599838 0.0000000 0.2214144 0.2633784 0.6268237 0.5598870 0.8595903 
S0014_G6779_R1_A 0.2472572 0.2482824 0.1672436 0.2049921 0.2214144 0.0000000 0.1600330 0.5017705 0.4762331 0.8112689 
S0027_G6779_R1_A 0.2804498 0.2815503 0.1975446 0.2446199 0.2633784 0.1600330 0.0000000 0.5341534 0.4736034 0.8037586 
S0051_G6779_R1_A 0.4456794 0.4495488 0.5731817 0.5809342 0.6268237 0.5017705 0.5341534 0.0000000 0.0171511 1.0142280 
S0039_G6779_R1_A 0.4206570 0.4261122 0.5160920 0.5229483 0.5598870 0.4762331 0.4736034 0.0171511 0.0000000 0.9434236 
S0003_G6779_R1_N 0.9117816 0.9052410 0.8579626 0.8742520 0.8595903 0.8112689 0.8037586 1.0142280 0.9434236 0.0000000 
