10
S0003_G6782_R1_N 0.0000000 1.0203912 0.9904766 1.0544060 1.0696685 1.0075899 1.1050097 1.1197281 1.2427453 1.2406671 
S0008_G6782_R1_A 1.0203912 0.0000000 0.2929690 0.2965708 0.1635853 0.2226834 0.2078998 0.2622923 0.5665646 0.5621731 
S0009_G6782_R1_A 0.9904766 0.2929690 0.0000000 0.0614271 0.2701259 0.3267780 0.3231860 0.3880676 0.5372575 0.5299859 
S0010_G6782_R1_A 1.0544060 0.2965708 0.0614271 0.0000000 0.2695005 0.3358033 0.3220763 0.3777089 0.5478996 0.5405320 
S0014_G6782_R1_A 1.0696685 0.1635853 0.2701259 0.2695005 0.0000000 0.2264552 0.1599834 0.2851203 0.4959308 0.4942360 
S0015_G6782_R1_A 1.0075899 0.2226834 0.3267780 0.3358033 0.2264552 0.0000000 0.2854622 0.2221059 0.5842019 0.5727438 
S0027_G6782_R1_A 1.1050097 0.2078998 0.3231860 0.3220763 0.1599834 0.2854622 0.0000000 0.3390341 0.5352280 0.5292621 
S0034_G6782_R1_A 1.1197281 0.2622923 0.3880676 0.3777089 0.2851203 0.2221059 0.3390341 0.0000000 0.6651156 0.6515952 
S0039_G6782_R1_A 1.2427453 0.5665646 0.5372575 0.5478996 0.4959308 0.5842019 0.5352280 0.6651156 0.0000000 0.0115671 
S0051_G6782_R1_A 1.2406671 0.5621731 0.5299859 0.5405320 0.4942360 0.5727438 0.5292621 0.6515952 0.0115671 0.0000000 
