10
S0039_G6780_R1_A 0.0000000 0.0475518 0.8324186 0.7788792 0.7852921 0.9689781 0.9442452 0.8767497 0.8925205 1.4936045 
S0051_G6780_R1_A 0.0475518 0.0000000 0.8875765 0.8099658 0.8167412 1.0316333 0.9729160 0.8965869 0.9365206 1.5726936 
S0027_G6780_R1_A 0.8324186 0.8875765 0.0000000 0.3400131 0.3430875 0.4891452 0.5455979 0.4590950 0.3609772 0.9297935 
S0009_G6780_R1_A 0.7788792 0.8099658 0.3400131 0.0000000 0.0105800 0.5340201 0.5113437 0.4412398 0.3506961 0.8567516 
S0010_G6780_R1_A 0.7852921 0.8167412 0.3430875 0.0105800 0.0000000 0.5385171 0.5184868 0.4439072 0.3601537 0.8650842 
S0015_G6780_R1_A 0.9689781 1.0316333 0.4891452 0.5340201 0.5385171 0.0000000 0.2192326 0.2815085 0.4474815 0.9075738 
S0034_G6780_R1_A 0.9442452 0.9729160 0.5455979 0.5113437 0.5184868 0.2192326 0.0000000 0.2257989 0.4082856 0.9073632 
S0008_G6780_R1_A 0.8767497 0.8965869 0.4590950 0.4412398 0.4439072 0.2815085 0.2257989 0.0000000 0.2843581 0.8011951 
S0014_G6780_R1_A 0.8925205 0.9365206 0.3609772 0.3506961 0.3601537 0.4474815 0.4082856 0.2843581 0.0000000 0.7677660 
S0003_G6780_R1_N 1.4936045 1.5726936 0.9297935 0.8567516 0.8650842 0.9075738 0.9073632 0.8011951 0.7677660 0.0000000 
