10
S0009_G6791_R1_A 0.0000000 0.0060525 0.2672875 0.2849824 0.2992956 0.3457045 0.2834468 0.6464493 0.6630878 0.9938667 
S0010_G6791_R1_A 0.0060525 0.0000000 0.2631623 0.2796948 0.2939380 0.3370566 0.2756063 0.6459396 0.6625599 0.9860011 
S0027_G6791_R1_A 0.2672875 0.2631623 0.0000000 0.1923611 0.2389131 0.2804705 0.2111818 0.6636922 0.6756417 0.9282465 
S0014_G6791_R1_A 0.2849824 0.2796948 0.1923611 0.0000000 0.2572222 0.2925047 0.2223801 0.7536295 0.7473869 0.9617606 
S0015_G6791_R1_A 0.2992956 0.2939380 0.2389131 0.2572222 0.0000000 0.1685536 0.1987712 0.8461679 0.8501446 0.8852227 
S0034_G6791_R1_A 0.3457045 0.3370566 0.2804705 0.2925047 0.1685536 0.0000000 0.2285499 0.8854525 0.8971077 0.9364097 
S0008_G6791_R1_A 0.2834468 0.2756063 0.2111818 0.2223801 0.1987712 0.2285499 0.0000000 0.7717054 0.7826786 0.9096544 
S0039_G6791_R1_A 0.6464493 0.6459396 0.6636922 0.7536295 0.8461679 0.8854525 0.7717054 0.0000000 0.0217504 1.3443796 
S0051_G6791_R1_A 0.6630878 0.6625599 0.6756417 0.7473869 0.8501446 0.8971077 0.7826786 0.0217504 0.0000000 1.3264822 
S0003_G6791_R1_N 0.9938667 0.9860011 0.9282465 0.9617606 0.8852227 0.9364097 0.9096544 1.3443796 1.3264822 0.0000000 
