16
S0039_G6825_R1_A 0.0000000 0.0119312 0.0000010 0.3386255 0.4769596 0.4551025 0.2970037 0.4487041 0.3135795 0.2953946 0.3964199 0.2724008 0.2533178 0.2655356 0.2846022 1.0612215 
S0051_G6825_R1_A 0.0119312 0.0000000 0.0119312 0.3468471 0.4737479 0.4558403 0.3044392 0.4542560 0.3186586 0.2981123 0.3997408 0.2859361 0.2671417 0.2768775 0.2959427 1.0543812 
S0039_G6825_R2_A 0.0000010 0.0119312 0.0000000 0.3386255 0.4769596 0.4551025 0.2970037 0.4487041 0.3135795 0.2953946 0.3964199 0.2724008 0.2533178 0.2655356 0.2846022 1.0612215 
S0014_G6825_R2_A 0.3386255 0.3468471 0.3386255 0.0000000 0.3958028 0.3909949 0.0000010 0.3599714 0.1802295 0.1659903 0.2150309 0.2770114 0.2327055 0.2448396 0.2891594 1.0374821 
S0015_G6825_R1_A 0.4769596 0.4737479 0.4769596 0.3958028 0.0000000 0.1367123 0.3258978 0.4345091 0.3075809 0.2695921 0.4292805 0.4480839 0.3414172 0.3457001 0.4528574 1.3287453 
S0034_G6825_R1_A 0.4551025 0.4558403 0.4551025 0.3909949 0.1367123 0.0000000 0.3256303 0.4422628 0.3014509 0.2611042 0.4152302 0.4337168 0.3412445 0.3494136 0.4409971 1.3310218 
S0014_G6825_R3_A 0.2970037 0.3044392 0.2970037 0.0000010 0.3258978 0.3256303 0.0000000 0.3448176 0.1844722 0.1659903 0.1813900 0.2375913 0.2375913 0.2498236 0.2498236 0.9690216 
S0027_G6825_R1_A 0.4487041 0.4542560 0.4487041 0.3599714 0.4345091 0.4422628 0.3448176 0.0000000 0.2824387 0.3124702 0.3002660 0.4152356 0.4059376 0.4158673 0.4251062 1.1727560 
S0014_G6825_R4_A 0.3135795 0.3186586 0.3135795 0.1802295 0.3075809 0.3014509 0.1844722 0.2824387 0.0000000 0.1513862 0.0000010 0.2609861 0.2609861 0.2672126 0.2672126 0.9145448 
S0008_G6825_R1_A 0.2953946 0.2981123 0.2953946 0.1659903 0.2695921 0.2611042 0.1659903 0.3124702 0.1513862 0.0000000 0.1513862 0.2279143 0.2279143 0.2384953 0.2384953 0.9272029 
S0014_G6825_R1_A 0.3964199 0.3997408 0.3964199 0.2150309 0.4292805 0.4152302 0.1813900 0.3002660 0.0000010 0.1513862 0.0000000 0.3028917 0.2585856 0.2647956 0.3090270 0.9662425 
S0010_G6825_R1_A 0.2724008 0.2859361 0.2724008 0.2770114 0.4480839 0.4337168 0.2375913 0.4152356 0.2609861 0.2279143 0.3028917 0.0000000 0.0000010 0.0109707 0.0103648 1.0245744 
S0010_G6825_R2_A 0.2533178 0.2671417 0.2533178 0.2327055 0.3414172 0.3412445 0.2375913 0.4059376 0.2609861 0.2279143 0.2585856 0.0000010 0.0000000 0.0109707 0.0109707 0.9405408 
S0009_G6825_R2_A 0.2655356 0.2768775 0.2655356 0.2448396 0.3457001 0.3494136 0.2498236 0.4158673 0.2672126 0.2384953 0.2647956 0.0109707 0.0109707 0.0000000 0.0000010 0.9339815 
S0009_G6825_R1_A 0.2846022 0.2959427 0.2846022 0.2891594 0.4528574 0.4409971 0.2498236 0.4251062 0.2672126 0.2384953 0.3090270 0.0103648 0.0109707 0.0000010 0.0000000 1.0212878 
S0003_G6825_R1_N 1.0612215 1.0543812 1.0612215 1.0374821 1.3287453 1.3310218 0.9690216 1.1727560 0.9145448 0.9272029 0.9662425 1.0245744 0.9405408 0.9339815 1.0212878 0.0000000 
