11
S0027_G6848_R1_A 0.0000000 0.3868909 0.2571191 0.3907430 0.2621411 0.3943885 0.3653317 0.2154213 0.9907707 1.0048951 0.4156824 
S0010_G6848_R1_A 0.3868909 0.0000000 0.0000010 0.0174225 0.0207577 0.3449405 0.2906740 0.2509466 0.5433853 0.5165331 0.3500643 
S0010_G6848_R2_A 0.2571191 0.0000010 0.0000000 0.0206645 0.0388664 0.2605145 0.2310861 0.2630620 0.4279493 0.4259437 0.2840673 
S0009_G6848_R1_A 0.3907430 0.0174225 0.0206645 0.0000000 0.0000010 0.3439244 0.2930518 0.2442468 0.5411880 0.5186285 0.3540638 
S0009_G6848_R2_A 0.2621411 0.0207577 0.0388664 0.0000010 0.0000000 0.2591224 0.2305389 0.2711977 0.4325020 0.4282741 0.2818960 
S0015_G6848_R1_A 0.3943885 0.3449405 0.2605145 0.3439244 0.2591224 0.0000000 0.2563118 0.2494206 0.8453598 0.8340721 0.2235924 
S0008_G6848_R1_A 0.3653317 0.2906740 0.2310861 0.2930518 0.2305389 0.2563118 0.0000000 0.1972796 0.7656114 0.7399473 0.2596526 
S0014_G6848_R1_A 0.2154213 0.2509466 0.2630620 0.2442468 0.2711977 0.2494206 0.1972796 0.0000000 0.5681669 0.5627979 0.2492781 
S0051_G6848_R1_A 0.9907707 0.5433853 0.4279493 0.5411880 0.4325020 0.8453598 0.7656114 0.5681669 0.0000000 0.0312486 0.7963348 
S0039_G6848_R1_A 1.0048951 0.5165331 0.4259437 0.5186285 0.4282741 0.8340721 0.7399473 0.5627979 0.0312486 0.0000000 0.7632406 
S0034_G6848_R1_A 0.4156824 0.3500643 0.2840673 0.3540638 0.2818960 0.2235924 0.2596526 0.2492781 0.7963348 0.7632406 0.0000000 
