10
S0039_G6854_R1_A 0.0000000 0.0104268 0.3781353 0.3140800 0.3292367 0.4484924 0.4595777 0.4837246 0.3877466 0.9405224 
S0051_G6854_R1_A 0.0104268 0.0000000 0.3722469 0.3138834 0.3278791 0.4440602 0.4627929 0.4916909 0.3845719 0.9389828 
S0008_G6854_R1_A 0.3781353 0.3722469 0.0000000 0.2188803 0.2258550 0.1726775 0.1795694 0.1996701 0.1865437 0.8945484 
S0010_G6854_R1_A 0.3140800 0.3138834 0.2188803 0.0000000 0.0150946 0.2999647 0.2958640 0.3190330 0.2872116 0.9214118 
S0009_G6854_R1_A 0.3292367 0.3278791 0.2258550 0.0150946 0.0000000 0.3056371 0.2975122 0.3278317 0.2889744 0.9507494 
S0014_G6854_R1_A 0.4484924 0.4440602 0.1726775 0.2999647 0.3056371 0.0000000 0.2432527 0.2704420 0.1811258 0.9088772 
S0034_G6854_R1_A 0.4595777 0.4627929 0.1795694 0.2958640 0.2975122 0.2432527 0.0000000 0.1557993 0.2501404 0.8597611 
S0015_G6854_R1_A 0.4837246 0.4916909 0.1996701 0.3190330 0.3278317 0.2704420 0.1557993 0.0000000 0.2693131 0.9011337 
S0027_G6854_R1_A 0.3877466 0.3845719 0.1865437 0.2872116 0.2889744 0.1811258 0.2501404 0.2693131 0.0000000 0.8267778 
S0003_G6854_R1_N 0.9405224 0.9389828 0.8945484 0.9214118 0.9507494 0.9088772 0.8597611 0.9011337 0.8267778 0.0000000 
