13
S0039_G6860_R1_A 0.0000000 0.0145492 0.5838632 0.5820451 0.6953778 0.6603980 0.6584227 0.6439570 0.6456904 0.7111146 0.4986809 0.4946589 1.4794174 
S0051_G6860_R1_A 0.0145492 0.0000000 0.5988985 0.6043471 0.7126235 0.6864354 0.6843587 0.6610496 0.6628445 0.7424182 0.5095180 0.5091870 1.5050649 
S0015_G6860_R1_A 0.5838632 0.5988985 0.0000000 0.3003606 0.0792578 0.2778798 0.2808621 0.3079118 0.3069896 0.2281184 0.3977343 0.3925856 1.1372930 
S0027_G6860_R1_A 0.5820451 0.6043471 0.3003606 0.0000000 0.2982192 0.2355664 0.2386629 0.1996391 0.1991524 0.3832190 0.3324064 0.3275465 1.2934569 
S0015_G6860_R2_A 0.6953778 0.7126235 0.0792578 0.2982192 0.0000000 0.2784901 0.2788712 0.3068234 0.3092395 0.2470487 0.4005269 0.3958202 1.2380448 
S0008_G6860_R1_A 0.6603980 0.6864354 0.2778798 0.2355664 0.2784901 0.0000000 0.0053741 0.2508893 0.2484611 0.3364961 0.3445792 0.3393377 1.2263738 
S0008_G6860_R2_A 0.6584227 0.6843587 0.2808621 0.2386629 0.2788712 0.0053741 0.0000000 0.2514524 0.2490263 0.3370151 0.3448691 0.3396349 1.2316905 
S0014_G6860_R1_A 0.6439570 0.6610496 0.3079118 0.1996391 0.3068234 0.2508893 0.2514524 0.0000000 0.0090865 0.3676400 0.3408375 0.3359283 1.2431621 
S0014_G6860_R2_A 0.6456904 0.6628445 0.3069896 0.1991524 0.3092395 0.2484611 0.2490263 0.0090865 0.0000000 0.3665096 0.3409313 0.3360084 1.2353901 
S0034_G6860_R1_A 0.7111146 0.7424182 0.2281184 0.3832190 0.2470487 0.3364961 0.3370151 0.3676400 0.3665096 0.0000000 0.4407938 0.4374887 1.2843609 
S0009_G6860_R1_A 0.4986809 0.5095180 0.3977343 0.3324064 0.4005269 0.3445792 0.3448691 0.3408375 0.3409313 0.4407938 0.0000000 0.0011889 1.3034908 
S0010_G6860_R1_A 0.4946589 0.5091870 0.3925856 0.3275465 0.3958202 0.3393377 0.3396349 0.3359283 0.3360084 0.4374887 0.0011889 0.0000000 1.2942504 
S0003_G6860_R1_N 1.4794174 1.5050649 1.1372930 1.2934569 1.2380448 1.2263738 1.2316905 1.2431621 1.2353901 1.2843609 1.3034908 1.2942504 0.0000000 
