10
S0010_G6883_R1_A 0.0000000 0.0125935 0.2318340 0.2133098 0.2711130 0.2311951 0.2674458 0.5267567 0.4017569 0.9478612 
S0009_G6883_R1_A 0.0125935 0.0000000 0.2278017 0.2060021 0.2600784 0.2283604 0.2584342 0.5328923 0.4038354 0.9476139 
S0015_G6883_R1_A 0.2318340 0.2278017 0.0000000 0.1542930 0.1540907 0.2002259 0.2417415 0.6538106 0.4862188 0.8697822 
S0008_G6883_R1_A 0.2133098 0.2060021 0.1542930 0.0000000 0.1543687 0.1505130 0.1899964 0.6219917 0.4681550 0.8799059 
S0034_G6883_R1_A 0.2711130 0.2600784 0.1540907 0.1543687 0.0000000 0.1959958 0.2233165 0.6671968 0.4965490 0.8860863 
S0014_G6883_R1_A 0.2311951 0.2283604 0.2002259 0.1505130 0.1959958 0.0000000 0.1773259 0.6296048 0.4773601 0.9465462 
S0027_G6883_R1_A 0.2674458 0.2584342 0.2417415 0.1899964 0.2233165 0.1773259 0.0000000 0.6273312 0.3961579 0.8002559 
S0051_G6883_R1_A 0.5267567 0.5328923 0.6538106 0.6219917 0.6671968 0.6296048 0.6273312 0.0000000 0.0149413 0.8984552 
S0039_G6883_R1_A 0.4017569 0.4038354 0.4862188 0.4681550 0.4965490 0.4773601 0.3961579 0.0149413 0.0000000 0.6486360 
S0003_G6883_R1_N 0.9478612 0.9476139 0.8697822 0.8799059 0.8860863 0.9465462 0.8002559 0.8984552 0.6486360 0.0000000 
