19
S0003_G6913_R1_N 0.0000000 0.5281807 0.5452846 0.4717073 0.5208376 0.5160395 0.5208991 0.5151278 0.5592626 0.5156123 0.5090641 0.5258780 0.5358925 0.4425067 0.5291492 0.5393794 0.7208193 0.5623348 0.5653170 
S0015_G6913_R1_A 0.5281807 0.0000000 0.0554442 0.0818470 0.0963288 0.1328643 0.1158327 0.1156504 0.1268767 0.2148553 0.1947601 0.2254643 0.2506886 0.1840776 0.2342185 0.2944493 0.4361396 0.2876804 0.2896398 
S0034_G6913_R1_A 0.5452846 0.0554442 0.0000000 0.0875873 0.1062924 0.1385452 0.1266270 0.1282686 0.1467390 0.2072910 0.1871814 0.2352592 0.2598539 0.1667630 0.2516976 0.3306907 0.4756170 0.2915472 0.2935596 
S0008_G6913_R4_A 0.4717073 0.0818470 0.0875873 0.0000000 0.0000010 0.0964879 0.0814429 0.0814429 0.0838838 0.1673249 0.1525418 0.1975616 0.2094239 0.1492917 0.2125916 0.2622625 0.4225371 0.2604345 0.2604345 
S0008_G6913_R6_A 0.5208376 0.0963288 0.1062924 0.0000010 0.0000000 0.0967620 0.0847671 0.0861497 0.0847671 0.1659556 0.1670410 0.2197542 0.2295572 0.1653308 0.2443749 0.2640328 0.2640425 0.2877834 0.2902191 
S0027_G6913_R1_A 0.5160395 0.1328643 0.1385452 0.0964879 0.0967620 0.0000000 0.0869122 0.0948787 0.0904994 0.2082441 0.1912743 0.2235534 0.2408979 0.1919671 0.2478348 0.2948023 0.4256226 0.2939696 0.2959186 
S0014_G6913_R1_A 0.5208991 0.1158327 0.1266270 0.0814429 0.0847671 0.0869122 0.0000000 0.0000010 0.0000010 0.1994529 0.1833191 0.2224950 0.2365958 0.1914500 0.2413344 0.2966456 0.4238874 0.2676303 0.2695209 
S0014_G6913_R3_A 0.5151278 0.1156504 0.1282686 0.0814429 0.0861497 0.0948787 0.0000010 0.0000000 0.0000010 0.2121772 0.1907402 0.2313922 0.2417897 0.1914500 0.2518563 0.3158313 0.4772161 0.2658892 0.2658892 
S0014_G6913_R6_A 0.5592626 0.1268767 0.1467390 0.0838838 0.0847671 0.0904994 0.0000010 0.0000010 0.0000000 0.1994529 0.1999824 0.2453099 0.2517759 0.2158031 0.2566572 0.2894094 0.2894154 0.2895221 0.2919045 
S0008_G6913_R5_A 0.5156123 0.2148553 0.2072910 0.1673249 0.1659556 0.2082441 0.1994529 0.2121772 0.1994529 0.0000000 0.0000010 0.0951212 0.1047992 0.0000010 0.1417585 0.2703532 0.2703622 0.1843055 0.1843055 
S0008_G6913_R1_A 0.5090641 0.1947601 0.1871814 0.1525418 0.1670410 0.1912743 0.1833191 0.1907402 0.1999824 0.0000010 0.0000000 0.0926830 0.1055711 0.0000010 0.1304097 0.2698625 0.4120568 0.1763018 0.1763018 
S0014_G6913_R4_A 0.5258780 0.2254643 0.2352592 0.1975616 0.2197542 0.2235534 0.2224950 0.2313922 0.2453099 0.0951212 0.0926830 0.0000000 0.0000010 0.0897362 0.1425009 0.2633171 0.4075752 0.1644531 0.1644531 
S0014_G6913_R5_A 0.5358925 0.2506886 0.2598539 0.2094239 0.2295572 0.2408979 0.2365958 0.2417897 0.2517759 0.1047992 0.1055711 0.0000010 0.0000000 0.0938750 0.1594903 0.2790136 0.2790209 0.1683944 0.1683944 
S0008_G6913_R3_A 0.4425067 0.1840776 0.1667630 0.1492917 0.1653308 0.1919671 0.1914500 0.1914500 0.2158031 0.0000010 0.0000010 0.0897362 0.0938750 0.0000000 0.1233613 0.2127102 0.3767202 0.1612893 0.1612893 
S0034_G6913_R3_A 0.5291492 0.2342185 0.2516976 0.2125916 0.2443749 0.2478348 0.2413344 0.2518563 0.2566572 0.1417585 0.1304097 0.1425009 0.1594903 0.1233613 0.0000000 0.3134701 0.4752928 0.2104772 0.2104772 
S0039_G6913_R1_A 0.5393794 0.2944493 0.3306907 0.2622625 0.2640328 0.2948023 0.2966456 0.3158313 0.2894094 0.2703532 0.2698625 0.2633171 0.2790136 0.2127102 0.3134701 0.0000000 0.0925337 0.2811194 0.2857956 
S0051_G6913_R1_A 0.7208193 0.4361396 0.4756170 0.4225371 0.2640425 0.4256226 0.4238874 0.4772161 0.2894154 0.2703622 0.4120568 0.4075752 0.2790209 0.3767202 0.4752928 0.0925337 0.0000000 0.3933331 0.3989048 
S0009_G6913_R1_A 0.5623348 0.2876804 0.2915472 0.2604345 0.2877834 0.2939696 0.2676303 0.2658892 0.2895221 0.1843055 0.1763018 0.1644531 0.1683944 0.1612893 0.2104772 0.2811194 0.3933331 0.0000000 0.0023154 
S0010_G6913_R1_A 0.5653170 0.2896398 0.2935596 0.2604345 0.2902191 0.2959186 0.2695209 0.2658892 0.2919045 0.1843055 0.1763018 0.1644531 0.1683944 0.1612893 0.2104772 0.2857956 0.3989048 0.0023154 0.0000000 
