11
S0003_G6914_R1_N 0.0000000 1.0405769 1.0621880 0.8986568 0.9171378 0.9638606 0.9345499 0.8916526 0.8882824 0.8900485 0.8970504 
S0051_G6914_R1_A 1.0405769 0.0000000 0.0183718 0.6299258 0.6462137 0.6472008 0.6337917 0.6840098 0.6882319 0.5982455 0.6003021 
S0039_G6914_R1_A 1.0621880 0.0183718 0.0000000 0.6402685 0.6605744 0.6563968 0.6600291 0.6991875 0.7035133 0.6138174 0.6142959 
S0015_G6914_R1_A 0.8986568 0.6299258 0.6402685 0.0000000 0.2058457 0.2767068 0.2351124 0.2986213 0.2990575 0.2779457 0.2759930 
S0034_G6914_R1_A 0.9171378 0.6462137 0.6605744 0.2058457 0.0000000 0.2794273 0.2421351 0.3128096 0.3132663 0.2968136 0.2973461 
S0027_G6914_R1_A 0.9638606 0.6472008 0.6563968 0.2767068 0.2794273 0.0000000 0.2040484 0.3073537 0.3087037 0.3026713 0.2994378 
S0014_G6914_R1_A 0.9345499 0.6337917 0.6600291 0.2351124 0.2421351 0.2040484 0.0000000 0.2671966 0.2682076 0.2864382 0.2846044 
S0008_G6914_R1_A 0.8916526 0.6840098 0.6991875 0.2986213 0.3128096 0.3073537 0.2671966 0.0000000 0.0006431 0.3020120 0.3020951 
S0008_G6914_R2_A 0.8882824 0.6882319 0.7035133 0.2990575 0.3132663 0.3087037 0.2682076 0.0006431 0.0000000 0.3037712 0.3038556 
S0009_G6914_R1_A 0.8900485 0.5982455 0.6138174 0.2779457 0.2968136 0.3026713 0.2864382 0.3020120 0.3037712 0.0000000 0.0038124 
S0010_G6914_R1_A 0.8970504 0.6003021 0.6142959 0.2759930 0.2973461 0.2994378 0.2846044 0.3020951 0.3038556 0.0038124 0.0000000 
