11
S0039_G6933_R1_A 0.0000000 0.0081324 0.2454698 0.2454698 0.2547049 0.2935412 0.3140130 0.3383165 0.2770838 0.2674219 0.8101536 
S0051_G6933_R1_A 0.0081324 0.0000000 0.2427041 0.2427041 0.2521391 0.2933035 0.3082491 0.3322807 0.2773139 0.2661275 0.8127507 
S0009_G6933_R1_A 0.2454698 0.2427041 0.0000000 0.0011417 0.2131918 0.2348166 0.2774438 0.2970667 0.2263187 0.2354559 0.7877980 
S0010_G6933_R1_A 0.2454698 0.2427041 0.0011417 0.0000000 0.2131918 0.2357331 0.2784464 0.2981109 0.2272193 0.2354559 0.7900370 
S0027_G6933_R1_A 0.2547049 0.2521391 0.2131918 0.2131918 0.0000000 0.1457459 0.1886216 0.2019258 0.1258901 0.0736538 0.7511921 
S0008_G6933_R1_A 0.2935412 0.2933035 0.2348166 0.2357331 0.1457459 0.0000000 0.1450269 0.1497659 0.1366978 0.1540406 0.7655104 
S0015_G6933_R1_A 0.3140130 0.3082491 0.2774438 0.2784464 0.1886216 0.1450269 0.0000000 0.1112290 0.1898711 0.1984319 0.7707910 
S0034_G6933_R1_A 0.3383165 0.3322807 0.2970667 0.2981109 0.2019258 0.1497659 0.1112290 0.0000000 0.1985241 0.2149017 0.7779270 
S0014_G6933_R1_A 0.2770838 0.2773139 0.2263187 0.2272193 0.1258901 0.1366978 0.1898711 0.1985241 0.0000000 0.1459154 0.7680348 
S0027_G6933_R2_A 0.2674219 0.2661275 0.2354559 0.2354559 0.0736538 0.1540406 0.1984319 0.2149017 0.1459154 0.0000000 0.7724840 
S0003_G6933_R1_N 0.8101536 0.8127507 0.7877980 0.7900370 0.7511921 0.7655104 0.7707910 0.7779270 0.7680348 0.7724840 0.0000000 
