21
S0015_G6947_R1_A 0.0000000 0.1949776 0.2019911 0.1523196 0.1594685 0.1439973 0.1430669 0.1598201 0.1233663 0.1756617 0.2408915 0.2496295 0.1002998 0.3435972 0.1259942 0.4322003 0.4597796 0.4550160 0.3929300 0.4923719 0.7222845 
S0010_G6947_R1_A 0.1949776 0.0000000 0.0214337 0.1645707 0.1737073 0.1558573 0.1650533 0.1838227 0.1666363 0.1980583 0.2680196 0.2703081 0.2281954 0.4022883 0.1799602 0.4177011 0.4622414 0.4575184 0.4795635 0.5585013 0.7680256 
S0009_G6947_R1_A 0.2019911 0.0214337 0.0000000 0.1662881 0.1768733 0.1588430 0.1691306 0.1838092 0.1675448 0.2048824 0.2724552 0.2776735 0.2254388 0.3993400 0.1785988 0.4149539 0.4629312 0.4581816 0.4914798 0.5475143 0.7706411 
S0027_G6947_R6_A 0.1523196 0.1645707 0.1662881 0.0000000 0.0548425 0.0000010 0.0548425 0.1039690 0.1074697 0.0595860 0.1354090 0.1443447 0.1661307 0.3121655 0.1076244 0.3904577 0.5921231 0.5874912 0.3822322 0.3681059 0.6655159 
S0027_G6947_R7_A 0.1594685 0.1737073 0.1768733 0.0548425 0.0000000 0.0543624 0.0000010 0.1250730 0.1196238 0.0246499 0.1232668 0.1317195 0.1798340 0.3309817 0.1207989 0.3923259 0.5543072 0.5500212 0.3811798 0.4202857 0.6973103 
S0027_G6947_R2_A 0.1439973 0.1558573 0.1588430 0.0000010 0.0543624 0.0000000 0.0547113 0.1116460 0.1140909 0.0860399 0.1323507 0.1399463 0.1592303 0.3687495 0.1074880 0.4464033 0.4436587 0.4390126 0.4304225 0.5119855 0.7874440 
S0027_G6947_R1_A 0.1430669 0.1650533 0.1691306 0.0548425 0.0000010 0.0547113 0.0000000 0.1228020 0.1200812 0.0503955 0.1318318 0.1393857 0.1690006 0.3713149 0.1207989 0.4155906 0.4324679 0.4301225 0.4226432 0.4974453 0.7304955 
S0014_G6947_R1_A 0.1598201 0.1838227 0.1838092 0.1039690 0.1250730 0.1116460 0.1228020 0.0000000 0.1322163 0.1550788 0.2064050 0.2164350 0.1872844 0.3818052 0.1277484 0.4203220 0.4778340 0.4754345 0.4947903 0.5491884 0.7802927 
S0008_G6947_R1_A 0.1233663 0.1666363 0.1675448 0.1074697 0.1196238 0.1140909 0.1200812 0.1322163 0.0000000 0.1528374 0.2003864 0.2096217 0.1359662 0.2481068 0.0000010 0.4228602 0.4361170 0.4314680 0.4374780 0.5323696 0.7944920 
S0027_G6947_R3_A 0.1756617 0.1980583 0.2048824 0.0595860 0.0246499 0.0860399 0.0503955 0.1550788 0.1528374 0.0000000 0.1496831 0.1529500 0.1992752 0.3748582 0.1276441 0.4337357 0.4803709 0.4778983 0.4552367 0.5373761 0.7915756 
S0027_G6947_R4_A 0.2408915 0.2680196 0.2724552 0.1354090 0.1232668 0.1323507 0.1318318 0.2064050 0.2003864 0.1496831 0.0000000 0.0190187 0.2524800 0.6363842 0.1984126 0.7112671 0.5256031 0.5201067 0.5010119 0.8912431 1.1198839 
S0027_G6947_R5_A 0.2496295 0.2703081 0.2776735 0.1443447 0.1317195 0.1399463 0.1393857 0.2164350 0.2096217 0.1529500 0.0190187 0.0000000 0.2629412 0.6456975 0.2092524 0.7348677 0.5268361 0.5213250 0.5131518 0.9019487 1.1521387 
S0034_G6947_R1_A 0.1002998 0.2281954 0.2254388 0.1661307 0.1798340 0.1592303 0.1690006 0.1872844 0.1359662 0.1992752 0.2524800 0.2629412 0.0000000 0.3579933 0.1397767 0.5027940 0.4716257 0.4667666 0.4259385 0.5730705 0.7942749 
S0008_G6947_R3_A 0.3435972 0.4022883 0.3993400 0.3121655 0.3309817 0.3687495 0.3713149 0.3818052 0.2481068 0.3748582 0.6363842 0.6456975 0.3579933 0.0000000 0.1801061 0.6161395 1.0206501 1.0206501 0.9824261 0.6127445 0.9693948 
S0008_G6947_R2_A 0.1259942 0.1799602 0.1785988 0.1076244 0.1207989 0.1074880 0.1207989 0.1277484 0.0000010 0.1276441 0.1984126 0.2092524 0.1397767 0.1801061 0.0000000 0.3810875 0.5569658 0.5524755 0.4292610 0.4028373 0.6682089 
S0051_G6947_R2_A 0.4322003 0.4177011 0.4149539 0.3904577 0.3923259 0.4464033 0.4155906 0.4203220 0.4228602 0.4337357 0.7112671 0.7348677 0.5027940 0.6161395 0.3810875 0.0000000 0.8476297 0.8398482 0.7915392 0.7107797 0.7882829 
S0039_G6947_R1_A 0.4597796 0.4622414 0.4629312 0.5921231 0.5543072 0.4436587 0.4324679 0.4778340 0.4361170 0.4803709 0.5256031 0.5268361 0.4716257 1.0206501 0.5569658 0.8476297 0.0000000 0.0086072 0.6533963 1.0391677 1.3547688 
S0051_G6947_R1_A 0.4550160 0.4575184 0.4581816 0.5874912 0.5500212 0.4390126 0.4301225 0.4754345 0.4314680 0.4778983 0.5201067 0.5213250 0.4667666 1.0206501 0.5524755 0.8398482 0.0086072 0.0000000 0.6457446 1.0230808 1.3547688 
S0015_G6947_R2_A 0.3929300 0.4795635 0.4914798 0.3822322 0.3811798 0.4304225 0.4226432 0.4947903 0.4374780 0.4552367 0.5010119 0.5131518 0.4259385 0.9824261 0.4292610 0.7915392 0.6533963 0.6457446 0.0000000 0.8985261 1.0940098 
S0027_G6947_R8_A 0.4923719 0.5585013 0.5475143 0.3681059 0.4202857 0.5119855 0.4974453 0.5491884 0.5323696 0.5373761 0.8912431 0.9019487 0.5730705 0.6127445 0.4028373 0.7107797 1.0391677 1.0230808 0.8985261 0.0000000 1.0052638 
S0003_G6947_R1_N 0.7222845 0.7680256 0.7706411 0.6655159 0.6973103 0.7874440 0.7304955 0.7802927 0.7944920 0.7915756 1.1198839 1.1521387 0.7942749 0.9693948 0.6682089 0.7882829 1.3547688 1.3547688 1.0940098 1.0052638 0.0000000 
