9
S0051_G6954_R1_A 0.0000000 0.0207233 0.4253354 0.4539991 0.3878006 0.3971816 0.4384786 0.4598199 0.5205713 
S0039_G6954_R1_A 0.0207233 0.0000000 0.4237713 0.4773479 0.3976541 0.4108290 0.4485484 0.4668837 0.5235140 
S0051_G6954_R2_A 0.4253354 0.4237713 0.0000000 0.8411885 0.7521965 0.7543558 0.8597746 0.9271571 1.0291789 
S0014_G6954_R1_A 0.4539991 0.4773479 0.8411885 0.0000000 0.2238988 0.2233505 0.1610261 0.2071750 0.2387358 
S0010_G6954_R1_A 0.3878006 0.3976541 0.7521965 0.2238988 0.0000000 0.0150310 0.1659047 0.2182570 0.2576622 
S0009_G6954_R1_A 0.3971816 0.4108290 0.7543558 0.2233505 0.0150310 0.0000000 0.1757909 0.2293389 0.2695606 
S0008_G6954_R1_A 0.4384786 0.4485484 0.8597746 0.1610261 0.1659047 0.1757909 0.0000000 0.1682436 0.1894314 
S0015_G6954_R1_A 0.4598199 0.4668837 0.9271571 0.2071750 0.2182570 0.2293389 0.1682436 0.0000000 0.1222641 
S0034_G6954_R1_A 0.5205713 0.5235140 1.0291789 0.2387358 0.2576622 0.2695606 0.1894314 0.1222641 0.0000000 
