10
S0008_G6956_R1_A 0.0000000 0.1781763 0.1497238 0.2719616 0.2701328 0.3997724 0.3428996 0.8236182 0.7561580 0.7843580 
S0015_G6956_R1_A 0.1781763 0.0000000 0.1342448 0.2590639 0.2564627 0.3616227 0.2934680 0.8929691 0.7421396 0.7577131 
S0034_G6956_R1_A 0.1497238 0.1342448 0.0000000 0.2862063 0.2854219 0.4125985 0.3313356 0.8366469 0.8266892 0.8577759 
S0009_G6956_R1_A 0.2719616 0.2590639 0.2862063 0.0000000 0.0037656 0.3177799 0.2827709 0.8875273 0.6588581 0.6871569 
S0010_G6956_R1_A 0.2701328 0.2564627 0.2854219 0.0037656 0.0000000 0.3162742 0.2799669 0.8793325 0.6582236 0.6864947 
S0027_G6956_R1_A 0.3997724 0.3616227 0.4125985 0.3177799 0.3162742 0.0000000 0.3471423 1.0504852 0.6366424 0.6622193 
S0014_G6956_R1_A 0.3428996 0.2934680 0.3313356 0.2827709 0.2799669 0.3471423 0.0000000 0.7644626 0.6837548 0.6986264 
S0003_G6956_R1_N 0.8236182 0.8929691 0.8366469 0.8875273 0.8793325 1.0504852 0.7644626 0.0000000 1.2035642 1.2054895 
S0051_G6956_R1_A 0.7561580 0.7421396 0.8266892 0.6588581 0.6582236 0.6366424 0.6837548 1.2035642 0.0000000 0.0302349 
S0039_G6956_R1_A 0.7843580 0.7577131 0.8577759 0.6871569 0.6864947 0.6622193 0.6986264 1.2054895 0.0302349 0.0000000 
