10
S0039_G6955_R1_A 0.0000000 0.0564007 0.7485057 0.7897803 0.7373528 0.5629206 0.5796527 0.8123235 0.8490764 1.4471578 
S0051_G6955_R1_A 0.0564007 0.0000000 0.7331958 0.7586343 0.7289644 0.5878000 0.6097635 0.7895008 0.8311807 1.4530581 
S0015_G6955_R1_A 0.7485057 0.7331958 0.0000000 0.1982290 0.2319249 0.4070335 0.4038108 0.3883302 0.3804612 1.1218214 
S0034_G6955_R1_A 0.7897803 0.7586343 0.1982290 0.0000000 0.2591286 0.4447391 0.4417839 0.4474166 0.4182816 1.1381115 
S0008_G6955_R1_A 0.7373528 0.7289644 0.2319249 0.2591286 0.0000000 0.3590243 0.3572470 0.3768656 0.3432450 1.0092007 
S0010_G6955_R1_A 0.5629206 0.5878000 0.4070335 0.4447391 0.3590243 0.0000000 0.0221136 0.4506171 0.4495135 1.0510162 
S0009_G6955_R1_A 0.5796527 0.6097635 0.4038108 0.4417839 0.3572470 0.0221136 0.0000000 0.4187412 0.4374315 1.0268064 
S0027_G6955_R1_A 0.8123235 0.7895008 0.3883302 0.4474166 0.3768656 0.4506171 0.4187412 0.0000000 0.2915539 1.0243651 
S0014_G6955_R1_A 0.8490764 0.8311807 0.3804612 0.4182816 0.3432450 0.4495135 0.4374315 0.2915539 0.0000000 0.9705085 
S0003_G6955_R1_N 1.4471578 1.4530581 1.1218214 1.1381115 1.0092007 1.0510162 1.0268064 1.0243651 0.9705085 0.0000000 
