10
S0015_G6969_R1_A 0.0000000 0.3154339 0.3174318 0.3600116 0.4127393 0.2495857 0.6539189 0.6714573 0.4526829 1.1787623 
S0009_G6969_R1_A 0.3154339 0.0000000 0.0020950 0.4885209 0.4131736 0.2752607 0.6840553 0.6821471 0.4374408 1.2084296 
S0010_G6969_R1_A 0.3174318 0.0020950 0.0000000 0.4860672 0.4065654 0.2689601 0.6672088 0.6604397 0.4287826 1.2038029 
S0034_G6969_R1_A 0.3600116 0.4885209 0.4860672 0.0000000 0.5044909 0.3811114 0.9634574 0.9836738 0.5551106 1.3582447 
S0027_G6969_R1_A 0.4127393 0.4131736 0.4065654 0.5044909 0.0000000 0.3497614 0.6869722 0.7030223 0.4549172 1.3057089 
S0008_G6969_R1_A 0.2495857 0.2752607 0.2689601 0.3811114 0.3497614 0.0000000 0.7447672 0.7441505 0.3718724 1.1708085 
S0051_G6969_R1_A 0.6539189 0.6840553 0.6672088 0.9634574 0.6869722 0.7447672 0.0000000 0.0352761 0.8265451 1.3531066 
S0039_G6969_R1_A 0.6714573 0.6821471 0.6604397 0.9836738 0.7030223 0.7441505 0.0352761 0.0000000 0.8433987 1.3927210 
S0014_G6969_R1_A 0.4526829 0.4374408 0.4287826 0.5551106 0.4549172 0.3718724 0.8265451 0.8433987 0.0000000 0.8860475 
S0003_G6969_R1_N 1.1787623 1.2084296 1.2038029 1.3582447 1.3057089 1.1708085 1.3531066 1.3927210 0.8860475 0.0000000 
