14
S0003_G6968_R3_N 0.0000000 0.1518028 0.1569828 0.9070831 0.9510216 0.9177121 0.8317270 0.8397202 0.9105905 0.9165700 0.9202070 0.8794578 0.8783501 0.7140968 
S0003_G6968_R1_N 0.1518028 0.0000000 0.0174512 0.9899478 1.0566948 0.9968650 0.9529553 0.9637071 1.0548657 1.0451792 1.0489937 0.9547258 0.9573409 0.8378980 
S0003_G6968_R2_N 0.1569828 0.0174512 0.0000000 0.9963371 1.0618268 1.0033860 0.9682546 0.9791967 1.0741584 1.0674028 1.0647454 0.9670283 0.9696624 0.8587346 
S0039_G6968_R1_A 0.9070831 0.9899478 0.9963371 0.0000000 0.0284949 0.0313251 0.7249691 0.7303181 0.8440161 0.8860691 0.8413655 0.8042401 0.8054347 0.7326031 
S0051_G6968_R1_A 0.9510216 1.0566948 1.0618268 0.0284949 0.0000000 0.0447812 0.8118260 0.8140766 0.9262206 0.9484928 0.9163970 0.8206065 0.8218460 0.8209578 
S0039_G6968_R2_A 0.9177121 0.9968650 1.0033860 0.0313251 0.0447812 0.0000000 0.7764886 0.7821959 0.9098117 0.9200117 0.8635983 0.8562022 0.8575249 0.7633978 
S0009_G6968_R1_A 0.8317270 0.9529553 0.9682546 0.7249691 0.8118260 0.7764886 0.0000000 0.0050514 0.2473408 0.3079999 0.3036610 0.2743715 0.2747942 0.2605650 
S0010_G6968_R1_A 0.8397202 0.9637071 0.9791967 0.7303181 0.8140766 0.7821959 0.0050514 0.0000000 0.2490322 0.3086495 0.3035841 0.2743011 0.2747238 0.2593733 
S0014_G6968_R1_A 0.9105905 1.0548657 1.0741584 0.8440161 0.9262206 0.9098117 0.2473408 0.2490322 0.0000000 0.2669986 0.2730778 0.2365972 0.2361198 0.2221382 
S0034_G6968_R1_A 0.9165700 1.0451792 1.0674028 0.8860691 0.9484928 0.9200117 0.3079999 0.3086495 0.2669986 0.0000000 0.2174648 0.2632399 0.2636519 0.2858046 
S0015_G6968_R1_A 0.9202070 1.0489937 1.0647454 0.8413655 0.9163970 0.8635983 0.3036610 0.3035841 0.2730778 0.2174648 0.0000000 0.2390185 0.2388446 0.2892687 
S0008_G6968_R1_A 0.8794578 0.9547258 0.9670283 0.8042401 0.8206065 0.8562022 0.2743715 0.2743011 0.2365972 0.2632399 0.2390185 0.0000000 0.0000010 0.2312453 
S0008_G6968_R2_A 0.8783501 0.9573409 0.9696624 0.8054347 0.8218460 0.8575249 0.2747942 0.2747238 0.2361198 0.2636519 0.2388446 0.0000010 0.0000000 0.2306620 
S0027_G6968_R1_A 0.7140968 0.8378980 0.8587346 0.7326031 0.8209578 0.7633978 0.2605650 0.2593733 0.2221382 0.2858046 0.2892687 0.2312453 0.2306620 0.0000000 
