10
S0008_G6978_R1_A 0.0000000 0.1955992 0.2091557 0.2493353 0.2747109 0.2797124 0.2742815 0.9582793 0.7506866 0.7830350 
S0015_G6978_R1_A 0.1955992 0.0000000 0.1654271 0.3273667 0.2886709 0.2951241 0.3234089 1.1151495 0.8185704 0.8416090 
S0034_G6978_R1_A 0.2091557 0.1654271 0.0000000 0.3376367 0.3151252 0.3198334 0.3365169 1.0229853 0.7838616 0.8187873 
S0027_G6978_R1_A 0.2493353 0.3273667 0.3376367 0.0000000 0.3376051 0.3379861 0.2942365 1.2811579 0.9069862 0.9441112 
S0010_G6978_R1_A 0.2747109 0.2886709 0.3151252 0.3376051 0.0000000 0.0108123 0.3492109 1.1716727 0.8373805 0.8486121 
S0009_G6978_R1_A 0.2797124 0.2951241 0.3198334 0.3379861 0.0108123 0.0000000 0.3575431 1.1786166 0.8569766 0.8682776 
S0014_G6978_R1_A 0.2742815 0.3234089 0.3365169 0.2942365 0.3492109 0.3575431 0.0000000 1.0767947 0.8415549 0.8795276 
S0003_G6978_R1_N 0.9582793 1.1151495 1.0229853 1.2811579 1.1716727 1.1786166 1.0767947 0.0000000 0.9270380 0.9366891 
S0039_G6978_R1_A 0.7506866 0.8185704 0.7838616 0.9069862 0.8373805 0.8569766 0.8415549 0.9270380 0.0000000 0.0228923 
S0051_G6978_R1_A 0.7830350 0.8416090 0.8187873 0.9441112 0.8486121 0.8682776 0.8795276 0.9366891 0.0228923 0.0000000 
