11
S0039_G6995_R1_A 0.0000000 0.0067197 0.5107309 0.4338312 0.5132281 0.5132281 0.6393028 0.6370314 0.6099967 0.6226777 1.0305572 
S0051_G6995_R1_A 0.0067197 0.0000000 0.5086162 0.4288179 0.5122877 0.5122877 0.6385636 0.6382658 0.6112546 0.6249262 1.0348581 
S0008_G6995_R1_A 0.5107309 0.5086162 0.0000000 0.1914439 0.2073781 0.2065208 0.5147818 0.4737966 0.4781904 0.4892546 1.0422158 
S0027_G6995_R1_A 0.4338312 0.4288179 0.1914439 0.0000000 0.2156838 0.2148057 0.5686637 0.5599594 0.5433215 0.5369823 1.0406102 
S0009_G6995_R1_A 0.5132281 0.5122877 0.2073781 0.2156838 0.0000000 0.0005809 0.6194168 0.5651392 0.5689099 0.6063476 1.1299952 
S0010_G6995_R1_A 0.5132281 0.5122877 0.2065208 0.2148057 0.0005809 0.0000000 0.6177676 0.5636276 0.5689099 0.6047183 1.1299952 
S0014_G6995_R1_A 0.6393028 0.6385636 0.5147818 0.5686637 0.6194168 0.6177676 0.0000000 0.2761304 0.2812225 0.2569301 0.9202882 
S0009_G6995_R2_A 0.6370314 0.6382658 0.4737966 0.5599594 0.5651392 0.5636276 0.2761304 0.0000000 0.0236295 0.2918822 0.8718305 
S0010_G6995_R2_A 0.6099967 0.6112546 0.4781904 0.5433215 0.5689099 0.5689099 0.2812225 0.0236295 0.0000000 0.3014693 0.8783955 
S0027_G6995_R2_A 0.6226777 0.6249262 0.4892546 0.5369823 0.6063476 0.6047183 0.2569301 0.2918822 0.3014693 0.0000000 0.8568031 
S0003_G6995_R1_N 1.0305572 1.0348581 1.0422158 1.0406102 1.1299952 1.1299952 0.9202882 0.8718305 0.8783955 0.8568031 0.0000000 
