10
S0014_G7029_R1_A 0.0000000 0.3589829 0.5206855 0.5174390 0.5453798 0.5370661 0.3940527 1.4894287 1.2364104 1.0647373 
S0027_G7029_R1_A 0.3589829 0.0000000 0.6001403 0.5972826 0.5676854 0.5506630 0.4216471 1.6214263 1.1830255 1.0608569 
S0009_G7029_R1_A 0.5206855 0.6001403 0.0000000 0.0005003 0.6141033 0.7041015 0.5820402 1.7337898 1.1495793 0.9931588 
S0010_G7029_R1_A 0.5174390 0.5972826 0.0005003 0.0000000 0.6106582 0.7003868 0.5785846 1.7266708 1.1495805 0.9913024 
S0034_G7029_R1_A 0.5453798 0.5676854 0.6141033 0.6106582 0.0000000 0.3595572 0.4324674 1.5130612 1.1931154 1.0730990 
S0015_G7029_R1_A 0.5370661 0.5506630 0.7041015 0.7003868 0.3595572 0.0000000 0.4628807 1.5780784 1.1942320 1.0913019 
S0008_G7029_R1_A 0.3940527 0.4216471 0.5820402 0.5785846 0.4324674 0.4628807 0.0000000 1.4803589 1.1579459 1.1046262 
S0003_G7029_R1_N 1.4894287 1.6214263 1.7337898 1.7266708 1.5130612 1.5780784 1.4803589 0.0000000 1.6514042 1.4179225 
S0039_G7029_R1_A 1.2364104 1.1830255 1.1495793 1.1495805 1.1931154 1.1942320 1.1579459 1.6514042 0.0000000 0.1744344 
S0051_G7029_R1_A 1.0647373 1.0608569 0.9931588 0.9913024 1.0730990 1.0913019 1.1046262 1.4179225 0.1744344 0.0000000 
