11
S0051_G7067_R1_A 0.0000000 0.0206911 0.5717891 0.5913666 0.5874370 0.6611741 0.6410842 0.7755212 0.7763760 0.5732946 1.0253979 
S0039_G7067_R1_A 0.0206911 0.0000000 0.5786749 0.6098726 0.5864669 0.6663916 0.6476439 0.7868608 0.7877264 0.5874247 1.0092297 
S0014_G7067_R1_A 0.5717891 0.5786749 0.0000000 0.3989461 0.3394983 0.4226729 0.4893970 0.5437611 0.5459680 0.2894699 0.8837161 
S0015_G7067_R1_A 0.5913666 0.6098726 0.3989461 0.0000000 0.2040124 0.1579433 0.4581040 0.5195920 0.5193357 0.3683027 1.0704407 
S0008_G7067_R1_A 0.5874370 0.5864669 0.3394983 0.2040124 0.0000000 0.2467109 0.3728370 0.4158078 0.4200813 0.2934973 1.0173861 
S0034_G7067_R1_A 0.6611741 0.6663916 0.4226729 0.1579433 0.2467109 0.0000000 0.4920995 0.5357728 0.5355076 0.3949501 1.2014790 
S0010_G7067_R2_A 0.6410842 0.6476439 0.4893970 0.4581040 0.3728370 0.4920995 0.0000000 0.1431354 0.1465626 0.3891783 1.2478948 
S0009_G7067_R1_A 0.7755212 0.7868608 0.5437611 0.5195920 0.4158078 0.5357728 0.1431354 0.0000000 0.0060727 0.4613280 1.3077184 
S0010_G7067_R1_A 0.7763760 0.7877264 0.5459680 0.5193357 0.4200813 0.5355076 0.1465626 0.0060727 0.0000000 0.4644683 1.3150881 
S0027_G7067_R1_A 0.5732946 0.5874247 0.2894699 0.3683027 0.2934973 0.3949501 0.3891783 0.4613280 0.4644683 0.0000000 0.9713339 
S0003_G7067_R1_N 1.0253979 1.0092297 0.8837161 1.0704407 1.0173861 1.2014790 1.2478948 1.3077184 1.3150881 0.9713339 0.0000000 
