10
S0039_G7120_R1_A 0.0000000 0.0146667 0.4780789 0.4747039 0.4785249 0.5193179 0.5661168 0.5594205 0.5450053 1.0683838 
S0051_G7120_R1_A 0.0146667 0.0000000 0.7658042 0.7613710 0.7392104 0.8131951 0.8648195 0.8518646 0.8058655 1.3072534 
S0009_G7120_R1_A 0.4780789 0.7658042 0.0000000 0.0005333 0.2249672 0.3083285 0.2689745 0.3194514 0.3042693 1.1973130 
S0010_G7120_R1_A 0.4747039 0.7613710 0.0005333 0.0000000 0.2248017 0.3080722 0.2687697 0.3191932 0.3040265 1.1925146 
S0008_G7120_R1_A 0.4785249 0.7392104 0.2249672 0.2248017 0.0000000 0.2383892 0.1780312 0.1964068 0.1876462 1.1081608 
S0027_G7120_R1_A 0.5193179 0.8131951 0.3083285 0.3080722 0.2383892 0.0000000 0.2411177 0.3281550 0.3112520 1.1451857 
S0014_G7120_R1_A 0.5661168 0.8648195 0.2689745 0.2687697 0.1780312 0.2411177 0.0000000 0.2753342 0.2632088 1.1484503 
S0034_G7120_R1_A 0.5594205 0.8518646 0.3194514 0.3191932 0.1964068 0.3281550 0.2753342 0.0000000 0.1397947 1.0358116 
S0015_G7120_R1_A 0.5450053 0.8058655 0.3042693 0.3040265 0.1876462 0.3112520 0.2632088 0.1397947 0.0000000 1.0576189 
S0003_G7120_R1_N 1.0683838 1.3072534 1.1973130 1.1925146 1.1081608 1.1451857 1.1484503 1.0358116 1.0576189 0.0000000 
