10
S0008_G7135_R1_A 0.0000000 0.2350783 0.2021395 0.3293918 0.3285875 0.1999864 0.3030223 0.6112312 0.6194029 1.1519452 
S0027_G7135_R1_A 0.2350783 0.0000000 0.2918360 0.3710362 0.3779775 0.2344641 0.4083736 0.6635969 0.6727688 1.2294069 
S0034_G7135_R1_A 0.2021395 0.2918360 0.0000000 0.3999643 0.3999435 0.2779703 0.2787772 0.6632107 0.6645490 1.1986932 
S0010_G7135_R1_A 0.3293918 0.3710362 0.3999643 0.0000000 0.0358202 0.3531367 0.4196196 0.4936461 0.5020196 1.1386491 
S0009_G7135_R1_A 0.3285875 0.3779775 0.3999435 0.0358202 0.0000000 0.3556971 0.4205101 0.5015531 0.5045375 1.1515385 
S0014_G7135_R1_A 0.1999864 0.2344641 0.2779703 0.3531367 0.3556971 0.0000000 0.3539976 0.6399918 0.6411368 1.1675239 
S0015_G7135_R1_A 0.3030223 0.4083736 0.2787772 0.4196196 0.4205101 0.3539976 0.0000000 0.7500136 0.7405228 1.2010370 
S0039_G7135_R1_A 0.6112312 0.6635969 0.6632107 0.4936461 0.5015531 0.6399918 0.7500136 0.0000000 0.0149237 1.1216013 
S0051_G7135_R1_A 0.6194029 0.6727688 0.6645490 0.5020196 0.5045375 0.6411368 0.7405228 0.0149237 0.0000000 1.1199889 
S0003_G7135_R1_N 1.1519452 1.2294069 1.1986932 1.1386491 1.1515385 1.1675239 1.2010370 1.1216013 1.1199889 0.0000000 
