10
S0039_G7248_R1_A 0.0000000 0.0065873 0.3388857 0.3638544 0.3358234 0.3292999 0.2737104 0.2750405 0.3391355 1.0969563 
S0051_G7248_R1_A 0.0065873 0.0000000 0.3357945 0.3619950 0.3319770 0.3265133 0.2740814 0.2754100 0.3384913 1.1067466 
S0008_G7248_R1_A 0.3388857 0.3357945 0.0000000 0.1852797 0.1331180 0.1188279 0.2027568 0.2037219 0.1577453 0.9423833 
S0034_G7248_R1_A 0.3638544 0.3619950 0.1852797 0.0000000 0.2148370 0.1892362 0.2635039 0.2660896 0.1460667 0.9881330 
S0014_G7248_R1_A 0.3358234 0.3319770 0.1331180 0.2148370 0.0000000 0.1311648 0.2277107 0.2279226 0.1813732 0.9714353 
S0027_G7248_R1_A 0.3292999 0.3265133 0.1188279 0.1892362 0.1311648 0.0000000 0.1929026 0.1937748 0.1555708 0.9761954 
S0010_G7248_R1_A 0.2737104 0.2740814 0.2027568 0.2635039 0.2277107 0.1929026 0.0000000 0.0038588 0.2317143 0.9327958 
S0009_G7248_R1_A 0.2750405 0.2754100 0.2037219 0.2660896 0.2279226 0.1937748 0.0038588 0.0000000 0.2326945 0.9356776 
S0015_G7248_R1_A 0.3391355 0.3384913 0.1577453 0.1460667 0.1813732 0.1555708 0.2317143 0.2326945 0.0000000 0.8561625 
S0003_G7248_R1_N 1.0969563 1.1067466 0.9423833 0.9881330 0.9714353 0.9761954 0.9327958 0.9356776 0.8561625 0.0000000 
