12
S0039_G7273_R1_A 0.0000000 0.0211081 0.2746640 0.2598058 0.5564938 0.5280300 0.5090623 0.5120231 0.4140602 0.4219747 0.5443311 0.8266145 
S0051_G7273_R1_A 0.0211081 0.0000000 0.2642285 0.2496788 0.5606939 0.5376463 0.5125400 0.5214986 0.4217253 0.4297467 0.5604941 0.8211146 
S0051_G7273_R2_A 0.2746640 0.2642285 0.0000000 0.2312226 0.8391428 0.7972908 0.7973140 0.7693278 0.6671390 0.6791325 0.7832083 0.9088939 
S0039_G7273_R2_A 0.2598058 0.2496788 0.2312226 0.0000000 0.8807491 0.8534614 0.7456645 0.8074665 0.6678543 0.6796530 0.8179646 0.9049698 
S0015_G7273_R1_A 0.5564938 0.5606939 0.8391428 0.8807491 0.0000000 0.1382271 0.2689340 0.2653223 0.2567862 0.2628630 0.1888038 0.9554950 
S0034_G7273_R1_A 0.5280300 0.5376463 0.7972908 0.8534614 0.1382271 0.0000000 0.2460458 0.2404128 0.2527620 0.2569580 0.1655228 0.8956149 
S0027_G7273_R1_A 0.5090623 0.5125400 0.7973140 0.7456645 0.2689340 0.2460458 0.0000000 0.1556907 0.2210226 0.2199331 0.2139771 0.9401690 
S0014_G7273_R1_A 0.5120231 0.5214986 0.7693278 0.8074665 0.2653223 0.2404128 0.1556907 0.0000000 0.2343968 0.2348214 0.2102136 0.9875625 
S0010_G7273_R1_A 0.4140602 0.4217253 0.6671390 0.6678543 0.2567862 0.2527620 0.2210226 0.2343968 0.0000000 0.0113483 0.2224094 0.9916594 
S0009_G7273_R1_A 0.4219747 0.4297467 0.6791325 0.6796530 0.2628630 0.2569580 0.2199331 0.2348214 0.0113483 0.0000000 0.2264678 0.9909785 
S0008_G7273_R1_A 0.5443311 0.5604941 0.7832083 0.8179646 0.1888038 0.1655228 0.2139771 0.2102136 0.2224094 0.2264678 0.0000000 0.9911527 
S0003_G7273_R1_N 0.8266145 0.8211146 0.9088939 0.9049698 0.9554950 0.8956149 0.9401690 0.9875625 0.9916594 0.9909785 0.9911527 0.0000000 
