11
S0039_G7296_R1_A 0.0000000 0.0195048 0.6997029 0.7886598 0.7575298 0.8453299 0.7415286 0.6690655 0.6703956 1.6241762 1.9854664 
S0051_G7296_R1_A 0.0195048 0.0000000 0.7079550 0.7977424 0.7687427 0.8364553 0.7502449 0.6779091 0.6787049 1.6244530 1.9815758 
S0027_G7296_R1_A 0.6997029 0.7079550 0.0000000 0.3202165 0.3523904 0.4161033 0.2895375 0.4054252 0.4082288 1.1216260 1.7394792 
S0008_G7296_R1_A 0.7886598 0.7977424 0.3202165 0.0000000 0.2865168 0.3399124 0.2255749 0.3507475 0.3499752 1.2310113 1.7515523 
S0015_G7296_R1_A 0.7575298 0.7687427 0.3523904 0.2865168 0.0000000 0.2707703 0.2762093 0.4089336 0.4176761 1.2608647 1.6873114 
S0034_G7296_R1_A 0.8453299 0.8364553 0.4161033 0.3399124 0.2707703 0.0000000 0.3324961 0.4599911 0.4642331 1.2425914 1.6420171 
S0014_G7296_R1_A 0.7415286 0.7502449 0.2895375 0.2255749 0.2762093 0.3324961 0.0000000 0.3346433 0.3385346 1.1293514 1.6753300 
S0010_G7296_R1_A 0.6690655 0.6779091 0.4054252 0.3507475 0.4089336 0.4599911 0.3346433 0.0000000 0.0183774 1.2334403 1.5908406 
S0009_G7296_R1_A 0.6703956 0.6787049 0.4082288 0.3499752 0.4176761 0.4642331 0.3385346 0.0183774 0.0000000 1.2243502 1.5449918 
S0027_G7296_R2_A 1.6241762 1.6244530 1.1216260 1.2310113 1.2608647 1.2425914 1.1293514 1.2334403 1.2243502 0.0000000 1.3187664 
S0003_G7296_R1_N 1.9854664 1.9815758 1.7394792 1.7515523 1.6873114 1.6420171 1.6753300 1.5908406 1.5449918 1.3187664 0.0000000 
