10
S0039_G7324_R1_A 0.0000000 0.0190951 0.6844692 0.7486650 0.6724730 0.6595880 0.7699524 0.8218859 0.7357857 0.7680914 
S0051_G7324_R1_A 0.0190951 0.0000000 0.6982443 0.7610846 0.6891906 0.6760664 0.7828537 0.8370292 0.7435412 0.7888127 
S0008_G7324_R1_A 0.6844692 0.6982443 0.0000000 0.2054545 0.2244047 0.2260364 0.1739263 0.2070113 0.2812673 0.6747079 
S0034_G7324_R1_A 0.7486650 0.7610846 0.2054545 0.0000000 0.3115239 0.3077245 0.1498070 0.3044514 0.3850873 0.6839399 
S0009_G7324_R1_A 0.6724730 0.6891906 0.2244047 0.3115239 0.0000000 0.0044039 0.2999533 0.3014945 0.3785085 0.7354771 
S0010_G7324_R1_A 0.6595880 0.6760664 0.2260364 0.3077245 0.0044039 0.0000000 0.2974230 0.3018482 0.3795907 0.7318577 
S0015_G7324_R1_A 0.7699524 0.7828537 0.1739263 0.1498070 0.2999533 0.2974230 0.0000000 0.2705309 0.3633153 0.6828919 
S0014_G7324_R1_A 0.8218859 0.8370292 0.2070113 0.3044514 0.3014945 0.3018482 0.2705309 0.0000000 0.3111786 0.6789958 
S0027_G7324_R1_A 0.7357857 0.7435412 0.2812673 0.3850873 0.3785085 0.3795907 0.3633153 0.3111786 0.0000000 0.7169788 
S0003_G7324_R1_N 0.7680914 0.7888127 0.6747079 0.6839399 0.7354771 0.7318577 0.6828919 0.6789958 0.7169788 0.0000000 
