10
S0015_G7572_R1_A 0.0000000 0.1339515 0.1949138 0.2549119 0.2335508 0.2054209 0.4387759 0.4428740 0.3728676 1.0540908 
S0034_G7572_R1_A 0.1339515 0.0000000 0.2339633 0.2717904 0.2291069 0.2050193 0.5158573 0.5162381 0.3844300 1.1186713 
S0027_G7572_R1_A 0.1949138 0.2339633 0.0000000 0.2070434 0.1494395 0.2031801 0.3818696 0.3831229 0.3026316 0.9132006 
S0009_G7572_R1_A 0.2549119 0.2717904 0.2070434 0.0000000 0.1970076 0.2300630 0.4286425 0.4284393 0.0767595 0.9765841 
S0014_G7572_R1_A 0.2335508 0.2291069 0.1494395 0.1970076 0.0000000 0.1883957 0.4758934 0.4749575 0.2784560 1.1005215 
S0008_G7572_R1_A 0.2054209 0.2050193 0.2031801 0.2300630 0.1883957 0.0000000 0.5049737 0.5014097 0.3183621 1.0598657 
S0051_G7572_R1_A 0.4387759 0.5158573 0.3818696 0.4286425 0.4758934 0.5049737 0.0000000 0.0119749 0.5611389 1.1687944 
S0039_G7572_R1_A 0.4428740 0.5162381 0.3831229 0.4284393 0.4749575 0.5014097 0.0119749 0.0000000 0.5548086 1.1686850 
S0010_G7572_R1_A 0.3728676 0.3844300 0.3026316 0.0767595 0.2784560 0.3183621 0.5611389 0.5548086 0.0000000 1.0443849 
S0003_G7572_R1_N 1.0540908 1.1186713 0.9132006 0.9765841 1.1005215 1.0598657 1.1687944 1.1686850 1.0443849 0.0000000 
