10
S0039_G7577_R1_A 0.0000000 0.0058528 0.5143239 0.6591026 0.5429980 0.5524339 0.6763060 0.6689924 0.7046457 1.1099989 
S0051_G7577_R1_A 0.0058528 0.0000000 0.5140097 0.6565796 0.5391657 0.5485877 0.6675885 0.6699281 0.7059028 1.0994901 
S0027_G7577_R1_A 0.5143239 0.5140097 0.0000000 0.3482259 0.3813620 0.3850722 0.3453906 0.3796559 0.3847663 0.7802037 
S0008_G7577_R1_A 0.6591026 0.6565796 0.3482259 0.0000000 0.3180223 0.3191469 0.2728369 0.3137184 0.3109259 1.0779521 
S0009_G7577_R1_A 0.5429980 0.5391657 0.3813620 0.3180223 0.0000000 0.0281806 0.3272636 0.4156036 0.3880876 1.0799761 
S0010_G7577_R1_A 0.5524339 0.5485877 0.3850722 0.3191469 0.0281806 0.0000000 0.3239265 0.4186521 0.3989545 1.0825197 
S0014_G7577_R1_A 0.6763060 0.6675885 0.3453906 0.2728369 0.3272636 0.3239265 0.0000000 0.3458478 0.3510107 1.0720843 
S0034_G7577_R1_A 0.6689924 0.6699281 0.3796559 0.3137184 0.4156036 0.4186521 0.3458478 0.0000000 0.2455803 0.9789109 
S0015_G7577_R1_A 0.7046457 0.7059028 0.3847663 0.3109259 0.3880876 0.3989545 0.3510107 0.2455803 0.0000000 0.9624902 
S0003_G7577_R1_N 1.1099989 1.0994901 0.7802037 1.0779521 1.0799761 1.0825197 1.0720843 0.9789109 0.9624902 0.0000000 
