11
S0008_G4603_R1_U 0.0000000 0.1369240 0.1396418 0.1951601 0.1972862 0.2562471 0.2610573 0.1286525 0.1455940 0.1527573 1.2821067 
S0015_G4603_R1_A 0.1369240 0.0000000 0.1217402 0.2384642 0.2399892 0.3060140 0.3083440 0.1870008 0.1976700 0.2126652 1.3268600 
S0034_G4603_R1_A 0.1396418 0.1217402 0.0000000 0.2417439 0.2433148 0.2981099 0.3007657 0.1943263 0.2013355 0.2172161 1.3645855 
S0009_G4603_R1_A 0.1951601 0.2384642 0.2417439 0.0000000 0.0018879 0.2469489 0.2495868 0.2222125 0.2386390 0.2573080 1.3155025 
S0010_G4603_R1_A 0.1972862 0.2399892 0.2433148 0.0018879 0.0000000 0.2469311 0.2495687 0.2229624 0.2386894 0.2573702 1.3155025 
S0051_G4603_R1_A 0.2562471 0.3060140 0.2981099 0.2469489 0.2469311 0.0000000 0.0092968 0.2946977 0.3143631 0.3354039 1.2554814 
S0039_G4603_R1_A 0.2610573 0.3083440 0.3007657 0.2495868 0.2495687 0.0092968 0.0000000 0.2963053 0.3131715 0.3351992 1.2559931 
S0014_G4603_R1_A 0.1286525 0.1870008 0.1943263 0.2222125 0.2229624 0.2946977 0.2963053 0.0000000 0.1149667 0.1212515 1.2361106 
S0027_G4603_R1_A 0.1455940 0.1976700 0.2013355 0.2386390 0.2386894 0.3143631 0.3131715 0.1149667 0.0000000 0.0000010 1.1967881 
S0027_G4603_R2_A 0.1527573 0.2126652 0.2172161 0.2573080 0.2573702 0.3354039 0.3351992 0.1212515 0.0000010 0.0000000 1.1760400 
S0003_G4603_R1_N 1.2821067 1.3268600 1.3645855 1.3155025 1.3155025 1.2554814 1.2559931 1.2361106 1.1967881 1.1760400 0.0000000 
