17
S0008_G4889_R1_A 0.0000000 0.1318012 0.0974368 0.2333209 0.2243059 0.2218575 0.2229270 0.2073326 0.2260776 0.1437693 0.1623197 0.3558822 0.3483787 0.3746336 0.3127927 0.6913767 0.8438978 
S0034_G4889_R2_A 0.1318012 0.0000000 0.1473612 0.2818758 0.2704062 0.2677804 0.2412428 0.2349068 0.2713592 0.0000010 0.1943117 0.3594597 0.3399160 0.3696145 0.3154988 0.6540605 0.8326700 
S0014_G4889_R1_A 0.0974368 0.1473612 0.0000000 0.2667359 0.2594438 0.2479735 0.2567819 0.2378555 0.2498023 0.1537753 0.1434383 0.3524053 0.3350552 0.3700767 0.3311252 0.6450860 0.8260304 
S0010_G4889_R1_A 0.2333209 0.2818758 0.2667359 0.0000000 0.0124168 0.1678320 0.1411260 0.1416886 0.1591550 0.2933524 0.3162661 0.2484194 0.2118704 0.2876292 0.1940606 0.6509797 0.8576201 
S0009_G4889_R1_A 0.2243059 0.2704062 0.2594438 0.0124168 0.0000000 0.1590302 0.1309525 0.1324924 0.1506274 0.2781564 0.3052797 0.2422369 0.2123781 0.2790526 0.1921486 0.6588136 0.8739185 
S0034_G4889_R1_A 0.2218575 0.2677804 0.2479735 0.1678320 0.1590302 0.0000000 0.1363215 0.1229368 0.0000010 0.2854896 0.2859326 0.3151369 0.2887460 0.3281109 0.2765525 0.6729845 0.9135229 
S0015_G4889_R1_U 0.2229270 0.2412428 0.2567819 0.1411260 0.1309525 0.1363215 0.0000000 0.0000010 0.1363215 0.2403687 0.2822979 0.2760321 0.2647413 0.3008382 0.2667892 0.6916853 0.7805116 
S0015_G4889_R2_U 0.2073326 0.2349068 0.2378555 0.1416886 0.1324924 0.1229368 0.0000010 0.0000000 0.1182769 0.2403687 0.2806796 0.2903928 0.2647413 0.3035118 0.2667892 0.6363101 0.8173257 
S0034_G4889_R5_A 0.2260776 0.2713592 0.2498023 0.1591550 0.1506274 0.0000010 0.1363215 0.1182769 0.0000000 0.2854896 0.2722485 0.3025418 0.2887460 0.3077793 0.2765525 0.6846741 0.8762904 
S0034_G4889_R3_A 0.1437693 0.0000010 0.1537753 0.2933524 0.2781564 0.2854896 0.2403687 0.2403687 0.2854896 0.0000000 0.1741181 0.3493121 0.3399160 0.3689019 0.3154988 0.6887080 0.7888996 
S0027_G4889_R1_A 0.1623197 0.1943117 0.1434383 0.3162661 0.3052797 0.2859326 0.2822979 0.2806796 0.2722485 0.1741181 0.0000000 0.3829105 0.3773525 0.3937881 0.3407934 0.6671168 0.8452879 
S0039_G4889_R3_A 0.3558822 0.3594597 0.3524053 0.2484194 0.2422369 0.3151369 0.2760321 0.2903928 0.3025418 0.3493121 0.3829105 0.0000000 0.0000010 0.0431917 0.0000010 0.6489935 0.8531066 
S0039_G4889_R1_A 0.3483787 0.3399160 0.3350552 0.2118704 0.2123781 0.2887460 0.2647413 0.2647413 0.2887460 0.3399160 0.3773525 0.0000010 0.0000000 0.0432799 0.0000010 0.5807017 0.7904725 
S0039_G4889_R2_A 0.3746336 0.3696145 0.3700767 0.2876292 0.2790526 0.3281109 0.3008382 0.3035118 0.3077793 0.3689019 0.3937881 0.0431917 0.0432799 0.0000000 0.0411999 0.6633988 0.9007887 
S0051_G4889_R1_A 0.3127927 0.3154988 0.3311252 0.1940606 0.1921486 0.2765525 0.2667892 0.2667892 0.2765525 0.3154988 0.3407934 0.0000010 0.0000010 0.0411999 0.0000000 0.5758493 0.6875704 
S0003_G4889_R1_N 0.6913767 0.6540605 0.6450860 0.6509797 0.6588136 0.6729845 0.6916853 0.6363101 0.6846741 0.6887080 0.6671168 0.6489935 0.5807017 0.6633988 0.5758493 0.0000000 0.2471988 
S0003_G4889_R2_N 0.8438978 0.8326700 0.8260304 0.8576201 0.8739185 0.9135229 0.7805116 0.8173257 0.8762904 0.7888996 0.8452879 0.8531066 0.7904725 0.9007887 0.6875704 0.2471988 0.0000000 
