11
S0034_G4989_R1_V 0.0000000 0.3720974 0.3823598 0.3850378 0.3952361 0.2820917 0.6464811 0.6402053 0.2601941 0.3988701 0.7231710 
S0009_G4989_R1_A 0.3720974 0.0000000 0.0170970 0.3450972 0.3483234 0.2355046 0.4681732 0.4740697 0.3718506 0.3545523 0.7411323 
S0010_G4989_R1_A 0.3823598 0.0170970 0.0000000 0.3541297 0.3574376 0.2353763 0.4627495 0.4686041 0.3707291 0.3604058 0.7669543 
S0008_G4989_R1_U 0.3850378 0.3450972 0.3541297 0.0000000 0.0153365 0.3253638 0.5416858 0.5456408 0.3960440 0.3991513 0.6898291 
S0008_G4989_R2_U 0.3952361 0.3483234 0.3574376 0.0153365 0.0000000 0.3315835 0.5512713 0.5552609 0.4019371 0.4019144 0.6924592 
S0014_G4989_R1_A 0.2820917 0.2355046 0.2353763 0.3253638 0.3315835 0.0000000 0.5390844 0.5413925 0.2660921 0.2547748 0.6823733 
S0039_G4989_R1_A 0.6464811 0.4681732 0.4627495 0.5416858 0.5512713 0.5390844 0.0000000 0.0126987 0.6343745 0.5194517 0.8662578 
S0051_G4989_R1_A 0.6402053 0.4740697 0.4686041 0.5456408 0.5552609 0.5413925 0.0126987 0.0000000 0.6223086 0.5178140 0.8614448 
S0015_G4989_R1_A 0.2601941 0.3718506 0.3707291 0.3960440 0.4019371 0.2660921 0.6343745 0.6223086 0.0000000 0.3499360 0.6473150 
S0027_G4989_R1_A 0.3988701 0.3545523 0.3604058 0.3991513 0.4019144 0.2547748 0.5194517 0.5178140 0.3499360 0.0000000 0.6492394 
S0003_G4989_R1_N 0.7231710 0.7411323 0.7669543 0.6898291 0.6924592 0.6823733 0.8662578 0.8614448 0.6473150 0.6492394 0.0000000 
