14
S0008_G4992_R1_A 0.0000000 0.0906647 0.1028240 0.2514488 0.2455371 0.4812472 0.6249209 0.5863158 1.2103051 0.4695821 0.4687568 0.3950988 0.3840973 0.9448710 
S0014_G4992_R1_A 0.0906647 0.0000000 0.1287002 0.2108497 0.2060398 0.4890965 0.5795239 0.5388542 1.3919476 0.3581415 0.3573658 0.2823080 0.2673215 1.1343984 
S0034_G4992_R1_A 0.1028240 0.1287002 0.0000000 0.2758066 0.2710815 0.5248771 0.6494681 0.6041694 1.3178214 0.4746045 0.4737777 0.3831134 0.4008402 0.9857708 
S0039_G4992_R1_A 0.2514488 0.2108497 0.2758066 0.0000000 0.0098495 0.5637348 0.6472868 0.6896780 1.5785295 0.4965472 0.4955720 0.4871223 0.4442320 1.1443760 
S0051_G4992_R1_A 0.2455371 0.2060398 0.2710815 0.0098495 0.0000000 0.5626554 0.6441185 0.6729907 1.5394213 0.4884840 0.4875279 0.4784118 0.4359643 1.1223176 
S0003_G4992_R4_N 0.4812472 0.4890965 0.5248771 0.5637348 0.5626554 0.0000000 0.5720210 0.0390640 0.2123219 0.3271843 0.3291427 0.3320188 0.3384827 0.8605415 
S0003_G4992_R3_N 0.6249209 0.5795239 0.6494681 0.6472868 0.6441185 0.5720210 0.0000000 1.0189784 1.1751845 1.0066395 1.0042174 0.9673411 1.0120701 1.1712252 
S0003_G4992_R1_N 0.5863158 0.5388542 0.6041694 0.6896780 0.6729907 0.0390640 1.0189784 0.0000000 0.1265688 0.3201907 0.3229510 0.3465033 0.3287694 0.6407475 
S0003_G4992_R2_N 1.2103051 1.3919476 1.3178214 1.5785295 1.5394213 0.2123219 1.1751845 0.1265688 0.0000000 0.4281371 0.4313767 0.4671637 0.4358138 0.6572815 
S0009_G4992_R1_A 0.4695821 0.3581415 0.4746045 0.4965472 0.4884840 0.3271843 1.0066395 0.3201907 0.4281371 0.0000000 0.0041986 0.1450741 0.1332023 0.3215275 
S0010_G4992_R1_A 0.4687568 0.3573658 0.4737777 0.4955720 0.4875279 0.3291427 1.0042174 0.3229510 0.4313767 0.0041986 0.0000000 0.1486458 0.1377060 0.3196040 
S0015_G4992_R1_A 0.3950988 0.2823080 0.3831134 0.4871223 0.4784118 0.3320188 0.9673411 0.3465033 0.4671637 0.1450741 0.1486458 0.0000000 0.1284480 0.4525515 
S0027_G4992_R1_A 0.3840973 0.2673215 0.4008402 0.4442320 0.4359643 0.3384827 1.0120701 0.3287694 0.4358138 0.1332023 0.1377060 0.1284480 0.0000000 0.4142015 
S0009_G4992_R2_U 0.9448710 1.1343984 0.9857708 1.1443760 1.1223176 0.8605415 1.1712252 0.6407475 0.6572815 0.3215275 0.3196040 0.4525515 0.4142015 0.0000000 
