11
S0027_G5339_R1_A 0.0000000 0.1271747 0.3129205 0.3177295 0.2661912 0.2868005 0.2143065 0.2702128 0.2728312 0.2225715 0.8870700 
S0014_G5339_R1_A 0.1271747 0.0000000 0.3162951 0.3219608 0.2626260 0.2956118 0.2255775 0.2772869 0.2771519 0.2401796 0.9167778 
S0051_G5339_R1_A 0.3129205 0.3162951 0.0000000 0.0163244 0.3613473 0.4970158 0.4012724 0.4198863 0.3664647 0.3357339 1.0057501 
S0039_G5339_R1_A 0.3177295 0.3219608 0.0163244 0.0000000 0.3633571 0.4979752 0.4124789 0.4331559 0.3733399 0.3430706 1.0227475 
S0009_G5339_R1_U 0.2661912 0.2626260 0.3613473 0.3633571 0.0000000 0.4184482 0.3350976 0.3746249 0.2157281 0.2026808 0.8677243 
S0015_G5339_R1_A 0.2868005 0.2956118 0.4970158 0.4979752 0.4184482 0.0000000 0.1924931 0.2374184 0.4355926 0.6430138 1.0188749 
S0008_G5339_R1_A 0.2143065 0.2255775 0.4012724 0.4124789 0.3350976 0.1924931 0.0000000 0.2859470 0.3651728 0.4910045 0.9160101 
S0034_G5339_R1_A 0.2702128 0.2772869 0.4198863 0.4331559 0.3746249 0.2374184 0.2859470 0.0000000 0.3989444 0.3996320 0.9497929 
S0010_G5339_R1_V 0.2728312 0.2771519 0.3664647 0.3733399 0.2157281 0.4355926 0.3651728 0.3989444 0.0000000 0.0000010 0.9262026 
S0010_G5339_R2_V 0.2225715 0.2401796 0.3357339 0.3430706 0.2026808 0.6430138 0.4910045 0.3996320 0.0000010 0.0000000 0.8107229 
S0003_G5339_R1_N 0.8870700 0.9167778 1.0057501 1.0227475 0.8677243 1.0188749 0.9160101 0.9497929 0.9262026 0.8107229 0.0000000 
