15
S0034_G5366_R1_A 0.0000000 0.1543857 0.2493701 0.3433294 0.3822286 0.6320953 0.6720411 0.7584944 0.4350863 0.4270015 0.4325263 0.7419550 0.8594473 0.8594473 0.8630527 
S0015_G5366_R1_U 0.1543857 0.0000000 0.2041795 0.3349201 0.3790718 0.5841246 0.6644560 0.7966467 0.4021219 0.4071848 0.3984519 0.7014082 0.7986120 0.7986120 0.8019450 
S0027_G5366_R1_A 0.2493701 0.2041795 0.0000000 0.3520891 0.4075456 0.6716967 0.6905635 0.8703208 0.4306045 0.4448054 0.4329936 0.7799945 0.8651162 0.8651162 0.8689053 
S0008_G5366_R1_A 0.3433294 0.3349201 0.3520891 0.0000000 0.1435828 0.6574207 0.6658307 0.7849280 0.3219124 0.3123374 0.2735379 0.6826232 0.6948923 0.6918962 0.6918962 
S0014_G5366_R1_A 0.3822286 0.3790718 0.4075456 0.1435828 0.0000000 0.7245477 0.7196922 0.7781553 0.3346871 0.3178685 0.2444998 0.7036473 0.7102965 0.7102965 0.7102965 
S0034_G5366_R2_A 0.6320953 0.5841246 0.6716967 0.6574207 0.7245477 0.0000000 0.1578321 0.3666188 0.7115345 0.7343405 0.7182652 0.3950988 0.6560542 0.6560542 0.6560542 
S0015_G5366_R3_U 0.6720411 0.6644560 0.6905635 0.6658307 0.7196922 0.1578321 0.0000000 0.3574123 0.7416965 0.7665614 0.7013583 0.4359987 0.7382685 0.7382685 0.7382685 
S0015_G5366_R2_A 0.7584944 0.7966467 0.8703208 0.7849280 0.7781553 0.3666188 0.3574123 0.0000000 0.7616086 0.7519175 0.7644608 0.7011005 0.8504677 0.8504677 0.8504677 
S0039_G5366_R1_A 0.4350863 0.4021219 0.4306045 0.3219124 0.3346871 0.7115345 0.7416965 0.7616086 0.0000000 0.0300492 0.2663432 0.7706226 0.7655041 0.7592490 0.7626452 
S0051_G5366_R1_A 0.4270015 0.4071848 0.4448054 0.3123374 0.3178685 0.7343405 0.7665614 0.7519175 0.0300492 0.0000000 0.2581144 0.7901954 0.7903816 0.7839314 0.7874411 
S0027_G5366_R2_A 0.4325263 0.3984519 0.4329936 0.2735379 0.2444998 0.7182652 0.7013583 0.7644608 0.2663432 0.2581144 0.0000000 0.6836327 0.6866148 0.6808624 0.6839637 
S0034_G5366_R3_A 0.7419550 0.7014082 0.7799945 0.6826232 0.7036473 0.3950988 0.4359987 0.7011005 0.7706226 0.7901954 0.6836327 0.0000000 0.8319343 0.8319343 0.8319343 
S0003_G5366_R1_N 0.8594473 0.7986120 0.8651162 0.6948923 0.7102965 0.6560542 0.7382685 0.8504677 0.7655041 0.7903816 0.6866148 0.8319343 0.0000000 0.0033023 0.0022004 
S0003_G5366_R2_N 0.8594473 0.7986120 0.8651162 0.6918962 0.7102965 0.6560542 0.7382685 0.8504677 0.7592490 0.7839314 0.6808624 0.8319343 0.0033023 0.0000000 0.0010995 
S0003_G5366_R3_N 0.8630527 0.8019450 0.8689053 0.6918962 0.7102965 0.6560542 0.7382685 0.8504677 0.7626452 0.7874411 0.6839637 0.8319343 0.0022004 0.0010995 0.0000000 
