10
S0008_G5464_R1_A 0.0000000 0.3138657 0.2314293 0.4499100 0.4333777 0.3549354 0.2934269 0.6738981 0.6852534 0.7542111 
S0014_G5464_R1_A 0.3138657 0.0000000 0.4065583 0.5172618 0.5018162 0.4584726 0.3881906 0.8260726 0.8078179 0.7934973 
S0015_G5464_R1_A 0.2314293 0.4065583 0.0000000 0.5328976 0.5284163 0.4286408 0.2559123 0.7911939 0.7891012 0.8221449 
S0010_G5464_R1_V 0.4499100 0.5172618 0.5328976 0.0000000 0.0219292 0.3071943 0.3491065 0.6049406 0.6395552 0.7057816 
S0009_G5464_R1_U 0.4333777 0.5018162 0.5284163 0.0219292 0.0000000 0.3051980 0.3442564 0.6085411 0.6418547 0.6756519 
S0027_G5464_R1_A 0.3549354 0.4584726 0.4286408 0.3071943 0.3051980 0.0000000 0.2200029 0.5775127 0.5872462 0.6470191 
S0034_G5464_R1_A 0.2934269 0.3881906 0.2559123 0.3491065 0.3442564 0.2200029 0.0000000 0.6140931 0.6300410 0.5465212 
S0039_G5464_R1_A 0.6738981 0.8260726 0.7911939 0.6049406 0.6085411 0.5775127 0.6140931 0.0000000 0.0271530 0.6784966 
S0051_G5464_R1_A 0.6852534 0.8078179 0.7891012 0.6395552 0.6418547 0.5872462 0.6300410 0.0271530 0.0000000 0.6716438 
S0003_G5464_R1_N 0.7542111 0.7934973 0.8221449 0.7057816 0.6756519 0.6470191 0.5465212 0.6784966 0.6716438 0.0000000 
