18
S0034_G5596_R1_A 0.0000000 0.3396249 0.7183738 0.7254416 0.5006259 0.7565134 0.7911832 0.7702674 0.7370078 0.7370078 0.7813417 0.5391704 0.5473246 0.5953426 0.5960241 0.6021189 0.4528148 0.3276481 
S0014_G5596_R1_A 0.3396249 0.0000000 0.8195439 0.8268793 0.4594466 0.7938909 0.8586858 0.8170667 0.8623255 0.8623255 0.8943477 0.6159592 0.6636112 0.6240589 0.6247738 0.6308316 0.5275484 0.3791023 
S0039_G5596_R1_A 0.7183738 0.8195439 0.0000000 0.0030827 0.8062858 0.5024294 0.5915048 0.6103734 0.5700205 0.5700205 0.5951860 0.9056509 1.0017669 0.8081410 0.8252616 0.8165603 0.7999909 0.7782489 
S0051_G5596_R1_A 0.7254416 0.8268793 0.0030827 0.0000000 0.8136262 0.5079893 0.5848329 0.6109831 0.5635689 0.5635689 0.5885741 0.8964536 0.9916260 0.8156034 0.8328209 0.8240701 0.8073780 0.7853523 
S0010_G5596_R2_A 0.5006259 0.4594466 0.8062858 0.8136262 0.0000000 0.7180431 0.7668817 0.7730972 0.7986417 0.7986417 0.8455250 0.6512337 0.6793147 0.4434501 0.4546185 0.4489658 0.2737944 0.4509052 
S0027_G5596_R1_A 0.7565134 0.7938909 0.5024294 0.5079893 0.7180431 0.0000000 0.3058651 0.1923169 0.2368572 0.2368572 0.2550910 0.9364755 1.0604044 0.7486551 0.7494334 0.7417536 0.7592958 0.8229545 
S0008_G5596_R1_A 0.7911832 0.8586858 0.5915048 0.5848329 0.7668817 0.3058651 0.0000000 0.3510947 0.4294456 0.4294456 0.4732272 0.8886175 1.0263099 0.8103274 0.7955638 0.8029430 0.7665004 0.8437287 
S0015_G5596_R1_A 0.7702674 0.8170667 0.6103734 0.6109831 0.7730972 0.1923169 0.3510947 0.0000000 0.3372351 0.3372351 0.3536550 0.9064280 1.1053474 0.8143883 0.8152988 0.8227530 0.8013059 0.8279489 
S0009_G5596_R1_A 0.7370078 0.8623255 0.5700205 0.5635689 0.7986417 0.2368572 0.4294456 0.3372351 0.0000000 0.0000010 0.0499858 0.9538133 1.0809841 0.8527044 0.8537014 0.8450198 0.8354328 0.8272627 
S0010_G5596_R1_A 0.7370078 0.8623255 0.5700205 0.5635689 0.7986417 0.2368572 0.4294456 0.3372351 0.0000010 0.0000000 0.0499858 0.9538133 1.0809841 0.8527044 0.8537014 0.8450198 0.8354328 0.8272627 
S0009_G5596_R2_U 0.7813417 0.8943477 0.5951860 0.5885741 0.8455250 0.2550910 0.4732272 0.3536550 0.0499858 0.0499858 0.0000000 0.9852824 1.1189454 0.8713918 0.8724280 0.8635909 0.8393431 0.8844275 
S0003_G5596_R1_N 0.5391704 0.6159592 0.9056509 0.8964536 0.6512337 0.9364755 0.8886175 0.9064280 0.9538133 0.9538133 0.9852824 0.0000000 0.3254338 0.6314494 0.6321760 0.6382507 0.6470432 0.5390256 
S0003_G5596_R2_N 0.5473246 0.6636112 1.0017669 0.9916260 0.6793147 1.0604044 1.0263099 1.1053474 1.0809841 1.0809841 1.1189454 0.3254338 0.0000000 0.7349155 0.7358796 0.7426541 0.7167965 0.5810381 
S0009_G5596_R3_A 0.5953426 0.6240589 0.8081410 0.8156034 0.4434501 0.7486551 0.8103274 0.8143883 0.8527044 0.8527044 0.8713918 0.6314494 0.7349155 0.0000000 0.0060601 0.0030240 0.3014411 0.5366384 
S0010_G5596_R4_V 0.5960241 0.6247738 0.8252616 0.8328209 0.4546185 0.7494334 0.7955638 0.8152988 0.8537014 0.8537014 0.8724280 0.6321760 0.7358796 0.0060601 0.0000000 0.0091071 0.3107060 0.5423478 
S0010_G5596_R3_A 0.6021189 0.6308316 0.8165603 0.8240701 0.4489658 0.7417536 0.8029430 0.8227530 0.8450198 0.8450198 0.8635909 0.6382507 0.7426541 0.0030240 0.0091071 0.0000000 0.3060295 0.5427312 
S0009_G5596_R4_A 0.4528148 0.5275484 0.7999909 0.8073780 0.2737944 0.7592958 0.7665004 0.8013059 0.8354328 0.8354328 0.8393431 0.6470432 0.7167965 0.3014411 0.3107060 0.3060295 0.0000000 0.3896178 
S0015_G5596_R2_A 0.3276481 0.3791023 0.7782489 0.7853523 0.4509052 0.8229545 0.8437287 0.8279489 0.8272627 0.8272627 0.8844275 0.5390256 0.5810381 0.5366384 0.5423478 0.5427312 0.3896178 0.0000000 
