10
S0003_G5634_R1_N 0.0000000 1.2551343 1.2438238 1.1599742 1.2170137 1.2163849 1.2082962 1.0840270 1.1929131 1.2706103 
S0051_G5634_R1_A 1.2551343 0.0000000 0.0056966 0.2483299 0.2384954 0.2559489 0.2530918 0.2654024 0.3028378 0.3241662 
S0039_G5634_R1_A 1.2438238 0.0056966 0.0000000 0.2446177 0.2379316 0.2553473 0.2524838 0.2649760 0.3021022 0.3236241 
S0027_G5634_R1_U 1.1599742 0.2483299 0.2446177 0.0000000 0.1241377 0.2006657 0.1986475 0.1629105 0.2424209 0.2752602 
S0014_G5634_R1_U 1.2170137 0.2384954 0.2379316 0.1241377 0.0000000 0.1843653 0.1821564 0.1493180 0.2363585 0.2552296 
S0009_G5634_R1_A 1.2163849 0.2559489 0.2553473 0.2006657 0.1843653 0.0000000 0.0053905 0.2025196 0.2674467 0.2831896 
S0010_G5634_R1_A 1.2082962 0.2530918 0.2524838 0.1986475 0.1821564 0.0053905 0.0000000 0.2014480 0.2677618 0.2841313 
S0008_G5634_R1_A 1.0840270 0.2654024 0.2649760 0.1629105 0.1493180 0.2025196 0.2014480 0.0000000 0.1970142 0.2096576 
S0015_G5634_R1_A 1.1929131 0.3028378 0.3021022 0.2424209 0.2363585 0.2674467 0.2677618 0.1970142 0.0000000 0.1463494 
S0034_G5634_R1_A 1.2706103 0.3241662 0.3236241 0.2752602 0.2552296 0.2831896 0.2841313 0.2096576 0.1463494 0.0000000 
