14
S0027_G5702_R1_A 0.0000000 0.1310317 0.1207143 0.1817722 0.1889179 0.2005268 0.2845269 0.2941417 0.2845269 0.3107978 0.1584081 0.1642503 0.7181859 0.3576510 
S0008_G5702_R1_A 0.1310317 0.0000000 0.1037535 0.1278371 0.1303136 0.1428262 0.3320933 0.3380339 0.3320933 0.3560590 0.1580544 0.1622150 0.8108094 0.4075404 
S0014_G5702_R1_A 0.1207143 0.1037535 0.0000000 0.1634877 0.1686697 0.1890264 0.3385476 0.3487044 0.3385476 0.3675826 0.1721856 0.1614248 0.8050113 0.4452835 
S0015_G5702_R1_A 0.1817722 0.1278371 0.1634877 0.0000000 0.0000010 0.1264331 0.3475192 0.3634535 0.3475192 0.3877984 0.2063425 0.1913403 0.8286234 0.4596705 
S0015_G5702_R2_A 0.1889179 0.1303136 0.1686697 0.0000010 0.0000000 0.1314861 0.3663215 0.3828961 0.3663215 0.3877984 0.2160885 0.1913403 0.8597866 0.5024344 
S0034_G5702_R1_A 0.2005268 0.1428262 0.1890264 0.1264331 0.1314861 0.0000000 0.3915169 0.4063507 0.3915169 0.4334713 0.2337591 0.2242807 0.8470773 0.4845409 
S0039_G5702_R2_A 0.2845269 0.3320933 0.3385476 0.3475192 0.3663215 0.3915169 0.0000000 0.0247754 0.0000010 0.0261764 0.3001730 0.3612982 0.8622401 0.4941670 
S0051_G5702_R1_A 0.2941417 0.3380339 0.3487044 0.3634535 0.3828961 0.4063507 0.0247754 0.0000000 0.0247754 0.0000010 0.3155413 0.3687624 0.8685441 0.5267777 
S0039_G5702_R1_A 0.2845269 0.3320933 0.3385476 0.3475192 0.3663215 0.3915169 0.0000010 0.0247754 0.0000000 0.0261764 0.3001730 0.3612982 0.8622401 0.4941670 
S0051_G5702_R2_A 0.3107978 0.3560590 0.3675826 0.3877984 0.3877984 0.4334713 0.0261764 0.0000010 0.0261764 0.0000000 0.3367171 0.3687624 0.9198850 0.5904797 
S0009_G5702_R1_A 0.1584081 0.1580544 0.1721856 0.2063425 0.2160885 0.2337591 0.3001730 0.3155413 0.3001730 0.3367171 0.0000000 0.0023626 0.7988040 0.3228347 
S0010_G5702_R3_A 0.1642503 0.1622150 0.1614248 0.1913403 0.1913403 0.2242807 0.3612982 0.3687624 0.3612982 0.3687624 0.0023626 0.0000000 0.6720675 0.3836272 
S0003_G5702_R1_N 0.7181859 0.8108094 0.8050113 0.8286234 0.8597866 0.8470773 0.8622401 0.8685441 0.8622401 0.9198850 0.7988040 0.6720675 0.0000000 0.9254869 
S0010_G5702_R1_V 0.3576510 0.4075404 0.4452835 0.4596705 0.5024344 0.4845409 0.4941670 0.5267777 0.4941670 0.5904797 0.3228347 0.3836272 0.9254869 0.0000000 
