11
S0003_G5721_R1_N 0.0000000 1.3399296 1.4196068 1.3857027 1.2909823 1.2770452 1.2244550 1.4630034 1.3012854 1.2980359 1.2458544 
S0010_G5721_R1_A 1.3399296 0.0000000 0.0820824 0.0724357 0.2775919 0.3110207 0.3097528 0.4497227 0.3100446 0.5769648 0.6021095 
S0010_G5721_R2_V 1.4196068 0.0820824 0.0000000 0.0796780 0.2739004 0.3065808 0.3041767 0.4331708 0.3013891 0.7138098 0.7461231 
S0009_G5721_R1_A 1.3857027 0.0724357 0.0796780 0.0000000 0.2697144 0.3211673 0.3030028 0.4486467 0.3042582 0.7412097 0.7815700 
S0014_G5721_R1_A 1.2909823 0.2775919 0.2739004 0.2697144 0.0000000 0.2987403 0.2378946 0.3399835 0.2317061 0.8169234 0.8283626 
S0034_G5721_R1_A 1.2770452 0.3110207 0.3065808 0.3211673 0.2987403 0.0000000 0.2141029 0.3973914 0.2744831 0.8687223 0.9023411 
S0015_G5721_R1_A 1.2244550 0.3097528 0.3041767 0.3030028 0.2378946 0.2141029 0.0000000 0.3467901 0.2248160 0.8346557 0.8599625 
S0027_G5721_R1_A 1.4630034 0.4497227 0.4331708 0.4486467 0.3399835 0.3973914 0.3467901 0.0000000 0.3645372 0.7368927 0.7350373 
S0008_G5721_R1_A 1.3012854 0.3100446 0.3013891 0.3042582 0.2317061 0.2744831 0.2248160 0.3645372 0.0000000 0.8341331 0.8421455 
S0051_G5721_R1_A 1.2980359 0.5769648 0.7138098 0.7412097 0.8169234 0.8687223 0.8346557 0.7368927 0.8341331 0.0000000 0.0325548 
S0039_G5721_R1_A 1.2458544 0.6021095 0.7461231 0.7815700 0.8283626 0.9023411 0.8599625 0.7350373 0.8421455 0.0325548 0.0000000 
