12
S0039_G5849_R1_A 0.0000000 0.0148650 0.2234709 0.5130037 0.5666694 0.6151682 0.6452599 0.6039856 0.5463445 0.5976843 0.9514055 1.1608643 
S0051_G5849_R1_A 0.0148650 0.0000000 0.2259882 0.5250786 0.5744855 0.6219880 0.6501896 0.6217802 0.5581860 0.6110248 0.9582074 1.1287015 
S0051_G5849_R2_A 0.2234709 0.2259882 0.0000000 0.5193001 0.5620516 0.5874443 0.6474791 0.6799185 0.6063296 0.6550327 0.9075177 1.1573946 
S0010_G5849_R1_V 0.5130037 0.5250786 0.5193001 0.0000000 0.1306439 0.3432659 0.3589007 0.3717035 0.2740538 0.3637535 0.6410468 1.0584292 
S0009_G5849_R1_U 0.5666694 0.5744855 0.5620516 0.1306439 0.0000000 0.3314344 0.3533621 0.4125203 0.2731358 0.3749150 0.6655857 1.0780155 
S0027_G5849_R1_A 0.6151682 0.6219880 0.5874443 0.3432659 0.3314344 0.0000000 0.2025982 0.3401636 0.2444502 0.3257449 0.6278917 1.0021918 
S0014_G5849_R1_A 0.6452599 0.6501896 0.6474791 0.3589007 0.3533621 0.2025982 0.0000000 0.3552843 0.2561902 0.3347803 0.6089948 1.0449672 
S0034_G5849_R1_A 0.6039856 0.6217802 0.6799185 0.3717035 0.4125203 0.3401636 0.3552843 0.0000000 0.2188258 0.1630877 0.6781329 1.1628310 
S0008_G5849_R1_A 0.5463445 0.5581860 0.6063296 0.2740538 0.2731358 0.2444502 0.2561902 0.2188258 0.0000000 0.1777594 0.5667880 1.0960215 
S0015_G5849_R1_A 0.5976843 0.6110248 0.6550327 0.3637535 0.3749150 0.3257449 0.3347803 0.1630877 0.1777594 0.0000000 0.6472219 1.1349389 
S0014_G5849_R2_A 0.9514055 0.9582074 0.9075177 0.6410468 0.6655857 0.6278917 0.6089948 0.6781329 0.5667880 0.6472219 0.0000000 0.7538496 
S0003_G5849_R1_N 1.1608643 1.1287015 1.1573946 1.0584292 1.0780155 1.0021918 1.0449672 1.1628310 1.0960215 1.1349389 0.7538496 0.0000000 
