12
S0051_G5866_R1_A 0.0000000 0.0000010 0.0135474 0.4403452 0.4280335 0.4855170 0.4480031 0.4872394 0.4238991 0.4392618 0.0975139 0.7282051 
S0051_G5866_R3_A 0.0000010 0.0000000 0.0135929 0.4553696 0.4270283 0.4760694 0.4522151 0.4952435 0.4277869 0.4427678 0.1216680 0.7803632 
S0039_G5866_R1_A 0.0135474 0.0135929 0.0000000 0.4573345 0.4229901 0.4812892 0.4484248 0.4996515 0.4301143 0.4484291 0.1312979 0.8083755 
S0014_G5866_R1_A 0.4403452 0.4553696 0.4573345 0.0000000 0.1264105 0.1869923 0.1205732 0.1896664 0.1526897 0.1625380 0.4296260 0.9240001 
S0027_G5866_R1_A 0.4280335 0.4270283 0.4229901 0.1264105 0.0000000 0.1935235 0.1452642 0.1941165 0.1631628 0.1770322 0.3919558 0.8841482 
S0034_G5866_R1_A 0.4855170 0.4760694 0.4812892 0.1869923 0.1935235 0.0000000 0.1419601 0.1272172 0.2112427 0.2306401 0.4443917 0.9048605 
S0008_G5866_R1_A 0.4480031 0.4522151 0.4484248 0.1205732 0.1452642 0.1419601 0.0000000 0.1400564 0.1449616 0.1614592 0.4365335 0.9447786 
S0015_G5866_R1_A 0.4872394 0.4952435 0.4996515 0.1896664 0.1941165 0.1272172 0.1400564 0.0000000 0.2105084 0.2259199 0.4601107 0.9923563 
S0009_G5866_R1_A 0.4238991 0.4277869 0.4301143 0.1526897 0.1631628 0.2112427 0.1449616 0.2105084 0.0000000 0.0229023 0.4204531 0.8594472 
S0010_G5866_R1_A 0.4392618 0.4427678 0.4484291 0.1625380 0.1770322 0.2306401 0.1614592 0.2259199 0.0229023 0.0000000 0.4132883 0.8787765 
S0051_G5866_R2_V 0.0975139 0.1216680 0.1312979 0.4296260 0.3919558 0.4443917 0.4365335 0.4601107 0.4204531 0.4132883 0.0000000 0.6278066 
S0003_G5866_R1_N 0.7282051 0.7803632 0.8083755 0.9240001 0.8841482 0.9048605 0.9447786 0.9923563 0.8594472 0.8787765 0.6278066 0.0000000 
