12
S0008_G5899_R1_A 0.0000000 0.3827865 0.3438289 0.3438289 0.3910631 0.2917412 0.3077302 0.3190681 1.0048071 0.8412486 1.0286055 0.9635386 
S0014_G5899_R1_A 0.3827865 0.0000000 0.5210848 0.5210848 0.6040964 0.5131772 0.5219266 0.5910535 1.0041441 0.9051056 1.1366593 1.0624169 
S0009_G5899_R1_A 0.3438289 0.5210848 0.0000000 0.0000010 0.1061168 0.2975221 0.3275085 0.3022184 0.9580547 0.6515356 0.8137147 0.7371653 
S0010_G5899_R1_A 0.3438289 0.5210848 0.0000010 0.0000000 0.1061168 0.2975221 0.3275085 0.3022184 0.9580547 0.6515356 0.8137147 0.7371653 
S0051_G5899_R1_A 0.3910631 0.6040964 0.1061168 0.1061168 0.0000000 0.3633993 0.3967255 0.3540070 1.0278221 0.6726692 0.8397322 0.7464499 
S0015_G5899_R1_A 0.2917412 0.5131772 0.2975221 0.2975221 0.3633993 0.0000000 0.1825264 0.3597790 0.9167101 0.7406308 0.8910085 0.8291429 
S0034_G5899_R1_A 0.3077302 0.5219266 0.3275085 0.3275085 0.3967255 0.1825264 0.0000000 0.3577976 0.9889533 0.7623079 0.9836648 0.8804947 
S0027_G5899_R1_U 0.3190681 0.5910535 0.3022184 0.3022184 0.3540070 0.3597790 0.3577976 0.0000000 0.9844818 0.8354513 0.9724087 0.9314634 
S0003_G5899_R1_N 1.0048071 1.0041441 0.9580547 0.9580547 1.0278221 0.9167101 0.9889533 0.9844818 0.0000000 1.2336028 1.1986034 1.2275603 
S0039_G5899_R1_A 0.8412486 0.9051056 0.6515356 0.6515356 0.6726692 0.7406308 0.7623079 0.8354513 1.2336028 0.0000000 0.2728949 0.1513606 
S0039_G5899_R2_A 1.0286055 1.1366593 0.8137147 0.8137147 0.8397322 0.8910085 0.9836648 0.9724087 1.1986034 0.2728949 0.0000000 0.1385118 
S0039_G5899_R3_A 0.9635386 1.0624169 0.7371653 0.7371653 0.7464499 0.8291429 0.8804947 0.9314634 1.2275603 0.1513606 0.1385118 0.0000000 
