16
S0039_G5892_R1_A 0.0000000 0.0109974 0.2329930 0.2503964 0.2976584 0.2416693 0.2862678 0.2836632 0.2355984 0.2696709 0.6608019 0.3638122 0.3616280 0.3673447 0.3379360 0.7833200 
S0051_G5892_R1_A 0.0109974 0.0000000 0.2299069 0.2442169 0.2898684 0.2396865 0.2786670 0.2760219 0.2305432 0.2724725 0.6630328 0.3640661 0.3618804 0.3676021 0.3352104 0.7745553 
S0010_G5892_R1_A 0.2329930 0.2299069 0.0000000 0.1866157 0.2469024 0.0671345 0.2228740 0.2176494 0.1738683 0.1390418 0.4875828 0.2135570 0.2145793 0.2205743 0.1872149 0.7635627 
S0014_G5892_R1_A 0.2503964 0.2442169 0.1866157 0.0000000 0.1814348 0.1817778 0.1610010 0.1613322 0.1211501 0.2411358 0.5910991 0.3031869 0.3022973 0.3102728 0.2786325 0.7993158 
S0034_G5892_R1_A 0.2976584 0.2898684 0.2469024 0.1814348 0.0000000 0.2412428 0.1323362 0.2073881 0.1661515 0.3443732 0.7090148 0.3877997 0.3867661 0.3963682 0.3657487 0.8934339 
S0009_G5892_R1_A 0.2416693 0.2396865 0.0671345 0.1817778 0.2412428 0.0000000 0.2196671 0.2217472 0.1803765 0.0976175 0.4255349 0.1559146 0.1559436 0.1584611 0.1368718 0.7868128 
S0015_G5892_R1_A 0.2862678 0.2786670 0.2228740 0.1610010 0.1323362 0.2196671 0.0000000 0.1887306 0.1404340 0.3080061 0.6419904 0.3485117 0.3477215 0.3542053 0.3380642 0.9017417 
S0027_G5892_R1_A 0.2836632 0.2760219 0.2176494 0.1613322 0.2073881 0.2217472 0.1887306 0.0000000 0.1548715 0.2980566 0.6567198 0.3345519 0.3318653 0.3391752 0.3325021 0.8701219 
S0008_G5892_R1_A 0.2355984 0.2305432 0.1738683 0.1211501 0.1661515 0.1803765 0.1404340 0.1548715 0.0000000 0.2457954 0.5759865 0.2924158 0.2936363 0.3015469 0.2740649 0.8465825 
S0009_G5892_R2_A 0.2696709 0.2724725 0.1390418 0.2411358 0.3443732 0.0976175 0.3080061 0.2980566 0.2457954 0.0000000 0.0298217 0.0349522 0.0329351 0.0339712 0.1641007 0.7037089 
S0010_G5892_R3_A 0.6608019 0.6630328 0.4875828 0.5910991 0.7090148 0.4255349 0.6419904 0.6567198 0.5759865 0.0298217 0.0000000 0.3392921 0.3377325 0.3381254 0.4724401 1.0249240 
S0009_G5892_R4_U 0.3638122 0.3640661 0.2135570 0.3031869 0.3877997 0.1559146 0.3485117 0.3345519 0.2924158 0.0349522 0.3392921 0.0000000 0.0103991 0.0115717 0.1753370 0.7837649 
S0009_G5892_R5_A 0.3616280 0.3618804 0.2145793 0.3022973 0.3867661 0.1559436 0.3477215 0.3318653 0.2936363 0.0329351 0.3377325 0.0103991 0.0000000 0.0069154 0.1738028 0.7754179 
S0010_G5892_R2_A 0.3673447 0.3676021 0.2205743 0.3102728 0.3963682 0.1584611 0.3542053 0.3391752 0.3015469 0.0339712 0.3381254 0.0115717 0.0069154 0.0000000 0.1779880 0.7836658 
S0009_G5892_R3_A 0.3379360 0.3352104 0.1872149 0.2786325 0.3657487 0.1368718 0.3380642 0.3325021 0.2740649 0.1641007 0.4724401 0.1753370 0.1738028 0.1779880 0.0000000 0.7362644 
S0003_G5892_R1_N 0.7833200 0.7745553 0.7635627 0.7993158 0.8934339 0.7868128 0.9017417 0.8701219 0.8465825 0.7037089 1.0249240 0.7837649 0.7754179 0.7836658 0.7362644 0.0000000 
