16
S0015_G5949_R1_A 0.0000000 0.1232268 0.1308095 0.2805616 0.2816539 0.2805616 0.2816539 0.1956926 0.1972563 0.2053815 0.2017108 0.2789236 0.5302053 0.5380131 0.8151164 0.8612021 
S0008_G5949_R1_A 0.1232268 0.0000000 0.1592342 0.2576603 0.2585652 0.2576603 0.2585652 0.1604846 0.1617312 0.1704170 0.1720025 0.2423272 0.5009525 0.5165420 0.8088316 0.8513775 
S0034_G5949_R1_A 0.1308095 0.1592342 0.0000000 0.3086469 0.3097447 0.3086469 0.3097447 0.2185754 0.2203365 0.2296469 0.2285408 0.2967499 0.5660487 0.5706693 0.8805006 0.9195465 
S0009_G5949_R1_A 0.2805616 0.2576603 0.3086469 0.0000000 0.0043165 0.0000010 0.0043165 0.2866417 0.2872064 0.2961847 0.2906043 0.4021157 0.3898326 0.4013547 0.8608089 0.9114584 
S0010_G5949_R1_A 0.2816539 0.2585652 0.3097447 0.0043165 0.0000000 0.0043165 0.0000010 0.2877321 0.2883033 0.2965945 0.2910263 0.4032910 0.3941513 0.4005295 0.8594875 0.9099886 
S0009_G5949_R2_A 0.2805616 0.2576603 0.3086469 0.0000010 0.0043165 0.0000000 0.0043165 0.2866417 0.2872064 0.2961847 0.2906043 0.4021157 0.3898326 0.4013547 0.8608089 0.9114584 
S0010_G5949_R2_A 0.2816539 0.2585652 0.3097447 0.0043165 0.0000010 0.0043165 0.0000000 0.2877321 0.2883033 0.2965945 0.2910263 0.4032910 0.3941513 0.4005295 0.8594875 0.9099886 
S0014_G5949_R1_U 0.1956926 0.1604846 0.2185754 0.2866417 0.2877321 0.2866417 0.2877321 0.0000000 0.0000010 0.1775872 0.1756332 0.1475840 0.5016366 0.5201838 0.8394955 0.9041692 
S0014_G5949_R3_U 0.1972563 0.1617312 0.2203365 0.2872064 0.2883033 0.2872064 0.2883033 0.0000010 0.0000000 0.1777351 0.1757678 0.1487130 0.5079858 0.5268696 0.8394955 0.9072084 
S0027_G5949_R2_U 0.2053815 0.1704170 0.2296469 0.2961847 0.2965945 0.2961847 0.2965945 0.1775872 0.1777351 0.0000000 0.0328642 0.2728614 0.5185217 0.5281263 0.8803003 0.9311402 
S0027_G5949_R1_A 0.2017108 0.1720025 0.2285408 0.2906043 0.2910263 0.2906043 0.2910263 0.1756332 0.1757678 0.0328642 0.0000000 0.2787114 0.5208947 0.5305266 0.8402092 0.9034398 
S0014_G5949_R2_A 0.2789236 0.2423272 0.2967499 0.4021157 0.4032910 0.4021157 0.4032910 0.1475840 0.1487130 0.2728614 0.2787114 0.0000000 0.5899266 0.5998104 1.0571070 1.1155089 
S0051_G5949_R1_A 0.5302053 0.5009525 0.5660487 0.3898326 0.3941513 0.3898326 0.3941513 0.5016366 0.5079858 0.5185217 0.5208947 0.5899266 0.0000000 0.0169981 1.0006365 1.0392691 
S0039_G5949_R1_A 0.5380131 0.5165420 0.5706693 0.4013547 0.4005295 0.4013547 0.4005295 0.5201838 0.5268696 0.5281263 0.5305266 0.5998104 0.0169981 0.0000000 0.9850431 1.0204439 
S0003_G5949_R2_N 0.8151164 0.8088316 0.8805006 0.8608089 0.8594875 0.8608089 0.8594875 0.8394955 0.8394955 0.8803003 0.8402092 1.0571070 1.0006365 0.9850431 0.0000000 0.0000010 
S0003_G5949_R1_N 0.8612021 0.8513775 0.9195465 0.9114584 0.9099886 0.9114584 0.9099886 0.9041692 0.9072084 0.9311402 0.9034398 1.1155089 1.0392691 1.0204439 0.0000010 0.0000000 
