11
S0039_G6016_R1_U 0.0000000 0.2347959 0.9965720 1.0134870 1.0107175 1.0083666 1.0488487 1.0701891 1.0192126 0.9082869 1.1422620 
S0051_G6016_R1_V 0.2347959 0.0000000 0.7954810 0.7854373 0.8044763 0.7988264 0.8121984 0.8618484 0.8253636 0.7619971 1.2886822 
S0010_G6016_R1_A 0.9965720 0.7954810 0.0000000 0.0166258 0.0210753 0.2011710 0.2168266 0.2168231 0.1878710 0.2281951 1.0770137 
S0009_G6016_R1_U 1.0134870 0.7854373 0.0166258 0.0000000 0.0231508 0.1931423 0.2081248 0.2089072 0.1821516 0.2199048 1.0842432 
S0009_G6016_R2_A 1.0107175 0.8044763 0.0210753 0.0231508 0.0000000 0.2055497 0.2237344 0.2213125 0.1966641 0.2322542 1.0784188 
S0014_G6016_R1_A 1.0083666 0.7988264 0.2011710 0.1931423 0.2055497 0.0000000 0.1548013 0.1679331 0.1304652 0.1242607 1.1095330 
S0015_G6016_R1_A 1.0488487 0.8121984 0.2168266 0.2081248 0.2237344 0.1548013 0.0000000 0.0969525 0.1189825 0.1833302 1.1488252 
S0034_G6016_R1_A 1.0701891 0.8618484 0.2168231 0.2089072 0.2213125 0.1679331 0.0969525 0.0000000 0.1298117 0.2014804 1.1246826 
S0008_G6016_R1_A 1.0192126 0.8253636 0.1878710 0.1821516 0.1966641 0.1304652 0.1189825 0.1298117 0.0000000 0.1555748 1.0878357 
S0027_G6016_R1_A 0.9082869 0.7619971 0.2281951 0.2199048 0.2322542 0.1242607 0.1833302 0.2014804 0.1555748 0.0000000 1.0804302 
S0003_G6016_R1_N 1.1422620 1.2886822 1.0770137 1.0842432 1.0784188 1.1095330 1.1488252 1.1246826 1.0878357 1.0804302 0.0000000 
