16
S0008_G6164_R1_A 0.0000000 0.3322633 0.3570864 0.3562484 0.4962335 0.4794362 0.2780382 0.0000010 0.4400952 0.3754908 0.3842283 0.4485607 1.1306836 1.1619931 1.1564563 0.8339995 
S0015_G6164_R2_A 0.3322633 0.0000000 0.0000010 0.2054123 0.3576743 0.3460028 0.3437955 0.3071269 0.3851380 0.3796446 0.3808809 0.3914638 0.8701442 0.8875743 1.2108023 1.0003017 
S0015_G6164_R1_A 0.3570864 0.0000010 0.0000000 0.2392109 0.4471814 0.4419420 0.3685432 0.3297210 0.4620363 0.4084716 0.4190486 0.4678150 0.9423600 0.9603556 1.2575008 0.9175623 
S0034_G6164_R1_A 0.3562484 0.2054123 0.2392109 0.0000000 0.4738913 0.4650856 0.3382436 0.2963390 0.4932017 0.4122507 0.4275562 0.5102468 1.0363560 1.0614478 1.3560580 1.0503654 
S0027_G6164_R1_A 0.4962335 0.3576743 0.4471814 0.4738913 0.0000000 0.1062034 0.2524872 0.3569954 0.4167978 0.3702543 0.3718406 0.4354440 0.8565429 0.8978964 1.3592907 1.0299087 
S0027_G6164_R2_A 0.4794362 0.3460028 0.4419420 0.4650856 0.1062034 0.0000000 0.2462041 0.3418064 0.4676586 0.3821724 0.3841789 0.4658448 0.9582674 0.9932795 1.3882943 1.0118212 
S0014_G6164_R1_A 0.2780382 0.3437955 0.3685432 0.3382436 0.2524872 0.2462041 0.0000000 0.2582248 0.3605480 0.3536367 0.3546685 0.3645094 0.8649296 0.8862060 1.2141996 0.9303357 
S0008_G6164_R2_A 0.0000010 0.3071269 0.3297210 0.2963390 0.3569954 0.3418064 0.2582248 0.0000000 0.3523293 0.3307479 0.3296697 0.3550737 0.9715477 0.9964966 1.1105631 0.9031449 
S0010_G6164_R1_A 0.4400952 0.3851380 0.4620363 0.4932017 0.4167978 0.4676586 0.3605480 0.3523293 0.0000000 0.0000010 0.0254066 0.0599022 0.8689414 0.9016543 1.2204543 0.5592962 
S0010_G6164_R2_A 0.3754908 0.3796446 0.4084716 0.4122507 0.3702543 0.3821724 0.3536367 0.3307479 0.0000010 0.0000000 0.0228197 0.0259787 0.7699379 0.7928010 1.1484408 0.6196074 
S0009_G6164_R2_A 0.3842283 0.3808809 0.4190486 0.4275562 0.3718406 0.3841789 0.3546685 0.3296697 0.0254066 0.0228197 0.0000000 0.0000010 0.7966316 0.8235609 1.1277425 0.6340770 
S0009_G6164_R1_A 0.4485607 0.3914638 0.4678150 0.5102468 0.4354440 0.4658448 0.3645094 0.3550737 0.0599022 0.0259787 0.0000010 0.0000000 0.8922657 0.9209463 1.1425148 0.5470662 
S0051_G6164_R1_A 1.1306836 0.8701442 0.9423600 1.0363560 0.8565429 0.9582674 0.8649296 0.9715477 0.8689414 0.7699379 0.7966316 0.8922657 0.0000000 0.0170175 1.5234054 1.3214633 
S0039_G6164_R1_A 1.1619931 0.8875743 0.9603556 1.0614478 0.8978964 0.9932795 0.8862060 0.9964966 0.9016543 0.7928010 0.8235609 0.9209463 0.0170175 0.0000000 1.5150242 1.3541489 
S0003_G6164_R1_N 1.1564563 1.2108023 1.2575008 1.3560580 1.3592907 1.3882943 1.2141996 1.1105631 1.2204543 1.1484408 1.1277425 1.1425148 1.5234054 1.5150242 0.0000000 1.1392059 
S0009_G6164_R3_U 0.8339995 1.0003017 0.9175623 1.0503654 1.0299087 1.0118212 0.9303357 0.9031449 0.5592962 0.6196074 0.6340770 0.5470662 1.3214633 1.3541489 1.1392059 0.0000000 
