10
S0039_G6237_R1_A 0.0000000 0.0136688 0.4850658 0.4928287 0.5634946 0.5002157 0.5683375 0.5962726 0.5626767 1.0816312 
S0051_G6237_R1_A 0.0136688 0.0000000 0.4759536 0.4836205 0.5555972 0.4998091 0.5618408 0.5841342 0.5497181 1.0798028 
S0009_G6237_R1_A 0.4850658 0.4759536 0.0000000 0.0041542 0.2103695 0.2352504 0.2807767 0.2822175 0.2065825 0.8752635 
S0010_G6237_R1_A 0.4928287 0.4836205 0.0041542 0.0000000 0.2078581 0.2348464 0.2801552 0.2816060 0.2036117 0.8610773 
S0014_G6237_R1_A 0.5634946 0.5555972 0.2103695 0.2078581 0.0000000 0.1633921 0.2409620 0.2404024 0.1719822 0.8302318 
S0027_G6237_R1_A 0.5002157 0.4998091 0.2352504 0.2348464 0.1633921 0.0000000 0.2511914 0.2642157 0.1816496 0.8547213 
S0015_G6237_R1_U 0.5683375 0.5618408 0.2807767 0.2801552 0.2409620 0.2511914 0.0000000 0.1789945 0.2051666 0.8487755 
S0034_G6237_R1_A 0.5962726 0.5841342 0.2822175 0.2816060 0.2404024 0.2642157 0.1789945 0.0000000 0.2138547 0.9248061 
S0008_G6237_R1_A 0.5626767 0.5497181 0.2065825 0.2036117 0.1719822 0.1816496 0.2051666 0.2138547 0.0000000 0.8253724 
S0003_G6237_R1_N 1.0816312 1.0798028 0.8752635 0.8610773 0.8302318 0.8547213 0.8487755 0.9248061 0.8253724 0.0000000 
