10
S0009_G6393_R1_U 0.0000000 0.0121788 0.1186682 0.1550388 0.1485153 0.1353112 0.1482455 0.4158118 0.7198355 0.6322687 
S0010_G6393_R1_V 0.0121788 0.0000000 0.1145453 0.1545393 0.1439854 0.1352891 0.1462495 0.4138005 0.7210885 0.6321754 
S0008_G6393_R1_A 0.1186682 0.1145453 0.0000000 0.1234591 0.1143468 0.1259824 0.1226753 0.4598430 0.6794683 0.5998276 
S0034_G6393_R1_A 0.1550388 0.1545393 0.1234591 0.0000000 0.1397475 0.1654799 0.1478215 0.4703326 0.8021295 0.6269314 
S0015_G6393_R1_A 0.1485153 0.1439854 0.1143468 0.1397475 0.0000000 0.1550600 0.1679022 0.4532558 0.6825847 0.6990760 
S0027_G6393_R1_A 0.1353112 0.1352891 0.1259824 0.1654799 0.1550600 0.0000000 0.1130092 0.4443390 0.7026694 0.7058285 
S0014_G6393_R1_A 0.1482455 0.1462495 0.1226753 0.1478215 0.1679022 0.1130092 0.0000000 0.4828493 0.7378778 0.5898184 
S0039_G6393_R1_A 0.4158118 0.4138005 0.4598430 0.4703326 0.4532558 0.4443390 0.4828493 0.0000000 0.3342280 0.8465868 
S0051_G6393_R1_A 0.7198355 0.7210885 0.6794683 0.8021295 0.6825847 0.7026694 0.7378778 0.3342280 0.0000000 1.4494475 
S0003_G6393_R1_N 0.6322687 0.6321754 0.5998276 0.6269314 0.6990760 0.7058285 0.5898184 0.8465868 1.4494475 0.0000000 
