11
S0034_G6405_R1_A 0.0000000 0.1071037 0.2308801 0.1756088 0.3658769 0.3735800 0.6246304 0.2275559 0.2296495 0.2765492 0.2629361 
S0015_G6405_R1_A 0.1071037 0.0000000 0.2232161 0.1794252 0.3977809 0.4032849 0.6265173 0.2250345 0.2209953 0.2699589 0.2689640 
S0014_G6405_R1_U 0.2308801 0.2232161 0.0000000 0.1600530 0.4361105 0.4488779 0.7153355 0.2219446 0.1197696 0.2923875 0.2843940 
S0008_G6405_R1_A 0.1756088 0.1794252 0.1600530 0.0000000 0.4444669 0.4575938 0.6963518 0.1502455 0.1627238 0.2662453 0.2613476 
S0039_G6405_R1_A 0.3658769 0.3977809 0.4361105 0.4444669 0.0000000 0.0162625 0.6815734 0.4747233 0.4522523 0.4111133 0.3935213 
S0051_G6405_R1_A 0.3735800 0.4032849 0.4488779 0.4575938 0.0162625 0.0000000 0.6655745 0.4854556 0.4574219 0.4250113 0.4018848 
S0003_G6405_R1_N 0.6246304 0.6265173 0.7153355 0.6963518 0.6815734 0.6655745 0.0000000 0.6758503 0.7117644 0.6761301 0.6548607 
S0027_G6405_R1_A 0.2275559 0.2250345 0.2219446 0.1502455 0.4747233 0.4854556 0.6758503 0.0000000 0.1972588 0.2913597 0.2848618 
S0014_G6405_R2_U 0.2296495 0.2209953 0.1197696 0.1627238 0.4522523 0.4574219 0.7117644 0.1972588 0.0000000 0.2536585 0.2425024 
S0009_G6405_R1_A 0.2765492 0.2699589 0.2923875 0.2662453 0.4111133 0.4250113 0.6761301 0.2913597 0.2536585 0.0000000 0.0523388 
S0010_G6405_R1_A 0.2629361 0.2689640 0.2843940 0.2613476 0.3935213 0.4018848 0.6548607 0.2848618 0.2425024 0.0523388 0.0000000 
