10
S0008_G6570_R1_A 0.0000000 0.3495283 0.3107047 0.3974151 0.3713893 0.3657970 1.0549072 0.4354936 0.8926183 0.8962849 
S0034_G6570_R1_A 0.3495283 0.0000000 0.2746188 0.4314085 0.3939481 0.4172613 1.0196940 0.4673503 0.9524717 0.9623739 
S0015_G6570_R1_A 0.3107047 0.2746188 0.0000000 0.4150518 0.3763366 0.3842303 0.9666740 0.4175918 0.8865571 0.8971253 
S0009_G6570_R1_A 0.3974151 0.4314085 0.4150518 0.0000000 0.0113280 0.3748335 0.9112285 0.4330276 0.8647850 0.8741165 
S0010_G6570_R1_A 0.3713893 0.3939481 0.3763366 0.0113280 0.0000000 0.3269526 0.8498979 0.4105751 0.7770793 0.7827003 
S0027_G6570_R1_A 0.3657970 0.4172613 0.3842303 0.3748335 0.3269526 0.0000000 0.5485157 0.3440618 0.8200523 0.8247782 
S0027_G6570_R2_A 1.0549072 1.0196940 0.9666740 0.9112285 0.8498979 0.5485157 0.0000000 0.9292562 1.2653597 1.2788483 
S0014_G6570_R1_U 0.4354936 0.4673503 0.4175918 0.4330276 0.4105751 0.3440618 0.9292562 0.0000000 0.7769224 0.7898288 
S0039_G6570_R1_A 0.8926183 0.9524717 0.8865571 0.8647850 0.7770793 0.8200523 1.2653597 0.7769224 0.0000000 0.0110778 
S0051_G6570_R1_A 0.8962849 0.9623739 0.8971253 0.8741165 0.7827003 0.8247782 1.2788483 0.7898288 0.0110778 0.0000000 
