10
S0015_G6717_R1_A 0.0000000 0.1123699 0.1906760 0.1923894 0.1368108 0.1590655 0.1630291 0.4459084 0.4449026 0.6881136 
S0034_G6717_R1_A 0.1123699 0.0000000 0.2003939 0.2021560 0.1512257 0.1613839 0.1725462 0.4471990 0.4486962 0.7203047 
S0009_G6717_R1_A 0.1906760 0.2003939 0.0000000 0.0009772 0.1519280 0.1608637 0.1492728 0.3816371 0.3851780 0.7711281 
S0010_G6717_R1_A 0.1923894 0.2021560 0.0009772 0.0000000 0.1534854 0.1626290 0.1508151 0.3842909 0.3878640 0.7747371 
S0008_G6717_R1_U 0.1368108 0.1512257 0.1519280 0.1534854 0.0000000 0.1239014 0.1295878 0.4516554 0.4518394 0.6677038 
S0027_G6717_R1_A 0.1590655 0.1613839 0.1608637 0.1626290 0.1239014 0.0000000 0.1197994 0.3675685 0.3631099 0.5975475 
S0014_G6717_R1_A 0.1630291 0.1725462 0.1492728 0.1508151 0.1295878 0.1197994 0.0000000 0.4247469 0.4205242 0.7000950 
S0039_G6717_R1_A 0.4459084 0.4471990 0.3816371 0.3842909 0.4516554 0.3675685 0.4247469 0.0000000 0.0076375 0.8632726 
S0051_G6717_R1_A 0.4449026 0.4486962 0.3851780 0.3878640 0.4518394 0.3631099 0.4205242 0.0076375 0.0000000 0.8452074 
S0003_G6717_R1_N 0.6881136 0.7203047 0.7711281 0.7747371 0.6677038 0.5975475 0.7000950 0.8632726 0.8452074 0.0000000 
