10
S0039_G7128_R1_A 0.0000000 0.0187112 0.2392905 0.2615400 0.2756158 0.2993260 0.2734316 0.3229735 0.6505089 1.0716627 
S0051_G7128_R1_A 0.0187112 0.0000000 0.2424958 0.2670591 0.2811557 0.3039838 0.2770348 0.3250678 0.6465793 1.0919503 
S0009_G7128_R1_A 0.2392905 0.2424958 0.0000000 0.1596251 0.1843165 0.1985603 0.1815741 0.2209840 0.3989880 1.0226228 
S0014_G7128_R1_A 0.2615400 0.2670591 0.1596251 0.0000000 0.1758086 0.1755267 0.1590564 0.1998441 0.5284576 1.0068157 
S0015_G7128_R1_A 0.2756158 0.2811557 0.1843165 0.1758086 0.0000000 0.1354441 0.1776740 0.1995618 0.5652704 0.9954831 
S0034_G7128_R1_A 0.2993260 0.3039838 0.1985603 0.1755267 0.1354441 0.0000000 0.1947416 0.2179986 0.5487595 1.0375695 
S0027_G7128_R1_A 0.2734316 0.2770348 0.1815741 0.1590564 0.1776740 0.1947416 0.0000000 0.2129414 0.5499171 1.0274676 
S0008_G7128_R1_A 0.3229735 0.3250678 0.2209840 0.1998441 0.1995618 0.2179986 0.2129414 0.0000000 0.5166066 0.9749592 
S0010_G7128_R1_V 0.6505089 0.6465793 0.3989880 0.5284576 0.5652704 0.5487595 0.5499171 0.5166066 0.0000000 1.1395171 
S0003_G7128_R1_N 1.0716627 1.0919503 1.0226228 1.0068157 0.9954831 1.0375695 1.0274676 0.9749592 1.1395171 0.0000000 
