11
S0015_G7279_R1_A 0.0000000 0.1943864 0.2764311 0.2697852 0.2427015 0.3637031 0.3613468 0.2073540 0.4566119 0.4573576 0.9588930 
S0008_G7279_R1_A 0.1943864 0.0000000 0.2139241 0.1936737 0.1854050 0.2869265 0.2847964 0.2329406 0.4001550 0.3954387 0.9222597 
S0027_G7279_R1_U 0.2764311 0.2139241 0.0000000 0.2087917 0.2045921 0.3347145 0.3334405 0.3032106 0.4239825 0.4203786 0.9981576 
S0014_G7279_R1_U 0.2697852 0.1936737 0.2087917 0.0000000 0.0000010 0.3166780 0.3144624 0.2780185 0.4348186 0.4291927 0.9527258 
S0014_G7279_R2_U 0.2427015 0.1854050 0.2045921 0.0000010 0.0000000 0.2993738 0.2967724 0.2651312 0.4080563 0.3996176 0.9602549 
S0009_G7279_R1_A 0.3637031 0.2869265 0.3347145 0.3166780 0.2993738 0.0000000 0.0014353 0.3722692 0.3527814 0.3526100 1.0358998 
S0010_G7279_R1_A 0.3613468 0.2847964 0.3334405 0.3144624 0.2967724 0.0014353 0.0000000 0.3710877 0.3515483 0.3513817 1.0384583 
S0034_G7279_R1_A 0.2073540 0.2329406 0.3032106 0.2780185 0.2651312 0.3722692 0.3710877 0.0000000 0.4506690 0.4426600 0.8816975 
S0051_G7279_R1_A 0.4566119 0.4001550 0.4239825 0.4348186 0.4080563 0.3527814 0.3515483 0.4506690 0.0000000 0.0146277 1.0907279 
S0039_G7279_R1_A 0.4573576 0.3954387 0.4203786 0.4291927 0.3996176 0.3526100 0.3513817 0.4426600 0.0146277 0.0000000 1.0829655 
S0003_G7279_R1_N 0.9588930 0.9222597 0.9981576 0.9527258 0.9602549 1.0358998 1.0384583 0.8816975 1.0907279 1.0829655 0.0000000 
