23
S0028_G4471_R1_A 0.0000000 0.1284803 0.0818893 0.0691185 0.0590322 0.0513790 0.0631598 0.0633661 0.0637170 0.0580351 0.0648555 0.0597496 0.0613930 0.0613745 0.0686289 0.0555149 0.0754963 0.0690078 0.0871714 0.0528834 0.1649000 0.0653618 0.2446304 
S0050_G4471_R1_A 0.1284803 0.0000000 0.1603967 0.1526959 0.1395031 0.1291222 0.1455986 0.1425336 0.1456393 0.1393168 0.1428242 0.1344359 0.1396465 0.1416592 0.1318445 0.1383063 0.1547465 0.1459731 0.0689172 0.1384308 0.2448035 0.1237433 0.2730309 
S0037_G4471_R1_U 0.0818893 0.1603967 0.0000000 0.0715266 0.0600081 0.0742875 0.0851306 0.0949009 0.0830352 0.0769503 0.0787459 0.0917908 0.0946707 0.0777606 0.0965411 0.0777726 0.0943140 0.0920928 0.1176518 0.0780654 0.1906044 0.0999334 0.2756261 
S0018_G4471_R1_A 0.0691185 0.1526959 0.0715266 0.0000000 0.0347159 0.0609306 0.0719001 0.0820570 0.0703068 0.0629434 0.0681800 0.0796005 0.0822614 0.0652478 0.0797984 0.0635706 0.0819282 0.0737802 0.1053604 0.0628718 0.1761611 0.0839522 0.2536495 
S0031_G4471_R1_A 0.0590322 0.1395031 0.0600081 0.0347159 0.0000000 0.0520058 0.0637015 0.0703061 0.0617531 0.0535001 0.0556384 0.0673163 0.0698517 0.0547232 0.0720837 0.0555916 0.0738478 0.0663719 0.0934195 0.0547327 0.1689205 0.0782455 0.2360768 
S0036_G4471_R1_A 0.0513790 0.1291222 0.0742875 0.0609306 0.0520058 0.0000000 0.0433987 0.0640516 0.0561199 0.0484550 0.0571722 0.0620931 0.0630605 0.0501698 0.0671817 0.0338028 0.0670948 0.0622327 0.0860384 0.0409695 0.1624291 0.0672319 0.2338170 
S0020_G4471_R1_A 0.0631598 0.1455986 0.0851306 0.0719001 0.0637015 0.0433987 0.0000000 0.0756332 0.0685825 0.0616028 0.0695610 0.0743563 0.0775905 0.0634654 0.0804557 0.0404025 0.0811209 0.0722582 0.1050270 0.0595699 0.1771151 0.0827928 0.2445001 
S0026_G4471_R1_A 0.0633661 0.1425336 0.0949009 0.0820570 0.0703061 0.0640516 0.0756332 0.0000000 0.0783658 0.0686561 0.0744566 0.0705882 0.0716114 0.0699927 0.0800763 0.0698764 0.0891681 0.0787875 0.0928057 0.0638017 0.1631212 0.0800052 0.2523230 
S0022_G4471_R1_A 0.0637170 0.1456393 0.0830352 0.0703068 0.0617531 0.0561199 0.0685825 0.0783658 0.0000000 0.0488371 0.0617337 0.0748340 0.0764110 0.0598522 0.0826001 0.0634585 0.0744300 0.0744389 0.0988046 0.0575027 0.1732574 0.0788636 0.2486827 
S0030_G4471_R1_A 0.0580351 0.1393168 0.0769503 0.0629434 0.0535001 0.0484550 0.0616028 0.0686561 0.0488371 0.0000000 0.0555821 0.0656466 0.0671960 0.0510566 0.0725411 0.0545720 0.0647358 0.0637421 0.0915506 0.0508526 0.1678132 0.0731388 0.2450298 
S0004_G4471_R1_A 0.0648555 0.1428242 0.0787459 0.0681800 0.0556384 0.0571722 0.0695610 0.0744566 0.0617337 0.0555821 0.0000000 0.0752448 0.0762591 0.0588527 0.0763387 0.0623807 0.0765109 0.0711291 0.0956596 0.0581645 0.1779067 0.0825223 0.2529052 
S0021_G4471_R1_A 0.0597496 0.1344359 0.0917908 0.0796005 0.0673163 0.0620931 0.0743563 0.0705882 0.0748340 0.0656466 0.0752448 0.0000000 0.0155954 0.0658436 0.0722248 0.0690257 0.0849682 0.0768475 0.0948520 0.0669829 0.1734380 0.0797217 0.2483424 
S0021_G4471_R2_A 0.0613930 0.1396465 0.0946707 0.0822614 0.0698517 0.0630605 0.0775905 0.0716114 0.0764110 0.0671960 0.0762591 0.0155954 0.0000000 0.0674221 0.0760137 0.0710797 0.0850248 0.0805990 0.0960949 0.0680454 0.1787818 0.0822164 0.2582915 
S0016_G4471_R1_A 0.0613745 0.1416592 0.0777606 0.0652478 0.0547232 0.0501698 0.0634654 0.0699927 0.0598522 0.0510566 0.0588527 0.0658436 0.0674221 0.0000000 0.0748989 0.0568381 0.0703277 0.0660753 0.0982460 0.0527593 0.1687249 0.0796194 0.2466377 
S0046_G4471_R1_A 0.0686289 0.1318445 0.0965411 0.0797984 0.0720837 0.0671817 0.0804557 0.0800763 0.0826001 0.0725411 0.0763387 0.0722248 0.0760137 0.0748989 0.0000000 0.0700778 0.0880745 0.0819275 0.0913296 0.0691615 0.1766403 0.0740642 0.2404685 
S0019_G4471_R1_A 0.0555149 0.1383063 0.0777726 0.0635706 0.0555916 0.0338028 0.0404025 0.0698764 0.0634585 0.0545720 0.0623807 0.0690257 0.0710797 0.0568381 0.0700778 0.0000000 0.0719805 0.0654164 0.0914555 0.0475278 0.1648610 0.0717783 0.2394396 
S0017_G4471_R1_A 0.0754963 0.1547465 0.0943140 0.0819282 0.0738478 0.0670948 0.0811209 0.0891681 0.0744300 0.0647358 0.0765109 0.0849682 0.0850248 0.0703277 0.0880745 0.0719805 0.0000000 0.0814726 0.1114897 0.0690354 0.1889686 0.0931796 0.2632418 
S0011_G4471_R1_A 0.0690078 0.1459731 0.0920928 0.0737802 0.0663719 0.0622327 0.0722582 0.0787875 0.0744389 0.0637421 0.0711291 0.0768475 0.0805990 0.0660753 0.0819275 0.0654164 0.0814726 0.0000000 0.0984516 0.0607587 0.1859690 0.0860994 0.2509055 
S0048_G4471_R1_A 0.0871714 0.0689172 0.1176518 0.1053604 0.0934195 0.0860384 0.1050270 0.0928057 0.0988046 0.0915506 0.0956596 0.0948520 0.0960949 0.0982460 0.0913296 0.0914555 0.1114897 0.0984516 0.0000000 0.0909741 0.2016127 0.0779363 0.2656824 
S0002_G4471_R1_A 0.0528834 0.1384308 0.0780654 0.0628718 0.0547327 0.0409695 0.0595699 0.0638017 0.0575027 0.0508526 0.0581645 0.0669829 0.0680454 0.0527593 0.0691615 0.0475278 0.0690354 0.0607587 0.0909741 0.0000000 0.1702682 0.0740692 0.2510754 
S0005_G4471_R1_A 0.1649000 0.2448035 0.1906044 0.1761611 0.1689205 0.1624291 0.1771151 0.1631212 0.1732574 0.1678132 0.1779067 0.1734380 0.1787818 0.1687249 0.1766403 0.1648610 0.1889686 0.1859690 0.2016127 0.1702682 0.0000000 0.1852261 0.3766084 
S0013_G4471_R1_A 0.0653618 0.1237433 0.0999334 0.0839522 0.0782455 0.0672319 0.0827928 0.0800052 0.0788636 0.0731388 0.0825223 0.0797217 0.0822164 0.0796194 0.0740642 0.0717783 0.0931796 0.0860994 0.0779363 0.0740692 0.1852261 0.0000000 0.2598980 
S0012_G4471_R1_A 0.2446304 0.2730309 0.2756261 0.2536495 0.2360768 0.2338170 0.2445001 0.2523230 0.2486827 0.2450298 0.2529052 0.2483424 0.2582915 0.2466377 0.2404685 0.2394396 0.2632418 0.2509055 0.2656824 0.2510754 0.3766084 0.2598980 0.0000000 
