26
S0050_G4527_R1_A 0.0000000 0.1280858 0.1371620 0.1363249 0.1796889 0.1209464 0.1409916 0.1322754 0.1896619 0.1719255 0.1939270 0.1409752 0.2031405 0.1630621 0.1252809 0.1358341 0.4308712 0.2032435 0.1336693 0.1893165 0.2042187 0.3336553 0.1862474 0.1000616 0.0238142 0.1361871 
S0002_G4527_R1_A 0.1280858 0.0000000 0.1191739 0.1183635 0.1883798 0.1061035 0.1409923 0.1174580 0.1961126 0.1720567 0.1993458 0.1240956 0.2037666 0.1566998 0.1203288 0.1097330 0.4130167 0.2098984 0.1274414 0.1882606 0.2044739 0.3737327 0.1768100 0.0699008 0.1405408 0.1248014 
S0026_G4527_R1_A 0.1371620 0.1191739 0.0000000 0.0896898 0.1579776 0.0693932 0.0928413 0.0812266 0.1600679 0.1443360 0.1726254 0.0939837 0.1649518 0.1317159 0.1102545 0.0755861 0.4245522 0.1726844 0.1130344 0.1512857 0.1645498 0.3150433 0.1421541 0.0948834 0.1386490 0.1090291 
S0028_G4527_R1_A 0.1363249 0.1183635 0.0896898 0.0000000 0.1535518 0.0884542 0.1154338 0.0953131 0.1603358 0.1421098 0.1720958 0.1063391 0.1714637 0.1239630 0.0989454 0.0939600 0.4241857 0.1659389 0.1160377 0.1415124 0.1660130 0.3121575 0.1355379 0.0934483 0.1466416 0.0988813 
S0022_G4527_R1_A 0.1796889 0.1883798 0.1579776 0.1535518 0.0000000 0.1383785 0.1630162 0.1596355 0.1972994 0.1792009 0.2066832 0.1560273 0.2213016 0.1620778 0.1367349 0.1585717 0.4661486 0.2126650 0.1622813 0.1935675 0.2079750 0.3733178 0.1772181 0.1529172 0.1895700 0.1571309 
S0036_G4527_R1_A 0.1209464 0.1061035 0.0693932 0.0884542 0.1383785 0.0000000 0.0824064 0.0692034 0.1383197 0.1254520 0.1562259 0.0814626 0.1634174 0.1224983 0.0873348 0.0667512 0.3990505 0.1598942 0.0889096 0.1402601 0.1576850 0.3160233 0.1340834 0.0774832 0.1219780 0.0774418 
S0013_G4527_R1_A 0.1409916 0.1409923 0.0928413 0.1154338 0.1630162 0.0824064 0.0000000 0.0942147 0.1789243 0.1593450 0.1881891 0.1085085 0.2035628 0.1597799 0.1143328 0.0925064 0.4330836 0.2020767 0.1251686 0.1787157 0.2021065 0.3550771 0.1761955 0.1045168 0.1408572 0.1213545 
S0016_G4527_R1_A 0.1322754 0.1174580 0.0812266 0.0953131 0.1596355 0.0692034 0.0942147 0.0000000 0.1440197 0.1259340 0.1554919 0.0726849 0.1789831 0.1366832 0.1039010 0.0760531 0.4277869 0.1813943 0.1080520 0.1596350 0.1667884 0.3128997 0.1542528 0.0929930 0.1403767 0.1045405 
S0018_G4527_R1_A 0.1896619 0.1961126 0.1600679 0.1603358 0.1972994 0.1383197 0.1789243 0.1440197 0.0000000 0.0451766 0.1126470 0.1289849 0.2247078 0.1826921 0.1545935 0.1615520 0.4774448 0.2111426 0.1640387 0.1989803 0.2209615 0.3823655 0.1931622 0.1638745 0.1927526 0.1705523 
S0031_G4527_R1_A 0.1719255 0.1720567 0.1443360 0.1421098 0.1792009 0.1254520 0.1593450 0.1259340 0.0451766 0.0000000 0.0948198 0.1114364 0.2108470 0.1648566 0.1355680 0.1429310 0.4556303 0.1951004 0.1429241 0.1814186 0.1916555 0.3528916 0.1733826 0.1400613 0.1751086 0.1465270 
S0037_G4527_R1_U 0.1939270 0.1993458 0.1726254 0.1720958 0.2066832 0.1562259 0.1881891 0.1554919 0.1126470 0.0948198 0.0000000 0.1377756 0.2344910 0.1778067 0.1570747 0.1715563 0.4609479 0.2124064 0.1685094 0.2007107 0.2307507 0.3896493 0.2002784 0.1598161 0.1982516 0.1723112 
S0004_G4527_R1_A 0.1409752 0.1240956 0.0939837 0.1063391 0.1560273 0.0814626 0.1085085 0.0726849 0.1289849 0.1114364 0.1377756 0.0000000 0.1777475 0.1279268 0.1102326 0.0852415 0.4314195 0.1801616 0.1162548 0.1558152 0.1792130 0.3066286 0.1487841 0.0995202 0.1492411 0.1138908 
S0017_G4527_R2_A 0.2031405 0.2037666 0.1649518 0.1714637 0.2213016 0.1634174 0.2035628 0.1789831 0.2247078 0.2108470 0.2344910 0.1777475 0.0000000 0.1684398 0.1833580 0.1832490 0.4911788 0.1290625 0.1858245 0.1608751 0.1656496 0.3219993 0.1831351 0.1762358 0.2145475 0.1850548 
S0021_G4527_R1_A 0.1630621 0.1566998 0.1317159 0.1239630 0.1620778 0.1224983 0.1597799 0.1366832 0.1826921 0.1648566 0.1778067 0.1279268 0.1684398 0.0000000 0.1304307 0.1332615 0.4321483 0.1309032 0.1352725 0.0783282 0.1349627 0.2755817 0.1409729 0.1273671 0.1720771 0.1412346 
S0030_G4527_R1_A 0.1252809 0.1203288 0.1102545 0.0989454 0.1367349 0.0873348 0.1143328 0.1039010 0.1545935 0.1355680 0.1570747 0.1102326 0.1833580 0.1304307 0.0000000 0.1092118 0.3947886 0.1638837 0.1089689 0.1447569 0.1652926 0.3211306 0.1530719 0.1002468 0.1319787 0.1025804 
S0011_G4527_R1_A 0.1358341 0.1097330 0.0755861 0.0939600 0.1585717 0.0667512 0.0925064 0.0760531 0.1615520 0.1429310 0.1715563 0.0852415 0.1832490 0.1332615 0.1092118 0.0000000 0.4158508 0.1845785 0.1027530 0.1567878 0.1722064 0.3211346 0.1561807 0.0794322 0.1402007 0.1127742 
S0012_G4527_R1_A 0.4308712 0.4130167 0.4245522 0.4241857 0.4661486 0.3990505 0.4330836 0.4277869 0.4774448 0.4556303 0.4609479 0.4314195 0.4911788 0.4321483 0.3947886 0.4158508 0.0000000 0.4840814 0.4444564 0.4673693 0.4915513 0.7252224 0.4643587 0.4214231 0.4331580 0.4327290 
S0017_G4527_R1_A 0.2032435 0.2098984 0.1726844 0.1659389 0.2126650 0.1598942 0.2020767 0.1813943 0.2111426 0.1951004 0.2124064 0.1801616 0.1290625 0.1309032 0.1638837 0.1845785 0.4840814 0.0000000 0.1747981 0.1213619 0.1195857 0.2736748 0.1778556 0.1780840 0.2095159 0.1769693 
S0020_G4527_R1_A 0.1336693 0.1274414 0.1130344 0.1160377 0.1622813 0.0889096 0.1251686 0.1080520 0.1640387 0.1429241 0.1685094 0.1162548 0.1858245 0.1352725 0.1089689 0.1027530 0.4444564 0.1747981 0.0000000 0.1580822 0.1651126 0.3111418 0.1563748 0.0785459 0.1328866 0.1216499 
S0021_G4527_R2_A 0.1893165 0.1882606 0.1512857 0.1415124 0.1935675 0.1402601 0.1787157 0.1596350 0.1989803 0.1814186 0.2007107 0.1558152 0.1608751 0.0783282 0.1447569 0.1567878 0.4673693 0.1213619 0.1580822 0.0000000 0.1173920 0.2673212 0.1656710 0.1491556 0.1906865 0.1622510 
S0046_G4527_R1_A 0.2042187 0.2044739 0.1645498 0.1660130 0.2079750 0.1576850 0.2021065 0.1667884 0.2209615 0.1916555 0.2307507 0.1792130 0.1656496 0.1349627 0.1652926 0.1722064 0.4915513 0.1195857 0.1651126 0.1173920 0.0000000 0.2644737 0.1799014 0.1662732 0.2104000 0.1688318 
S0005_G4527_R1_A 0.3336553 0.3737327 0.3150433 0.3121575 0.3733178 0.3160233 0.3550771 0.3128997 0.3823655 0.3528916 0.3896493 0.3066286 0.3219993 0.2755817 0.3211306 0.3211346 0.7252224 0.2736748 0.3111418 0.2673212 0.2644737 0.0000000 0.3197874 0.3246892 0.3379892 0.3370134 
S0028_G4527_R2_A 0.1862474 0.1768100 0.1421541 0.1355379 0.1772181 0.1340834 0.1761955 0.1542528 0.1931622 0.1733826 0.2002784 0.1487841 0.1831351 0.1409729 0.1530719 0.1561807 0.4643587 0.1778556 0.1563748 0.1656710 0.1799014 0.3197874 0.0000000 0.1514045 0.1893693 0.1571894 
S0019_G4527_R1_A 0.1000616 0.0699008 0.0948834 0.0934483 0.1529172 0.0774832 0.1045168 0.0929930 0.1638745 0.1400613 0.1598161 0.0995202 0.1762358 0.1273671 0.1002468 0.0794322 0.4214231 0.1780840 0.0785459 0.1491556 0.1662732 0.3246892 0.1514045 0.0000000 0.1054716 0.0899062 
S0048_G4527_R1_A 0.0238142 0.1405408 0.1386490 0.1466416 0.1895700 0.1219780 0.1408572 0.1403767 0.1927526 0.1751086 0.1982516 0.1492411 0.2145475 0.1720771 0.1319787 0.1402007 0.4331580 0.2095159 0.1328866 0.1906865 0.2104000 0.3379892 0.1893693 0.1054716 0.0000000 0.1400158 
S0019_G4527_R2_A 0.1361871 0.1248014 0.1090291 0.0988813 0.1571309 0.0774418 0.1213545 0.1045405 0.1705523 0.1465270 0.1723112 0.1138908 0.1850548 0.1412346 0.1025804 0.1127742 0.4327290 0.1769693 0.1216499 0.1622510 0.1688318 0.3370134 0.1571894 0.0899062 0.1400158 0.0000000 
