25
S0016_G4848_R1_A 0.0000000 0.2004114 0.4584532 0.2745383 1.2273358 0.2067291 0.2152004 0.2167411 0.2380782 0.2361641 0.1992746 0.2364312 0.2378990 0.2638474 0.2817859 0.2772646 0.2624595 0.2142010 0.2931021 0.3155196 0.3234983 0.2258531 0.2420666 0.2642699 0.3514763 
S0021_G4848_R1_A 0.2004114 0.0000000 0.3167562 0.1228785 0.8773343 0.0278900 0.0630277 0.0842245 0.1439582 0.1114608 0.1003131 0.1531305 0.1527880 0.1437528 0.2148206 0.1639678 0.1229692 0.1315510 0.1840736 0.2350649 0.2342545 0.1094329 0.1253235 0.1371310 0.2333152 
S0005_G4848_R1_A 0.4584532 0.3167562 0.0000000 0.4125474 1.2698853 0.3592195 0.3608817 0.3844466 0.4083186 0.3870878 0.3556941 0.4459131 0.4350678 0.4067072 0.4787377 0.4254560 0.3846573 0.3839579 0.4216032 0.5012389 0.5134536 0.3864447 0.4602105 0.4668752 0.5079609 
S0022_G4848_R1_A 0.2745383 0.1228785 0.4125474 0.0000000 1.0269525 0.1214362 0.1250002 0.1360829 0.1836065 0.1532379 0.1500172 0.1711976 0.1809495 0.1721199 0.2429290 0.1843704 0.1300826 0.1527757 0.2158572 0.2869620 0.3140513 0.1471386 0.1815431 0.1739978 0.2747676 
S0005_G4848_R2_A 1.2273358 0.8773343 1.2698853 1.0269525 0.0000000 0.8810708 0.8652673 0.9363854 1.0156102 1.0038681 0.9377289 1.0699090 1.1211986 1.0214053 1.0956808 1.0542497 1.0291088 1.1047596 1.0939396 1.1747501 1.2440814 0.9362396 0.9920121 1.0089761 1.1652651 
S0021_G4848_R2_A 0.2067291 0.0278900 0.3592195 0.1214362 0.8810708 0.0000000 0.0624429 0.0814827 0.1416185 0.1130503 0.0999409 0.1459118 0.1415423 0.1395409 0.2033703 0.1503889 0.1223227 0.1244115 0.1880426 0.2505320 0.2572710 0.0975776 0.1170673 0.1265027 0.2247129 
S0026_G4848_R1_A 0.2152004 0.0630277 0.3608817 0.1250002 0.8652673 0.0624429 0.0000000 0.0816836 0.1387206 0.1085280 0.1036319 0.1510923 0.1495145 0.1412096 0.2050326 0.1583753 0.1261533 0.1347775 0.1949866 0.2495013 0.2607756 0.1027677 0.1218288 0.1313937 0.2344727 
S0020_G4848_R2_A 0.2167411 0.0842245 0.3844466 0.1360829 0.9363854 0.0814827 0.0816836 0.0000000 0.1084107 0.1214124 0.0983535 0.1461900 0.1441071 0.1377484 0.2040434 0.1460668 0.1341937 0.1283790 0.2078838 0.2332648 0.2496060 0.0981837 0.1175616 0.1243921 0.2345654 
S0036_G4848_R1_U 0.2380782 0.1439582 0.4083186 0.1836065 1.0156102 0.1416185 0.1387206 0.1084107 0.0000000 0.1422307 0.1411483 0.1495769 0.1571080 0.1554337 0.1971696 0.1533769 0.1566632 0.1261023 0.2139142 0.2331054 0.2460758 0.1471030 0.1707885 0.1780375 0.2483047 
S0028_G4848_R1_A 0.2361641 0.1114608 0.3870878 0.1532379 1.0038681 0.1130503 0.1085280 0.1214124 0.1422307 0.0000000 0.1216624 0.1546143 0.1430526 0.1420826 0.1973891 0.1613614 0.1284753 0.1304757 0.1991335 0.2390826 0.2551495 0.1384400 0.1650008 0.1673531 0.2503738 
S0004_G4848_R1_A 0.1992746 0.1003131 0.3556941 0.1500172 0.9377289 0.0999409 0.1036319 0.0983535 0.1411483 0.1216624 0.0000000 0.1435128 0.1414861 0.1521701 0.1858792 0.1521208 0.1373209 0.1403317 0.1996500 0.2005340 0.2129611 0.1286615 0.1417180 0.1406804 0.2474334 
S0020_G4848_R1_A 0.2364312 0.1531305 0.4459131 0.1711976 1.0699090 0.1459118 0.1510923 0.1461900 0.1495769 0.1546143 0.1435128 0.0000000 0.0875691 0.1716599 0.2064345 0.1272831 0.1549751 0.0816571 0.2176543 0.2544103 0.2684544 0.1597084 0.1902988 0.2061417 0.2412561 
S0019_G4848_R1_A 0.2378990 0.1527880 0.4350678 0.1809495 1.1211986 0.1415423 0.1495145 0.1441071 0.1571080 0.1430526 0.1414861 0.0875691 0.0000000 0.1544330 0.2062745 0.1350995 0.1531609 0.0851859 0.2145723 0.2560004 0.2730572 0.1499324 0.1857510 0.1930218 0.2582109 
S0046_G4848_R1_A 0.2638474 0.1437528 0.4067072 0.1721199 1.0214053 0.1395409 0.1412096 0.1377484 0.1554337 0.1420826 0.1521701 0.1716599 0.1544330 0.0000000 0.2248013 0.1925266 0.1555745 0.1394523 0.2236108 0.2672049 0.2848511 0.1352848 0.1609142 0.1677031 0.2531954 
S0037_G4848_R1_A 0.2817859 0.2148206 0.4787377 0.2429290 1.0956808 0.2033703 0.2050326 0.2040434 0.1971696 0.1973891 0.1858792 0.2064345 0.2062745 0.2248013 0.0000000 0.2246368 0.2128632 0.1884823 0.2351624 0.2849080 0.3037377 0.2244502 0.2448411 0.2526346 0.3081726 
S0011_G4848_R1_A 0.2772646 0.1639678 0.4254560 0.1843704 1.0542497 0.1503889 0.1583753 0.1460668 0.1533769 0.1613614 0.1521208 0.1272831 0.1350995 0.1925266 0.2246368 0.0000000 0.1677174 0.0823804 0.2196583 0.2636523 0.2658332 0.1757610 0.2113533 0.2209260 0.2710834 
S0030_G4848_R1_A 0.2624595 0.1229692 0.3846573 0.1300826 1.0291088 0.1223227 0.1261533 0.1341937 0.1566632 0.1284753 0.1373209 0.1549751 0.1531609 0.1555745 0.2128632 0.1677174 0.0000000 0.1176791 0.1713787 0.2244185 0.2313026 0.1437429 0.1853781 0.1889963 0.2513815 
S0002_G4848_R1_A 0.2142010 0.1315510 0.3839579 0.1527757 1.1047596 0.1244115 0.1347775 0.1283790 0.1261023 0.1304757 0.1403317 0.0816571 0.0851859 0.1394523 0.1884823 0.0823804 0.1176791 0.0000000 0.1882235 0.2201302 0.2314861 0.1658780 0.1785187 0.1746203 0.2329429 
S0017_G4848_R1_A 0.2931021 0.1840736 0.4216032 0.2158572 1.0939396 0.1880426 0.1949866 0.2078838 0.2139142 0.1991335 0.1996500 0.2176543 0.2145723 0.2236108 0.2351624 0.2196583 0.1713787 0.1882235 0.0000000 0.2628116 0.2905342 0.2112052 0.2605361 0.2591416 0.3186502 
S0018_G4848_R1_A 0.3155196 0.2350649 0.5012389 0.2869620 1.1747501 0.2505320 0.2495013 0.2332648 0.2331054 0.2390826 0.2005340 0.2544103 0.2560004 0.2672049 0.2849080 0.2636523 0.2244185 0.2201302 0.2628116 0.0000000 0.0799210 0.2489341 0.3020529 0.3091323 0.3581498 
S0031_G4848_R1_A 0.3234983 0.2342545 0.5134536 0.3140513 1.2440814 0.2572710 0.2607756 0.2496060 0.2460758 0.2551495 0.2129611 0.2684544 0.2730572 0.2848511 0.3037377 0.2658332 0.2313026 0.2314861 0.2905342 0.0799210 0.0000000 0.2721897 0.3149162 0.3253625 0.3895854 
S0013_G4848_R1_A 0.2258531 0.1094329 0.3864447 0.1471386 0.9362396 0.0975776 0.1027677 0.0981837 0.1471030 0.1384400 0.1286615 0.1597084 0.1499324 0.1352848 0.2244502 0.1757610 0.1437429 0.1658780 0.2112052 0.2489341 0.2721897 0.0000000 0.0790628 0.0760504 0.1703621 
S0048_G4848_R1_A 0.2420666 0.1253235 0.4602105 0.1815431 0.9920121 0.1170673 0.1218288 0.1175616 0.1707885 0.1650008 0.1417180 0.1902988 0.1857510 0.1609142 0.2448411 0.2113533 0.1853781 0.1785187 0.2605361 0.3020529 0.3149162 0.0790628 0.0000000 0.0461680 0.1939260 
S0050_G4848_R1_A 0.2642699 0.1371310 0.4668752 0.1739978 1.0089761 0.1265027 0.1313937 0.1243921 0.1780375 0.1673531 0.1406804 0.2061417 0.1930218 0.1677031 0.2526346 0.2209260 0.1889963 0.1746203 0.2591416 0.3091323 0.3253625 0.0760504 0.0461680 0.0000000 0.1988065 
S0012_G4848_R1_A 0.3514763 0.2333152 0.5079609 0.2747676 1.1652651 0.2247129 0.2344727 0.2345654 0.2483047 0.2503738 0.2474334 0.2412561 0.2582109 0.2531954 0.3081726 0.2710834 0.2513815 0.2329429 0.3186502 0.3581498 0.3895854 0.1703621 0.1939260 0.1988065 0.0000000 
