27
S0036_G4893_R1_A 0.0000000 0.0914210 0.0631952 0.0529917 0.0562490 0.0608750 0.0632020 0.0609693 0.0757386 0.0641395 0.0835730 0.0731792 0.0635810 0.0721321 0.0820554 0.0823878 0.0612928 0.0711660 0.0590570 0.1145482 0.2033265 0.2084393 0.0668964 0.0649675 0.0634747 0.0610621 0.0645215 
S0037_G4893_R1_U 0.0914210 0.0000000 0.1024676 0.0878796 0.0923970 0.0918074 0.1002736 0.0819771 0.0850647 0.0954590 0.1166699 0.0927524 0.0939376 0.0928174 0.1143536 0.1107073 0.0957081 0.1047650 0.0916789 0.1425336 0.2371490 0.2373368 0.1018855 0.0695011 0.1005099 0.0939282 0.0948595 
S0011_G4893_R1_A 0.0631952 0.1024676 0.0000000 0.0594841 0.0659464 0.0722862 0.0796412 0.0713420 0.0889746 0.0724138 0.0932699 0.0815152 0.0688687 0.0843599 0.0958541 0.0924578 0.0807656 0.0921791 0.0729162 0.1273489 0.2156888 0.2265769 0.0000010 0.0728920 0.0825723 0.0761609 0.0782128 
S0019_G4893_R1_A 0.0529917 0.0878796 0.0594841 0.0000000 0.0410474 0.0573252 0.0637404 0.0588080 0.0701174 0.0574488 0.0796251 0.0668339 0.0496734 0.0715709 0.0825414 0.0792573 0.0624589 0.0736747 0.0575652 0.1105619 0.2032878 0.2143108 0.0623548 0.0579030 0.0669541 0.0617752 0.0647443 
S0020_G4893_R1_A 0.0562490 0.0923970 0.0659464 0.0410474 0.0000000 0.0608766 0.0698162 0.0627258 0.0740931 0.0603934 0.0808152 0.0703922 0.0593807 0.0737785 0.0896948 0.0875497 0.0676934 0.0782485 0.0607282 0.1200142 0.2098101 0.2156854 0.0694348 0.0629630 0.0727680 0.0648128 0.0657558 
S0046_G4893_R1_A 0.0608750 0.0918074 0.0722862 0.0573252 0.0608766 0.0000000 0.0744328 0.0651234 0.0792315 0.0693933 0.0924402 0.0742565 0.0648943 0.0723735 0.0842705 0.0798219 0.0694619 0.0776234 0.0567841 0.1238295 0.2060203 0.2201274 0.0772894 0.0708496 0.0780201 0.0681159 0.0732338 
S0021_G4893_R2_A 0.0632020 0.1002736 0.0796412 0.0637404 0.0698162 0.0744328 0.0000000 0.0726795 0.0865018 0.0727359 0.0903990 0.0796535 0.0722367 0.0861990 0.0934468 0.0919098 0.0256316 0.0680188 0.0655753 0.1220851 0.1971118 0.1998444 0.0834901 0.0745173 0.0000010 0.0222310 0.0743374 
S0016_G4893_R1_A 0.0609693 0.0819771 0.0713420 0.0588080 0.0627258 0.0651234 0.0726795 0.0000000 0.0739155 0.0700820 0.0875737 0.0665787 0.0618911 0.0752631 0.0865697 0.0850418 0.0684608 0.0792352 0.0629324 0.1220873 0.2021055 0.2120134 0.0744942 0.0628438 0.0739716 0.0652809 0.0712007 
S0018_G4893_R1_A 0.0757386 0.0850647 0.0889746 0.0701174 0.0740931 0.0792315 0.0865018 0.0739155 0.0000000 0.0790252 0.0951640 0.0798600 0.0811569 0.0896670 0.1044094 0.1027638 0.0849541 0.0903613 0.0774184 0.1361971 0.2172987 0.2236126 0.0890783 0.0411656 0.0851923 0.0836138 0.0824265 
S0022_G4893_R1_A 0.0641395 0.0954590 0.0724138 0.0574488 0.0603934 0.0693933 0.0727359 0.0700820 0.0790252 0.0000000 0.0863879 0.0696618 0.0661798 0.0741770 0.0896085 0.0879451 0.0683041 0.0783236 0.0602990 0.1246538 0.2073986 0.2185235 0.0758374 0.0718511 0.0747581 0.0639904 0.0686420 
S0017_G4893_R1_A 0.0835730 0.1166699 0.0932699 0.0796251 0.0808152 0.0924402 0.0903990 0.0875737 0.0951640 0.0863879 0.0000000 0.0934750 0.0852889 0.0925365 0.1049072 0.1032054 0.0853614 0.0979119 0.0838983 0.1409884 0.2306539 0.2426301 0.0967282 0.0867155 0.0910816 0.0819976 0.0890782 
S0004_G4893_R1_A 0.0731792 0.0927524 0.0815152 0.0668339 0.0703922 0.0742565 0.0796535 0.0665787 0.0798600 0.0696618 0.0934750 0.0000000 0.0737403 0.0876994 0.0954809 0.0938936 0.0740411 0.0855285 0.0673006 0.1330910 0.2195493 0.2327223 0.0850009 0.0694133 0.0823036 0.0715603 0.0773789 
S0002_G4893_R1_A 0.0635810 0.0939376 0.0688687 0.0496734 0.0593807 0.0648943 0.0722367 0.0618911 0.0811569 0.0661798 0.0852889 0.0737403 0.0000000 0.0778083 0.0862826 0.0846896 0.0710648 0.0803101 0.0637957 0.1181596 0.1964607 0.2011945 0.0690475 0.0638976 0.0723266 0.0659638 0.0691945 
S0013_G4893_R1_A 0.0721321 0.0928174 0.0843599 0.0715709 0.0737785 0.0723735 0.0861990 0.0752631 0.0896670 0.0741770 0.0925365 0.0876994 0.0778083 0.0000000 0.0789371 0.0768338 0.0780825 0.0840724 0.0671029 0.1306283 0.2107067 0.2221570 0.0935124 0.0821032 0.0933699 0.0765654 0.0821326 
S0048_G4893_R1_A 0.0820554 0.1143536 0.0958541 0.0825414 0.0896948 0.0842705 0.0934468 0.0865697 0.1044094 0.0896085 0.1049072 0.0954809 0.0862826 0.0789371 0.0000000 0.0205683 0.0928453 0.0972861 0.0852072 0.1410918 0.2173290 0.2337452 0.1013332 0.0930948 0.0981498 0.0922746 0.0955222 
S0050_G4893_R1_A 0.0823878 0.1107073 0.0924578 0.0792573 0.0875497 0.0798219 0.0919098 0.0850418 0.1027638 0.0879451 0.1032054 0.0938936 0.0846896 0.0768338 0.0205683 0.0000000 0.0911318 0.0968422 0.0860405 0.1369835 0.2106446 0.2319611 0.0994796 0.0919945 0.0978108 0.0924872 0.0958588 
S0021_G4893_R1_A 0.0612928 0.0957081 0.0807656 0.0624589 0.0676934 0.0694619 0.0256316 0.0684608 0.0849541 0.0683041 0.0853614 0.0740411 0.0710648 0.0780825 0.0928453 0.0911318 0.0000000 0.0658700 0.0636314 0.1149704 0.1987125 0.2030603 0.0865415 0.0691864 0.0261055 0.0000010 0.0700376 
S0026_G4893_R1_A 0.0711660 0.1047650 0.0921791 0.0736747 0.0782485 0.0776234 0.0680188 0.0792352 0.0903613 0.0783236 0.0979119 0.0855285 0.0803101 0.0840724 0.0972861 0.0968422 0.0658700 0.0000000 0.0721720 0.1223137 0.2095395 0.2113508 0.0977204 0.0777428 0.0686977 0.0638994 0.0823992 
S0028_G4893_R1_A 0.0590570 0.0916789 0.0729162 0.0575652 0.0607282 0.0567841 0.0655753 0.0629324 0.0774184 0.0602990 0.0838983 0.0673006 0.0637957 0.0671029 0.0852072 0.0860405 0.0636314 0.0721720 0.0000000 0.1121213 0.2071523 0.2158327 0.0767098 0.0625435 0.0676307 0.0610020 0.0635722 
S0012_G4893_R1_A 0.1145482 0.1425336 0.1273489 0.1105619 0.1200142 0.1238295 0.1220851 0.1220873 0.1361971 0.1246538 0.1409884 0.1330910 0.1181596 0.1306283 0.1410918 0.1369835 0.1149704 0.1223137 0.1121213 0.0000000 0.2531785 0.2588447 0.1227310 0.1128626 0.1139298 0.1058806 0.1185601 
S0005_G4893_R1_A 0.2033265 0.2371490 0.2156888 0.2032878 0.2098101 0.2060203 0.1971118 0.2021055 0.2172987 0.2073986 0.2306539 0.2195493 0.1964607 0.2107067 0.2173290 0.2106446 0.1987125 0.2095395 0.2071523 0.2531785 0.0000000 0.0000010 0.2229769 0.2080166 0.1936989 0.1888455 0.2048257 
S0005_G4893_R2_A 0.2084393 0.2373368 0.2265769 0.2143108 0.2156854 0.2201274 0.1998444 0.2120134 0.2236126 0.2185235 0.2426301 0.2327223 0.2011945 0.2221570 0.2337452 0.2319611 0.2030603 0.2113508 0.2158327 0.2588447 0.0000010 0.0000000 0.2295052 0.2138380 0.2030866 0.2014689 0.2202558 
S0011_G4893_R2_A 0.0668964 0.1018855 0.0000010 0.0623548 0.0694348 0.0772894 0.0834901 0.0744942 0.0890783 0.0758374 0.0967282 0.0850009 0.0690475 0.0935124 0.1013332 0.0994796 0.0865415 0.0977204 0.0767098 0.1227310 0.2229769 0.2295052 0.0000000 0.0732378 0.0829924 0.0793920 0.0810624 
S0031_G4893_R1_A 0.0649675 0.0695011 0.0728920 0.0579030 0.0629630 0.0708496 0.0745173 0.0628438 0.0411656 0.0718511 0.0867155 0.0694133 0.0638976 0.0821032 0.0930948 0.0919945 0.0691864 0.0777428 0.0625435 0.1128626 0.2080166 0.2138380 0.0732378 0.0000000 0.0742930 0.0665649 0.0738702 
S0021_G4893_R4_A 0.0634747 0.1005099 0.0825723 0.0669541 0.0727680 0.0780201 0.0000010 0.0739716 0.0851923 0.0747581 0.0910816 0.0823036 0.0723266 0.0933699 0.0981498 0.0978108 0.0261055 0.0686977 0.0676307 0.1139298 0.1936989 0.2030866 0.0829924 0.0742930 0.0000000 0.0226469 0.0744843 
S0021_G4893_R3_A 0.0610621 0.0939282 0.0761609 0.0617752 0.0648128 0.0681159 0.0222310 0.0652809 0.0836138 0.0639904 0.0819976 0.0715603 0.0659638 0.0765654 0.0922746 0.0924872 0.0000010 0.0638994 0.0610020 0.1058806 0.1888455 0.2014689 0.0793920 0.0665649 0.0226469 0.0000000 0.0683002 
S0030_G4893_R1_A 0.0645215 0.0948595 0.0782128 0.0647443 0.0657558 0.0732338 0.0743374 0.0712007 0.0824265 0.0686420 0.0890782 0.0773789 0.0691945 0.0821326 0.0955222 0.0958588 0.0700376 0.0823992 0.0635722 0.1185601 0.2048257 0.2202558 0.0810624 0.0738702 0.0744843 0.0683002 0.0000000 
