29
S0005_G4890_R1_A 0.0000000 0.2603424 0.2607906 0.2489440 0.2549382 0.2661652 0.2610844 0.2771355 0.2728634 0.2841485 0.2662785 0.3026948 0.2702854 0.2887986 0.2951585 0.2732515 0.2798725 0.2687847 0.2794265 0.3013564 0.2676107 0.2783674 0.2854874 0.3101365 0.2943209 0.4075156 0.3143531 0.3139203 0.4160097 
S0021_G4890_R1_A 0.2603424 0.0000000 0.0372229 0.0717007 0.0801281 0.0819756 0.0783863 0.1024955 0.0901579 0.1043622 0.0794210 0.1296080 0.1035178 0.1030986 0.1288639 0.0984316 0.1013602 0.1050671 0.1058239 0.1166512 0.0823882 0.0998138 0.1051427 0.1263805 0.1310134 0.1978906 0.2960481 0.3058378 0.3926709 
S0021_G4890_R2_A 0.2607906 0.0372229 0.0000000 0.0669743 0.0727014 0.0779793 0.0716506 0.0971593 0.0825663 0.0973418 0.0731876 0.1240635 0.0987705 0.0954087 0.1218950 0.0972527 0.0973022 0.1005216 0.1025932 0.1140937 0.0783808 0.0908301 0.0997285 0.1182910 0.1265538 0.1933953 0.2846874 0.2950202 0.3855630 
S0002_G4890_R1_A 0.2489440 0.0717007 0.0669743 0.0000000 0.0478234 0.0514083 0.0473012 0.0761163 0.0576873 0.0719588 0.0748959 0.1042995 0.0821489 0.0714484 0.1249734 0.0790577 0.0853084 0.0902883 0.0928767 0.1029346 0.0812183 0.0839114 0.0927750 0.1065012 0.1150767 0.1872211 0.2884409 0.2911595 0.4021719 
S0011_G4890_R1_A 0.2549382 0.0801281 0.0727014 0.0478234 0.0000000 0.0555151 0.0520024 0.0772323 0.0619585 0.0773549 0.0803645 0.1066871 0.0854837 0.0803991 0.1308633 0.0800963 0.0931640 0.0936292 0.1025800 0.1037730 0.0833590 0.0907982 0.0967836 0.1110183 0.1164512 0.1907418 0.2800905 0.2912176 0.3905994 
S0020_G4890_R2_U 0.2661652 0.0819756 0.0779793 0.0514083 0.0555151 0.0000000 0.0587866 0.0914005 0.0711010 0.0833370 0.0835088 0.1169906 0.0924759 0.0865828 0.1297344 0.0901645 0.0978412 0.0983052 0.1014661 0.1130121 0.0903276 0.0945080 0.1035330 0.1164003 0.1227360 0.1981968 0.2885418 0.3008435 0.4042443 
S0036_G4890_R1_U 0.2610844 0.0783863 0.0716506 0.0473012 0.0520024 0.0587866 0.0000000 0.0808580 0.0587302 0.0728606 0.0787279 0.1079997 0.0824431 0.0784791 0.1311436 0.0840225 0.0896721 0.0950113 0.1013093 0.1029561 0.0865929 0.0942635 0.1018469 0.1098549 0.1196401 0.1932437 0.2939806 0.3020099 0.4020540 
S0016_G4890_R1_A 0.2771355 0.1024955 0.0971593 0.0761163 0.0772323 0.0914005 0.0808580 0.0000000 0.0919884 0.1104007 0.1048446 0.1076298 0.0828853 0.0949329 0.1506257 0.0799703 0.1110858 0.1135177 0.1206587 0.1000288 0.1089197 0.1094162 0.1169084 0.1332355 0.1395158 0.2136501 0.3120437 0.3126302 0.4364932 
S0019_G4890_R1_A 0.2728634 0.0901579 0.0825663 0.0576873 0.0619585 0.0711010 0.0587302 0.0919884 0.0000000 0.0396008 0.0955560 0.1204481 0.0955084 0.0868973 0.1284219 0.0930188 0.1045542 0.1051292 0.1162969 0.1109121 0.0996937 0.1047436 0.1063082 0.1201109 0.1319408 0.1862669 0.2872514 0.3021036 0.4106390 
S0020_G4890_R1_A 0.2841485 0.1043622 0.0973418 0.0719588 0.0773549 0.0833370 0.0728606 0.1104007 0.0396008 0.0000000 0.1073959 0.1332259 0.1102329 0.1026777 0.1441402 0.1071523 0.1227906 0.1174032 0.1313616 0.1277762 0.1109222 0.1195676 0.1228399 0.1323269 0.1502316 0.2151505 0.3169769 0.3254923 0.4358259 
S0026_G4890_R1_A 0.2662785 0.0794210 0.0731876 0.0748959 0.0803645 0.0835088 0.0787279 0.1048446 0.0955560 0.1073959 0.0000000 0.1312942 0.1024092 0.0955788 0.1250916 0.0989685 0.1014666 0.1022505 0.1058380 0.1207211 0.0942408 0.1005243 0.1101412 0.1280080 0.1299320 0.1977965 0.2840186 0.2991113 0.4152508 
S0018_G4890_R1_U 0.3026948 0.1296080 0.1240635 0.1042995 0.1066871 0.1169906 0.1079997 0.1076298 0.1204481 0.1332259 0.1312942 0.0000000 0.0658668 0.1238978 0.1790603 0.1028322 0.1411761 0.1344496 0.1479808 0.1051072 0.1362670 0.1376335 0.1367794 0.1604309 0.1743350 0.2389172 0.3279338 0.3483577 0.4631068 
S0031_G4890_R1_A 0.2702854 0.1035178 0.0987705 0.0821489 0.0854837 0.0924759 0.0824431 0.0828853 0.0955084 0.1102329 0.1024092 0.0658668 0.0000000 0.0959989 0.1492952 0.0727778 0.1128510 0.1121947 0.1232299 0.0837327 0.1075590 0.1117896 0.1169430 0.1288761 0.1467404 0.2171895 0.3062305 0.3160948 0.4357858 
S0017_G4890_R1_U 0.2887986 0.1030986 0.0954087 0.0714484 0.0803991 0.0865828 0.0784791 0.0949329 0.0868973 0.1026777 0.0955788 0.1238978 0.0959989 0.0000000 0.1445151 0.0967747 0.1069757 0.1030754 0.1175099 0.1115372 0.1063528 0.1084182 0.1138284 0.1290622 0.1445225 0.2103685 0.3062873 0.3164141 0.4163095 
S0046_G4890_R1_A 0.2951585 0.1288639 0.1218950 0.1249734 0.1308633 0.1297344 0.1311436 0.1506257 0.1284219 0.1441402 0.1250916 0.1790603 0.1492952 0.1445151 0.0000000 0.1459782 0.1466950 0.1481620 0.1536359 0.1753256 0.1436701 0.1425194 0.1443164 0.1735599 0.1785124 0.1978526 0.2818873 0.2965082 0.4378866 
S0004_G4890_R1_A 0.2732515 0.0984316 0.0972527 0.0790577 0.0800963 0.0901645 0.0840225 0.0799703 0.0930188 0.1071523 0.0989685 0.1028322 0.0727778 0.0967747 0.1459782 0.0000000 0.1101546 0.1162459 0.1164869 0.0946254 0.1068920 0.1110393 0.1196605 0.1283226 0.1398276 0.2156588 0.3014638 0.3142934 0.4274930 
S0022_G4890_R3_A 0.2798725 0.1013602 0.0973022 0.0853084 0.0931640 0.0978412 0.0896721 0.1110858 0.1045542 0.1227906 0.1014666 0.1411761 0.1128510 0.1069757 0.1466950 0.1101546 0.0000000 0.0540188 0.0477678 0.1334998 0.1103117 0.1005309 0.1069196 0.1376974 0.1272432 0.2066120 0.3133239 0.3271545 0.4341015 
S0022_G4890_R1_A 0.2687847 0.1050671 0.1005216 0.0902883 0.0936292 0.0983052 0.0950113 0.1135177 0.1051292 0.1174032 0.1022505 0.1344496 0.1121947 0.1030754 0.1481620 0.1162459 0.0540188 0.0000000 0.0720861 0.1278950 0.1056258 0.0979650 0.1094100 0.1390734 0.1266234 0.2177214 0.2906602 0.2992129 0.4321963 
S0022_G4890_R4_A 0.2794265 0.1058239 0.1025932 0.0928767 0.1025800 0.1014661 0.1013093 0.1206587 0.1162969 0.1313616 0.1058380 0.1479808 0.1232299 0.1175099 0.1536359 0.1164869 0.0477678 0.0720861 0.0000000 0.1396424 0.1213824 0.1139403 0.1166186 0.1411482 0.1293240 0.2205431 0.3071738 0.3212221 0.4255658 
S0037_G4890_R1_A 0.3013564 0.1166512 0.1140937 0.1029346 0.1037730 0.1130121 0.1029561 0.1000288 0.1109121 0.1277762 0.1207211 0.1051072 0.0837327 0.1115372 0.1753256 0.0946254 0.1334998 0.1278950 0.1396424 0.0000000 0.1297824 0.1260911 0.1345339 0.1538287 0.1581452 0.2302262 0.3276273 0.3399118 0.4363288 
S0028_G4890_R1_A 0.2676107 0.0823882 0.0783808 0.0812183 0.0833590 0.0903276 0.0865929 0.1089197 0.0996937 0.1109222 0.0942408 0.1362670 0.1075590 0.1063528 0.1436701 0.1068920 0.1103117 0.1056258 0.1213824 0.1297824 0.0000000 0.1078138 0.1183695 0.1304108 0.1339363 0.2138592 0.3081745 0.3100726 0.4103650 
S0013_G4890_R1_A 0.2783674 0.0998138 0.0908301 0.0839114 0.0907982 0.0945080 0.0942635 0.1094162 0.1047436 0.1195676 0.1005243 0.1376335 0.1117896 0.1084182 0.1425194 0.1110393 0.1005309 0.0979650 0.1139403 0.1260911 0.1078138 0.0000000 0.0828345 0.1433555 0.1347213 0.1784904 0.3004368 0.3133811 0.4354445 
S0048_G4890_R1_A 0.2854874 0.1051427 0.0997285 0.0927750 0.0967836 0.1035330 0.1018469 0.1169084 0.1063082 0.1228399 0.1101412 0.1367794 0.1169430 0.1138284 0.1443164 0.1196605 0.1069196 0.1094100 0.1166186 0.1345339 0.1183695 0.0828345 0.0000000 0.1451494 0.1429055 0.1126304 0.3017993 0.3181608 0.4216033 
S0012_G4890_R1_A 0.3101365 0.1263805 0.1182910 0.1065012 0.1110183 0.1164003 0.1098549 0.1332355 0.1201109 0.1323269 0.1280080 0.1604309 0.1288761 0.1290622 0.1735599 0.1283226 0.1376974 0.1390734 0.1411482 0.1538287 0.1304108 0.1433555 0.1451494 0.0000000 0.1632251 0.2518930 0.3276669 0.3383982 0.4564203 
S0022_G4890_R2_A 0.2943209 0.1310134 0.1265538 0.1150767 0.1164512 0.1227360 0.1196401 0.1395158 0.1319408 0.1502316 0.1299320 0.1743350 0.1467404 0.1445225 0.1785124 0.1398276 0.1272432 0.1266234 0.1293240 0.1581452 0.1339363 0.1347213 0.1429055 0.1632251 0.0000000 0.2461608 0.3351241 0.3454135 0.4504062 
S0050_G4890_R4_A 0.4075156 0.1978906 0.1933953 0.1872211 0.1907418 0.1981968 0.1932437 0.2136501 0.1862669 0.2151505 0.1977965 0.2389172 0.2171895 0.2103685 0.1978526 0.2156588 0.2066120 0.2177214 0.2205431 0.2302262 0.2138592 0.1784904 0.1126304 0.2518930 0.2461608 0.0000000 0.3661438 0.3908513 0.5639648 
S0030_G4890_R1_A 0.3143531 0.2960481 0.2846874 0.2884409 0.2800905 0.2885418 0.2939806 0.3120437 0.2872514 0.3169769 0.2840186 0.3279338 0.3062305 0.3062873 0.2818873 0.3014638 0.3133239 0.2906602 0.3071738 0.3276273 0.3081745 0.3004368 0.3017993 0.3276669 0.3351241 0.3661438 0.0000000 0.1444970 0.4974857 
S0050_G4890_R2_A 0.3139203 0.3058378 0.2950202 0.2911595 0.2912176 0.3008435 0.3020099 0.3126302 0.3021036 0.3254923 0.2991113 0.3483577 0.3160948 0.3164141 0.2965082 0.3142934 0.3271545 0.2992129 0.3212221 0.3399118 0.3100726 0.3133811 0.3181608 0.3383982 0.3454135 0.3908513 0.1444970 0.0000000 0.5165263 
S0005_G4890_R3_A 0.4160097 0.3926709 0.3855630 0.4021719 0.3905994 0.4042443 0.4020540 0.4364932 0.4106390 0.4358259 0.4152508 0.4631068 0.4357858 0.4163095 0.4378866 0.4274930 0.4341015 0.4321963 0.4255658 0.4363288 0.4103650 0.4354445 0.4216033 0.4564203 0.4504062 0.5639648 0.4974857 0.5165263 0.0000000 
