31
S0011_G4942_R1_A 0.0000000 0.0076922 0.2332688 0.2679428 0.3593827 0.2548914 0.2492920 0.2705608 0.2844400 0.2286142 0.2656660 0.2576242 0.2074817 0.2064000 0.2550212 0.2550212 0.2701128 0.2748850 0.2733290 0.2689652 0.3354089 0.3406005 0.5996566 0.2996307 0.3027229 0.3011417 0.3011417 0.3065919 0.3001735 0.5338898 0.3422552 
S0011_G4942_R2_A 0.0076922 0.0000000 0.2272945 0.2654730 0.3518314 0.2505731 0.2430622 0.2642711 0.2779694 0.2206785 0.2593321 0.2513757 0.2017570 0.2006688 0.2488510 0.2488510 0.2634434 0.2683526 0.2687206 0.2643968 0.3302423 0.3420306 0.5945869 0.2967711 0.3029346 0.3013523 0.3013523 0.3068091 0.3003839 0.5438351 0.3331551 
S0028_G4942_R1_A 0.2332688 0.2272945 0.0000000 0.1243458 0.1151137 0.0703461 0.0753006 0.1986362 0.2075258 0.1455109 0.1003186 0.0984390 0.0769332 0.0756287 0.1142762 0.1142762 0.1182781 0.1618514 0.1564890 0.1555062 0.1580464 0.1646006 0.1888407 0.1484583 0.1629894 0.1537552 0.1537552 0.1542378 0.1477239 0.2599734 0.2043078 
S0013_G4942_R1_A 0.2679428 0.2654730 0.1243458 0.0000000 0.1847024 0.1376140 0.1414026 0.2397645 0.2514443 0.1907814 0.1753073 0.1700687 0.1467545 0.1399755 0.1787439 0.1787439 0.1888664 0.2239724 0.2348137 0.2333659 0.2391149 0.2485662 0.2990687 0.2224137 0.2423433 0.2139139 0.2139139 0.2268939 0.2116117 0.3752792 0.2633265 
S0036_G4942_R1_U 0.3593827 0.3518314 0.1151137 0.1847024 0.0000000 0.1384078 0.1468545 0.2914555 0.2947065 0.2281850 0.1668243 0.1693240 0.1353608 0.1368513 0.1604421 0.1604421 0.1697662 0.2183091 0.2198831 0.2195334 0.2088180 0.2150750 0.2057437 0.2110017 0.2219084 0.1991870 0.1991870 0.2059154 0.2058021 0.2811896 0.2433957 
S0021_G4942_R1_A 0.2548914 0.2505731 0.0703461 0.1376140 0.1384078 0.0000000 0.0828042 0.2282639 0.2366411 0.1663181 0.1253780 0.1234568 0.1011800 0.0972269 0.1380674 0.1380674 0.1477835 0.1822211 0.1850210 0.1839494 0.1843801 0.1904375 0.2170808 0.1848623 0.1980228 0.1747596 0.1747596 0.1785330 0.1736153 0.2804907 0.2072105 
S0026_G4942_R1_A 0.2492920 0.2430622 0.0753006 0.1414026 0.1468545 0.0828042 0.0000000 0.2295186 0.2392445 0.1645814 0.1253616 0.1233097 0.0994041 0.0962022 0.1344162 0.1344162 0.1434811 0.1820037 0.1750162 0.1739540 0.1907674 0.1979568 0.2149632 0.1754750 0.1873805 0.1749234 0.1749234 0.1737008 0.1694375 0.2910311 0.2078274 
S0046_G4942_R1_A 0.2705608 0.2642711 0.1986362 0.2397645 0.2914555 0.2282639 0.2295186 0.0000000 0.0238023 0.1515750 0.2399871 0.2415264 0.2065685 0.2030994 0.2360615 0.2360615 0.2509446 0.2532860 0.2587398 0.2573169 0.2991449 0.3089106 0.4115893 0.2720705 0.2936147 0.2697449 0.2697449 0.2628884 0.2605489 0.4266592 0.3879438 
S0046_G4942_R2_A 0.2844400 0.2779694 0.2075258 0.2514443 0.2947065 0.2366411 0.2392445 0.0238023 0.0000000 0.1687507 0.2601168 0.2616285 0.2240115 0.2211694 0.2540159 0.2540159 0.2695889 0.2704980 0.2761565 0.2746954 0.3135844 0.3234904 0.4163724 0.2850731 0.3064120 0.2852374 0.2852374 0.2785709 0.2756331 0.4489116 0.3984009 
S0030_G4942_R1_A 0.2286142 0.2206785 0.1455109 0.1907814 0.2281850 0.1663181 0.1645814 0.1515750 0.1687507 0.0000000 0.1835025 0.1796755 0.1493094 0.1482091 0.1820068 0.1820068 0.1926721 0.2128865 0.2157655 0.2144772 0.2439188 0.2539411 0.3247771 0.2310398 0.2382613 0.2255679 0.2255679 0.2300769 0.2247990 0.3758452 0.3036611 
S0048_G4942_R1_A 0.2656660 0.2593321 0.1003186 0.1753073 0.1668243 0.1253780 0.1253616 0.2399871 0.2601168 0.1835025 0.0000000 0.0098782 0.1038328 0.1090076 0.1471228 0.1471228 0.1399387 0.1836136 0.1835174 0.1805296 0.1906938 0.1969531 0.2387393 0.1868439 0.1986213 0.1796307 0.1796307 0.1788793 0.1727194 0.2797968 0.2450102 
S0050_G4942_R1_A 0.2576242 0.2513757 0.0984390 0.1700687 0.1693240 0.1234568 0.1233097 0.2415264 0.2616285 0.1796755 0.0098782 0.0000000 0.1020793 0.1054212 0.1486726 0.1486726 0.1406019 0.1812269 0.1811212 0.1781505 0.1911996 0.1974500 0.2372416 0.1844576 0.1961345 0.1812094 0.1812094 0.1776032 0.1714666 0.2765325 0.2494676 
S0019_G4942_R1_A 0.2074817 0.2017570 0.0769332 0.1467545 0.1353608 0.1011800 0.0994041 0.2065685 0.2240115 0.1493094 0.1038328 0.1020793 0.0000000 0.0452465 0.1231585 0.1231585 0.1249918 0.1581906 0.1544976 0.1535100 0.1496102 0.1561349 0.2104048 0.1555333 0.1641419 0.1536029 0.1536029 0.1587573 0.1546052 0.2658334 0.2257935 
S0020_G4942_R1_A 0.2064000 0.2006688 0.0756287 0.1399755 0.1368513 0.0972269 0.0962022 0.2030994 0.2211694 0.1482091 0.1090076 0.1054212 0.0452465 0.0000000 0.1231756 0.1231756 0.1239515 0.1641959 0.1603387 0.1593464 0.1503621 0.1568534 0.2118689 0.1560292 0.1672834 0.1604996 0.1604996 0.1577494 0.1553453 0.2659910 0.2211665 
S0017_G4942_R1_A 0.2550212 0.2488510 0.1142762 0.1787439 0.1604421 0.1380674 0.1344162 0.2360615 0.2540159 0.1820068 0.1471228 0.1486726 0.1231585 0.1231756 0.0000000 0.0000010 0.1631017 0.1978967 0.1953779 0.1952291 0.1925772 0.1996555 0.2510252 0.1947999 0.2118012 0.1942436 0.1942436 0.1935231 0.1908594 0.2921034 0.2656878 
S0017_G4942_R2_A 0.2550212 0.2488510 0.1142762 0.1787439 0.1604421 0.1380674 0.1344162 0.2360615 0.2540159 0.1820068 0.1471228 0.1486726 0.1231585 0.1231756 0.0000010 0.0000000 0.1631017 0.1978967 0.1953779 0.1952291 0.1925772 0.1996555 0.2510252 0.1947999 0.2118012 0.1942436 0.1942436 0.1935231 0.1908594 0.2921034 0.2656878 
S0012_G4942_R1_A 0.2701128 0.2634434 0.1182781 0.1888664 0.1697662 0.1477835 0.1434811 0.2509446 0.2695889 0.1926721 0.1399387 0.1406019 0.1249918 0.1239515 0.1631017 0.1631017 0.0000000 0.2057756 0.2025420 0.2025389 0.2042566 0.2115230 0.2382138 0.2058485 0.2159819 0.1982751 0.1982751 0.1929967 0.1899808 0.3135037 0.2616636 
S0016_G4942_R1_A 0.2748850 0.2683526 0.1618514 0.2239724 0.2183091 0.1822211 0.1820037 0.2532860 0.2704980 0.2128865 0.1836136 0.1812269 0.1581906 0.1641959 0.1978967 0.1978967 0.2057756 0.0000000 0.0588201 0.0572932 0.2403494 0.2468275 0.2890586 0.1752418 0.1897142 0.1647232 0.1647232 0.1627368 0.1586411 0.2830787 0.2800817 
S0016_G4942_R2_A 0.2733290 0.2687206 0.1564890 0.2348137 0.2198831 0.1850210 0.1750162 0.2587398 0.2761565 0.2157655 0.1835174 0.1811212 0.1544976 0.1603387 0.1953779 0.1953779 0.2025420 0.0588201 0.0000000 0.0047738 0.2392578 0.2445019 0.2975410 0.1799156 0.1919561 0.1651883 0.1651883 0.1651371 0.1602035 0.2879448 0.2891491 
S0016_G4942_R3_A 0.2689652 0.2643968 0.1555062 0.2333659 0.2195334 0.1839494 0.1739540 0.2573169 0.2746954 0.2144772 0.1805296 0.1781505 0.1535100 0.1593464 0.1952291 0.1952291 0.2025389 0.0572932 0.0047738 0.0000000 0.2349317 0.2401421 0.2983690 0.1788709 0.1918244 0.1641692 0.1641692 0.1641132 0.1582993 0.2877563 0.2889062 
S0002_G4942_R1_A 0.3354089 0.3302423 0.1580464 0.2391149 0.2088180 0.1843801 0.1907674 0.2991449 0.3135844 0.2439188 0.1906938 0.1911996 0.1496102 0.1503621 0.1925772 0.1925772 0.2042566 0.2403494 0.2392578 0.2349317 0.0000000 0.0077090 0.2494248 0.2244307 0.2329788 0.2265282 0.2265282 0.2280989 0.2275873 0.2995354 0.3239873 
S0002_G4942_R2_A 0.3406005 0.3420306 0.1646006 0.2485662 0.2150750 0.1904375 0.1979568 0.3089106 0.3234904 0.2539411 0.1969531 0.1974500 0.1561349 0.1568534 0.1996555 0.1996555 0.2115230 0.2468275 0.2445019 0.2401421 0.0077090 0.0000000 0.2563786 0.2286360 0.2372115 0.2297057 0.2297057 0.2323244 0.2318011 0.3083860 0.3316323 
S0022_G4942_R1_A 0.5996566 0.5945869 0.1888407 0.2990687 0.2057437 0.2170808 0.2149632 0.4115893 0.4163724 0.3247771 0.2387393 0.2372416 0.2104048 0.2118689 0.2510252 0.2510252 0.2382138 0.2890586 0.2975410 0.2983690 0.2494248 0.2563786 0.0000000 0.2745901 0.2922774 0.2645943 0.2645943 0.2649493 0.2590770 0.3374857 0.3101424 
S0004_G4942_R1_A 0.2996307 0.2967711 0.1484583 0.2224137 0.2110017 0.1848623 0.1754750 0.2720705 0.2850731 0.2310398 0.1868439 0.1844576 0.1555333 0.1560292 0.1947999 0.1947999 0.2058485 0.1752418 0.1799156 0.1788709 0.2244307 0.2286360 0.2745901 0.0000000 0.0527601 0.1340468 0.1340468 0.1337652 0.1280303 0.2534893 0.2936193 
S0004_G4942_R2_A 0.3027229 0.3029346 0.1629894 0.2423433 0.2219084 0.1980228 0.1873805 0.2936147 0.3064120 0.2382613 0.1986213 0.1961345 0.1641419 0.1672834 0.2118012 0.2118012 0.2159819 0.1897142 0.1919561 0.1918244 0.2329788 0.2372115 0.2922774 0.0527601 0.0000000 0.1384866 0.1384866 0.1451899 0.1367572 0.2717324 0.3132986 
S0018_G4942_R2_A 0.3011417 0.3013523 0.1537552 0.2139139 0.1991870 0.1747596 0.1749234 0.2697449 0.2852374 0.2255679 0.1796307 0.1812094 0.1536029 0.1604996 0.1942436 0.1942436 0.1982751 0.1647232 0.1651883 0.1641692 0.2265282 0.2297057 0.2645943 0.1340468 0.1384866 0.0000000 0.0000010 0.0717032 0.0677883 0.2338379 0.2772748 
S0018_G4942_R3_A 0.3011417 0.3013523 0.1537552 0.2139139 0.1991870 0.1747596 0.1749234 0.2697449 0.2852374 0.2255679 0.1796307 0.1812094 0.1536029 0.1604996 0.1942436 0.1942436 0.1982751 0.1647232 0.1651883 0.1641692 0.2265282 0.2297057 0.2645943 0.1340468 0.1384866 0.0000010 0.0000000 0.0717032 0.0677883 0.2338379 0.2772748 
S0031_G4942_R3_A 0.3065919 0.3068091 0.1542378 0.2268939 0.2059154 0.1785330 0.1737008 0.2628884 0.2785709 0.2300769 0.1788793 0.1776032 0.1587573 0.1577494 0.1935231 0.1935231 0.1929967 0.1627368 0.1651371 0.1641132 0.2280989 0.2323244 0.2649493 0.1337652 0.1451899 0.0717032 0.0717032 0.0000000 0.0208500 0.2318559 0.2867446 
S0031_G4942_R2_A 0.3001735 0.3003839 0.1477239 0.2116117 0.2058021 0.1736153 0.1694375 0.2605489 0.2756331 0.2247990 0.1727194 0.1714666 0.1546052 0.1553453 0.1908594 0.1908594 0.1899808 0.1586411 0.1602035 0.1582993 0.2275873 0.2318011 0.2590770 0.1280303 0.1367572 0.0677883 0.0677883 0.0208500 0.0000000 0.2307463 0.2821687 
S0037_G4942_R1_A 0.5338898 0.5438351 0.2599734 0.3752792 0.2811896 0.2804907 0.2910311 0.4266592 0.4489116 0.3758452 0.2797968 0.2765325 0.2658334 0.2659910 0.2921034 0.2921034 0.3135037 0.2830787 0.2879448 0.2877563 0.2995354 0.3083860 0.3374857 0.2534893 0.2717324 0.2338379 0.2338379 0.2318559 0.2307463 0.0000000 0.3470379 
S0005_G4942_R1_A 0.3422552 0.3331551 0.2043078 0.2633265 0.2433957 0.2072105 0.2078274 0.3879438 0.3984009 0.3036611 0.2450102 0.2494676 0.2257935 0.2211665 0.2656878 0.2656878 0.2616636 0.2800817 0.2891491 0.2889062 0.3239873 0.3316323 0.3101424 0.2936193 0.3132986 0.2772748 0.2772748 0.2867446 0.2821687 0.3470379 0.0000000 
