33
S0002_G4992_R1_A 0.0000000 0.0681460 0.0508381 0.0503120 0.0618246 0.0683172 0.0622634 0.0559749 0.0677385 0.0687841 0.0692590 0.0856602 0.1044815 0.1030084 0.1681258 0.1547731 0.1553414 0.0976658 0.0873634 0.0618246 0.0683172 0.1110656 0.0500262 0.0677537 0.0806595 0.0560027 0.0678596 0.0744718 0.0934951 0.0678435 0.0739670 0.1243874 0.1573100 
S0013_G4992_R1_A 0.0681460 0.0000000 0.0627275 0.0623126 0.0740472 0.0744760 0.0862344 0.0615724 0.0733834 0.0749929 0.0877422 0.1102139 0.1172454 0.1098158 0.1989751 0.1760916 0.1767455 0.1225613 0.1000029 0.0737546 0.0744760 0.1366554 0.0733587 0.0797979 0.1053566 0.0678336 0.0799240 0.0807109 0.1251664 0.0560548 0.0737676 0.1240212 0.1799631 
S0016_G4992_R1_A 0.0508381 0.0627275 0.0000000 0.0450768 0.0566573 0.0628868 0.0564579 0.0505812 0.0623514 0.0633154 0.0698029 0.0923226 0.0983588 0.0974052 0.1489714 0.1402456 0.1407548 0.1045017 0.0818952 0.0564347 0.0628868 0.1119005 0.0561357 0.0741482 0.0873270 0.0506065 0.0624633 0.0690355 0.0996550 0.0624485 0.0804793 0.1321366 0.1418846 
S0046_G4992_R1_A 0.0503120 0.0623126 0.0450768 0.0000000 0.0560674 0.0624696 0.0681595 0.0502551 0.0619416 0.0628923 0.0693288 0.0797478 0.1106773 0.0966959 0.1490220 0.1479027 0.1484435 0.0797473 0.0813295 0.0560674 0.0624696 0.1173381 0.0557724 0.0736526 0.0867240 0.0502800 0.0620520 0.0685720 0.1059220 0.0562462 0.0740228 0.1244917 0.1500182 
S0021_G4992_R3_A 0.0618246 0.0740472 0.0566573 0.0560674 0.0000000 0.0054727 0.0799573 0.0502323 0.0736020 0.0747452 0.0692961 0.0916453 0.1230127 0.1094159 0.1586021 0.1617981 0.1623944 0.1037224 0.0812909 0.0000010 0.0054727 0.1298013 0.0672850 0.0854479 0.0988336 0.0502572 0.0054361 0.0110099 0.1183706 0.0737165 0.0918573 0.1376577 0.1647706 
S0021_G4992_R4_A 0.0683172 0.0744760 0.0628868 0.0624696 0.0054727 0.0000000 0.0864478 0.0563088 0.0799776 0.0812352 0.0757648 0.0982583 0.1300691 0.1101737 0.1602871 0.1623168 0.1629167 0.1104848 0.0879075 0.0054519 0.0000010 0.1369738 0.0735406 0.0919689 0.1056125 0.0563370 0.0109678 0.0054657 0.1254655 0.0801031 0.0984891 0.1453535 0.1653298 
S0028_G4992_R1_A 0.0622634 0.0862344 0.0564579 0.0681595 0.0799573 0.0864478 0.0000000 0.0736455 0.0857095 0.0870618 0.0938561 0.1040684 0.1110088 0.1029321 0.2086827 0.1830321 0.1837139 0.1163389 0.1061866 0.0796404 0.0864478 0.1365776 0.0674976 0.0857288 0.0930065 0.0736824 0.0858638 0.0927976 0.1116126 0.0858431 0.0921643 0.1181180 0.1873380 
S0018_G4992_R1_U 0.0559749 0.0615724 0.0505812 0.0502551 0.0502323 0.0563088 0.0736455 0.0000000 0.0218084 0.0625235 0.0749079 0.0852225 0.1039313 0.0650539 0.1480897 0.1396448 0.1401485 0.0971637 0.0869076 0.0500378 0.0563088 0.0982568 0.0611901 0.0674073 0.0802383 0.0557221 0.0559349 0.0623206 0.1115047 0.0613038 0.0789716 0.1162739 0.1412399 
S0031_G4992_R1_A 0.0677385 0.0733834 0.0623514 0.0619416 0.0736020 0.0799776 0.0857095 0.0218084 0.0000000 0.0681369 0.0811703 0.1027508 0.1165003 0.0714162 0.1678347 0.1538863 0.1544481 0.1148479 0.0993754 0.0733129 0.0799776 0.1107910 0.0729218 0.0793116 0.0925005 0.0674298 0.0794412 0.0862287 0.1243639 0.0730587 0.0910242 0.1297271 0.1563546 
S0022_G4992_R1_A 0.0687841 0.0749929 0.0633154 0.0628923 0.0747452 0.0812352 0.0870618 0.0625235 0.0681369 0.0000000 0.0510961 0.0982374 0.1310794 0.1040166 0.1919944 0.1629310 0.1635364 0.1104692 0.0627862 0.0744470 0.0812352 0.1315992 0.0740435 0.0926250 0.1063981 0.0684657 0.0806822 0.0875980 0.1200014 0.0746534 0.0930561 0.1466309 0.1659984 
S0030_G4992_R1_A 0.0692590 0.0877422 0.0698029 0.0693288 0.0692961 0.0757648 0.0938561 0.0749079 0.0811703 0.0510961 0.0000000 0.1184112 0.1385363 0.1185318 0.1827245 0.1786321 0.1793062 0.1310759 0.0109708 0.0690184 0.0757648 0.1390571 0.0805701 0.0994592 0.1135257 0.0630312 0.0752459 0.0821201 0.1273988 0.0812423 0.0999283 0.1472809 0.1741394 
S0017_G4992_R1_U 0.0856602 0.1102139 0.0923226 0.0797478 0.0916453 0.0982583 0.1040684 0.0852225 0.1027508 0.0982374 0.1184112 0.0000000 0.1482914 0.1354438 0.2293508 0.2123454 0.2131484 0.0054154 0.1309950 0.0912814 0.0982583 0.1683431 0.0907853 0.1095555 0.1236085 0.0972059 0.0975963 0.1047018 0.1310598 0.0975725 0.1039880 0.1650933 0.2021823 
S0012_G4992_R1_A 0.1044815 0.1172454 0.0983588 0.1106773 0.1230127 0.1300691 0.1110088 0.1039313 0.1165003 0.1310794 0.1385363 0.1482914 0.0000000 0.1299189 0.2200215 0.2131033 0.2139126 0.1611514 0.1514684 0.1225130 0.1300691 0.1435462 0.1095641 0.1165269 0.1308845 0.1162440 0.1291812 0.1368785 0.1647463 0.1166950 0.1233522 0.1525733 0.2193734 
S0037_G4992_R1_A 0.1030084 0.1098158 0.0974052 0.0966959 0.1094159 0.1101737 0.1029321 0.0650539 0.0714162 0.1040166 0.1185318 0.1354438 0.1299189 0.0000000 0.2145130 0.2093951 0.2102286 0.1487120 0.1318034 0.1089548 0.1101737 0.1506258 0.1020337 0.1155761 0.1284839 0.1025039 0.1157805 0.1170846 0.1589563 0.1157501 0.1358303 0.1749967 0.2157425 
S0005_G4992_R1_A 0.1681258 0.1989751 0.1489714 0.1490220 0.1586021 0.1602871 0.2086827 0.1480897 0.1678347 0.1919944 0.1827245 0.2293508 0.2200215 0.2145130 0.0000000 0.0000010 0.0000010 0.2293516 0.1709022 0.1586021 0.1602871 0.1977388 0.1860340 0.1870522 0.2129125 0.1479327 0.1691113 0.1709212 0.2561458 0.1776202 0.2084083 0.2546343 0.0000010 
S0005_G4992_R4_A 0.1547731 0.1760916 0.1402456 0.1479027 0.1617981 0.1623168 0.1830321 0.1396448 0.1538863 0.1629310 0.1786321 0.2123454 0.2131033 0.2093951 0.0000010 0.0000000 0.0000010 0.2123454 0.1700892 0.1610707 0.1623168 0.1897633 0.1670647 0.1897760 0.2077191 0.1464144 0.1687483 0.1700609 0.2330395 0.1680305 0.1901604 0.2298498 0.0000010 
S0005_G4992_R2_A 0.1553414 0.1767455 0.1407548 0.1484435 0.1623944 0.1629167 0.1837139 0.1401485 0.1544481 0.1635364 0.1793062 0.2131484 0.2139126 0.2102286 0.0000010 0.0000010 0.0000000 0.2123454 0.1700892 0.1616616 0.1629167 0.1904705 0.1676750 0.1904836 0.2085125 0.1469448 0.1693723 0.1706938 0.2339537 0.1686491 0.1908703 0.2307949 0.0000010 
S0017_G4992_R2_U 0.0976658 0.1225613 0.1045017 0.0797473 0.1037224 0.1104848 0.1163389 0.0971637 0.1148479 0.1104692 0.1310759 0.0054154 0.1611514 0.1487120 0.2293516 0.2123454 0.2123454 0.0000000 0.1433269 0.1033081 0.1104848 0.1815024 0.1027404 0.1218213 0.1362153 0.1092940 0.1097388 0.1170478 0.1438891 0.1097117 0.1162482 0.1789964 0.1953709 
S0030_G4992_R3_A 0.0873634 0.1000029 0.0818952 0.0813295 0.0812909 0.0879075 0.1061866 0.0869076 0.0993754 0.0627862 0.0109708 0.1309950 0.1514684 0.1318034 0.1709022 0.1700892 0.1700892 0.1433269 0.0000000 0.0809633 0.0879075 0.1587247 0.0925826 0.1117854 0.1261984 0.0748980 0.0873043 0.0943802 0.1403741 0.0933655 0.1123189 0.1611086 0.1652096 
S0021_G4992_R5_A 0.0618246 0.0737546 0.0564347 0.0560674 0.0000010 0.0054519 0.0796404 0.0500378 0.0733129 0.0744470 0.0690184 0.0912814 0.1225130 0.1089548 0.1586021 0.1610707 0.1616616 0.1033081 0.0809633 0.0000000 0.0054519 0.1292702 0.0670233 0.0851104 0.0984353 0.0500626 0.0054155 0.0109678 0.1178843 0.0734265 0.0914916 0.1370599 0.1639847 
S0021_G4992_R6_A 0.0683172 0.0744760 0.0628868 0.0624696 0.0054727 0.0000010 0.0864478 0.0563088 0.0799776 0.0812352 0.0757648 0.0982583 0.1300691 0.1101737 0.1602871 0.1623168 0.1629167 0.1104848 0.0879075 0.0054519 0.0000000 0.1369738 0.0735406 0.0919689 0.1056125 0.0563370 0.0109678 0.0054657 0.1254655 0.0801031 0.0984891 0.1453535 0.1653298 
S0004_G4992_R1_A 0.1110656 0.1366554 0.1119005 0.1173381 0.1298013 0.1369738 0.1365776 0.0982568 0.1107910 0.1315992 0.1390571 0.1683431 0.1435462 0.1506258 0.1977388 0.1897633 0.1904705 0.1815024 0.1587247 0.1292702 0.1369738 0.0000000 0.1285346 0.1162063 0.1305120 0.1036380 0.1226250 0.1301893 0.1709270 0.1225941 0.1419102 0.1728774 0.1944318 
S0011_G4992_R1_A 0.0500262 0.0733587 0.0561357 0.0557724 0.0672850 0.0735406 0.0674976 0.0611901 0.0729218 0.0740435 0.0805701 0.0907853 0.1095641 0.1020337 0.1860340 0.1670647 0.1676750 0.1027404 0.0925826 0.0670233 0.0735406 0.1285346 0.0000000 0.0729380 0.0858642 0.0612202 0.0730514 0.0796877 0.1048461 0.0730342 0.0791521 0.1296886 0.1557165 
S0019_G4992_R1_A 0.0677537 0.0797979 0.0741482 0.0736526 0.0854479 0.0919689 0.0857288 0.0674073 0.0793116 0.0926250 0.0994592 0.1095555 0.1165269 0.1155761 0.1870522 0.1897760 0.1904836 0.1218213 0.1117854 0.0851104 0.0919689 0.1162063 0.0729380 0.0000000 0.0448887 0.0558731 0.0789655 0.0857024 0.1111059 0.0789468 0.0851253 0.1232148 0.1860795 
S0020_G4992_R1_U 0.0806595 0.1053566 0.0873270 0.0867240 0.0988336 0.1056125 0.0930065 0.0802383 0.0925005 0.1063981 0.1135257 0.1236085 0.1308845 0.1284839 0.2129125 0.2077191 0.2085125 0.1362153 0.1261984 0.0984353 0.1056125 0.1305120 0.0858642 0.0448887 0.0000000 0.0684027 0.0920830 0.0991312 0.1254111 0.0920605 0.0984528 0.1317657 0.1969759 
S0036_G4992_R1_A 0.0560027 0.0678336 0.0506065 0.0502800 0.0502572 0.0563370 0.0736824 0.0557221 0.0674298 0.0684657 0.0630312 0.0972059 0.1162440 0.1025039 0.1479327 0.1464144 0.1469448 0.1092940 0.0748980 0.0500626 0.0563370 0.1036380 0.0612202 0.0558731 0.0684027 0.0000000 0.0559626 0.0623519 0.1115620 0.0675339 0.0854597 0.1370301 0.1484178 
S0021_G4992_R1_A 0.0678596 0.0799240 0.0624633 0.0620520 0.0054361 0.0109678 0.0858638 0.0559349 0.0794412 0.0806822 0.0752459 0.0975963 0.1291812 0.1157805 0.1691113 0.1687483 0.1693723 0.1097388 0.0873043 0.0054155 0.0109678 0.1226250 0.0730514 0.0789655 0.0920830 0.0559626 0.0000000 0.0054531 0.1112866 0.0673794 0.0852592 0.1299573 0.1639847 
S0021_G4992_R2_A 0.0744718 0.0807109 0.0690355 0.0685720 0.0110099 0.0054657 0.0927976 0.0623206 0.0862287 0.0875980 0.0821201 0.1047018 0.1368785 0.1170846 0.1709212 0.1700609 0.1706938 0.1170478 0.0943802 0.0109678 0.0054657 0.1301893 0.0796877 0.0857024 0.0991312 0.0623519 0.0054531 0.0000000 0.1187288 0.0739373 0.0921319 0.1380917 0.1653298 
S0026_G4992_R1_A 0.0934951 0.1251664 0.0996550 0.1059220 0.1183706 0.1254655 0.1116126 0.1115047 0.1243639 0.1200014 0.1273988 0.1310598 0.1647463 0.1589563 0.2561458 0.2330395 0.2339537 0.1438891 0.1403741 0.1178843 0.1254655 0.1709270 0.1048461 0.1111059 0.1254111 0.1115620 0.1112866 0.1187288 0.0000000 0.0989363 0.1054576 0.1456274 0.2235511 
S0048_G4992_R1_A 0.0678435 0.0560548 0.0624485 0.0562462 0.0737165 0.0801031 0.0858431 0.0613038 0.0730587 0.0746534 0.0812423 0.0975725 0.1166950 0.1157501 0.1776202 0.1680305 0.1686491 0.1097117 0.0933655 0.0734265 0.0801031 0.1225941 0.0730342 0.0789468 0.0920605 0.0675339 0.0673794 0.0739373 0.0989363 0.0000000 0.0163641 0.0841604 0.1558449 
S0050_G4992_R2_A 0.0739670 0.0737676 0.0804793 0.0740228 0.0918573 0.0984891 0.0921643 0.0789716 0.0910242 0.0930561 0.0999283 0.1039880 0.1233522 0.1358303 0.2084083 0.1901604 0.1908703 0.1162482 0.1123189 0.0914916 0.0984891 0.1419102 0.0791521 0.0851253 0.0984528 0.0854597 0.0852592 0.0921319 0.1054576 0.0163641 0.0000000 0.0907916 0.1788640 
S0050_G4992_R3_A 0.1243874 0.1240212 0.1321366 0.1244917 0.1376577 0.1453535 0.1181180 0.1162739 0.1297271 0.1466309 0.1472809 0.1650933 0.1525733 0.1749967 0.2546343 0.2298498 0.2307949 0.1789964 0.1611086 0.1370599 0.1453535 0.1728774 0.1296886 0.1232148 0.1317657 0.1370301 0.1299573 0.1380917 0.1456274 0.0841604 0.0907916 0.0000000 0.2280825 
S0005_G4992_R5_A 0.1573100 0.1799631 0.1418846 0.1500182 0.1647706 0.1653298 0.1873380 0.1412399 0.1563546 0.1659984 0.1741394 0.2021823 0.2193734 0.2157425 0.0000010 0.0000010 0.0000010 0.1953709 0.1652096 0.1639847 0.1653298 0.1944318 0.1557165 0.1860795 0.1969759 0.1484178 0.1639847 0.1653298 0.2235511 0.1558449 0.1788640 0.2280825 0.0000000 
