23
S0048_G5032_R1_A 0.0000000 0.0222130 0.0907759 0.0912713 0.0942342 0.0897629 0.1147686 0.0985036 0.0959699 0.0971686 0.1023115 0.1103280 0.1113245 0.1032291 0.1274736 0.1061869 0.1033393 0.1117430 0.1001109 0.0989372 0.1017613 0.2267207 0.1271854 
S0050_G5032_R1_A 0.0222130 0.0000000 0.0889560 0.0888842 0.0924306 0.0879677 0.1115487 0.1001215 0.0969734 0.0926609 0.1018655 0.1085095 0.1082851 0.1007274 0.1227159 0.1057283 0.1049444 0.1126693 0.0976179 0.0941716 0.1006236 0.2276549 0.1288719 
S0002_G5032_R1_A 0.0907759 0.0889560 0.0000000 0.0568798 0.0592290 0.0595941 0.0916667 0.0688442 0.0693900 0.0685076 0.0750893 0.0793628 0.0800643 0.0693831 0.0898484 0.0754658 0.0744460 0.0876225 0.0612886 0.0613439 0.0765737 0.2134984 0.1110553 
S0020_G5032_R1_A 0.0912713 0.0888842 0.0568798 0.0000000 0.0478466 0.0542872 0.0902367 0.0631851 0.0726548 0.0690294 0.0711354 0.0801030 0.0796816 0.0693202 0.0918967 0.0702778 0.0686984 0.0878440 0.0665412 0.0617552 0.0845698 0.2018413 0.1108540 
S0036_G5032_R1_A 0.0942342 0.0924306 0.0592290 0.0478466 0.0000000 0.0540901 0.0880062 0.0648764 0.0749235 0.0686069 0.0678117 0.0782574 0.0825393 0.0733906 0.0938444 0.0707710 0.0703473 0.0880971 0.0690114 0.0642574 0.0854082 0.2071198 0.1189064 
S0019_G5032_R1_A 0.0897629 0.0879677 0.0595941 0.0542872 0.0540901 0.0000000 0.0858933 0.0625219 0.0692494 0.0661492 0.0659181 0.0753386 0.0790645 0.0710779 0.0922185 0.0689559 0.0691230 0.0845355 0.0650533 0.0593787 0.0817756 0.2102269 0.1079017 
S0046_G5032_R1_A 0.1147686 0.1115487 0.0916667 0.0902367 0.0880062 0.0858933 0.0000000 0.0815876 0.1005144 0.0925506 0.0914270 0.1016129 0.1054352 0.0978433 0.1173798 0.0951547 0.0945816 0.1147989 0.0954734 0.0889179 0.1071601 0.2338811 0.1356946 
S0028_G5032_R1_A 0.0985036 0.1001215 0.0688442 0.0631851 0.0648764 0.0625219 0.0815876 0.0000000 0.0801373 0.0686149 0.0671697 0.0845017 0.0831149 0.0684026 0.0978514 0.0696866 0.0681718 0.0895436 0.0759966 0.0650051 0.0870717 0.1979489 0.1184041 
S0022_G5032_R1_A 0.0959699 0.0969734 0.0693900 0.0726548 0.0749235 0.0692494 0.1005144 0.0801373 0.0000000 0.0742022 0.0813087 0.0886573 0.0873836 0.0803604 0.1026955 0.0846573 0.0847186 0.1003373 0.0789895 0.0757264 0.0902363 0.2236338 0.1202250 
S0030_G5032_R1_A 0.0971686 0.0926609 0.0685076 0.0690294 0.0686069 0.0661492 0.0925506 0.0686149 0.0742022 0.0000000 0.0736665 0.0872467 0.0847332 0.0748573 0.0984550 0.0798713 0.0793863 0.0948134 0.0781500 0.0713594 0.0885384 0.2089201 0.1166734 
S0026_G5032_R1_A 0.1023115 0.1018655 0.0750893 0.0711354 0.0678117 0.0659181 0.0914270 0.0671697 0.0813087 0.0736665 0.0000000 0.0886808 0.0900291 0.0799381 0.1072746 0.0752236 0.0721631 0.0953645 0.0815155 0.0757888 0.0975329 0.2091756 0.1231006 
S0004_G5032_R1_A 0.1103280 0.1085095 0.0793628 0.0801030 0.0782574 0.0753386 0.1016129 0.0845017 0.0886573 0.0872467 0.0886808 0.0000000 0.0829072 0.0720931 0.0960006 0.0903990 0.0887761 0.1001123 0.0834689 0.0700827 0.0949812 0.2254367 0.1314238 
S0018_G5032_R1_A 0.1113245 0.1082851 0.0800643 0.0796816 0.0825393 0.0790645 0.1054352 0.0831149 0.0873836 0.0847332 0.0900291 0.0829072 0.0000000 0.0496752 0.0877720 0.0939971 0.0922217 0.0986130 0.0835146 0.0682465 0.1011367 0.2128760 0.1356392 
S0031_G5032_R1_A 0.1032291 0.1007274 0.0693831 0.0693202 0.0733906 0.0710779 0.0978433 0.0684026 0.0803604 0.0748573 0.0799381 0.0720931 0.0496752 0.0000000 0.0774883 0.0802835 0.0774618 0.0911455 0.0745167 0.0590465 0.0860836 0.2125247 0.1224835 
S0037_G5032_R1_U 0.1274736 0.1227159 0.0898484 0.0918967 0.0938444 0.0922185 0.1173798 0.0978514 0.1026955 0.0984550 0.1072746 0.0960006 0.0877720 0.0774883 0.0000000 0.0995278 0.0952825 0.1181656 0.0963981 0.0777672 0.1087428 0.2419905 0.1441259 
S0021_G5032_R1_A 0.1061869 0.1057283 0.0754658 0.0702778 0.0707710 0.0689559 0.0951547 0.0696866 0.0846573 0.0798713 0.0752236 0.0903990 0.0939971 0.0802835 0.0995278 0.0000000 0.0247293 0.0947073 0.0823850 0.0695620 0.0931252 0.2091267 0.1262643 
S0021_G5032_R2_A 0.1033393 0.1049444 0.0744460 0.0686984 0.0703473 0.0691230 0.0945816 0.0681718 0.0847186 0.0793863 0.0721631 0.0887761 0.0922217 0.0774618 0.0952825 0.0247293 0.0000000 0.0999975 0.0795283 0.0720413 0.0936949 0.2046107 0.1205731 
S0017_G5032_R1_A 0.1117430 0.1126693 0.0876225 0.0878440 0.0880971 0.0845355 0.1147989 0.0895436 0.1003373 0.0948134 0.0953645 0.1001123 0.0986130 0.0911455 0.1181656 0.0947073 0.0999975 0.0000000 0.0915892 0.0883692 0.1035575 0.2343921 0.1343526 
S0011_G5032_R1_A 0.1001109 0.0976179 0.0612886 0.0665412 0.0690114 0.0650533 0.0954734 0.0759966 0.0789895 0.0781500 0.0815155 0.0834689 0.0835146 0.0745167 0.0963981 0.0823850 0.0795283 0.0915892 0.0000000 0.0677709 0.0817691 0.2099258 0.1186047 
S0016_G5032_R1_A 0.0989372 0.0941716 0.0613439 0.0617552 0.0642574 0.0593787 0.0889179 0.0650051 0.0757264 0.0713594 0.0757888 0.0700827 0.0682465 0.0590465 0.0777672 0.0695620 0.0720413 0.0883692 0.0677709 0.0000000 0.0799365 0.2083468 0.1110568 
S0013_G5032_R1_A 0.1017613 0.1006236 0.0765737 0.0845698 0.0854082 0.0817756 0.1071601 0.0870717 0.0902363 0.0885384 0.0975329 0.0949812 0.1011367 0.0860836 0.1087428 0.0931252 0.0936949 0.1035575 0.0817691 0.0799365 0.0000000 0.2240442 0.1111754 
S0005_G5032_R1_A 0.2267207 0.2276549 0.2134984 0.2018413 0.2071198 0.2102269 0.2338811 0.1979489 0.2236338 0.2089201 0.2091756 0.2254367 0.2128760 0.2125247 0.2419905 0.2091267 0.2046107 0.2343921 0.2099258 0.2083468 0.2240442 0.0000000 0.2611649 
S0012_G5032_R1_A 0.1271854 0.1288719 0.1110553 0.1108540 0.1189064 0.1079017 0.1356946 0.1184041 0.1202250 0.1166734 0.1231006 0.1314238 0.1356392 0.1224835 0.1441259 0.1262643 0.1205731 0.1343526 0.1186047 0.1110568 0.1111754 0.2611649 0.0000000 
