26
S0022_G5090_R1_A 0.0000000 0.0762229 0.0715534 0.0656804 0.0728045 0.0858299 0.0796750 0.0731547 0.0765907 0.0792758 0.0761264 0.0882924 0.0777462 0.0817051 0.1169461 0.1017370 0.0959942 0.1136907 0.0887308 0.0900177 0.0634460 0.0729856 0.2808092 0.3973819 0.3928157 0.3946974 
S0002_G5090_R1_A 0.0762229 0.0000000 0.0586813 0.0597130 0.0593146 0.0924587 0.0859963 0.0810147 0.0771206 0.0825343 0.0761475 0.0893675 0.0744575 0.0919263 0.1218923 0.1017563 0.1081084 0.1100303 0.0967566 0.0954414 0.0646648 0.0716946 0.2868423 0.3666952 0.3607299 0.3627503 
S0011_G5090_R1_A 0.0715534 0.0586813 0.0000000 0.0519667 0.0472737 0.0764770 0.0731632 0.0730748 0.0722906 0.0769014 0.0727329 0.0818109 0.0680688 0.0865642 0.1127547 0.1030727 0.1026213 0.1072130 0.0871658 0.0876386 0.0620163 0.0594941 0.2960319 0.3951381 0.3886392 0.3946141 
S0020_G5090_R1_A 0.0656804 0.0597130 0.0519667 0.0000000 0.0471960 0.0723453 0.0724307 0.0668994 0.0666719 0.0705573 0.0669697 0.0770140 0.0661902 0.0756909 0.1075537 0.0963989 0.0929257 0.1019547 0.0876781 0.0850581 0.0620502 0.0492095 0.2818600 0.3909954 0.3778464 0.3944120 
S0036_G5090_R1_A 0.0728045 0.0593146 0.0472737 0.0471960 0.0000000 0.0802791 0.0773013 0.0717966 0.0725144 0.0784660 0.0770902 0.0832107 0.0740072 0.0829614 0.1137331 0.1045032 0.1009742 0.1078949 0.0886444 0.0878019 0.0630660 0.0552210 0.2877926 0.3816272 0.3749365 0.3861868 
S0021_G5090_R1_A 0.0858299 0.0924587 0.0764770 0.0723453 0.0802791 0.0000000 0.0265272 0.0727886 0.0855659 0.0733226 0.0869826 0.0993138 0.0850449 0.0925033 0.1309979 0.1110008 0.1198181 0.1203340 0.0904569 0.0939281 0.0771840 0.0779675 0.3033818 0.4150027 0.4160479 0.4188609 
S0021_G5090_R2_A 0.0796750 0.0859963 0.0731632 0.0724307 0.0773013 0.0265272 0.0000000 0.0685553 0.0794290 0.0728251 0.0831148 0.0946546 0.0792076 0.0867559 0.1241332 0.1080887 0.1133138 0.1149339 0.0899200 0.0924927 0.0703336 0.0751843 0.2989716 0.4154750 0.4132521 0.4214519 
S0026_G5090_R1_A 0.0731547 0.0810147 0.0730748 0.0668994 0.0717966 0.0727886 0.0685553 0.0000000 0.0718357 0.0681523 0.0757960 0.0819064 0.0725133 0.0781596 0.1227013 0.0982069 0.1067239 0.1070654 0.0763919 0.0738284 0.0598724 0.0721820 0.2793299 0.3934913 0.3928046 0.3999629 
S0046_G5090_R1_A 0.0765907 0.0771206 0.0722906 0.0666719 0.0725144 0.0855659 0.0794290 0.0718357 0.0000000 0.0777618 0.0799959 0.0871157 0.0804587 0.0911042 0.1294251 0.1069184 0.1082135 0.1171466 0.0858104 0.0852134 0.0581837 0.0767374 0.2976272 0.3974897 0.3948107 0.4021558 
S0028_G5090_R1_A 0.0792758 0.0825343 0.0769014 0.0705573 0.0784660 0.0733226 0.0728251 0.0681523 0.0777618 0.0000000 0.0789671 0.0858432 0.0770978 0.0843484 0.1202391 0.1057965 0.1103054 0.1093078 0.0770658 0.0783925 0.0657676 0.0753501 0.2979938 0.4097265 0.4071283 0.4145749 
S0016_G5090_R1_A 0.0761264 0.0761475 0.0727329 0.0669697 0.0770902 0.0869826 0.0831148 0.0757960 0.0799959 0.0789671 0.0000000 0.0703776 0.0578509 0.0858361 0.1185581 0.0874814 0.1104074 0.0954420 0.0919888 0.0913121 0.0680496 0.0739354 0.2920947 0.4157794 0.4168505 0.4228869 
S0031_G5090_R1_A 0.0882924 0.0893675 0.0818109 0.0770140 0.0832107 0.0993138 0.0946546 0.0819064 0.0871157 0.0858432 0.0703776 0.0000000 0.0731620 0.0953389 0.1313797 0.0758179 0.1198172 0.0907305 0.0903635 0.0918556 0.0755095 0.0835567 0.3051015 0.4099024 0.4062478 0.4074575 
S0004_G5090_R1_A 0.0777462 0.0744575 0.0680688 0.0661902 0.0740072 0.0850449 0.0792076 0.0725133 0.0804587 0.0770978 0.0578509 0.0731620 0.0000000 0.0834886 0.1224651 0.0882750 0.1113773 0.0935886 0.0860578 0.0880948 0.0700247 0.0697997 0.2855254 0.4080048 0.4051317 0.4117325 
S0013_G5090_R1_A 0.0817051 0.0919263 0.0865642 0.0756909 0.0829614 0.0925033 0.0867559 0.0781596 0.0911042 0.0843484 0.0858361 0.0953389 0.0834886 0.0000000 0.1217798 0.1152241 0.1177618 0.1193679 0.0849017 0.0821819 0.0747204 0.0857118 0.2926485 0.4166216 0.4099801 0.4216555 
S0012_G5090_R1_A 0.1169461 0.1218923 0.1127547 0.1075537 0.1137331 0.1309979 0.1241332 0.1227013 0.1294251 0.1202391 0.1185581 0.1313797 0.1224651 0.1217798 0.0000000 0.1490277 0.1630513 0.1492526 0.1281912 0.1223263 0.1170211 0.1320689 0.3241168 0.4665378 0.4555563 0.4669444 
S0018_G5090_R1_A 0.1017370 0.1017563 0.1030727 0.0963989 0.1045032 0.1110008 0.1080887 0.0982069 0.1069184 0.1057965 0.0874814 0.0758179 0.0882750 0.1152241 0.1490277 0.0000000 0.1305054 0.1164623 0.1142362 0.1152412 0.0866053 0.1013415 0.3192908 0.4407310 0.4423137 0.4517775 
S0017_G5090_R1_A 0.0959942 0.1081084 0.1026213 0.0929257 0.1009742 0.1198181 0.1133138 0.1067239 0.1082135 0.1103054 0.1104074 0.1198172 0.1113773 0.1177618 0.1630513 0.1305054 0.0000000 0.1454985 0.1321942 0.1265122 0.0983973 0.0830765 0.3042544 0.4146325 0.4109241 0.4272228 
S0037_G5090_R1_U 0.1136907 0.1100303 0.1072130 0.1019547 0.1078949 0.1203340 0.1149339 0.1070654 0.1171466 0.1093078 0.0954420 0.0907305 0.0935886 0.1193679 0.1492526 0.1164623 0.1454985 0.0000000 0.1249008 0.1250538 0.1066707 0.1109383 0.3161945 0.4636924 0.4560885 0.4655359 
S0048_G5090_R1_A 0.0887308 0.0967566 0.0871658 0.0876781 0.0886444 0.0904569 0.0899200 0.0763919 0.0858104 0.0770658 0.0919888 0.0903635 0.0860578 0.0849017 0.1281912 0.1142362 0.1321942 0.1249008 0.0000000 0.0350527 0.0782707 0.0907917 0.2749461 0.3621567 0.3558691 0.3567413 
S0050_G5090_R1_A 0.0900177 0.0954414 0.0876386 0.0850581 0.0878019 0.0939281 0.0924927 0.0738284 0.0852134 0.0783925 0.0913121 0.0918556 0.0880948 0.0821819 0.1223263 0.1152412 0.1265122 0.1250538 0.0350527 0.0000000 0.0780099 0.0844642 0.2859861 0.3566790 0.3482123 0.3555723 
S0030_G5090_R1_A 0.0634460 0.0646648 0.0620163 0.0620502 0.0630660 0.0771840 0.0703336 0.0598724 0.0581837 0.0657676 0.0680496 0.0755095 0.0700247 0.0747204 0.1170211 0.0866053 0.0983973 0.1066707 0.0782707 0.0780099 0.0000000 0.0619996 0.2636983 0.3206083 0.3107000 0.3193304 
S0019_G5090_R1_A 0.0729856 0.0716946 0.0594941 0.0492095 0.0552210 0.0779675 0.0751843 0.0721820 0.0767374 0.0753501 0.0739354 0.0835567 0.0697997 0.0857118 0.1320689 0.1013415 0.0830765 0.1109383 0.0907917 0.0844642 0.0619996 0.0000000 0.3146714 0.2573635 0.2568545 0.2718836 
S0005_G5090_R1_A 0.2808092 0.2868423 0.2960319 0.2818600 0.2877926 0.3033818 0.2989716 0.2793299 0.2976272 0.2979938 0.2920947 0.3051015 0.2855254 0.2926485 0.3241168 0.3192908 0.3042544 0.3161945 0.2749461 0.2859861 0.2636983 0.3146714 0.0000000 0.6300335 0.6161454 0.6375243 
S0019_G5090_R2_A 0.3973819 0.3666952 0.3951381 0.3909954 0.3816272 0.4150027 0.4154750 0.3934913 0.3974897 0.4097265 0.4157794 0.4099024 0.4080048 0.4166216 0.4665378 0.4407310 0.4146325 0.4636924 0.3621567 0.3566790 0.3206083 0.2573635 0.6300335 0.0000000 0.0344278 0.0444439 
S0019_G5090_R3_A 0.3928157 0.3607299 0.3886392 0.3778464 0.3749365 0.4160479 0.4132521 0.3928046 0.3948107 0.4071283 0.4168505 0.4062478 0.4051317 0.4099801 0.4555563 0.4423137 0.4109241 0.4560885 0.3558691 0.3482123 0.3107000 0.2568545 0.6161454 0.0344278 0.0000000 0.0444249 
S0019_G5090_R4_A 0.3946974 0.3627503 0.3946141 0.3944120 0.3861868 0.4188609 0.4214519 0.3999629 0.4021558 0.4145749 0.4228869 0.4074575 0.4117325 0.4216555 0.4669444 0.4517775 0.4272228 0.4655359 0.3567413 0.3555723 0.3193304 0.2718836 0.6375243 0.0444439 0.0444249 0.0000000 
