26
S0031_G5299_R1_A 0.0000000 0.0569327 0.0764027 0.0735345 0.0875491 0.0835578 0.0858412 0.0928628 0.0916283 0.0964326 0.0919629 0.0771775 0.1050655 0.0918504 0.1253322 0.3337244 0.1023753 0.3532625 0.5621267 0.1133165 0.0812753 0.1396410 0.1009958 0.1500500 0.1231040 0.1743860 
S0018_G5299_R1_U 0.0569327 0.0000000 0.0876053 0.0853382 0.1000073 0.0959968 0.0963659 0.1016412 0.0999408 0.1046188 0.1026298 0.0909209 0.1134803 0.0999024 0.1325401 0.3303728 0.1140026 0.3777847 0.6040038 0.1247373 0.0945148 0.1638190 0.1070704 0.1632036 0.1330159 0.1888676 
S0004_G5299_R1_A 0.0764027 0.0876053 0.0000000 0.0550781 0.0674516 0.0659740 0.0670406 0.0713407 0.0662107 0.0731824 0.0684630 0.0592804 0.0824824 0.0709982 0.0948851 0.2975350 0.0845475 0.3341831 0.5794796 0.1006071 0.0635706 0.1283455 0.0744950 0.1275255 0.1044775 0.1555764 
S0016_G5299_R1_A 0.0735345 0.0853382 0.0550781 0.0000000 0.0675261 0.0634342 0.0660239 0.0715461 0.0680586 0.0739472 0.0715174 0.0560762 0.0826829 0.0655499 0.0979167 0.2979630 0.0775611 0.3356889 0.5850169 0.0954250 0.0659877 0.1293698 0.0728593 0.1283448 0.1028405 0.1507244 
S0021_G5299_R1_A 0.0875491 0.1000073 0.0674516 0.0675261 0.0000000 0.0306136 0.0625138 0.0684501 0.0683636 0.0709292 0.0723981 0.0629903 0.0784333 0.0736456 0.0989032 0.3001873 0.0893064 0.3215823 0.5835366 0.1130208 0.0681598 0.1244408 0.0721890 0.1286855 0.1020533 0.1493487 
S0021_G5299_R2_A 0.0835578 0.0959968 0.0659740 0.0634342 0.0306136 0.0000000 0.0605656 0.0676444 0.0669186 0.0694207 0.0703251 0.0599379 0.0786943 0.0727973 0.0972605 0.2916758 0.0827637 0.3299265 0.5727101 0.1131212 0.0645662 0.1151631 0.0694908 0.1215622 0.1002480 0.1478749 
S0026_G5299_R1_A 0.0858412 0.0963659 0.0670406 0.0660239 0.0625138 0.0605656 0.0000000 0.0713692 0.0683908 0.0738114 0.0719479 0.0647777 0.0842262 0.0749648 0.1000684 0.3012426 0.0885675 0.3351224 0.5889936 0.1149686 0.0671478 0.1261075 0.0747143 0.1340273 0.1033774 0.1536830 
S0030_G5299_R1_A 0.0928628 0.1016412 0.0713407 0.0715461 0.0684501 0.0676444 0.0713692 0.0000000 0.0639744 0.0690949 0.0694330 0.0679400 0.0772836 0.0782305 0.1017102 0.2987200 0.0933651 0.3385613 0.5841609 0.1176366 0.0669758 0.1221634 0.0692257 0.1231787 0.1064654 0.1512701 
S0036_G5299_R1_A 0.0916283 0.0999408 0.0662107 0.0680586 0.0683636 0.0669186 0.0683908 0.0639744 0.0000000 0.0641537 0.0710660 0.0673004 0.0781479 0.0758547 0.0959769 0.3034356 0.0910169 0.3365690 0.5856659 0.1130445 0.0570160 0.1227631 0.0639669 0.1291707 0.1012506 0.1448905 
S0011_G5299_R1_A 0.0964326 0.1046188 0.0731824 0.0739472 0.0709292 0.0694207 0.0738114 0.0690949 0.0641537 0.0000000 0.0728877 0.0692961 0.0826604 0.0784736 0.1021960 0.3005938 0.0925279 0.3435540 0.5938223 0.1221657 0.0659554 0.1280694 0.0710131 0.1252409 0.1062402 0.1449681 
S0022_G5299_R1_A 0.0919629 0.1026298 0.0684630 0.0715174 0.0723981 0.0703251 0.0719479 0.0694330 0.0710660 0.0728877 0.0000000 0.0695913 0.0842022 0.0799241 0.1038939 0.3085712 0.0868437 0.3464263 0.5891626 0.1179393 0.0656001 0.1303862 0.0760877 0.1377819 0.1113767 0.1545337 
S0031_G5299_R2_A 0.0771775 0.0909209 0.0592804 0.0560762 0.0629903 0.0599379 0.0647777 0.0679400 0.0673004 0.0692961 0.0695913 0.0000000 0.0786290 0.0649027 0.0940814 0.2935283 0.0593186 0.3324630 0.5662872 0.1042943 0.0613785 0.1248157 0.0687287 0.1311034 0.0952387 0.1520777 
S0013_G5299_R1_A 0.1050655 0.1134803 0.0824824 0.0826829 0.0784333 0.0786943 0.0842262 0.0772836 0.0781479 0.0826604 0.0842022 0.0786290 0.0000000 0.0918400 0.1051173 0.3144556 0.1016942 0.3372942 0.5821277 0.1270902 0.0721930 0.1351555 0.0802069 0.1448435 0.1108550 0.1656462 
S0046_G5299_R1_A 0.0918504 0.0999024 0.0709982 0.0655499 0.0736456 0.0727973 0.0749648 0.0782305 0.0758547 0.0784736 0.0799241 0.0649027 0.0918400 0.0000000 0.1031572 0.3037747 0.0894755 0.3472150 0.5966703 0.1193831 0.0708082 0.1380885 0.0793619 0.1346928 0.1061477 0.1618751 
S0048_G5299_R1_A 0.1253322 0.1325401 0.0948851 0.0979167 0.0989032 0.0972605 0.1000684 0.1017102 0.0959769 0.1021960 0.1038939 0.0940814 0.1051173 0.1031572 0.0000000 0.3238333 0.1181723 0.3694531 0.6045047 0.1404996 0.0944841 0.1637446 0.1061209 0.1592339 0.0654057 0.1740218 
S0028_G5299_R1_A 0.3337244 0.3303728 0.2975350 0.2979630 0.3001873 0.2916758 0.3012426 0.2987200 0.3034356 0.3005938 0.3085712 0.2935283 0.3144556 0.3037747 0.3238333 0.0000000 0.3302318 0.5244803 0.8743432 0.3521489 0.2860560 0.3244557 0.3195182 0.3552839 0.3895601 0.4064102 
S0018_G5299_R2_A 0.1023753 0.1140026 0.0845475 0.0775611 0.0893064 0.0827637 0.0885675 0.0933651 0.0910169 0.0925279 0.0868437 0.0593186 0.1016942 0.0894755 0.1181723 0.3302318 0.0000000 0.3640009 0.6047933 0.1235209 0.0822857 0.1539014 0.0881508 0.1531372 0.1168612 0.1772660 
S0005_G5299_R2_A 0.3532625 0.3777847 0.3341831 0.3356889 0.3215823 0.3299265 0.3351224 0.3385613 0.3365690 0.3435540 0.3464263 0.3324630 0.3372942 0.3472150 0.3694531 0.5244803 0.3640009 0.0000000 0.4870918 0.3735499 0.3211355 0.3620902 0.3504171 0.3732713 0.3989040 0.3969550 
S0005_G5299_R1_A 0.5621267 0.6040038 0.5794796 0.5850169 0.5835366 0.5727101 0.5889936 0.5841609 0.5856659 0.5938223 0.5891626 0.5662872 0.5821277 0.5966703 0.6045047 0.8743432 0.6047933 0.4870918 0.0000000 0.5949606 0.5355742 0.6276460 0.6066323 0.6516086 0.5525453 0.6019124 
S0037_G5299_R1_A 0.1133165 0.1247373 0.1006071 0.0954250 0.1130208 0.1131212 0.1149686 0.1176366 0.1130445 0.1221657 0.1179393 0.1042943 0.1270902 0.1193831 0.1404996 0.3521489 0.1235209 0.3735499 0.5949606 0.0000000 0.1075020 0.1778813 0.1198581 0.1790123 0.1486002 0.2139139 
S0020_G5299_R1_U 0.0812753 0.0945148 0.0635706 0.0659877 0.0681598 0.0645662 0.0671478 0.0669758 0.0570160 0.0659554 0.0656001 0.0613785 0.0721930 0.0708082 0.0944841 0.2860560 0.0822857 0.3211355 0.5355742 0.1075020 0.0000000 0.1028313 0.0421698 0.1249292 0.0923887 0.1312905 
S0017_G5299_R1_U 0.1396410 0.1638190 0.1283455 0.1293698 0.1244408 0.1151631 0.1261075 0.1221634 0.1227631 0.1280694 0.1303862 0.1248157 0.1351555 0.1380885 0.1637446 0.3244557 0.1539014 0.3620902 0.6276460 0.1778813 0.1028313 0.0000000 0.1291769 0.1796371 0.1742224 0.1824169 
S0019_G5299_R1_A 0.1009958 0.1070704 0.0744950 0.0728593 0.0721890 0.0694908 0.0747143 0.0692257 0.0639669 0.0710131 0.0760877 0.0687287 0.0802069 0.0793619 0.1061209 0.3195182 0.0881508 0.3504171 0.6066323 0.1198581 0.0421698 0.1291769 0.0000000 0.1264897 0.1086169 0.1432103 
S0012_G5299_R1_A 0.1500500 0.1632036 0.1275255 0.1283448 0.1286855 0.1215622 0.1340273 0.1231787 0.1291707 0.1252409 0.1377819 0.1311034 0.1448435 0.1346928 0.1592339 0.3552839 0.1531372 0.3732713 0.6516086 0.1790123 0.1249292 0.1796371 0.1264897 0.0000000 0.1665171 0.2033179 
S0050_G5299_R1_A 0.1231040 0.1330159 0.1044775 0.1028405 0.1020533 0.1002480 0.1033774 0.1064654 0.1012506 0.1062402 0.1113767 0.0952387 0.1108550 0.1061477 0.0654057 0.3895601 0.1168612 0.3989040 0.5525453 0.1486002 0.0923887 0.1742224 0.1086169 0.1665171 0.0000000 0.1423183 
S0002_G5299_R1_A 0.1743860 0.1888676 0.1555764 0.1507244 0.1493487 0.1478749 0.1536830 0.1512701 0.1448905 0.1449681 0.1545337 0.1520777 0.1656462 0.1618751 0.1740218 0.4064102 0.1772660 0.3969550 0.6019124 0.2139139 0.1312905 0.1824169 0.1432103 0.2033179 0.1423183 0.0000000 
