24
S0013_G5357_R1_A 0.0000000 0.0816692 0.0833677 0.0795774 0.0884384 0.0933804 0.0951197 0.0894291 0.0893807 0.0798207 0.1111656 0.0902419 0.1084040 0.1104579 0.0963210 0.0951117 0.0998341 0.0785495 0.1173311 0.0945858 0.2016645 0.2411804 0.4682749 0.3574909 
S0020_G5357_R1_U 0.0816692 0.0000000 0.0608171 0.0601657 0.0606102 0.0679167 0.0626516 0.0643989 0.0649180 0.0612534 0.0819250 0.0589346 0.0925417 0.0982766 0.0645934 0.0781370 0.0845740 0.0458340 0.0884569 0.0682582 0.1935863 0.2277623 0.4186512 0.3140026 
S0030_G5357_R1_A 0.0833677 0.0608171 0.0000000 0.0650901 0.0725140 0.0719343 0.0718848 0.0710226 0.0711998 0.0689874 0.0925616 0.0680475 0.0970756 0.1024302 0.0747375 0.0878285 0.0951636 0.0547746 0.0911807 0.0728324 0.1980031 0.2305014 0.4105065 0.2899989 
S0026_G5357_R1_A 0.0795774 0.0601657 0.0650901 0.0000000 0.0691255 0.0738201 0.0685578 0.0660120 0.0666428 0.0570745 0.0881466 0.0674078 0.0899766 0.0974920 0.0723444 0.0672829 0.0719741 0.0554020 0.0858208 0.0672881 0.1909761 0.2063368 0.4195382 0.3194191 
S0016_G5357_R1_A 0.0884384 0.0606102 0.0725140 0.0691255 0.0000000 0.0768693 0.0731938 0.0664908 0.0728723 0.0681720 0.0862913 0.0677853 0.1010599 0.1046900 0.0722808 0.0869023 0.0918710 0.0590653 0.0834127 0.0679069 0.1971352 0.2299178 0.4392663 0.3346814 
S0046_G5357_R1_A 0.0933804 0.0679167 0.0719343 0.0738201 0.0768693 0.0000000 0.0752655 0.0758555 0.0750176 0.0729852 0.0951056 0.0762458 0.1051888 0.1099931 0.0743108 0.0879989 0.0979629 0.0641951 0.1032639 0.0843738 0.1972164 0.2362045 0.4316565 0.3333875 
S0002_G5357_R1_A 0.0951197 0.0626516 0.0718848 0.0685578 0.0731938 0.0752655 0.0000000 0.0695344 0.0739421 0.0650036 0.0967416 0.0618506 0.1031390 0.1065563 0.0703969 0.0863537 0.0907433 0.0521278 0.0927430 0.0729601 0.1998153 0.2356793 0.4483570 0.3324414 
S0004_G5357_R1_A 0.0894291 0.0643989 0.0710226 0.0660120 0.0664908 0.0758555 0.0695344 0.0000000 0.0764149 0.0651698 0.0897602 0.0678995 0.1014544 0.1033142 0.0736609 0.0855775 0.0933943 0.0597924 0.0810751 0.0635662 0.1927766 0.2238340 0.4392303 0.3299745 
S0022_G5357_R1_A 0.0893807 0.0649180 0.0711998 0.0666428 0.0728723 0.0750176 0.0739421 0.0764149 0.0000000 0.0689523 0.0967554 0.0711843 0.1001871 0.1054663 0.0778246 0.0845095 0.0877315 0.0604291 0.0921522 0.0725795 0.1999922 0.2276352 0.4448382 0.3128381 
S0028_G5357_R1_A 0.0798207 0.0612534 0.0689874 0.0570745 0.0681720 0.0729852 0.0650036 0.0651698 0.0689523 0.0000000 0.0894376 0.0670710 0.0960793 0.0996567 0.0698828 0.0691086 0.0749374 0.0546020 0.0890479 0.0692390 0.1923552 0.2157384 0.4302422 0.3246733 
S0037_G5357_R1_A 0.1111656 0.0819250 0.0925616 0.0881466 0.0862913 0.0951056 0.0967416 0.0897602 0.0967554 0.0894376 0.0000000 0.0907325 0.1235185 0.1216112 0.0961012 0.1117091 0.1181882 0.0789805 0.0992396 0.0840299 0.2133086 0.2494102 0.4543570 0.3512237 
S0036_G5357_R1_U 0.0902419 0.0589346 0.0680475 0.0674078 0.0677853 0.0762458 0.0618506 0.0678995 0.0711843 0.0670710 0.0907325 0.0000000 0.0993322 0.1052408 0.0701856 0.0875420 0.0925493 0.0522451 0.0906091 0.0707423 0.1930841 0.2299663 0.4472628 0.3287220 
S0048_G5357_R1_A 0.1084040 0.0925417 0.0970756 0.0899766 0.1010599 0.1051888 0.1031390 0.1014544 0.1001871 0.0960793 0.1235185 0.0993322 0.0000000 0.0472637 0.1057421 0.1117129 0.1177802 0.0890843 0.1180203 0.0990513 0.2296028 0.2664172 0.4607007 0.3495045 
S0050_G5357_R1_A 0.1104579 0.0982766 0.1024302 0.0974920 0.1046900 0.1099931 0.1065563 0.1033142 0.1054663 0.0996567 0.1216112 0.1052408 0.0472637 0.0000000 0.1110624 0.1148880 0.1203273 0.0929064 0.1135956 0.0961020 0.2241469 0.2562560 0.4659084 0.3510488 
S0011_G5357_R1_A 0.0963210 0.0645934 0.0747375 0.0723444 0.0722808 0.0743108 0.0703969 0.0736609 0.0778246 0.0698828 0.0961012 0.0701856 0.1057421 0.1110624 0.0000000 0.0909423 0.0970790 0.0571225 0.0929256 0.0745281 0.2035222 0.2310925 0.4544760 0.3406962 
S0021_G5357_R1_A 0.0951117 0.0781370 0.0878285 0.0672829 0.0869023 0.0879989 0.0863537 0.0855775 0.0845095 0.0691086 0.1117091 0.0875420 0.1117129 0.1148880 0.0909423 0.0000000 0.0338877 0.0758596 0.0982544 0.0795892 0.2164196 0.2399783 0.4635496 0.3432983 
S0021_G5357_R2_A 0.0998341 0.0845740 0.0951636 0.0719741 0.0918710 0.0979629 0.0907433 0.0933943 0.0877315 0.0749374 0.1181882 0.0925493 0.1177802 0.1203273 0.0970790 0.0338877 0.0000000 0.0809052 0.1066033 0.0901637 0.2240835 0.2461241 0.4764537 0.3540776 
S0019_G5357_R1_A 0.0785495 0.0458340 0.0547746 0.0554020 0.0590653 0.0641951 0.0521278 0.0597924 0.0604291 0.0546020 0.0789805 0.0522451 0.0890843 0.0929064 0.0571225 0.0758596 0.0809052 0.0000000 0.0802237 0.0608015 0.2018868 0.2232175 0.4022048 0.2868491 
S0018_G5357_R1_U 0.1173311 0.0884569 0.0911807 0.0858208 0.0834127 0.1032639 0.0927430 0.0810751 0.0921522 0.0890479 0.0992396 0.0906091 0.1180203 0.1135956 0.0929256 0.0982544 0.1066033 0.0802237 0.0000000 0.0548010 0.2234740 0.2450552 0.4934941 0.3810148 
S0031_G5357_R1_A 0.0945858 0.0682582 0.0728324 0.0672881 0.0679069 0.0843738 0.0729601 0.0635662 0.0725795 0.0692390 0.0840299 0.0707423 0.0990513 0.0961020 0.0745281 0.0795892 0.0901637 0.0608015 0.0548010 0.0000000 0.1946107 0.2243436 0.4558991 0.3536548 
S0012_G5357_R1_A 0.2016645 0.1935863 0.1980031 0.1909761 0.1971352 0.1972164 0.1998153 0.1927766 0.1999922 0.1923552 0.2133086 0.1930841 0.2296028 0.2241469 0.2035222 0.2164196 0.2240835 0.2018868 0.2234740 0.1946107 0.0000000 0.3668731 0.5355534 0.4469066 
S0005_G5357_R1_A 0.2411804 0.2277623 0.2305014 0.2063368 0.2299178 0.2362045 0.2356793 0.2238340 0.2276352 0.2157384 0.2494102 0.2299663 0.2664172 0.2562560 0.2310925 0.2399783 0.2461241 0.2232175 0.2450552 0.2243436 0.3668731 0.0000000 0.5803377 0.4553864 
S0017_G5357_R3_A 0.4682749 0.4186512 0.4105065 0.4195382 0.4392663 0.4316565 0.4483570 0.4392303 0.4448382 0.4302422 0.4543570 0.4472628 0.4607007 0.4659084 0.4544760 0.4635496 0.4764537 0.4022048 0.4934941 0.4558991 0.5355534 0.5803377 0.0000000 0.2936980 
S0017_G5357_R4_A 0.3574909 0.3140026 0.2899989 0.3194191 0.3346814 0.3333875 0.3324414 0.3299745 0.3128381 0.3246733 0.3512237 0.3287220 0.3495045 0.3510488 0.3406962 0.3432983 0.3540776 0.2868491 0.3810148 0.3536548 0.4469066 0.4553864 0.2936980 0.0000000 
