26
S0017_G5366_R1_U 0.0000000 0.1257278 0.1251311 0.0817926 0.0772667 0.1062220 0.1030897 0.0905447 0.0808599 0.1161074 0.0949814 0.0951481 0.0880505 0.0813871 0.0940174 0.0976949 0.0903842 0.1048394 0.0807963 0.1222375 0.1370736 0.1033613 0.2656403 1.1286294 1.0153982 1.0212771 
S0048_G5366_R1_A 0.1257278 0.0000000 0.0231860 0.1020233 0.1037487 0.1349036 0.1319962 0.1140795 0.1127141 0.1472119 0.1122933 0.1154348 0.1099811 0.1071580 0.1164629 0.1132303 0.1216071 0.1323076 0.1026189 0.1172846 0.1591130 0.1312649 0.2803142 1.1158634 1.0079996 1.0098169 
S0050_G5366_R1_A 0.1251311 0.0231860 0.0000000 0.1001948 0.0999680 0.1316167 0.1293909 0.1094742 0.1081144 0.1452448 0.1117058 0.1115056 0.1061793 0.1046217 0.1126109 0.1088796 0.1169465 0.1262399 0.0984094 0.1154863 0.1587709 0.1217839 0.2842451 1.1183167 1.0100504 1.0118713 
S0002_G5366_R1_A 0.0817926 0.1020233 0.1001948 0.0000000 0.0495718 0.0792090 0.0759972 0.0574739 0.0619555 0.0943341 0.0624855 0.0587507 0.0578578 0.0498544 0.0629586 0.0666067 0.0656209 0.0798652 0.0473968 0.0948956 0.1207610 0.0764132 0.2504964 1.0939916 1.0012103 0.9988941 
S0030_G5366_R1_A 0.0772667 0.1037487 0.0999680 0.0495718 0.0000000 0.0803272 0.0732798 0.0613620 0.0577074 0.0960499 0.0604771 0.0622173 0.0613261 0.0494179 0.0652035 0.0662637 0.0669108 0.0745249 0.0525231 0.0984778 0.1240960 0.0687583 0.2446059 1.0698673 0.9929684 0.9801603 
S0018_G5366_R1_U 0.1062220 0.1349036 0.1316167 0.0792090 0.0803272 0.0000000 0.0377306 0.0889886 0.0887802 0.0787391 0.0875098 0.0917157 0.0889402 0.0837005 0.0927032 0.0993939 0.0937615 0.0800378 0.0814278 0.1257962 0.1481835 0.0735648 0.2938462 1.0960370 1.0228041 1.0204414 
S0031_G5366_R1_A 0.1030897 0.1319962 0.1293909 0.0759972 0.0732798 0.0377306 0.0000000 0.0828341 0.0831935 0.0722320 0.0831015 0.0871455 0.0861987 0.0765156 0.0911697 0.0938031 0.0892756 0.0739523 0.0773758 0.1220756 0.1467779 0.0697957 0.2951414 1.0895101 1.0108978 1.0056176 
S0011_G5366_R1_A 0.0905447 0.1140795 0.1094742 0.0574739 0.0613620 0.0889886 0.0828341 0.0000000 0.0725829 0.1062035 0.0684894 0.0672947 0.0700839 0.0638613 0.0728798 0.0780046 0.0769938 0.0896459 0.0577986 0.1095737 0.1333301 0.0908308 0.2528200 1.0644744 0.9967817 0.9857523 
S0022_G5366_R1_A 0.0808599 0.1127141 0.1081144 0.0619555 0.0577074 0.0887802 0.0831935 0.0725829 0.0000000 0.1008179 0.0705104 0.0726497 0.0719813 0.0624709 0.0782054 0.0796751 0.0760758 0.0866182 0.0538145 0.1108314 0.1328817 0.0772613 0.2591423 1.1082497 1.0256504 1.0143387 
S0037_G5366_R1_A 0.1161074 0.1472119 0.1452448 0.0943341 0.0960499 0.0787391 0.0722320 0.1062035 0.1008179 0.0000000 0.1057611 0.1067985 0.1073155 0.0988839 0.1110439 0.1144633 0.1107963 0.0965197 0.0916110 0.1377323 0.1591680 0.0875696 0.2937038 1.0804622 1.0132064 1.0068718 
S0019_G5366_R1_A 0.0949814 0.1122933 0.1117058 0.0624855 0.0604771 0.0875098 0.0831015 0.0684894 0.0705104 0.1057611 0.0000000 0.0371247 0.0685750 0.0602581 0.0709189 0.0787596 0.0777513 0.0885321 0.0591731 0.1072835 0.1341756 0.0837821 0.2598333 1.0934059 1.0137193 0.9998393 
S0020_G5366_R1_U 0.0951481 0.1154348 0.1115056 0.0587507 0.0622173 0.0917157 0.0871455 0.0672947 0.0726497 0.1067985 0.0371247 0.0000000 0.0671847 0.0576322 0.0712482 0.0762692 0.0770717 0.0894131 0.0593179 0.1037763 0.1273729 0.0869673 0.2762155 1.0730559 0.9848993 0.9768219 
S0021_G5366_R2_A 0.0880505 0.1099811 0.1061793 0.0578578 0.0613261 0.0889402 0.0861987 0.0700839 0.0719813 0.1073155 0.0685750 0.0671847 0.0000000 0.0513584 0.0722729 0.0265665 0.0695015 0.0912143 0.0628817 0.1032098 0.1262299 0.0908956 0.2548693 1.1024175 1.0204810 1.0232718 
S0028_G5366_R1_A 0.0813871 0.1071580 0.1046217 0.0498544 0.0494179 0.0837005 0.0765156 0.0638613 0.0624709 0.0988839 0.0602581 0.0576322 0.0513584 0.0000000 0.0623704 0.0614959 0.0594786 0.0795730 0.0558244 0.0965920 0.1197876 0.0785871 0.2474693 1.0677745 0.9984445 0.9845408 
S0046_G5366_R1_A 0.0940174 0.1164629 0.1126109 0.0629586 0.0652035 0.0927032 0.0911697 0.0728798 0.0782054 0.1110439 0.0709189 0.0712482 0.0722729 0.0623704 0.0000000 0.0785530 0.0793758 0.0912578 0.0691221 0.1133980 0.1297935 0.0912001 0.2616094 1.1034269 1.0261573 1.0149508 
S0021_G5366_R1_A 0.0976949 0.1132303 0.1088796 0.0666067 0.0662637 0.0993939 0.0938031 0.0780046 0.0796751 0.1144633 0.0787596 0.0762692 0.0265665 0.0614959 0.0785530 0.0000000 0.0750938 0.0977183 0.0685238 0.1126442 0.1318348 0.0991597 0.2453886 1.0948393 1.0105380 1.0069887 
S0026_G5366_R1_A 0.0903842 0.1216071 0.1169465 0.0656209 0.0669108 0.0937615 0.0892756 0.0769938 0.0760758 0.1107963 0.0777513 0.0770717 0.0695015 0.0594786 0.0793758 0.0750938 0.0000000 0.0905795 0.0717798 0.1121490 0.1323784 0.0896228 0.2640234 1.0955284 1.0151312 1.0046948 
S0004_G5366_R1_A 0.1048394 0.1323076 0.1262399 0.0798652 0.0745249 0.0800378 0.0739523 0.0896459 0.0866182 0.0965197 0.0885321 0.0894131 0.0912143 0.0795730 0.0912578 0.0977183 0.0905795 0.0000000 0.0770318 0.1250661 0.1557241 0.0727772 0.2850247 1.0764629 1.0026603 0.9915718 
S0036_G5366_R1_U 0.0807963 0.1026189 0.0984094 0.0473968 0.0525231 0.0814278 0.0773758 0.0577986 0.0538145 0.0916110 0.0591731 0.0593179 0.0628817 0.0558244 0.0691221 0.0685238 0.0717798 0.0770318 0.0000000 0.1013159 0.1239722 0.0755756 0.2508809 1.0558557 0.9776764 0.9646300 
S0013_G5366_R1_A 0.1222375 0.1172846 0.1154863 0.0948956 0.0984778 0.1257962 0.1220756 0.1095737 0.1108314 0.1377323 0.1072835 0.1037763 0.1032098 0.0965920 0.1133980 0.1126442 0.1121490 0.1250661 0.1013159 0.0000000 0.1691698 0.1306339 0.2888229 1.1423077 1.0716593 1.0542278 
S0012_G5366_R1_A 0.1370736 0.1591130 0.1587709 0.1207610 0.1240960 0.1481835 0.1467779 0.1333301 0.1328817 0.1591680 0.1341756 0.1273729 0.1262299 0.1197876 0.1297935 0.1318348 0.1323784 0.1557241 0.1239722 0.1691698 0.0000000 0.1580151 0.3018095 1.1508938 1.0720241 1.0613941 
S0016_G5366_R1_A 0.1033613 0.1312649 0.1217839 0.0764132 0.0687583 0.0735648 0.0697957 0.0908308 0.0772613 0.0875696 0.0837821 0.0869673 0.0908956 0.0785871 0.0912001 0.0991597 0.0896228 0.0727772 0.0755756 0.1306339 0.1580151 0.0000000 0.2889439 1.0589139 0.9891385 0.9746873 
S0005_G5366_R1_A 0.2656403 0.2803142 0.2842451 0.2504964 0.2446059 0.2938462 0.2951414 0.2528200 0.2591423 0.2937038 0.2598333 0.2762155 0.2548693 0.2474693 0.2616094 0.2453886 0.2640234 0.2850247 0.2508809 0.2888229 0.3018095 0.2889439 0.0000000 1.3823008 1.3818023 1.3445594 
S0017_G5366_R2_U 1.1286294 1.1158634 1.1183167 1.0939916 1.0698673 1.0960370 1.0895101 1.0644744 1.1082497 1.0804622 1.0934059 1.0730559 1.1024175 1.0677745 1.1034269 1.0948393 1.0955284 1.0764629 1.0558557 1.1423077 1.1508938 1.0589139 1.3823008 0.0000000 0.0792928 0.0831090 
S0021_G5366_R3_A 1.0153982 1.0079996 1.0100504 1.0012103 0.9929684 1.0228041 1.0108978 0.9967817 1.0256504 1.0132064 1.0137193 0.9848993 1.0204810 0.9984445 1.0261573 1.0105380 1.0151312 1.0026603 0.9776764 1.0716593 1.0720241 0.9891385 1.3818023 0.0792928 0.0000000 0.0242528 
S0021_G5366_R4_A 1.0212771 1.0098169 1.0118713 0.9988941 0.9801603 1.0204414 1.0056176 0.9857523 1.0143387 1.0068718 0.9998393 0.9768219 1.0232718 0.9845408 1.0149508 1.0069887 1.0046948 0.9915718 0.9646300 1.0542278 1.0613941 0.9746873 1.3445594 0.0831090 0.0242528 0.0000000 
