26
S0011_G5430_R1_A 0.0000000 0.0763986 0.0732591 0.0681570 0.0782152 0.0840402 0.0832151 0.0737754 0.0790901 0.0815972 0.0768509 0.0773215 0.0833765 0.0835541 0.0751685 0.0925721 0.1033555 0.1122748 0.1459414 0.1946270 0.7438492 0.7438492 0.8608085 0.8409974 0.9296412 1.1918315 
S0002_G5430_R1_A 0.0763986 0.0000000 0.0575556 0.0487347 0.0625702 0.0699027 0.0684059 0.0563391 0.0715585 0.0678846 0.0567048 0.0681899 0.0678774 0.0774082 0.0564270 0.0800143 0.0902186 0.1007995 0.1474624 0.1876656 0.7215033 0.7215033 0.8215042 0.8039704 0.8680342 1.1835234 
S0016_G5430_R1_A 0.0732591 0.0575556 0.0000000 0.0451638 0.0567800 0.0624065 0.0614973 0.0538489 0.0672453 0.0635622 0.0568237 0.0633618 0.0516414 0.0726257 0.0531731 0.0691026 0.0729729 0.0915227 0.1323810 0.1787043 0.7371655 0.7371655 0.8536942 0.8455706 0.9107298 1.2206599 
S0019_G5430_R1_A 0.0681570 0.0487347 0.0451638 0.0000000 0.0531665 0.0580791 0.0599763 0.0450404 0.0608187 0.0571116 0.0405081 0.0565788 0.0570690 0.0675685 0.0505232 0.0672737 0.0746131 0.0896252 0.1329581 0.1693574 0.7175115 0.7175115 0.8316276 0.8115404 0.8886716 1.2198530 
S0022_G5430_R1_A 0.0782152 0.0625702 0.0567800 0.0531665 0.0000000 0.0646135 0.0697360 0.0572635 0.0673470 0.0696063 0.0613675 0.0683555 0.0697237 0.0782253 0.0594419 0.0764802 0.0909121 0.0932807 0.1484786 0.1753810 0.7092634 0.7092634 0.8324884 0.8064288 0.8924621 1.1901743 
S0021_G5430_R1_A 0.0840402 0.0699027 0.0624065 0.0580791 0.0646135 0.0000000 0.0711511 0.0661051 0.0622518 0.0758243 0.0703039 0.0713694 0.0737298 0.0836094 0.0590491 0.0852080 0.0924276 0.1048682 0.1551862 0.1894152 0.7105009 0.7105009 0.8314676 0.8038222 0.8869453 1.2066138 
S0046_G5430_R1_A 0.0832151 0.0684059 0.0614973 0.0599763 0.0697360 0.0711511 0.0000000 0.0658278 0.0728684 0.0712222 0.0716006 0.0716049 0.0751236 0.0799716 0.0642659 0.0825950 0.0897235 0.1061461 0.1488966 0.1895867 0.7519971 0.7519971 0.8779981 0.8512434 0.9221448 1.2232017 
S0036_G5430_R1_A 0.0737754 0.0563391 0.0538489 0.0450404 0.0572635 0.0661051 0.0658278 0.0000000 0.0710859 0.0647033 0.0529348 0.0660071 0.0662822 0.0760205 0.0591838 0.0769710 0.0870375 0.0960110 0.1472491 0.1784310 0.7308628 0.7308628 0.8363598 0.8134958 0.8859385 1.2008455 
S0026_G5430_R1_A 0.0790901 0.0715585 0.0672453 0.0608187 0.0673470 0.0622518 0.0728684 0.0710859 0.0000000 0.0737692 0.0738227 0.0754101 0.0761615 0.0831830 0.0557415 0.0882210 0.0994584 0.1122862 0.1591620 0.1788185 0.7181588 0.7181588 0.8364292 0.8142023 0.8794909 1.1612649 
S0013_G5430_R1_A 0.0815972 0.0678846 0.0635622 0.0571116 0.0696063 0.0758243 0.0712222 0.0647033 0.0737692 0.0000000 0.0665513 0.0697827 0.0743383 0.0705028 0.0675131 0.0873657 0.0954079 0.1015507 0.1521854 0.1860983 0.7348690 0.7348690 0.8603010 0.8399490 0.9225666 1.2586604 
S0020_G5430_R1_A 0.0768509 0.0567048 0.0568237 0.0405081 0.0613675 0.0703039 0.0716006 0.0529348 0.0738227 0.0665513 0.0000000 0.0681018 0.0682891 0.0766956 0.0583240 0.0791163 0.0882853 0.1015233 0.1444762 0.1750558 0.7180595 0.7180595 0.8220535 0.8075688 0.8730466 1.1974461 
S0017_G5430_R1_A 0.0773215 0.0681899 0.0633618 0.0565788 0.0683555 0.0713694 0.0716049 0.0660071 0.0754101 0.0697827 0.0681018 0.0000000 0.0771735 0.0802520 0.0658127 0.0839071 0.0877543 0.1013170 0.1545580 0.1855295 0.7442376 0.7442376 0.8630377 0.8471965 0.9126747 1.2052710 
S0004_G5430_R1_A 0.0833765 0.0678774 0.0516414 0.0570690 0.0697237 0.0737298 0.0751236 0.0662822 0.0761615 0.0743383 0.0682891 0.0771735 0.0000000 0.0796299 0.0640768 0.0757673 0.0854077 0.1049671 0.1342236 0.1962888 0.7362754 0.7362754 0.8362111 0.8210780 0.8961670 1.2182555 
S0048_G5430_R1_A 0.0835541 0.0774082 0.0726257 0.0675685 0.0782253 0.0836094 0.0799716 0.0760205 0.0831830 0.0705028 0.0766956 0.0802520 0.0796299 0.0000000 0.0736592 0.0951537 0.0979465 0.1117508 0.1542783 0.1940250 0.7245194 0.7245194 0.8369787 0.8092241 0.9019447 1.1958874 
S0028_G5430_R1_A 0.0751685 0.0564270 0.0531731 0.0505232 0.0594419 0.0590491 0.0642659 0.0591838 0.0557415 0.0675131 0.0583240 0.0658127 0.0640768 0.0736592 0.0000000 0.0769616 0.0844808 0.0944178 0.1245400 0.1738183 0.7044044 0.7044044 0.8267579 0.8021447 0.8894041 1.1696907 
S0031_G5430_R1_A 0.0925721 0.0800143 0.0691026 0.0672737 0.0764802 0.0852080 0.0825950 0.0769710 0.0882210 0.0873657 0.0791163 0.0839071 0.0757673 0.0951537 0.0769616 0.0000000 0.0710623 0.1122484 0.1246413 0.1926505 0.7499480 0.7499480 0.8501617 0.8414798 0.9280582 1.2597942 
S0037_G5430_R1_U 0.1033555 0.0902186 0.0729729 0.0746131 0.0909121 0.0924276 0.0897235 0.0870375 0.0994584 0.0954079 0.0882853 0.0877543 0.0854077 0.0979465 0.0844808 0.0710623 0.0000000 0.1194808 0.1395892 0.2044319 0.7429257 0.7429257 0.8778547 0.8738443 0.9471706 1.2807554 
S0012_G5430_R1_A 0.1122748 0.1007995 0.0915227 0.0896252 0.0932807 0.1048682 0.1061461 0.0960110 0.1122862 0.1015507 0.1015233 0.1013170 0.1049671 0.1117508 0.0944178 0.1122484 0.1194808 0.0000000 0.1701607 0.2208778 0.7749294 0.7749294 0.9100974 0.9058100 0.9816553 1.2718648 
S0018_G5430_R1_A 0.1459414 0.1474624 0.1323810 0.1329581 0.1484786 0.1551862 0.1488966 0.1472491 0.1591620 0.1521854 0.1444762 0.1545580 0.1342236 0.1542783 0.1245400 0.1246413 0.1395892 0.1701607 0.0000000 0.2645118 0.8141354 0.8141354 0.8684295 0.8584782 0.9521602 1.2653074 
S0005_G5430_R1_A 0.1946270 0.1876656 0.1787043 0.1693574 0.1753810 0.1894152 0.1895867 0.1784310 0.1788185 0.1860983 0.1750558 0.1855295 0.1962888 0.1940250 0.1738183 0.1926505 0.2044319 0.2208778 0.2645118 0.0000000 0.7903987 0.7903987 0.7926342 0.7443948 0.8815877 1.2389452 
S0030_G5430_R3_A 0.7438492 0.7215033 0.7371655 0.7175115 0.7092634 0.7105009 0.7519971 0.7308628 0.7181588 0.7348690 0.7180595 0.7442376 0.7362754 0.7245194 0.7044044 0.7499480 0.7429257 0.7749294 0.8141354 0.7903987 0.0000000 0.0005767 0.2148102 0.2331613 0.2411275 0.4425968 
S0030_G5430_R4_A 0.7438492 0.7215033 0.7371655 0.7175115 0.7092634 0.7105009 0.7519971 0.7308628 0.7181588 0.7348690 0.7180595 0.7442376 0.7362754 0.7245194 0.7044044 0.7499480 0.7429257 0.7749294 0.8141354 0.7903987 0.0005767 0.0000000 0.2148102 0.2331613 0.2411275 0.4425968 
S0030_G5430_R2_A 0.8608085 0.8215042 0.8536942 0.8316276 0.8324884 0.8314676 0.8779981 0.8363598 0.8364292 0.8603010 0.8220535 0.8630377 0.8362111 0.8369787 0.8267579 0.8501617 0.8778547 0.9100974 0.8684295 0.7926342 0.2148102 0.2148102 0.0000000 0.1215739 0.2843845 0.5324834 
S0050_G5430_R1_A 0.8409974 0.8039704 0.8455706 0.8115404 0.8064288 0.8038222 0.8512434 0.8134958 0.8142023 0.8399490 0.8075688 0.8471965 0.8210780 0.8092241 0.8021447 0.8414798 0.8738443 0.9058100 0.8584782 0.7443948 0.2331613 0.2331613 0.1215739 0.0000000 0.2703038 0.5279356 
S0050_G5430_R3_A 0.9296412 0.8680342 0.9107298 0.8886716 0.8924621 0.8869453 0.9221448 0.8859385 0.8794909 0.9225666 0.8730466 0.9126747 0.8961670 0.9019447 0.8894041 0.9280582 0.9471706 0.9816553 0.9521602 0.8815877 0.2411275 0.2411275 0.2843845 0.2703038 0.0000000 0.2205568 
S0050_G5430_R4_A 1.1918315 1.1835234 1.2206599 1.2198530 1.1901743 1.2066138 1.2232017 1.2008455 1.1612649 1.2586604 1.1974461 1.2052710 1.2182555 1.1958874 1.1696907 1.2597942 1.2807554 1.2718648 1.2653074 1.2389452 0.4425968 0.4425968 0.5324834 0.5279356 0.2205568 0.0000000 
