34
S0004_G5528_R2_A  0.0000000 0.0580789 0.0657865 0.0773209 0.0805662 0.0864661 0.0750067 0.0657998 0.0746076 0.1088935 0.8532627 0.8605470 0.7166242 0.7166242 0.7166242 1.1466603 0.9705851 0.9558909 1.0256456 1.0798203 1.0683707 0.2059295 0.4586459 0.4864971 0.4899820 0.5049993 0.4801201 0.4557455 0.4770481 0.4763143 0.4906321 0.5004017 0.5154483 0.5315965 
S0018_G5528_R1_A  0.0580789 0.0000000 0.0681682 0.0755524 0.0805097 0.0871971 0.0683074 0.0663599 0.0711182 0.1096590 0.8479814 0.8294810 0.6645300 0.6645300 0.6645300 1.1142008 0.8679202 0.8546230 0.9168303 1.0252934 1.0143381 0.2219832 0.5032082 0.4863030 0.5003813 0.5153961 0.4800243 0.4560244 0.4876365 0.4707888 0.5010281 0.5109184 0.5259591 0.5419414 
S0036_G5528_R1_A  0.0657865 0.0681682 0.0000000 0.0610400 0.0642261 0.0739951 0.0848708 0.0522403 0.0606421 0.0949336 0.8457841 0.8529348 0.7001646 0.7001646 0.7001646 1.0828750 0.9145158 0.9004608 0.9666673 1.0716654 1.0604263 0.2018773 0.4990964 0.5059221 0.5095812 0.5250032 0.4995613 0.4746245 0.4966597 0.4958881 0.5102419 0.5205126 0.5237420 0.5522494 
S0048_G5528_R1_A  0.0773209 0.0755524 0.0610400 0.0000000 0.0102843 0.0823681 0.0960974 0.0585732 0.0680025 0.0960287 0.9113900 0.9050044 0.7218060 0.7218060 0.7218060 1.2549391 0.9101994 0.8959120 0.9632049 1.1353025 1.1395336 0.1960089 0.4924523 0.4790131 0.5147654 0.5304252 0.4936884 0.4687595 0.5017403 0.4841379 0.5154342 0.5015259 0.5166312 0.5580817 
S0050_G5528_R1_A  0.0805662 0.0805097 0.0642261 0.0102843 0.0000000 0.0873000 0.1013127 0.0609422 0.0703398 0.1002221 0.9190167 0.9126552 0.7060212 0.7060212 0.7060212 1.2276354 0.9101994 0.8959120 0.9632049 1.1504628 1.1385722 0.1966951 0.5066490 0.4912382 0.5276409 0.5436444 0.5062313 0.4808245 0.5145664 0.4965388 0.5283190 0.5143486 0.5297869 0.5718694 
S0028_G5528_R1_A  0.0864661 0.0871971 0.0739951 0.0823681 0.0873000 0.0000000 0.1048468 0.0757432 0.0862755 0.1133572 0.8530574 0.8601929 0.6776825 0.6776825 0.6776825 1.0501444 0.9032039 0.8895396 0.9537764 1.0607156 1.0494835 0.2079784 0.4810723 0.4685932 0.4918416 0.5066840 0.4931235 0.4779853 0.4790900 0.4531880 0.4924835 0.4989310 0.5019367 0.5329509 
S0037_G5528_R1_U  0.0750067 0.0683074 0.0848708 0.0960974 0.1013127 0.1048468 0.0000000 0.0823267 0.0960327 0.1210568 0.8982922 0.9061619 0.7077388 0.7077388 0.7077388 1.1692439 0.9456052 0.9312615 0.9991092 1.1736981 1.1617789 0.2504286 0.5864108 0.5478797 0.5737120 0.5776219 0.5199416 0.5065100 0.5387563 0.5219428 0.5305963 0.5736001 0.5894715 0.5941024 
S0017_G5528_R1_A  0.0657998 0.0663599 0.0522403 0.0585732 0.0609422 0.0757432 0.0823267 0.0000000 0.0614935 0.0881424 0.8990959 0.9065551 0.7234898 0.7234898 0.7234898 1.2170668 0.9268570 0.9135804 0.9761346 1.1305452 1.0715851 0.2215110 0.5032836 0.5016557 0.5257449 0.5407125 0.4956197 0.4720587 0.5032323 0.4866075 0.5161251 0.5260112 0.5407737 0.5562398 
S0046_G5528_R1_A  0.0746076 0.0711182 0.0606421 0.0680025 0.0703398 0.0862755 0.0960327 0.0614935 0.0000000 0.1037251 0.8311520 0.8381874 0.6645847 0.6645847 0.6645847 1.1119825 0.8783060 0.8646682 0.9285890 1.1361555 1.1241850 0.1864634 0.4866453 0.4588827 0.4726692 0.4757127 0.4434012 0.4214980 0.4499969 0.4348656 0.4627487 0.4712565 0.4712565 0.4997717 
S0012_G5528_R1_A  0.1088935 0.1096590 0.0949336 0.0960287 0.1002221 0.1133572 0.1210568 0.0881424 0.1037251 0.0000000 0.8925268 0.9004453 0.6847296 0.6847296 0.6847296 1.2390976 0.9269495 0.9124812 0.9807900 1.1068491 1.0949750 0.2352507 0.5483362 0.5384333 0.5783690 0.5961851 0.5397160 0.5271239 0.5575129 0.5294126 0.5790973 0.5918703 0.6097910 0.5955121 
S0004_G5528_R3_A  0.8532627 0.8479814 0.8457841 0.9113900 0.9190167 0.8530574 0.8982922 0.8990959 0.8311520 0.8925268 0.0000000 0.0789961 0.1870829 0.1899837 0.1932792 0.1641220 0.1755541 0.1778981 0.1746577 0.1696393 0.1697021 0.8284352 0.7737789 0.6087594 0.6375977 0.6565136 0.6636564 0.6556111 0.5948456 0.6360445 0.5841671 0.5810831 0.5754006 0.6332749 
S0011_G5528_R5_A  0.8605470 0.8294810 0.8529348 0.9050044 0.9126552 0.8601929 0.9061619 0.9065551 0.8381874 0.9004453 0.0789961 0.0000000 0.1084522 0.1110742 0.1148144 0.0926537 0.1015958 0.1026787 0.1034153 0.0945123 0.0936687 0.7801394 0.7644290 0.5931546 0.5962657 0.6147220 0.6266657 0.6185033 0.5653015 0.6103831 0.5551141 0.5606913 0.5553005 0.6173130 
S0011_G5528_R4_A  0.7166242 0.6645300 0.7001646 0.7218060 0.7060212 0.6776825 0.7077388 0.7234898 0.6645847 0.6847296 0.1870829 0.1084522 0.0000000 0.0100978 0.0130243 0.0894542 0.1043184 0.1071927 0.1043506 0.1144064 0.1155693 0.7841613 0.7341303 0.5711429 0.5963106 0.6029670 0.6066880 0.6070798 0.5427172 0.5787408 0.5241822 0.5695986 0.5633918 0.5876495 
S0011_G5528_R7_A  0.7166242 0.6645300 0.7001646 0.7218060 0.7060212 0.6776825 0.7077388 0.7234898 0.6645847 0.6847296 0.1899837 0.1110742 0.0100978 0.0000000 0.0144780 0.0928555 0.1069354 0.1098230 0.1069685 0.1178888 0.1190640 0.7817922 0.7341303 0.5711429 0.5963106 0.6029670 0.6066880 0.6070798 0.5427172 0.5787408 0.5241822 0.5695986 0.5633918 0.5876495 
S0011_G5528_R8_A  0.7166242 0.6645300 0.7001646 0.7218060 0.7060212 0.6776825 0.7077388 0.7234898 0.6645847 0.6847296 0.1932792 0.1148144 0.0130243 0.0144780 0.0000000 0.0929878 0.1106604 0.1135726 0.1089060 0.1216334 0.1174452 0.7687973 0.7466986 0.5816931 0.5875766 0.6136697 0.6184380 0.6189927 0.5519992 0.5892351 0.5332436 0.5796256 0.5732656 0.5977727 
S0011_G5528_R11_A 1.1466603 1.1142008 1.0828750 1.2549391 1.2276354 1.0501444 1.1692439 1.2170668 1.1119825 1.2390976 0.1641220 0.0926537 0.0894542 0.0928555 0.0929878 0.0000000 0.0872754 0.0891603 0.0881690 0.0839513 0.0864977 0.8366779 0.7981766 0.6337614 0.6289437 0.6662940 0.6817102 0.6629454 0.6026466 0.6671906 0.5850226 0.6250224 0.6187974 0.6690537 
S0011_G5528_R9_A  0.9705851 0.8679202 0.9145158 0.9101994 0.9101994 0.9032039 0.9456052 0.9268570 0.8783060 0.9269495 0.1755541 0.1015958 0.1043184 0.1069354 0.1106604 0.0872754 0.0000000 0.0223943 0.0238810 0.0968307 0.0993740 0.8184167 0.8220151 0.6243338 0.6779911 0.6465293 0.6439767 0.6853922 0.6065679 0.6694607 0.5741371 0.6236317 0.5991476 0.6481982 
S0011_G5528_R12_A 0.9558909 0.8546230 0.9004608 0.8959120 0.8959120 0.8895396 0.9312615 0.9135804 0.8646682 0.9124812 0.1778981 0.1026787 0.1071927 0.1098230 0.1135726 0.0891603 0.0223943 0.0000000 0.0239192 0.0970034 0.1013230 0.8412815 0.8016307 0.6359292 0.6799105 0.6482997 0.6458704 0.6875078 0.6080692 0.6611575 0.5755143 0.6162633 0.6097245 0.6498932 
S0011_G5528_R10_A 1.0256456 0.9168303 0.9666673 0.9632049 0.9632049 0.9537764 0.9991092 0.9761346 0.9285890 0.9807900 0.1746577 0.1034153 0.1043506 0.1069685 0.1089060 0.0881690 0.0238810 0.0239192 0.0000000 0.0968452 0.1002763 0.8292503 0.8359044 0.6457305 0.6788541 0.6580313 0.6448285 0.6863431 0.6167517 0.6703105 0.5838429 0.6253752 0.6187064 0.6591891 
S0011_G5528_R6_A  1.0798203 1.0252934 1.0716654 1.1353025 1.1504628 1.0607156 1.1736981 1.1305452 1.1361555 1.1068491 0.1696393 0.0945123 0.1144064 0.1178888 0.1216334 0.0839513 0.0968307 0.0970034 0.0968452 0.0000000 0.0245309 0.7868877 0.6466791 0.4833354 0.4792276 0.4975414 0.5013935 0.5004006 0.4571987 0.4835220 0.4401316 0.4755639 0.4705183 0.4959412 
S0011_G5528_R13_A 1.0683707 1.0143381 1.0604263 1.1395336 1.1385722 1.0494835 1.1617789 1.0715851 1.1241850 1.0949750 0.1697021 0.0936687 0.1155693 0.1190640 0.1174452 0.0864977 0.0993740 0.1013230 0.1002763 0.0245309 0.0000000 0.7928404 0.6849888 0.5318263 0.5272427 0.5586505 0.5512798 0.5509309 0.5091484 0.5397983 0.4823940 0.5315471 0.5257595 0.5518156 
S0005_G5528_R2_A  0.2059295 0.2219832 0.2018773 0.1960089 0.1966951 0.2079784 0.2504286 0.2215110 0.1864634 0.2352507 0.8284352 0.7801394 0.7841613 0.7817922 0.7687973 0.8366779 0.8184167 0.8412815 0.8292503 0.7868877 0.7928404 0.0000000 0.7848395 0.8653256 0.8376574 0.8571776 0.8397169 0.8252180 0.7890176 0.8429224 0.8237932 0.8516063 0.8769442 0.8976329 
S0005_G5528_R1_A  0.4586459 0.5032082 0.4990964 0.4924523 0.5066490 0.4810723 0.5864108 0.5032836 0.4866453 0.5483362 0.7737789 0.7644290 0.7341303 0.7341303 0.7466986 0.7981766 0.8220151 0.8016307 0.8359044 0.6466791 0.6849888 0.7848395 0.0000000 0.1895474 0.1931322 0.1843703 0.1870324 0.1826495 0.1746316 0.1794793 0.1799625 0.1871014 0.1846751 0.2033890 
S0002_G5528_R1_A  0.4864971 0.4863030 0.5059221 0.4790131 0.4912382 0.4685932 0.5478797 0.5016557 0.4588827 0.5384333 0.6087594 0.5931546 0.5711429 0.5711429 0.5816931 0.6337614 0.6243338 0.6359292 0.6457305 0.4833354 0.5318263 0.8653256 0.1895474 0.0000000 0.0674959 0.0670988 0.0542190 0.0510984 0.0608613 0.0813299 0.0667226 0.0820165 0.0834215 0.0868696 
S0016_G5528_R1_A  0.4899820 0.5003813 0.5095812 0.5147654 0.5276409 0.4918416 0.5737120 0.5257449 0.4726692 0.5783690 0.6375977 0.5962657 0.5963106 0.5963106 0.5875766 0.6289437 0.6779911 0.6799105 0.6788541 0.4792276 0.5272427 0.8376574 0.1931322 0.0674959 0.0000000 0.0504686 0.0632773 0.0579142 0.0633405 0.0832259 0.0691385 0.0822992 0.0862006 0.0872361 
S0031_G5528_R1_A  0.5049993 0.5153961 0.5250032 0.5304252 0.5436444 0.5066840 0.5776219 0.5407125 0.4757127 0.5961851 0.6565136 0.6147220 0.6029670 0.6029670 0.6136697 0.6662940 0.6465293 0.6482997 0.6580313 0.4975414 0.5586505 0.8571776 0.1843703 0.0670988 0.0504686 0.0000000 0.0630846 0.0554227 0.0613344 0.0812151 0.0655707 0.0753208 0.0805521 0.0854720 
S0019_G5528_R1_A  0.4801201 0.4800243 0.4995613 0.4936884 0.5062313 0.4931235 0.5199416 0.4956197 0.4434012 0.5397160 0.6636564 0.6266657 0.6066880 0.6066880 0.6184380 0.6817102 0.6439767 0.6458704 0.6448285 0.5013935 0.5512798 0.8397169 0.1870324 0.0542190 0.0632773 0.0630846 0.0000000 0.0356404 0.0565576 0.0764501 0.0602968 0.0805392 0.0819880 0.0813266 
S0020_G5528_R1_A  0.4557455 0.4560244 0.4746245 0.4687595 0.4808245 0.4779853 0.5065100 0.4720587 0.4214980 0.5271239 0.6556111 0.6185033 0.6070798 0.6070798 0.6189927 0.6629454 0.6853922 0.6875078 0.6863431 0.5004006 0.5509309 0.8252180 0.1826495 0.0510984 0.0579142 0.0554227 0.0356404 0.0000000 0.0498674 0.0717290 0.0563204 0.0724760 0.0753513 0.0764702 
S0022_G5528_R1_A  0.4770481 0.4876365 0.4966597 0.5017403 0.5145664 0.4790900 0.5387563 0.5032323 0.4499969 0.5575129 0.5948456 0.5653015 0.5427172 0.5427172 0.5519992 0.6026466 0.6065679 0.6080692 0.6167517 0.4571987 0.5091484 0.7890176 0.1746316 0.0608613 0.0633405 0.0613344 0.0565576 0.0498674 0.0000000 0.0742793 0.0543225 0.0751355 0.0796677 0.0794592 
S0026_G5528_R1_A  0.4763143 0.4707888 0.4958881 0.4841379 0.4965388 0.4531880 0.5219428 0.4866075 0.4348656 0.5294126 0.6360445 0.6103831 0.5787408 0.5787408 0.5892351 0.6671906 0.6694607 0.6611575 0.6703105 0.4835220 0.5397983 0.8429224 0.1794793 0.0813299 0.0832259 0.0812151 0.0764501 0.0717290 0.0742793 0.0000000 0.0755427 0.0758914 0.0787362 0.0943336 
S0030_G5528_R1_A  0.4906321 0.5010281 0.5102419 0.5154342 0.5283190 0.4924835 0.5305963 0.5161251 0.4627487 0.5790973 0.5841671 0.5551141 0.5241822 0.5241822 0.5332436 0.5850226 0.5741371 0.5755143 0.5838429 0.4401316 0.4823940 0.8237932 0.1799625 0.0667226 0.0691385 0.0655707 0.0602968 0.0563204 0.0543225 0.0755427 0.0000000 0.0771767 0.0818290 0.0816532 
S0021_G5528_R5_A  0.5004017 0.5109184 0.5205126 0.5015259 0.5143486 0.4989310 0.5736001 0.5260112 0.4712565 0.5918703 0.5810831 0.5606913 0.5695986 0.5695986 0.5796256 0.6250224 0.6236317 0.6162633 0.6253752 0.4755639 0.5315471 0.8516063 0.1871014 0.0820165 0.0822992 0.0753208 0.0805392 0.0724760 0.0751355 0.0758914 0.0771767 0.0000000 0.0138056 0.0995148 
S0021_G5528_R6_A  0.5154483 0.5259591 0.5237420 0.5166312 0.5297869 0.5019367 0.5894715 0.5407737 0.4712565 0.6097910 0.5754006 0.5553005 0.5633918 0.5633918 0.5732656 0.6187974 0.5991476 0.6097245 0.6187064 0.4705183 0.5257595 0.8769442 0.1846751 0.0834215 0.0862006 0.0805521 0.0819880 0.0753513 0.0796677 0.0787362 0.0818290 0.0138056 0.0000000 0.1037986 
S0013_G5528_R1_A  0.5315965 0.5419414 0.5522494 0.5580817 0.5718694 0.5329509 0.5941024 0.5562398 0.4997717 0.5955121 0.6332749 0.6173130 0.5876495 0.5876495 0.5977727 0.6690537 0.6481982 0.6498932 0.6591891 0.4959412 0.5518156 0.8976329 0.2033890 0.0868696 0.0872361 0.0854720 0.0813266 0.0764702 0.0794592 0.0943336 0.0816532 0.0995148 0.1037986 0.0000000 
