23
S0018_G5596_R1_U 0.0000000 0.0340399 0.0661927 0.0596084 0.0696636 0.0695810 0.0576852 0.0612196 0.0592757 0.0667530 0.0505182 0.0717106 0.0685675 0.0684635 0.0746793 0.0745557 0.0584158 0.0650143 0.0844883 0.0740806 0.0815651 0.0872394 0.1836910 
S0031_G5596_R1_A 0.0340399 0.0000000 0.0571408 0.0511745 0.0620478 0.0609061 0.0504303 0.0507588 0.0504674 0.0552213 0.0423986 0.0594158 0.0626564 0.0578069 0.0637507 0.0673929 0.0478125 0.0546080 0.0766148 0.0675726 0.0696517 0.0762793 0.1750592 
S0036_G5596_R1_U 0.0661927 0.0571408 0.0000000 0.0479186 0.0636804 0.0641013 0.0472267 0.0485184 0.0575115 0.0554668 0.0564638 0.0616440 0.0606782 0.0649218 0.0647790 0.0692480 0.0497288 0.0787146 0.0809864 0.0660576 0.0749236 0.0804457 0.1839319 
S0020_G5596_R1_U 0.0596084 0.0511745 0.0479186 0.0000000 0.0558964 0.0557117 0.0359210 0.0415673 0.0532178 0.0510862 0.0509626 0.0568774 0.0553523 0.0589477 0.0661695 0.0654202 0.0430203 0.0703557 0.0750014 0.0644175 0.0713664 0.0753172 0.1819161 
S0048_G5596_R1_A 0.0696636 0.0620478 0.0636804 0.0558964 0.0000000 0.0095534 0.0543309 0.0648146 0.0654403 0.0626864 0.0617985 0.0676501 0.0668191 0.0715263 0.0771576 0.0747387 0.0550963 0.0834103 0.0886207 0.0738531 0.0822244 0.0867792 0.1965999 
S0050_G5596_R1_A 0.0695810 0.0609061 0.0641013 0.0557117 0.0095534 0.0000000 0.0552986 0.0652417 0.0663749 0.0651964 0.0627545 0.0675573 0.0678463 0.0730283 0.0770367 0.0752062 0.0560847 0.0821692 0.0878909 0.0764396 0.0792600 0.0843288 0.1946509 
S0019_G5596_R1_A 0.0576852 0.0504303 0.0472267 0.0359210 0.0543309 0.0552986 0.0000000 0.0444733 0.0520337 0.0504544 0.0492298 0.0535306 0.0522246 0.0566144 0.0649511 0.0639443 0.0423525 0.0705816 0.0675134 0.0624216 0.0672512 0.0677639 0.1784480 
S0002_G5596_R1_A 0.0612196 0.0507588 0.0485184 0.0415673 0.0648146 0.0652417 0.0444733 0.0000000 0.0517964 0.0526719 0.0520906 0.0553648 0.0567475 0.0605230 0.0649600 0.0650369 0.0427040 0.0727842 0.0741331 0.0670928 0.0718133 0.0767741 0.1816241 
S0004_G5596_R1_A 0.0592757 0.0504674 0.0575115 0.0532178 0.0654403 0.0663749 0.0520337 0.0517964 0.0000000 0.0531225 0.0491992 0.0628829 0.0619845 0.0608731 0.0660384 0.0671496 0.0484520 0.0688640 0.0798490 0.0667288 0.0754850 0.0799138 0.1844246 
S0030_G5596_R1_A 0.0667530 0.0552213 0.0554668 0.0510862 0.0626864 0.0651964 0.0504544 0.0526719 0.0531225 0.0000000 0.0538490 0.0612859 0.0612938 0.0639211 0.0697100 0.0666943 0.0473696 0.0775130 0.0775605 0.0682555 0.0710558 0.0765424 0.1776455 
S0016_G5596_R1_A 0.0505182 0.0423986 0.0564638 0.0509626 0.0617985 0.0627545 0.0492298 0.0520906 0.0491992 0.0538490 0.0000000 0.0613761 0.0587146 0.0628590 0.0650890 0.0682711 0.0458467 0.0635484 0.0742273 0.0635155 0.0705753 0.0761473 0.1752042 
S0028_G5596_R1_A 0.0717106 0.0594158 0.0616440 0.0568774 0.0676501 0.0675573 0.0535306 0.0553648 0.0628829 0.0612859 0.0613761 0.0000000 0.0641225 0.0645998 0.0682336 0.0730298 0.0530986 0.0814862 0.0787965 0.0716018 0.0678995 0.0722246 0.1820483 
S0046_G5596_R1_A 0.0685675 0.0626564 0.0606782 0.0553523 0.0668191 0.0678463 0.0522246 0.0567475 0.0619845 0.0612938 0.0587146 0.0641225 0.0000000 0.0641222 0.0716900 0.0743466 0.0536487 0.0808391 0.0803143 0.0718628 0.0779292 0.0830156 0.1784607 
S0022_G5596_R1_A 0.0684635 0.0578069 0.0649218 0.0589477 0.0715263 0.0730283 0.0566144 0.0605230 0.0608731 0.0639211 0.0628590 0.0645998 0.0641222 0.0000000 0.0738226 0.0742552 0.0562898 0.0765817 0.0824316 0.0750298 0.0818587 0.0875967 0.1837033 
S0026_G5596_R1_A 0.0746793 0.0637507 0.0647790 0.0661695 0.0771576 0.0770367 0.0649511 0.0649600 0.0660384 0.0697100 0.0650890 0.0682336 0.0716900 0.0738226 0.0000000 0.0764042 0.0596423 0.0831080 0.0862981 0.0765111 0.0713453 0.0762733 0.1792701 
S0013_G5596_R1_A 0.0745557 0.0673929 0.0692480 0.0654202 0.0747387 0.0752062 0.0639443 0.0650369 0.0671496 0.0666943 0.0682711 0.0730298 0.0743466 0.0742552 0.0764042 0.0000000 0.0633837 0.0854601 0.0912866 0.0798943 0.0795130 0.0840082 0.1961900 
S0011_G5596_R1_A 0.0584158 0.0478125 0.0497288 0.0430203 0.0550963 0.0560847 0.0423525 0.0427040 0.0484520 0.0473696 0.0458467 0.0530986 0.0536487 0.0562898 0.0596423 0.0633837 0.0000000 0.0683969 0.0731515 0.0596068 0.0671549 0.0682617 0.1746467 
S0037_G5596_R1_A 0.0650143 0.0546080 0.0787146 0.0703557 0.0834103 0.0821692 0.0705816 0.0727842 0.0688640 0.0775130 0.0635484 0.0814862 0.0808391 0.0765817 0.0831080 0.0854601 0.0683969 0.0000000 0.0909623 0.0847585 0.0868983 0.0915337 0.1972591 
S0012_G5596_R1_A 0.0844883 0.0766148 0.0809864 0.0750014 0.0886207 0.0878909 0.0675134 0.0741331 0.0798490 0.0775605 0.0742273 0.0787965 0.0803143 0.0824316 0.0862981 0.0912866 0.0731515 0.0909623 0.0000000 0.0931023 0.0875027 0.0921375 0.1933018 
S0017_G5596_R1_U 0.0740806 0.0675726 0.0660576 0.0644175 0.0738531 0.0764396 0.0624216 0.0670928 0.0667288 0.0682555 0.0635155 0.0716018 0.0718628 0.0750298 0.0765111 0.0798943 0.0596068 0.0847585 0.0931023 0.0000000 0.0876019 0.0934316 0.2054411 
S0021_G5596_R1_A 0.0815651 0.0696517 0.0749236 0.0713664 0.0822244 0.0792600 0.0672512 0.0718133 0.0754850 0.0710558 0.0705753 0.0678995 0.0779292 0.0818587 0.0713453 0.0795130 0.0671549 0.0868983 0.0875027 0.0876019 0.0000000 0.0201367 0.1647382 
S0021_G5596_R2_A 0.0872394 0.0762793 0.0804457 0.0753172 0.0867792 0.0843288 0.0677639 0.0767741 0.0799138 0.0765424 0.0761473 0.0722246 0.0830156 0.0875967 0.0762733 0.0840082 0.0682617 0.0915337 0.0921375 0.0934316 0.0201367 0.0000000 0.1698952 
S0005_G5596_R1_A 0.1836910 0.1750592 0.1839319 0.1819161 0.1965999 0.1946509 0.1784480 0.1816241 0.1844246 0.1776455 0.1752042 0.1820483 0.1784607 0.1837033 0.1792701 0.1961900 0.1746467 0.1972591 0.1933018 0.2054411 0.1647382 0.1698952 0.0000000 
