25
S0011_G5639_R1_A 0.0000000 0.0720168 0.0445041 0.0541947 0.0477515 0.0766460 0.0692010 0.0581719 0.0462963 0.0570211 0.0459334 0.2393028 0.2468827 0.2461622 0.0626739 0.3119696 0.3272601 0.3137421 0.3200278 0.3312327 0.3314015 0.0805273 0.0650549 0.0853730 0.7317165 
S0017_G5639_R1_A 0.0720168 0.0000000 0.0606461 0.0704105 0.0553301 0.0846442 0.0807625 0.0633037 0.0549620 0.0644980 0.0654080 0.2480370 0.2496042 0.2488935 0.0715053 0.3112156 0.3263001 0.3210906 0.3211816 0.3357592 0.3221217 0.0950135 0.0819283 0.1057004 0.7703892 
S0026_G5639_R1_A 0.0445041 0.0606461 0.0000000 0.0562655 0.0291330 0.0567188 0.0562823 0.0469611 0.0279047 0.0497701 0.0451319 0.2254812 0.2304309 0.2275589 0.0469430 0.3046655 0.3181702 0.3039369 0.3071299 0.3131039 0.3131823 0.0691789 0.0436193 0.0839063 0.7344747 
S0002_G5639_R1_A 0.0541947 0.0704105 0.0562655 0.0000000 0.0525513 0.0723863 0.0717032 0.0596301 0.0483126 0.0651280 0.0520352 0.2343362 0.2414123 0.2407043 0.0676352 0.3054089 0.3186639 0.3031117 0.3068392 0.3116007 0.3117148 0.0932325 0.0552404 0.0945213 0.7298019 
S0021_G5639_R1_A 0.0477515 0.0553301 0.0291330 0.0525513 0.0000000 0.0570147 0.0497862 0.0407086 0.0110143 0.0394655 0.0429597 0.2083717 0.2183302 0.2176989 0.0420099 0.2986335 0.3117718 0.2983881 0.3030469 0.3088749 0.3089287 0.0705726 0.0480639 0.0776157 0.7159412 
S0004_G5639_R1_A 0.0766460 0.0846442 0.0567188 0.0723863 0.0570147 0.0000000 0.0703970 0.0594231 0.0622589 0.0707271 0.0690478 0.2466774 0.2489899 0.2510172 0.0792573 0.3212936 0.3368850 0.3325393 0.3370867 0.3507927 0.3338065 0.0873128 0.0917402 0.0894239 0.7858528 
S0018_G5639_R1_A 0.0692010 0.0807625 0.0562823 0.0717032 0.0497862 0.0703970 0.0000000 0.0291943 0.0521644 0.0565897 0.0639931 0.2335358 0.2377912 0.2346054 0.0644543 0.2969406 0.3106298 0.3045728 0.3007212 0.3155537 0.3156350 0.0748310 0.0688184 0.0823641 0.7289576 
S0031_G5639_R1_A 0.0581719 0.0633037 0.0469611 0.0596301 0.0407086 0.0594231 0.0291943 0.0000000 0.0407588 0.0500363 0.0524055 0.2196807 0.2321643 0.2315036 0.0541570 0.2973399 0.3121495 0.3029567 0.3081304 0.3212024 0.3171863 0.0672008 0.0562480 0.0814303 0.7103216 
S0021_G5639_R2_A 0.0462963 0.0549620 0.0279047 0.0483126 0.0110143 0.0622589 0.0521644 0.0407588 0.0000000 0.0421128 0.0404095 0.2239290 0.2281352 0.2274971 0.0420223 0.2974889 0.3121441 0.3010656 0.3011336 0.3099107 0.3099615 0.0670584 0.0460039 0.0732694 0.7135901 
S0028_G5639_R1_A 0.0570211 0.0644980 0.0497701 0.0651280 0.0394655 0.0707271 0.0565897 0.0500363 0.0421128 0.0000000 0.0524377 0.2395073 0.2443010 0.2435952 0.0582313 0.3105178 0.3246402 0.3153350 0.3153945 0.3235449 0.3266979 0.0690370 0.0617521 0.0890470 0.7047437 
S0036_G5639_R1_A 0.0459334 0.0654080 0.0451319 0.0520352 0.0429597 0.0690478 0.0639931 0.0524055 0.0404095 0.0524377 0.0000000 0.2290499 0.2410297 0.2403428 0.0510872 0.3067995 0.3217537 0.3085353 0.3125970 0.3143701 0.3195901 0.0736667 0.0564360 0.0866482 0.7407660 
S0021_G5639_R3_A 0.2393028 0.2480370 0.2254812 0.2343362 0.2083717 0.2466774 0.2335358 0.2196807 0.2239290 0.2395073 0.2290499 0.0000000 0.0462527 0.0443919 0.2323411 0.0410654 0.0446911 0.0138164 0.0354566 0.0503686 0.0467975 0.2354892 0.2117050 0.2414918 0.5014481 
S0048_G5639_R1_A 0.2468827 0.2496042 0.2304309 0.2414123 0.2183302 0.2489899 0.2377912 0.2321643 0.2281352 0.2443010 0.2410297 0.0462527 0.0000000 0.0068732 0.2314590 0.0577288 0.0614047 0.0498672 0.0463631 0.0672513 0.0655735 0.2397124 0.2198171 0.2431339 0.5341880 
S0050_G5639_R1_A 0.2461622 0.2488935 0.2275589 0.2407043 0.2176989 0.2510172 0.2346054 0.2315036 0.2274971 0.2435952 0.2403428 0.0443919 0.0068732 0.0000000 0.2308084 0.0538613 0.0575156 0.0479978 0.0425939 0.0593018 0.0654512 0.2390332 0.2188688 0.2436090 0.5322551 
S0022_G5639_R1_A 0.0626739 0.0715053 0.0469430 0.0676352 0.0420099 0.0792573 0.0644543 0.0541570 0.0420223 0.0582313 0.0510872 0.2323411 0.2314590 0.2308084 0.0000000 0.3106726 0.3289950 0.3225716 0.3201696 0.3319062 0.3289103 0.0825284 0.0641391 0.0888331 0.7297590 
S0020_G5639_R1_A 0.3119696 0.3112156 0.3046655 0.3054089 0.2986335 0.3212936 0.2969406 0.2973399 0.2974889 0.3105178 0.3067995 0.0410654 0.0577288 0.0538613 0.3106726 0.0000000 0.0327834 0.0586449 0.0669150 0.0671958 0.0649998 0.3299797 0.3224535 0.3283673 0.7001163 
S0019_G5639_R1_A 0.3272601 0.3263001 0.3181702 0.3186639 0.3117718 0.3368850 0.3106298 0.3121495 0.3121441 0.3246402 0.3217537 0.0446911 0.0614047 0.0575156 0.3289950 0.0327834 0.0000000 0.0584985 0.0654174 0.0683578 0.0702956 0.3388209 0.3506684 0.3466230 0.7226062 
S0021_G5639_R4_A 0.3137421 0.3210906 0.3039369 0.3031117 0.2983881 0.3325393 0.3045728 0.3029567 0.3010656 0.3153350 0.3085353 0.0138164 0.0498672 0.0479978 0.3225716 0.0586449 0.0584985 0.0000000 0.0521647 0.0615555 0.0580984 0.3330334 0.3479449 0.3325528 0.6721483 
S0046_G5639_R1_A 0.3200278 0.3211816 0.3071299 0.3068392 0.3030469 0.3370867 0.3007212 0.3081304 0.3011336 0.3153945 0.3125970 0.0354566 0.0463631 0.0425939 0.3201696 0.0669150 0.0654174 0.0521647 0.0000000 0.0684098 0.0663133 0.3458705 0.3370932 0.3406424 0.6673820 
S0030_G5639_R1_A 0.3312327 0.3357592 0.3131039 0.3116007 0.3088749 0.3507927 0.3155537 0.3212024 0.3099107 0.3235449 0.3143701 0.0503686 0.0672513 0.0593018 0.3319062 0.0671958 0.0683578 0.0615555 0.0684098 0.0000000 0.0609035 0.3553178 0.3610673 0.3414555 0.6862341 
S0016_G5639_R1_A 0.3314015 0.3221217 0.3131823 0.3117148 0.3089287 0.3338065 0.3156350 0.3171863 0.3099615 0.3266979 0.3195901 0.0467975 0.0655735 0.0654512 0.3289103 0.0649998 0.0702956 0.0580984 0.0663133 0.0609035 0.0000000 0.3555114 0.3626826 0.3425053 0.7131573 
S0037_G5639_R1_U 0.0805273 0.0950135 0.0691789 0.0932325 0.0705726 0.0873128 0.0748310 0.0672008 0.0670584 0.0690370 0.0736667 0.2354892 0.2397124 0.2390332 0.0825284 0.3299797 0.3388209 0.3330334 0.3458705 0.3553178 0.3555114 0.0000000 0.0861319 0.1196756 0.7549426 
S0013_G5639_R1_A 0.0650549 0.0819283 0.0436193 0.0552404 0.0480639 0.0917402 0.0688184 0.0562480 0.0460039 0.0617521 0.0564360 0.2117050 0.2198171 0.2188688 0.0641391 0.3224535 0.3506684 0.3479449 0.3370932 0.3610673 0.3626826 0.0861319 0.0000000 0.0804614 0.6348895 
S0012_G5639_R1_A 0.0853730 0.1057004 0.0839063 0.0945213 0.0776157 0.0894239 0.0823641 0.0814303 0.0732694 0.0890470 0.0866482 0.2414918 0.2431339 0.2436090 0.0888331 0.3283673 0.3466230 0.3325528 0.3406424 0.3414555 0.3425053 0.1196756 0.0804614 0.0000000 0.7065962 
S0021_G5639_R5_A 0.7317165 0.7703892 0.7344747 0.7298019 0.7159412 0.7858528 0.7289576 0.7103216 0.7135901 0.7047437 0.7407660 0.5014481 0.5341880 0.5322551 0.7297590 0.7001163 0.7226062 0.6721483 0.6673820 0.6862341 0.7131573 0.7549426 0.6348895 0.7065962 0.0000000 
