24
S0019_G5634_R1_A 0.0000000 0.0440971 0.0907729 0.0902699 0.0890396 0.1105436 0.1096814 0.1023517 0.0627982 0.1184228 0.1117066 0.1083508 0.1248977 0.1453261 0.1435711 0.1140872 0.1223608 0.0940223 0.1276127 0.1202024 0.1471576 0.1384844 0.1281169 0.2701001 
S0019_G5634_R2_A 0.0440971 0.0000000 0.0639507 0.0665995 0.0639865 0.0838484 0.0819201 0.0731859 0.0372280 0.0859648 0.0778258 0.0761678 0.0899998 0.1070976 0.1090955 0.0847679 0.0910769 0.0667685 0.0987999 0.0899437 0.1155717 0.1078878 0.0960711 0.2635813 
S0002_G5634_R1_A 0.0907729 0.0639507 0.0000000 0.0566518 0.0577929 0.0873526 0.0819702 0.0787144 0.0670788 0.0976882 0.0852893 0.0815580 0.0948234 0.1110554 0.1153871 0.0862354 0.0936760 0.0720707 0.1003036 0.0947178 0.1167461 0.1103084 0.1005679 0.2732799 
S0011_G5634_R1_A 0.0902699 0.0665995 0.0566518 0.0000000 0.0596274 0.0862449 0.0867171 0.0783895 0.0682447 0.0979541 0.0827520 0.0834662 0.0981510 0.1146414 0.1149535 0.0926000 0.0977548 0.0745956 0.1028411 0.0950379 0.1247255 0.1121101 0.1009130 0.2661320 
S0036_G5634_R1_U 0.0890396 0.0639865 0.0577929 0.0596274 0.0000000 0.0829760 0.0834206 0.0773014 0.0656472 0.0974322 0.0867321 0.0830066 0.0954894 0.1155718 0.1180862 0.0913572 0.0964942 0.0721249 0.1030350 0.0909372 0.1233970 0.1108543 0.0989952 0.2765198 
S0030_G5634_R1_A 0.1105436 0.0838484 0.0873526 0.0862449 0.0829760 0.0000000 0.0927850 0.0823271 0.0869123 0.1051587 0.0881609 0.0896254 0.1005679 0.1185407 0.1166956 0.1004690 0.1047807 0.0770989 0.1104203 0.1005319 0.1280916 0.1146376 0.1049287 0.2764550 
S0046_G5634_R1_A 0.1096814 0.0819201 0.0819702 0.0867171 0.0834206 0.0927850 0.0000000 0.0835172 0.0826593 0.0987407 0.0908733 0.0848852 0.1003508 0.1207167 0.1218266 0.0964809 0.1023736 0.0796754 0.1141549 0.0988035 0.1295416 0.1113488 0.1001488 0.2791900 
S0028_G5634_R1_A 0.1023517 0.0731859 0.0787144 0.0783895 0.0773014 0.0823271 0.0835172 0.0000000 0.0778683 0.0815452 0.0816572 0.0781039 0.0926361 0.1087714 0.1099706 0.0772401 0.0817593 0.0707402 0.1038508 0.0902893 0.1220979 0.1072667 0.0968925 0.2543984 
S0020_G5634_R1_A 0.0627982 0.0372280 0.0670788 0.0682447 0.0656472 0.0869123 0.0826593 0.0778683 0.0000000 0.0933538 0.0893978 0.0854861 0.0986746 0.1159722 0.1184691 0.0942250 0.1003923 0.0731672 0.1065973 0.0953780 0.1248951 0.1131410 0.1014293 0.2620865 
S0026_G5634_R1_A 0.1184228 0.0859648 0.0976882 0.0979541 0.0974322 0.1051587 0.0987407 0.0815452 0.0933538 0.0000000 0.0999214 0.0976887 0.1084153 0.1288574 0.1282892 0.0558413 0.0615154 0.0877148 0.1275734 0.1131137 0.1355201 0.1214908 0.1136599 0.2542029 
S0004_G5634_R1_A 0.1117066 0.0778258 0.0852893 0.0827520 0.0867321 0.0881609 0.0908733 0.0816572 0.0893978 0.0999214 0.0000000 0.0609162 0.0728238 0.0927324 0.0933388 0.0968970 0.1020087 0.0802169 0.1144781 0.0991176 0.1257708 0.1094881 0.0968244 0.2865116 
S0016_G5634_R1_A 0.1083508 0.0761678 0.0815580 0.0834662 0.0830066 0.0896254 0.0848852 0.0781039 0.0854861 0.0976887 0.0609162 0.0000000 0.0714902 0.0869790 0.0897061 0.0907538 0.0974179 0.0779797 0.1053290 0.0946656 0.1167377 0.1065071 0.0946631 0.2803028 
S0031_G5634_R1_A 0.1248977 0.0899998 0.0948234 0.0981510 0.0954894 0.1005679 0.1003508 0.0926361 0.0986746 0.1084153 0.0728238 0.0714902 0.0000000 0.0620906 0.1013339 0.1021785 0.1124641 0.0904617 0.1241716 0.1057370 0.1374968 0.1186233 0.1072206 0.2950688 
S0018_G5634_R1_A 0.1453261 0.1070976 0.1110554 0.1146414 0.1155718 0.1185407 0.1207167 0.1087714 0.1159722 0.1288574 0.0927324 0.0869790 0.0620906 0.0000000 0.1231336 0.1190538 0.1287455 0.1099249 0.1401070 0.1225321 0.1595398 0.1373428 0.1286744 0.3094303 
S0037_G5634_R1_A 0.1435711 0.1090955 0.1153871 0.1149535 0.1180862 0.1166956 0.1218266 0.1099706 0.1184691 0.1282892 0.0933388 0.0897061 0.1013339 0.1231336 0.0000000 0.1217792 0.1297344 0.1096132 0.1352839 0.1249997 0.1528762 0.1429144 0.1296955 0.3136098 
S0021_G5634_R1_A 0.1140872 0.0847679 0.0862354 0.0926000 0.0913572 0.1004690 0.0964809 0.0772401 0.0942250 0.0558413 0.0968970 0.0907538 0.1021785 0.1190538 0.1217792 0.0000000 0.0256664 0.0861790 0.1200239 0.1066971 0.1286868 0.1220203 0.1127120 0.2581835 
S0021_G5634_R2_U 0.1223608 0.0910769 0.0936760 0.0977548 0.0964942 0.1047807 0.1023736 0.0817593 0.1003923 0.0615154 0.1020087 0.0974179 0.1124641 0.1287455 0.1297344 0.0256664 0.0000000 0.0914542 0.1242740 0.1117264 0.1342843 0.1285105 0.1192750 0.2655003 
S0022_G5634_R1_A 0.0940223 0.0667685 0.0720707 0.0745956 0.0721249 0.0770989 0.0796754 0.0707402 0.0731672 0.0877148 0.0802169 0.0779797 0.0904617 0.1099249 0.1096132 0.0861790 0.0914542 0.0000000 0.0956949 0.0918771 0.1227663 0.1030036 0.0917730 0.2623345 
S0017_G5634_R1_A 0.1276127 0.0987999 0.1003036 0.1028411 0.1030350 0.1104203 0.1141549 0.1038508 0.1065973 0.1275734 0.1144781 0.1053290 0.1241716 0.1401070 0.1352839 0.1200239 0.1242740 0.0956949 0.0000000 0.1189597 0.1475792 0.1389897 0.1281502 0.2816221 
S0013_G5634_R1_A 0.1202024 0.0899437 0.0947178 0.0950379 0.0909372 0.1005319 0.0988035 0.0902893 0.0953780 0.1131137 0.0991176 0.0946656 0.1057370 0.1225321 0.1249997 0.1066971 0.1117264 0.0918771 0.1189597 0.0000000 0.1274108 0.1207289 0.1101125 0.2875196 
S0012_G5634_R1_A 0.1471576 0.1155717 0.1167461 0.1247255 0.1233970 0.1280916 0.1295416 0.1220979 0.1248951 0.1355201 0.1257708 0.1167377 0.1374968 0.1595398 0.1528762 0.1286868 0.1342843 0.1227663 0.1475792 0.1274108 0.0000000 0.1477906 0.1367826 0.3141077 
S0048_G5634_R1_A 0.1384844 0.1078878 0.1103084 0.1121101 0.1108543 0.1146376 0.1113488 0.1072667 0.1131410 0.1214908 0.1094881 0.1065071 0.1186233 0.1373428 0.1429144 0.1220203 0.1285105 0.1030036 0.1389897 0.1207289 0.1477906 0.0000000 0.0164548 0.2923391 
S0050_G5634_R1_A 0.1281169 0.0960711 0.1005679 0.1009130 0.0989952 0.1049287 0.1001488 0.0968925 0.1014293 0.1136599 0.0968244 0.0946631 0.1072206 0.1286744 0.1296955 0.1127120 0.1192750 0.0917730 0.1281502 0.1101125 0.1367826 0.0164548 0.0000000 0.2878761 
S0005_G5634_R1_A 0.2701001 0.2635813 0.2732799 0.2661320 0.2765198 0.2764550 0.2791900 0.2543984 0.2620865 0.2542029 0.2865116 0.2803028 0.2950688 0.3094303 0.3136098 0.2581835 0.2655003 0.2623345 0.2816221 0.2875196 0.3141077 0.2923391 0.2878761 0.0000000 
