28
S0030_G5702_R1_A 0.0000000 0.1280963 0.0986521 0.0898861 0.0883193 0.0936548 0.0726793 0.0844964 0.0860886 0.0772497 0.0935384 0.0806771 0.1203168 0.0935105 0.0878927 0.2764501 0.1793996 0.0997212 0.1161057 0.1446215 0.0682057 0.0660579 0.1581702 0.1570375 0.1037354 0.1717247 0.1489918 0.1876107 
S0026_G5702_R1_A 0.1280963 0.0000000 0.1304465 0.1322248 0.1346919 0.1560999 0.1233792 0.1331828 0.1341604 0.1121389 0.1401093 0.1335633 0.1413250 0.1312953 0.1309546 0.2699371 0.1972747 0.1326158 0.1604568 0.1644690 0.0812332 0.0791926 0.1860172 0.1710589 0.1209583 0.1761048 0.1758847 0.1903325 
S0013_G5702_R1_A 0.0986521 0.1304465 0.0000000 0.1156429 0.1129659 0.1245520 0.1108084 0.0768984 0.0762561 0.1035578 0.1011398 0.1193022 0.1234167 0.1112532 0.1035903 0.2788703 0.1852923 0.1019362 0.1191604 0.1419106 0.0830504 0.0778402 0.1833522 0.1639206 0.1103714 0.1689583 0.1405625 0.1886716 
S0021_G5702_R1_A 0.0898861 0.1322248 0.1156429 0.0000000 0.0227652 0.0993471 0.0820599 0.1010221 0.1004264 0.0902943 0.0915381 0.0840431 0.1247524 0.0885203 0.0888536 0.2961479 0.2009481 0.0903492 0.1074336 0.1422513 0.0005446 0.0203061 0.1720732 0.1526504 0.1000117 0.1696870 0.1614741 0.1894810 
S0021_G5702_R2_A 0.0883193 0.1346919 0.1129659 0.0227652 0.0000000 0.0936142 0.0794691 0.1000080 0.0994099 0.0907078 0.0893409 0.0846627 0.1259000 0.0896956 0.0877583 0.2918590 0.1936996 0.0873787 0.1085550 0.1487161 0.0202712 0.0005450 0.1652351 0.1494516 0.1021036 0.1689557 0.1635844 0.1903265 
S0017_G5702_R1_U 0.0936548 0.1560999 0.1245520 0.0993471 0.0936142 0.0000000 0.0872452 0.1194719 0.1241736 0.0956683 0.1082628 0.0944885 0.1458906 0.1055135 0.1057838 0.3043666 0.2078339 0.1048611 0.1214330 0.1705185 0.0861143 0.0792822 0.1783825 0.1791262 0.1287959 0.1940181 0.1866761 0.2139134 
S0011_G5702_R1_A 0.0726793 0.1233792 0.1108084 0.0820599 0.0794691 0.0872452 0.0000000 0.0981980 0.0968650 0.0721025 0.0867486 0.0702666 0.1236205 0.0866336 0.0875497 0.2838405 0.1902768 0.0867714 0.1044593 0.1383252 0.0700343 0.0673905 0.1372504 0.1487841 0.0939112 0.1561261 0.1494279 0.1838222 
S0048_G5702_R1_A 0.0844964 0.1331828 0.0768984 0.1010221 0.1000080 0.1194719 0.0981980 0.0000000 0.0100355 0.1006651 0.0922663 0.1066050 0.1356799 0.0958104 0.1017262 0.2872811 0.2011339 0.0888665 0.1105161 0.1466788 0.0907143 0.0878279 0.1861194 0.1641431 0.1250473 0.1754916 0.1373538 0.1884862 
S0050_G5702_R1_A 0.0860886 0.1341604 0.0762561 0.1004264 0.0994099 0.1241736 0.0968650 0.0100355 0.0000000 0.0986470 0.0940817 0.1098612 0.1313179 0.0969622 0.1030669 0.2813482 0.1953227 0.0912184 0.1143733 0.1420171 0.0919727 0.0890807 0.1800003 0.1595119 0.1178154 0.1764293 0.1368663 0.1840968 
S0022_G5702_R1_A 0.0772497 0.1121389 0.1035578 0.0902943 0.0907078 0.0956683 0.0721025 0.1006651 0.0986470 0.0000000 0.0940039 0.0821389 0.1164932 0.0924279 0.0881049 0.2622769 0.1896492 0.0918324 0.1203754 0.1273119 0.0665194 0.0632535 0.1381876 0.1340274 0.0801479 0.1552357 0.1348311 0.1685269 
S0004_G5702_R1_A 0.0935384 0.1401093 0.1011398 0.0915381 0.0893409 0.1082628 0.0867486 0.0922663 0.0940817 0.0940039 0.0000000 0.0907713 0.1066956 0.0807343 0.0930988 0.3020345 0.2092440 0.0572304 0.0852678 0.1288161 0.0851353 0.0802133 0.1822776 0.1678083 0.1043319 0.1520291 0.1581556 0.1696696 
S0036_G5702_R1_U 0.0806771 0.1335633 0.1193022 0.0840431 0.0846627 0.0944885 0.0702666 0.1066050 0.1098612 0.0821389 0.0907713 0.0000000 0.1305604 0.0672049 0.0685029 0.2762162 0.1895560 0.0951809 0.1096393 0.1481275 0.0800844 0.0766599 0.1507713 0.1269852 0.1150607 0.1733823 0.1662233 0.1868477 
S0018_G5702_R2_A 0.1203168 0.1413250 0.1234167 0.1247524 0.1259000 0.1458906 0.1236205 0.1356799 0.1313179 0.1164932 0.1066956 0.1305604 0.0000000 0.1214997 0.1209523 0.3128099 0.2064478 0.1020633 0.0831101 0.1125794 0.0941978 0.0922721 0.1899769 0.1673988 0.1302588 0.1303671 0.1666877 0.1508241 
S0002_G5702_R1_A 0.0935105 0.1312953 0.1112532 0.0885203 0.0896956 0.1055135 0.0866336 0.0958104 0.0969622 0.0924279 0.0807343 0.0672049 0.1214997 0.0000000 0.0645175 0.2797512 0.1987674 0.0817970 0.1017882 0.1414385 0.0819183 0.0784688 0.1618011 0.1204608 0.1122376 0.1633649 0.1568401 0.1749208 
S0020_G5702_R1_U 0.0878927 0.1309546 0.1035903 0.0888536 0.0877583 0.1057838 0.0875497 0.1017262 0.1030669 0.0881049 0.0930988 0.0685029 0.1209523 0.0645175 0.0000000 0.2838852 0.1939044 0.0885958 0.1093182 0.1402958 0.0764127 0.0717766 0.1633606 0.0940852 0.1122948 0.1632984 0.1647036 0.1688513 
S0005_G5702_R1_A 0.2764501 0.2699371 0.2788703 0.2961479 0.2918590 0.3043666 0.2838405 0.2872811 0.2813482 0.2622769 0.3020345 0.2762162 0.3128099 0.2797512 0.2838852 0.0000000 0.0000010 0.2467686 0.2897331 0.3033057 0.2101218 0.2005285 0.2925918 0.2693683 0.2642142 0.2921673 0.3235626 0.2986506 
S0005_G5702_R2_A 0.1793996 0.1972747 0.1852923 0.2009481 0.1936996 0.2078339 0.1902768 0.2011339 0.1953227 0.1896492 0.2092440 0.1895560 0.2064478 0.1987674 0.1939044 0.0000010 0.0000000 0.2038197 0.2050412 0.2160380 0.2045295 0.1972888 0.1899875 0.1971049 0.1643211 0.2144527 0.2150682 0.1999030 
S0016_G5702_R1_A 0.0997212 0.1326158 0.1019362 0.0903492 0.0873787 0.1048611 0.0867714 0.0888665 0.0912184 0.0918324 0.0572304 0.0951809 0.1020633 0.0817970 0.0885958 0.2467686 0.2038197 0.0000000 0.0754912 0.1256589 0.0848325 0.0805136 0.1351596 0.1314969 0.1043817 0.1094889 0.1501486 0.1334554 
S0018_G5702_R1_U 0.1161057 0.1604568 0.1191604 0.1074336 0.1085550 0.1214330 0.1044593 0.1105161 0.1143733 0.1203754 0.0852678 0.1096393 0.0831101 0.1017882 0.1093182 0.2897331 0.2050412 0.0754912 0.0000000 0.1195090 0.0944058 0.0937785 0.1899871 0.1705426 0.1199436 0.1277768 0.1707715 0.1476156 
S0037_G5702_R1_A 0.1446215 0.1644690 0.1419106 0.1422513 0.1487161 0.1705185 0.1383252 0.1466788 0.1420171 0.1273119 0.1288161 0.1481275 0.1125794 0.1414385 0.1402958 0.3033057 0.2160380 0.1256589 0.1195090 0.0000000 0.1013481 0.1038644 0.2138794 0.1905877 0.1307445 0.1512423 0.1718038 0.1798696 
S0021_G5702_R4_A 0.0682057 0.0812332 0.0830504 0.0005446 0.0202712 0.0861143 0.0700343 0.0907143 0.0919727 0.0665194 0.0851353 0.0800844 0.0941978 0.0819183 0.0764127 0.2101218 0.2045295 0.0848325 0.0944058 0.1013481 0.0000000 0.0195151 0.0902274 0.0789355 0.0605181 0.1150179 0.1174720 0.0958327 
S0021_G5702_R5_A 0.0660579 0.0791926 0.0778402 0.0203061 0.0005450 0.0792822 0.0673905 0.0878279 0.0890807 0.0632535 0.0802133 0.0766599 0.0922721 0.0784688 0.0717766 0.2005285 0.1972888 0.0805136 0.0937785 0.1038644 0.0195151 0.0000000 0.0867342 0.0733997 0.0583309 0.1136364 0.1166492 0.0938239 
S0046_G5702_R1_A 0.1581702 0.1860172 0.1833522 0.1720732 0.1652351 0.1783825 0.1372504 0.1861194 0.1800003 0.1381876 0.1822776 0.1507713 0.1899769 0.1618011 0.1633606 0.2925918 0.1899875 0.1351596 0.1899871 0.2138794 0.0902274 0.0867342 0.0000000 0.1733584 0.1647659 0.1849969 0.2226392 0.1998972 
S0019_G5702_R1_A 0.1570375 0.1710589 0.1639206 0.1526504 0.1494516 0.1791262 0.1487841 0.1641431 0.1595119 0.1340274 0.1678083 0.1269852 0.1673988 0.1204608 0.0940852 0.2693683 0.1971049 0.1314969 0.1705426 0.1905877 0.0789355 0.0733997 0.1733584 0.0000000 0.1396103 0.1480816 0.1906287 0.1671753 
S0028_G5702_R1_A 0.1037354 0.1209583 0.1103714 0.1000117 0.1021036 0.1287959 0.0939112 0.1250473 0.1178154 0.0801479 0.1043319 0.1150607 0.1302588 0.1122376 0.1122948 0.2642142 0.1643211 0.1043817 0.1199436 0.1307445 0.0605181 0.0583309 0.1647659 0.1396103 0.0000000 0.1673971 0.1577689 0.1651201 
S0018_G5702_R3_A 0.1717247 0.1761048 0.1689583 0.1696870 0.1689557 0.1940181 0.1561261 0.1754916 0.1764293 0.1552357 0.1520291 0.1733823 0.1303671 0.1633649 0.1632984 0.2921673 0.2144527 0.1094889 0.1277768 0.1512423 0.1150179 0.1136364 0.1849969 0.1480816 0.1673971 0.0000000 0.2171460 0.1079913 
S0012_G5702_R1_A 0.1489918 0.1758847 0.1405625 0.1614741 0.1635844 0.1866761 0.1494279 0.1373538 0.1368663 0.1348311 0.1581556 0.1662233 0.1666877 0.1568401 0.1647036 0.3235626 0.2150682 0.1501486 0.1707715 0.1718038 0.1174720 0.1166492 0.2226392 0.1906287 0.1577689 0.2171460 0.0000000 0.2209953 
S0031_G5702_R1_A 0.1876107 0.1903325 0.1886716 0.1894810 0.1903265 0.2139134 0.1838222 0.1884862 0.1840968 0.1685269 0.1696696 0.1868477 0.1508241 0.1749208 0.1688513 0.2986506 0.1999030 0.1334554 0.1476156 0.1798696 0.0958327 0.0938239 0.1998972 0.1671753 0.1651201 0.1079913 0.2209953 0.0000000 
