31
S0002_G5842_R1_A 0.0000000 0.0678748 0.0818487 0.0772460 0.0756277 0.0894759 0.0996063 0.0867514 0.0937717 0.1158575 0.0936799 0.1051713 0.1033179 0.0822056 0.1079806 0.1272979 0.1456031 0.1923557 0.2096834 0.6435260 0.5958300 0.6458267 0.6034140 0.5599099 0.5971160 0.5627205 0.5925240 0.9431675 0.8798026 0.8632538 0.9325245 
S0020_G5842_R1_A 0.0678748 0.0000000 0.0752392 0.0775066 0.0738406 0.0848100 0.0948940 0.0858971 0.0998808 0.1168283 0.0891401 0.0998378 0.0986489 0.0760287 0.0994027 0.1137725 0.1428373 0.1853797 0.1925438 0.6069039 0.5773596 0.6500956 0.5734610 0.5436672 0.5911914 0.5578699 0.5755355 0.9177144 0.8586834 0.8422165 0.9161576 
S0011_G5842_R1_A 0.0818487 0.0752392 0.0000000 0.0835047 0.0775811 0.0939720 0.1010646 0.0905063 0.0977322 0.1253253 0.0968584 0.1084100 0.1065138 0.0789114 0.1141854 0.1235760 0.1511202 0.1973812 0.2065104 0.6411115 0.5920970 0.6640655 0.5717864 0.5460904 0.6002660 0.5556431 0.5811040 0.9535956 0.8826219 0.8664187 0.9132751 
S0046_G5842_R1_A 0.0772460 0.0775066 0.0835047 0.0000000 0.0684844 0.0777653 0.0949617 0.0819695 0.0952592 0.1192218 0.0937530 0.1053088 0.1041635 0.0828493 0.1095927 0.1161020 0.1447731 0.1912766 0.2004455 0.6332776 0.5836556 0.6552951 0.5774215 0.5492230 0.5903568 0.5699145 0.6084880 0.9260860 0.8389058 0.8066291 0.8510256 
S0028_G5842_R1_A 0.0756277 0.0738406 0.0775811 0.0684844 0.0000000 0.0707397 0.0829299 0.0665476 0.0902815 0.1009001 0.0804149 0.0879459 0.0886168 0.0688051 0.0943932 0.1096830 0.1183822 0.1975794 0.2044275 0.6020444 0.5523543 0.6171273 0.5592842 0.5222594 0.5696786 0.5380885 0.5588727 0.9270805 0.8680063 0.8464644 0.8921008 
S0004_G5842_R1_A 0.0894759 0.0848100 0.0939720 0.0777653 0.0707397 0.0000000 0.0692829 0.0590659 0.1069144 0.0945750 0.0937413 0.1054264 0.1058331 0.0807529 0.1060551 0.1229749 0.1380073 0.2073032 0.2226310 0.6324113 0.5891246 0.6276749 0.5628764 0.5274262 0.5868356 0.5613060 0.5910653 0.9050824 0.8524743 0.8433954 0.9050237 
S0031_G5842_R1_A 0.0996063 0.0948940 0.1010646 0.0949617 0.0829299 0.0692829 0.0000000 0.0703359 0.1121634 0.1081935 0.1076644 0.1175781 0.1145287 0.0900417 0.1118194 0.1367629 0.1506978 0.2206653 0.2304865 0.6579700 0.6138538 0.6529348 0.5946759 0.5785693 0.6200610 0.5878547 0.6194311 0.9522732 0.9012519 0.8787955 0.9360748 
S0016_G5842_R1_A 0.0867514 0.0858971 0.0905063 0.0819695 0.0665476 0.0590659 0.0703359 0.0000000 0.1028272 0.0951125 0.0931889 0.1051264 0.1046137 0.0776815 0.1049533 0.1227044 0.1218811 0.2136704 0.2303747 0.6221813 0.5807367 0.6327414 0.5705813 0.5174265 0.5842642 0.5545505 0.5839414 0.9114716 0.8593344 0.8446857 0.9027027 
S0017_G5842_R1_A 0.0937717 0.0998808 0.0977322 0.0952592 0.0902815 0.1069144 0.1121634 0.1028272 0.0000000 0.1355305 0.1097898 0.1212108 0.1181387 0.0935530 0.1234570 0.1443419 0.1510282 0.2146251 0.2234508 0.6584244 0.6268949 0.6714806 0.6097482 0.5891461 0.6334706 0.5999033 0.6238341 0.9055354 0.8724940 0.8519486 0.9182489 
S0037_G5842_R1_A 0.1158575 0.1168283 0.1253253 0.1192218 0.1009001 0.0945750 0.1081935 0.0951125 0.1355305 0.0000000 0.1267894 0.1350370 0.1384201 0.1146260 0.1368062 0.1579138 0.1706614 0.2451859 0.2545363 0.6473550 0.6197205 0.6635495 0.6207223 0.5597470 0.6106458 0.5776450 0.5936155 0.9205183 0.8992810 0.8909355 0.9426198 
S0013_G5842_R1_A 0.0936799 0.0891401 0.0968584 0.0937530 0.0804149 0.0937413 0.1076644 0.0931889 0.1097898 0.1267894 0.0000000 0.0917308 0.0854977 0.0902328 0.1133402 0.1190122 0.1541197 0.2174840 0.2240470 0.6433239 0.6099192 0.6636917 0.5935045 0.5504149 0.6116431 0.5827672 0.6089593 0.9294607 0.8719265 0.8524018 0.9043594 
S0048_G5842_R1_A 0.1051713 0.0998378 0.1084100 0.1053088 0.0879459 0.1054264 0.1175781 0.1051264 0.1212108 0.1350370 0.0917308 0.0000000 0.0657496 0.0990099 0.1252168 0.1255445 0.1560503 0.2275091 0.2359696 0.6402467 0.6088040 0.6593624 0.6030436 0.5507498 0.6037222 0.5840463 0.6044095 0.9703129 0.9000930 0.8780119 0.9483773 
S0050_G5842_R1_A 0.1033179 0.0986489 0.1065138 0.1041635 0.0886168 0.1058331 0.1145287 0.1046137 0.1181387 0.1384201 0.0854977 0.0657496 0.0000000 0.0971786 0.1297195 0.1256200 0.1563527 0.2240687 0.2236352 0.6858741 0.6382938 0.6820002 0.6290260 0.5769575 0.6202483 0.6083871 0.6256268 0.9795535 0.8994659 0.8826838 0.9470284 
S0030_G5842_R1_A 0.0822056 0.0760287 0.0789114 0.0828493 0.0688051 0.0807529 0.0900417 0.0776815 0.0935530 0.1146260 0.0902328 0.0990099 0.0971786 0.0000000 0.1025249 0.1199724 0.1396920 0.1944130 0.1858065 0.5942524 0.5591547 0.5917315 0.5649472 0.5247185 0.5412907 0.5340257 0.5619129 0.9221162 0.8694060 0.8411740 0.9118370 
S0022_G5842_R1_A 0.1079806 0.0994027 0.1141854 0.1095927 0.0943932 0.1060551 0.1118194 0.1049533 0.1234570 0.1368062 0.1133402 0.1252168 0.1297195 0.1025249 0.0000000 0.1508971 0.1700503 0.2183024 0.2320196 0.6235744 0.5827068 0.6370298 0.5586612 0.5456741 0.6070045 0.5791151 0.6099159 0.9111788 0.8567908 0.8357923 0.9091103 
S0012_G5842_R1_A 0.1272979 0.1137725 0.1235760 0.1161020 0.1096830 0.1229749 0.1367629 0.1227044 0.1443419 0.1579138 0.1190122 0.1255445 0.1256200 0.1199724 0.1508971 0.0000000 0.1704564 0.2476446 0.2573430 0.7048937 0.6892597 0.7491209 0.6631231 0.6410764 0.7031797 0.6820046 0.7122238 0.9477631 0.9236203 0.8992342 0.9449165 
S0028_G5842_R3_A 0.1456031 0.1428373 0.1511202 0.1447731 0.1183822 0.1380073 0.1506978 0.1218811 0.1510282 0.1706614 0.1541197 0.1560503 0.1563527 0.1396920 0.1700503 0.1704564 0.0000000 0.2854291 0.3020739 0.7443996 0.7033218 0.6987970 0.7114146 0.6707653 0.6859386 0.6687165 0.6895485 1.0363018 0.9933580 0.9773925 1.0477367 
S0019_G5842_R1_A 0.1923557 0.1853797 0.1973812 0.1912766 0.1975794 0.2073032 0.2206653 0.2136704 0.2146251 0.2451859 0.2174840 0.2275091 0.2240687 0.1944130 0.2183024 0.2476446 0.2854291 0.0000000 0.0605338 0.6461530 0.5842341 0.7704567 0.5683603 0.5518634 0.7005067 0.6984876 0.7312715 0.9134748 0.8506489 0.8605905 0.8860338 
S0036_G5842_R1_U 0.2096834 0.1925438 0.2065104 0.2004455 0.2044275 0.2226310 0.2304865 0.2303747 0.2234508 0.2545363 0.2240470 0.2359696 0.2236352 0.1858065 0.2320196 0.2573430 0.3020739 0.0605338 0.0000000 0.6769328 0.6192121 0.8599095 0.6094876 0.5810662 0.7755412 0.7267105 0.7599618 0.9839526 0.9180826 0.9172241 0.9464104 
S0005_G5842_R4_A 0.6435260 0.6069039 0.6411115 0.6332776 0.6020444 0.6324113 0.6579700 0.6221813 0.6584244 0.6473550 0.6433239 0.6402467 0.6858741 0.5942524 0.6235744 0.7048937 0.7443996 0.6461530 0.6769328 0.0000000 0.1559371 0.1497898 0.1589896 0.1357451 0.1404721 0.1404721 0.1373846 1.4609182 1.4365870 1.3450442 1.3699553 
S0011_G5842_R4_A 0.5958300 0.5773596 0.5920970 0.5836556 0.5523543 0.5891246 0.6138538 0.5807367 0.6268949 0.6197205 0.6099192 0.6088040 0.6382938 0.5591547 0.5827068 0.6892597 0.7033218 0.5842341 0.6192121 0.1559371 0.0000000 0.1072319 0.1163722 0.1043462 0.0918615 0.0918615 0.0801538 1.5027129 1.4457966 1.3481048 1.3201385 
S0018_G5842_R3_A 0.6458267 0.6500956 0.6640655 0.6552951 0.6171273 0.6276749 0.6529348 0.6327414 0.6714806 0.6635495 0.6636917 0.6593624 0.6820002 0.5917315 0.6370298 0.7491209 0.6987970 0.7704567 0.8599095 0.1497898 0.1072319 0.0000000 0.0000010 0.0934449 0.0953000 0.0882776 0.0993430 1.4173608 1.3111666 1.2552110 1.2500843 
S0018_G5842_R4_A 0.6034140 0.5734610 0.5717864 0.5774215 0.5592842 0.5628764 0.5946759 0.5705813 0.6097482 0.6207223 0.5935045 0.6030436 0.6290260 0.5649472 0.5586612 0.6631231 0.7114146 0.5683603 0.6094876 0.1589896 0.1163722 0.0000010 0.0000000 0.1042278 0.0947869 0.0947869 0.0918538 1.4604366 1.3282740 1.2465606 1.2432648 
S0026_G5842_R4_A 0.5599099 0.5436672 0.5460904 0.5492230 0.5222594 0.5274262 0.5785693 0.5174265 0.5891461 0.5597470 0.5504149 0.5507498 0.5769575 0.5247185 0.5456741 0.6410764 0.6707653 0.5518634 0.5810662 0.1357451 0.1043462 0.0934449 0.1042278 0.0000000 0.0698564 0.0698564 0.0554292 1.4064881 1.3339804 1.2717185 1.2571916 
S0021_G5842_R1_A 0.5971160 0.5911914 0.6002660 0.5903568 0.5696786 0.5868356 0.6200610 0.5842642 0.6334706 0.6106458 0.6116431 0.6037222 0.6202483 0.5412907 0.6070045 0.7031797 0.6859386 0.7005067 0.7755412 0.1404721 0.0918615 0.0953000 0.0947869 0.0698564 0.0000000 0.0000010 0.0368822 1.3688089 1.2995595 1.2294339 1.2184825 
S0021_G5842_R2_A 0.5627205 0.5578699 0.5556431 0.5699145 0.5380885 0.5613060 0.5878547 0.5545505 0.5999033 0.5776450 0.5827672 0.5840463 0.6083871 0.5340257 0.5791151 0.6820046 0.6687165 0.6984876 0.7267105 0.1404721 0.0918615 0.0882776 0.0947869 0.0698564 0.0000010 0.0000000 0.0368822 1.3086203 1.2420601 1.1864560 1.1756795 
S0021_G5842_R8_U 0.5925240 0.5755355 0.5811040 0.6084880 0.5588727 0.5910653 0.6194311 0.5839414 0.6238341 0.5936155 0.6089593 0.6044095 0.6256268 0.5619129 0.6099159 0.7122238 0.6895485 0.7312715 0.7599618 0.1373846 0.0801538 0.0993430 0.0918538 0.0554292 0.0368822 0.0368822 0.0000000 1.3588807 1.3378933 1.2759123 1.2630739 
S0005_G5842_R2_A 0.9431675 0.9177144 0.9535956 0.9260860 0.9270805 0.9050824 0.9522732 0.9114716 0.9055354 0.9205183 0.9294607 0.9703129 0.9795535 0.9221162 0.9111788 0.9477631 1.0363018 0.9134748 0.9839526 1.4609182 1.5027129 1.4173608 1.4604366 1.4064881 1.3688089 1.3086203 1.3588807 0.0000000 0.1871607 0.1844690 0.1939276 
S0021_G5842_R6_A 0.8798026 0.8586834 0.8826219 0.8389058 0.8680063 0.8524743 0.9012519 0.8593344 0.8724940 0.8992810 0.8719265 0.9000930 0.8994659 0.8694060 0.8567908 0.9236203 0.9933580 0.8506489 0.9180826 1.4365870 1.4457966 1.3111666 1.3282740 1.3339804 1.2995595 1.2420601 1.3378933 0.1871607 0.0000000 0.0286307 0.0503261 
S0021_G5842_R7_U 0.8632538 0.8422165 0.8664187 0.8066291 0.8464644 0.8433954 0.8787955 0.8446857 0.8519486 0.8909355 0.8524018 0.8780119 0.8826838 0.8411740 0.8357923 0.8992342 0.9773925 0.8605905 0.9172241 1.3450442 1.3481048 1.2552110 1.2465606 1.2717185 1.2294339 1.1864560 1.2759123 0.1844690 0.0286307 0.0000000 0.0536768 
S0026_G5842_R2_A 0.9325245 0.9161576 0.9132751 0.8510256 0.8921008 0.9050237 0.9360748 0.9027027 0.9182489 0.9426198 0.9043594 0.9483773 0.9470284 0.9118370 0.9091103 0.9449165 1.0477367 0.8860338 0.9464104 1.3699553 1.3201385 1.2500843 1.2432648 1.2571916 1.2184825 1.1756795 1.2630739 0.1939276 0.0503261 0.0536768 0.0000000 
