27
S0030_G5892_R1_A 0.0000000 0.1005245 0.1718338 0.5841724 0.5967615 0.6087638 0.6087950 0.6168492 0.6169862 0.6032940 0.6187772 0.6187772 0.5960953 0.6045842 0.6020130 0.5938809 0.6558115 0.6033629 0.6256374 0.6223702 0.6084652 0.5929311 0.6487491 0.6132850 0.3165818 0.7193634 0.6082313 
S0022_G5892_R1_A 0.1005245 0.0000000 0.1380264 0.6002798 0.5857312 0.5955597 0.5917905 0.6104928 0.6108014 0.5880095 0.6090399 0.6090399 0.5826220 0.6014742 0.6120638 0.6083538 0.6366359 0.5777641 0.5988384 0.6138217 0.6003479 0.5851998 0.6302168 0.6000127 0.2911407 0.7323807 0.5949666 
S0002_G5892_R1_V 0.1718338 0.1380264 0.0000000 0.6033261 0.5611704 0.5728935 0.5689933 0.5822895 0.5882130 0.5551829 0.5906464 0.5906464 0.5603881 0.6017439 0.5996537 0.5869510 0.6220628 0.5581376 0.5837318 0.5952640 0.5936330 0.5648022 0.6052738 0.5682753 0.2471978 0.6931465 0.5862750 
S0012_G5892_R1_A 0.5841724 0.6002798 0.6033261 0.0000000 0.1561790 0.1584806 0.1580986 0.1623244 0.1682729 0.1609253 0.1580962 0.1580962 0.1672441 0.1357987 0.1531757 0.1643107 0.1870801 0.1736126 0.1843809 0.1651581 0.1691024 0.1563963 0.1951123 0.2045811 0.6316552 0.3040316 0.3303868 
S0019_G5892_R1_U 0.5967615 0.5857312 0.5611704 0.1561790 0.0000000 0.0125260 0.0129771 0.0824649 0.0954487 0.0872785 0.0762321 0.0762321 0.0896304 0.0952029 0.1000416 0.1109835 0.1064201 0.0899927 0.0962008 0.0842456 0.1048941 0.0632649 0.1133013 0.1359713 0.5308829 0.2255974 0.2570307 
S0019_G5892_R2_A 0.6087638 0.5955597 0.5728935 0.1584806 0.0125260 0.0000000 0.0105340 0.0839661 0.0968158 0.0881913 0.0771928 0.0771928 0.0905556 0.0950447 0.0999275 0.1095767 0.1073348 0.0931830 0.0965789 0.0852282 0.1052202 0.0643145 0.1165417 0.1364746 0.5386957 0.2234398 0.2519286 
S0019_G5892_R3_A 0.6087950 0.5917905 0.5689933 0.1580986 0.0129771 0.0105340 0.0000000 0.0837529 0.0966711 0.0891278 0.0779993 0.0779993 0.0903261 0.0965130 0.1013324 0.1110990 0.1070268 0.0928507 0.0980484 0.0861368 0.1056023 0.0624669 0.1180762 0.1373119 0.5307436 0.2234898 0.2578555 
S0004_G5892_R1_U 0.6168492 0.6104928 0.5822895 0.1623244 0.0824649 0.0839661 0.0837529 0.0000000 0.0834395 0.0874938 0.0715432 0.0715432 0.1054805 0.1039387 0.1074962 0.1196868 0.1180056 0.1051666 0.1065365 0.0983789 0.1140058 0.0829243 0.1166864 0.1383497 0.5300683 0.2386830 0.2714681 
S0018_G5892_R1_A 0.6169862 0.6108014 0.5882130 0.1682729 0.0954487 0.0968158 0.0966711 0.0834395 0.0000000 0.0966566 0.0805945 0.0805945 0.1127216 0.1074300 0.1185005 0.1259848 0.1232227 0.1100368 0.1187477 0.1096888 0.1219716 0.0979976 0.1224481 0.1484393 0.5381464 0.2483459 0.2826691 
S0031_G5892_R1_U 0.6032940 0.5880095 0.5551829 0.1609253 0.0872785 0.0881913 0.0891278 0.0874938 0.0966566 0.0000000 0.0753916 0.0753916 0.1076015 0.1083557 0.1123163 0.1268116 0.1173387 0.1062094 0.1070586 0.0999142 0.1150928 0.0929385 0.0880070 0.1400196 0.5149988 0.2400656 0.2713600 
S0016_G5892_R1_U 0.6187772 0.6090399 0.5906464 0.1580962 0.0762321 0.0771928 0.0779993 0.0715432 0.0805945 0.0753916 0.0000000 0.0000010 0.0963883 0.0915933 0.1046467 0.1140905 0.1057726 0.0967155 0.1000099 0.0911181 0.1050301 0.0827374 0.1019225 0.1366961 0.5427492 0.2280188 0.2601755 
S0016_G5892_R2_A 0.6187772 0.6090399 0.5906464 0.1580962 0.0762321 0.0771928 0.0779993 0.0715432 0.0805945 0.0753916 0.0000010 0.0000000 0.0963883 0.0915933 0.1046467 0.1140905 0.1057726 0.0967155 0.1000099 0.0911181 0.1050301 0.0827374 0.1019225 0.1366961 0.5427492 0.2280188 0.2601755 
S0021_G5892_R3_A 0.5960953 0.5826220 0.5603881 0.1672441 0.0896304 0.0905556 0.0903261 0.1054805 0.1127216 0.1076015 0.0963883 0.0963883 0.0000000 0.1086316 0.1138196 0.1208290 0.1269474 0.0827034 0.1027653 0.1039517 0.1156770 0.0941405 0.1371114 0.0700767 0.5159220 0.1647563 0.2579705 
S0013_G5892_R1_A 0.6045842 0.6014742 0.6017439 0.1357987 0.0952029 0.0950447 0.0965130 0.1039387 0.1074300 0.1083557 0.0915933 0.0915933 0.1086316 0.0000000 0.0924725 0.1032788 0.1192471 0.1095732 0.1077591 0.1046983 0.1135058 0.0962287 0.1352282 0.1456683 0.5576070 0.2207841 0.2795570 
S0048_G5892_R1_A 0.6020130 0.6120638 0.5996537 0.1531757 0.1000416 0.0999275 0.1013324 0.1074962 0.1185005 0.1123163 0.1046467 0.1046467 0.1138196 0.0924725 0.0000000 0.0340719 0.1298682 0.1182633 0.1202814 0.1128352 0.1201304 0.1046960 0.1386702 0.1495151 0.5469749 0.2383208 0.2861903 
S0050_G5892_R1_A 0.5938809 0.6083538 0.5869510 0.1643107 0.1109835 0.1095767 0.1110990 0.1196868 0.1259848 0.1268116 0.1140905 0.1140905 0.1208290 0.1032788 0.0340719 0.0000000 0.1386594 0.1245213 0.1236457 0.1201457 0.1235852 0.1148654 0.1516365 0.1712848 0.5648192 0.2407302 0.2989972 
S0046_G5892_R1_U 0.6558115 0.6366359 0.6220628 0.1870801 0.1064201 0.1073348 0.1070268 0.1180056 0.1232227 0.1173387 0.1057726 0.1057726 0.1269474 0.1192471 0.1298682 0.1386594 0.0000000 0.1240582 0.1223996 0.1135199 0.1330033 0.1066213 0.1439329 0.1678183 0.5746568 0.2598450 0.2969903 
S0026_G5892_R1_U 0.6033629 0.5777641 0.5581376 0.1736126 0.0899927 0.0931830 0.0928507 0.1051666 0.1100368 0.1062094 0.0967155 0.0967155 0.0827034 0.1095732 0.1182633 0.1245213 0.1240582 0.0000000 0.1068658 0.1048513 0.1238915 0.0950205 0.1359409 0.1246280 0.5276168 0.2136942 0.2559615 
S0028_G5892_R1_U 0.6256374 0.5988384 0.5837318 0.1843809 0.0962008 0.0965789 0.0980484 0.1065365 0.1187477 0.1070586 0.1000099 0.1000099 0.1027653 0.1077591 0.1202814 0.1236457 0.1223996 0.1068658 0.0000000 0.1070468 0.1226930 0.0980447 0.1377318 0.1365556 0.5333709 0.2361166 0.2756658 
S0011_G5892_R1_A 0.6223702 0.6138217 0.5952640 0.1651581 0.0842456 0.0852282 0.0861368 0.0983789 0.1096888 0.0999142 0.0911181 0.0911181 0.1039517 0.1046983 0.1128352 0.1201457 0.1135199 0.1048513 0.1070468 0.0000000 0.1179970 0.0848655 0.1253510 0.1475120 0.5501554 0.2410481 0.2815085 
S0017_G5892_R1_A 0.6084652 0.6003479 0.5936330 0.1691024 0.1048941 0.1052202 0.1056023 0.1140058 0.1219716 0.1150928 0.1050301 0.1050301 0.1156770 0.1135058 0.1201304 0.1235852 0.1330033 0.1238915 0.1226930 0.1179970 0.0000000 0.1073038 0.1427639 0.1603700 0.5628804 0.2535862 0.2805045 
S0036_G5892_R1_U 0.5929311 0.5851998 0.5648022 0.1563963 0.0632649 0.0643145 0.0624669 0.0829243 0.0979976 0.0929385 0.0827374 0.0827374 0.0941405 0.0962287 0.1046960 0.1148654 0.1066213 0.0950205 0.0980447 0.0848655 0.1073038 0.0000000 0.1171037 0.1410692 0.5392094 0.2321208 0.2566049 
S0037_G5892_R1_U 0.6487491 0.6302168 0.6052738 0.1951123 0.1133013 0.1165417 0.1180762 0.1166864 0.1224481 0.0880070 0.1019225 0.1019225 0.1371114 0.1352282 0.1386702 0.1516365 0.1439329 0.1359409 0.1377318 0.1253510 0.1427639 0.1171037 0.0000000 0.1830256 0.5718371 0.2716519 0.2965962 
S0021_G5892_R1_A 0.6132850 0.6000127 0.5682753 0.2045811 0.1359713 0.1364746 0.1373119 0.1383497 0.1484393 0.1400196 0.1366961 0.1366961 0.0700767 0.1456683 0.1495151 0.1712848 0.1678183 0.1246280 0.1365556 0.1475120 0.1603700 0.1410692 0.1830256 0.0000000 0.5213644 0.2048556 0.2824036 
S0020_G5892_R1_U 0.3165818 0.2911407 0.2471978 0.6316552 0.5308829 0.5386957 0.5307436 0.5300683 0.5381464 0.5149988 0.5427492 0.5427492 0.5159220 0.5576070 0.5469749 0.5648192 0.5746568 0.5276168 0.5333709 0.5501554 0.5628804 0.5392094 0.5718371 0.5213644 0.0000000 0.6246239 0.5141854 
S0021_G5892_R2_A 0.7193634 0.7323807 0.6931465 0.3040316 0.2255974 0.2234398 0.2234898 0.2386830 0.2483459 0.2400656 0.2280188 0.2280188 0.1647563 0.2207841 0.2383208 0.2407302 0.2598450 0.2136942 0.2361166 0.2410481 0.2535862 0.2321208 0.2716519 0.2048556 0.6246239 0.0000000 0.3828089 
S0005_G5892_R1_U 0.6082313 0.5949666 0.5862750 0.3303868 0.2570307 0.2519286 0.2578555 0.2714681 0.2826691 0.2713600 0.2601755 0.2601755 0.2579705 0.2795570 0.2861903 0.2989972 0.2969903 0.2559615 0.2756658 0.2815085 0.2805045 0.2566049 0.2965962 0.2824036 0.5141854 0.3828089 0.0000000 
