23
S0012_G5933_R1_A 0.0000000 0.1387318 0.1077573 0.1158691 0.1331460 0.1156765 0.3184112 0.1255442 0.1194449 0.1295438 0.1377373 0.1700737 0.1540958 0.2010707 0.1590394 0.1437126 0.1301967 0.1684257 0.1516643 0.1222855 0.4177323 0.3951385 0.2559567 
S0037_G5933_R1_A 0.1387318 0.0000000 0.1032987 0.0827190 0.0937470 0.1015272 0.3605928 0.1495177 0.1451769 0.1541848 0.1611118 0.2069081 0.1734468 0.2357446 0.1925964 0.1720832 0.1690679 0.1944711 0.1823197 0.1461457 0.4523242 0.4056461 0.2629070 
S0016_G5933_R1_A 0.1077573 0.1032987 0.0000000 0.0795223 0.0946879 0.0776835 0.2918301 0.1100694 0.1075334 0.1156813 0.1230003 0.1503857 0.1414752 0.1966859 0.1509991 0.1361675 0.1247993 0.1548835 0.1464849 0.1133316 0.3966446 0.3701121 0.2421088 
S0031_G5933_R1_A 0.1158691 0.0827190 0.0795223 0.0000000 0.0496190 0.0706012 0.3204932 0.1047299 0.1184733 0.1219276 0.1251876 0.1542297 0.1282003 0.1730583 0.1626347 0.1523038 0.1385290 0.1461821 0.1430306 0.1230890 0.3859235 0.3719328 0.2178927 
S0018_G5933_R1_U 0.1331460 0.0937470 0.0946879 0.0496190 0.0000000 0.0855957 0.3350924 0.1165372 0.1299356 0.1248972 0.1434071 0.1637433 0.1403857 0.1781169 0.1604200 0.1521074 0.1481677 0.1561475 0.1553434 0.1367776 0.3959727 0.3945171 0.2271215 
S0004_G5933_R1_A 0.1156765 0.1015272 0.0776835 0.0706012 0.0855957 0.0000000 0.3462039 0.1137686 0.1139141 0.1183821 0.1181810 0.1552162 0.1384183 0.1973049 0.1512708 0.1365867 0.1268434 0.1608551 0.1452352 0.1135551 0.4049152 0.3771462 0.2272653 
S0005_G5933_R1_A 0.3184112 0.3605928 0.2918301 0.3204932 0.3350924 0.3462039 0.0000000 0.2062800 0.2169599 0.2248780 0.2159294 0.2424898 0.2310854 0.2732978 0.2483870 0.2517279 0.2365239 0.2508096 0.2281519 0.2144754 0.5041755 0.4483992 0.4441509 
S0019_G5933_R1_A 0.1255442 0.1495177 0.1100694 0.1047299 0.1165372 0.1137686 0.2062800 0.0000000 0.1174131 0.1367926 0.1251205 0.0774387 0.1315598 0.1486307 0.1751512 0.1698785 0.1500649 0.1726735 0.1230461 0.1327416 0.2372704 0.2558239 0.3502283 
S0030_G5933_R1_A 0.1194449 0.1451769 0.1075334 0.1184733 0.1299356 0.1139141 0.2169599 0.1174131 0.0000000 0.0752969 0.0797223 0.0954004 0.0909653 0.1147315 0.1164184 0.1055652 0.1026907 0.1160878 0.0958545 0.0755763 0.2377449 0.1702871 0.2983820 
S0046_G5933_R1_A 0.1295438 0.1541848 0.1156813 0.1219276 0.1248972 0.1183821 0.2248780 0.1367926 0.0752969 0.0000000 0.0885166 0.1109521 0.0944751 0.1248247 0.1185912 0.1143012 0.1101104 0.1161011 0.1078502 0.0853323 0.2513782 0.1989582 0.3201630 
S0026_G5933_R1_A 0.1377373 0.1611118 0.1230003 0.1251876 0.1434071 0.1181810 0.2159294 0.1251205 0.0797223 0.0885166 0.0000000 0.1041195 0.0724158 0.1041219 0.1321875 0.1249923 0.1072724 0.1114294 0.0975148 0.0738984 0.2329616 0.1818052 0.3107243 
S0020_G5933_R1_U 0.1700737 0.2069081 0.1503857 0.1542297 0.1637433 0.1552162 0.2424898 0.0774387 0.0954004 0.1109521 0.1041195 0.0000000 0.1073535 0.1131790 0.1596076 0.1486901 0.1337995 0.1393246 0.1027008 0.1053123 0.2028000 0.2017249 0.3037397 
S0021_G5933_R1_A 0.1540958 0.1734468 0.1414752 0.1282003 0.1403857 0.1384183 0.2310854 0.1315598 0.0909653 0.0944751 0.0724158 0.1073535 0.0000000 0.0605068 0.1326847 0.1236074 0.1136144 0.1247860 0.1037025 0.0848720 0.2479232 0.2069580 0.3073373 
S0021_G5933_R2_A 0.2010707 0.2357446 0.1966859 0.1730583 0.1781169 0.1973049 0.2732978 0.1486307 0.1147315 0.1248247 0.1041219 0.1131790 0.0605068 0.0000000 0.1562449 0.1545994 0.1481191 0.1475489 0.1349491 0.1203405 0.2548352 0.2041789 0.3314651 
S0048_G5933_R1_A 0.1590394 0.1925964 0.1509991 0.1626347 0.1604200 0.1512708 0.2483870 0.1751512 0.1164184 0.1185912 0.1321875 0.1596076 0.1326847 0.1562449 0.0000000 0.0371187 0.1327084 0.1621083 0.1433596 0.1228569 0.2884195 0.2323050 0.3587607 
S0050_G5933_R1_A 0.1437126 0.1720832 0.1361675 0.1523038 0.1521074 0.1365867 0.2517279 0.1698785 0.1055652 0.1143012 0.1249923 0.1486901 0.1236074 0.1545994 0.0371187 0.0000000 0.1209734 0.1534830 0.1357315 0.1157037 0.2820596 0.2281844 0.3457898 
S0013_G5933_R1_A 0.1301967 0.1690679 0.1247993 0.1385290 0.1481677 0.1268434 0.2365239 0.1500649 0.1026907 0.1101104 0.1072724 0.1337995 0.1136144 0.1481191 0.1327084 0.1209734 0.0000000 0.1470395 0.1232884 0.1032833 0.2773585 0.2301194 0.3499165 
S0017_G5933_R1_U 0.1684257 0.1944711 0.1548835 0.1461821 0.1561475 0.1608551 0.2508096 0.1726735 0.1160878 0.1161011 0.1114294 0.1393246 0.1247860 0.1475489 0.1621083 0.1534830 0.1470395 0.0000000 0.1316404 0.1273025 0.2728682 0.2183458 0.3311856 
S0036_G5933_R1_A 0.1516643 0.1823197 0.1464849 0.1430306 0.1553434 0.1452352 0.2281519 0.1230461 0.0958545 0.1078502 0.0975148 0.1027008 0.1037025 0.1349491 0.1433596 0.1357315 0.1232884 0.1316404 0.0000000 0.0987387 0.2435773 0.2104741 0.3242125 
S0028_G5933_R1_A 0.1222855 0.1461457 0.1133316 0.1230890 0.1367776 0.1135551 0.2144754 0.1327416 0.0755763 0.0853323 0.0738984 0.1053123 0.0848720 0.1203405 0.1228569 0.1157037 0.1032833 0.1273025 0.0987387 0.0000000 0.2504565 0.1981201 0.3073273 
S0002_G5933_R1_A 0.4177323 0.4523242 0.3966446 0.3859235 0.3959727 0.4049152 0.5041755 0.2372704 0.2377449 0.2513782 0.2329616 0.2028000 0.2479232 0.2548352 0.2884195 0.2820596 0.2773585 0.2728682 0.2435773 0.2504565 0.0000000 0.2575482 0.2613671 
S0022_G5933_R1_A 0.3951385 0.4056461 0.3701121 0.3719328 0.3945171 0.3771462 0.4483992 0.2558239 0.1702871 0.1989582 0.1818052 0.2017249 0.2069580 0.2041789 0.2323050 0.2281844 0.2301194 0.2183458 0.2104741 0.1981201 0.2575482 0.0000000 0.3550253 
S0011_G5933_R1_A 0.2559567 0.2629070 0.2421088 0.2178927 0.2271215 0.2272653 0.4441509 0.3502283 0.2983820 0.3201630 0.3107243 0.3037397 0.3073373 0.3314651 0.3587607 0.3457898 0.3499165 0.3311856 0.3242125 0.3073273 0.2613671 0.3550253 0.0000000 
