24
S0011_G5949_R1_A 0.0000000 0.0714055 0.0683510 0.0844510 0.0892772 0.0898590 0.0915723 0.0666099 0.0934630 0.0969424 0.0828233 0.1697132 0.0809589 0.0872777 0.0901480 0.0858218 0.0851862 0.0954157 0.1119239 0.1129919 0.1512265 0.0732712 0.0699015 0.2015927 
S0002_G5949_R1_A 0.0714055 0.0000000 0.0639902 0.0934698 0.0914230 0.0947909 0.0964827 0.0691496 0.1026343 0.1055616 0.0897938 0.1547928 0.0907111 0.0935150 0.0971980 0.0892456 0.0949660 0.0990378 0.1202649 0.1140778 0.1607653 0.0740132 0.0820843 0.2143678 
S0020_G5949_R1_A 0.0683510 0.0639902 0.0000000 0.0894041 0.0900470 0.0920481 0.0937757 0.0687754 0.0978296 0.1006280 0.0814102 0.1590551 0.0838809 0.0874114 0.0882740 0.0865447 0.0859711 0.0999724 0.1158262 0.1102368 0.1610018 0.0720408 0.0782273 0.2049806 
S0026_G5949_R1_A 0.0844510 0.0934698 0.0894041 0.0000000 0.0649802 0.0623341 0.0841831 0.0767582 0.0937563 0.0950463 0.0668582 0.1381904 0.0751938 0.0867790 0.0875972 0.0783935 0.0842097 0.0845415 0.1013788 0.1074379 0.1514116 0.0753810 0.0757169 0.1833254 
S0021_G5949_R1_A 0.0892772 0.0914230 0.0900470 0.0649802 0.0000000 0.0314778 0.0876406 0.0799820 0.0957912 0.1028974 0.0700942 0.1707091 0.0771602 0.0880449 0.0894888 0.0797340 0.0853867 0.0886884 0.1053920 0.1080267 0.1517675 0.0869771 0.0707873 0.1949735 
S0021_G5949_R2_U 0.0898590 0.0947909 0.0920481 0.0623341 0.0314778 0.0000000 0.0896855 0.0792338 0.0949971 0.1007081 0.0693741 0.1709612 0.0737026 0.0865229 0.0865139 0.0782913 0.0832523 0.0872420 0.1032105 0.1049746 0.1484594 0.0801030 0.0715024 0.1898654 
S0022_G5949_R1_A 0.0915723 0.0964827 0.0937757 0.0841831 0.0876406 0.0896855 0.0000000 0.0827674 0.0929628 0.0935862 0.0819085 0.1379782 0.0827660 0.0966083 0.0960809 0.0855446 0.0905423 0.0772038 0.0992772 0.1146868 0.1521445 0.0821169 0.0798079 0.1805684 
S0019_G5949_R1_A 0.0666099 0.0691496 0.0687754 0.0767582 0.0799820 0.0792338 0.0827674 0.0000000 0.0869257 0.0911164 0.0711435 0.1480907 0.0704724 0.0765664 0.0766467 0.0701398 0.0794385 0.0882487 0.0992868 0.0987353 0.1467960 0.0579217 0.0662587 0.1870742 
S0031_G5949_R1_A 0.0934630 0.1026343 0.0978296 0.0937563 0.0957912 0.0949971 0.0929628 0.0869257 0.0000000 0.0662605 0.0846343 0.1668079 0.0791006 0.0928057 0.0936284 0.0893756 0.0889915 0.0935002 0.1128016 0.1064422 0.1591913 0.0829976 0.0721741 0.1978709 
S0018_G5949_R1_A 0.0969424 0.1055616 0.1006280 0.0950463 0.1028974 0.1007081 0.0935862 0.0911164 0.0662605 0.0000000 0.0886927 0.1640811 0.0880939 0.0936831 0.0965076 0.0942998 0.0947010 0.0998456 0.1200421 0.1086167 0.1546117 0.0919526 0.0817491 0.1951437 
S0028_G5949_R1_A 0.0828233 0.0897938 0.0814102 0.0668582 0.0700942 0.0693741 0.0819085 0.0711435 0.0846343 0.0886927 0.0000000 0.1505947 0.0682659 0.0776564 0.0791454 0.0740964 0.0755169 0.0835707 0.0906551 0.1056936 0.1404682 0.0811744 0.0687910 0.1840692 
S0005_G5949_R1_A 0.1697132 0.1547928 0.1590551 0.1381904 0.1707091 0.1709612 0.1379782 0.1480907 0.1668079 0.1640811 0.1505947 0.0000000 0.1665369 0.1655121 0.1686271 0.1654881 0.1663762 0.1625622 0.1627249 0.1611305 0.1838313 0.1622017 0.1506790 0.1769115 
S0004_G5949_R1_A 0.0809589 0.0907111 0.0838809 0.0751938 0.0771602 0.0737026 0.0827660 0.0704724 0.0791006 0.0880939 0.0682659 0.1665369 0.0000000 0.0818464 0.0819159 0.0748241 0.0778802 0.0824196 0.0989842 0.0979454 0.1398762 0.0743332 0.0653581 0.1850387 
S0048_G5949_R1_A 0.0872777 0.0935150 0.0874114 0.0867790 0.0880449 0.0865229 0.0966083 0.0765664 0.0928057 0.0936831 0.0776564 0.1655121 0.0818464 0.0000000 0.0260938 0.0699822 0.0875902 0.0957163 0.1090899 0.1078435 0.1446343 0.0817555 0.0762775 0.1892883 
S0050_G5949_R1_A 0.0901480 0.0971980 0.0882740 0.0875972 0.0894888 0.0865139 0.0960809 0.0766467 0.0936284 0.0965076 0.0791454 0.1686271 0.0819159 0.0260938 0.0000000 0.0708031 0.0897237 0.0964960 0.1128927 0.1070814 0.1432568 0.0770655 0.0770195 0.1909834 
S0013_G5949_R1_A 0.0858218 0.0892456 0.0865447 0.0783935 0.0797340 0.0782913 0.0855446 0.0701398 0.0893756 0.0942998 0.0740964 0.1654881 0.0748241 0.0699822 0.0708031 0.0000000 0.0805303 0.0866341 0.1048217 0.1080060 0.1375096 0.0720430 0.0652841 0.1821316 
S0046_G5949_R1_A 0.0851862 0.0949660 0.0859711 0.0842097 0.0853867 0.0832523 0.0905423 0.0794385 0.0889915 0.0947010 0.0755169 0.1663762 0.0778802 0.0875902 0.0897237 0.0805303 0.0000000 0.0923055 0.1122451 0.1066765 0.1443878 0.0779457 0.0695829 0.1957875 
S0030_G5949_R1_A 0.0954157 0.0990378 0.0999724 0.0845415 0.0886884 0.0872420 0.0772038 0.0882487 0.0935002 0.0998456 0.0835707 0.1625622 0.0824196 0.0957163 0.0964960 0.0866341 0.0923055 0.0000000 0.1053297 0.1123563 0.1523707 0.0922364 0.0782583 0.1514203 
S0017_G5949_R1_A 0.1119239 0.1202649 0.1158262 0.1013788 0.1053920 0.1032105 0.0992772 0.0992868 0.1128016 0.1200421 0.0906551 0.1627249 0.0989842 0.1090899 0.1128927 0.1048217 0.1122451 0.1053297 0.0000000 0.1270303 0.1660057 0.1050419 0.0913176 0.2086224 
S0037_G5949_R1_A 0.1129919 0.1140778 0.1102368 0.1074379 0.1080267 0.1049746 0.1146868 0.0987353 0.1064422 0.1086167 0.1056936 0.1611305 0.0979454 0.1078435 0.1070814 0.1080060 0.1066765 0.1123563 0.1270303 0.0000000 0.1609645 0.0918289 0.0915877 0.2108663 
S0012_G5949_R1_A 0.1512265 0.1607653 0.1610018 0.1514116 0.1517675 0.1484594 0.1521445 0.1467960 0.1591913 0.1546117 0.1404682 0.1838313 0.1398762 0.1446343 0.1432568 0.1375096 0.1443878 0.1523707 0.1660057 0.1609645 0.0000000 0.1347026 0.1403075 0.2461768 
S0036_G5949_R1_U 0.0732712 0.0740132 0.0720408 0.0753810 0.0869771 0.0801030 0.0821169 0.0579217 0.0829976 0.0919526 0.0811744 0.1622017 0.0743332 0.0817555 0.0770655 0.0720430 0.0779457 0.0922364 0.1050419 0.0918289 0.1347026 0.0000000 0.0712546 0.0976372 
S0016_G5949_R1_A 0.0699015 0.0820843 0.0782273 0.0757169 0.0707873 0.0715024 0.0798079 0.0662587 0.0721741 0.0817491 0.0687910 0.1506790 0.0653581 0.0762775 0.0770195 0.0652841 0.0695829 0.0782583 0.0913176 0.0915877 0.1403075 0.0712546 0.0000000 0.1799797 
S0030_G5949_R2_A 0.2015927 0.2143678 0.2049806 0.1833254 0.1949735 0.1898654 0.1805684 0.1870742 0.1978709 0.1951437 0.1840692 0.1769115 0.1850387 0.1892883 0.1909834 0.1821316 0.1957875 0.1514203 0.2086224 0.2108663 0.2461768 0.0976372 0.1799797 0.0000000 
