38
S0011_G5943_R3_A  0.0000000 0.0051462 0.0000010 0.0051462 0.0523055 0.0700199 0.0637453 0.0600144 0.0605839 0.0637967 0.0633202 0.0580544 0.1347028 0.6628370 0.5756023 0.6032215 0.5382586 0.5747148 0.5714544 0.5033083 0.5222824 0.5106087 0.5698972 0.5642463 0.5207871 0.5760740 0.5340751 0.5309087 0.5922237 0.5318904 0.5389183 0.5816681 0.6731681 0.6999118 0.6991493 0.6436266 0.6581109 0.8799154 
S0011_G5943_R4_A  0.0051462 0.0000000 0.0051540 0.0000010 0.0585473 0.0766578 0.0702142 0.0664197 0.0631310 0.0663617 0.0659360 0.0606239 0.1383026 0.6840896 0.5940010 0.6234391 0.5566866 0.5977989 0.5940814 0.5193073 0.5432867 0.5308744 0.5876876 0.5869390 0.5372535 0.5991262 0.5567403 0.5518608 0.6085605 0.5480433 0.5551493 0.6020678 0.6937381 0.7242269 0.7219494 0.6577799 0.6798022 0.9217926 
S0011_G5943_R5_A  0.0000010 0.0051540 0.0000000 0.0975980 0.0523879 0.0701324 0.0638466 0.0601097 0.0598711 0.0638981 0.1710650 0.1775118 0.1349492 0.9431426 0.8514370 0.8883578 0.8350367 0.8369010 0.8375477 0.7904307 0.7883407 0.7694064 0.8335124 0.8350006 0.7833951 0.8508736 0.8186789 0.8021113 0.8678032 0.8064053 0.8118162 0.8816615 0.9589154 0.9596572 0.9586549 0.9095768 0.9267096 1.1346012 
S0011_G5943_R6_A  0.0051462 0.0000010 0.0975980 0.0000000 0.0585473 0.0766578 0.0702142 0.0664197 0.0622803 0.0663617 0.0710513 0.0691786 0.1383026 0.8605933 0.7783785 0.8129302 0.7565145 0.7781912 0.7771164 0.7199928 0.7235358 0.7067670 0.7638560 0.7706608 0.7110398 0.7809498 0.7416237 0.7286225 0.7959210 0.7382991 0.7435758 0.7919693 0.8651677 0.8680702 0.8649873 0.8224614 0.8439022 1.0341148 
S0004_G5943_R3_A  0.0523055 0.0585473 0.0523879 0.0585473 0.0000000 0.0676802 0.0682473 0.0664150 0.0710418 0.0682216 0.0678367 0.0686785 0.1402109 0.7241821 0.6309631 0.6440897 0.5756042 0.6298206 0.6206521 0.5464129 0.5841552 0.5705076 0.6319091 0.6209810 0.5872775 0.6414957 0.5763100 0.5911222 0.6640301 0.5821888 0.5883627 0.6449573 0.7312587 0.7974253 0.7643295 0.6950555 0.6994110 0.9812756 
S0004_G5943_R4_A  0.0700199 0.0766578 0.0701324 0.0766578 0.0676802 0.0000000 0.0865851 0.0826943 0.0835073 0.0866595 0.0846408 0.0793227 0.1524737 0.7251971 0.6426060 0.6417567 0.5831552 0.6264552 0.6173194 0.5469275 0.5816826 0.5680777 0.6251467 0.6193615 0.5904825 0.6491331 0.5997276 0.5937140 0.6804641 0.5807476 0.5828154 0.6383498 0.7122909 0.7722846 0.7976713 0.7317893 0.7422934 0.9467663 
S0021_G5943_R7_A  0.0637453 0.0702142 0.0638466 0.0702142 0.0682473 0.0865851 0.0000000 0.0119447 0.0628633 0.0680475 0.0676597 0.0643438 0.1377165 0.7074676 0.6255390 0.6581434 0.5891379 0.6185356 0.6097433 0.5805866 0.5859439 0.5764585 0.6525547 0.6325323 0.6179618 0.6581868 0.5849053 0.5857764 0.6848973 0.5914448 0.5944916 0.6266021 0.7253755 0.8054634 0.7808941 0.7314972 0.7311213 1.0045713 
S0021_G5943_R8_A  0.0600144 0.0664197 0.0601097 0.0664197 0.0664150 0.0826943 0.0119447 0.0000000 0.0590771 0.0642734 0.0638037 0.0604664 0.1431350 0.7020793 0.6272379 0.6559466 0.5872285 0.6236083 0.6146515 0.5730727 0.5874670 0.5645371 0.6445574 0.6247132 0.6102117 0.6501990 0.5769968 0.5784477 0.6767540 0.5929989 0.5960417 0.6177961 0.7324064 0.7960721 0.7783390 0.7120392 0.7117441 1.0005956 
S0021_G5943_R5_A  0.0605839 0.0631310 0.0598711 0.0622803 0.0710418 0.0835073 0.0628633 0.0590771 0.0000000 0.0265473 0.0249688 0.0000010 0.1420624 0.6870351 0.6150828 0.6311016 0.5603702 0.6136872 0.6050082 0.5375103 0.5741084 0.5563609 0.6118193 0.6082126 0.5667092 0.6347119 0.5759063 0.5860077 0.6619162 0.5679900 0.5750095 0.6053357 0.7030060 0.7709215 0.7254621 0.6801900 0.6844879 0.9193895 
S0021_G5943_R6_A  0.0637967 0.0663617 0.0638981 0.0663617 0.0682216 0.0866595 0.0680475 0.0642734 0.0265473 0.0000000 0.0000010 0.0253003 0.1451500 0.7246822 0.6365312 0.6570770 0.5833028 0.6224478 0.6180938 0.5498517 0.5816733 0.5681428 0.6271249 0.6168779 0.5847601 0.6433416 0.5793247 0.5787208 0.6575388 0.5611078 0.5752341 0.6277578 0.7239384 0.7972637 0.7514413 0.7032525 0.7019995 0.9714634 
S0021_G5943_R9_A  0.0633202 0.0659360 0.1710650 0.0710513 0.0678367 0.0846408 0.0676597 0.0638037 0.0249688 0.0000010 0.0000000 0.0221490 0.1487996 0.9383038 0.8444059 0.8840069 0.8150824 0.8340787 0.8389159 0.7666784 0.7792151 0.7640913 0.8140687 0.8185851 0.7691134 0.8252577 0.7957191 0.7734221 0.8612898 0.7708825 0.7824529 0.8185344 0.9338310 0.9460647 0.9293508 0.8971370 0.8972099 1.1199117 
S0021_G5943_R10_A 0.0580544 0.0606239 0.1775118 0.0691786 0.0686785 0.0793227 0.0643438 0.0604664 0.0000010 0.0253003 0.0221490 0.0000000 0.1431602 0.9272226 0.8450146 0.8765441 0.8170294 0.8408257 0.8462356 0.7652806 0.7824620 0.7633872 0.8105494 0.8253059 0.7627781 0.8241422 0.8068945 0.7892728 0.8714756 0.7908354 0.7960853 0.8190581 0.9371485 0.9424318 0.9197804 0.8939103 0.8945204 1.1105020 
S0005_G5943_R2_A  0.1347028 0.1383026 0.1349492 0.1383026 0.1402109 0.1524737 0.1377165 0.1431350 0.1420624 0.1451500 0.1487996 0.1431602 0.0000000 0.7413660 0.6329897 0.6669642 0.6119654 0.6528979 0.6500230 0.5850752 0.6269406 0.6086014 0.6996604 0.6975252 0.6275821 0.6975462 0.6332452 0.6531574 0.7357037 0.6313765 0.6332516 0.6989566 0.7287830 0.8166376 0.7910502 0.7699039 0.7494032 1.0117286 
S0002_G5943_R1_A  0.6628370 0.6840896 0.9431426 0.8605933 0.7241821 0.7251971 0.7074676 0.7020793 0.6870351 0.7246822 0.9383038 0.9272226 0.7413660 0.0000000 0.0541853 0.0660347 0.0685035 0.0722729 0.0733713 0.1034962 0.0892822 0.0919230 0.0989294 0.1034144 0.0908504 0.0901578 0.0756818 0.0874306 0.1139883 0.1034179 0.1028321 0.0810567 0.0813182 0.1103837 0.1141326 0.1041241 0.0950849 0.1821896 
S0036_G5943_R1_A  0.5756023 0.5940010 0.8514370 0.7783785 0.6309631 0.6426060 0.6255390 0.6272379 0.6150828 0.6365312 0.8444059 0.8450146 0.6329897 0.0541853 0.0000000 0.0575604 0.0606189 0.0519153 0.0530126 0.0787681 0.0729156 0.0734574 0.0857777 0.0840516 0.0738508 0.0776224 0.0574415 0.0659924 0.0844191 0.0871644 0.0873992 0.0751618 0.0861723 0.1068455 0.1198325 0.1028563 0.0890539 0.1811851 
S0004_G5943_R1_A  0.6032215 0.6234391 0.8883578 0.8129302 0.6440897 0.6417567 0.6581434 0.6559466 0.6311016 0.6570770 0.8840069 0.8765441 0.6669642 0.0660347 0.0575604 0.0000000 0.0325330 0.0610645 0.0585739 0.0726486 0.0848288 0.0829034 0.0938311 0.0921747 0.0856180 0.0811487 0.0740184 0.0889295 0.1037894 0.0946518 0.0963671 0.0814950 0.0894460 0.1127230 0.1216784 0.1052712 0.1058063 0.1812721 
S0004_G5943_R2_A  0.5382586 0.5566866 0.8350367 0.7565145 0.5756042 0.5831552 0.5891379 0.5872285 0.5603702 0.5833028 0.8150824 0.8170294 0.6119654 0.0685035 0.0606189 0.0325330 0.0000000 0.0656080 0.0652651 0.0698123 0.0835458 0.0816257 0.0910454 0.0893751 0.0851545 0.0806038 0.0734913 0.0884037 0.1089910 0.0943004 0.0953020 0.0802588 0.0945057 0.1179078 0.1179370 0.1049497 0.1045633 0.1832257 
S0021_G5943_R1_A  0.5747148 0.5977989 0.8369010 0.7781912 0.6298206 0.6264552 0.6185356 0.6236083 0.6136872 0.6224478 0.8340787 0.8408257 0.6528979 0.0722729 0.0519153 0.0610645 0.0656080 0.0000000 0.0136871 0.0793265 0.0703589 0.0700771 0.0866544 0.0894732 0.0667537 0.0689261 0.0754293 0.0750726 0.0972396 0.0948688 0.0973043 0.0729683 0.0897977 0.1100093 0.1250042 0.1097144 0.1063945 0.1768916 
S0021_G5943_R2_A  0.5714544 0.5940814 0.8375477 0.7771164 0.6206521 0.6173194 0.6097433 0.6146515 0.6050082 0.6180938 0.8389159 0.8462356 0.6500230 0.0733713 0.0530126 0.0585739 0.0652651 0.0136871 0.0000000 0.0820651 0.0773176 0.0770115 0.0930649 0.0897808 0.0729888 0.0768320 0.0728763 0.0806349 0.1037755 0.0937828 0.0954732 0.0796334 0.0915807 0.1169023 0.1318194 0.1076036 0.1082570 0.1744719 
S0016_G5943_R1_A  0.5033083 0.5193073 0.7904307 0.7199928 0.5464129 0.5469275 0.5805866 0.5730727 0.5375103 0.5498517 0.7666784 0.7652806 0.5850752 0.1034962 0.0787681 0.0726486 0.0698123 0.0793265 0.0820651 0.0000000 0.0554296 0.0559078 0.0684505 0.0718092 0.0535461 0.0571060 0.0633358 0.0645352 0.0856388 0.0801143 0.0825790 0.0544962 0.1312913 0.1091740 0.1222221 0.1030691 0.1027994 0.1816577 
S0019_G5943_R1_A  0.5222824 0.5432867 0.7883407 0.7235358 0.5841552 0.5816826 0.5859439 0.5874670 0.5741084 0.5816733 0.7792151 0.7824620 0.6269406 0.0892822 0.0729156 0.0848288 0.0835458 0.0703589 0.0773176 0.0554296 0.0000000 0.0180670 0.0609874 0.0622788 0.0443289 0.0471346 0.0534127 0.0543482 0.0748571 0.0644280 0.0652986 0.0491177 0.1206100 0.0962551 0.1060038 0.0934211 0.0942231 0.1700941 
S0020_G5943_R1_U  0.5106087 0.5308744 0.7694064 0.7067670 0.5705076 0.5680777 0.5764585 0.5645371 0.5563609 0.5681428 0.7640913 0.7633872 0.6086014 0.0919230 0.0734574 0.0829034 0.0816257 0.0700771 0.0770115 0.0559078 0.0180670 0.0000000 0.0586558 0.0598959 0.0434883 0.0476410 0.0546746 0.0534678 0.0760418 0.0641701 0.0664504 0.0467255 0.1185070 0.0950630 0.1061482 0.0912512 0.0936428 0.1757192 
S0021_G5943_R3_A  0.5698972 0.5876876 0.8335124 0.7638560 0.6319091 0.6251467 0.6525547 0.6445574 0.6118193 0.6271249 0.8140687 0.8105494 0.6996604 0.0989294 0.0857777 0.0938311 0.0910454 0.0866544 0.0930649 0.0684505 0.0609874 0.0586558 0.0000000 0.0099611 0.0550812 0.0603852 0.0650297 0.0692284 0.0882994 0.0813709 0.0838155 0.0603071 0.1306775 0.1148605 0.1198389 0.1059812 0.1031754 0.1867439 
S0021_G5943_R4_A  0.5642463 0.5869390 0.8350006 0.7706608 0.6209810 0.6193615 0.6325323 0.6247132 0.6082126 0.6168779 0.8185851 0.8253059 0.6975252 0.1034144 0.0840516 0.0921747 0.0893751 0.0894732 0.0897808 0.0718092 0.0622788 0.0598959 0.0099611 0.0000000 0.0595495 0.0623472 0.0686894 0.0683281 0.0895660 0.0856736 0.0873666 0.0599934 0.1352576 0.1149604 0.1207019 0.1106544 0.1048014 0.1937474 
S0028_G5943_R1_A  0.5207871 0.5372535 0.7833951 0.7110398 0.5872775 0.5904825 0.6179618 0.6102117 0.5667092 0.5847601 0.7691134 0.7627781 0.6275821 0.0908504 0.0738508 0.0856180 0.0851545 0.0667537 0.0729888 0.0535461 0.0443289 0.0434883 0.0550812 0.0595495 0.0000000 0.0415767 0.0529266 0.0537895 0.0743842 0.0689515 0.0706169 0.0547103 0.1160671 0.0985628 0.1088321 0.0906762 0.0911982 0.1711958 
S0026_G5943_R1_A  0.5760740 0.5991262 0.8508736 0.7809498 0.6414957 0.6491331 0.6581868 0.6501990 0.6347119 0.6433416 0.8252577 0.8241422 0.6975462 0.0901578 0.0776224 0.0811487 0.0806038 0.0689261 0.0768320 0.0571060 0.0471346 0.0476410 0.0603852 0.0623472 0.0415767 0.0000000 0.0563881 0.0579552 0.0816831 0.0711580 0.0713432 0.0532155 0.1168796 0.0979731 0.1094679 0.0953569 0.0935714 0.1674315 
S0018_G5943_R1_U  0.5340751 0.5567403 0.8186789 0.7416237 0.5763100 0.5997276 0.5849053 0.5769968 0.5759063 0.5793247 0.7957191 0.8068945 0.6332452 0.0756818 0.0574415 0.0740184 0.0734913 0.0754293 0.0728763 0.0633358 0.0534127 0.0546746 0.0650297 0.0686894 0.0529266 0.0563881 0.0000000 0.0251391 0.0522655 0.0755497 0.0786104 0.0486758 0.1116597 0.0972132 0.1076337 0.0994588 0.0744510 0.1851396 
S0031_G5943_R1_A  0.5309087 0.5518608 0.8021113 0.7286225 0.5911222 0.5937140 0.5857764 0.5784477 0.5860077 0.5787208 0.7734221 0.7892728 0.6531574 0.0874306 0.0659924 0.0889295 0.0884037 0.0750726 0.0806349 0.0645352 0.0543482 0.0534678 0.0692284 0.0683281 0.0537895 0.0579552 0.0251391 0.0000000 0.0518928 0.0757414 0.0773836 0.0597967 0.1234705 0.1112779 0.1287804 0.1102905 0.0929547 0.1845964 
S0037_G5943_R1_A  0.5922237 0.6085605 0.8678032 0.7959210 0.6640301 0.6804641 0.6848973 0.6767540 0.6619162 0.6575388 0.8612898 0.8714756 0.7357037 0.1139883 0.0844191 0.1037894 0.1089910 0.0972396 0.1037755 0.0856388 0.0748571 0.0760418 0.0882994 0.0895660 0.0743842 0.0816831 0.0522655 0.0518928 0.0000000 0.0971424 0.0997955 0.0800873 0.1500519 0.1262674 0.1413314 0.1248075 0.1122716 0.1933591 
S0048_G5943_R1_A  0.5318904 0.5480433 0.8064053 0.7382991 0.5821888 0.5807476 0.5914448 0.5929989 0.5679900 0.5611078 0.7708825 0.7908354 0.6313765 0.1034179 0.0871644 0.0946518 0.0943004 0.0948688 0.0937828 0.0801143 0.0644280 0.0641701 0.0813709 0.0856736 0.0689515 0.0711580 0.0755497 0.0757414 0.0971424 0.0000000 0.0175033 0.0639494 0.1239530 0.0869317 0.1279796 0.1066735 0.1078722 0.1953340 
S0050_G5943_R1_A  0.5389183 0.5551493 0.8118162 0.7435758 0.5883627 0.5828154 0.5944916 0.5960417 0.5750095 0.5752341 0.7824529 0.7960853 0.6332516 0.1028321 0.0873992 0.0963671 0.0953020 0.0973043 0.0954732 0.0825790 0.0652986 0.0664504 0.0838155 0.0873666 0.0706169 0.0713432 0.0786104 0.0773836 0.0997955 0.0175033 0.0000000 0.0663345 0.1208379 0.0894448 0.1292637 0.1077905 0.1102497 0.1952316 
S0030_G5943_R1_A  0.5816681 0.6020678 0.8816615 0.7919693 0.6449573 0.6383498 0.6266021 0.6177961 0.6053357 0.6277578 0.8185344 0.8190581 0.6989566 0.0810567 0.0751618 0.0814950 0.0802588 0.0729683 0.0796334 0.0544962 0.0491177 0.0467255 0.0603071 0.0599934 0.0547103 0.0532155 0.0486758 0.0597967 0.0800873 0.0639494 0.0663345 0.0000000 0.1074556 0.0867680 0.1019966 0.0742031 0.0785423 0.1555489 
S0012_G5943_R1_A  0.6731681 0.6937381 0.9589154 0.8651677 0.7312587 0.7122909 0.7253755 0.7324064 0.7030060 0.7239384 0.9338310 0.9371485 0.7287830 0.0813182 0.0861723 0.0894460 0.0945057 0.0897977 0.0915807 0.1312913 0.1206100 0.1185070 0.1306775 0.1352576 0.1160671 0.1168796 0.1116597 0.1234705 0.1500519 0.1239530 0.1208379 0.1074556 0.0000000 0.1313233 0.1383808 0.1278902 0.1301676 0.2163909 
S0013_G5943_R1_A  0.6999118 0.7242269 0.9596572 0.8680702 0.7974253 0.7722846 0.8054634 0.7960721 0.7709215 0.7972637 0.9460647 0.9424318 0.8166376 0.1103837 0.1068455 0.1127230 0.1179078 0.1100093 0.1169023 0.1091740 0.0962551 0.0950630 0.1148605 0.1149604 0.0985628 0.0979731 0.0972132 0.1112779 0.1262674 0.0869317 0.0894448 0.0867680 0.1313233 0.0000000 0.1220666 0.0970135 0.1104122 0.1908978 
S0017_G5943_R1_U  0.6991493 0.7219494 0.9586549 0.8649873 0.7643295 0.7976713 0.7808941 0.7783390 0.7254621 0.7514413 0.9293508 0.9197804 0.7910502 0.1141326 0.1198325 0.1216784 0.1179370 0.1250042 0.1318194 0.1222221 0.1060038 0.1061482 0.1198389 0.1207019 0.1088321 0.1094679 0.1076337 0.1287804 0.1413314 0.1279796 0.1292637 0.1019966 0.1383808 0.1220666 0.0000000 0.0841371 0.0908466 0.1972921 
S0022_G5943_R1_A  0.6436266 0.6577799 0.9095768 0.8224614 0.6950555 0.7317893 0.7314972 0.7120392 0.6801900 0.7032525 0.8971370 0.8939103 0.7699039 0.1041241 0.1028563 0.1052712 0.1049497 0.1097144 0.1076036 0.1030691 0.0934211 0.0912512 0.1059812 0.1106544 0.0906762 0.0953569 0.0994588 0.1102905 0.1248075 0.1066735 0.1077905 0.0742031 0.1278902 0.0970135 0.0841371 0.0000000 0.0629621 0.1848576 
S0046_G5943_R1_A  0.6581109 0.6798022 0.9267096 0.8439022 0.6994110 0.7422934 0.7311213 0.7117441 0.6844879 0.7019995 0.8972099 0.8945204 0.7494032 0.0950849 0.0890539 0.1058063 0.1045633 0.1063945 0.1082570 0.1027994 0.0942231 0.0936428 0.1031754 0.1048014 0.0911982 0.0935714 0.0744510 0.0929547 0.1122716 0.1078722 0.1102497 0.0785423 0.1301676 0.1104122 0.0908466 0.0629621 0.0000000 0.1837229 
S0005_G5943_R1_A  0.8799154 0.9217926 1.1346012 1.0341148 0.9812756 0.9467663 1.0045713 1.0005956 0.9193895 0.9714634 1.1199117 1.1105020 1.0117286 0.1821896 0.1811851 0.1812721 0.1832257 0.1768916 0.1744719 0.1816577 0.1700941 0.1757192 0.1867439 0.1937474 0.1711958 0.1674315 0.1851396 0.1845964 0.1933591 0.1953340 0.1952316 0.1555489 0.2163909 0.1908978 0.1972921 0.1848576 0.1837229 0.0000000 
