24
S0002_G5974_R1_A 0.0000000 0.1938920 0.1926973 0.1731069 0.1272493 0.1261752 0.1362459 0.0926284 0.1635632 0.1341913 0.1301214 0.1368601 0.1425508 0.1092159 0.1098828 0.1481755 0.1620833 0.1493362 0.1523806 0.1625768 0.1127639 0.1360258 0.1553338 0.3080043 
S0048_G5974_R1_A 0.1938920 0.0000000 0.0170565 0.2533210 0.2002785 0.2211996 0.1937474 0.1942840 0.2546271 0.2058922 0.2152603 0.2013587 0.2073576 0.1837054 0.1843110 0.2086351 0.2438980 0.2258837 0.2251826 0.2388184 0.1411628 0.1595576 0.2316956 0.3521043 
S0050_G5974_R1_A 0.1926973 0.0170565 0.0000000 0.2500749 0.1975852 0.2171684 0.1890199 0.1916469 0.2531041 0.2017110 0.2102785 0.1941753 0.2010571 0.1771603 0.1796259 0.2112752 0.2365421 0.2228400 0.2180838 0.2344493 0.1427374 0.1603446 0.2245082 0.3578254 
S0016_G5974_R1_A 0.1731069 0.2533210 0.2500749 0.0000000 0.1856612 0.1957747 0.1972383 0.1868653 0.2302496 0.1832028 0.1844942 0.2069091 0.2082757 0.1826683 0.1849461 0.1866935 0.2062768 0.1947016 0.2176618 0.2015382 0.1784098 0.2113520 0.2133902 0.3568955 
S0030_G5974_R1_A 0.1272493 0.2002785 0.1975852 0.1856612 0.0000000 0.1432988 0.1400632 0.1276028 0.1686629 0.1338183 0.1287229 0.1391642 0.1388778 0.1249582 0.1248326 0.1412881 0.1755492 0.1527174 0.1434903 0.1599625 0.1230078 0.1368767 0.1617259 0.2982581 
S0046_G5974_R2_A 0.1261752 0.2211996 0.2171684 0.1957747 0.1432988 0.0000000 0.1447092 0.1264408 0.0934560 0.1433315 0.1505652 0.1403055 0.1416490 0.1425037 0.1356474 0.1655369 0.1888703 0.1784471 0.1616566 0.1852102 0.1398213 0.1583105 0.1771056 0.3246307 
S0013_G5974_R1_A 0.1362459 0.1937474 0.1890199 0.1972383 0.1400632 0.1447092 0.0000000 0.1326459 0.1836518 0.1474657 0.1445697 0.1401650 0.1452719 0.1312990 0.1326056 0.1565359 0.1855121 0.1667473 0.1616631 0.1692372 0.1391190 0.1468276 0.1366857 0.2986694 
S0036_G5974_R1_A 0.0926284 0.1942840 0.1916469 0.1868653 0.1276028 0.1264408 0.1326459 0.0000000 0.1570586 0.1360493 0.1369353 0.1344690 0.1384813 0.1226867 0.1156300 0.1545772 0.1659815 0.1539972 0.1418186 0.1725192 0.1249921 0.1470431 0.1636429 0.3107746 
S0046_G5974_R1_A 0.1635632 0.2546271 0.2531041 0.2302496 0.1686629 0.0934560 0.1836518 0.1570586 0.0000000 0.1408441 0.1735582 0.1543884 0.1612434 0.1746658 0.1650349 0.1913621 0.2077127 0.1996449 0.1757298 0.2112979 0.1685777 0.1986683 0.1998469 0.3463426 
S0028_G5974_R1_A 0.1341913 0.2058922 0.2017110 0.1832028 0.1338183 0.1433315 0.1474657 0.1360493 0.1408441 0.0000000 0.1324223 0.1091478 0.1096552 0.1300961 0.1332594 0.1482924 0.1748518 0.1560687 0.1275916 0.1800428 0.1256582 0.1452263 0.1598216 0.2953427 
S0011_G5974_R1_A 0.1301214 0.2152603 0.2102785 0.1844942 0.1287229 0.1505652 0.1445697 0.1369353 0.1735582 0.1324223 0.0000000 0.1367058 0.1394085 0.1265200 0.1258276 0.1454640 0.1742475 0.1623050 0.1549591 0.1615394 0.1301993 0.1372750 0.1537880 0.3149593 
S0021_G5974_R1_A 0.1368601 0.2013587 0.1941753 0.2069091 0.1391642 0.1403055 0.1401650 0.1344690 0.1543884 0.1091478 0.1367058 0.0000000 0.0301928 0.1306317 0.1302284 0.1602209 0.1884411 0.1699187 0.1254462 0.1910517 0.1287018 0.1437577 0.1633262 0.3007180 
S0021_G5974_R2_A 0.1425508 0.2073576 0.2010571 0.2082757 0.1388778 0.1416490 0.1452719 0.1384813 0.1612434 0.1096552 0.1394085 0.0301928 0.0000000 0.1343395 0.1328555 0.1635559 0.1916706 0.1689308 0.1351740 0.1897561 0.1326673 0.1438694 0.1623773 0.2991189 
S0019_G5974_R1_A 0.1092159 0.1837054 0.1771603 0.1826683 0.1249582 0.1425037 0.1312990 0.1226867 0.1746658 0.1300961 0.1265200 0.1306317 0.1343395 0.0000000 0.0484749 0.1483053 0.1614696 0.1477614 0.1473201 0.1636947 0.1169398 0.1352530 0.1521343 0.3043876 
S0020_G5974_R1_A 0.1098828 0.1843110 0.1796259 0.1849461 0.1248326 0.1356474 0.1326056 0.1156300 0.1650349 0.1332594 0.1258276 0.1302284 0.1328555 0.0484749 0.0000000 0.1468356 0.1642129 0.1485167 0.1445178 0.1727378 0.1181511 0.1388062 0.1566287 0.3202357 
S0004_G5974_R1_A 0.1481755 0.2086351 0.2112752 0.1866935 0.1412881 0.1655369 0.1565359 0.1545772 0.1913621 0.1482924 0.1454640 0.1602209 0.1635559 0.1483053 0.1468356 0.0000000 0.1745820 0.1592838 0.1600671 0.1477864 0.1393768 0.1449563 0.1679925 0.3210780 
S0018_G5974_R1_A 0.1620833 0.2438980 0.2365421 0.2062768 0.1755492 0.1888703 0.1855121 0.1659815 0.2077127 0.1748518 0.1742475 0.1884411 0.1916706 0.1614696 0.1642129 0.1745820 0.0000000 0.0944759 0.1999978 0.2006898 0.1612162 0.1753092 0.1940178 0.3399674 
S0031_G5974_R1_A 0.1493362 0.2258837 0.2228400 0.1947016 0.1527174 0.1784471 0.1667473 0.1539972 0.1996449 0.1560687 0.1623050 0.1699187 0.1689308 0.1477614 0.1485167 0.1592838 0.0944759 0.0000000 0.1820402 0.1833800 0.1610068 0.1618910 0.1746915 0.3344807 
S0026_G5974_R1_A 0.1523806 0.2251826 0.2180838 0.2176618 0.1434903 0.1616566 0.1616631 0.1418186 0.1757298 0.1275916 0.1549591 0.1254462 0.1351740 0.1473201 0.1445178 0.1600671 0.1999978 0.1820402 0.0000000 0.1946328 0.1482191 0.1573655 0.1824957 0.2650910 
S0037_G5974_R1_U 0.1625768 0.2388184 0.2344493 0.2015382 0.1599625 0.1852102 0.1692372 0.1725192 0.2112979 0.1800428 0.1615394 0.1910517 0.1897561 0.1636947 0.1727378 0.1477864 0.2006898 0.1833800 0.1946328 0.0000000 0.1501686 0.1673387 0.1880295 0.3543926 
S0017_G5974_R1_A 0.1127639 0.1411628 0.1427374 0.1784098 0.1230078 0.1398213 0.1391190 0.1249921 0.1685777 0.1256582 0.1301993 0.1287018 0.1326673 0.1169398 0.1181511 0.1393768 0.1612162 0.1610068 0.1482191 0.1501686 0.0000000 0.1425799 0.1541668 0.2957583 
S0022_G5974_R1_A 0.1360258 0.1595576 0.1603446 0.2113520 0.1368767 0.1583105 0.1468276 0.1470431 0.1986683 0.1452263 0.1372750 0.1437577 0.1438694 0.1352530 0.1388062 0.1449563 0.1753092 0.1618910 0.1573655 0.1673387 0.1425799 0.0000000 0.1425039 0.2816038 
S0012_G5974_R1_A 0.1553338 0.2316956 0.2245082 0.2133902 0.1617259 0.1771056 0.1366857 0.1636429 0.1998469 0.1598216 0.1537880 0.1633262 0.1623773 0.1521343 0.1566287 0.1679925 0.1940178 0.1746915 0.1824957 0.1880295 0.1541668 0.1425039 0.0000000 0.3176439 
S0005_G5974_R1_A 0.3080043 0.3521043 0.3578254 0.3568955 0.2982581 0.3246307 0.2986694 0.3107746 0.3463426 0.2953427 0.3149593 0.3007180 0.2991189 0.3043876 0.3202357 0.3210780 0.3399674 0.3344807 0.2650910 0.3543926 0.2957583 0.2816038 0.3176439 0.0000000 
