22
S0018_G5981_R1_U 0.0000000 0.0455986 0.0879130 0.0898700 0.0950832 0.0874900 0.0927078 0.0949768 0.0878332 0.0825230 0.0938195 0.1036298 0.0957085 0.0997713 0.1150320 0.1264660 0.1155844 0.0788448 0.1132689 0.1043503 0.2575874 0.1443855 
S0031_G5981_R1_A 0.0455986 0.0000000 0.0743995 0.0799823 0.0832086 0.0771391 0.0789367 0.0824876 0.0749102 0.0716369 0.0831936 0.0931234 0.0849003 0.0880484 0.1030159 0.1136820 0.1031773 0.0740088 0.1013652 0.0945532 0.2460674 0.1318985 
S0036_G5981_R1_U 0.0879130 0.0743995 0.0000000 0.0603728 0.0638379 0.0538428 0.0450676 0.0503130 0.0664603 0.0623553 0.0634940 0.0695303 0.0721870 0.0587978 0.0817689 0.0945772 0.0850079 0.1032417 0.0785135 0.0790816 0.2236867 0.1167738 
S0028_G5981_R1_A 0.0898700 0.0799823 0.0603728 0.0000000 0.0570466 0.0578834 0.0575758 0.0640295 0.0678119 0.0693781 0.0654845 0.0766596 0.0645312 0.0712108 0.0794758 0.0963456 0.0836944 0.1109115 0.0856071 0.0833125 0.2224379 0.1226274 
S0026_G5981_R1_A 0.0950832 0.0832086 0.0638379 0.0570466 0.0000000 0.0608566 0.0640119 0.0687814 0.0737172 0.0734960 0.0724980 0.0752995 0.0675398 0.0714062 0.0895230 0.1028351 0.0928848 0.1143589 0.0857574 0.0822278 0.2176338 0.1229037 
S0002_G5981_R1_A 0.0874900 0.0771391 0.0538428 0.0578834 0.0608566 0.0000000 0.0516688 0.0574324 0.0674295 0.0660852 0.0644476 0.0745082 0.0672112 0.0632313 0.0813499 0.0944474 0.0838844 0.1065106 0.0824980 0.0848480 0.2214499 0.1167515 
S0019_G5981_R1_A 0.0927078 0.0789367 0.0450676 0.0575758 0.0640119 0.0516688 0.0000000 0.0409612 0.0690454 0.0677154 0.0671582 0.0732577 0.0716785 0.0543395 0.0831157 0.0903893 0.0858544 0.1088774 0.0780363 0.0825005 0.2302419 0.1156762 
S0020_G5981_R1_U 0.0949768 0.0824876 0.0503130 0.0640295 0.0687814 0.0574324 0.0409612 0.0000000 0.0731793 0.0718370 0.0723387 0.0774928 0.0764551 0.0596645 0.0914997 0.0992036 0.0937831 0.1109194 0.0859606 0.0907883 0.2357028 0.1236214 
S0004_G5981_R1_A 0.0878332 0.0749102 0.0664603 0.0678119 0.0737172 0.0674295 0.0690454 0.0731793 0.0000000 0.0640018 0.0709487 0.0824339 0.0831811 0.0753606 0.0932917 0.1017183 0.0957772 0.1029319 0.0857398 0.0782769 0.2310886 0.1210248 
S0016_G5981_R1_A 0.0825230 0.0716369 0.0623553 0.0693781 0.0734960 0.0660852 0.0677154 0.0718370 0.0640018 0.0000000 0.0707425 0.0768966 0.0835565 0.0750631 0.0925141 0.0992524 0.0968084 0.1025632 0.0886277 0.0854572 0.2376586 0.1329461 
S0030_G5981_R1_A 0.0938195 0.0831936 0.0634940 0.0654845 0.0724980 0.0644476 0.0671582 0.0723387 0.0709487 0.0707425 0.0000000 0.0735201 0.0801890 0.0786721 0.0907360 0.1003137 0.0948937 0.1103550 0.0855565 0.0832713 0.2311956 0.1155640 
S0022_G5981_R1_A 0.1036298 0.0931234 0.0695303 0.0766596 0.0752995 0.0745082 0.0732577 0.0774928 0.0824339 0.0768966 0.0735201 0.0000000 0.0878436 0.0834175 0.0939696 0.1012911 0.0961179 0.1198129 0.0867521 0.0891471 0.2283558 0.1411420 
S0021_G5981_R1_A 0.0957085 0.0849003 0.0721870 0.0645312 0.0675398 0.0672112 0.0716785 0.0764551 0.0831811 0.0835565 0.0801890 0.0878436 0.0000000 0.0810854 0.0951539 0.1028137 0.0976764 0.1156756 0.0970856 0.0973946 0.2293568 0.1347007 
S0011_G5981_R1_A 0.0997713 0.0880484 0.0587978 0.0712108 0.0714062 0.0632313 0.0543395 0.0596645 0.0753606 0.0750631 0.0786721 0.0834175 0.0810854 0.0000000 0.0934214 0.1023565 0.0979445 0.1187646 0.0871648 0.0949040 0.2292026 0.1281087 
S0048_G5981_R1_A 0.1150320 0.1030159 0.0817689 0.0794758 0.0895230 0.0813499 0.0831157 0.0914997 0.0932917 0.0925141 0.0907360 0.0939696 0.0951539 0.0934214 0.0000000 0.1155044 0.0130520 0.1324353 0.1026704 0.0966405 0.2497374 0.1515031 
S0013_G5981_R1_A 0.1264660 0.1136820 0.0945772 0.0963456 0.1028351 0.0944474 0.0903893 0.0992036 0.1017183 0.0992524 0.1003137 0.1012911 0.1028137 0.1023565 0.1155044 0.0000000 0.1210785 0.1401810 0.1134330 0.1063386 0.2524856 0.1591913 
S0050_G5981_R1_A 0.1155844 0.1031773 0.0850079 0.0836944 0.0928848 0.0838844 0.0858544 0.0937831 0.0957772 0.0968084 0.0948937 0.0961179 0.0976764 0.0979445 0.0130520 0.1210785 0.0000000 0.1383151 0.1073262 0.0970261 0.2659156 0.1636576 
S0037_G5981_R1_A 0.0788448 0.0740088 0.1032417 0.1109115 0.1143589 0.1065106 0.1088774 0.1109194 0.1029319 0.1025632 0.1103550 0.1198129 0.1156756 0.1187646 0.1324353 0.1401810 0.1383151 0.0000000 0.1249334 0.1253325 0.2691979 0.1614823 
S0046_G5981_R1_A 0.1132689 0.1013652 0.0785135 0.0856071 0.0857574 0.0824980 0.0780363 0.0859606 0.0857398 0.0886277 0.0855565 0.0867521 0.0970856 0.0871648 0.1026704 0.1134330 0.1073262 0.1249334 0.0000000 0.0882667 0.2414333 0.1357495 
S0017_G5981_R1_U 0.1043503 0.0945532 0.0790816 0.0833125 0.0822278 0.0848480 0.0825005 0.0907883 0.0782769 0.0854572 0.0832713 0.0891471 0.0973946 0.0949040 0.0966405 0.1063386 0.0970261 0.1253325 0.0882667 0.0000000 0.2379419 0.1393489 
S0005_G5981_R1_A 0.2575874 0.2460674 0.2236867 0.2224379 0.2176338 0.2214499 0.2302419 0.2357028 0.2310886 0.2376586 0.2311956 0.2283558 0.2293568 0.2292026 0.2497374 0.2524856 0.2659156 0.2691979 0.2414333 0.2379419 0.0000000 0.2675851 
S0012_G5981_R1_A 0.1443855 0.1318985 0.1167738 0.1226274 0.1229037 0.1167515 0.1156762 0.1236214 0.1210248 0.1329461 0.1155640 0.1411420 0.1347007 0.1281087 0.1515031 0.1591913 0.1636576 0.1614823 0.1357495 0.1393489 0.2675851 0.0000000 
