38
S0011_G6036_R3_A 0.0000000 0.0436045 0.0455460 0.0462840 0.0429489 0.0501828 0.0451129 0.0418395 0.0444992 0.0467435 0.0533993 0.0600101 0.0540793 0.1534068 0.0494924 0.0514128 0.3311951 0.1296527 0.0736463 0.3441063 0.3563598 0.3820393 0.2859418 0.4575251 0.4522207 0.4651721 0.4671198 0.4749539 0.4985127 0.4740439 0.4905931 0.4829140 0.4912637 0.4818838 0.4805300 0.4919968 0.4925174 0.5206032 
S0002_G6036_R2_A 0.0436045 0.0000000 0.0398513 0.0348476 0.0306595 0.0366423 0.0336365 0.0411585 0.0421864 0.0454857 0.0506913 0.0501928 0.0435141 0.1494471 0.0457796 0.0472058 0.3225897 0.1233363 0.0728343 0.3350255 0.3469436 0.3722515 0.2779608 0.4497826 0.4390145 0.4542796 0.4560486 0.4730088 0.4840080 0.4631377 0.4869333 0.4778908 0.4894489 0.4793525 0.4706791 0.4822488 0.4845774 0.5069447 
S0019_G6036_R2_A 0.0455460 0.0398513 0.0000000 0.0415885 0.0349270 0.0438153 0.0413218 0.0455406 0.0456571 0.0480635 0.0536987 0.0562109 0.0522022 0.1567451 0.0463275 0.0487732 0.3343869 0.1328500 0.0787224 0.3471025 0.3553507 0.3857373 0.2843302 0.4521203 0.4419273 0.4615929 0.4595101 0.4755604 0.4889120 0.4649453 0.4847269 0.4825817 0.4904808 0.4840429 0.4713687 0.4829839 0.4913922 0.5092197 
S0019_G6036_R3_A 0.0462840 0.0348476 0.0415885 0.0000000 0.0304675 0.0359438 0.0348476 0.0452748 0.0458729 0.0502288 0.0552830 0.0513798 0.0447939 0.1566532 0.0489763 0.0498733 0.3319464 0.1277054 0.0787133 0.3387988 0.3488574 0.3768770 0.2759059 0.4558972 0.4492916 0.4623461 0.4633817 0.4744565 0.4941715 0.4699393 0.4874829 0.4841053 0.4932854 0.4853418 0.4715923 0.4883307 0.4939664 0.5141781 
S0036_G6036_R3_U 0.0429489 0.0306595 0.0349270 0.0304675 0.0000000 0.0321738 0.0306397 0.0409275 0.0415872 0.0452868 0.0514445 0.0446125 0.0398001 0.1534890 0.0440297 0.0449568 0.3226266 0.1214305 0.0731117 0.3257314 0.3379551 0.3599792 0.2735937 0.4481434 0.4415352 0.4574246 0.4565470 0.4659080 0.4866417 0.4606571 0.4772508 0.4723454 0.4825053 0.4719818 0.4713790 0.4788084 0.4883856 0.5106201 
S0030_G6036_R3_A 0.0501828 0.0366423 0.0438153 0.0359438 0.0321738 0.0000000 0.0337165 0.0471600 0.0482343 0.0516965 0.0553550 0.0528751 0.0426531 0.1621767 0.0514001 0.0513367 0.3372253 0.1333266 0.0769202 0.3380934 0.3523783 0.3760465 0.2825600 0.4537418 0.4472302 0.4601139 0.4564217 0.4729730 0.4875215 0.4688366 0.4852876 0.4819070 0.4910646 0.4789280 0.4699460 0.4835907 0.4902289 0.5106902 
S0011_G6036_R2_A 0.0451129 0.0336365 0.0413218 0.0348476 0.0306397 0.0337165 0.0000000 0.0450290 0.0446690 0.0489835 0.0546298 0.0502314 0.0450040 0.1499846 0.0477081 0.0481500 0.3199562 0.1280617 0.0755418 0.3340305 0.3459221 0.3728730 0.2726757 0.4542886 0.4495268 0.4607403 0.4637136 0.4774461 0.4918693 0.4739686 0.4868065 0.4827780 0.4904456 0.4842031 0.4701201 0.4889044 0.4921042 0.5185859 
S0036_G6036_R2_A 0.0418395 0.0411585 0.0455406 0.0452748 0.0409275 0.0471600 0.0450290 0.0000000 0.0448480 0.0471600 0.0523515 0.0579916 0.0550653 0.1520556 0.0485021 0.0513984 0.3291459 0.1287774 0.0755578 0.3413544 0.3527130 0.3774473 0.2792201 0.4464257 0.4398085 0.4587628 0.4545501 0.4669473 0.4867654 0.4585704 0.4779243 0.4779537 0.4819572 0.4738845 0.4633556 0.4790915 0.4879126 0.5098450 
S0030_G6036_R2_A 0.0444992 0.0421864 0.0456571 0.0458729 0.0415872 0.0482343 0.0446690 0.0448480 0.0000000 0.0483659 0.0509095 0.0611385 0.0536469 0.1518635 0.0446314 0.0469985 0.3202413 0.1209117 0.0730311 0.3433839 0.3525354 0.3785594 0.2767566 0.4609006 0.4524457 0.4698051 0.4709170 0.4900006 0.4969134 0.4744213 0.4971769 0.4881134 0.5010174 0.4900188 0.4822308 0.4919845 0.5008254 0.5171113 
S0002_G6036_R3_A 0.0467435 0.0454857 0.0480635 0.0502288 0.0452868 0.0516965 0.0489835 0.0471600 0.0483659 0.0000000 0.0570542 0.0636822 0.0583253 0.1546300 0.0525086 0.0544356 0.3254875 0.1349720 0.0767442 0.3372986 0.3472329 0.3682179 0.2830602 0.4656183 0.4623511 0.4754632 0.4745283 0.4864078 0.5054149 0.4849362 0.4987931 0.4912127 0.5013827 0.4957269 0.4833879 0.4886936 0.4985667 0.5250077 
S0022_G6036_R2_A 0.0533993 0.0506913 0.0536987 0.0552830 0.0514445 0.0553550 0.0546298 0.0523515 0.0509095 0.0570542 0.0000000 0.0678963 0.0630967 0.1626779 0.0492354 0.0511758 0.3354664 0.1272802 0.0795634 0.3465168 0.3572852 0.3853152 0.2893599 0.4734323 0.4653351 0.4748633 0.4732551 0.4886227 0.4989846 0.4827312 0.5036683 0.5012879 0.5018380 0.4936727 0.4927696 0.5003960 0.5086427 0.5257037 
S0048_G6036_R2_A 0.0600101 0.0501928 0.0562109 0.0513798 0.0446125 0.0528751 0.0502314 0.0579916 0.0611385 0.0636822 0.0678963 0.0000000 0.0579602 0.1689577 0.0636853 0.0651270 0.3317884 0.1433415 0.0832253 0.3503636 0.3621374 0.3851499 0.2935718 0.4619610 0.4522604 0.4653352 0.4675732 0.4745771 0.4920425 0.4706036 0.4865456 0.4867622 0.4918405 0.4821150 0.4837504 0.4863312 0.4898782 0.5175243 
S0022_G6036_R3_A 0.0540793 0.0435141 0.0522022 0.0447939 0.0398001 0.0426531 0.0450040 0.0550653 0.0536469 0.0583253 0.0630967 0.0579602 0.0000000 0.1653284 0.0586925 0.0596730 0.3408683 0.1381654 0.0892216 0.3498165 0.3640130 0.3883305 0.2893662 0.4526580 0.4484131 0.4602049 0.4564761 0.4709082 0.4898608 0.4623825 0.4795771 0.4774027 0.4853163 0.4688410 0.4683858 0.4819727 0.4846787 0.5109968 
S0005_G6036_R2_A 0.1534068 0.1494471 0.1567451 0.1566532 0.1534890 0.1621767 0.1499846 0.1520556 0.1518635 0.1546300 0.1626779 0.1689577 0.1653284 0.0000000 0.1470603 0.1502494 0.1813085 0.2457405 0.1827023 0.1991495 0.2085487 0.2372269 0.1188216 0.4970964 0.5031820 0.5033236 0.5076964 0.5150382 0.5329446 0.5175365 0.5326357 0.5314141 0.5333750 0.5310511 0.5173323 0.5376118 0.5345796 0.5584670 
S0021_G6036_R3_A 0.0494924 0.0457796 0.0463275 0.0489763 0.0440297 0.0514001 0.0477081 0.0485021 0.0446314 0.0525086 0.0492354 0.0636853 0.0586925 0.1470603 0.0000000 0.0151194 0.3147302 0.1154220 0.0787991 0.3375723 0.3467645 0.3652042 0.2729312 0.4618694 0.4549224 0.4645198 0.4659847 0.4780949 0.4906296 0.4718166 0.4939755 0.4875750 0.4970275 0.4897742 0.4807239 0.4927539 0.4926033 0.5250520 
S0021_G6036_R4_A 0.0514128 0.0472058 0.0487732 0.0498733 0.0449568 0.0513367 0.0481500 0.0513984 0.0469985 0.0544356 0.0511758 0.0651270 0.0596730 0.1502494 0.0151194 0.0000000 0.3174123 0.1187043 0.0807132 0.3365040 0.3456832 0.3626826 0.2727237 0.4575567 0.4494135 0.4632582 0.4632372 0.4768539 0.4845113 0.4653483 0.4911874 0.4835122 0.4929324 0.4877422 0.4782838 0.4877604 0.4925919 0.5162409 
S0005_G6036_R1_A 0.3311951 0.3225897 0.3343869 0.3319464 0.3226266 0.3372253 0.3199562 0.3291459 0.3202413 0.3254875 0.3354664 0.3317884 0.3408683 0.1813085 0.3147302 0.3174123 0.0000000 0.3813419 0.3468458 0.3181020 0.3290759 0.3319926 0.2519672 0.6975611 0.6936588 0.7111717 0.6977073 0.7277751 0.7307900 0.7048317 0.7330770 0.7212377 0.7322008 0.7141027 0.6836662 0.7237421 0.7177207 0.7511326 
S0022_G6036_R4_A 0.1296527 0.1233363 0.1328500 0.1277054 0.1214305 0.1333266 0.1280617 0.1287774 0.1209117 0.1349720 0.1272802 0.1433415 0.1381654 0.2457405 0.1154220 0.1187043 0.3813419 0.0000000 0.1585242 0.4630036 0.4714516 0.4699027 0.3890725 0.5463772 0.5425482 0.5558461 0.5528048 0.5719516 0.5900075 0.5700712 0.5824789 0.5776200 0.5747523 0.5675697 0.5544647 0.5945794 0.5963292 0.6206221 
S0048_G6036_R3_A 0.0736463 0.0728343 0.0787224 0.0787133 0.0731117 0.0769202 0.0755418 0.0755578 0.0730311 0.0767442 0.0795634 0.0832253 0.0892216 0.1827023 0.0787991 0.0807132 0.3468458 0.1585242 0.0000000 0.3639725 0.3759225 0.4012663 0.3037173 0.5041241 0.4937784 0.5105846 0.5071640 0.5190856 0.5458479 0.5170955 0.5412608 0.5319729 0.5437934 0.5247159 0.5264091 0.5346751 0.5271248 0.5571163 
S0005_G6036_R3_A 0.3441063 0.3350255 0.3471025 0.3387988 0.3257314 0.3380934 0.3340305 0.3413544 0.3433839 0.3372986 0.3465168 0.3503636 0.3498165 0.1991495 0.3375723 0.3365040 0.3181020 0.4630036 0.3639725 0.0000000 0.0370399 0.0710570 0.2293838 0.6485082 0.6449672 0.6638248 0.6642695 0.6655769 0.6980789 0.6626732 0.6981186 0.6961872 0.6936944 0.6889920 0.6656149 0.6762591 0.6880908 0.7257800 
S0005_G6036_R5_A 0.3563598 0.3469436 0.3553507 0.3488574 0.3379551 0.3523783 0.3459221 0.3527130 0.3525354 0.3472329 0.3572852 0.3621374 0.3640130 0.2085487 0.3467645 0.3456832 0.3290759 0.4714516 0.3759225 0.0370399 0.0000000 0.0724037 0.2441137 0.6522169 0.6484950 0.6621820 0.6672661 0.6792289 0.7021187 0.6686969 0.7016785 0.6960998 0.6897441 0.6937887 0.6689849 0.6795391 0.6977049 0.7365114 
S0005_G6036_R4_A 0.3820393 0.3722515 0.3857373 0.3768770 0.3599792 0.3760465 0.3728730 0.3774473 0.3785594 0.3682179 0.3853152 0.3851499 0.3883305 0.2372269 0.3652042 0.3626826 0.3319926 0.4699027 0.4012663 0.0710570 0.0724037 0.0000000 0.2689159 0.6752819 0.6779627 0.6866491 0.6960800 0.6956044 0.7280813 0.6908830 0.7283471 0.7252071 0.7232890 0.7129029 0.7062255 0.7026504 0.7175386 0.7612803 
S0005_G6036_R6_U 0.2859418 0.2779608 0.2843302 0.2759059 0.2735937 0.2825600 0.2726757 0.2792201 0.2767566 0.2830602 0.2893599 0.2935718 0.2893662 0.1188216 0.2729312 0.2727237 0.2519672 0.3890725 0.3037173 0.2293838 0.2441137 0.2689159 0.0000000 0.5901347 0.5860170 0.6045783 0.5978648 0.5827612 0.6162628 0.5991751 0.6272530 0.6278844 0.6282873 0.6217948 0.6000366 0.6256508 0.6264410 0.6487455 
S0021_G6036_R1_A 0.4575251 0.4497826 0.4521203 0.4558972 0.4481434 0.4537418 0.4542886 0.4464257 0.4609006 0.4656183 0.4734323 0.4619610 0.4526580 0.4970964 0.4618694 0.4575567 0.6975611 0.5463772 0.5041241 0.6485082 0.6522169 0.6752819 0.5901347 0.0000000 0.0314546 0.0656879 0.0766547 0.0731543 0.0931012 0.0743780 0.0867091 0.0917302 0.0849294 0.0832075 0.0971915 0.0898992 0.1056346 0.1150305 
S0021_G6036_R2_A 0.4522207 0.4390145 0.4419273 0.4492916 0.4415352 0.4472302 0.4495268 0.4398085 0.4524457 0.4623511 0.4653351 0.4522604 0.4484131 0.5031820 0.4549224 0.4494135 0.6936588 0.5425482 0.4937784 0.6449672 0.6484950 0.6779627 0.5860170 0.0314546 0.0000000 0.0642534 0.0723610 0.0728383 0.0926309 0.0740233 0.0862389 0.0903711 0.0824057 0.0834398 0.0956667 0.0919061 0.1040521 0.1093958 
S0028_G6036_R1_A 0.4651721 0.4542796 0.4615929 0.4623461 0.4574246 0.4601139 0.4607403 0.4587628 0.4698051 0.4754632 0.4748633 0.4653352 0.4602049 0.5033236 0.4645198 0.4632582 0.7111717 0.5558461 0.5105846 0.6638248 0.6621820 0.6866491 0.6045783 0.0656879 0.0642534 0.0000000 0.0679816 0.0701517 0.0867208 0.0718952 0.0809189 0.0848924 0.0786814 0.0769067 0.0933096 0.0856746 0.1041442 0.1062123 
S0046_G6036_R1_A 0.4671198 0.4560486 0.4595101 0.4633817 0.4565470 0.4564217 0.4637136 0.4545501 0.4709170 0.4745283 0.4732551 0.4675732 0.4564761 0.5076964 0.4659847 0.4632372 0.6977073 0.5528048 0.5071640 0.6642695 0.6672661 0.6960800 0.5978648 0.0766547 0.0723610 0.0679816 0.0000000 0.0812412 0.0882793 0.0827780 0.0923810 0.0939616 0.0886221 0.0911551 0.1040250 0.0993374 0.1124302 0.1184546 
S0026_G6036_R1_A 0.4749539 0.4730088 0.4755604 0.4744565 0.4659080 0.4729730 0.4774461 0.4669473 0.4900006 0.4864078 0.4886227 0.4745771 0.4709082 0.5150382 0.4780949 0.4768539 0.7277751 0.5719516 0.5190856 0.6655769 0.6792289 0.6956044 0.5827612 0.0731543 0.0728383 0.0701517 0.0812412 0.0000000 0.0995154 0.0771728 0.0830821 0.0867128 0.0824811 0.0795159 0.0943260 0.0856492 0.0981410 0.1088332 
S0017_G6036_R1_A 0.4985127 0.4840080 0.4889120 0.4941715 0.4866417 0.4875215 0.4918693 0.4867654 0.4969134 0.5054149 0.4989846 0.4920425 0.4898608 0.5329446 0.4906296 0.4845113 0.7307900 0.5900075 0.5458479 0.6980789 0.7021187 0.7280813 0.6162628 0.0931012 0.0926309 0.0867208 0.0882793 0.0995154 0.0000000 0.0959341 0.1041005 0.1100753 0.1050967 0.1023418 0.1146830 0.1132039 0.1247721 0.1356189 
S0020_G6036_R1_A 0.4740439 0.4631377 0.4649453 0.4699393 0.4606571 0.4688366 0.4739686 0.4585704 0.4744213 0.4849362 0.4827312 0.4706036 0.4623825 0.5175365 0.4718166 0.4653483 0.7048317 0.5700712 0.5170955 0.6626732 0.6686969 0.6908830 0.5991751 0.0743780 0.0740233 0.0718952 0.0827780 0.0771728 0.0959341 0.0000000 0.0850539 0.0892592 0.0839597 0.0831931 0.0978429 0.0775015 0.0976620 0.1123888 
S0004_G6036_R1_A 0.4905931 0.4869333 0.4847269 0.4874829 0.4772508 0.4852876 0.4868065 0.4779243 0.4971769 0.4987931 0.5036683 0.4865456 0.4795771 0.5326357 0.4939755 0.4911874 0.7330770 0.5824789 0.5412608 0.6981186 0.7016785 0.7283471 0.6272530 0.0867091 0.0862389 0.0809189 0.0923810 0.0830821 0.1041005 0.0850539 0.0000000 0.0710787 0.0629636 0.0623782 0.0753781 0.1025931 0.1172402 0.1262551 
S0018_G6036_R1_A 0.4829140 0.4778908 0.4825817 0.4841053 0.4723454 0.4819070 0.4827780 0.4779537 0.4881134 0.4912127 0.5012879 0.4867622 0.4774027 0.5314141 0.4875750 0.4835122 0.7212377 0.5776200 0.5319729 0.6961872 0.6960998 0.7252071 0.6278844 0.0917302 0.0903711 0.0848924 0.0939616 0.0867128 0.1100753 0.0892592 0.0710787 0.0000000 0.0478428 0.0688084 0.0683936 0.1070827 0.1217429 0.1247523 
S0031_G6036_R1_A 0.4912637 0.4894489 0.4904808 0.4932854 0.4825053 0.4910646 0.4904456 0.4819572 0.5010174 0.5013827 0.5018380 0.4918405 0.4853163 0.5333750 0.4970275 0.4929324 0.7322008 0.5747523 0.5437934 0.6936944 0.6897441 0.7232890 0.6282873 0.0849294 0.0824057 0.0786814 0.0886221 0.0824811 0.1050967 0.0839597 0.0629636 0.0478428 0.0000000 0.0622394 0.0601960 0.1004193 0.1178014 0.1233714 
S0016_G6036_R1_A 0.4818838 0.4793525 0.4840429 0.4853418 0.4719818 0.4789280 0.4842031 0.4738845 0.4900188 0.4957269 0.4936727 0.4821150 0.4688410 0.5310511 0.4897742 0.4877422 0.7141027 0.5675697 0.5247159 0.6889920 0.6937887 0.7129029 0.6217948 0.0832075 0.0834398 0.0769067 0.0911551 0.0795159 0.1023418 0.0831931 0.0623782 0.0688084 0.0622394 0.0000000 0.0709990 0.0980617 0.1119534 0.1173678 
S0037_G6036_R1_U 0.4805300 0.4706791 0.4713687 0.4715923 0.4713790 0.4699460 0.4701201 0.4633556 0.4822308 0.4833879 0.4927696 0.4837504 0.4683858 0.5173323 0.4807239 0.4782838 0.6836662 0.5544647 0.5264091 0.6656149 0.6689849 0.7062255 0.6000366 0.0971915 0.0956667 0.0933096 0.1040250 0.0943260 0.1146830 0.0978429 0.0753781 0.0683936 0.0601960 0.0709990 0.0000000 0.1096331 0.1244192 0.1286178 
S0013_G6036_R1_A 0.4919968 0.4822488 0.4829839 0.4883307 0.4788084 0.4835907 0.4889044 0.4790915 0.4919845 0.4886936 0.5003960 0.4863312 0.4819727 0.5376118 0.4927539 0.4877604 0.7237421 0.5945794 0.5346751 0.6762591 0.6795391 0.7026504 0.6256508 0.0898992 0.0919061 0.0856746 0.0993374 0.0856492 0.1132039 0.0775015 0.1025931 0.1070827 0.1004193 0.0980617 0.1096331 0.0000000 0.0935253 0.1238682 
S0050_G6036_R1_A 0.4925174 0.4845774 0.4913922 0.4939664 0.4883856 0.4902289 0.4921042 0.4879126 0.5008254 0.4985667 0.5086427 0.4898782 0.4846787 0.5345796 0.4926033 0.4925919 0.7177207 0.5963292 0.5271248 0.6880908 0.6977049 0.7175386 0.6264410 0.1056346 0.1040521 0.1041442 0.1124302 0.0981410 0.1247721 0.0976620 0.1172402 0.1217429 0.1178014 0.1119534 0.1244192 0.0935253 0.0000000 0.1342796 
S0012_G6036_R1_A 0.5206032 0.5069447 0.5092197 0.5141781 0.5106201 0.5106902 0.5185859 0.5098450 0.5171113 0.5250077 0.5257037 0.5175243 0.5109968 0.5584670 0.5250520 0.5162409 0.7511326 0.6206221 0.5571163 0.7257800 0.7365114 0.7612803 0.6487455 0.1150305 0.1093958 0.1062123 0.1184546 0.1088332 0.1356189 0.1123888 0.1262551 0.1247523 0.1233714 0.1173678 0.1286178 0.1238682 0.1342796 0.0000000 
