25
S0005_G6035_R1_A 0.0000000 0.2230837 0.2045901 0.1837847 0.1909662 0.1942537 0.1977767 0.2308768 0.2202322 0.1794262 0.1978373 0.1913954 0.2128220 0.2241554 0.2047542 0.2302428 0.2231347 0.1894335 0.2049179 0.2193441 0.2035146 0.2005473 0.1814668 0.1814659 0.1823853 
S0018_G6035_R1_U 0.2230837 0.0000000 0.0416907 0.0947361 0.0888187 0.0872547 0.1003608 0.1227590 0.1110105 0.0919562 0.0923335 0.0797540 0.1118411 0.0910944 0.0854153 0.1246201 0.1142500 0.0869810 0.1051114 0.1072321 0.1102692 0.0949984 0.0936875 0.0936862 0.0978149 
S0031_G6035_R1_A 0.2045901 0.0416907 0.0000000 0.0812740 0.0761381 0.0733829 0.0847368 0.1156715 0.0954276 0.0770138 0.0803172 0.0675864 0.0986041 0.0783331 0.0745879 0.1056342 0.0960639 0.0731119 0.0885935 0.0935385 0.0949089 0.0841288 0.0787965 0.0787953 0.0798751 
S0026_G6035_R1_A 0.1837847 0.0947361 0.0812740 0.0000000 0.0750834 0.0750242 0.0793519 0.1128181 0.0918760 0.0736922 0.0772624 0.0700465 0.0973446 0.1013241 0.0811740 0.1035185 0.0969652 0.0647165 0.0855307 0.0910409 0.0929153 0.0749920 0.0632542 0.0632538 0.0642179 
S0022_G6035_R1_A 0.1909662 0.0888187 0.0761381 0.0750834 0.0000000 0.0571012 0.0768212 0.1046112 0.0913680 0.0677704 0.0730680 0.0657372 0.0980731 0.0873557 0.0745065 0.1151020 0.1034140 0.0618959 0.0888207 0.0906400 0.0936044 0.0741653 0.0737757 0.0737746 0.0758106 
S0030_G6035_R1_A 0.1942537 0.0872547 0.0733829 0.0750242 0.0571012 0.0000000 0.0800388 0.1049581 0.0930292 0.0699140 0.0754968 0.0613678 0.0975099 0.0889947 0.0694367 0.1107557 0.0983095 0.0645095 0.0870053 0.0898225 0.0883314 0.0771837 0.0732421 0.0732410 0.0762585 
S0020_G6035_R1_U 0.1977767 0.1003608 0.0847368 0.0793519 0.0768212 0.0800388 0.0000000 0.1126858 0.0883788 0.0379296 0.0729909 0.0738078 0.0985989 0.1023107 0.0815212 0.1084499 0.0992193 0.0667863 0.0886347 0.0898247 0.0939857 0.0814733 0.0735596 0.0735584 0.0776698 
S0012_G6035_R1_A 0.2308768 0.1227590 0.1156715 0.1128181 0.1046112 0.1049581 0.1126858 0.0000000 0.1159531 0.0973543 0.1087953 0.1056187 0.1343732 0.1261479 0.1101797 0.1493488 0.1377553 0.0998093 0.1237463 0.1156872 0.1180144 0.1104579 0.1095449 0.1095436 0.1120492 
S0050_G6035_R1_A 0.2202322 0.1110105 0.0954276 0.0918760 0.0913680 0.0930292 0.0883788 0.1159531 0.0000000 0.0832692 0.0909914 0.0837712 0.1093094 0.1094002 0.0918065 0.1286468 0.1173108 0.0790899 0.1085954 0.0198055 0.0939105 0.0981326 0.0882763 0.0887889 0.0909795 
S0019_G6035_R1_A 0.1794262 0.0919562 0.0770138 0.0736922 0.0677704 0.0699140 0.0379296 0.0973543 0.0832692 0.0000000 0.0649355 0.0658190 0.0909365 0.0924393 0.0704667 0.0977890 0.0912211 0.0611875 0.0824272 0.0835722 0.0842401 0.0734076 0.0647466 0.0647455 0.0705197 
S0002_G6035_R1_A 0.1978373 0.0923335 0.0803172 0.0772624 0.0730680 0.0754968 0.0729909 0.1087953 0.0909914 0.0649355 0.0000000 0.0696990 0.0951821 0.1008544 0.0812942 0.1059381 0.0973373 0.0482838 0.0871641 0.0912975 0.0894754 0.0645726 0.0754126 0.0754115 0.0769985 
S0016_G6035_R1_A 0.1913954 0.0797540 0.0675864 0.0700465 0.0657372 0.0613678 0.0738078 0.1056187 0.0837712 0.0658190 0.0696990 0.0000000 0.0970407 0.0731778 0.0611296 0.1063532 0.0998931 0.0606877 0.0849745 0.0836268 0.0833728 0.0757628 0.0703241 0.0703230 0.0754055 
S0017_G6035_R1_U 0.2128220 0.1118411 0.0986041 0.0973446 0.0980731 0.0975099 0.0985989 0.1343732 0.1093094 0.0909365 0.0951821 0.0970407 0.0000000 0.1135138 0.1008927 0.1262653 0.1149697 0.0915716 0.1128632 0.1088832 0.1151643 0.1026010 0.0929363 0.0929351 0.0940369 
S0037_G6035_R1_A 0.2241554 0.0910944 0.0783331 0.1013241 0.0873557 0.0889947 0.1023107 0.1261479 0.1094002 0.0924393 0.1008544 0.0731778 0.1135138 0.0000000 0.0863080 0.1303648 0.1201458 0.0898545 0.1066123 0.1064209 0.1103450 0.0965350 0.0980404 0.0980392 0.1056607 
S0004_G6035_R1_A 0.2047542 0.0854153 0.0745879 0.0811740 0.0745065 0.0694367 0.0815212 0.1101797 0.0918065 0.0704667 0.0812942 0.0611296 0.1008927 0.0863080 0.0000000 0.1157722 0.1053278 0.0715571 0.0904196 0.0896328 0.0941292 0.0845479 0.0800105 0.0800093 0.0847487 
S0028_G6035_R1_A 0.2302428 0.1246201 0.1056342 0.1035185 0.1151020 0.1107557 0.1084499 0.1493488 0.1286468 0.0977890 0.1059381 0.1063532 0.1262653 0.1303648 0.1157722 0.0000000 0.0352046 0.1000834 0.1144907 0.1234372 0.1237989 0.1120162 0.0997061 0.0997048 0.1007306 
S0028_G6035_R2_A 0.2231347 0.1142500 0.0960639 0.0969652 0.1034140 0.0983095 0.0992193 0.1377553 0.1173108 0.0912211 0.0973373 0.0998931 0.1149697 0.1201458 0.1053278 0.0352046 0.0000000 0.0920068 0.1061569 0.1122118 0.1165287 0.1008200 0.0928118 0.0928106 0.0949775 
S0036_G6035_R1_U 0.1894335 0.0869810 0.0731119 0.0647165 0.0618959 0.0645095 0.0667863 0.0998093 0.0790899 0.0611875 0.0482838 0.0606877 0.0915716 0.0898545 0.0715571 0.1000834 0.0920068 0.0000000 0.0772977 0.0789861 0.0802822 0.0493457 0.0642269 0.0642258 0.0677318 
S0046_G6035_R1_A 0.2049179 0.1051114 0.0885935 0.0855307 0.0888207 0.0870053 0.0886347 0.1237463 0.1085954 0.0824272 0.0871641 0.0849745 0.1128632 0.1066123 0.0904196 0.1144907 0.1061569 0.0772977 0.0000000 0.1049639 0.1040947 0.0892137 0.0841417 0.0841405 0.0873076 
S0048_G6035_R1_A 0.2193441 0.1072321 0.0935385 0.0910409 0.0906400 0.0898225 0.0898247 0.1156872 0.0198055 0.0835722 0.0912975 0.0836268 0.1088832 0.1064209 0.0896328 0.1234372 0.1122118 0.0789861 0.1049639 0.0000000 0.0914664 0.0920214 0.0844335 0.0849388 0.0870570 
S0013_G6035_R1_A 0.2035146 0.1102692 0.0949089 0.0929153 0.0936044 0.0883314 0.0939857 0.1180144 0.0939105 0.0842401 0.0894754 0.0833728 0.1151643 0.1103450 0.0941292 0.1237989 0.1165287 0.0802822 0.1040947 0.0914664 0.0000000 0.0923140 0.0919136 0.0919123 0.0961485 
S0011_G6035_R1_A 0.2005473 0.0949984 0.0841288 0.0749920 0.0741653 0.0771837 0.0814733 0.1104579 0.0981326 0.0734076 0.0645726 0.0757628 0.1026010 0.0965350 0.0845479 0.1120162 0.1008200 0.0493457 0.0892137 0.0920214 0.0923140 0.0000000 0.0775375 0.0775360 0.0832790 
S0021_G6035_R1_A 0.1814668 0.0936875 0.0787965 0.0632542 0.0737757 0.0732421 0.0735596 0.1095449 0.0882763 0.0647466 0.0754126 0.0703241 0.0929363 0.0980404 0.0800105 0.0997061 0.0928118 0.0642269 0.0841417 0.0844335 0.0919136 0.0775375 0.0000000 0.0008516 0.0263086 
S0021_G6035_R2_A 0.1814659 0.0936862 0.0787953 0.0632538 0.0737746 0.0732410 0.0735584 0.1095436 0.0887889 0.0647455 0.0754115 0.0703230 0.0929351 0.0980392 0.0800093 0.0997048 0.0928106 0.0642258 0.0841405 0.0849388 0.0919123 0.0775360 0.0008516 0.0000000 0.0263081 
S0021_G6035_R3_A 0.1823853 0.0978149 0.0798751 0.0642179 0.0758106 0.0762585 0.0776698 0.1120492 0.0909795 0.0705197 0.0769985 0.0754055 0.0940369 0.1056607 0.0847487 0.1007306 0.0949775 0.0677318 0.0873076 0.0870570 0.0961485 0.0832790 0.0263086 0.0263081 0.0000000 
