25
S0004_G6226_R1_A 0.0000000 0.0356903 0.0410701 0.0607207 0.0462382 0.0631983 0.0567317 0.0638799 0.0545087 0.0567029 0.0643061 0.0758083 0.0743731 0.0703943 0.0705811 0.0712312 0.0676273 0.0490086 0.1830619 0.0870789 0.0812761 0.0744088 0.0370768 0.0740615 0.0754090 
S0016_G6226_R1_A 0.0356903 0.0000000 0.0322755 0.0503215 0.0388146 0.0551958 0.0469151 0.0543345 0.0456781 0.0474779 0.0527840 0.0664686 0.0629427 0.0587300 0.0582022 0.0588497 0.0601559 0.0429597 0.1771408 0.0809596 0.0747156 0.0663050 0.0305856 0.0635670 0.0642700 
S0022_G6226_R1_A 0.0410701 0.0322755 0.0000000 0.0537059 0.0416781 0.0570573 0.0492777 0.0561845 0.0465129 0.0467452 0.0588433 0.0683171 0.0664510 0.0626018 0.0605193 0.0611706 0.0609834 0.0473639 0.1791444 0.0815708 0.0780161 0.0695553 0.0311825 0.0663400 0.0670441 
S0018_G6226_R1_A 0.0607207 0.0503215 0.0537059 0.0000000 0.0321294 0.0773131 0.0701072 0.0768628 0.0673884 0.0636137 0.0767773 0.0867414 0.0858087 0.0806373 0.0804170 0.0794561 0.0780086 0.0643735 0.1964909 0.1042162 0.0926249 0.0867935 0.0526834 0.0872916 0.0874435 
S0031_G6226_R1_A 0.0462382 0.0388146 0.0416781 0.0321294 0.0000000 0.0643845 0.0570596 0.0651385 0.0548234 0.0528225 0.0662529 0.0752340 0.0716873 0.0690612 0.0680224 0.0675964 0.0651430 0.0508874 0.1877886 0.0946122 0.0825431 0.0740030 0.0352953 0.0728630 0.0735854 
S0002_G6226_R1_A 0.0631983 0.0551958 0.0570573 0.0773131 0.0643845 0.0000000 0.0481935 0.0529673 0.0448314 0.0692223 0.0525934 0.0655845 0.0648989 0.0665907 0.0600707 0.0600388 0.0655583 0.0680549 0.1692624 0.0860902 0.0818849 0.0727726 0.0506896 0.0650763 0.0656142 
S0036_G6226_R1_U 0.0567317 0.0469151 0.0492777 0.0701072 0.0570596 0.0481935 0.0000000 0.0379232 0.0275856 0.0602283 0.0511749 0.0587527 0.0563732 0.0623261 0.0574907 0.0591879 0.0568208 0.0637584 0.1699950 0.0796017 0.0687086 0.0636917 0.0379975 0.0646014 0.0672409 
S0019_G6226_R1_A 0.0638799 0.0543345 0.0561845 0.0768628 0.0651385 0.0529673 0.0379232 0.0000000 0.0264795 0.0673020 0.0543890 0.0603390 0.0627649 0.0674163 0.0584345 0.0592673 0.0632118 0.0677212 0.1677816 0.0856242 0.0772806 0.0694105 0.0421090 0.0637187 0.0644173 
S0020_G6226_R1_A 0.0545087 0.0456781 0.0465129 0.0673884 0.0548234 0.0448314 0.0275856 0.0264795 0.0000000 0.0590243 0.0415641 0.0483334 0.0534922 0.0584947 0.0493339 0.0509985 0.0543723 0.0604180 0.1664512 0.0763431 0.0673792 0.0596441 0.0336408 0.0533790 0.0553354 
S0017_G6226_R1_A 0.0567029 0.0474779 0.0467452 0.0636137 0.0528225 0.0692223 0.0602283 0.0673020 0.0590243 0.0000000 0.0710989 0.0785400 0.0755697 0.0720913 0.0749595 0.0767383 0.0677787 0.0619752 0.1824498 0.0905303 0.0874559 0.0788917 0.0399440 0.0839274 0.0867084 
S0011_G6226_R1_A 0.0643061 0.0527840 0.0588433 0.0767773 0.0662529 0.0525934 0.0511749 0.0543890 0.0415641 0.0710989 0.0000000 0.0676178 0.0678197 0.0685261 0.0630301 0.0647608 0.0674468 0.0720664 0.1755920 0.0913898 0.0799457 0.0720488 0.0504155 0.0680099 0.0700229 
S0028_G6226_R1_A 0.0758083 0.0664686 0.0683171 0.0867414 0.0752340 0.0655845 0.0587527 0.0603390 0.0483334 0.0785400 0.0676178 0.0000000 0.0658259 0.0754800 0.0583342 0.0600440 0.0742971 0.0791570 0.1809729 0.0959518 0.0916422 0.0834979 0.0513451 0.0621554 0.0634984 
S0026_G6226_R1_A 0.0743731 0.0629427 0.0664510 0.0858087 0.0716873 0.0648989 0.0563732 0.0627649 0.0534922 0.0755697 0.0678197 0.0658259 0.0000000 0.0735067 0.0623316 0.0640544 0.0733191 0.0799896 0.1642172 0.0966989 0.0890188 0.0803731 0.0541818 0.0677427 0.0697468 
S0013_G6226_R1_A 0.0703943 0.0587300 0.0626018 0.0806373 0.0690612 0.0665907 0.0623261 0.0674163 0.0584947 0.0720913 0.0685261 0.0754800 0.0735067 0.0000000 0.0702137 0.0702476 0.0745798 0.0747911 0.1884913 0.0863216 0.0771311 0.0692778 0.0510703 0.0720330 0.0719598 
S0021_G6226_R1_A 0.0705811 0.0582022 0.0605193 0.0804170 0.0680224 0.0600707 0.0574907 0.0584345 0.0493339 0.0749595 0.0630301 0.0583342 0.0623316 0.0702137 0.0000000 0.0186039 0.0702323 0.0731913 0.1697989 0.0937158 0.0833146 0.0764343 0.0542451 0.0000010 0.0212336 
S0021_G6226_R2_U 0.0712312 0.0588497 0.0611706 0.0794561 0.0675964 0.0600388 0.0591879 0.0592673 0.0509985 0.0767383 0.0647608 0.0600440 0.0640544 0.0702476 0.0186039 0.0000000 0.0731010 0.0734255 0.1677384 0.0943311 0.0821391 0.0752773 0.0530688 0.0214172 0.0000010 
S0046_G6226_R1_A 0.0676273 0.0601559 0.0609834 0.0780086 0.0651430 0.0655583 0.0568208 0.0632118 0.0543723 0.0677787 0.0674468 0.0742971 0.0733191 0.0745798 0.0702323 0.0731010 0.0000000 0.0737750 0.1866394 0.0943527 0.0832509 0.0774975 0.0481081 0.0735217 0.0769028 
S0037_G6226_R1_A 0.0490086 0.0429597 0.0473639 0.0643735 0.0508874 0.0680549 0.0637584 0.0677212 0.0604180 0.0619752 0.0720664 0.0791570 0.0799896 0.0747911 0.0731913 0.0734255 0.0737750 0.0000000 0.1831256 0.0952742 0.0871995 0.0784647 0.0437824 0.0743675 0.0738754 
S0005_G6226_R1_A 0.1830619 0.1771408 0.1791444 0.1964909 0.1877886 0.1692624 0.1699950 0.1677816 0.1664512 0.1824498 0.1755920 0.1809729 0.1642172 0.1884913 0.1697989 0.1677384 0.1866394 0.1831256 0.0000000 0.2026705 0.1889496 0.1887823 0.1495201 0.1764795 0.1721051 
S0012_G6226_R1_A 0.0870789 0.0809596 0.0815708 0.1042162 0.0946122 0.0860902 0.0796017 0.0856242 0.0763431 0.0905303 0.0913898 0.0959518 0.0966989 0.0863216 0.0937158 0.0943311 0.0943527 0.0952742 0.2026705 0.0000000 0.0954531 0.0896398 0.0699091 0.1007692 0.1014373 
S0048_G6226_R1_A 0.0812761 0.0747156 0.0780161 0.0926249 0.0825431 0.0818849 0.0687086 0.0772806 0.0673792 0.0874559 0.0799457 0.0916422 0.0890188 0.0771311 0.0833146 0.0821391 0.0832509 0.0871995 0.1889496 0.0954531 0.0000000 0.0194007 0.0685431 0.0889347 0.0881514 
S0050_G6226_R1_A 0.0744088 0.0663050 0.0695553 0.0867935 0.0740030 0.0727726 0.0636917 0.0694105 0.0596441 0.0788917 0.0720488 0.0834979 0.0803731 0.0692778 0.0764343 0.0752773 0.0774975 0.0784647 0.1887823 0.0896398 0.0194007 0.0000000 0.0627092 0.0834057 0.0826343 
S0030_G6226_R1_A 0.0370768 0.0305856 0.0311825 0.0526834 0.0352953 0.0506896 0.0379975 0.0421090 0.0336408 0.0399440 0.0504155 0.0513451 0.0541818 0.0510703 0.0542451 0.0530688 0.0481081 0.0437824 0.1495201 0.0699091 0.0685431 0.0627092 0.0000000 0.0567424 0.0548825 
S0021_G6226_R3_A 0.0740615 0.0635670 0.0663400 0.0872916 0.0728630 0.0650763 0.0646014 0.0637187 0.0533790 0.0839274 0.0680099 0.0621554 0.0677427 0.0720330 0.0000010 0.0214172 0.0735217 0.0743675 0.1764795 0.1007692 0.0889347 0.0834057 0.0567424 0.0000000 0.0214172 
S0021_G6226_R4_U 0.0754090 0.0642700 0.0670441 0.0874435 0.0735854 0.0656142 0.0672409 0.0644173 0.0553354 0.0867084 0.0700229 0.0634984 0.0697468 0.0719598 0.0212336 0.0000010 0.0769028 0.0738754 0.1721051 0.1014373 0.0881514 0.0826343 0.0548825 0.0214172 0.0000000 
