21
S0005_G6238_R1_A 0.0000000 0.6060023 0.4977289 0.4917052 0.4981345 0.4999233 0.5270133 0.5272066 0.4871166 0.4865010 0.5406800 0.5251565 0.5639092 0.5139961 0.5029884 0.5352718 0.4751147 0.4678130 0.4806444 0.5437262 0.5089452 
S0050_G6238_R1_A 0.6060023 0.0000000 0.1765850 0.1860819 0.2075320 0.1931955 0.2219236 0.2090358 0.2017006 0.2380130 0.2182708 0.2162698 0.1319344 0.2330372 0.1896954 0.2236722 0.2295357 0.1908067 0.2196952 0.2521804 0.2423064 
S0020_G6238_R1_A 0.4977289 0.1765850 0.0000000 0.1808373 0.1864561 0.1612749 0.1827889 0.1754370 0.1671431 0.2090410 0.1908151 0.2035645 0.1857797 0.1572215 0.1599917 0.2021264 0.1410459 0.1468861 0.1601430 0.1903080 0.1916182 
S0004_G6238_R1_A 0.4917052 0.1860819 0.1808373 0.0000000 0.1640466 0.1727790 0.2069829 0.1381233 0.1909812 0.1989410 0.1655644 0.2014707 0.1819396 0.1768553 0.1300296 0.2039913 0.1789647 0.1721593 0.1826482 0.2113057 0.2047039 
S0030_G6238_R1_A 0.4981345 0.2075320 0.1864561 0.1640466 0.0000000 0.1540173 0.2222451 0.1572885 0.1829467 0.1830300 0.1888964 0.1898141 0.1844430 0.1711113 0.1563358 0.1770817 0.1792282 0.1656066 0.1779881 0.2160379 0.1867406 
S0017_G6238_R1_A 0.4999233 0.1931955 0.1612749 0.1727790 0.1540173 0.0000000 0.1900378 0.1552468 0.1529911 0.1762617 0.1840013 0.1952498 0.1759076 0.1733254 0.1582043 0.1723673 0.1642732 0.1506740 0.1598858 0.2106186 0.1873486 
S0021_G6238_R1_A 0.5270133 0.2219236 0.1827889 0.2069829 0.2222451 0.1900378 0.0000000 0.2115489 0.1800018 0.2149310 0.2237168 0.2393846 0.2419706 0.2158383 0.2052779 0.2423105 0.2133224 0.2055350 0.2066598 0.1596490 0.2161143 
S0031_G6238_R1_A 0.5272066 0.2090358 0.1754370 0.1381233 0.1572885 0.1552468 0.2115489 0.0000000 0.1648001 0.1825616 0.1352794 0.1778104 0.1890909 0.1639341 0.1202740 0.1677577 0.1755671 0.1544544 0.1778237 0.1892427 0.1806411 
S0028_G6238_R1_A 0.4871166 0.2017006 0.1671431 0.1909812 0.1829467 0.1529911 0.1800018 0.1648001 0.0000000 0.1565864 0.1887092 0.1724365 0.1858259 0.1665383 0.1645982 0.1772769 0.1767425 0.1600362 0.1634902 0.2007080 0.1701420 
S0026_G6238_R1_A 0.4865010 0.2380130 0.2090410 0.1989410 0.1830300 0.1762617 0.2149310 0.1825616 0.1565864 0.0000000 0.1908188 0.1827645 0.1931966 0.1887345 0.1813445 0.2035039 0.2046824 0.1798592 0.1828451 0.2217963 0.2136225 
S0018_G6238_R1_A 0.5406800 0.2182708 0.1908151 0.1655644 0.1888964 0.1840013 0.2237168 0.1352794 0.1887092 0.1908188 0.0000000 0.1922462 0.1885462 0.1798929 0.1481640 0.1918633 0.1959663 0.1647280 0.1973112 0.2411794 0.2035601 
S0013_G6238_R1_A 0.5251565 0.2162698 0.2035645 0.2014707 0.1898141 0.1952498 0.2393846 0.1778104 0.1724365 0.1827645 0.1922462 0.0000000 0.1734350 0.1934905 0.1843964 0.2062981 0.1921100 0.1838530 0.1991037 0.2325649 0.1993594 
S0048_G6238_R1_A 0.5639092 0.1319344 0.1857797 0.1819396 0.1844430 0.1759076 0.2419706 0.1890909 0.1858259 0.1931966 0.1885462 0.1734350 0.0000000 0.1843840 0.1711542 0.1976105 0.1910522 0.1763047 0.2003470 0.2201963 0.1900658 
S0011_G6238_R1_A 0.5139961 0.2330372 0.1572215 0.1768553 0.1711113 0.1733254 0.2158383 0.1639341 0.1665383 0.1887345 0.1798929 0.1934905 0.1843840 0.0000000 0.1411783 0.1490191 0.1274548 0.1364381 0.1636876 0.1836620 0.1522697 
S0016_G6238_R1_A 0.5029884 0.1896954 0.1599917 0.1300296 0.1563358 0.1582043 0.2052779 0.1202740 0.1645982 0.1813445 0.1481640 0.1843964 0.1711542 0.1411783 0.0000000 0.1372590 0.1112394 0.1453631 0.1584032 0.1865356 0.1794978 
S0022_G6238_R1_A 0.5352718 0.2236722 0.2021264 0.2039913 0.1770817 0.1723673 0.2423105 0.1677577 0.1772769 0.2035039 0.1918633 0.2062981 0.1976105 0.1490191 0.1372590 0.0000000 0.1373850 0.1698728 0.1789727 0.2070385 0.1815897 
S0019_G6238_R1_A 0.4751147 0.2295357 0.1410459 0.1789647 0.1792282 0.1642732 0.2133224 0.1755671 0.1767425 0.2046824 0.1959663 0.1921100 0.1910522 0.1274548 0.1112394 0.1373850 0.0000000 0.1468753 0.1643187 0.1697424 0.1649404 
S0002_G6238_R1_A 0.4678130 0.1908067 0.1468861 0.1721593 0.1656066 0.1506740 0.2055350 0.1544544 0.1600362 0.1798592 0.1647280 0.1838530 0.1763047 0.1364381 0.1453631 0.1698728 0.1468753 0.0000000 0.1539706 0.1933240 0.1467768 
S0046_G6238_R1_A 0.4806444 0.2196952 0.1601430 0.1826482 0.1779881 0.1598858 0.2066598 0.1778237 0.1634902 0.1828451 0.1973112 0.1991037 0.2003470 0.1636876 0.1584032 0.1789727 0.1643187 0.1539706 0.0000000 0.2082988 0.1647266 
S0021_G6238_R2_A 0.5437262 0.2521804 0.1903080 0.2113057 0.2160379 0.2106186 0.1596490 0.1892427 0.2007080 0.2217963 0.2411794 0.2325649 0.2201963 0.1836620 0.1865356 0.2070385 0.1697424 0.1933240 0.2082988 0.0000000 0.1983451 
S0036_G6238_R1_U 0.5089452 0.2423064 0.1916182 0.2047039 0.1867406 0.1873486 0.2161143 0.1806411 0.1701420 0.2136225 0.2035601 0.1993594 0.1900658 0.1522697 0.1794978 0.1815897 0.1649404 0.1467768 0.1647266 0.1983451 0.0000000 
