22
S0031_G6258_R1_A 0.0000000 0.0940268 0.1121322 0.0865309 0.1250710 0.1353990 0.1041027 0.1122081 0.0981040 0.1279575 0.1014380 0.1674542 0.1617255 0.1218833 0.1279266 0.1708942 0.1773521 0.1995234 0.1657321 0.2557568 0.2389893 0.2678716 
S0046_G6258_R1_A 0.0940268 0.0000000 0.1059127 0.1142353 0.1172339 0.1198788 0.0908198 0.1035712 0.1041899 0.1132061 0.0956880 0.1508736 0.1484418 0.1172705 0.1613940 0.1712501 0.1761225 0.1920494 0.1572015 0.2469995 0.2357757 0.2700011 
S0002_G6258_R1_A 0.1121322 0.1059127 0.0000000 0.1226824 0.1359962 0.1283924 0.0808092 0.1160133 0.0981029 0.1193775 0.0809020 0.1412282 0.1584489 0.1247885 0.1829125 0.1610876 0.1723775 0.1787758 0.1613282 0.2499621 0.2342573 0.2745989 
S0037_G6258_R1_A 0.0865309 0.1142353 0.1226824 0.0000000 0.1142560 0.1184872 0.1134838 0.1183974 0.1138703 0.1470981 0.1164565 0.1721786 0.1788349 0.1263503 0.1650759 0.1854712 0.1846913 0.1979103 0.1672333 0.2531541 0.2416216 0.2777976 
S0004_G6258_R1_A 0.1250710 0.1172339 0.1359962 0.1142560 0.0000000 0.1377685 0.1212791 0.1242570 0.1262950 0.1460364 0.1137733 0.1797896 0.1710040 0.1511246 0.1829172 0.2021739 0.2175689 0.2181238 0.1677449 0.2476282 0.2306952 0.2824986 
S0030_G6258_R1_A 0.1353990 0.1198788 0.1283924 0.1184872 0.1377685 0.0000000 0.1196214 0.1552540 0.1288817 0.1518746 0.1280909 0.1917546 0.1974450 0.1470564 0.2041348 0.2111795 0.2186067 0.2406363 0.1447485 0.2486060 0.2379063 0.2723392 
S0019_G6258_R1_A 0.1041027 0.0908198 0.0808092 0.1134838 0.1212791 0.1196214 0.0000000 0.1108007 0.0822298 0.1129238 0.0643589 0.1334873 0.1488197 0.1170209 0.1666852 0.1473110 0.1601841 0.1639932 0.1467036 0.2295000 0.2122093 0.2628570 
S0016_G6258_R1_A 0.1122081 0.1035712 0.1160133 0.1183974 0.1242570 0.1552540 0.1108007 0.0000000 0.1137485 0.1211462 0.1075935 0.1637912 0.1506277 0.1311366 0.1662664 0.1749282 0.1834338 0.1849693 0.1510705 0.2394033 0.2272000 0.2674043 
S0028_G6258_R1_A 0.0981040 0.1041899 0.0981029 0.1138703 0.1262950 0.1288817 0.0822298 0.1137485 0.0000000 0.1048509 0.0907387 0.1463047 0.1548516 0.1144508 0.1704494 0.1582716 0.1621981 0.1874873 0.1556044 0.2436632 0.2227106 0.2568517 
S0026_G6258_R1_A 0.1279575 0.1132061 0.1193775 0.1470981 0.1460364 0.1518746 0.1129238 0.1211462 0.1048509 0.0000000 0.1135264 0.1525918 0.1598600 0.1271376 0.1707835 0.1556639 0.1579339 0.1766606 0.1716055 0.2401493 0.2175507 0.2571759 
S0020_G6258_R1_U 0.1014380 0.0956880 0.0809020 0.1164565 0.1137733 0.1280909 0.0643589 0.1075935 0.0907387 0.1135264 0.0000000 0.1422146 0.1369873 0.1178406 0.1509668 0.1573643 0.1698641 0.1552445 0.1465867 0.2171072 0.2042985 0.2591228 
S0011_G6258_R1_A 0.1674542 0.1508736 0.1412282 0.1721786 0.1797896 0.1917546 0.1334873 0.1637912 0.1463047 0.1525918 0.1422146 0.0000000 0.1677018 0.1450487 0.1712040 0.1579423 0.1695062 0.1839171 0.1919049 0.2314123 0.2296425 0.2505959 
S0013_G6258_R1_A 0.1617255 0.1484418 0.1584489 0.1788349 0.1710040 0.1974450 0.1488197 0.1506277 0.1548516 0.1598600 0.1369873 0.1677018 0.0000000 0.1385715 0.1795614 0.1620545 0.1727253 0.1951913 0.2076953 0.2352241 0.2235808 0.2749384 
S0017_G6258_R1_U 0.1218833 0.1172705 0.1247885 0.1263503 0.1511246 0.1470564 0.1170209 0.1311366 0.1144508 0.1271376 0.1178406 0.1450487 0.1385715 0.0000000 0.1691902 0.1589035 0.1594967 0.1768449 0.1699761 0.2443708 0.2401290 0.2505288 
S0018_G6258_R1_U 0.1279266 0.1613940 0.1829125 0.1650759 0.1829172 0.2041348 0.1666852 0.1662664 0.1704494 0.1707835 0.1509668 0.1712040 0.1795614 0.1691902 0.0000000 0.1774155 0.1843177 0.1870015 0.2248223 0.2477794 0.2410477 0.2833810 
S0021_G6258_R1_A 0.1708942 0.1712501 0.1610876 0.1854712 0.2021739 0.2111795 0.1473110 0.1749282 0.1582716 0.1556639 0.1573643 0.1579423 0.1620545 0.1589035 0.1774155 0.0000000 0.0752628 0.1876774 0.2277992 0.2488169 0.2383118 0.2724747 
S0021_G6258_R2_A 0.1773521 0.1761225 0.1723775 0.1846913 0.2175689 0.2186067 0.1601841 0.1834338 0.1621981 0.1579339 0.1698641 0.1695062 0.1727253 0.1594967 0.1843177 0.0752628 0.0000000 0.2018951 0.2271913 0.2451623 0.2399288 0.2764096 
S0036_G6258_R1_A 0.1995234 0.1920494 0.1787758 0.1979103 0.2181238 0.2406363 0.1639932 0.1849693 0.1874873 0.1766606 0.1552445 0.1839171 0.1951913 0.1768449 0.1870015 0.1876774 0.2018951 0.0000000 0.2382343 0.2443240 0.2346223 0.2964339 
S0022_G6258_R1_A 0.1657321 0.1572015 0.1613282 0.1672333 0.1677449 0.1447485 0.1467036 0.1510705 0.1556044 0.1716055 0.1465867 0.1919049 0.2076953 0.1699761 0.2248223 0.2277992 0.2271913 0.2382343 0.0000000 0.2341616 0.2209671 0.2972474 
S0048_G6258_R1_A 0.2557568 0.2469995 0.2499621 0.2531541 0.2476282 0.2486060 0.2295000 0.2394033 0.2436632 0.2401493 0.2171072 0.2314123 0.2352241 0.2443708 0.2477794 0.2488169 0.2451623 0.2443240 0.2341616 0.0000000 0.0439738 0.3231949 
S0050_G6258_R1_A 0.2389893 0.2357757 0.2342573 0.2416216 0.2306952 0.2379063 0.2122093 0.2272000 0.2227106 0.2175507 0.2042985 0.2296425 0.2235808 0.2401290 0.2410477 0.2383118 0.2399288 0.2346223 0.2209671 0.0439738 0.0000000 0.3205170 
S0012_G6258_R1_A 0.2678716 0.2700011 0.2745989 0.2777976 0.2824986 0.2723392 0.2628570 0.2674043 0.2568517 0.2571759 0.2591228 0.2505959 0.2749384 0.2505288 0.2833810 0.2724747 0.2764096 0.2964339 0.2972474 0.3231949 0.3205170 0.0000000 
