45
S0017_G6274_R2_A 0.0000000 0.0906957 0.0825893 0.0856540 0.0866576 0.0859988 0.0807591 0.0877792 0.0886439 0.0898101 0.0857188 0.0920748 0.0927621 0.0928738 0.0942141 0.0957621 0.0967467 0.1376540 0.1170297 0.0763601 0.5842229 0.5813529 0.5922893 0.5778363 0.5915291 0.5686409 0.5912535 0.5515958 0.5845887 0.5798143 0.5511732 0.5702572 0.5795816 0.6110287 0.6175134 0.6142580 0.6131143 0.5884326 0.1068311 0.1535512 0.2721425 0.6268239 0.4697161 0.4758322 0.4746401 
S0004_G6274_R2_A 0.0906957 0.0000000 0.0607501 0.0621629 0.0605747 0.0629598 0.0601205 0.0707979 0.0672554 0.0692052 0.0678090 0.0732996 0.0729124 0.0718323 0.0712678 0.0710950 0.0739663 0.1160441 0.0875098 0.0574994 0.6259334 0.6140522 0.6219900 0.6133122 0.6346877 0.6057640 0.6449325 0.5880618 0.6199510 0.6123641 0.5807076 0.6113682 0.6145062 0.6536938 0.6589453 0.6536533 0.6617894 0.6273533 0.0824584 0.1267018 0.2410000 0.6458657 0.4949160 0.5010104 0.4962709 
S0016_G6274_R2_A 0.0825893 0.0607501 0.0000000 0.0570273 0.0625117 0.0613482 0.0583760 0.0626380 0.0650815 0.0643575 0.0639429 0.0692110 0.0680548 0.0692389 0.0709982 0.0744238 0.0733880 0.1104733 0.0826276 0.0562163 0.6311636 0.6176698 0.6335972 0.6233525 0.6360706 0.6102989 0.6429149 0.5899183 0.6257101 0.6193963 0.5843900 0.6160935 0.6161896 0.6560670 0.6583677 0.6575569 0.6633964 0.6367717 0.0815470 0.1319858 0.2587951 0.6439935 0.5126978 0.5157278 0.5110135 
S0031_G6274_R2_A 0.0856540 0.0621629 0.0570273 0.0000000 0.0585294 0.0594475 0.0555421 0.0634067 0.0621150 0.0599166 0.0621022 0.0666986 0.0693078 0.0673288 0.0679797 0.0675678 0.0677146 0.1077640 0.0843380 0.0541707 0.6277026 0.6117223 0.6301738 0.6237566 0.6390696 0.6169109 0.6448321 0.5964281 0.6210328 0.6208724 0.5862083 0.6111372 0.6210769 0.6548118 0.6595588 0.6558804 0.6675937 0.6313436 0.0492546 0.1286715 0.2540826 0.6768544 0.5131850 0.5174284 0.5107744 
S0020_G6274_R1_A 0.0866576 0.0605747 0.0625117 0.0585294 0.0000000 0.0513484 0.0492648 0.0620210 0.0543027 0.0572301 0.0584548 0.0673319 0.0591915 0.0653585 0.0676310 0.0668463 0.0686443 0.1041649 0.0889120 0.0436176 0.6069496 0.6034353 0.6201169 0.6055327 0.6252863 0.5980523 0.6307643 0.5821965 0.6082181 0.6069161 0.5770644 0.6051934 0.6057751 0.6450266 0.6483964 0.6433812 0.6489749 0.6203227 0.0795225 0.1147772 0.2479207 0.6329479 0.5088199 0.5094636 0.5073381 
S0036_G6274_R1_U 0.0859988 0.0629598 0.0613482 0.0594475 0.0513484 0.0000000 0.0523045 0.0634698 0.0615145 0.0628460 0.0611148 0.0672386 0.0594938 0.0653383 0.0669899 0.0695517 0.0713578 0.1104483 0.0841631 0.0409197 0.6102320 0.6004903 0.6149658 0.6082187 0.6265366 0.6018172 0.6268505 0.5849960 0.6107621 0.5987314 0.5700113 0.6000699 0.6021287 0.6447030 0.6456115 0.6450568 0.6510674 0.6216579 0.0777065 0.1139492 0.2519437 0.6401580 0.5027560 0.5058218 0.5041562 
S0030_G6274_R2_A 0.0807591 0.0601205 0.0583760 0.0555421 0.0492648 0.0523045 0.0000000 0.0572940 0.0511581 0.0567511 0.0538692 0.0609457 0.0609918 0.0584687 0.0606764 0.0631482 0.0644441 0.1047523 0.0804351 0.0469350 0.6242593 0.6208176 0.6256606 0.6248260 0.6409875 0.6138379 0.6453935 0.5957563 0.6219289 0.6238996 0.5909602 0.6202643 0.6238436 0.6563754 0.6589962 0.6559891 0.6650283 0.6405632 0.0768455 0.1196160 0.2465834 0.6438029 0.4929625 0.4958344 0.4962232 
S0046_G6274_R1_A 0.0877792 0.0707979 0.0626380 0.0634067 0.0620210 0.0634698 0.0572940 0.0000000 0.0659530 0.0657932 0.0655129 0.0722911 0.0705682 0.0709788 0.0731978 0.0765494 0.0765775 0.1145496 0.0898908 0.0565947 0.6241527 0.6085436 0.6266315 0.6170984 0.6320597 0.6061004 0.6284675 0.5897123 0.6064727 0.6198367 0.5759161 0.6097834 0.6213705 0.6542459 0.6552016 0.6515428 0.6488823 0.6308977 0.0829105 0.1281889 0.2580494 0.6497507 0.5158815 0.5190108 0.5170961 
S0022_G6274_R2_A 0.0886439 0.0672554 0.0650815 0.0621150 0.0543027 0.0615145 0.0511581 0.0659530 0.0000000 0.0600859 0.0631586 0.0671638 0.0708071 0.0685484 0.0702286 0.0700786 0.0707655 0.1070162 0.0892096 0.0543936 0.6168559 0.6048075 0.6209526 0.6123070 0.6263102 0.6052190 0.6314678 0.5854940 0.6202769 0.6095690 0.5865991 0.6113967 0.6159462 0.6450178 0.6565898 0.6544333 0.6520196 0.6256377 0.0796277 0.1282343 0.2527951 0.6448621 0.5240821 0.5272904 0.5216353 
S0013_G6274_R1_A 0.0898101 0.0692052 0.0643575 0.0599166 0.0572301 0.0628460 0.0567511 0.0657932 0.0600859 0.0000000 0.0655629 0.0709004 0.0661078 0.0710368 0.0710267 0.0613476 0.0610394 0.1063890 0.0941480 0.0560531 0.6216803 0.6113937 0.6286741 0.6181198 0.6351897 0.6084278 0.6373971 0.5865398 0.6225076 0.6165414 0.5907531 0.6198607 0.6232437 0.6562357 0.6640452 0.6618756 0.6643166 0.6312174 0.0873698 0.1296575 0.2526032 0.6427255 0.5162108 0.5204883 0.5153184 
S0026_G6274_R1_A 0.0857188 0.0678090 0.0639429 0.0621022 0.0584548 0.0611148 0.0538692 0.0655129 0.0631586 0.0655629 0.0000000 0.0687252 0.0699666 0.0638909 0.0645769 0.0694333 0.0706512 0.1100639 0.0909139 0.0557490 0.6201743 0.6110659 0.6286999 0.6137195 0.6320896 0.6087800 0.6378015 0.5843116 0.6187518 0.6102092 0.5887911 0.6132318 0.6170354 0.6557381 0.6570184 0.6513356 0.6550257 0.6309462 0.0807942 0.1223296 0.2408956 0.6442231 0.5033606 0.5061009 0.5047643 
S0028_G6274_R1_A 0.0920748 0.0732996 0.0692110 0.0666986 0.0673319 0.0672386 0.0609457 0.0722911 0.0671638 0.0709004 0.0687252 0.0000000 0.0712536 0.0697705 0.0697103 0.0788842 0.0789176 0.1000854 0.0960128 0.0603802 0.6239981 0.6132138 0.6225587 0.6161646 0.6359620 0.6082115 0.6379420 0.5874733 0.6135552 0.6102783 0.5872406 0.6076709 0.6127569 0.6519125 0.6517824 0.6496423 0.6607325 0.6301477 0.0969160 0.1193579 0.2491422 0.6419746 0.4993920 0.4929722 0.4895975 
S0011_G6274_R1_A 0.0927621 0.0729124 0.0680548 0.0693078 0.0591915 0.0594938 0.0609918 0.0705682 0.0708071 0.0661078 0.0699666 0.0712536 0.0000000 0.0744629 0.0732931 0.0785014 0.0790687 0.1142288 0.0967359 0.0573225 0.6206607 0.6231315 0.6376312 0.6303386 0.6463120 0.6173365 0.6491607 0.5972536 0.6317726 0.6348995 0.6049263 0.6295950 0.6266161 0.6597358 0.6692382 0.6709684 0.6790210 0.6306981 0.0864299 0.1262310 0.2620712 0.6583561 0.5057677 0.5097191 0.5124807 
S0021_G6274_R1_A 0.0928738 0.0718323 0.0692389 0.0673288 0.0653585 0.0653383 0.0584687 0.0709788 0.0685484 0.0710368 0.0638909 0.0697705 0.0744629 0.0000000 0.0201129 0.0762846 0.0792250 0.1177030 0.0955673 0.0547671 0.6215299 0.6119377 0.6319097 0.6244455 0.6481409 0.6180100 0.6453813 0.5969963 0.6231129 0.6199751 0.5796366 0.6144778 0.6282120 0.6589675 0.6581729 0.6574297 0.6698404 0.6381697 0.0854431 0.1331833 0.2580593 0.6642270 0.5108935 0.5128086 0.5121019 
S0021_G6274_R2_U 0.0942141 0.0712678 0.0709982 0.0679797 0.0676310 0.0669899 0.0606764 0.0731978 0.0702286 0.0710267 0.0645769 0.0697103 0.0732931 0.0201129 0.0000000 0.0793371 0.0799240 0.1148012 0.0963441 0.0566206 0.6172148 0.5986829 0.6151586 0.6104086 0.6339733 0.6072549 0.6353727 0.5858341 0.6092498 0.6076519 0.5697377 0.6018505 0.6154490 0.6476404 0.6467604 0.6475822 0.6555136 0.6323542 0.0876108 0.1372160 0.2558309 0.6456879 0.5133587 0.5152865 0.5132797 
S0048_G6274_R1_A 0.0957621 0.0710950 0.0744238 0.0675678 0.0668463 0.0695517 0.0631482 0.0765494 0.0700786 0.0613476 0.0694333 0.0788842 0.0785014 0.0762846 0.0793371 0.0000000 0.0103387 0.1133358 0.0995769 0.0610821 0.6029864 0.5955925 0.6032045 0.6015500 0.6179318 0.5921337 0.6156251 0.5768289 0.6062245 0.6025806 0.5712174 0.5978637 0.6029022 0.6371019 0.6332778 0.6306854 0.6468259 0.6227614 0.1039740 0.1442828 0.2506276 0.6145973 0.5233473 0.5278624 0.5265918 
S0050_G6274_R1_A 0.0967467 0.0739663 0.0733880 0.0677146 0.0686443 0.0713578 0.0644441 0.0765775 0.0707655 0.0610394 0.0706512 0.0789176 0.0790687 0.0792250 0.0799240 0.0103387 0.0000000 0.1136082 0.0990673 0.0626957 0.6121294 0.5961575 0.6052712 0.6020990 0.6206903 0.5931472 0.6169425 0.5777241 0.6063731 0.6046095 0.5718401 0.5971172 0.6053079 0.6378382 0.6340573 0.6314700 0.6438740 0.6250484 0.1069082 0.1460332 0.2500917 0.6223303 0.5050150 0.5092990 0.5091814 
S0012_G6274_R1_A 0.1376540 0.1160441 0.1104733 0.1077640 0.1041649 0.1104483 0.1047523 0.1145496 0.1070162 0.1063890 0.1100639 0.1000854 0.1142288 0.1177030 0.1148012 0.1133358 0.1136082 0.0000000 0.1385702 0.1027117 0.6648251 0.6536262 0.6506768 0.6530175 0.6584979 0.6400852 0.6756250 0.6231445 0.6535859 0.6535820 0.6217057 0.6376982 0.6641511 0.6848067 0.6940228 0.6939849 0.7043724 0.6658951 0.1233660 0.1670938 0.2983095 0.6753486 0.5844302 0.5836277 0.5871144 
S0037_G6274_R2_A 0.1170297 0.0875098 0.0826276 0.0843380 0.0889120 0.0841631 0.0804351 0.0898908 0.0892096 0.0941480 0.0909139 0.0960128 0.0967359 0.0955673 0.0963441 0.0995769 0.0990673 0.1385702 0.0000000 0.0811261 0.6719157 0.6585417 0.6802667 0.6633503 0.6820972 0.6544734 0.6732576 0.6349164 0.6791899 0.6724005 0.6259547 0.6553417 0.6537847 0.7038175 0.6871619 0.6944604 0.7038839 0.6873528 0.1092175 0.1703450 0.2914434 0.6890693 0.5264415 0.5322056 0.5277679 
S0019_G6274_R1_A 0.0763601 0.0574994 0.0562163 0.0541707 0.0436176 0.0409197 0.0469350 0.0565947 0.0543936 0.0560531 0.0557490 0.0603802 0.0573225 0.0547671 0.0566206 0.0610821 0.0626957 0.1027117 0.0811261 0.0000000 0.5546887 0.5389456 0.5442509 0.5524993 0.5498594 0.5299406 0.5669283 0.5124590 0.5512427 0.5455000 0.5253951 0.5537991 0.5476535 0.5754300 0.5736820 0.5741769 0.5926655 0.5575812 0.0748054 0.1229952 0.1996005 0.5843300 0.4550938 0.4568469 0.4553456 
S0011_G6274_R2_A 0.5842229 0.6259334 0.6311636 0.6277026 0.6069496 0.6102320 0.6242593 0.6241527 0.6168559 0.6216803 0.6201743 0.6239981 0.6206607 0.6215299 0.6172148 0.6029864 0.6121294 0.6648251 0.6719157 0.5546887 0.0000000 0.0521140 0.0530589 0.0530829 0.0656890 0.0583774 0.0533992 0.0429903 0.0683912 0.0587450 0.0560990 0.0689078 0.0747226 0.0752481 0.0863175 0.0892786 0.0558428 0.0734840 0.5248028 0.6134381 0.6494796 0.2374246 1.0373766 1.0382012 1.0432929 
S0022_G6274_R1_A 0.5813529 0.6140522 0.6176698 0.6117223 0.6034353 0.6004903 0.6208176 0.6085436 0.6048075 0.6113937 0.6110659 0.6132138 0.6231315 0.6119377 0.5986829 0.5955925 0.5961575 0.6536262 0.6585417 0.5389456 0.0521140 0.0000000 0.0588820 0.0522152 0.0688907 0.0596556 0.0583890 0.0535879 0.0753423 0.0601436 0.0640678 0.0713180 0.0831855 0.0778196 0.0919764 0.0913151 0.0613978 0.0734862 0.5058401 0.5564957 0.6486822 0.2200629 1.0028246 1.0051651 1.0087324 
S0002_G6274_R2_A 0.5922893 0.6219900 0.6335972 0.6301738 0.6201169 0.6149658 0.6256606 0.6266315 0.6209526 0.6286741 0.6286999 0.6225587 0.6376312 0.6319097 0.6151586 0.6032045 0.6052712 0.6506768 0.6802667 0.5442509 0.0530589 0.0588820 0.0000000 0.0577632 0.0706902 0.0632795 0.0627141 0.0535966 0.0650654 0.0578963 0.0594848 0.0660962 0.0851871 0.0712202 0.0889396 0.0894692 0.0553750 0.0700812 0.5253004 0.5718555 0.6493839 0.2168908 1.0120114 1.0120114 1.0132857 
S0004_G6274_R1_A 0.5778363 0.6133122 0.6233525 0.6237566 0.6055327 0.6082187 0.6248260 0.6170984 0.6123070 0.6181198 0.6137195 0.6161646 0.6303386 0.6244455 0.6104086 0.6015500 0.6020990 0.6530175 0.6633503 0.5524993 0.0530829 0.0522152 0.0577632 0.0000000 0.0558855 0.0472322 0.0477830 0.0425964 0.0726921 0.0601585 0.0602294 0.0684540 0.0660668 0.0767367 0.0904520 0.0915989 0.0578744 0.0681161 0.5097417 0.5701941 0.6557205 0.2116467 1.0222492 1.0246203 1.0258987 
S0018_G6274_R1_A 0.5915291 0.6346877 0.6360706 0.6390696 0.6252863 0.6265366 0.6409875 0.6320597 0.6263102 0.6351897 0.6320896 0.6359620 0.6463120 0.6481409 0.6339733 0.6179318 0.6206903 0.6584979 0.6820972 0.5498594 0.0656890 0.0688907 0.0706902 0.0558855 0.0000000 0.0426339 0.0584682 0.0538305 0.0831069 0.0714784 0.0729484 0.0802314 0.0770032 0.0870758 0.1085039 0.1090471 0.0729975 0.0850949 0.5286466 0.5750343 0.6676874 0.2235828 1.0270407 1.0294241 1.0268406 
S0031_G6274_R1_A 0.5686409 0.6057640 0.6102989 0.6169109 0.5980523 0.6018172 0.6138379 0.6061004 0.6052190 0.6084278 0.6087800 0.6082115 0.6173365 0.6180100 0.6072549 0.5921337 0.5931472 0.6400852 0.6544734 0.5299406 0.0583774 0.0596556 0.0632795 0.0472322 0.0426339 0.0000000 0.0506312 0.0441961 0.0764776 0.0654620 0.0632247 0.0715159 0.0689760 0.0794574 0.0964043 0.0957441 0.0656400 0.0759588 0.5102349 0.5635346 0.6445478 0.2129815 0.9790276 0.9812884 0.9821201 
S0016_G6274_R1_A 0.5912535 0.6449325 0.6429149 0.6448321 0.6307643 0.6268505 0.6453935 0.6284675 0.6314678 0.6373971 0.6378015 0.6379420 0.6491607 0.6453813 0.6353727 0.6156251 0.6169425 0.6756250 0.6732576 0.5669283 0.0533992 0.0583890 0.0627141 0.0477830 0.0584682 0.0506312 0.0000000 0.0459606 0.0783342 0.0638549 0.0650318 0.0706636 0.0731345 0.0790999 0.0921686 0.0932610 0.0633322 0.0758226 0.5317240 0.5787312 0.6626122 0.2102213 1.0224908 1.0248889 1.0281452 
S0030_G6274_R1_A 0.5515958 0.5880618 0.5899183 0.5964281 0.5821965 0.5849960 0.5957563 0.5897123 0.5854940 0.5865398 0.5843116 0.5874733 0.5972536 0.5969963 0.5858341 0.5768289 0.5777241 0.6231445 0.6349164 0.5124590 0.0429903 0.0535879 0.0535966 0.0425964 0.0538305 0.0441961 0.0459606 0.0000000 0.0700199 0.0564344 0.0553120 0.0655384 0.0685450 0.0730489 0.0913967 0.0924593 0.0569006 0.0722857 0.5117044 0.5720667 0.6193225 0.2213339 0.9831816 0.9855013 0.9863500 
S0017_G6274_R1_A 0.5845887 0.6199510 0.6257101 0.6210328 0.6082181 0.6107621 0.6219289 0.6064727 0.6202769 0.6225076 0.6187518 0.6135552 0.6317726 0.6231129 0.6092498 0.6062245 0.6063731 0.6535859 0.6791899 0.5512427 0.0683912 0.0753423 0.0650654 0.0726921 0.0831069 0.0764776 0.0783342 0.0700199 0.0000000 0.0710175 0.0676998 0.0781965 0.0970250 0.0904841 0.1001901 0.1017454 0.0681654 0.0859515 0.5026727 0.5696459 0.6506909 0.2258767 1.0082479 1.0105781 1.0160210 
S0028_G6274_R2_A 0.5798143 0.6123641 0.6193963 0.6208724 0.6069161 0.5987314 0.6238996 0.6198367 0.6095690 0.6165414 0.6102092 0.6102783 0.6348995 0.6199751 0.6076519 0.6025806 0.6046095 0.6535820 0.6724005 0.5455000 0.0587450 0.0601436 0.0578963 0.0601585 0.0714784 0.0654620 0.0638549 0.0564344 0.0710175 0.0000000 0.0571355 0.0658948 0.0874158 0.0718018 0.0888844 0.0904168 0.0569508 0.0680118 0.5160778 0.5618114 0.6532067 0.2052505 1.0037828 1.0061000 0.9986319 
S0019_G6274_R2_A 0.5511732 0.5807076 0.5843900 0.5862083 0.5770644 0.5700113 0.5909602 0.5759161 0.5865991 0.5907531 0.5887911 0.5872406 0.6049263 0.5796366 0.5697377 0.5712174 0.5718401 0.6217057 0.6259547 0.5253951 0.0560990 0.0640678 0.0594848 0.0602294 0.0729484 0.0632247 0.0650318 0.0553120 0.0676998 0.0571355 0.0000000 0.0289411 0.0854309 0.0743959 0.0877811 0.0894268 0.0567566 0.0627086 0.4822283 0.5377498 0.6257344 0.2099289 1.0099312 1.0123157 1.0041258 
S0020_G6274_R2_A 0.5702572 0.6113682 0.6160935 0.6111372 0.6051934 0.6000699 0.6202643 0.6097834 0.6113967 0.6198607 0.6132318 0.6076709 0.6295950 0.6144778 0.6018505 0.5978637 0.5971172 0.6376982 0.6553417 0.5537991 0.0689078 0.0713180 0.0660962 0.0684540 0.0802314 0.0715159 0.0706636 0.0655384 0.0781965 0.0658948 0.0289411 0.0000000 0.0950874 0.0822603 0.0968966 0.0968756 0.0627007 0.0728167 0.4983999 0.5520439 0.6527076 0.2222277 1.0183400 1.0207251 1.0125273 
S0037_G6274_R1_A 0.5795816 0.6145062 0.6161896 0.6210769 0.6057751 0.6021287 0.6238436 0.6213705 0.6159462 0.6232437 0.6170354 0.6127569 0.6266161 0.6282120 0.6154490 0.6029022 0.6053079 0.6641511 0.6537847 0.5476535 0.0747226 0.0831855 0.0851871 0.0660668 0.0770032 0.0689760 0.0731345 0.0685450 0.0970250 0.0874158 0.0854309 0.0950874 0.0000000 0.1042635 0.1195578 0.1188140 0.0875524 0.0967980 0.5100783 0.5619662 0.6534601 0.2433733 1.0244155 1.0268072 1.0237699 
S0013_G6274_R2_A 0.6110287 0.6536938 0.6560670 0.6548118 0.6450266 0.6447030 0.6563754 0.6542459 0.6450178 0.6562357 0.6557381 0.6519125 0.6597358 0.6589675 0.6476404 0.6371019 0.6378382 0.6848067 0.7038175 0.5754300 0.0752481 0.0778196 0.0712202 0.0767367 0.0870758 0.0794574 0.0790999 0.0730489 0.0904841 0.0718018 0.0743959 0.0822603 0.1042635 0.0000000 0.0834191 0.0838655 0.0723282 0.0845139 0.5352014 0.5971238 0.6893485 0.2385344 1.0248894 1.0268803 1.0323695 
S0048_G6274_R2_A 0.6175134 0.6589453 0.6583677 0.6595588 0.6483964 0.6456115 0.6589962 0.6552016 0.6565898 0.6640452 0.6570184 0.6517824 0.6692382 0.6581729 0.6467604 0.6332778 0.6340573 0.6940228 0.6871619 0.5736820 0.0863175 0.0919764 0.0889396 0.0904520 0.1085039 0.0964043 0.0921686 0.0913967 0.1001901 0.0888844 0.0877811 0.0968966 0.1195578 0.0834191 0.0000000 0.0157136 0.0883883 0.0898153 0.5521709 0.6020007 0.6916842 0.2384383 1.0402453 1.0426538 1.0415289 
S0050_G6274_R2_A 0.6142580 0.6536533 0.6575569 0.6558804 0.6433812 0.6450568 0.6559891 0.6515428 0.6544333 0.6618756 0.6513356 0.6496423 0.6709684 0.6574297 0.6475822 0.6306854 0.6314700 0.6939849 0.6944604 0.5741769 0.0892786 0.0913151 0.0894692 0.0915989 0.1090471 0.0957441 0.0932610 0.0924593 0.1017454 0.0904168 0.0894268 0.0968756 0.1188140 0.0838655 0.0157136 0.0000000 0.0908153 0.0945631 0.5542275 0.6001800 0.6932924 0.2413494 1.0432990 1.0457147 1.0445841 
S0026_G6274_R2_A 0.6131143 0.6617894 0.6633964 0.6675937 0.6489749 0.6510674 0.6650283 0.6488823 0.6520196 0.6643166 0.6550257 0.6607325 0.6790210 0.6698404 0.6555136 0.6468259 0.6438740 0.7043724 0.7038839 0.5926655 0.0558428 0.0613978 0.0553750 0.0578744 0.0729975 0.0656400 0.0633322 0.0569006 0.0681654 0.0569508 0.0567566 0.0627007 0.0875524 0.0723282 0.0883883 0.0908153 0.0000000 0.0679976 0.5388905 0.5969334 0.6968218 0.2043075 0.9271011 0.9318965 0.9218717 
S0046_G6274_R2_A 0.5884326 0.6273533 0.6367717 0.6313436 0.6203227 0.6216579 0.6405632 0.6308977 0.6256377 0.6312174 0.6309462 0.6301477 0.6306981 0.6381697 0.6323542 0.6227614 0.6250484 0.6658951 0.6873528 0.5575812 0.0734840 0.0734862 0.0700812 0.0681161 0.0850949 0.0759588 0.0758226 0.0722857 0.0859515 0.0680118 0.0627086 0.0728167 0.0967980 0.0845139 0.0898153 0.0945631 0.0679976 0.0000000 0.5184200 0.6043251 0.6818149 0.2341659 1.0234326 1.0258915 1.0247283 
S0018_G6274_R2_A 0.1068311 0.0824584 0.0815470 0.0492546 0.0795225 0.0777065 0.0768455 0.0829105 0.0796277 0.0873698 0.0807942 0.0969160 0.0864299 0.0854431 0.0876108 0.1039740 0.1069082 0.1233660 0.1092175 0.0748054 0.5248028 0.5058401 0.5253004 0.5097417 0.5286466 0.5102349 0.5317240 0.5117044 0.5026727 0.5160778 0.4822283 0.4983999 0.5100783 0.5352014 0.5521709 0.5542275 0.5388905 0.5184200 0.0000000 0.1515392 0.2536557 0.5364494 0.6126215 0.6172092 0.6148288 
S0002_G6274_R1_A 0.1535512 0.1267018 0.1319858 0.1286715 0.1147772 0.1139492 0.1196160 0.1281889 0.1282343 0.1296575 0.1223296 0.1193579 0.1262310 0.1331833 0.1372160 0.1442828 0.1460332 0.1670938 0.1703450 0.1229952 0.6134381 0.5564957 0.5718555 0.5701941 0.5750343 0.5635346 0.5787312 0.5720667 0.5696459 0.5618114 0.5377498 0.5520439 0.5619662 0.5971238 0.6020007 0.6001800 0.5969334 0.6043251 0.1515392 0.0000000 0.3147204 0.5572041 0.5945565 0.6071716 0.6013329 
S0005_G6274_R2_A 0.2721425 0.2410000 0.2587951 0.2540826 0.2479207 0.2519437 0.2465834 0.2580494 0.2527951 0.2526032 0.2408956 0.2491422 0.2620712 0.2580593 0.2558309 0.2506276 0.2500917 0.2983095 0.2914434 0.1996005 0.6494796 0.6486822 0.6493839 0.6557205 0.6676874 0.6445478 0.6626122 0.6193225 0.6506909 0.6532067 0.6257344 0.6527076 0.6534601 0.6893485 0.6916842 0.6932924 0.6968218 0.6818149 0.2536557 0.3147204 0.0000000 0.6491622 0.6586701 0.6625219 0.6745202 
S0005_G6274_R1_A 0.6268239 0.6458657 0.6439935 0.6768544 0.6329479 0.6401580 0.6438029 0.6497507 0.6448621 0.6427255 0.6442231 0.6419746 0.6583561 0.6642270 0.6456879 0.6145973 0.6223303 0.6753486 0.6890693 0.5843300 0.2374246 0.2200629 0.2168908 0.2116467 0.2235828 0.2129815 0.2102213 0.2213339 0.2258767 0.2052505 0.2099289 0.2222277 0.2433733 0.2385344 0.2384383 0.2413494 0.2043075 0.2341659 0.5364494 0.5572041 0.6491622 0.0000000 1.1061367 1.1168382 1.1229043 
S0017_G6274_R3_A 0.4697161 0.4949160 0.5126978 0.5131850 0.5088199 0.5027560 0.4929625 0.5158815 0.5240821 0.5162108 0.5033606 0.4993920 0.5057677 0.5108935 0.5133587 0.5233473 0.5050150 0.5844302 0.5264415 0.4550938 1.0373766 1.0028246 1.0120114 1.0222492 1.0270407 0.9790276 1.0224908 0.9831816 1.0082479 1.0037828 1.0099312 1.0183400 1.0244155 1.0248894 1.0402453 1.0432990 0.9271011 1.0234326 0.6126215 0.5945565 0.6586701 1.1061367 0.0000000 0.0153627 0.0225498 
S0017_G6274_R4_A 0.4758322 0.5010104 0.5157278 0.5174284 0.5094636 0.5058218 0.4958344 0.5190108 0.5272904 0.5204883 0.5061009 0.4929722 0.5097191 0.5128086 0.5152865 0.5278624 0.5092990 0.5836277 0.5322056 0.4568469 1.0382012 1.0051651 1.0120114 1.0246203 1.0294241 0.9812884 1.0248889 0.9855013 1.0105781 1.0061000 1.0123157 1.0207251 1.0268072 1.0268803 1.0426538 1.0457147 0.9318965 1.0258915 0.6172092 0.6071716 0.6625219 1.1168382 0.0153627 0.0000000 0.0257397 
S0017_G6274_R5_A 0.4746401 0.4962709 0.5110135 0.5107744 0.5073381 0.5041562 0.4962232 0.5170961 0.5216353 0.5153184 0.5047643 0.4895975 0.5124807 0.5121019 0.5132797 0.5265918 0.5091814 0.5871144 0.5277679 0.4553456 1.0432929 1.0087324 1.0132857 1.0258987 1.0268406 0.9821201 1.0281452 0.9863500 1.0160210 0.9986319 1.0041258 1.0125273 1.0237699 1.0323695 1.0415289 1.0445841 0.9218717 1.0247283 0.6148288 0.6013329 0.6745202 1.1229043 0.0225498 0.0257397 0.0000000 
