30
S0011_G6298_R1_A 0.0000000 0.0714456 0.0732750 0.0706846 0.0787812 0.0806733 0.0894070 0.0901422 0.0806806 0.0975317 0.0975918 0.0841455 0.0921822 0.0900965 0.0857505 0.0913521 0.0978556 0.0972402 0.1089842 0.1268823 0.0952727 0.0754701 0.0952638 0.1125009 0.2122625 0.2247527 0.2107506 0.6923675 0.7307472 0.7191872 
S0002_G6298_R1_A 0.0714456 0.0000000 0.0588936 0.0530294 0.0646953 0.0669010 0.0725024 0.0754971 0.0625085 0.0825211 0.0839383 0.0734728 0.0741821 0.0787380 0.0712140 0.0815675 0.0911267 0.0891025 0.1011119 0.1083581 0.0837077 0.0625095 0.0902128 0.0987074 0.2078193 0.2218655 0.2017277 0.6827265 0.7332113 0.7166941 
S0019_G6298_R2_A 0.0732750 0.0588936 0.0000000 0.0555498 0.0607922 0.0662159 0.0738524 0.0759193 0.0622769 0.0835962 0.0841605 0.0731826 0.0717764 0.0737044 0.0705149 0.0792013 0.0870394 0.0871921 0.0952401 0.1094549 0.0817850 0.0611834 0.0832951 0.0982006 0.2046141 0.2178282 0.1975611 0.6793438 0.7099874 0.7108839 
S0036_G6298_R1_A 0.0706846 0.0530294 0.0555498 0.0000000 0.0592369 0.0636258 0.0707019 0.0727460 0.0611227 0.0777685 0.0772148 0.0657511 0.0708484 0.0744214 0.0688752 0.0776459 0.0865967 0.0829705 0.0926723 0.1080454 0.0775644 0.0556534 0.0845618 0.0912757 0.1974857 0.2090504 0.1956701 0.6848606 0.7155192 0.7015060 
S0020_G6298_R1_A 0.0787812 0.0646953 0.0607922 0.0592369 0.0000000 0.0588194 0.0656994 0.0646553 0.0579612 0.0732001 0.0748601 0.0634417 0.0690403 0.0682977 0.0596804 0.0704320 0.0802211 0.0777532 0.0878171 0.1021269 0.0763379 0.0383808 0.0787318 0.0890722 0.1949296 0.2068279 0.1907481 0.6594602 0.7006330 0.6918823 
S0022_G6298_R1_A 0.0806733 0.0669010 0.0662159 0.0636258 0.0588194 0.0000000 0.0739114 0.0731948 0.0628031 0.0776259 0.0820700 0.0684081 0.0722896 0.0715305 0.0635554 0.0760315 0.0848974 0.0839446 0.0952690 0.1063885 0.0753231 0.0601348 0.0799927 0.0955418 0.2023156 0.2177938 0.1923458 0.6850571 0.7115989 0.7076322 
S0021_G6298_R1_A 0.0894070 0.0725024 0.0738524 0.0707019 0.0656994 0.0739114 0.0000000 0.0300569 0.0706236 0.0851872 0.0858200 0.0751216 0.0769652 0.0672105 0.0711282 0.0845486 0.0966334 0.0923474 0.1034906 0.1101101 0.0884145 0.0651185 0.0946132 0.1001246 0.2173553 0.2317982 0.2014385 0.6839179 0.7173383 0.7158653 
S0021_G6298_R2_A 0.0901422 0.0754971 0.0759193 0.0727460 0.0646553 0.0731948 0.0300569 0.0000000 0.0687854 0.0846472 0.0843498 0.0743755 0.0795441 0.0654619 0.0693952 0.0858239 0.0965558 0.0923428 0.1038536 0.1138161 0.0879627 0.0662278 0.0929050 0.0984131 0.2190988 0.2342482 0.2001789 0.6971719 0.7232606 0.7200260 
S0030_G6298_R1_A 0.0806806 0.0625085 0.0622769 0.0611227 0.0579612 0.0628031 0.0706236 0.0687854 0.0000000 0.0753807 0.0754453 0.0649662 0.0695548 0.0702707 0.0659818 0.0764440 0.0869382 0.0861346 0.0959309 0.1091055 0.0774321 0.0598856 0.0831335 0.0922147 0.1987691 0.2115419 0.1937845 0.6863998 0.7271076 0.7118236 
S0004_G6298_R1_A 0.0975317 0.0825211 0.0835962 0.0777685 0.0732001 0.0776259 0.0851872 0.0846472 0.0753807 0.0000000 0.0622250 0.0604080 0.0884828 0.0868591 0.0814584 0.0895942 0.0964823 0.0933128 0.1042515 0.1174985 0.0981900 0.0746779 0.0944100 0.0826049 0.2202337 0.2308195 0.2082875 0.7021276 0.7336248 0.7208784 
S0031_G6298_R1_A 0.0975918 0.0839383 0.0841605 0.0772148 0.0748601 0.0820700 0.0858200 0.0843498 0.0754453 0.0622250 0.0000000 0.0587721 0.0896576 0.0904035 0.0848624 0.0952898 0.1005782 0.0995804 0.1073819 0.1239092 0.0953259 0.0753532 0.1010194 0.0765455 0.2197965 0.2307568 0.2104380 0.7042203 0.7428489 0.7357879 
S0016_G6298_R1_A 0.0841455 0.0734728 0.0731826 0.0657511 0.0634417 0.0684081 0.0751216 0.0743755 0.0649662 0.0604080 0.0587721 0.0000000 0.0783967 0.0769864 0.0742723 0.0814858 0.0893554 0.0889764 0.0948923 0.1098927 0.0886277 0.0642545 0.0907203 0.0757605 0.2039090 0.2163671 0.1973497 0.7036743 0.7373820 0.7207444 
S0046_G6298_R1_A 0.0921822 0.0741821 0.0717764 0.0708484 0.0690403 0.0722896 0.0769652 0.0795441 0.0695548 0.0884828 0.0896576 0.0783967 0.0000000 0.0820721 0.0773033 0.0878102 0.0970101 0.0920252 0.1028120 0.1119366 0.0900098 0.0670222 0.0922175 0.1028960 0.2194632 0.2322755 0.2015171 0.6709012 0.6987719 0.6916204 
S0026_G6298_R1_A 0.0900965 0.0787380 0.0737044 0.0744214 0.0682977 0.0715305 0.0672105 0.0654619 0.0702707 0.0868591 0.0904035 0.0769864 0.0820721 0.0000000 0.0699496 0.0832272 0.0927919 0.0929596 0.1014404 0.1152480 0.0907778 0.0650315 0.0913580 0.1029691 0.2184251 0.2341439 0.1899292 0.6838275 0.7393344 0.7351557 
S0028_G6298_R1_A 0.0857505 0.0712140 0.0705149 0.0688752 0.0596804 0.0635554 0.0711282 0.0693952 0.0659818 0.0814584 0.0848624 0.0742723 0.0773033 0.0699496 0.0000000 0.0793642 0.0882814 0.0846538 0.0959566 0.1116191 0.0836650 0.0600323 0.0901482 0.0962762 0.2075549 0.2205172 0.1985029 0.6526225 0.7016305 0.6940771 
S0048_G6298_R1_A 0.0913521 0.0815675 0.0792013 0.0776459 0.0704320 0.0760315 0.0845486 0.0858239 0.0764440 0.0895942 0.0952898 0.0814858 0.0878102 0.0832272 0.0793642 0.0000000 0.0301459 0.0461557 0.0546370 0.1072095 0.0947271 0.0679796 0.0805434 0.1111921 0.1975728 0.2118934 0.2006882 0.6800749 0.7475015 0.7236919 
S0050_G6298_R1_A 0.0978556 0.0911267 0.0870394 0.0865967 0.0802211 0.0848974 0.0966334 0.0965558 0.0869382 0.0964823 0.1005782 0.0893554 0.0970101 0.0927919 0.0882814 0.0301459 0.0000000 0.0537800 0.0640554 0.1124112 0.1011708 0.0792651 0.0857831 0.1203850 0.2074063 0.2196296 0.2111810 0.6887640 0.7522790 0.7295318 
S0048_G6298_R2_A 0.0972402 0.0891025 0.0871921 0.0829705 0.0777532 0.0839446 0.0923474 0.0923428 0.0861346 0.0933128 0.0995804 0.0889764 0.0920252 0.0929596 0.0846538 0.0461557 0.0537800 0.0000000 0.0432763 0.1088688 0.1019498 0.0794968 0.0853831 0.1157472 0.2024146 0.2154552 0.2168108 0.6709291 0.7334299 0.7155082 
S0050_G6298_R2_A 0.1089842 0.1011119 0.0952401 0.0926723 0.0878171 0.0952690 0.1034906 0.1038536 0.0959309 0.1042515 0.1073819 0.0948923 0.1028120 0.1014404 0.0959566 0.0546370 0.0640554 0.0432763 0.0000000 0.1181592 0.1125491 0.0889625 0.0968104 0.1220005 0.2115902 0.2268211 0.2220355 0.6881155 0.7460183 0.7270644 
S0012_G6298_R1_A 0.1268823 0.1083581 0.1094549 0.1080454 0.1021269 0.1063885 0.1101101 0.1138161 0.1091055 0.1174985 0.1239092 0.1098927 0.1119366 0.1152480 0.1116191 0.1072095 0.1124112 0.1088688 0.1181592 0.0000000 0.1245615 0.0996495 0.1155073 0.1343352 0.2491045 0.2676081 0.2385768 0.6891154 0.7644951 0.7435420 
S0017_G6298_R1_A 0.0952727 0.0837077 0.0817850 0.0775644 0.0763379 0.0753231 0.0884145 0.0879627 0.0774321 0.0981900 0.0953259 0.0886277 0.0900098 0.0907778 0.0836650 0.0947271 0.1011708 0.1019498 0.1125491 0.1245615 0.0000000 0.0733809 0.1019049 0.1125607 0.2202820 0.2398070 0.2132516 0.6810875 0.7285567 0.7236860 
S0019_G6298_R1_A 0.0754701 0.0625095 0.0611834 0.0556534 0.0383808 0.0601348 0.0651185 0.0662278 0.0598856 0.0746779 0.0753532 0.0642545 0.0670222 0.0650315 0.0600323 0.0679796 0.0792651 0.0794968 0.0889625 0.0996495 0.0733809 0.0000000 0.0760650 0.0944690 0.1805104 0.1931006 0.1929981 0.6494034 0.6883323 0.6683381 
S0013_G6298_R1_A 0.0952638 0.0902128 0.0832951 0.0845618 0.0787318 0.0799927 0.0946132 0.0929050 0.0831335 0.0944100 0.1010194 0.0907203 0.0922175 0.0913580 0.0901482 0.0805434 0.0857831 0.0853831 0.0968104 0.1155073 0.1019049 0.0760650 0.0000000 0.1172422 0.1905399 0.2043990 0.2076653 0.6547953 0.6919948 0.6985829 
S0037_G6298_R1_A 0.1125009 0.0987074 0.0982006 0.0912757 0.0890722 0.0955418 0.1001246 0.0984131 0.0922147 0.0826049 0.0765455 0.0757605 0.1028960 0.1029691 0.0962762 0.1111921 0.1203850 0.1157472 0.1220005 0.1343352 0.1125607 0.0944690 0.1172422 0.0000000 0.2437103 0.2559039 0.2119699 0.7247006 0.7652083 0.7546596 
S0013_G6298_R2_A 0.2122625 0.2078193 0.2046141 0.1974857 0.1949296 0.2023156 0.2173553 0.2190988 0.1987691 0.2202337 0.2197965 0.2039090 0.2194632 0.2184251 0.2075549 0.1975728 0.2074063 0.2024146 0.2115902 0.2491045 0.2202820 0.1805104 0.1905399 0.2437103 0.0000000 0.0068227 0.3323636 0.7036008 0.7366789 0.7432996 
S0013_G6298_R3_A 0.2247527 0.2218655 0.2178282 0.2090504 0.2068279 0.2177938 0.2317982 0.2342482 0.2115419 0.2308195 0.2307568 0.2163671 0.2322755 0.2341439 0.2205172 0.2118934 0.2196296 0.2154552 0.2268211 0.2676081 0.2398070 0.1931006 0.2043990 0.2559039 0.0068227 0.0000000 0.3577041 0.6902208 0.7105977 0.7265848 
S0005_G6298_R1_A 0.2107506 0.2017277 0.1975611 0.1956701 0.1907481 0.1923458 0.2014385 0.2001789 0.1937845 0.2082875 0.2104380 0.1973497 0.2015171 0.1899292 0.1985029 0.2006882 0.2111810 0.2168108 0.2220355 0.2385768 0.2132516 0.1929981 0.2076653 0.2119699 0.3323636 0.3577041 0.0000000 0.7275244 0.8095568 0.8172270 
S0018_G6298_R2_A 0.6923675 0.6827265 0.6793438 0.6848606 0.6594602 0.6850571 0.6839179 0.6971719 0.6863998 0.7021276 0.7042203 0.7036743 0.6709012 0.6838275 0.6526225 0.6800749 0.6887640 0.6709291 0.6881155 0.6891154 0.6810875 0.6494034 0.6547953 0.7247006 0.7036008 0.6902208 0.7275244 0.0000000 0.3247906 0.3375857 
S0018_G6298_R3_A 0.7307472 0.7332113 0.7099874 0.7155192 0.7006330 0.7115989 0.7173383 0.7232606 0.7271076 0.7336248 0.7428489 0.7373820 0.6987719 0.7393344 0.7016305 0.7475015 0.7522790 0.7334299 0.7460183 0.7644951 0.7285567 0.6883323 0.6919948 0.7652083 0.7366789 0.7105977 0.8095568 0.3247906 0.0000000 0.1577710 
S0018_G6298_R4_U 0.7191872 0.7166941 0.7108839 0.7015060 0.6918823 0.7076322 0.7158653 0.7200260 0.7118236 0.7208784 0.7357879 0.7207444 0.6916204 0.7351557 0.6940771 0.7236919 0.7295318 0.7155082 0.7270644 0.7435420 0.7236860 0.6683381 0.6985829 0.7546596 0.7432996 0.7265848 0.8172270 0.3375857 0.1577710 0.0000000 
