26
S0026_G6363_R1_A 0.0000000 0.0845900 0.0460790 0.0360005 0.1124222 0.0948689 0.1089572 0.0997659 0.1151086 0.0939476 0.1222741 0.1166638 0.1025995 0.1049664 0.1111205 0.1084678 0.1957021 0.4435175 0.5386522 0.5787935 0.5429754 0.4618375 0.4618375 0.5728418 1.0766631 0.0750582 
S0012_G6363_R1_A 0.0845900 0.0000000 0.0881137 0.0881895 0.1514458 0.1375247 0.1522684 0.1425731 0.1549261 0.1386908 0.1700732 0.1662124 0.1543854 0.1562254 0.1325895 0.1584667 0.2495835 0.4944757 0.5599996 0.6016081 0.5541599 0.4913537 0.4913537 0.6589260 1.0657165 0.1210934 
S0030_G6363_R1_A 0.0460790 0.0881137 0.0000000 0.0441023 0.1259957 0.1097606 0.1221948 0.1114903 0.1309314 0.1100153 0.1374177 0.1315011 0.1223277 0.1241907 0.1337047 0.1205738 0.2087966 0.4831638 0.5707612 0.6229302 0.5436667 0.4904805 0.4904805 0.6171263 1.0124176 0.0763220 
S0011_G6363_R1_A 0.0360005 0.0881895 0.0441023 0.0000000 0.1165662 0.1006082 0.1151266 0.1055299 0.1171111 0.1004900 0.1291824 0.1232411 0.1142829 0.1108677 0.1121119 0.1147460 0.1975833 0.4724680 0.5663003 0.6012349 0.5473570 0.4850798 0.4850798 0.5989201 1.0639847 0.0761393 
S0020_G6363_R1_A 0.1124222 0.1514458 0.1259957 0.1165662 0.0000000 0.0769052 0.0863001 0.0787235 0.0944824 0.0779187 0.1044171 0.1011715 0.0927393 0.0853205 0.1709745 0.0866789 0.2022285 0.5054314 0.6104366 0.6509446 0.6138461 0.5253724 0.5253724 0.6685983 1.1871775 0.1334145 
S0002_G6363_R1_A 0.0948689 0.1375247 0.1097606 0.1006082 0.0769052 0.0000000 0.0493398 0.0385307 0.0550693 0.0464214 0.0681336 0.0630748 0.0463954 0.0509537 0.1341022 0.0605274 0.1822412 0.4184589 0.4997140 0.5491778 0.4957214 0.4160207 0.4160207 0.5684252 0.9893108 0.1083982 
S0016_G6363_R1_A 0.1089572 0.1522684 0.1221948 0.1151266 0.0863001 0.0493398 0.0000000 0.0462609 0.0611043 0.0612575 0.0836105 0.0783911 0.0582663 0.0661188 0.1302204 0.0810542 0.2062101 0.4018520 0.4682538 0.5040333 0.4734976 0.4052971 0.4052971 0.5356000 0.9722489 0.1138610 
S0031_G6363_R1_A 0.0997659 0.1425731 0.1114903 0.1055299 0.0787235 0.0385307 0.0462609 0.0000000 0.0442198 0.0502020 0.0720091 0.0689019 0.0511375 0.0587923 0.1380703 0.0693631 0.1931925 0.4157464 0.4864840 0.5335139 0.4894639 0.4135936 0.4135936 0.5509963 0.9733288 0.1167844 
S0037_G6363_R1_U 0.1151086 0.1549261 0.1309314 0.1171111 0.0944824 0.0550693 0.0611043 0.0442198 0.0000000 0.0651101 0.0916757 0.0884337 0.0661637 0.0691080 0.1488140 0.0859256 0.2148120 0.4299603 0.5145168 0.5518507 0.5192111 0.4389165 0.4389165 0.5658955 1.0115335 0.1314448 
S0028_G6363_R1_A 0.0939476 0.1386908 0.1100153 0.1004900 0.0779187 0.0464214 0.0612575 0.0502020 0.0651101 0.0000000 0.0702746 0.0651868 0.0563247 0.0539707 0.1497611 0.0657491 0.1848285 0.4545424 0.5472575 0.5890474 0.5516048 0.4592703 0.4592703 0.5887150 1.0053424 0.1052950 
S0048_G6363_R1_A 0.1222741 0.1700732 0.1374177 0.1291824 0.1044171 0.0681336 0.0836105 0.0720091 0.0916757 0.0702746 0.0000000 0.0179489 0.0805781 0.0784789 0.1601490 0.0685245 0.2131858 0.4179763 0.4788052 0.5150172 0.4839386 0.4160873 0.4160873 0.5370423 0.9318819 0.1352538 
S0050_G6363_R1_A 0.1166638 0.1662124 0.1315011 0.1232411 0.1011715 0.0630748 0.0783911 0.0689019 0.0884337 0.0651868 0.0179489 0.0000000 0.0753849 0.0722306 0.1494766 0.0624525 0.2025711 0.4117417 0.4713359 0.5073900 0.4765688 0.4090865 0.4090865 0.5285482 0.9366277 0.1294850 
S0017_G6363_R1_A 0.1025995 0.1543854 0.1223277 0.1142829 0.0927393 0.0463954 0.0582663 0.0511375 0.0661637 0.0563247 0.0805781 0.0753849 0.0000000 0.0610117 0.1353174 0.0748344 0.1953242 0.4165164 0.4945954 0.5207099 0.4995257 0.4210388 0.4210388 0.5490212 0.9605218 0.1208063 
S0046_G6363_R1_A 0.1049664 0.1562254 0.1241907 0.1108677 0.0853205 0.0509537 0.0661188 0.0587923 0.0691080 0.0539707 0.0784789 0.0722306 0.0610117 0.0000000 0.1390828 0.0749106 0.1844878 0.4178013 0.4996763 0.5367275 0.5045799 0.4251200 0.4251200 0.5616955 0.9521533 0.1200436 
S0036_G6363_R1_A 0.1111205 0.1325895 0.1337047 0.1121119 0.1709745 0.1341022 0.1302204 0.1380703 0.1488140 0.1497611 0.1601490 0.1494766 0.1353174 0.1390828 0.0000000 0.1375617 0.2017728 0.3722386 0.3769158 0.3921079 0.3913630 0.3753018 0.3753018 0.4069269 0.6347035 0.1148672 
S0013_G6363_R1_A 0.1084678 0.1584667 0.1205738 0.1147460 0.0866789 0.0605274 0.0810542 0.0693631 0.0859256 0.0657491 0.0685245 0.0624525 0.0748344 0.0749106 0.1375617 0.0000000 0.1931356 0.4354763 0.5307842 0.5685341 0.5352596 0.4538284 0.4538284 0.5609728 0.9780449 0.1270749 
S0005_G6363_R1_A 0.1957021 0.2495835 0.2087966 0.1975833 0.2022285 0.1822412 0.2062101 0.1931925 0.2148120 0.1848285 0.2131858 0.2025711 0.1953242 0.1844878 0.2017728 0.1931356 0.0000000 0.5905365 0.6046675 0.6217501 0.5741952 0.5723140 0.5723140 0.6654798 1.1983407 0.2000128 
S0004_G6363_R3_A 0.4435175 0.4944757 0.4831638 0.4724680 0.5054314 0.4184589 0.4018520 0.4157464 0.4299603 0.4545424 0.4179763 0.4117417 0.4165164 0.4178013 0.3722386 0.4354763 0.5905365 0.0000000 0.1132441 0.1338922 0.1266035 0.0788347 0.0788347 0.1412414 0.5745732 0.4453476 
S0021_G6363_R3_A 0.5386522 0.5599996 0.5707612 0.5663003 0.6104366 0.4997140 0.4682538 0.4864840 0.5145168 0.5472575 0.4788052 0.4713359 0.4945954 0.4996763 0.3769158 0.5307842 0.6046675 0.1132441 0.0000000 0.0529391 0.0376936 0.1049210 0.1049210 0.0526052 0.4169643 0.5257525 
S0004_G6363_R2_A 0.5787935 0.6016081 0.6229302 0.6012349 0.6509446 0.5491778 0.5040333 0.5335139 0.5518507 0.5890474 0.5150172 0.5073900 0.5207099 0.5367275 0.3921079 0.5685341 0.6217501 0.1338922 0.0529391 0.0000000 0.0752669 0.1268626 0.1268626 0.0640932 0.4852113 0.5661782 
S0021_G6363_R4_A 0.5429754 0.5541599 0.5436667 0.5473570 0.6138461 0.4957214 0.4734976 0.4894639 0.5192111 0.5516048 0.4839386 0.4765688 0.4995257 0.5045799 0.3913630 0.5352596 0.5741952 0.1266035 0.0376936 0.0752669 0.0000000 0.1108814 0.1108814 0.0746722 0.4542328 0.5410423 
S0019_G6363_R2_A 0.4618375 0.4913537 0.4904805 0.4850798 0.5253724 0.4160207 0.4052971 0.4135936 0.4389165 0.4592703 0.4160873 0.4090865 0.4210388 0.4251200 0.3753018 0.4538284 0.5723140 0.0788347 0.1049210 0.1268626 0.1108814 0.0000000 0.0000010 0.1154366 0.4969965 0.4443532 
S0019_G6363_R3_A 0.4618375 0.4913537 0.4904805 0.4850798 0.5253724 0.4160207 0.4052971 0.4135936 0.4389165 0.4592703 0.4160873 0.4090865 0.4210388 0.4251200 0.3753018 0.4538284 0.5723140 0.0788347 0.1049210 0.1268626 0.1108814 0.0000010 0.0000000 0.1154366 0.4969965 0.4443532 
S0018_G6363_R1_A 0.5728418 0.6589260 0.6171263 0.5989201 0.6685983 0.5684252 0.5356000 0.5509963 0.5658955 0.5887150 0.5370423 0.5285482 0.5490212 0.5616955 0.4069269 0.5609728 0.6654798 0.1412414 0.0526052 0.0640932 0.0746722 0.1154366 0.1154366 0.0000000 0.4961360 0.5694911 
S0019_G6363_R4_A 1.0766631 1.0657165 1.0124176 1.0639847 1.1871775 0.9893108 0.9722489 0.9733288 1.0115335 1.0053424 0.9318819 0.9366277 0.9605218 0.9521533 0.6347035 0.9780449 1.1983407 0.5745732 0.4169643 0.4852113 0.4542328 0.4969965 0.4969965 0.4961360 0.0000000 0.9634097 
S0022_G6363_R1_A 0.0750582 0.1210934 0.0763220 0.0761393 0.1334145 0.1083982 0.1138610 0.1167844 0.1314448 0.1052950 0.1352538 0.1294850 0.1208063 0.1200436 0.1148672 0.1270749 0.2000128 0.4453476 0.5257525 0.5661782 0.5410423 0.4443532 0.4443532 0.5694911 0.9634097 0.0000000 
