24
S0022_G6404_R1_A 0.0000000 0.0999179 0.1003506 0.1029030 0.1051220 0.1039490 0.0989316 0.1198661 0.1416516 0.1425340 0.1153691 0.1493071 0.1315015 0.1224417 0.1368674 0.1340247 0.1490193 0.1639012 0.1785705 0.1845189 0.2236371 0.1064906 0.3128957 0.3041132 
S0026_G6404_R1_A 0.0999179 0.0000000 0.0601217 0.0705046 0.0819923 0.0722587 0.0695033 0.1003733 0.1181411 0.1187960 0.1078336 0.1189601 0.1102306 0.1100545 0.1094632 0.1184668 0.1310119 0.1490288 0.1660909 0.1735608 0.2067173 0.0823472 0.1943336 0.2977707 
S0021_G6404_R1_A 0.1003506 0.0601217 0.0000000 0.0358673 0.0850475 0.0750621 0.0710292 0.0973583 0.1097917 0.1251392 0.1050795 0.1236502 0.1126039 0.1095112 0.1092797 0.1198539 0.1402716 0.1467762 0.1622218 0.1639065 0.2022091 0.0804205 0.2636819 0.2850002 
S0021_G6404_R2_A 0.1029030 0.0705046 0.0358673 0.0000000 0.0959912 0.0837008 0.0761229 0.1072226 0.1270464 0.1281508 0.1180100 0.1319378 0.1183969 0.1183944 0.1169119 0.1299792 0.1504254 0.1573938 0.1710640 0.1743256 0.2105788 0.0905305 0.2813693 0.2959763 
S0028_G6404_R1_A 0.1051220 0.0819923 0.0850475 0.0959912 0.0000000 0.0949377 0.0852401 0.0973978 0.1264093 0.1329184 0.1208541 0.1300653 0.1221227 0.1165358 0.1230425 0.1230739 0.1404832 0.1440753 0.1726731 0.1788423 0.2039073 0.1028235 0.2929755 0.3050799 
S0046_G6404_R1_A 0.1039490 0.0722587 0.0750621 0.0837008 0.0949377 0.0000000 0.0716598 0.0922509 0.1149602 0.1235151 0.0998176 0.1138996 0.1070239 0.1136591 0.1035615 0.1153766 0.1301261 0.1437217 0.1517388 0.1592971 0.2019172 0.0854763 0.2654637 0.2897838 
S0019_G6404_R1_A 0.0989316 0.0695033 0.0710292 0.0761229 0.0852401 0.0716598 0.0000000 0.0915371 0.1012351 0.1154684 0.1054248 0.1186784 0.1107284 0.1045338 0.0995882 0.1148769 0.1314622 0.1421117 0.1603300 0.1620752 0.2058821 0.0728099 0.2721920 0.2770759 
S0011_G6404_R1_A 0.1198661 0.1003733 0.0973583 0.1072226 0.0973978 0.0922509 0.0915371 0.0000000 0.1086068 0.1342248 0.1046145 0.1174042 0.1104196 0.1116284 0.1010910 0.1202909 0.1320238 0.1490646 0.1563360 0.1735458 0.2116961 0.1055367 0.3258166 0.2859793 
S0036_G6404_R1_A 0.1416516 0.1181411 0.1097917 0.1270464 0.1264093 0.1149602 0.1012351 0.1086068 0.0000000 0.1509257 0.1276964 0.1338992 0.1247507 0.1306848 0.1261231 0.1497562 0.1572424 0.1636587 0.1728988 0.1953688 0.2396546 0.1315724 0.3635473 0.3095919 
S0017_G6404_R1_A 0.1425340 0.1187960 0.1251392 0.1281508 0.1329184 0.1235151 0.1154684 0.1342248 0.1509257 0.0000000 0.1423019 0.1495200 0.1365417 0.1450941 0.1518008 0.1509102 0.1625558 0.1903938 0.1954795 0.2105060 0.2449280 0.1275151 0.3551170 0.3472712 
S0004_G6404_R1_A 0.1153691 0.1078336 0.1050795 0.1180100 0.1208541 0.0998176 0.1054248 0.1046145 0.1276964 0.1423019 0.0000000 0.0941575 0.0723337 0.1089018 0.1241668 0.1385451 0.1409502 0.1440382 0.1207327 0.1447463 0.2191975 0.1169415 0.3355876 0.2977866 
S0018_G6404_R1_A 0.1493071 0.1189601 0.1236502 0.1319378 0.1300653 0.1138996 0.1186784 0.1174042 0.1338992 0.1495200 0.0941575 0.0000000 0.0516798 0.1256303 0.1290169 0.1479059 0.1510587 0.1701683 0.1460753 0.1485381 0.2440883 0.1351771 0.3611177 0.3164170 
S0031_G6404_R1_A 0.1315015 0.1102306 0.1126039 0.1183969 0.1221227 0.1070239 0.1107284 0.1104196 0.1247507 0.1365417 0.0723337 0.0516798 0.0000000 0.1093612 0.1211890 0.1332279 0.1432139 0.1569675 0.1219450 0.1383301 0.2382862 0.1277883 0.3544386 0.3046669 
S0030_G6404_R1_A 0.1224417 0.1100545 0.1095112 0.1183944 0.1165358 0.1136591 0.1045338 0.1116284 0.1306848 0.1450941 0.1089018 0.1256303 0.1093612 0.0000000 0.1242166 0.1335093 0.1392341 0.1560609 0.1651846 0.1741438 0.2118054 0.1291205 0.3534454 0.2915425 
S0002_G6404_R1_A 0.1368674 0.1094632 0.1092797 0.1169119 0.1230425 0.1035615 0.0995882 0.1010910 0.1261231 0.1518008 0.1241668 0.1290169 0.1211890 0.1242166 0.0000000 0.1331548 0.1442484 0.1665184 0.1601648 0.1852118 0.2214779 0.1200746 0.3316505 0.3288610 
S0048_G6404_R1_A 0.1340247 0.1184668 0.1198539 0.1299792 0.1230739 0.1153766 0.1148769 0.1202909 0.1497562 0.1509102 0.1385451 0.1479059 0.1332279 0.1335093 0.1331548 0.0000000 0.0478997 0.1503584 0.1919018 0.1930469 0.2274227 0.1286244 0.3519358 0.3302439 
S0050_G6404_R1_A 0.1490193 0.1310119 0.1402716 0.1504254 0.1404832 0.1301261 0.1314622 0.1320238 0.1572424 0.1625558 0.1409502 0.1510587 0.1432139 0.1392341 0.1442484 0.0478997 0.0000000 0.1653449 0.2040274 0.2014154 0.2448915 0.1436168 0.3832206 0.3324490 
S0013_G6404_R1_A 0.1639012 0.1490288 0.1467762 0.1573938 0.1440753 0.1437217 0.1421117 0.1490646 0.1636587 0.1903938 0.1440382 0.1701683 0.1569675 0.1560609 0.1665184 0.1503584 0.1653449 0.0000000 0.1691972 0.2024814 0.2658561 0.1671196 0.3390512 0.3297781 
S0016_G6404_R1_A 0.1785705 0.1660909 0.1622218 0.1710640 0.1726731 0.1517388 0.1603300 0.1563360 0.1728988 0.1954795 0.1207327 0.1460753 0.1219450 0.1651846 0.1601648 0.1919018 0.2040274 0.1691972 0.0000000 0.1789791 0.2708673 0.1745935 0.3412085 0.3230121 
S0037_G6404_R1_U 0.1845189 0.1735608 0.1639065 0.1743256 0.1788423 0.1592971 0.1620752 0.1735458 0.1953688 0.2105060 0.1447463 0.1485381 0.1383301 0.1741438 0.1852118 0.1930469 0.2014154 0.2024814 0.1789791 0.0000000 0.3049547 0.1774295 0.4044846 0.3201918 
S0012_G6404_R1_A 0.2236371 0.2067173 0.2022091 0.2105788 0.2039073 0.2019172 0.2058821 0.2116961 0.2396546 0.2449280 0.2191975 0.2440883 0.2382862 0.2118054 0.2214779 0.2274227 0.2448915 0.2658561 0.2708673 0.3049547 0.0000000 0.2238022 0.4298025 0.4014368 
S0020_G6404_R1_A 0.1064906 0.0823472 0.0804205 0.0905305 0.1028235 0.0854763 0.0728099 0.1055367 0.1315724 0.1275151 0.1169415 0.1351771 0.1277883 0.1291205 0.1200746 0.1286244 0.1436168 0.1671196 0.1745935 0.1774295 0.2238022 0.0000000 0.2397585 0.2834960 
S0026_G6404_R2_A 0.3128957 0.1943336 0.2636819 0.2813693 0.2929755 0.2654637 0.2721920 0.3258166 0.3635473 0.3551170 0.3355876 0.3611177 0.3544386 0.3534454 0.3316505 0.3519358 0.3832206 0.3390512 0.3412085 0.4044846 0.4298025 0.2397585 0.0000000 0.4649890 
S0005_G6404_R1_A 0.3041132 0.2977707 0.2850002 0.2959763 0.3050799 0.2897838 0.2770759 0.2859793 0.3095919 0.3472712 0.2977866 0.3164170 0.3046669 0.2915425 0.3288610 0.3302439 0.3324490 0.3297781 0.3230121 0.3201918 0.4014368 0.2834960 0.4649890 0.0000000 
