29
S0037_G6451_R1_A 0.0000000 0.0960225 0.0885069 0.0883164 0.0873973 0.0887256 0.0865646 0.0652332 0.0875179 0.0849377 0.0855472 0.0830551 0.0826480 0.1140161 0.0795482 0.0816165 0.0891364 0.0834655 0.0774337 0.0916536 0.0977586 0.0978337 0.0776586 0.0764865 0.0793324 0.0799137 0.0806204 0.0931515 0.1871186 
S0017_G6451_R1_A 0.0960225 0.0000000 0.0605506 0.0638214 0.0687874 0.0776556 0.0756551 0.0633365 0.0707135 0.0660454 0.0665705 0.0639113 0.0637593 0.1000171 0.0571925 0.0624265 0.0773777 0.0497371 0.0583406 0.0615754 0.0797730 0.0776586 0.0726199 0.0745307 0.0700352 0.0614101 0.0620682 0.0741497 0.1718200 
S0016_G6451_R1_A 0.0885069 0.0605506 0.0000000 0.0613434 0.0599577 0.0723106 0.0688261 0.0625239 0.0675184 0.0615635 0.0620738 0.0599999 0.0588781 0.0940536 0.0519710 0.0616431 0.0708864 0.0476496 0.0508899 0.0570235 0.0765438 0.0760780 0.0665430 0.0712303 0.0632261 0.0546240 0.0552569 0.0700637 0.1703659 
S0046_G6451_R1_A 0.0883164 0.0638214 0.0613434 0.0000000 0.0610587 0.0680939 0.0632050 0.0580802 0.0645774 0.0563481 0.0568523 0.0548061 0.0567864 0.0972457 0.0465261 0.0545609 0.0694803 0.0536729 0.0495635 0.0602406 0.0659945 0.0655334 0.0682985 0.0722439 0.0618364 0.0519543 0.0525824 0.0686644 0.1655721 
S0002_G6451_R1_A 0.0873973 0.0687874 0.0599577 0.0610587 0.0000000 0.0659857 0.0641064 0.0573086 0.0654143 0.0555289 0.0560429 0.0539576 0.0553945 0.0930986 0.0484570 0.0541643 0.0661329 0.0532685 0.0515497 0.0611896 0.0716929 0.0696463 0.0703532 0.0689931 0.0678975 0.0533031 0.0539339 0.0658145 0.1656866 
S0048_G6451_R1_A 0.0887256 0.0776556 0.0723106 0.0680939 0.0659857 0.0000000 0.0173465 0.0615635 0.0663085 0.0555030 0.0560078 0.0534572 0.0523823 0.0791415 0.0606912 0.0577545 0.0562746 0.0639857 0.0400609 0.0693257 0.0783360 0.0778718 0.0743985 0.0756260 0.0624902 0.0425462 0.0431623 0.0617556 0.1655758 
S0050_G6451_R1_A 0.0865646 0.0756551 0.0688261 0.0632050 0.0641064 0.0173465 0.0000000 0.0606684 0.0649985 0.0542733 0.0547751 0.0522407 0.0516893 0.0808253 0.0584038 0.0560076 0.0545102 0.0616369 0.0389131 0.0673754 0.0764216 0.0759593 0.0702154 0.0731118 0.0579791 0.0427151 0.0433338 0.0608709 0.1659131 
S0031_G6451_R1_A 0.0652332 0.0633365 0.0625239 0.0580802 0.0573086 0.0615635 0.0606684 0.0000000 0.0571181 0.0519622 0.0524928 0.0503424 0.0502403 0.0834329 0.0493950 0.0494508 0.0602750 0.0527514 0.0413844 0.0619639 0.0663877 0.0652769 0.0547014 0.0321728 0.0508054 0.0447125 0.0453798 0.0582235 0.1588753 
S0026_G6451_R1_A 0.0875179 0.0707135 0.0675184 0.0645774 0.0654143 0.0663085 0.0649985 0.0571181 0.0000000 0.0555371 0.0560424 0.0539927 0.0538820 0.0914959 0.0551329 0.0466551 0.0654763 0.0598455 0.0537236 0.0702340 0.0651642 0.0657210 0.0669469 0.0708497 0.0656517 0.0554612 0.0560974 0.0690532 0.1632377 
S0019_G6451_R1_A 0.0849377 0.0660454 0.0615635 0.0563481 0.0555289 0.0555030 0.0542733 0.0519622 0.0555371 0.0000000 0.0004452 0.0031282 0.0282305 0.0834948 0.0491642 0.0447707 0.0558652 0.0513731 0.0040086 0.0620051 0.0636524 0.0627148 0.0643840 0.0640611 0.0565159 0.0000010 0.0005611 0.0506225 0.1551600 
S0019_G6451_R3_A 0.0855472 0.0665705 0.0620738 0.0568523 0.0560429 0.0560078 0.0547751 0.0524928 0.0560424 0.0004452 0.0000000 0.0035766 0.0287064 0.0840294 0.0496601 0.0452631 0.0563692 0.0518732 0.0045839 0.0625234 0.0641650 0.0632273 0.0649109 0.0645892 0.0571648 0.0005611 0.0000010 0.0511707 0.1545610 
S0019_G6451_R2_A 0.0830551 0.0639113 0.0599999 0.0548061 0.0539576 0.0534572 0.0522407 0.0503424 0.0539927 0.0031282 0.0035766 0.0000000 0.0267903 0.0823647 0.0476519 0.0432716 0.0543243 0.0498470 0.0000010 0.0599012 0.0620805 0.0611442 0.0627682 0.0624416 0.0545330 0.0039481 0.0045146 0.0478665 0.1519684 
S0020_G6451_R1_A 0.0826480 0.0637593 0.0588781 0.0567864 0.0553945 0.0523823 0.0516893 0.0502403 0.0538820 0.0282305 0.0287064 0.0267903 0.0000000 0.0795624 0.0465797 0.0446181 0.0542148 0.0487135 0.0234337 0.0596876 0.0615145 0.0605791 0.0636846 0.0612862 0.0590856 0.0254667 0.0260604 0.0485549 0.1561519 
S0012_G6451_R1_A 0.1140161 0.1000171 0.0940536 0.0972457 0.0930986 0.0791415 0.0808253 0.0834329 0.0914959 0.0834948 0.0840294 0.0823647 0.0795624 0.0000000 0.0876559 0.0844036 0.0813468 0.0890912 0.0722197 0.0973937 0.1069429 0.1042781 0.0995852 0.0969862 0.0912612 0.0745068 0.0751679 0.0906691 0.1951205 
S0011_G6451_R1_A 0.0795482 0.0571925 0.0519710 0.0465261 0.0484570 0.0606912 0.0584038 0.0493950 0.0551329 0.0491642 0.0496601 0.0476519 0.0465797 0.0876559 0.0000000 0.0463655 0.0584249 0.0430313 0.0469616 0.0507524 0.0626745 0.0632235 0.0611545 0.0614099 0.0611269 0.0487590 0.0493826 0.0566844 0.1577677 
S0028_G6451_R1_A 0.0816165 0.0624265 0.0616431 0.0545609 0.0541643 0.0577545 0.0560076 0.0494508 0.0466551 0.0447707 0.0452631 0.0432716 0.0446181 0.0844036 0.0463655 0.0000000 0.0559685 0.0510188 0.0400909 0.0605687 0.0582152 0.0577558 0.0601952 0.0619923 0.0565993 0.0419621 0.0425780 0.0584975 0.1540691 
S0013_G6451_R1_A 0.0891364 0.0773777 0.0708864 0.0694803 0.0661329 0.0562746 0.0545102 0.0602750 0.0654763 0.0558652 0.0563692 0.0543243 0.0542148 0.0813468 0.0584249 0.0559685 0.0000000 0.0632244 0.0457882 0.0726421 0.0784669 0.0759252 0.0746093 0.0701242 0.0665498 0.0482166 0.0488405 0.0613386 0.1716234 
S0030_G6451_R1_A 0.0834655 0.0497371 0.0476496 0.0536729 0.0532685 0.0639857 0.0616369 0.0527514 0.0598455 0.0513731 0.0518732 0.0498470 0.0487135 0.0890912 0.0430313 0.0510188 0.0632244 0.0000000 0.0465710 0.0419211 0.0665587 0.0660972 0.0608379 0.0642102 0.0613643 0.0490315 0.0496588 0.0597509 0.1634392 
S0019_G6451_R4_A 0.0774337 0.0583406 0.0508899 0.0495635 0.0515497 0.0400609 0.0389131 0.0413844 0.0537236 0.0040086 0.0045839 0.0000010 0.0234337 0.0722197 0.0469616 0.0400909 0.0457882 0.0465710 0.0000000 0.0542204 0.0555526 0.0556010 0.0534905 0.0516235 0.0534905 0.0040086 0.0045839 0.0444799 0.1473648 
S0022_G6451_R1_A 0.0916536 0.0615754 0.0570235 0.0602406 0.0611896 0.0693257 0.0673754 0.0619639 0.0702340 0.0620051 0.0625234 0.0599012 0.0596876 0.0973937 0.0507524 0.0605687 0.0726421 0.0419211 0.0542204 0.0000000 0.0740776 0.0746576 0.0732128 0.0757682 0.0716041 0.0572811 0.0579252 0.0677407 0.1733879 
S0021_G6451_R1_U 0.0977586 0.0797730 0.0765438 0.0659945 0.0716929 0.0783360 0.0764216 0.0663877 0.0651642 0.0636524 0.0641650 0.0620805 0.0615145 0.1069429 0.0626745 0.0582152 0.0784669 0.0665587 0.0555526 0.0740776 0.0000000 0.0171763 0.0782957 0.0801551 0.0758162 0.0578998 0.0585376 0.0742863 0.1740382 
S0021_G6451_R2_A 0.0978337 0.0776586 0.0760780 0.0655334 0.0696463 0.0778718 0.0759593 0.0652769 0.0657210 0.0627148 0.0632273 0.0611442 0.0605791 0.1042781 0.0632235 0.0577558 0.0759252 0.0660972 0.0556010 0.0746576 0.0171763 0.0000000 0.0794234 0.0791046 0.0772271 0.0573163 0.0579541 0.0738156 0.1708611 
S0004_G6451_R1_A 0.0776586 0.0726199 0.0665430 0.0682985 0.0703532 0.0743985 0.0702154 0.0547014 0.0669469 0.0643840 0.0649109 0.0627682 0.0636846 0.0995852 0.0611545 0.0601952 0.0746093 0.0608379 0.0534905 0.0732128 0.0782957 0.0794234 0.0000000 0.0639177 0.0000010 0.0566497 0.0573073 0.0720028 0.1598894 
S0018_G6451_R1_A 0.0764865 0.0745307 0.0712303 0.0722439 0.0689931 0.0756260 0.0731118 0.0321728 0.0708497 0.0640611 0.0645892 0.0624416 0.0612862 0.0969862 0.0614099 0.0619923 0.0701242 0.0642102 0.0516235 0.0757682 0.0801551 0.0791046 0.0639177 0.0000000 0.0578242 0.0547427 0.0553987 0.0709923 0.1693113 
S0004_G6451_R2_A 0.0793324 0.0700352 0.0632261 0.0618364 0.0678975 0.0624902 0.0579791 0.0508054 0.0656517 0.0565159 0.0571648 0.0545330 0.0590856 0.0912612 0.0611269 0.0565993 0.0665498 0.0613643 0.0534905 0.0716041 0.0758162 0.0772271 0.0000010 0.0578242 0.0000000 0.0566497 0.0573073 0.0723129 0.1607944 
S0019_G6451_R5_A 0.0799137 0.0614101 0.0546240 0.0519543 0.0533031 0.0425462 0.0427151 0.0447125 0.0554612 0.0000010 0.0005611 0.0039481 0.0254667 0.0745068 0.0487590 0.0419621 0.0482166 0.0490315 0.0040086 0.0572811 0.0578998 0.0573163 0.0566497 0.0547427 0.0566497 0.0000000 0.0005611 0.0494226 0.1527946 
S0019_G6451_R6_A 0.0806204 0.0620682 0.0552569 0.0525824 0.0539339 0.0431623 0.0433338 0.0453798 0.0560974 0.0005611 0.0000010 0.0045146 0.0260604 0.0751679 0.0493826 0.0425780 0.0488405 0.0496588 0.0045839 0.0579252 0.0585376 0.0579541 0.0573073 0.0553987 0.0573073 0.0005611 0.0000000 0.0500474 0.1520526 
S0036_G6451_R1_U 0.0931515 0.0741497 0.0700637 0.0686644 0.0658145 0.0617556 0.0608709 0.0582235 0.0690532 0.0506225 0.0511707 0.0478665 0.0485549 0.0906691 0.0566844 0.0584975 0.0613386 0.0597509 0.0444799 0.0677407 0.0742863 0.0738156 0.0720028 0.0709923 0.0723129 0.0494226 0.0500474 0.0000000 0.1650916 
S0005_G6451_R1_A 0.1871186 0.1718200 0.1703659 0.1655721 0.1656866 0.1655758 0.1659131 0.1588753 0.1632377 0.1551600 0.1545610 0.1519684 0.1561519 0.1951205 0.1577677 0.1540691 0.1716234 0.1634392 0.1473648 0.1733879 0.1740382 0.1708611 0.1598894 0.1693113 0.1607944 0.1527946 0.1520526 0.1650916 0.0000000 
