23
S0013_G6487_R1_A 0.0000000 0.0790309 0.0538663 0.0724517 0.0743439 0.0804493 0.0621576 0.0785046 0.0618865 0.0617709 0.0640944 0.0648468 0.1276899 0.0738703 0.0622014 0.0606716 0.0677396 0.0718881 0.0850631 0.0740093 0.0751147 0.0686868 0.1909186 
S0011_G6487_R1_A 0.0790309 0.0000000 0.1179364 0.1059714 0.1164049 0.0973267 0.1238716 0.1415030 0.1279959 0.1104264 0.1069681 0.1327569 0.1553049 0.1311764 0.1289974 0.0930888 0.0898378 0.1132992 0.1189146 0.1159515 0.1200566 0.1316399 0.2108593 
S0016_G6487_R1_A 0.0538663 0.1179364 0.0000000 0.0853962 0.1029161 0.0798214 0.0850118 0.1035276 0.0889781 0.0826241 0.0840860 0.0880681 0.1388293 0.0914983 0.0800712 0.0904727 0.0682672 0.0832443 0.1106850 0.0913351 0.0970689 0.0935380 0.2033257 
S0026_G6487_R1_A 0.0724517 0.1059714 0.0853962 0.0000000 0.1062862 0.0906162 0.0949070 0.1147135 0.1013222 0.0946792 0.0770240 0.1079402 0.1522675 0.1029321 0.1031421 0.0970944 0.0807460 0.0710661 0.1040475 0.1017165 0.0855507 0.1058736 0.1954488 
S0050_G6487_R1_A 0.0743439 0.1164049 0.1029161 0.1062862 0.0000000 0.0992500 0.1292725 0.1435851 0.1264137 0.1172027 0.1055101 0.1280488 0.1685008 0.1252500 0.1206889 0.0959137 0.0420844 0.1076880 0.1298107 0.1180114 0.1213289 0.1244960 0.2265223 
S0018_G6487_R1_U 0.0804493 0.0973267 0.0798214 0.0906162 0.0992500 0.0000000 0.0597527 0.0969369 0.0859349 0.0846283 0.0841169 0.0895017 0.1420345 0.0933532 0.0832053 0.0796434 0.0994474 0.0854871 0.0960570 0.0912356 0.0878889 0.0950529 0.2158834 
S0031_G6487_R1_A 0.0621576 0.1238716 0.0850118 0.0949070 0.1292725 0.0597527 0.0000000 0.1055165 0.0909208 0.0941320 0.0909945 0.1055111 0.1518415 0.1010269 0.0934942 0.0961148 0.0773431 0.0948536 0.1194363 0.1066683 0.0967895 0.0992716 0.2168363 
S0037_G6487_R1_A 0.0785046 0.1415030 0.1035276 0.1147135 0.1435851 0.0969369 0.1055165 0.0000000 0.1042422 0.0909662 0.1010550 0.1106877 0.1848789 0.1065860 0.0935224 0.1084190 0.0905658 0.1130211 0.1447847 0.1296699 0.1207233 0.1046447 0.2546860 
S0046_G6487_R1_A 0.0618865 0.1279959 0.0889781 0.1013222 0.1264137 0.0859349 0.0909208 0.1042422 0.0000000 0.0772416 0.0911976 0.0952159 0.1600685 0.0895013 0.0841729 0.0947174 0.0750621 0.0997855 0.1227665 0.1095870 0.1004992 0.0801754 0.2278489 
S0020_G6487_R1_U 0.0617709 0.1104264 0.0826241 0.0946792 0.1172027 0.0846283 0.0941320 0.0909662 0.0772416 0.0000000 0.0839737 0.0789082 0.1626414 0.0855147 0.0734624 0.0708556 0.0706177 0.0896205 0.1175795 0.0956402 0.0921149 0.0695602 0.2125520 
S0028_G6487_R1_A 0.0640944 0.1069681 0.0840860 0.0770240 0.1055101 0.0841169 0.0909945 0.1010550 0.0911976 0.0839737 0.0000000 0.1026429 0.1601592 0.0976703 0.0864979 0.0862380 0.0775761 0.0724663 0.1005058 0.0959619 0.0823656 0.0980498 0.2163495 
S0002_G6487_R1_A 0.0648468 0.1327569 0.0880681 0.1079402 0.1280488 0.0895017 0.1055111 0.1106877 0.0952159 0.0789082 0.1026429 0.0000000 0.1724889 0.0951041 0.0895084 0.0997154 0.0733804 0.0961735 0.1338313 0.1100811 0.1081337 0.0866329 0.2335981 
S0012_G6487_R1_A 0.1276899 0.1553049 0.1388293 0.1522675 0.1685008 0.1420345 0.1518415 0.1848789 0.1600685 0.1626414 0.1601592 0.1724889 0.0000000 0.1709431 0.1648706 0.1601873 0.1305670 0.1629603 0.1671563 0.1631696 0.1636633 0.1616404 0.2674294 
S0017_G6487_R1_U 0.0738703 0.1311764 0.0914983 0.1029321 0.1252500 0.0933532 0.1010269 0.1065860 0.0895013 0.0855147 0.0976703 0.0951041 0.1709431 0.0000000 0.0829741 0.1017302 0.0836888 0.1006263 0.1201139 0.1091369 0.1001158 0.0795107 0.2200543 
S0004_G6487_R1_A 0.0622014 0.1289974 0.0800712 0.1031421 0.1206889 0.0832053 0.0934942 0.0935224 0.0841729 0.0734624 0.0864979 0.0895084 0.1648706 0.0829741 0.0000000 0.0966060 0.0773010 0.0932877 0.1197850 0.1054569 0.1026562 0.0894292 0.2252383 
S0019_G6487_R1_A 0.0606716 0.0930888 0.0904727 0.0970944 0.0959137 0.0796434 0.0961148 0.1084190 0.0947174 0.0708556 0.0862380 0.0997154 0.1601873 0.1017302 0.0966060 0.0000000 0.0713161 0.0988667 0.1067992 0.0927824 0.0935765 0.0979390 0.2176520 
S0048_G6487_R1_A 0.0677396 0.0898378 0.0682672 0.0807460 0.0420844 0.0994474 0.0773431 0.0905658 0.0750621 0.0706177 0.0775761 0.0733804 0.1305670 0.0836888 0.0773010 0.0713161 0.0000000 0.0840719 0.0953450 0.0846238 0.0906159 0.0842064 0.2107206 
S0021_G6487_R1_A 0.0718881 0.1132992 0.0832443 0.0710661 0.1076880 0.0854871 0.0948536 0.1130211 0.0997855 0.0896205 0.0724663 0.0961735 0.1629603 0.1006263 0.0932877 0.0988667 0.0840719 0.0000000 0.1133245 0.1111557 0.0508624 0.0988954 0.2073780 
S0030_G6487_R1_A 0.0850631 0.1189146 0.1106850 0.1040475 0.1298107 0.0960570 0.1194363 0.1447847 0.1227665 0.1175795 0.1005058 0.1338313 0.1671563 0.1201139 0.1197850 0.1067992 0.0953450 0.1133245 0.0000000 0.1213482 0.1192891 0.1267483 0.2334161 
S0036_G6487_R1_U 0.0740093 0.1159515 0.0913351 0.1017165 0.1180114 0.0912356 0.1066683 0.1296699 0.1095870 0.0956402 0.0959619 0.1100811 0.1631696 0.1091369 0.1054569 0.0927824 0.0846238 0.1111557 0.1213482 0.0000000 0.1089375 0.1101335 0.2221066 
S0021_G6487_R2_A 0.0751147 0.1200566 0.0970689 0.0855507 0.1213289 0.0878889 0.0967895 0.1207233 0.1004992 0.0921149 0.0823656 0.1081337 0.1636633 0.1001158 0.1026562 0.0935765 0.0906159 0.0508624 0.1192891 0.1089375 0.0000000 0.0993974 0.2104628 
S0022_G6487_R1_A 0.0686868 0.1316399 0.0935380 0.1058736 0.1244960 0.0950529 0.0992716 0.1046447 0.0801754 0.0695602 0.0980498 0.0866329 0.1616404 0.0795107 0.0894292 0.0979390 0.0842064 0.0988954 0.1267483 0.1101335 0.0993974 0.0000000 0.2216780 
S0005_G6487_R1_A 0.1909186 0.2108593 0.2033257 0.1954488 0.2265223 0.2158834 0.2168363 0.2546860 0.2278489 0.2125520 0.2163495 0.2335981 0.2674294 0.2200543 0.2252383 0.2176520 0.2107206 0.2073780 0.2334161 0.2221066 0.2104628 0.2216780 0.0000000 
