23
S0037_G6538_R1_U 0.0000000 0.1160930 0.1163220 0.1086703 0.0983193 0.0923073 0.1124385 0.1655524 0.0961028 0.1001507 0.0972274 0.1021915 0.0800237 0.0944355 0.1038592 0.0996616 0.0999949 0.0979939 0.0956286 0.3569369 0.0842604 0.1125542 0.1049257 
S0017_G6538_R1_A 0.1160930 0.0000000 0.1163467 0.1103467 0.1192254 0.1081211 0.1231843 0.1830369 0.0984572 0.1081686 0.1054347 0.1152647 0.1089979 0.1013017 0.1112496 0.1058547 0.1097857 0.1088866 0.0921781 0.4010556 0.1195937 0.1217359 0.1148735 
S0050_G6538_R1_A 0.1163220 0.1163467 0.0000000 0.0138675 0.1084771 0.0932253 0.0966199 0.1570951 0.0852697 0.0957326 0.0939355 0.0996279 0.0934409 0.0870906 0.0958191 0.0910891 0.0936993 0.0931151 0.0881990 0.3640922 0.1082478 0.1230047 0.1018189 
S0048_G6538_R1_A 0.1086703 0.1103467 0.0138675 0.0000000 0.0996900 0.0853509 0.0893021 0.1511843 0.0783186 0.0866429 0.0871480 0.0931420 0.0871003 0.0802878 0.0873382 0.0830655 0.0874694 0.0863191 0.0804038 0.3559071 0.1018281 0.1168924 0.0926526 
S0016_G6538_R1_A 0.0983193 0.1192254 0.1084771 0.0996900 0.0000000 0.0819453 0.0955493 0.1468651 0.0816642 0.0868709 0.0859342 0.0891753 0.0806876 0.0823617 0.0858154 0.0818763 0.0829378 0.0881168 0.0770382 0.3613685 0.0917657 0.1035588 0.0849175 
S0026_G6538_R1_A 0.0923073 0.1081211 0.0932253 0.0853509 0.0819453 0.0000000 0.0915272 0.1456938 0.0720668 0.0679585 0.0766342 0.0744389 0.0772377 0.0654799 0.0677997 0.0737556 0.0691763 0.0685051 0.0613501 0.3584584 0.0867384 0.1020163 0.0833548 
S0013_G6538_R1_A 0.1124385 0.1231843 0.0966199 0.0893021 0.0955493 0.0915272 0.0000000 0.1518232 0.0865341 0.0933241 0.0922685 0.1007322 0.0938859 0.0841680 0.0931290 0.0863785 0.0887640 0.0920897 0.0777762 0.3705952 0.1006796 0.1194339 0.0942016 
S0012_G6538_R1_A 0.1655524 0.1830369 0.1570951 0.1511843 0.1468651 0.1456938 0.1518232 0.0000000 0.1398280 0.1504202 0.1414347 0.1457145 0.1492108 0.1372613 0.1434062 0.1366843 0.1396063 0.1477915 0.1374263 0.4249057 0.1569996 0.1762114 0.1518461 
S0030_G6538_R1_A 0.0961028 0.0984572 0.0852697 0.0783186 0.0816642 0.0720668 0.0865341 0.1398280 0.0000000 0.0753641 0.0669200 0.0762557 0.0730525 0.0672239 0.0728639 0.0688347 0.0723593 0.0742255 0.0642706 0.3674330 0.0880557 0.1027179 0.0837671 
S0021_G6538_R1_A 0.1001507 0.1081686 0.0957326 0.0866429 0.0868709 0.0679585 0.0933241 0.1504202 0.0753641 0.0000000 0.0778892 0.0369315 0.0794783 0.0639717 0.0690080 0.0698601 0.0696751 0.0738014 0.0648087 0.3500200 0.0862908 0.1016263 0.0863618 
S0022_G6538_R1_A 0.0972274 0.1054347 0.0939355 0.0871480 0.0859342 0.0766342 0.0922685 0.1414347 0.0669200 0.0778892 0.0000000 0.0822906 0.0725995 0.0727599 0.0776549 0.0748814 0.0758598 0.0779470 0.0683125 0.3476315 0.0880260 0.1042445 0.0897292 
S0021_G6538_R2_A 0.1021915 0.1152647 0.0996279 0.0931420 0.0891753 0.0744389 0.1007322 0.1457145 0.0762557 0.0369315 0.0822906 0.0000000 0.0814610 0.0658343 0.0732138 0.0756234 0.0753476 0.0773348 0.0664814 0.3644204 0.0910148 0.1096075 0.0834882 
S0004_G6538_R1_A 0.0800237 0.1089979 0.0934409 0.0871003 0.0806876 0.0772377 0.0938859 0.1492108 0.0730525 0.0794783 0.0725995 0.0814610 0.0000000 0.0712428 0.0785346 0.0788862 0.0775912 0.0805078 0.0678760 0.3619190 0.0716619 0.0859360 0.0857908 
S0020_G6538_R1_A 0.0944355 0.1013017 0.0870906 0.0802878 0.0823617 0.0654799 0.0841680 0.1372613 0.0672239 0.0639717 0.0727599 0.0658343 0.0712428 0.0000000 0.0621229 0.0659426 0.0569463 0.0578497 0.0489971 0.3355542 0.0807211 0.0992714 0.0697429 
S0028_G6538_R1_A 0.1038592 0.1112496 0.0958191 0.0873382 0.0858154 0.0677997 0.0931290 0.1434062 0.0728639 0.0690080 0.0776549 0.0732138 0.0785346 0.0621229 0.0000000 0.0719993 0.0691454 0.0691027 0.0621067 0.3529300 0.0850655 0.1033286 0.0809749 
S0046_G6538_R1_A 0.0996616 0.1058547 0.0910891 0.0830655 0.0818763 0.0737556 0.0863785 0.1366843 0.0688347 0.0698601 0.0748814 0.0756234 0.0788862 0.0659426 0.0719993 0.0000000 0.0673537 0.0738594 0.0642362 0.3514580 0.0883498 0.1001949 0.0910312 
S0036_G6538_R1_A 0.0999949 0.1097857 0.0936993 0.0874694 0.0829378 0.0691763 0.0887640 0.1396063 0.0723593 0.0696751 0.0758598 0.0753476 0.0775912 0.0569463 0.0691454 0.0673537 0.0000000 0.0608457 0.0496924 0.3442880 0.0884975 0.1056470 0.0706009 
S0011_G6538_R1_A 0.0979939 0.1088866 0.0931151 0.0863191 0.0881168 0.0685051 0.0920897 0.1477915 0.0742255 0.0738014 0.0779470 0.0773348 0.0805078 0.0578497 0.0691027 0.0738594 0.0608457 0.0000000 0.0604503 0.3425230 0.0852743 0.1071335 0.0684044 
S0019_G6538_R1_A 0.0956286 0.0921781 0.0881990 0.0804038 0.0770382 0.0613501 0.0777762 0.1374263 0.0642706 0.0648087 0.0683125 0.0664814 0.0678760 0.0489971 0.0621067 0.0642362 0.0496924 0.0604503 0.0000000 0.3153488 0.0782520 0.0998701 0.0684387 
S0005_G6538_R1_A 0.3569369 0.4010556 0.3640922 0.3559071 0.3613685 0.3584584 0.3705952 0.4249057 0.3674330 0.3500200 0.3476315 0.3644204 0.3619190 0.3355542 0.3529300 0.3514580 0.3442880 0.3425230 0.3153488 0.0000000 0.3125895 0.3680727 0.3240463 
S0031_G6538_R1_A 0.0842604 0.1195937 0.1082478 0.1018281 0.0917657 0.0867384 0.1006796 0.1569996 0.0880557 0.0862908 0.0880260 0.0910148 0.0716619 0.0807211 0.0850655 0.0883498 0.0884975 0.0852743 0.0782520 0.3125895 0.0000000 0.0480012 0.0833174 
S0018_G6538_R1_A 0.1125542 0.1217359 0.1230047 0.1168924 0.1035588 0.1020163 0.1194339 0.1762114 0.1027179 0.1016263 0.1042445 0.1096075 0.0859360 0.0992714 0.1033286 0.1001949 0.1056470 0.1071335 0.0998701 0.3680727 0.0480012 0.0000000 0.1196670 
S0002_G6538_R1_A 0.1049257 0.1148735 0.1018189 0.0926526 0.0849175 0.0833548 0.0942016 0.1518461 0.0837671 0.0863618 0.0897292 0.0834882 0.0857908 0.0697429 0.0809749 0.0910312 0.0706009 0.0684044 0.0684387 0.3240463 0.0833174 0.1196670 0.0000000 
