23
S0005_G6639_R1_A 0.0000000 0.2836490 0.2594772 0.2608593 0.2917473 0.2658539 0.2941947 0.2565193 0.2469152 0.2491850 0.2607604 0.2518913 0.2754050 0.2534077 0.2548761 0.2601061 0.2674186 0.2604570 0.2628050 0.2545441 0.2445732 0.2460651 0.2403855 
S0050_G6639_R1_A 0.2836490 0.0000000 0.1216964 0.1006085 0.1310296 0.1125655 0.1522864 0.1072371 0.0989615 0.1047393 0.1074996 0.1022157 0.0487953 0.1085106 0.1221360 0.1265173 0.1164822 0.1058079 0.1043697 0.0981429 0.0932022 0.0990824 0.0863789 
S0026_G6639_R1_A 0.2594772 0.1216964 0.0000000 0.0897614 0.1164131 0.1054094 0.1463037 0.0843233 0.0819985 0.0736207 0.0856040 0.0884239 0.1087518 0.0863980 0.0788588 0.0833601 0.0905207 0.0836151 0.0991461 0.0907570 0.0811996 0.0786157 0.0708618 
S0016_G6639_R1_A 0.2608593 0.1006085 0.0897614 0.0000000 0.0993140 0.0861155 0.1368466 0.0789675 0.0748363 0.0785426 0.0813192 0.0778181 0.0876904 0.0786069 0.0983206 0.1013059 0.0830384 0.0797148 0.0831283 0.0708030 0.0661129 0.0743350 0.0649688 
S0037_G6639_R1_A 0.2917473 0.1310296 0.1164131 0.0993140 0.0000000 0.1211536 0.1615323 0.1000043 0.0996601 0.0987130 0.0992526 0.1082266 0.1278452 0.0999337 0.1187090 0.1208536 0.1017499 0.0927984 0.1198901 0.1059530 0.1004598 0.0973053 0.0950137 
S0017_G6639_R1_U 0.2658539 0.1125655 0.1054094 0.0861155 0.1211536 0.0000000 0.1443690 0.0955627 0.0895320 0.0932506 0.0977440 0.0867827 0.1059799 0.0920924 0.1088538 0.1117942 0.0960732 0.0903643 0.0973881 0.0860291 0.0777724 0.0916993 0.0760947 
S0012_G6639_R1_A 0.2941947 0.1522864 0.1463037 0.1368466 0.1615323 0.1443690 0.0000000 0.1350579 0.1296990 0.1285729 0.1416764 0.1327266 0.1438579 0.1380745 0.1474715 0.1517366 0.1435899 0.1348699 0.1394936 0.1266299 0.1228957 0.1312986 0.1170891 
S0011_G6639_R1_A 0.2565193 0.1072371 0.0843233 0.0789675 0.1000043 0.0955627 0.1350579 0.0000000 0.0614719 0.0601264 0.0674174 0.0617588 0.0938712 0.0736398 0.0821045 0.0866659 0.0753173 0.0714108 0.0907453 0.0770554 0.0691966 0.0515883 0.0521371 
S0030_G6639_R1_A 0.2469152 0.0989615 0.0819985 0.0748363 0.0996601 0.0895320 0.1296990 0.0614719 0.0000000 0.0569474 0.0690736 0.0641794 0.0914651 0.0669013 0.0797273 0.0819096 0.0740754 0.0679581 0.0842254 0.0718259 0.0636702 0.0588832 0.0534959 
S0028_G6639_R1_A 0.2491850 0.1047393 0.0736207 0.0785426 0.0987130 0.0932506 0.1285729 0.0601264 0.0569474 0.0000000 0.0648840 0.0656174 0.0951953 0.0660831 0.0747576 0.0786533 0.0733280 0.0672126 0.0826221 0.0703740 0.0640127 0.0553516 0.0521447 
S0046_G6639_R1_A 0.2607604 0.1074996 0.0856040 0.0813192 0.0992526 0.0977440 0.1416764 0.0674174 0.0690736 0.0648840 0.0000000 0.0735857 0.0987815 0.0749911 0.0845608 0.0891781 0.0823358 0.0733582 0.0889213 0.0815864 0.0753100 0.0618651 0.0632135 
S0020_G6639_R1_U 0.2518913 0.1022157 0.0884239 0.0778181 0.1082266 0.0867827 0.1327266 0.0617588 0.0641794 0.0656174 0.0735857 0.0000000 0.0902918 0.0797450 0.0813588 0.0859608 0.0800143 0.0767772 0.0848551 0.0746333 0.0617773 0.0568655 0.0430851 
S0048_G6639_R1_A 0.2754050 0.0487953 0.1087518 0.0876904 0.1278452 0.1059799 0.1438579 0.0938712 0.0914651 0.0951953 0.0987815 0.0902918 0.0000000 0.0976347 0.1084818 0.1158692 0.1011852 0.0891618 0.0907565 0.0888609 0.0834189 0.0867106 0.0760113 
S0004_G6639_R1_A 0.2534077 0.1085106 0.0863980 0.0786069 0.0999337 0.0920924 0.1380745 0.0736398 0.0669013 0.0660831 0.0749911 0.0797450 0.0976347 0.0000000 0.0930608 0.0953389 0.0721048 0.0642913 0.0919463 0.0794808 0.0724177 0.0680361 0.0655598 
S0021_G6639_R1_A 0.2548761 0.1221360 0.0788588 0.0983206 0.1187090 0.1088538 0.1474715 0.0821045 0.0797273 0.0747576 0.0845608 0.0813588 0.1084818 0.0930608 0.0000000 0.0283517 0.0910240 0.0888361 0.1023637 0.0920512 0.0836292 0.0774165 0.0694165 
S0021_G6639_R2_A 0.2601061 0.1265173 0.0833601 0.1013059 0.1208536 0.1117942 0.1517366 0.0866659 0.0819096 0.0786533 0.0891781 0.0859608 0.1158692 0.0953389 0.0283517 0.0000000 0.0974045 0.0922865 0.1063434 0.0936310 0.0876181 0.0807983 0.0751649 
S0018_G6639_R1_U 0.2674186 0.1164822 0.0905207 0.0830384 0.1017499 0.0960732 0.1435899 0.0753173 0.0740754 0.0733280 0.0823358 0.0800143 0.1011852 0.0721048 0.0910240 0.0974045 0.0000000 0.0377834 0.0954958 0.0847025 0.0759453 0.0707761 0.0666578 
S0031_G6639_R1_A 0.2604570 0.1058079 0.0836151 0.0797148 0.0927984 0.0903643 0.1348699 0.0714108 0.0679581 0.0672126 0.0733582 0.0767772 0.0891618 0.0642913 0.0888361 0.0922865 0.0377834 0.0000000 0.0914258 0.0800940 0.0725425 0.0641118 0.0632898 
S0013_G6639_R1_A 0.2628050 0.1043697 0.0991461 0.0831283 0.1198901 0.0973881 0.1394936 0.0907453 0.0842254 0.0826221 0.0889213 0.0848551 0.0907565 0.0919463 0.1023637 0.1063434 0.0954958 0.0914258 0.0000000 0.0806122 0.0731325 0.0841954 0.0731294 
S0022_G6639_R1_A 0.2545441 0.0981429 0.0907570 0.0708030 0.1059530 0.0860291 0.1266299 0.0770554 0.0718259 0.0703740 0.0815864 0.0746333 0.0888609 0.0794808 0.0920512 0.0936310 0.0847025 0.0800940 0.0806122 0.0000000 0.0624979 0.0718526 0.0613892 
S0036_G6639_R1_A 0.2445732 0.0932022 0.0811996 0.0661129 0.1004598 0.0777724 0.1228957 0.0691966 0.0636702 0.0640127 0.0753100 0.0617773 0.0834189 0.0724177 0.0836292 0.0876181 0.0759453 0.0725425 0.0731325 0.0624979 0.0000000 0.0598883 0.0477058 
S0002_G6639_R1_A 0.2460651 0.0990824 0.0786157 0.0743350 0.0973053 0.0916993 0.1312986 0.0515883 0.0588832 0.0553516 0.0618651 0.0568655 0.0867106 0.0680361 0.0774165 0.0807983 0.0707761 0.0641118 0.0841954 0.0718526 0.0598883 0.0000000 0.0479727 
S0019_G6639_R1_A 0.2403855 0.0863789 0.0708618 0.0649688 0.0950137 0.0760947 0.1170891 0.0521371 0.0534959 0.0521447 0.0632135 0.0430851 0.0760113 0.0655598 0.0694165 0.0751649 0.0666578 0.0632898 0.0731294 0.0613892 0.0477058 0.0479727 0.0000000 
