23
S0037_G6854_R1_A 0.0000000 0.1210776 0.0860378 0.0932240 0.0732071 0.0894914 0.0958207 0.0908748 0.0842088 0.0879722 0.1016409 0.1242335 0.0905284 0.0847176 0.1043804 0.0984773 0.0879047 0.1045774 0.2062021 0.1085058 0.1028466 0.0911671 0.1315441 
S0050_G6854_R1_A 0.1210776 0.0000000 0.0993663 0.0874078 0.0980336 0.1133445 0.0916172 0.0851204 0.0843617 0.0857282 0.1011585 0.0390173 0.0979477 0.0924028 0.1035464 0.0947575 0.0890387 0.0905201 0.2056011 0.1066364 0.1066540 0.0959603 0.1393809 
S0030_G6854_R1_A 0.0860378 0.0993663 0.0000000 0.0693769 0.0608357 0.0723088 0.0701647 0.0648769 0.0578094 0.0634802 0.0760608 0.0983046 0.0613028 0.0668832 0.0698084 0.0643586 0.0620659 0.0770871 0.1802577 0.0759200 0.0746387 0.0688485 0.1038155 
S0046_G6854_R1_A 0.0932240 0.0874078 0.0693769 0.0000000 0.0679779 0.0791868 0.0625816 0.0595595 0.0531075 0.0554222 0.0689953 0.0886775 0.0663114 0.0653243 0.0717073 0.0667107 0.0611254 0.0682464 0.1734251 0.0783257 0.0781043 0.0638890 0.1087015 
S0031_G6854_R1_A 0.0732071 0.0980336 0.0608357 0.0679779 0.0000000 0.0402206 0.0675175 0.0623068 0.0552274 0.0625604 0.0706238 0.0980324 0.0637170 0.0567411 0.0728808 0.0689534 0.0634033 0.0749598 0.1845751 0.0789786 0.0754457 0.0629597 0.1051299 
S0018_G6854_R1_A 0.0894914 0.1133445 0.0723088 0.0791868 0.0402206 0.0000000 0.0821835 0.0762755 0.0704350 0.0759320 0.0890849 0.1120421 0.0782017 0.0705283 0.0870633 0.0818160 0.0785367 0.0882034 0.1998013 0.0912265 0.0876247 0.0770764 0.1183835 
S0002_G6854_R1_A 0.0958207 0.0916172 0.0701647 0.0625816 0.0675175 0.0821835 0.0000000 0.0434837 0.0389594 0.0427396 0.0536907 0.0911971 0.0686228 0.0680557 0.0729517 0.0668524 0.0611121 0.0689695 0.1747597 0.0746653 0.0725662 0.0656820 0.1075892 
S0019_G6854_R1_A 0.0908748 0.0851204 0.0648769 0.0595595 0.0623068 0.0762755 0.0434837 0.0000000 0.0323416 0.0345404 0.0485059 0.0829205 0.0634519 0.0636030 0.0660074 0.0611144 0.0554035 0.0638222 0.1718632 0.0721764 0.0677788 0.0616619 0.1002907 
S0036_G6854_R1_U 0.0842088 0.0843617 0.0578094 0.0531075 0.0552274 0.0704350 0.0389594 0.0323416 0.0000000 0.0311492 0.0427905 0.0827534 0.0569136 0.0581048 0.0584108 0.0540842 0.0500811 0.0587770 0.1633239 0.0670725 0.0622010 0.0555776 0.0941533 
S0020_G6854_R1_A 0.0879722 0.0857282 0.0634802 0.0554222 0.0625604 0.0759320 0.0427396 0.0345404 0.0311492 0.0000000 0.0472134 0.0858625 0.0636588 0.0626703 0.0651151 0.0602246 0.0518689 0.0633502 0.1673241 0.0734212 0.0674720 0.0607155 0.0997871 
S0011_G6854_R1_A 0.1016409 0.1011585 0.0760608 0.0689953 0.0706238 0.0890849 0.0536907 0.0485059 0.0427905 0.0472134 0.0000000 0.0988749 0.0768980 0.0742063 0.0778444 0.0727785 0.0664783 0.0789901 0.1838634 0.0852964 0.0805008 0.0740554 0.1137060 
S0048_G6854_R1_A 0.1242335 0.0390173 0.0983046 0.0886775 0.0980324 0.1120421 0.0911971 0.0829205 0.0827534 0.0858625 0.0988749 0.0000000 0.0951754 0.0971940 0.1035312 0.0935336 0.0885298 0.0866863 0.2071164 0.1066047 0.1037246 0.0966456 0.1363035 
S0022_G6854_R1_A 0.0905284 0.0979477 0.0613028 0.0663114 0.0637170 0.0782017 0.0686228 0.0634519 0.0569136 0.0636588 0.0768980 0.0951754 0.0000000 0.0658444 0.0766612 0.0722157 0.0626664 0.0755514 0.1842279 0.0800845 0.0776152 0.0634675 0.1127871 
S0004_G6854_R1_A 0.0847176 0.0924028 0.0668832 0.0653243 0.0567411 0.0705283 0.0680557 0.0636030 0.0581048 0.0626703 0.0742063 0.0971940 0.0658444 0.0000000 0.0747504 0.0691650 0.0624085 0.0785479 0.1777489 0.0734673 0.0777954 0.0525364 0.1065470 
S0021_G6854_R1_A 0.1043804 0.1035464 0.0698084 0.0717073 0.0728808 0.0870633 0.0729517 0.0660074 0.0584108 0.0651151 0.0778444 0.1035312 0.0766612 0.0747504 0.0000000 0.0289756 0.0642675 0.0844669 0.1777087 0.0821738 0.0729144 0.0711153 0.1168766 
S0021_G6854_R2_A 0.0984773 0.0947575 0.0643586 0.0667107 0.0689534 0.0818160 0.0668524 0.0611144 0.0540842 0.0602246 0.0727785 0.0935336 0.0722157 0.0691650 0.0289756 0.0000000 0.0577259 0.0804106 0.1689369 0.0749516 0.0678933 0.0693844 0.1090330 
S0028_G6854_R1_A 0.0879047 0.0890387 0.0620659 0.0611254 0.0634033 0.0785367 0.0611121 0.0554035 0.0500811 0.0518689 0.0664783 0.0885298 0.0626664 0.0624085 0.0642675 0.0577259 0.0000000 0.0702295 0.1684897 0.0692416 0.0688318 0.0636967 0.1014633 
S0013_G6854_R1_A 0.1045774 0.0905201 0.0770871 0.0682464 0.0749598 0.0882034 0.0689695 0.0638222 0.0587770 0.0633502 0.0789901 0.0866863 0.0755514 0.0785479 0.0844669 0.0804106 0.0702295 0.0000000 0.1916200 0.0908220 0.0872892 0.0733505 0.1159101 
S0005_G6854_R1_A 0.2062021 0.2056011 0.1802577 0.1734251 0.1845751 0.1998013 0.1747597 0.1718632 0.1633239 0.1673241 0.1838634 0.2071164 0.1842279 0.1777489 0.1777087 0.1689369 0.1684897 0.1916200 0.0000000 0.1873308 0.1815367 0.1818321 0.2164917 
S0017_G6854_R1_A 0.1085058 0.1066364 0.0759200 0.0783257 0.0789786 0.0912265 0.0746653 0.0721764 0.0670725 0.0734212 0.0852964 0.1066047 0.0800845 0.0734673 0.0821738 0.0749516 0.0692416 0.0908220 0.1873308 0.0000000 0.0827056 0.0743064 0.1224570 
S0026_G6854_R1_A 0.1028466 0.1066540 0.0746387 0.0781043 0.0754457 0.0876247 0.0725662 0.0677788 0.0622010 0.0674720 0.0805008 0.1037246 0.0776152 0.0777954 0.0729144 0.0678933 0.0688318 0.0872892 0.1815367 0.0827056 0.0000000 0.0741507 0.1132797 
S0016_G6854_R1_A 0.0911671 0.0959603 0.0688485 0.0638890 0.0629597 0.0770764 0.0656820 0.0616619 0.0555776 0.0607155 0.0740554 0.0966456 0.0634675 0.0525364 0.0711153 0.0693844 0.0636967 0.0733505 0.1818321 0.0743064 0.0741507 0.0000000 0.1124112 
S0012_G6854_R1_A 0.1315441 0.1393809 0.1038155 0.1087015 0.1051299 0.1183835 0.1075892 0.1002907 0.0941533 0.0997871 0.1137060 0.1363035 0.1127871 0.1065470 0.1168766 0.1090330 0.1014633 0.1159101 0.2164917 0.1224570 0.1132797 0.1124112 0.0000000 
