22
S0037_G6924_R1_A 0.0000000 0.1762061 0.1745071 0.1771086 0.1836381 0.1755047 0.1717248 0.1672106 0.1658689 0.1594230 0.1743577 0.1851480 0.1991861 0.1757555 0.1640445 0.1681216 0.1815271 0.2126945 0.4048163 0.1802095 0.1754275 0.1621585 
S0011_G6924_R1_A 0.1762061 0.0000000 0.0764142 0.0817330 0.0815922 0.0812393 0.0727249 0.0734377 0.0701251 0.0575954 0.0754092 0.0863487 0.0874160 0.0772731 0.0643025 0.0848128 0.0741001 0.1115365 0.3076019 0.0611704 0.0652968 0.0568787 
S0031_G6924_R1_A 0.1745071 0.0764142 0.0000000 0.0425125 0.0856424 0.0794763 0.0750116 0.0672532 0.0671998 0.0660743 0.0776263 0.0864076 0.0981816 0.0844711 0.0732475 0.0815095 0.0792322 0.1136437 0.3159583 0.0729838 0.0772713 0.0608290 
S0018_G6924_R1_A 0.1771086 0.0817330 0.0425125 0.0000000 0.0903035 0.0850983 0.0813585 0.0744798 0.0767012 0.0738891 0.0814115 0.0942663 0.1022161 0.0928612 0.0786504 0.0900812 0.0883254 0.1167776 0.3186916 0.0777876 0.0852636 0.0662511 
S0021_G6924_R1_U 0.1836381 0.0815922 0.0856424 0.0903035 0.0000000 0.0846295 0.0824073 0.0831236 0.0770088 0.0678257 0.0806537 0.0935880 0.1005797 0.0888301 0.0728607 0.0912337 0.0739102 0.1253005 0.3049462 0.0738241 0.0776193 0.0665659 
S0013_G6924_R1_A 0.1755047 0.0812393 0.0794763 0.0850983 0.0846295 0.0000000 0.0733981 0.0790371 0.0708005 0.0627430 0.0781876 0.0849318 0.0966107 0.0868111 0.0708463 0.0798058 0.0845923 0.1162746 0.3009764 0.0777566 0.0790468 0.0687596 
S0030_G6924_R1_A 0.1717248 0.0727249 0.0750116 0.0813585 0.0824073 0.0733981 0.0000000 0.0726771 0.0666896 0.0614332 0.0729734 0.0843931 0.0925725 0.0775706 0.0651313 0.0844823 0.0731141 0.1096638 0.2945359 0.0718414 0.0735972 0.0659808 
S0004_G6924_R1_A 0.1672106 0.0734377 0.0672532 0.0744798 0.0831236 0.0790371 0.0726771 0.0000000 0.0667971 0.0620577 0.0763211 0.0866974 0.0968233 0.0809992 0.0691175 0.0800067 0.0790291 0.1070686 0.3077605 0.0724500 0.0785736 0.0659270 
S0016_G6924_R1_A 0.1658689 0.0701251 0.0671998 0.0767012 0.0770088 0.0708005 0.0666896 0.0667971 0.0000000 0.0582715 0.0730457 0.0761445 0.0877988 0.0776963 0.0651228 0.0751737 0.0733917 0.1052406 0.2971136 0.0681984 0.0706397 0.0576456 
S0028_G6924_R1_A 0.1594230 0.0575954 0.0660743 0.0738891 0.0678257 0.0627430 0.0614332 0.0620577 0.0582715 0.0000000 0.0602367 0.0717475 0.0755911 0.0678039 0.0544121 0.0712476 0.0643458 0.0987284 0.2937058 0.0585777 0.0632164 0.0528205 
S0022_G6924_R1_A 0.1743577 0.0754092 0.0776263 0.0814115 0.0806537 0.0781876 0.0729734 0.0763211 0.0730457 0.0602367 0.0000000 0.0900163 0.0933862 0.0760233 0.0667149 0.0851480 0.0769826 0.1135330 0.3022890 0.0711753 0.0790593 0.0651921 
S0048_G6924_R1_A 0.1851480 0.0863487 0.0864076 0.0942663 0.0935880 0.0849318 0.0843931 0.0866974 0.0761445 0.0717475 0.0900163 0.0000000 0.1037389 0.0960501 0.0769542 0.0285620 0.0891414 0.1235268 0.3193081 0.0797708 0.0861248 0.0713085 
S0046_G6924_R1_A 0.1991861 0.0874160 0.0981816 0.1022161 0.1005797 0.0966107 0.0925725 0.0968233 0.0877988 0.0755911 0.0933862 0.1037389 0.0000000 0.0948167 0.0861741 0.1031389 0.0974967 0.1304452 0.3008485 0.0930770 0.0984750 0.0845701 
S0017_G6924_R1_A 0.1757555 0.0772731 0.0844711 0.0928612 0.0888301 0.0868111 0.0775706 0.0809992 0.0776963 0.0678039 0.0760233 0.0960501 0.0948167 0.0000000 0.0690057 0.0925468 0.0814013 0.1183167 0.2948387 0.0813348 0.0864229 0.0742657 
S0020_G6924_R1_A 0.1640445 0.0643025 0.0732475 0.0786504 0.0728607 0.0708463 0.0651313 0.0691175 0.0651228 0.0544121 0.0667149 0.0769542 0.0861741 0.0690057 0.0000000 0.0759478 0.0697445 0.1030638 0.2857114 0.0600852 0.0669125 0.0306618 
S0050_G6924_R1_A 0.1681216 0.0848128 0.0815095 0.0900812 0.0912337 0.0798058 0.0844823 0.0800067 0.0751737 0.0712476 0.0851480 0.0285620 0.1031389 0.0925468 0.0759478 0.0000000 0.0864380 0.1177571 0.3064098 0.0769192 0.0843322 0.0685059 
S0026_G6924_R1_A 0.1815271 0.0741001 0.0792322 0.0883254 0.0739102 0.0845923 0.0731141 0.0790291 0.0733917 0.0643458 0.0769826 0.0891414 0.0974967 0.0814013 0.0697445 0.0864380 0.0000000 0.1220185 0.2873252 0.0717414 0.0763365 0.0644002 
S0012_G6924_R1_A 0.2126945 0.1115365 0.1136437 0.1167776 0.1253005 0.1162746 0.1096638 0.1070686 0.1052406 0.0987284 0.1135330 0.1235268 0.1304452 0.1183167 0.1030638 0.1177571 0.1220185 0.0000000 0.3344426 0.1052706 0.1060503 0.0936556 
S0005_G6924_R1_A 0.4048163 0.3076019 0.3159583 0.3186916 0.3049462 0.3009764 0.2945359 0.3077605 0.2971136 0.2937058 0.3022890 0.3193081 0.3008485 0.2948387 0.2857114 0.3064098 0.2873252 0.3344426 0.0000000 0.2949969 0.2990485 0.2648617 
S0002_G6924_R1_A 0.1802095 0.0611704 0.0729838 0.0777876 0.0738241 0.0777566 0.0718414 0.0724500 0.0681984 0.0585777 0.0711753 0.0797708 0.0930770 0.0813348 0.0600852 0.0769192 0.0717414 0.1052706 0.2949969 0.0000000 0.0541621 0.0604065 
S0036_G6924_R1_U 0.1754275 0.0652968 0.0772713 0.0852636 0.0776193 0.0790468 0.0735972 0.0785736 0.0706397 0.0632164 0.0790593 0.0861248 0.0984750 0.0864229 0.0669125 0.0843322 0.0763365 0.1060503 0.2990485 0.0541621 0.0000000 0.0582670 
S0019_G6924_R1_A 0.1621585 0.0568787 0.0608290 0.0662511 0.0665659 0.0687596 0.0659808 0.0659270 0.0576456 0.0528205 0.0651921 0.0713085 0.0845701 0.0742657 0.0306618 0.0685059 0.0644002 0.0936556 0.2648617 0.0604065 0.0582670 0.0000000 
