29
S0028_G6947_R1_A 0.0000000 0.2137841 0.2032772 0.1939649 0.1953120 0.1897235 0.1866921 0.1768569 0.1928024 0.1955807 0.1965676 0.2344545 0.1808855 0.1943585 0.1938138 0.1944195 0.2386041 0.1858466 0.1916730 0.2976601 0.1883901 0.2104366 0.2102922 0.0008316 0.0698325 0.0764783 0.0823622 0.0762926 0.1359781 
S0048_G6947_R2_A 0.2137841 0.0000000 0.0153023 0.0851752 0.0960879 0.0921097 0.0850134 0.0772833 0.0852772 0.0910241 0.0951939 0.1418224 0.0778584 0.0914432 0.0905415 0.0912631 0.1143195 0.0806251 0.0940819 0.1699294 0.0891614 0.1036406 0.1018469 0.0826148 0.0892816 0.0958935 0.0016010 0.0154259 0.1453712 
S0050_G6947_R1_A 0.2032772 0.0153023 0.0000000 0.0765717 0.0872968 0.0844480 0.0779822 0.0698041 0.0777418 0.0828532 0.0875070 0.1350894 0.0693351 0.0848652 0.0840617 0.0846256 0.1045590 0.0741415 0.0863857 0.1648704 0.0837643 0.0947514 0.0957280 0.0758160 0.0834136 0.0880891 0.0154259 0.0015993 0.1387671 
S0013_G6947_R1_A 0.1939649 0.0851752 0.0765717 0.0000000 0.0832404 0.0852563 0.0748987 0.0705450 0.0769185 0.0788386 0.0841747 0.1324589 0.0622948 0.0781705 0.0801367 0.0844471 0.1085971 0.0759547 0.0814134 0.1715764 0.0815898 0.0929967 0.0945787 0.0619811 0.0686648 0.0665172 0.0747093 0.0641241 0.1384647 
S0011_G6947_R1_A 0.1953120 0.0960879 0.0872968 0.0832404 0.0000000 0.0476903 0.0487681 0.0703483 0.0760909 0.0484726 0.0564477 0.0972372 0.0668140 0.0854635 0.0796335 0.0561177 0.1151470 0.0784176 0.0496922 0.1625874 0.0757193 0.0939520 0.0918534 0.0754805 0.0525208 0.0000010 0.0941297 0.0859735 0.1445234 
S0002_G6947_R1_A 0.1897235 0.0921097 0.0844480 0.0852563 0.0476903 0.0000000 0.0451952 0.0675507 0.0749859 0.0448447 0.0506807 0.0920651 0.0641740 0.0809958 0.0763603 0.0539968 0.1112045 0.0743378 0.0532766 0.1593791 0.0745032 0.0915807 0.0915925 0.0657629 0.0000010 0.0523475 0.0871569 0.0800621 0.1412416 
S0030_G6947_R1_A 0.1866921 0.0850134 0.0779822 0.0748987 0.0487681 0.0451952 0.0000000 0.0607532 0.0691852 0.0399451 0.0461531 0.0872499 0.0589306 0.0725325 0.0699289 0.0468742 0.1051484 0.0671366 0.0441212 0.1522416 0.0671693 0.0851871 0.0845262 0.0582041 0.0432831 0.0476692 0.0773071 0.0713126 0.1306568 
S0026_G6947_R1_A 0.1768569 0.0772833 0.0698041 0.0705450 0.0703483 0.0675507 0.0607532 0.0000000 0.0580558 0.0638664 0.0704510 0.1075325 0.0494266 0.0621057 0.0587308 0.0661047 0.0965293 0.0563550 0.0674260 0.1509544 0.0610073 0.0761371 0.0735861 0.0561389 0.0638318 0.0675163 0.0731382 0.0644105 0.1238248 
S0004_G6947_R1_A 0.1928024 0.0852772 0.0777418 0.0769185 0.0760909 0.0749859 0.0691852 0.0580558 0.0000000 0.0705264 0.0767420 0.1203448 0.0562290 0.0571607 0.0546354 0.0716350 0.1041475 0.0597468 0.0743078 0.1534738 0.0718548 0.0764417 0.0672094 0.0629403 0.0696607 0.0704093 0.0781197 0.0683518 0.1245523 
S0019_G6947_R1_A 0.1955807 0.0910241 0.0828532 0.0788386 0.0484726 0.0448447 0.0399451 0.0638664 0.0705264 0.0000000 0.0327828 0.0736265 0.0620297 0.0745232 0.0710249 0.0505406 0.1092133 0.0700318 0.0449982 0.1542042 0.0713507 0.0861226 0.0888011 0.0717461 0.0507694 0.0525154 0.0892877 0.0811947 0.1311538 
S0020_G6947_R1_A 0.1965676 0.0951939 0.0875070 0.0841747 0.0564477 0.0506807 0.0461531 0.0704510 0.0767420 0.0327828 0.0000000 0.0496986 0.0690498 0.0841130 0.0782794 0.0571589 0.1110778 0.0769596 0.0519527 0.1591353 0.0726585 0.0893980 0.0913993 0.0748177 0.0593408 0.0629123 0.0964150 0.0882008 0.1436264 
S0020_G6947_R2_U 0.2344545 0.1418224 0.1350894 0.1324589 0.0972372 0.0920651 0.0872499 0.1075325 0.1203448 0.0736265 0.0496986 0.0000000 0.1168682 0.1290852 0.1257785 0.0991317 0.1620775 0.1175681 0.0979522 0.2076326 0.1152536 0.1332386 0.1415948 0.1132872 0.0957424 0.0983467 0.1330697 0.1263213 0.1834061 
S0046_G6947_R1_A 0.1808855 0.0778584 0.0693351 0.0622948 0.0668140 0.0641740 0.0589306 0.0494266 0.0562290 0.0620297 0.0690498 0.1168682 0.0000000 0.0594091 0.0558563 0.0648899 0.0936932 0.0550325 0.0654777 0.1469698 0.0614120 0.0721120 0.0727860 0.0507912 0.0574807 0.0601830 0.0715050 0.0617524 0.1263266 
S0018_G6947_R1_A 0.1943585 0.0914432 0.0848652 0.0781705 0.0854635 0.0809958 0.0725325 0.0621057 0.0571607 0.0745232 0.0841130 0.1290852 0.0594091 0.0000000 0.0478571 0.0784397 0.1106340 0.0685965 0.0776807 0.1620834 0.0760046 0.0881928 0.0600320 0.0697660 0.0795814 0.0823769 0.0861507 0.0790914 0.1404474 
S0031_G6947_R1_A 0.1938138 0.0905415 0.0840617 0.0801367 0.0796335 0.0763603 0.0699289 0.0587308 0.0546354 0.0710249 0.0782794 0.1257785 0.0558563 0.0478571 0.0000000 0.0700478 0.1029468 0.0623986 0.0726032 0.1578092 0.0698680 0.0857949 0.0606933 0.0696417 0.0755737 0.0754599 0.0869868 0.0780071 0.1373909 
S0022_G6947_R1_A 0.1944195 0.0912631 0.0846256 0.0844471 0.0561177 0.0539968 0.0468742 0.0661047 0.0716350 0.0505406 0.0571589 0.0991317 0.0648899 0.0784397 0.0700478 0.0000000 0.1099438 0.0748568 0.0524517 0.1627989 0.0729756 0.0924161 0.0871795 0.0650483 0.0470984 0.0506777 0.0814618 0.0734832 0.1378169 
S0012_G6947_R1_A 0.2386041 0.1143195 0.1045590 0.1085971 0.1151470 0.1112045 0.1051484 0.0965293 0.1041475 0.1092133 0.1110778 0.1620775 0.0936932 0.1106340 0.1029468 0.1099438 0.0000000 0.1015701 0.1137805 0.1958951 0.1062822 0.1223844 0.1195066 0.1036514 0.1039192 0.1046946 0.1063847 0.0969147 0.1703036 
S0016_G6947_R1_A 0.1858466 0.0806251 0.0741415 0.0759547 0.0784176 0.0743378 0.0671366 0.0563550 0.0597468 0.0700318 0.0769596 0.1175681 0.0550325 0.0685965 0.0623986 0.0748568 0.1015701 0.0000000 0.0727717 0.1617089 0.0712667 0.0821360 0.0772884 0.0578251 0.0677007 0.0722509 0.0761072 0.0672197 0.1326105 
S0036_G6947_R1_A 0.1916730 0.0940819 0.0863857 0.0814134 0.0496922 0.0532766 0.0441212 0.0674260 0.0743078 0.0449982 0.0519527 0.0979522 0.0654777 0.0776807 0.0726032 0.0524517 0.1137805 0.0727717 0.0000000 0.1669637 0.0725498 0.0920778 0.0886752 0.0652234 0.0527655 0.0469685 0.0875949 0.0805393 0.1458185 
S0005_G6947_R1_A 0.2976601 0.1699294 0.1648704 0.1715764 0.1625874 0.1593791 0.1522416 0.1509544 0.1534738 0.1542042 0.1591353 0.2076326 0.1469698 0.1620834 0.1578092 0.1627989 0.1958951 0.1617089 0.1669637 0.0000000 0.1574272 0.1800912 0.1695754 0.1418520 0.1498082 0.1483244 0.1470907 0.1401744 0.0000010 
S0021_G6947_R1_A 0.1883901 0.0891614 0.0837643 0.0815898 0.0757193 0.0745032 0.0671693 0.0610073 0.0718548 0.0713507 0.0726585 0.1152536 0.0614120 0.0760046 0.0698680 0.0729756 0.1062822 0.0712667 0.0725498 0.1574272 0.0000000 0.0886127 0.0841102 0.0641497 0.0688099 0.0695854 0.0827581 0.0758239 0.1330849 
S0017_G6947_R1_A 0.2104366 0.1036406 0.0947514 0.0929967 0.0939520 0.0915807 0.0851871 0.0761371 0.0764417 0.0861226 0.0893980 0.1332386 0.0721120 0.0881928 0.0857949 0.0924161 0.1223844 0.0821360 0.0920778 0.1800912 0.0886127 0.0000000 0.0982561 0.0823784 0.0924690 0.0961471 0.0959860 0.0859409 0.1600655 
S0037_G6947_R1_A 0.2102922 0.1018469 0.0957280 0.0945787 0.0918534 0.0915925 0.0845262 0.0735861 0.0672094 0.0888011 0.0913993 0.1415948 0.0727860 0.0600320 0.0606933 0.0871795 0.1195066 0.0772884 0.0886752 0.1695754 0.0841102 0.0982561 0.0000000 0.0854493 0.1000228 0.0956457 0.1004062 0.0921457 0.1548949 
S0028_G6947_R2_A 0.0008316 0.0826148 0.0758160 0.0619811 0.0754805 0.0657629 0.0582041 0.0561389 0.0629403 0.0717461 0.0748177 0.1132872 0.0507912 0.0697660 0.0696417 0.0650483 0.1036514 0.0578251 0.0652234 0.1418520 0.0641497 0.0823784 0.0854493 0.0000000 0.0676236 0.0699113 0.0729176 0.0643860 0.1351216 
S0002_G6947_R2_A 0.0698325 0.0892816 0.0834136 0.0686648 0.0525208 0.0000010 0.0432831 0.0638318 0.0696607 0.0507694 0.0593408 0.0957424 0.0574807 0.0795814 0.0755737 0.0470984 0.1039192 0.0677007 0.0527655 0.1498082 0.0688099 0.0924690 0.1000228 0.0676236 0.0000000 0.0554043 0.0885644 0.0810134 0.1503338 
S0011_G6947_R2_A 0.0764783 0.0958935 0.0880891 0.0665172 0.0000010 0.0523475 0.0476692 0.0675163 0.0704093 0.0525154 0.0629123 0.0983467 0.0601830 0.0823769 0.0754599 0.0506777 0.1046946 0.0722509 0.0469685 0.1483244 0.0695854 0.0961471 0.0956457 0.0699113 0.0554043 0.0000000 0.0897489 0.0827476 0.1531096 
S0048_G6947_R3_A 0.0823622 0.0016010 0.0154259 0.0747093 0.0941297 0.0871569 0.0773071 0.0731382 0.0781197 0.0892877 0.0964150 0.1330697 0.0715050 0.0861507 0.0869868 0.0814618 0.1063847 0.0761072 0.0875949 0.1470907 0.0827581 0.0959860 0.1004062 0.0729176 0.0885644 0.0897489 0.0000000 0.0127605 0.1499930 
S0050_G6947_R3_A 0.0762926 0.0154259 0.0015993 0.0641241 0.0859735 0.0800621 0.0713126 0.0644105 0.0683518 0.0811947 0.0882008 0.1263213 0.0617524 0.0790914 0.0780071 0.0734832 0.0969147 0.0672197 0.0805393 0.1401744 0.0758239 0.0859409 0.0921457 0.0643860 0.0810134 0.0827476 0.0127605 0.0000000 0.1415020 
S0005_G6947_R2_A 0.1359781 0.1453712 0.1387671 0.1384647 0.1445234 0.1412416 0.1306568 0.1238248 0.1245523 0.1311538 0.1436264 0.1834061 0.1263266 0.1404474 0.1373909 0.1378169 0.1703036 0.1326105 0.1458185 0.0000010 0.1330849 0.1600655 0.1548949 0.1351216 0.1503338 0.1531096 0.1499930 0.1415020 0.0000000 
