24
S0013_G6968_R1_A 0.0000000 0.2040210 0.0937236 0.1690920 0.2159720 0.2048168 0.2275609 0.2233307 0.2537040 0.2250341 0.2401061 0.2450434 0.2141278 0.2230414 0.3396409 0.3267760 0.1431251 0.1250966 0.1408689 0.1206284 0.1227771 0.1880606 0.2143137 0.3570792 
S0020_G6968_R1_U 0.2040210 0.0000000 0.1869948 0.1808600 0.0794073 0.0695298 0.0930944 0.0811523 0.0991870 0.0739058 0.0919019 0.0946702 0.0629764 0.0890135 0.2049931 0.1971672 0.2345335 0.2154015 0.2095046 0.2175738 0.2244539 0.1980898 0.2439169 0.1944503 
S0016_G6968_R1_A 0.0937236 0.1869948 0.0000000 0.1569101 0.1938884 0.1846025 0.2168905 0.2081553 0.2375256 0.2074966 0.2111802 0.2119694 0.1967415 0.2007565 0.3236565 0.3096062 0.1364549 0.1004197 0.1296014 0.1103660 0.1112605 0.1826926 0.2078010 0.3308624 
S0019_G6968_R1_A 0.1690920 0.1808600 0.1569101 0.0000000 0.2103175 0.1910493 0.2257914 0.2124781 0.2415299 0.2068173 0.2126491 0.2218040 0.2014751 0.1814742 0.3439041 0.3314023 0.1919943 0.1577144 0.1727708 0.1830802 0.1833488 0.1989769 0.1893526 0.3367628 
S0022_G6968_R1_A 0.2159720 0.0794073 0.1938884 0.2103175 0.0000000 0.0510979 0.0800251 0.0657277 0.0903054 0.0592198 0.0768935 0.0788922 0.0618947 0.0831035 0.1902085 0.1878326 0.2319122 0.2147775 0.2041177 0.2029614 0.2107698 0.1990059 0.2339145 0.1798764 
S0030_G6968_R1_A 0.2048168 0.0695298 0.1846025 0.1910493 0.0510979 0.0000000 0.0755683 0.0630828 0.0852416 0.0545582 0.0690870 0.0716110 0.0535381 0.0804224 0.1876344 0.1813249 0.2220415 0.2005041 0.1925174 0.2019189 0.2057483 0.1898068 0.2319161 0.1668129 
S0018_G6968_R1_U 0.2275609 0.0930944 0.2168905 0.2257914 0.0800251 0.0755683 0.0000000 0.0463289 0.0807492 0.0744714 0.0955036 0.0976498 0.0732963 0.1021127 0.1982673 0.1965002 0.2422915 0.2298625 0.2250294 0.2254530 0.2334103 0.2189450 0.2625977 0.1856994 
S0031_G6968_R1_A 0.2233307 0.0811523 0.2081553 0.2124781 0.0657277 0.0630828 0.0463289 0.0000000 0.0652773 0.0644835 0.0823814 0.0829676 0.0643657 0.0861197 0.1841133 0.1830927 0.2417146 0.2145342 0.2195520 0.2166982 0.2245090 0.2081133 0.2527234 0.1708582 
S0037_G6968_R1_A 0.2537040 0.0991870 0.2375256 0.2415299 0.0903054 0.0852416 0.0807492 0.0652773 0.0000000 0.0852125 0.1024017 0.1048808 0.0858311 0.1096985 0.2071560 0.2023974 0.2765198 0.2484948 0.2392364 0.2539804 0.2619008 0.2355094 0.2758377 0.2069593 
S0026_G6968_R1_A 0.2250341 0.0739058 0.2074966 0.2068173 0.0592198 0.0545582 0.0744714 0.0644835 0.0852125 0.0000000 0.0674055 0.0706555 0.0552863 0.0863237 0.1870685 0.1827404 0.2418694 0.2161409 0.2129499 0.2173590 0.2251772 0.2038169 0.2529729 0.1706682 
S0021_G6968_R1_A 0.2401061 0.0919019 0.2111802 0.2126491 0.0768935 0.0690870 0.0955036 0.0823814 0.1024017 0.0674055 0.0000000 0.0230879 0.0666026 0.0917127 0.2010603 0.1953645 0.2544577 0.2236343 0.2151780 0.2389460 0.2468385 0.2111404 0.2624274 0.1799063 
S0021_G6968_R2_A 0.2450434 0.0946702 0.2119694 0.2218040 0.0788922 0.0716110 0.0976498 0.0829676 0.1048808 0.0706555 0.0230879 0.0000000 0.0726736 0.0968070 0.2026322 0.1995590 0.2602414 0.2316879 0.2201034 0.2419768 0.2518808 0.2143919 0.2722539 0.1795685 
S0028_G6968_R1_A 0.2141278 0.0629764 0.1967415 0.2014751 0.0618947 0.0535381 0.0732963 0.0643657 0.0858311 0.0552863 0.0666026 0.0726736 0.0000000 0.0807930 0.1842208 0.1756121 0.2332135 0.2073102 0.2036017 0.2185307 0.2270448 0.1717231 0.2501032 0.1623371 
S0002_G6968_R1_A 0.2230414 0.0890135 0.2007565 0.1814742 0.0831035 0.0804224 0.1021127 0.0861197 0.1096985 0.0863237 0.0917127 0.0968070 0.0807930 0.0000000 0.2079165 0.2077065 0.2361302 0.1978990 0.1930926 0.1978102 0.2054190 0.2093550 0.2399341 0.2112647 
S0004_G6968_R1_A 0.3396409 0.2049931 0.3236565 0.3439041 0.1902085 0.1876344 0.1982673 0.1841133 0.2071560 0.1870685 0.2010603 0.2026322 0.1842208 0.2079165 0.0000000 0.0528561 0.3546615 0.3382312 0.3391613 0.3396308 0.3454295 0.3210895 0.3845281 0.2877520 
S0004_G6968_R2_A 0.3267760 0.1971672 0.3096062 0.3314023 0.1878326 0.1813249 0.1965002 0.1830927 0.2023974 0.1827404 0.1953645 0.1995590 0.1756121 0.2077065 0.0528561 0.0000000 0.3388062 0.3257225 0.3206486 0.3306834 0.3381950 0.3043815 0.3682281 0.2926759 
S0017_G6968_R1_U 0.1431251 0.2345335 0.1364549 0.1919943 0.2319122 0.2220415 0.2422915 0.2417146 0.2765198 0.2418694 0.2544577 0.2602414 0.2332135 0.2361302 0.3546615 0.3388062 0.0000000 0.1250923 0.1381627 0.1426682 0.1413018 0.2278951 0.2440413 0.3806891 
S0046_G6968_R1_A 0.1250966 0.2154015 0.1004197 0.1577144 0.2147775 0.2005041 0.2298625 0.2145342 0.2484948 0.2161409 0.2236343 0.2316879 0.2073102 0.1978990 0.3382312 0.3257225 0.1250923 0.0000000 0.1115782 0.1047965 0.1025672 0.1937546 0.2145318 0.3446297 
S0011_G6968_R1_A 0.1408689 0.2095046 0.1296014 0.1727708 0.2041177 0.1925174 0.2250294 0.2195520 0.2392364 0.2129499 0.2151780 0.2201034 0.2036017 0.1930926 0.3391613 0.3206486 0.1381627 0.1115782 0.0000000 0.1281800 0.1283165 0.2002070 0.2225809 0.3443531 
S0048_G6968_R1_A 0.1206284 0.2175738 0.1103660 0.1830802 0.2029614 0.2019189 0.2254530 0.2166982 0.2539804 0.2173590 0.2389460 0.2419768 0.2185307 0.1978102 0.3396308 0.3306834 0.1426682 0.1047965 0.1281800 0.0000000 0.0085559 0.1829599 0.2227340 0.3415083 
S0050_G6968_R1_A 0.1227771 0.2244539 0.1112605 0.1833488 0.2107698 0.2057483 0.2334103 0.2245090 0.2619008 0.2251772 0.2468385 0.2518808 0.2270448 0.2054190 0.3454295 0.3381950 0.1413018 0.1025672 0.1283165 0.0085559 0.0000000 0.1903062 0.2221113 0.3486309 
S0036_G6968_R1_U 0.1880606 0.1980898 0.1826926 0.1989769 0.1990059 0.1898068 0.2189450 0.2081133 0.2355094 0.2038169 0.2111404 0.2143919 0.1717231 0.2093550 0.3210895 0.3043815 0.2278951 0.1937546 0.2002070 0.1829599 0.1903062 0.0000000 0.2020667 0.3222069 
S0012_G6968_R1_A 0.2143137 0.2439169 0.2078010 0.1893526 0.2339145 0.2319161 0.2625977 0.2527234 0.2758377 0.2529729 0.2624274 0.2722539 0.2501032 0.2399341 0.3845281 0.3682281 0.2440413 0.2145318 0.2225809 0.2227340 0.2221113 0.2020667 0.0000000 0.3802775 
S0005_G6968_R1_A 0.3570792 0.1944503 0.3308624 0.3367628 0.1798764 0.1668129 0.1856994 0.1708582 0.2069593 0.1706682 0.1799063 0.1795685 0.1623371 0.2112647 0.2877520 0.2926759 0.3806891 0.3446297 0.3443531 0.3415083 0.3486309 0.3222069 0.3802775 0.0000000 
