23
S0050_G6995_R1_A 0.0000000 0.1022276 0.0993151 0.1062802 0.1000787 0.0975202 0.1050178 0.1161762 0.1100318 0.1177617 0.0986187 0.1161962 0.0977666 0.1288669 0.1332605 0.1020118 0.0943574 0.0972587 0.0404993 0.1203209 0.1425204 0.1725437 0.2443780 
S0022_G6995_R1_A 0.1022276 0.0000000 0.0730294 0.0694223 0.0551664 0.0683224 0.0765546 0.0929157 0.0819040 0.0974037 0.0736409 0.0889409 0.0857660 0.0997495 0.0838987 0.0697777 0.0632389 0.0839173 0.1024590 0.1061184 0.1238782 0.1592786 0.2088343 
S0016_G6995_R1_A 0.0993151 0.0730294 0.0000000 0.0745525 0.0708765 0.0656763 0.0756757 0.0848072 0.0730848 0.0915050 0.0661112 0.0721584 0.0838038 0.0813122 0.0999008 0.0740223 0.0565321 0.0747758 0.1006709 0.1031181 0.1063655 0.1392547 0.2069239 
S0026_G6995_R1_A 0.1062802 0.0694223 0.0745525 0.0000000 0.0666728 0.0687625 0.0800867 0.0916810 0.0816078 0.0992980 0.0731610 0.0869019 0.0889546 0.0967876 0.0953646 0.0659062 0.0609994 0.0803973 0.1015431 0.1102282 0.1234723 0.1617848 0.2091394 
S0030_G6995_R1_A 0.1000787 0.0551664 0.0708765 0.0666728 0.0000000 0.0677320 0.0742963 0.0866718 0.0752677 0.0929682 0.0672053 0.0807322 0.0834773 0.0960592 0.0778693 0.0637234 0.0568477 0.0798659 0.0997240 0.1007473 0.1200152 0.1510631 0.2035439 
S0028_G6995_R1_A 0.0975202 0.0683224 0.0656763 0.0687625 0.0677320 0.0000000 0.0776687 0.0869256 0.0789602 0.0948603 0.0664410 0.0781606 0.0817617 0.0917780 0.0984900 0.0668506 0.0572137 0.0752716 0.0970298 0.0997541 0.1149925 0.1585015 0.2121789 
S0036_G6995_R2_A 0.1050178 0.0765546 0.0756757 0.0800867 0.0742963 0.0776687 0.0000000 0.0805478 0.0759467 0.0842940 0.0672457 0.0994127 0.0879508 0.1053814 0.0991198 0.0806566 0.0627669 0.0782286 0.1005976 0.1003148 0.1158516 0.1534953 0.2055288 
S0019_G6995_R1_A 0.1161762 0.0929157 0.0848072 0.0916810 0.0866718 0.0869256 0.0805478 0.0000000 0.0743746 0.0778064 0.0688544 0.1015161 0.0986589 0.1116525 0.1154293 0.0925045 0.0532719 0.0693746 0.1141851 0.1108786 0.1044086 0.1443978 0.2115234 
S0002_G6995_R1_A 0.1100318 0.0819040 0.0730848 0.0816078 0.0752677 0.0789602 0.0759467 0.0743746 0.0000000 0.0839323 0.0626450 0.0920056 0.0911782 0.1012784 0.1078545 0.0764559 0.0488515 0.0925327 0.1104019 0.1142193 0.1239714 0.1630252 0.2128211 
S0011_G6995_R1_A 0.1177617 0.0974037 0.0915050 0.0992980 0.0929682 0.0948603 0.0842940 0.0778064 0.0839323 0.0000000 0.0669617 0.1092788 0.1032822 0.1175573 0.1174760 0.0966052 0.0670948 0.0837544 0.1206655 0.1138097 0.1175641 0.1559923 0.2230027 
S0036_G6995_R1_U 0.0986187 0.0736409 0.0661112 0.0731610 0.0672053 0.0664410 0.0672457 0.0688544 0.0626450 0.0669617 0.0000000 0.0835950 0.0854248 0.0924856 0.0993763 0.0723849 0.0447666 0.0764600 0.1035333 0.1059539 0.1095974 0.1530608 0.2064954 
S0018_G6995_R1_A 0.1161962 0.0889409 0.0721584 0.0869019 0.0807322 0.0781606 0.0994127 0.1015161 0.0920056 0.1092788 0.0835950 0.0000000 0.1031559 0.0827778 0.1167397 0.0869902 0.0727685 0.0936825 0.1118223 0.1199969 0.1260801 0.1288264 0.2282067 
S0013_G6995_R1_A 0.0977666 0.0857660 0.0838038 0.0889546 0.0834773 0.0817617 0.0879508 0.0986589 0.0911782 0.1032822 0.0854248 0.1031559 0.0000000 0.1059651 0.1167464 0.0852246 0.0748184 0.0919046 0.0991518 0.1034680 0.1309687 0.1672469 0.2266386 
S0037_G6995_R1_A 0.1288669 0.0997495 0.0813122 0.0967876 0.0960592 0.0917780 0.1053814 0.1116525 0.1012784 0.1175573 0.0924856 0.0827778 0.1059651 0.0000000 0.1289944 0.0997666 0.0810383 0.1054257 0.1256179 0.1294911 0.1328949 0.1572132 0.2352142 
S0017_G6995_R1_A 0.1332605 0.0838987 0.0999008 0.0953646 0.0778693 0.0984900 0.0991198 0.1154293 0.1078545 0.1174760 0.0993763 0.1167397 0.1167464 0.1289944 0.0000000 0.0965606 0.0860186 0.1076763 0.1347882 0.1331858 0.1506081 0.1760263 0.2321115 
S0021_G6995_R1_A 0.1020118 0.0697777 0.0740223 0.0659062 0.0637234 0.0668506 0.0806566 0.0925045 0.0764559 0.0966052 0.0723849 0.0869902 0.0852246 0.0997666 0.0965606 0.0000000 0.0638843 0.0796644 0.1039838 0.1075781 0.1203290 0.1632717 0.2029128 
S0020_G6995_R1_A 0.0943574 0.0632389 0.0565321 0.0609994 0.0568477 0.0572137 0.0627669 0.0532719 0.0488515 0.0670948 0.0447666 0.0727685 0.0748184 0.0810383 0.0860186 0.0638843 0.0000000 0.0696018 0.0932470 0.0945514 0.1025190 0.1316559 0.1822960 
S0046_G6995_R1_A 0.0972587 0.0839173 0.0747758 0.0803973 0.0798659 0.0752716 0.0782286 0.0693746 0.0925327 0.0837544 0.0764600 0.0936825 0.0919046 0.1054257 0.1076763 0.0796644 0.0696018 0.0000000 0.1017994 0.1022416 0.0834200 0.0970548 0.2100733 
S0048_G6995_R1_A 0.0404993 0.1024590 0.1006709 0.1015431 0.0997240 0.0970298 0.1005976 0.1141851 0.1104019 0.1206655 0.1035333 0.1118223 0.0991518 0.1256179 0.1347882 0.1039838 0.0932470 0.1017994 0.0000000 0.1192843 0.1426373 0.1699419 0.2414021 
S0012_G6995_R1_A 0.1203209 0.1061184 0.1031181 0.1102282 0.1007473 0.0997541 0.1003148 0.1108786 0.1142193 0.1138097 0.1059539 0.1199969 0.1034680 0.1294911 0.1331858 0.1075781 0.0945514 0.1022416 0.1192843 0.0000000 0.1379442 0.1767615 0.2156961 
S0004_G6995_R1_A 0.1425204 0.1238782 0.1063655 0.1234723 0.1200152 0.1149925 0.1158516 0.1044086 0.1239714 0.1175641 0.1095974 0.1260801 0.1309687 0.1328949 0.1506081 0.1203290 0.1025190 0.0834200 0.1426373 0.1379442 0.0000000 0.1480097 0.2439698 
S0031_G6995_R1_A 0.1725437 0.1592786 0.1392547 0.1617848 0.1510631 0.1585015 0.1534953 0.1443978 0.1630252 0.1559923 0.1530608 0.1288264 0.1672469 0.1572132 0.1760263 0.1632717 0.1316559 0.0970548 0.1699419 0.1767615 0.1480097 0.0000000 0.2595298 
S0005_G6995_R1_A 0.2443780 0.2088343 0.2069239 0.2091394 0.2035439 0.2121789 0.2055288 0.2115234 0.2128211 0.2230027 0.2064954 0.2282067 0.2266386 0.2352142 0.2321115 0.2029128 0.1822960 0.2100733 0.2414021 0.2156961 0.2439698 0.2595298 0.0000000 
