23
S0017_G7577_R1_A 0.0000000 0.0779784 0.0837669 0.0832861 0.0944106 0.0896412 0.0865454 0.0781493 0.0981592 0.1004325 0.1036167 0.1157515 0.1062815 0.1207007 0.1271891 0.0938546 0.0882859 0.0949548 0.0887537 0.0832620 0.1524066 0.0731037 0.2074574 
S0030_G7577_R1_A 0.0779784 0.0000000 0.0666925 0.0617683 0.0703362 0.0620246 0.0683519 0.0578907 0.0758331 0.0786222 0.0820967 0.0930914 0.0816230 0.1017161 0.1095263 0.0717394 0.0638432 0.0743693 0.0646866 0.0600661 0.1383229 0.0577710 0.2104117 
S0021_G7577_R1_A 0.0837669 0.0666925 0.0000000 0.0230209 0.0731753 0.0692538 0.0670919 0.0662949 0.0785842 0.0809186 0.0844136 0.0949155 0.0833610 0.1125861 0.1081723 0.0761212 0.0673093 0.0749694 0.0692329 0.0622851 0.1382084 0.0586026 0.2004190 
S0021_G7577_R2_A 0.0832861 0.0617683 0.0230209 0.0000000 0.0699352 0.0654923 0.0615984 0.0613551 0.0753629 0.0793463 0.0822628 0.0922411 0.0806988 0.1092918 0.1030268 0.0717665 0.0593063 0.0709000 0.0659032 0.0589641 0.1325558 0.0510028 0.1961107 
S0004_G7577_R1_A 0.0944106 0.0703362 0.0731753 0.0699352 0.0000000 0.0524709 0.0737655 0.0677402 0.0856549 0.0924929 0.0965093 0.0868238 0.0718514 0.0994400 0.1127629 0.0821614 0.0727984 0.0817975 0.0740964 0.0706777 0.1446648 0.0680363 0.2068483 
S0016_G7577_R1_A 0.0896412 0.0620246 0.0692538 0.0654923 0.0524709 0.0000000 0.0686674 0.0641166 0.0834560 0.0850309 0.0912534 0.0798833 0.0671251 0.0910269 0.1097791 0.0759639 0.0680323 0.0800337 0.0688798 0.0654767 0.1424984 0.0611264 0.2108883 
S0046_G7577_R1_A 0.0865454 0.0683519 0.0670919 0.0615984 0.0737655 0.0686674 0.0000000 0.0657467 0.0814842 0.0836114 0.0873325 0.0963016 0.0822870 0.1097337 0.1152561 0.0755321 0.0695072 0.0760131 0.0703556 0.0639034 0.1411651 0.0648212 0.1989014 
S0022_G7577_R1_A 0.0781493 0.0578907 0.0662949 0.0613551 0.0677402 0.0641166 0.0657467 0.0000000 0.0748755 0.0789854 0.0835839 0.0907376 0.0777874 0.0986115 0.1060764 0.0725197 0.0606077 0.0733676 0.0629694 0.0554533 0.1376457 0.0547485 0.1999689 
S0013_G7577_R1_A 0.0981592 0.0758331 0.0785842 0.0753629 0.0856549 0.0834560 0.0814842 0.0748755 0.0000000 0.0825633 0.0862067 0.1094538 0.0923826 0.1220241 0.1124362 0.0830812 0.0760098 0.0853036 0.0763057 0.0722011 0.1526643 0.0707118 0.2197330 
S0048_G7577_R1_A 0.1004325 0.0786222 0.0809186 0.0793463 0.0924929 0.0850309 0.0836114 0.0789854 0.0825633 0.0000000 0.0127228 0.1121077 0.1014111 0.1285401 0.1181872 0.0904374 0.0763277 0.0871236 0.0816122 0.0728436 0.1578599 0.0727111 0.2221892 
S0050_G7577_R1_A 0.1036167 0.0820967 0.0844136 0.0822628 0.0965093 0.0912534 0.0873325 0.0835839 0.0862067 0.0127228 0.0000000 0.1183513 0.1086122 0.1315752 0.1248101 0.0956394 0.0803567 0.0918407 0.0853324 0.0754938 0.1665286 0.0751050 0.2157032 
S0018_G7577_R1_A 0.1157515 0.0930914 0.0949155 0.0922411 0.0868238 0.0798833 0.0963016 0.0907376 0.1094538 0.1121077 0.1183513 0.0000000 0.0456178 0.0908735 0.1331161 0.1014360 0.0962949 0.1048776 0.0925195 0.0896259 0.1678053 0.0861410 0.2382104 
S0031_G7577_R1_A 0.1062815 0.0816230 0.0833610 0.0806988 0.0718514 0.0671251 0.0822870 0.0777874 0.0923826 0.1014111 0.1086122 0.0456178 0.0000000 0.0796986 0.1195866 0.0904481 0.0813539 0.0953945 0.0835278 0.0786849 0.1493629 0.0796253 0.2267183 
S0037_G7577_R1_U 0.1207007 0.1017161 0.1125861 0.1092918 0.0994400 0.0910269 0.1097337 0.0986115 0.1220241 0.1285401 0.1315752 0.0908735 0.0796986 0.0000000 0.1460968 0.1149066 0.1057391 0.1139507 0.1094960 0.1052485 0.1826466 0.1016118 0.2443026 
S0012_G7577_R1_A 0.1271891 0.1095263 0.1081723 0.1030268 0.1127629 0.1097791 0.1152561 0.1060764 0.1124362 0.1181872 0.1248101 0.1331161 0.1195866 0.1460968 0.0000000 0.1221296 0.1121899 0.1186970 0.1117011 0.1075171 0.1774756 0.1024629 0.2338334 
S0002_G7577_R1_A 0.0938546 0.0717394 0.0761212 0.0717665 0.0821614 0.0759639 0.0755321 0.0725197 0.0830812 0.0904374 0.0956394 0.1014360 0.0904481 0.1149066 0.1221296 0.0000000 0.0640704 0.0697453 0.0562525 0.0517506 0.1432277 0.0517367 0.2168081 
S0028_G7577_R1_A 0.0882859 0.0638432 0.0673093 0.0593063 0.0727984 0.0680323 0.0695072 0.0606077 0.0760098 0.0763277 0.0803567 0.0962949 0.0813539 0.1057391 0.1121899 0.0640704 0.0000000 0.0706414 0.0633038 0.0585868 0.1347561 0.0603251 0.2094471 
S0011_G7577_R1_A 0.0949548 0.0743693 0.0749694 0.0709000 0.0817975 0.0800337 0.0760131 0.0733676 0.0853036 0.0871236 0.0918407 0.1048776 0.0953945 0.1139507 0.1186970 0.0697453 0.0706414 0.0000000 0.0598644 0.0543382 0.1537815 0.0512842 0.1995361 
S0020_G7577_R1_A 0.0887537 0.0646866 0.0692329 0.0659032 0.0740964 0.0688798 0.0703556 0.0629694 0.0763057 0.0816122 0.0853324 0.0925195 0.0835278 0.1094960 0.1117011 0.0562525 0.0633038 0.0598644 0.0000000 0.0383970 0.1429743 0.0260671 0.2029495 
S0036_G7577_R1_A 0.0832620 0.0600661 0.0622851 0.0589641 0.0706777 0.0654767 0.0639034 0.0554533 0.0722011 0.0728436 0.0754938 0.0896259 0.0786849 0.1052485 0.1075171 0.0517506 0.0585868 0.0543382 0.0383970 0.0000000 0.1393976 0.0351650 0.2025360 
S0026_G7577_R1_A 0.1524066 0.1383229 0.1382084 0.1325558 0.1446648 0.1424984 0.1411651 0.1376457 0.1526643 0.1578599 0.1665286 0.1678053 0.1493629 0.1826466 0.1774756 0.1432277 0.1347561 0.1537815 0.1429743 0.1393976 0.0000000 0.1496117 0.2869403 
S0019_G7577_R1_A 0.0731037 0.0577710 0.0586026 0.0510028 0.0680363 0.0611264 0.0648212 0.0547485 0.0707118 0.0727111 0.0751050 0.0861410 0.0796253 0.1016118 0.1024629 0.0517367 0.0603251 0.0512842 0.0260671 0.0351650 0.1496117 0.0000000 0.1960708 
S0005_G7577_R1_A 0.2074574 0.2104117 0.2004190 0.1961107 0.2068483 0.2108883 0.1989014 0.1999689 0.2197330 0.2221892 0.2157032 0.2382104 0.2267183 0.2443026 0.2338334 0.2168081 0.2094471 0.1995361 0.2029495 0.2025360 0.2869403 0.1960708 0.0000000 
